19.44
18.528
21.216
18.704
21.152
19.44
19.44
23.44
18.528
19.616
19.44
18.528
24.816
19.504
21.152
19.44
18.528
24.816
18.704
23.792
18.48
18.44
25.928
19.44
18.528
24.728
32.216
18.44
19.528
18.616
21.152
32.24
19.728
19.44
24.928
19.616
19.44
24.928
19.616
28.728
21.152
19.44
18.528
18.44
19.528
26.216
24.904
32.392
31.48
18.568
18.44
23.528
18.44
19.528
18.44
28.728
18.44
23.528
21.416
18.904
18.44
21.152
28.728
19.44
18.528
32.016
18.44
32.016
24.728
18.44
19.528
29.016
31.304
23.592
18.68
32.568
32.056
25.944
19.44
21.328
19.616
25.904
23.792
25.28
29.568
21.856
32.944
26.032
18.72
25.008
32.496
19.184
19.44
19.44
19.44
21.328
19.616
18.704
24.992
32.08
28.768
25.728
21.152
25.84
19.728
21.216
28.728
18.44
28.728
21.416
31.304
19.592
21.48
19.44
28.928
24.816
21.504
32.592
21.28
19.568
18.656
23.744
19.632
18.72
21.808
29.296
26.784
20.272
28.728
18.616
32.504
19.992
19.08
24.568
20.456
29.144
18.632
19.44
23.44
25.728
19.44
21.152
18.64
18.44
21.152
32.24
28.728
25.728
18.44
18.44
18.44
25.928
24.728
32.016
23.44
18.528
28.816
23.504
32.016
32.016
25.728
32.016
25.104
21.392
31.016
28.904
19.992
21.88
20.168
19.656
25.944
19.832
31.32
29.208
20.296
32.984
29.272
25.56
25.448
21.336
28.728
21.416
19.704
18.792
29.08
26.168
18.856
18.744
19.44
28.928
32.416
24.728
21.152
18.44
25.728
19.616
32.304
19.44
28.928
21.616
28.728
25.816
32.104
19.592
18.44
24.728
25.816
18.44
24.728
32.016
18.44
32.016
28.728
18.616
32.504
21.592
29.08
25.368
22.056
23.944
25.432
21.72
28.728
18.616
26.104
28.792
18.44
18.44
28.728
18.616
21.304
25.992
23.88
32.016
28.728
18.616
19.44
24.928
18.44
28.728
18.616
24.904
28.792
19.44
24.928
24.816
19.504
19.44
31.016
18.504
19.592
31.08
24.968
18.856
32.344
25.432
25.32
19.208
31.496
20.184
18.472
24.728
31.016
26.104
29.192
18.44
31.128
21.416
25.728
28.728
25.016
21.704
26.392
20.28
19.368
22.456
24.744
21.032
19.72
24.728
18.44
24.728
21.152
19.44
18.44
18.44
19.44
21.152
19.44
32.128
18.44
24.728
18.616
28.904
31.192
23.48
21.368
29.256
25.144
28.728
28.728
19.44
28.928
18.816
19.504
24.992
19.44
24.928
32.416
19.504
31.016
23.704
19.992
19.88
26.168
24.056
25.544
26.632
22.12
26.808
21.496
18.984
20.072
29.56
24.248
22.136
25.728
18.44
21.152
24.728
21.152
21.152
24.728
18.616
19.44
19.44
24.928
26.016
21.504
19.792
18.88
29.168
28.728
18.616
32.104
25.992
21.48
25.368
21.656
19.144
25.432
32.92
19.608
26.696
18.584
18.472
25.728
21.216
32.304
19.792
18.48
31.016
18.504
24.792
25.88
32.016
18.44
18.44
21.152
18.44
28.728
19.44
24.928
18.816
32.016
19.504
25.728
19.44
18.528
19.616
29.104
25.392
24.88
21.568
32.656
29.344
19.232
33.12
19.408
19.296
32.384
18.672
19.76
25.248
21.936
19.44
25.728
19.616
32.016
19.504
18.592
28.88
25.968
32.656
25.744
32.032
25.92
19.808
18.896
18.784
18.44
23.528
19.816
21.704
23.992
19.08
21.368
18.44
19.528
19.44
31.016
18.44
21.152
28.728
24.728
32.216
18.904
25.192
18.68
31.368
19.44
28.728
25.016
26.104
19.992
29.08
18.968
31.256
25.944
25.832
21.32
25.208
25.728
19.616
29.104
18.592
19.68
24.728
19.44
28.928
18.816
24.728
32.016
28.728
18.44
31.128
19.44
28.928
28.728
25.816
21.304
18.792
18.68
28.968
26.456
25.544
29.432
26.52
22.008
25.896
29.784
19.672
26.36
32.648
19.336
21.624
26.312
21.8
19.288
24.376
19.464
20.552
28.84
28.728
19.44
18.44
19.528
25.728
24.816
23.44
24.728
23.44
32.128
32.016
25.904
21.392
31.28
21.568
19.456
24.728
32.016
18.704
21.152
25.84
28.928
18.816
19.904
29.392
25.68
19.568
25.856
19.744
29.232
19.12
20.208
31.016
24.904
19.592
19.48
18.568
21.656
19.944
21.432
26.12
29.208
28.728
21.416
26.104
19.992
32.68
18.968
20.056
19.144
32.632
29.32
19.608
32.296
19.784
19.672
23.56
19.848
32.136
19.624
25.728
18.44
19.528
18.44
18.44
19.528
29.016
21.152
21.152
24.728
25.816
28.904
18.792
19.88
24.968
21.256
31.144
19.832
21.152
19.44
18.44
19.528
18.44
24.728
28.728
23.44
19.44
32.128
21.616
25.104
19.44
18.528
32.016
18.704
24.728
25.816
18.504
18.44
31.016
23.44
24.928
18.44
24.728
18.616
19.704
28.792
21.152
32.24
24.928
24.728
24.728
32.016
28.728
32.216
24.904
18.44
19.528
32.216
21.152
31.016
28.904
18.792
25.08
26.168
20.056
26.344
24.232
31.72
19.208
18.696
23.44
19.728
25.216
23.504
19.44
31.016
28.728
32.016
21.152
32.24
21.152
25.84
28.928
18.816
32.704
20.192
32.48
25.168
29.056
21.744
20.032
19.92
19.008
18.896
23.984
24.728
32.216
19.44
19.44
18.528
28.728
32.216
32.104
24.728
19.44
28.928
18.44
19.528
32.216
32.016
18.704
19.792
21.68
21.168
25.856
25.728
21.216
32.304
26.192
32.08
25.968
18.656
26.144
25.728
32.016
21.152
21.152
28.728
31.016
32.504
23.44
18.528
19.616
25.104
18.992
25.28
21.568
18.44
19.44
18.528
18.44
28.728
26.216
25.304
29.192
26.28
25.368
20.056
19.544
26.632
23.72
19.44
25.728
19.616
19.504
18.592
28.728
23.44
24.728
19.44
21.328
18.44
21.152
19.44
18.528
28.816
21.504
19.792
31.016
19.704
18.44
25.928
19.44
24.928
23.44
21.328
18.44
28.728
19.44
25.728
18.44
21.152
23.44
28.928
32.416
23.44
19.728
18.816
19.904
19.44
19.44
28.728
19.44
19.44
28.928
18.44
24.728
18.616
19.704
28.728
25.728
19.616
25.904
28.728
25.016
32.504
18.792
32.68
21.368
21.152
18.64
23.728
32.416
29.104
18.992
18.48
32.016
18.704
18.44
28.728
26.216
31.304
29.192
20.28
31.768
26.456
24.744
19.44
18.44
19.528
26.216
19.704
18.44
28.728
25.816
32.504
18.44
19.528
21.416
24.904
31.592
26.28
29.368
26.456
21.152
18.64
19.728
18.816
21.504
21.392
32.48
19.168
25.728
25.728
23.616
28.728
18.616
31.304
19.992
32.016
25.904
23.44
19.728
18.816
23.904
20.192
26.88
21.968
26.656
18.944
18.832
23.44
19.44
18.528
19.616
23.44
28.928
19.44
32.128
19.616
32.304
23.792
18.88
21.568
19.056
31.344
32.432
29.12
19.008
31.696
20.384
29.472
28.96
26.048
21.152
19.44
18.528
28.816
18.704
24.728
25.728
21.216
32.016
21.152
18.64
18.44
19.528
25.816
28.904
24.792
32.28
32.168
18.856
19.44
28.928
19.616
21.504
19.44
24.928
25.728
19.616
18.44
31.128
24.728
28.728
19.44
18.44
25.928
31.016
24.904
19.992
28.728
23.44
19.728
24.816
32.304
18.992
32.016
18.704
28.728
25.016
21.304
25.992
19.48
28.728
25.016
23.704
19.992
21.88
25.768
19.44
18.528
21.216
32.304
19.792
19.44
32.128
21.616
19.904
24.728
32.216
24.904
19.592
19.48
19.44
32.128
28.728
25.016
31.304
21.152
21.152
32.24
18.928
24.016
32.704
25.728
32.016
18.44
19.528
28.728
19.44
18.528
28.816
18.704
26.192
26.08
19.44
32.128
18.816
32.304
21.152
28.728
31.016
28.728
25.016
21.704
29.192
21.48
19.768
31.256
29.144
32.232
19.72
29.208
25.496
29.384
26.472
32.016
25.904
23.792
18.44
21.152
31.04
24.928
24.728
19.44
18.528
28.728
25.016
18.904
23.992
19.08
24.168
21.256
25.944
19.832
18.52
19.608
19.496
18.584
26.072
25.96
32.248
28.936
32.424
19.912
19.8
21.288
18.44
32.016
19.504
25.792
19.44
24.928
28.816
18.704
28.728
18.616
31.016
23.44
19.44
25.728
19.44
19.44
24.728
18.616
18.504
18.44
18.44
21.152
24.728
25.816
18.504
21.152
25.84
31.016
28.904
18.44
19.528
18.44
31.016
18.504
18.44
24.728
19.44
28.728
19.44
25.728
18.44
32.016
25.904
19.792
26.08
32.368
19.056
25.744
18.44
25.728
19.616
32.304
21.792
26.08
23.968
26.256
24.144
29.632
19.44
18.528
21.152
19.44
25.728
21.216
19.504
24.728
19.44
18.528
21.616
18.44
25.728
23.44
18.44
18.44
31.016
24.904
21.592
24.728
19.44
31.016
18.504
21.592
26.28
32.568
31.016
18.504
19.44
19.44
19.44
19.44
28.928
23.44
19.728
19.616
25.728
31.016
32.104
19.592
29.08
26.168
31.656
24.344
20.632
20.52
19.608
32.696
18.584
18.44
32.016
25.904
21.392
32.08
24.768
25.728
32.016
19.44
19.44
21.152
19.44
18.528
18.44
23.528
28.728
32.216
28.904
19.592
32.68
26.168
32.856
19.144
19.44
18.528
24.816
19.44
24.928
18.816
32.304
26.592
32.48
25.168
23.856
32.544
29.232
19.12
32.608
19.296
32.016
18.704
28.992
18.88
18.44
24.728
25.728
24.728
21.416
21.152
25.728
19.616
32.304
32.192
19.68
18.768
21.856
31.744
26.432
22.32
19.408
20.896
24.784
30.272
33.36
20.448
19.536
19.424
25.712
19.6
32.688
19.44
31.016
19.44
19.44
21.152
32.24
19.728
19.616
19.44
32.016
18.704
23.44
18.44
32.016
23.504
24.992
18.88
19.968
32.656
19.344
32.032
23.92
31.016
18.504
32.016
18.704
19.792
26.48
23.968
25.856
21.344
26.032
32.32
19.808
28.896
18.784
19.872
19.44
25.728
28.816
19.504
19.44
28.928
25.216
18.44
18.44
18.44
28.728
32.016
18.704
28.728
24.728
25.816
23.704
19.992
19.88
28.968
26.056
19.944
32.632
22.12
29.608
20.696
20.584
30.072
32.36
21.048
22.936
20.024
33.112
26.6
26.088
19.576
20.664
28.952
18.84
19.928
32.616
21.704
19.592
19.48
32.168
24.856
31.016
19.704
19.592
32.016
18.44
21.152
25.84
18.528
21.216
19.504
18.592
32.016
18.704
19.792
32.08
25.968
18.656
19.744
32.432
19.12
21.408
28.896
25.184
31.472
18.56
24.848
18.736
28.728
19.44
32.128
21.616
26.304
29.392
19.44
18.44
31.128
18.616
20.104
24.792
23.44
19.44
28.928
18.816
18.704
19.792
25.28
19.168
24.256
26.944
33.232
19.52
29.408
24.096
31.184
19.472
24.728
19.44
19.44
25.728
18.44
23.528
28.728
19.44
18.528
24.816
32.304
24.728
24.728
21.416
23.44
32.016
19.44
19.44
19.44
32.128
23.616
19.504
28.728
19.44
28.928
24.728
31.016
25.728
31.216
29.104
25.792
19.68
21.568
29.056
21.744
29.232
26.32
20.208
29.696
25.584
21.472
19.44
28.928
19.44
19.44
18.44
21.152
25.84
18.528
26.016
19.504
18.592
32.08
28.768
25.728
18.44
19.44
23.44
19.44
28.928
21.616
32.704
18.44
19.528
28.728
18.44
25.728
31.216
28.728
21.416
18.904
21.592
19.08
24.968
32.456
24.728
31.016
26.104
28.792
18.68
18.568
24.728
21.416
21.304
28.792
24.728
24.728
21.416
18.904
19.592
18.68
21.768
26.056
18.744
29.032
18.92
20.008
18.696
31.384
26.472
25.728
19.616
18.44
25.928
24.728
32.216
26.104
21.152
19.44
18.44
31.128
26.216
21.304
24.792
23.44
18.44
21.152
31.016
18.504
21.592
18.44
24.728
21.416
18.504
25.728
21.216
19.504
28.728
25.816
19.704
25.192
31.48
18.568
18.456
19.544
18.632
21.32
18.44
19.44
32.016
25.728
28.728
19.44
28.928
18.816
25.104
18.992
32.08
19.44
28.728
18.616
19.44
18.528
24.816
32.304
26.192
26.08
25.728
19.616
25.104
19.792
18.48
31.168
23.856
20.144
20.032
18.44
25.928
18.616
18.504
24.792
19.44
24.928
23.44
19.728
32.416
24.728
31.016
28.904
19.992
32.28
24.968
19.656
25.944
25.032
19.44
19.44
21.152
18.64
18.528
23.44
21.328
28.816
25.728
25.728
21.152
23.44
19.44
19.44
31.016
19.44
24.928
21.616
19.504
19.44
24.928
32.416
19.904
25.392
28.88
25.168
19.856
18.944
31.632
23.44
19.44
25.728
28.728
19.44
18.528
24.728
18.616
32.104
25.192
19.88
19.368
25.256
21.944
19.432
29.72
26.008
32.296
19.784
18.872
25.16
19.44
21.152
23.44
18.528
28.816
25.104
28.728
19.44
18.528
31.216
24.728
25.728
18.44
24.728
21.416
25.728
18.44
32.016
19.504
25.792
21.28
18.768
23.456
21.152
24.728
24.728
18.616
28.904
21.192
21.152
25.728
23.44
32.128
31.216
18.44
25.728
23.616
19.904
28.728
21.416
32.504
19.992
23.88
19.768
25.256
25.728
19.616
28.728
25.816
25.728
21.152
18.44
25.728
28.816
24.728
18.616
32.104
25.728
18.44
18.44
24.728
18.616
25.728
28.816
25.104
25.792
23.44
32.128
28.728
32.016
18.704
24.728
25.728
31.216
23.904
18.992
29.68
29.168
21.456
18.944
25.232
21.92
19.008
32.096
28.784
19.472
19.44
32.128
19.616
19.504
24.728
31.016
19.44
28.728
19.44
28.928
28.816
19.504
18.44
32.016
32.016
28.728
25.816
31.016
28.904
28.792
25.08
18.568
19.656
25.144
24.728
21.416
31.016
24.904
18.792
23.88
24.968
19.44
25.728
32.016
18.704
19.792
26.08
23.968
25.056
19.744
29.232
19.52
18.608
26.096
32.384
32.272
25.728
19.616
29.104
19.792
26.08
25.168
19.856
19.344
20.032
19.52
32.016
28.728
25.728
19.616
25.104
18.992
32.48
19.168
29.456
22.144
22.032
19.92
19.808
32.096
18.784
18.44
31.016
21.304
25.992
23.88
18.568
31.256
25.728
28.728
31.016
23.704
19.592
19.44
18.528
19.616
19.44
21.152
32.24
18.44
25.728
19.44
28.928
21.616
31.504
28.992
23.68
18.768
28.728
25.016
32.104
21.152
32.24
18.928
19.616
21.152
32.24
28.928
26.016
31.504
26.192
19.68
25.168
26.256
29.344
18.44
24.728
24.728
21.416
23.44
32.016
18.704
19.792
29.28
19.168
26.256
31.016
23.704
19.992
25.88
23.768
18.44
19.528
26.216
28.904
25.192
24.728
25.728
32.016
18.704
19.792
24.08
19.168
23.856
19.44
19.44
24.728
32.216
28.904
21.192
24.728
24.728
19.44
21.152
18.64
18.44
19.44
31.016
24.728
31.016
24.904
18.792
19.88
25.368
20.056
29.544
19.032
23.72
20.008
29.496
32.584
19.272
19.16
18.44
28.728
25.728
21.216
24.728
18.616
23.704
19.592
32.016
18.704
23.792
18.88
32.768
20.256
32.944
18.832
19.92
31.408
20.096
29.184
26.272
25.36
26.448
19.936
25.024
28.912
25.2
25.088
18.576
19.44
18.528
26.016
21.152
18.44
18.44
25.928
25.816
21.304
32.392
25.08
26.168
26.056
23.944
19.832
19.44
18.528
23.44
21.152
18.44
23.528
19.44
19.44
25.728
32.016
25.904
19.792
24.88
19.568
25.856
24.944
24.832
23.52
21.408
18.896
29.584
33.072
32.56
19.248
19.136
20.224
24.912
25.728
23.616
18.704
19.792
21.68
25.728
19.44
28.928
18.44
18.44
21.152
18.64
21.328
24.816
32.304
18.44
19.528
31.016
23.704
18.792
20.28
19.44
32.128
28.816
32.304
19.792
19.44
31.016
28.904
19.592
24.728
19.44
18.528
31.216
28.728
21.416
18.504
18.44
24.728
25.816
21.152
32.24
19.728
24.016
25.904
28.992
23.68
24.768
32.256
19.744
32.432
19.52
24.728
18.616
19.44
18.44
19.528
18.616
24.904
23.44
28.728
18.616
28.728
32.016
28.728
18.616
26.104
25.992
21.48
24.728
32.016
19.504
25.728
28.816
18.704
31.392
24.08
32.768
31.456
18.544
19.632
26.32
23.808
24.896
25.984
29.072
23.44
24.728
25.816
19.704
29.192
25.728
19.616
32.016
18.704
19.792
29.28
21.968
20.256
19.344
24.832
19.52
25.008
24.896
19.44
19.44
19.44
18.528
21.616
29.104
20.192
19.28
20.368
19.456
26.944
32.432
32.016
18.704
19.792
19.68
18.768
21.456
18.944
32.432
29.12
19.44
32.016
28.728
18.616
19.704
18.792
19.88
18.44
24.728
18.44
21.152
19.44
21.152
32.24
19.44
19.44
25.728
32.016
18.704
19.792
26.48
19.168
21.152
18.64
23.728
25.728
32.016
19.504
18.592
26.08
24.768
19.44
18.528
32.016
18.704
19.792
26.48
21.968
31.456
18.944
21.632
19.92
19.008
18.896
21.184
24.728
18.616
26.104
28.792
19.08
32.016
28.728
32.216
28.904
23.44
19.728
18.44
18.44
23.528
21.152
19.44
18.528
23.616
19.904
26.192
18.88
25.168
24.728
21.152
18.64
24.928
18.816
19.904
21.792
18.88
21.568
26.256
20.144
18.44
18.44
19.528
19.44
21.152
32.24
18.44
24.728
21.416
24.904
21.592
29.08
19.768
18.856
29.144
21.832
20.12
32.808
19.096
18.984
19.44
18.528
18.44
18.44
18.44
18.44
25.928
31.016
25.304
29.192
23.88
29.368
31.256
19.944
24.728
19.44
25.728
19.44
32.128
19.44
25.728
31.216
18.704
24.992
26.08
19.968
19.056
22.144
25.232
26.32
19.008
24.096
19.184
25.472
26.56
32.016
32.016
28.728
25.816
19.44
25.728
18.44
19.44
24.728
18.616
26.104
23.592
19.08
32.168
18.856
25.144
19.832
32.12
18.808
18.44
23.528
26.216
18.904
19.992
19.08
24.168
29.256
19.144
33.032
25.72
30.008
19.896
33.784
19.272
32.76
29.048
32.536
18.824
21.152
25.84
18.528
19.44
21.328
32.016
19.44
19.44
23.44
24.928
18.44
32.016
21.152
31.016
24.904
19.992
19.48
18.568
19.44
18.44
21.152
18.64
24.928
32.416
19.104
18.592
18.44
24.728
18.616
18.504
23.592
32.28
23.768
29.256
31.144
19.44
18.44
19.528
25.016
18.904
19.992
21.88
18.568
19.44
32.128
26.016
32.016
32.016
19.504
18.592
19.68
19.44
19.44
21.152
19.44
21.152
28.728
32.016
25.904
32.192
18.48
25.728
21.216
25.104
23.792
19.68
18.768
18.656
18.544
18.44
18.44
32.016
25.904
18.592
23.68
18.768
32.256
18.944
25.728
19.44
21.328
19.44
28.728
25.816
19.704
31.016
19.44
31.016
21.304
32.016
23.504
25.728
32.016
21.152
18.44
32.016
18.704
26.192
18.48
19.44
18.528
19.44
24.928
18.816
29.104
32.192
18.88
31.168
18.656
28.944
26.032
21.52
26.208
29.296
19.984
29.472
19.36
22.448
27.136
29.024
32.512
32.016
19.44
21.152
32.24
19.728
31.016
32.104
21.192
19.48
25.768
19.656
32.344
23.44
28.928
18.44
19.528
18.616
18.504
18.44
28.728
18.44
32.016
18.704
32.016
25.904
32.016
18.704
25.728
32.016
31.016
24.904
31.192
31.08
31.016
28.904
25.192
31.016
31.016
19.704
19.592
23.44
28.928
28.816
18.44
28.728
24.728
24.728
18.616
24.904
28.792
31.016
18.504
24.792
18.68
23.768
20.056
19.144
29.432
22.12
26.008
33.496
32.184
33.272
19.96
32.648
30.136
26.424
26.312
26.2
19.688
19.576
32.264
25.752
22.44
19.928
27.416
20.104
32.392
27.08
24.968
32.456
18.744
32.232
19.72
25.208
21.896
18.44
23.44
18.528
28.816
18.704
19.792
26.08
24.728
18.616
28.904
18.792
18.44
18.44
25.728
31.216
25.104
26.192
21.68
19.168
26.656
21.152
24.728
19.44
18.528
21.152
32.24
32.128
23.616
18.44
28.728
19.44
24.728
24.728
31.016
18.504
18.44
19.44
21.152
32.24
18.928
18.44
25.928
32.216
19.704
25.192
18.44
31.016
28.904
25.992
29.08
26.168
21.256
32.016
25.904
32.192
19.68
19.568
29.056
32.544
20.032
19.12
19.008
26.496
32.016
18.44
23.528
18.616
29.304
24.792
25.728
19.44
31.016
19.704
28.792
19.88
18.968
23.44
31.016
24.904
19.592
21.48
26.168
25.728
31.216
28.728
19.44
28.928
25.728
25.728
18.44
23.528
21.152
18.64
19.44
24.928
24.816
23.44
24.928
18.816
29.104
21.392
25.728
21.216
25.904
19.792
18.88
23.568
19.856
29.344
25.232
33.12
20.208
20.096
32.784
26.272
19.76
19.648
29.136
25.728
32.016
24.728
25.816
19.44
19.44
19.44
24.728
19.44
19.44
28.928
18.44
32.016
32.016
19.44
25.728
19.44
24.928
28.816
31.016
28.728
19.44
18.44
32.016
18.704
21.392
32.48
26.368
32.656
19.344
29.632
25.52
24.208
19.296
29.984
19.472
19.36
29.648
26.336
19.024
25.312
31.6
32.688
25.776
31.016
19.704
19.44
24.928
32.016
19.504
32.016
28.728
32.216
18.504
28.728
25.816
23.704
19.592
28.728
31.016
25.728
23.44
23.44
19.728
18.816
18.704
28.992
28.88
21.152
21.152
25.84
32.128
26.016
19.904
29.392
19.68
25.168
21.856
24.728
32.216
32.104
24.792
21.48
28.968
18.44
19.528
18.44
24.728
32.216
18.904
19.992
32.68
26.568
19.256
19.144
26.632
32.92
24.408
19.896
25.384
26.472
21.96
20.248
25.736
19.624
25.912
19.8
29.688
29.176
32.664
32.152
19.64
18.44
19.528
18.616
28.728
18.616
18.504
21.192
32.28
19.44
18.528
24.816
19.44
28.928
23.44
19.728
26.016
19.44
18.44
18.44
31.128
25.816
24.728
21.416
18.904
32.392
31.016
32.104
19.992
21.48
19.768
26.056
21.944
18.632
19.72
28.728
18.44
21.152
19.44
31.016
31.016
25.728
31.216
23.904
18.992
20.48
19.968
21.456
32.544
19.44
18.528
31.016
23.704
25.192
20.28
19.368
29.656
31.944
29.832
20.92
24.808
30.296
20.984
33.272
20.36
19.048
25.336
21.624
31.112
18.44
32.016
19.504
32.016
32.016
19.504
28.728
18.44
25.928
31.016
26.104
19.992
25.48
19.368
20.056
18.744
18.632
25.728
19.44
28.928
19.616
25.104
32.592
31.68
29.568
20.656
26.944
30.032
26.32
21.008
20.496
19.184
29.472
25.36
26.048
18.736
19.824
29.312
24
32.016
19.44
24.928
21.216
21.152
28.728
18.44
25.928
21.416
19.704
25.992
23.88
21.768
19.256
18.744
23.832
19.44
31.016
28.904
24.792
18.68
26.168
18.856
32.344
21.432
18.92
18.808
25.096
18.584
26.072
24.728
21.416
23.704
28.792
18.44
32.016
18.704
19.792
18.48
25.728
19.616
18.704
19.44
18.528
28.816
18.704
19.792
23.68
24.728
32.016
19.504
19.44
21.328
19.616
19.504
18.592
19.68
29.168
19.056
32.144
19.44
18.528
18.44
19.528
31.016
25.728
18.44
32.016
19.44
18.528
19.44
24.928
19.44
28.728
25.816
25.728
19.616
32.304
19.792
21.68
18.44
18.44
24.728
24.728
21.152
18.64
25.728
31.216
23.904
25.392
20.08
26.368
19.456
32.144
32.032
19.52
32.208
26.096
19.984
19.472
32.16
24.848
19.536
25.824
19.712
18.8
19.44
18.528
19.616
25.728
18.44
24.728
32.216
18.504
19.592
29.08
19.768
31.256
21.544
19.832
19.72
32.016
28.728
18.616
25.728
18.44
19.528
21.416
32.104
19.992
26.28
22.168
25.656
22.344
31.016
19.704
24.792
21.88
31.768
19.656
19.544
19.44
32.016
24.728
18.616
24.728
21.416
18.44
19.44
18.44
23.528
19.816
25.304
21.992
29.48
26.568
24.456
20.344
29.432
29.32
20.008
18.696
25.728
21.152
24.728
23.44
24.928
18.44
21.152
18.44
31.128
18.616
31.016
24.728
18.44
19.44
18.528
19.44
32.128
24.816
19.44
28.728
31.016
28.904
19.592
25.08
28.968
25.256
18.744
29.032
28.92
28.808
28.728
21.416
18.904
19.992
25.48
23.44
19.728
25.216
19.44
25.728
23.44
19.728
18.44
28.728
31.016
24.904
21.592
19.48
28.728
25.016
32.504
18.792
29.08
18.568
18.456
21.152
18.64
19.44
21.328
23.616
18.704
28.992
18.48
32.016
18.704
19.792
28.88
19.44
28.928
25.216
32.704
20.192
22.08
31.968
22.256
29.744
29.632
19.52
32.208
33.296
19.584
27.072
19.36
20.048
23.536
19.44
18.528
19.44
18.44
25.728
28.816
25.728
32.016
28.728
21.416
18.44
21.152
28.728
25.016
19.44
21.328
19.44
24.728
21.416
24.728
32.216
25.728
19.616
32.304
25.392
31.28
28.768
19.456
21.152
31.04
18.44
21.152
18.64
19.728
21.216
25.904
25.792
18.48
19.44
23.44
28.728
23.44
28.928
32.016
19.44
28.928
19.616
23.504
18.592
29.28
26.368
21.856
33.344
19.632
20.72
30.208
32.496
19.984
18.44
18.44
18.44
25.928
18.616
24.904
28.728
18.44
19.44
21.152
32.24
25.728
28.728
32.016
19.504
32.192
18.88
21.968
26.256
20.144
18.44
28.728
19.44
18.528
28.816
26.304
32.016
25.904
24.992
31.28
19.168
26.256
20.144
24.032
25.52
24.208
19.296
18.44
18.44
31.128
18.616
28.904
18.792
25.08
21.368
18.856
18.44
21.152
18.64
23.728
18.816
29.504
26.192
21.68
19.168
29.456
19.344
29.632
19.52
28.728
18.616
19.704
28.728
18.44
32.016
18.44
21.152
18.44
28.728
21.416
24.904
21.192
19.48
18.568
21.656
29.144
24.728
18.616
19.704
29.192
26.28
19.44
32.016
19.504
25.728
21.152
18.44
19.528
29.016
21.704
26.392
32.68
20.568
19.44
25.728
19.616
29.104
24.992
26.08
19.568
19.456
28.944
19.632
18.72
21.808
20.096
18.784
19.44
23.44
28.728
25.816
28.904
18.44
18.44
23.528
19.816
21.152
18.44
32.016
31.016
19.704
31.192
19.48
25.768
19.44
24.928
23.44
19.44
24.928
18.44
18.44
19.528
29.016
26.504
21.192
19.48
32.168
18.856
31.144
18.632
18.44
18.44
19.528
18.616
21.704
28.728
19.44
24.728
32.216
18.904
19.992
19.08
32.168
18.44
31.128
31.016
32.104
24.792
18.68
18.568
19.656
18.744
32.232
18.92
32.016
28.728
23.44
32.016
19.504
21.392
19.44
28.728
19.44
25.728
21.216
31.016
19.704
24.792
19.88
31.016
24.904
24.792
23.48
18.568
32.016
19.504
32.016
28.728
18.616
19.704
18.792
26.28
25.368
24.728
23.44
19.728
25.728
24.728
19.44
28.928
25.216
19.904
18.992
22.08
21.968
24.256
32.944
26.432
29.52
32.016
32.016
19.504
25.792
19.68
18.768
18.44
28.728
26.216
23.704
18.44
19.528
19.44
23.44
24.928
18.816
18.44
25.728
32.016
18.704
23.792
29.28
19.44
32.016
18.704
18.592
32.016
21.152
19.44
32.016
18.704
19.792
25.728
25.728
19.44
32.128
28.816
32.304
19.792
28.88
18.768
19.856
26.544
32.016
23.504
28.992
19.68
21.168
25.728
18.44
31.128
25.016
19.44
25.728
25.728
32.016
25.104
19.792
32.48
18.768
25.856
24.728
32.216
18.904
19.992
21.152
19.44
19.44
18.44
19.528
29.016
19.704
29.192
28.728
19.44
18.528
25.728
18.44
24.728
19.44
28.728
19.44
28.928
32.016
31.104
31.016
19.44
32.016
18.704
19.44
18.44
19.528
18.44
28.728
26.216
32.504
32.016
18.44
32.016
19.44
19.44
28.928
25.216
32.704
19.392
20.08
21.968
29.056
31.344
32.432
19.12
29.408
26.496
20.384
19.872
32.56
26.448
32.736
26.624
20.512
33.2
20.288
18.976
32.464
19.952
19.04
26.528
31.616
19.104
26.192
20.08
23.568
19.856
19.744
32.432
19.92
19.008
32.016
23.504
21.152
19.44
21.152
28.728
19.44
31.016
18.504
23.592
18.68
32.568
23.44
19.728
19.616
18.44
23.528
31.016
25.728
32.016
18.44
25.928
21.416
19.44
18.44
24.728
19.44
21.328
18.44
19.44
28.928
21.152
19.44
23.44
31.016
19.44
32.016
25.728
24.728
31.016
18.904
29.192
18.68
19.44
31.016
25.728
31.216
32.304
25.392
19.68
25.728
23.616
25.104
26.192
18.48
19.568
25.856
19.744
18.44
24.728
18.44
32.016
28.728
18.616
19.704
26.392
21.88
20.168
26.456
19.144
31.832
26.92
19.608
21.152
19.44
28.928
25.216
21.904
32.992
24.48
26.768
25.856
20.544
20.032
22.72
21.008
33.296
20.784
20.672
19.76
18.448
31.136
31.024
19.712
19.44
25.728
19.616
19.504
18.592
19.68
21.568
19.856
19.44
18.528
24.816
18.704
26.192
18.44
19.528
19.44
31.016
19.44
28.728
18.616
18.504
31.192
18.68
18.44
25.928
18.44
31.128
18.616
28.728
18.44
19.528
28.728
24.728
23.44
28.728
18.616
31.304
18.792
18.68
24.968
18.456
23.544
24.728
32.216
32.104
18.792
19.48
28.968
32.456
18.44
25.728
19.616
32.304
25.392
26.48
32.768
21.152
31.04
19.728
21.216
21.152
32.016
18.704
28.992
26.48
25.568
25.728
19.616
28.728
32.016
18.704
31.392
24.88
23.568
18.656
24.728
25.728
19.616
24.728
19.44
25.728
24.728
31.016
18.904
19.992
19.08
20.168
26.056
21.544
19.032
20.12
19.208
25.096
28.984
31.272
29.16
25.448
20.536
25.624
20.712
27
20.488
29.576
26.264
18.44
18.44
25.728
32.016
18.704
23.792
24.88
19.44
23.44
19.728
19.616
25.104
19.792
25.28
18.768
24.728
25.728
24.728
18.616
18.504
21.152
18.64
31.016
23.704
31.016
24.904
19.992
19.08
32.568
19.44
28.928
25.216
26.304
20.192
18.48
25.728
24.728
18.44
19.528
26.216
32.504
19.192
25.48
25.368
24.056
19.544
18.632
23.72
20.008
18.696
24.984
19.672
31.16
19.448
24.728
19.44
18.44
28.728
21.416
18.904
31.592
26.68
20.568
25.256
19.544
18.44
32.016
19.44
25.728
18.44
19.528
32.016
28.728
28.728
28.728
25.728
19.616
18.44
28.728
19.44
18.528
21.152
18.44
25.928
24.728
32.216
31.304
26.392
25.08
18.968
24.056
26.344
25.432
19.32
19.208
19.096
32.584
24.872
32.36
19.048
24.136
32.824
20.312
25.8
33.288
19.176
19.44
19.44
24.928
18.44
21.152
23.44
21.328
18.816
23.904
20.192
29.68
31.168
19.456
21.152
19.44
28.728
32.016
21.152
32.24
21.152
18.64
25.728
23.616
18.44
19.528
19.44
25.728
32.016
21.152
21.152
18.64
19.44
18.528
26.016
32.304
25.392
32.48
19.168
23.456
18.544
28.728
18.44
18.44
24.728
18.616
21.304
23.592
18.68
32.016
19.44
32.128
18.816
32.304
28.992
24.728
18.616
21.304
18.44
31.128
25.016
21.704
31.592
29.08
25.368
20.056
19.944
19.44
23.44
24.728
32.216
19.44
21.152
19.44
28.928
25.216
32.704
26.592
19.28
21.968
19.056
19.744
21.232
19.52
28.728
18.616
32.016
21.152
18.44
18.44
18.44
25.928
18.44
31.016
32.104
31.016
23.704
18.792
21.48
23.768
20.056
19.144
32.232
18.92
32.016
18.704
18.44
28.728
21.152
32.24
18.528
25.728
19.616
32.304
18.992
31.68
31.168
18.656
25.744
21.152
18.64
32.128
28.816
28.728
18.616
31.304
25.992
25.728
23.616
25.104
21.152
18.44
18.44
31.016
18.504
24.792
18.68
31.016
25.728
19.44
25.728
21.152
18.64
25.728
19.616
23.504
25.792
19.44
32.128
31.216
19.904
28.992
18.88
32.768
19.856
28.728
24.728
18.616
26.104
31.192
32.28
31.016
23.704
18.44
19.44
25.728
28.816
21.152
25.728
31.216
29.104
26.192
26.08
19.44
18.528
24.816
18.44
23.528
24.728
28.728
25.728
19.616
29.104
21.792
25.28
19.568
18.656
19.744
32.432
19.12
29.408
32.896
26.384
25.472
19.44
24.728
18.44
21.152
18.64
28.728
31.016
32.016
28.728
25.016
19.704
32.016
24.728
18.616
28.904
18.44
28.728
25.016
28.904
25.728
24.816
24.728
28.728
21.416
19.44
18.528
31.016
25.728
32.016
25.104
18.992
19.68
29.168
23.456
24.728
24.728
32.216
26.104
23.592
29.08
28.968
32.016
25.728
32.016
19.504
18.592
21.68
23.968
25.856
31.344
18.832
19.92
19.808
32.096
19.584
23.472
28.728
18.616
24.728
32.216
18.504
19.592
18.44
28.728
18.616
19.704
26.392
29.08
21.368
28.856
31.144
32.232
21.152
19.44
28.928
32.416
19.44
18.528
19.44
28.928
23.616
18.44
23.528
24.728
31.016
18.504
32.016
19.504
32.192
18.88
26.368
25.456
32.544
18.44
23.528
29.016
31.304
25.192
24.728
21.416
21.152
28.728
28.728
25.816
32.104
18.44
25.728
21.216
32.304
21.392
26.08
19.568
29.056
18.944
24.032
20.32
25.808
26.896
20.784
30.272
26.56
34.048
23.136
21.024
28.512
25.6
19.488
32.176
25.728
28.816
18.44
23.528
21.152
19.44
18.528
31.216
31.016
28.904
19.992
19.88
18.968
29.256
26.744
25.832
20.52
26.808
25.896
26.584
29.672
19.56
20.648
19.736
24.824
26.312
30.6
32.488
19.976
32.664
19.352
26.44
24.328
21.816
19.304
20.392
29.88
23.44
21.152
19.44
18.528
18.44
32.016
28.728
18.616
19.704
18.792
21.88
24.168
26.856
32.344
19.832
19.44
19.44
25.728
19.616
18.704
32.192
25.728
31.216
29.104
19.792
18.88
23.968
20.256
20.144
29.232
21.92
19.008
18.896
18.44
31.128
18.616
18.44
24.728
23.44
19.44
18.528
32.016
18.704
19.44
21.152
18.44
31.128
25.816
21.152
32.016
19.504
19.44
25.728
19.616
21.504
25.728
28.728
32.016
28.728
25.016
21.704
32.792
19.88
19.768
19.44
18.528
19.616
19.504
28.992
21.28
28.768
25.056
18.44
19.528
25.016
19.704
25.992
29.08
18.968
20.056
19.144
20.232
29.72
19.608
19.496
29.784
27.272
29.56
20.248
19.336
20.424
25.112
19
20.088
21.176
19.464
19.44
18.44
31.128
19.44
31.016
24.904
19.992
32.28
19.768
19.656
18.44
19.528
25.728
23.616
25.728
18.44
19.528
26.216
21.704
19.192
26.28
25.368
18.456
28.744
18.44
21.152
25.84
19.728
32.016
18.44
25.928
18.44
25.928
21.152
18.64
28.728
25.816
32.016
28.728
25.016
28.728
19.44
21.152
19.44
28.928
21.616
19.44
18.44
28.728
25.728
23.616
21.504
26.192
21.68
31.568
25.456
19.344
20.432
19.12
31.808
24.496
29.984
20.672
18.96
31.648
32.736
31.824
19.312
20.8
31.888
19.776
26.064
29.152
25.44
18.928
26.416
25.728
21.216
19.504
18.44
28.728
25.816
21.304
32.392
19.08
23.44
21.328
18.44
25.728
18.44
21.152
18.64
28.728
21.416
18.904
23.992
18.44
32.016
18.704
28.728
21.416
18.904
31.592
19.08
25.768
18.456
23.544
26.232
18.52
25.728
32.016
23.504
18.44
32.016
18.704
21.152
32.24
26.128
29.216
19.504
21.392
25.728
25.728
19.616
29.104
24.992
23.68
18.768
19.856
25.744
25.728
18.44
31.128
29.016
19.704
21.592
21.48
23.768
21.656
18.744
19.832
19.72
21.208
19.496
24.984
19.44
28.928
19.616
19.504
28.992
24.88
18.768
28.728
24.728
19.44
21.152
19.44
21.152
32.24
23.44
19.44
18.44
24.728
19.44
21.328
23.616
18.44
23.44
28.928
18.44
18.44
19.528
26.216
18.504
18.44
19.528
25.016
18.904
24.728
18.616
18.44
18.44
28.728
19.44
25.728
18.44
32.016
18.704
28.728
25.016
18.904
25.192
19.88
29.368
25.256
18.744
32.232
32.12
18.808
18.696
23.784
20.072
25.16
19.048
19.736
18.824
18.44
25.728
19.616
28.728
18.44
31.128
18.616
20.104
18.44
18.44
18.44
24.728
28.728
28.728
32.016
19.44
18.44
25.728
21.216
32.304
21.152
23.44
19.728
28.728
18.44
19.44
28.928
18.816
32.016
23.504
24.992
29.28
18.44
19.528
29.016
19.44
28.928
21.616
25.104
21.792
19.28
24.368
32.656
19.344
26.032
18.72
29.008
26.496
19.984
25.872
31.016
32.104
25.728
32.016
25.904
19.792
19.68
32.368
19.456
21.344
19.44
18.44
25.728
28.816
18.704
21.152
18.64
23.728
21.616
19.104
31.792
29.68
32.016
31.104
24.992
18.88
29.168
25.456
25.344
19.232
21.92
24.208
28.896
32.016
19.504
18.592
19.68
32.368
18.44
18.44
24.728
25.816
18.44
31.128
26.216
20.104
19.192
26.68
29.368
19.656
27.144
22.232
25.72
19.608
20.696
33.384
22.872
19.56
20.248
32.936
25.224
29.112
18.6
28.728
21.152
18.64
28.728
19.44
19.44
25.728
31.216
25.728
24.816
19.44
24.928
21.616
25.104
32.592
23.44
21.328
18.816
24.728
28.728
28.728
31.016
23.44
24.928
18.816
18.704
26.192
25.28
19.44
24.928
21.616
26.304
20.192
18.88
21.568
26.256
31.744
20.432
31.92
25.008
26.096
25.728
21.216
18.44
28.728
32.216
18.504
18.44
28.728
21.152
25.728
19.616
23.504
32.192
19.68
19.568
32.256
18.944
20.032
26.32
19.44
24.928
26.016
19.904
19.44
31.016
28.728
25.728
23.616
19.504
32.192
31.28
18.768
23.856
18.944
21.152
23.44
24.728
19.44
28.928
32.416
25.104
21.792
20.08
18.44
24.728
21.152
24.728
24.728
28.728
25.016
23.704
32.392
32.28
19.44
21.328
32.016
25.728
19.616
25.104
19.44
21.328
21.216
24.728
25.816
19.704
29.192
19.08
22.168
33.256
27.144
20.632
26.12
19.608
20.696
20.584
19.672
19.56
26.648
31.336
18.824
18.44
28.728
19.44
32.128
18.44
25.928
19.44
32.016
24.728
21.152
23.44
25.728
18.44
21.152
31.04
32.016
18.44
21.152
19.44
24.728
19.44
19.44
32.128
18.816
19.904
29.392
20.08
29.568
19.456
29.744
26.832
32.72
26.608
25.296
26.384
24.728
31.016
21.304
25.992
19.88
18.968
22.056
19.144
32.232
31.72
19.208
22.296
32.984
22.072
24.728
32.216
18.44
19.528
18.616
28.728
18.44
32.016
19.44
28.728
21.152
18.64
31.328
20.016
18.704
28.992
26.48
19.168
21.856
26.144
29.232
19.12
25.008
19.44
19.44
25.728
32.016
31.104
32.192
18.48
25.728
32.016
25.104
19.44
18.528
21.616
32.304
21.392
19.44
18.528
21.216
32.016
18.704
28.728
25.016
28.904
21.592
28.728
31.016
32.504
23.592
24.728
25.728
21.216
18.704
24.992
32.08
24.768
24.728
21.416
32.504
18.792
25.08
21.768
32.856
25.544
19.432
22.12
19.608
19.496
25.784
26.872
22.36
26.248
32.936
25.624
19.44
24.928
19.616
18.704
19.792
28.728
18.44
19.528
18.616
18.44
24.728
21.416
18.504
25.728
23.616
19.504
28.992
26.08
19.44
28.928
32.016
19.44
25.728
19.616
23.44
19.728
26.016
18.704
19.792
32.016
25.728
19.44
18.528
26.016
25.104
24.728
18.44
24.728
23.44
21.328
24.816
19.504
23.44
19.728
32.416
25.104
19.44
18.528
19.616
32.304
26.192
25.28
31.568
21.856
24.144
25.232
19.92
21.808
19.44
19.44
24.728
18.616
21.304
18.44
24.728
18.616
26.104
21.192
26.28
32.568
25.256
19.944
29.032
32.016
19.44
18.528
28.728
21.416
18.904
26.392
19.88
28.968
25.728
18.44
18.44
19.528
29.016
25.304
19.192
21.88
19.368
29.656
22.344
19.832
32.016
19.504
19.44
28.728
19.44
21.328
32.016
18.704
28.992
26.48
29.168
19.456
18.544
18.44
32.016
19.504
18.44
19.528
23.44
24.728
18.616
18.504
28.728
25.816
21.304
24.792
21.48
18.568
25.728
21.152
32.24
18.928
18.816
25.728
31.216
32.016
18.704
18.592
24.728
25.728
24.816
18.704
19.44
28.928
25.216
21.904
26.192
24.08
19.168
29.456
19.344
19.44
19.44
23.44
25.728
19.616
25.104
19.44
28.928
18.816
18.704
21.152
24.728
18.44
19.528
21.152
32.24
18.528
19.616
18.44
31.128
21.152
18.64
19.44
25.728
23.616
31.104
31.016
18.504
19.992
29.08
19.768
23.656
25.144
21.832
20.12
19.208
18.44
24.728
32.216
18.504
18.44
32.016
19.44
24.728
21.416
19.44
21.152
21.152
25.84
28.928
19.616
19.44
19.44
28.928
25.728
19.616
18.704
21.792
29.28
24.728
19.44
24.928
31.016
18.504
31.016
23.704
18.792
23.88
29.368
28.856
19.544
18.632
24.728
28.728
25.728
23.616
25.104
24.992
26.08
25.168
18.44
24.728
23.44
32.016
18.44
18.44
18.44
24.728
18.616
18.504
19.592
18.68
28.728
25.016
28.904
28.792
28.728
25.016
18.904
32.392
29.08
32.568
21.256
28.728
31.016
28.728
31.016
23.44
24.928
21.216
28.728
18.44
21.152
19.44
32.128
25.728
32.016
19.504
19.44
32.128
28.816
18.704
19.792
32.48
26.368
25.456
28.728
18.616
28.904
19.44
24.928
31.216
29.104
25.392
28.728
25.016
28.904
19.592
29.08
18.968
22.056
33.144
19.432
26.52
29.608
22.296
19.384
20.472
19.56
26.648
26.536
24.424
25.912
20.6
19.688
29.176
19.464
25.728
19.44
19.44
28.928
21.216
32.304
26.192
19.68
18.44
25.728
18.44
25.928
19.44
23.44
18.528
19.44
18.528
18.44
19.528
32.216
18.904
24.792
18.68
28.968
19.656
28.744
25.032
18.92
19.44
19.44
28.928
18.816
19.904
28.728
21.416
32.504
19.592
29.08
18.968
28.728
25.016
21.304
21.192
19.44
19.44
24.928
19.616
29.104
21.392
18.44
23.44
19.728
25.728
28.816
18.704
19.792
26.08
19.44
24.928
18.44
18.44
19.528
29.016
21.304
25.728
18.44
19.528
19.44
19.44
19.44
32.016
18.704
19.792
28.88
25.168
21.856
26.144
18.832
29.12
19.808
21.696
29.184
32.672
18.96
26.448
32.736
24.728
19.44
18.528
19.616
23.44
21.152
18.64
21.328
18.44
19.44
25.728
24.816
19.504
23.44
18.528
19.616
29.104
23.792
18.48
28.768
18.656
32.544
26.432
32.72
19.44
32.128
18.816
18.704
19.792
24.88
23.568
19.44
28.928
19.616
18.44
19.44
18.44
19.528
18.44
32.016
31.016
25.728
24.816
32.016
18.44
23.528
26.216
32.016
32.016
31.016
24.904
18.792
19.88
18.968
20.056
18.744
21.432
19.72
28.808
18.696
26.184
25.272
18.44
25.728
28.816
25.904
18.44
21.152
31.016
24.728
32.216
28.904
31.192
32.016
18.704
26.192
19.68
24.768
18.44
25.728
32.016
25.904
25.792
19.68
18.768
21.856
24.728
21.152
19.44
18.528
26.016
32.016
28.728
25.016
18.904
26.392
23.88
21.368
18.856
25.944
19.832
32.016
19.504
32.016
25.904
32.192
18.88
26.368
19.056
32.544
19.232
24.728
23.44
23.44
19.728
19.616
19.504
23.44
19.44
25.728
19.616
32.304
23.792
32.08
18.44
32.016
21.152
21.152
32.016
18.44
24.728
18.616
26.104
28.728
32.016
18.44
28.728
32.016
18.704
18.592
28.88
26.368
21.456
25.728
18.44
23.528
25.016
19.704
31.192
21.48
19.768
19.656
18.744
21.832
29.32
20.408
25.496
32.184
20.872
33.16
20.648
32.136
30.024
27.112
32.6
26.488
20.376
30.664
20.552
21.64
31.128
27.416
20.504
20.392
19.48
20.568
22.456
20.744
25.728
25.728
18.44
18.44
28.728
19.44
19.44
24.728
19.44
24.928
18.44
18.44
24.728
18.44
32.016
18.704
28.992
18.48
28.768
26.256
19.744
23.632
29.12
25.008
32.496
19.184
32.672
29.36
32.848
19.136
21.152
28.728
32.016
21.152
18.44
25.928
19.44
28.928
25.216
21.504
32.016
21.152
21.152
32.016
18.704
31.392
21.68
26.368
29.456
26.544
22.032
25.92
18.44
23.528
29.016
21.304
28.728
32.016
21.152
25.84
19.728
29.216
19.104
26.592
25.728
23.44
31.016
21.304
18.44
23.528
25.016
24.904
18.792
29.08
21.768
20.056
18.744
21.432
18.92
32.408
19.096
24.984
31.272
25.16
31.448
24.136
25.624
32.016
28.728
25.816
21.304
19.44
32.128
18.44
18.44
32.016
24.728
25.816
19.44
24.928
28.816
25.104
18.992
20.08
25.728
18.44
19.528
32.216
19.704
25.192
19.08
19.44
32.016
28.728
25.016
23.704
31.192
29.08
18.968
32.856
21.544
19.032
18.92
20.008
29.496
32.984
21.672
19.96
18.648
19.736
29.224
25.512
19.4
32.888
25.976
25.464
25.352
25.24
32.728
19.416
20.104
29.592
19.48
32.568
21.656
32.744
19.432
20.52
19.608
19.096
24.184
18.472
25.96
18.44
28.728
25.016
21.704
19.992
24.728
18.44
28.728
25.016
19.44
24.728
21.152
18.44
24.728
21.416
21.304
28.728
21.152
18.64
28.728
25.016
18.904
19.592
25.08
21.768
19.256
29.544
22.232
33.32
25.608
31.496
19.784
18.872
18.76
19.848
32.536
26.024
21.152
32.24
24.928
18.44
23.528
19.816
18.904
29.592
20.28
32.568
26.456
25.944
18.632
28.92
18.808
32.296
18.984
24.872
21.56
32.648
21.736
20.024
19.912
19.8
25.728
19.44
19.44
24.928
18.816
28.728
19.44
18.44
31.128
24.728
23.44
18.528
18.44
24.728
19.44
21.152
25.728
32.016
24.728
19.44
18.528
21.616
21.504
31.016
25.728
28.816
25.104
21.392
31.28
19.968
18.656
26.144
19.632
24.728
31.016
18.904
18.792
31.08
18.568
23.656
21.544
19.032
26.52
25.208
32.296
26.184
21.272
25.728
18.44
24.728
21.416
18.504
19.592
26.28
32.568
19.256
19.44
25.728
25.728
31.016
21.152
18.44
19.44
25.728
25.728
19.44
28.728
24.728
18.616
23.704
19.992
19.88
18.968
32.456
18.744
32.232
18.52
32.016
19.44
18.528
28.816
18.704
19.792
29.28
26.768
31.856
26.144
20.032
26.32
19.808
30.096
22.784
21.072
33.76
26.448
32.336
21.024
25.712
19.2
21.488
19.44
32.128
21.616
19.904
21.392
32.08
18.768
19.44
18.528
25.728
32.016
19.504
25.792
19.68
24.728
18.616
19.704
26.392
21.88
26.568
22.056
25.544
31.832
19.72
25.208
21.896
24.728
25.728
19.616
31.016
19.704
25.728
19.616
25.104
19.792
19.28
25.168
21.856
32.944
25.632
19.92
25.408
19.296
20.384
29.872
19.76
25.728
19.616
28.728
18.616
26.104
19.592
18.68
23.768
25.256
32.744
26.632
22.12
32.808
29.496
18.584
19.44
32.128
18.816
25.904
25.728
19.44
25.728
21.216
24.728
21.416
18.904
19.592
28.728
21.416
18.904
21.592
21.48
24.968
31.256
19.944
29.032
28.728
19.44
21.328
21.216
19.44
18.44
32.016
18.44
18.44
19.528
25.816
23.704
21.192
32.28
31.368
23.656
19.44
25.728
32.016
25.104
21.152
18.64
19.728
18.44
21.152
32.24
24.928
21.216
24.728
25.728
28.816
18.704
32.192
19.68
21.568
25.056
26.144
26.032
21.152
23.44
19.728
25.728
19.616
18.44
19.528
21.416
21.152
19.44
18.528
21.616
25.104
21.152
28.728
21.152
19.44
28.728
21.416
32.504
29.192
25.08
28.968
32.056
19.544
21.432
19.72
18.808
21.896
21.784
21.672
26.36
24.248
18.936
26.424
19.912
19.44
32.128
23.44
19.44
18.528
28.816
25.104
19.792
28.728
24.728
18.44
21.152
25.84
25.728
18.44
25.928
19.44
28.728
19.44
25.728
19.616
19.504
32.016
19.44
25.728
21.152
25.84
21.328
23.616
19.904
29.392
26.48
20.368
29.456
22.144
26.832
20.72
33.008
20.096
23.984
29.472
20.16
32.448
19.44
18.528
19.616
21.504
31.392
18.88
18.44
21.152
25.84
19.728
26.016
18.704
28.992
21.28
28.728
19.44
19.44
19.44
18.528
19.44
19.44
21.328
19.616
32.016
18.704
26.192
28.88
18.768
31.456
32.944
26.432
21.92
33.008
22.096
21.984
18.672
26.16
28.848
21.536
32.016
18.44
21.152
18.64
28.728
18.616
18.504
24.792
32.28
18.968
26.456
23.544
19.44
24.728
18.44
24.728
25.816
28.728
21.416
21.304
28.792
32.28
19.44
19.44
32.128
23.44
19.44
25.728
23.616
19.904
25.392
20.08
29.568
22.256
20.144
19.232
25.52
33.008
31.696
21.152
18.44
19.44
21.152
18.64
23.728
32.416
19.904
25.392
29.68
19.568
20.256
29.744
22.032
24.728
19.44
24.928
24.816
21.504
31.392
21.68
19.968
19.056
22.144
20.432
23.92
32.608
29.296
19.184
19.44
18.44
25.928
21.152
19.44
25.728
18.44
19.528
29.016
19.704
18.792
21.152
24.728
19.44
19.44
24.928
19.616
25.904
31.016
28.728
19.44
19.44
32.128
19.44
32.128
19.616
19.504
28.728
31.016
32.504
18.792
29.48
20.168
19.256
19.44
21.152
18.64
28.928
26.416
31.504
18.992
19.44
24.928
21.616
19.104
29.392
21.68
19.168
21.152
31.04
18.528
18.44
18.44
21.152
32.24
19.44
18.528
32.016
31.016
28.728
18.44
25.928
23.44
24.928
21.616
19.44
21.328
23.616
19.904
29.392
32.88
23.568
19.856
18.944
29.232
26.32
18.608
24.728
21.416
24.728
19.44
18.44
24.728
23.44
31.016
25.728
19.616
21.504
28.992
26.08
21.568
19.056
20.144
22.032
32.32
19.808
29.296
19.184
22.272
20.56
19.648
27.136
19.424
29.712
26
19.888
18.976
18.44
19.528
25.016
31.016
32.016
19.44
19.44
32.016
23.504
32.192
18.44
23.44
19.44
28.928
19.616
32.304
18.992
28.88
18.768
23.856
25.744
28.832
18.44
18.44
19.44
24.728
31.016
28.904
18.44
19.528
21.416
19.44
24.928
18.816
32.016
18.704
24.992
32.48
32.368
32.256
19.744
25.232
21.92
29.408
26.496
32.016
18.44
31.128
29.016
18.904
21.992
33.08
20.568
24.856
26.744
26.632
29.32
19.208
23.896
23.44
24.728
21.416
18.904
25.192
31.48
28.728
19.44
19.44
28.928
18.44
25.928
18.44
25.728
24.816
24.728
21.416
28.904
24.792
18.68
25.728
19.616
28.728
19.44
25.728
19.44
32.128
23.616
31.016
24.728
23.44
19.728
25.216
19.104
20.192
28.728
19.44
19.44
18.528
32.016
25.728
32.016
25.104
25.792
19.68
19.568
18.656
19.744
32.432
32.016
24.728
25.816
19.704
18.792
19.88
19.768
29.256
21.944
29.432
22.12
25.208
32.696
26.584
24.472
19.56
21.152
28.728
32.216
19.704
21.192
18.44
23.528
18.616
21.152
25.84
18.528
19.616
21.504
18.44
19.528
25.728
24.728
18.616
19.704
21.592
29.08
20.168
24.856
18.744
29.032
32.016
28.728
18.616
26.104
19.592
23.44
19.728
23.44
19.728
25.216
23.904
20.192
19.28
26.768
18.656
31.016
23.44
18.528
18.44
19.528
25.816
25.728
31.216
23.504
19.792
18.88
32.768
18.44
19.528
18.616
19.704
25.992
24.728
25.816
28.904
19.592
32.016
18.44
25.928
19.44
25.728
21.152
32.016
19.504
19.44
18.528
21.616
25.904
18.44
19.528
26.216
18.904
18.792
28.728
32.216
24.904
19.592
18.44
23.528
25.016
28.728
32.016
24.728
31.016
19.704
31.016
24.904
19.992
19.44
31.016
24.728
21.416
18.44
32.016
18.704
19.792
18.88
25.968
21.456
21.344
18.832
26.32
24.728
21.152
21.152
31.04
25.728
31.016
21.304
19.592
19.48
18.568
21.256
32.016
31.016
21.304
28.792
19.88
21.768
18.856
19.944
31.432
31.016
24.904
19.992
19.08
20.168
18.44
19.44
25.728
25.728
19.616
24.728
18.616
32.016
18.704
31.392
32.08
19.44
21.152
18.64
26.128
28.728
25.016
19.704
18.792
19.88
32.568
21.656
21.544
18.44
19.44
18.44
28.728
25.016
21.704
32.792
19.08
32.168
21.256
32.344
25.032
21.32
32.408
19.896
24.984
21.272
25.96
19.848
19.44
32.128
21.616
21.504
18.992
20.08
32.768
32.656
32.544
18.832
19.92
26.208
25.296
23.584
28.728
18.44
19.528
24.728
18.44
23.44
25.728
18.44
23.528
19.816
25.304
18.44
28.728
21.152
28.728
25.016
25.728
23.44
18.44
25.928
18.44
23.44
31.016
28.728
18.616
19.704
18.792
24.728
18.616
32.104
25.728
19.616
31.016
28.904
19.592
25.08
19.768
19.656
29.144
19.032
26.12
25.728
32.016
25.728
23.616
19.904
25.392
20.08
19.168
20.256
18.944
25.232
32.32
31.408
32.496
19.984
32.672
20.16
25.648
25.728
19.616
25.728
19.44
19.44
18.528
18.44
19.528
24.728
18.616
28.728
24.728
28.728
25.816
32.104
21.152
18.44
24.728
21.416
31.016
24.904
18.792
29.08
21.768
31.656
21.152
32.24
26.128
20.016
21.904
31.792
26.48
20.368
25.856
26.944
30.032
20.72
19.408
32.096
29.984
26.272
21.36
20.448
27.936
31.824
18.912
18.44
25.728
23.616
18.44
25.928
18.616
21.304
25.992
31.48
19.44
18.44
19.528
26.216
31.016
32.104
32.016
23.504
24.728
21.152
28.728
18.616
28.904
24.792
31.016
25.728
19.616
29.104
18.992
26.08
19.44
32.128
18.44
25.928
25.728
21.216
19.504
21.152
18.64
19.44
24.728
21.152
18.64
18.528
31.216
29.104
18.992
20.48
25.568
32.256
28.944
32.032
32.016
32.016
25.728
32.016
21.152
18.64
32.128
26.016
23.904
18.992
29.28
31.168
24.728
25.816
23.44
19.728
18.816
29.504
24.192
26.48
18.768
23.856
20.144
20.032
19.12
19.008
28.728
24.728
18.616
19.704
29.192
18.68
21.368
18.856
26.344
25.432
29.32
21.608
19.496
18.44
31.128
18.616
20.104
18.44
28.728
21.416
23.704
31.592
21.48
19.44
19.44
18.44
18.44
19.528
18.616
28.904
21.192
19.44
32.016
19.504
18.592
19.44
18.528
21.216
19.504
18.592
32.08
18.768
19.856
19.44
18.528
32.016
31.104
32.016
21.152
18.44
31.128
29.016
26.504
20.392
19.48
29.368
29.256
21.944
28.728
18.616
25.728
21.216
19.44
19.44
24.928
21.616
18.44
21.152
32.24
24.928
19.616
28.728
18.616
19.704
31.016
19.44
19.44
24.928
18.816
28.728
25.016
18.904
19.592
32.016
19.44
23.44
24.928
29.216
19.904
18.992
31.68
19.968
19.456
19.44
19.44
19.44
32.128
18.816
23.904
19.792
25.28
26.368
32.656
20.144
32.432
21.152
32.24
24.928
21.616
31.504
19.792
18.88
32.016
21.152
25.728
28.728
21.416
24.728
21.416
18.904
25.992
25.08
18.968
26.056
24.744
18.632
18.52
23.44
32.128
24.816
18.704
23.44
18.44
24.728
28.728
21.416
21.304
18.44
18.44
28.728
25.016
18.904
25.192
18.44
18.44
28.728
32.216
23.704
32.016
18.704
25.792
19.68
24.768
19.456
31.016
19.44
24.728
31.016
24.904
19.44
28.928
18.44
28.728
25.016
18.904
18.792
19.88
21.768
18.456
21.152
32.24
24.728
19.44
25.728
18.44
31.128
19.816
31.304
19.992
29.08
26.168
19.44
24.928
18.44
18.44
25.728
21.216
32.304
25.392
19.44
28.728
32.216
24.728
24.728
19.44
21.152
19.44
21.328
23.44
25.728
28.728
25.016
18.504
21.192
24.728
32.216
18.904
21.592
19.08
24.168
19.44
18.528
32.016
24.728
18.616
18.504
23.592
19.88
18.968
24.056
21.544
32.232
19.72
29.208
19.096
26.584
20.072
25.728
28.728
19.44
19.44
21.152
18.44
28.728
21.416
19.704
21.592
25.728
25.728
24.816
21.152
18.44
25.728
19.616
18.44
24.728
31.016
19.44
19.44
18.528
21.216
23.504
18.592
29.28
18.768
28.728
19.44
19.44
18.528
19.616
28.728
23.44
28.928
31.216
28.728
21.152
18.64
18.44
31.016
25.728
19.44
31.016
18.44
24.728
32.016
24.728
19.44
24.928
31.216
26.304
20.192
20.08
19.168
22.256
26.544
22.432
24.72
24.608
26.896
31.984
20.672
22.56
25.648
20.336
20.224
19.44
19.44
24.728
19.44
24.728
21.416
26.104
21.192
32.016
21.152
18.64
19.44
18.44
19.44
24.728
18.616
23.704
19.992
23.88
20.168
26.056
19.944
32.016
18.704
19.792
19.68
18.768
32.256
32.144
32.016
19.44
28.928
18.816
18.44
24.728
32.016
18.704
21.392
32.016
19.504
31.016
25.728
19.616
28.728
25.816
31.304
29.192
20.28
18.44
19.44
18.528
26.016
18.44
25.928
23.44
23.44
21.152
31.04
18.528
19.616
18.704
31.392
25.28
29.168
32.656
21.744
24.832
23.52
19.808
28.896
21.184
19.472
21.36
19.44
18.528
25.728
32.016
19.44
18.528
18.44
21.152
32.016
28.728
25.016
18.904
25.992
23.88
28.968
18.856
25.144
26.232
21.72
19.608
19.496
24.728
21.416
18.904
25.728
24.816
24.728
24.728
21.416
19.44
23.44
24.928
18.816
26.304
18.592
19.44
24.928
21.152
19.44
18.528
25.728
23.616
25.904
19.44
25.728
18.44
28.728
23.44
28.928
32.416
24.728
19.44
24.728
32.216
19.704
18.44
31.128
23.816
20.104
21.592
31.08
19.768
18.456
28.744
26.232
18.44
25.728
19.44
28.928
28.728
25.816
19.704
21.192
32.28
26.168
28.856
24.744
25.832
19.72
21.208
19.496
18.584
21.672
25.96
19.848
31.336
24.824
28.728
18.616
19.44
21.328
18.44
28.728
26.216
18.904
19.44
25.728
18.44
25.728
24.728
19.44
19.44
28.928
24.728
32.216
18.904
19.592
25.728
18.44
18.44
28.728
18.616
28.904
21.192
25.88
23.768
21.656
26.344
19.032
20.12
25.728
19.616
28.728
18.616
23.704
21.592
21.152
23.44
19.728
19.44
18.528
19.44
19.44
18.528
24.816
18.704
24.992
32.08
32.016
19.504
24.728
19.44
24.728
21.152
24.728
25.728
18.44
21.152
19.44
18.44
31.128
19.44
19.44
18.528
24.816
25.904
19.44
19.44
21.328
18.44
28.728
25.816
19.704
32.392
25.48
29.368
32.856
25.944
28.728
23.44
28.928
25.728
18.44
19.528
19.44
21.328
32.016
18.44
25.728
24.816
18.44
24.728
21.416
26.104
19.992
19.44
18.528
21.152
24.728
19.44
19.44
32.128
18.816
29.104
19.792
29.28
25.568
19.056
26.544
20.032
19.12
32.608
24.896
18.784
19.872
29.36
32.016
19.44
18.528
19.44
28.928
28.816
21.504
25.792
24.88
23.568
21.152
32.24
19.728
21.616
24.728
18.616
21.152
32.24
28.728
32.216
21.152
18.44
25.728
21.216
31.016
18.504
24.792
19.48
25.768
24.856
28.744
23.44
24.928
28.816
19.504
32.192
19.68
18.768
21.856
20.144
19.232
20.32
22.208
24.896
31.184
19.072
26.56
20.048
21.152
21.152
28.728
31.016
18.44
19.528
29.016
21.704
31.592
20.28
22.168
18.456
19.544
19.44
25.728
19.616
18.704
31.392
19.68
23.44
19.44
24.728
18.44
19.528
31.016
18.504
19.44
18.528
32.016
31.104
19.792
24.88
31.568
19.856
18.44
25.928
24.728
21.152
19.44
18.528
19.616
32.016
19.44
18.528
28.816
18.704
32.192
31.28
18.44
18.44
19.528
25.016
21.704
29.192
31.48
31.368
26.056
19.944
31.432
19.72
18.44
25.728
24.728
18.44
31.128
18.44
21.152
21.152
25.84
21.152
32.24
26.128
18.816
23.904
26.192
29.28
18.44
24.728
18.616
24.728
18.616
19.704
24.792
31.08
32.168
18.856
19.544
25.832
31.32
25.208
32.016
24.728
25.816
19.44
18.528
21.216
19.504
24.992
28.728
32.216
21.304
23.992
29.48
18.968
31.656
33.144
25.832
20.52
22.408
19.896
18.984
18.872
28.76
21.448
18.936
26.424
21.152
32.016
25.728
25.728
31.016
24.904
18.792
18.44
19.528
25.016
32.504
21.992
20.28
19.368
25.656
18.744
19.44
21.152
19.44
24.928
18.816
32.304
24.992
18.88
18.768
18.656
18.544
28.832
28.728
18.44
28.728
26.216
21.704
32.792
31.48
21.368
32.456
19.544
21.152
18.64
18.528
18.44
28.728
25.816
19.704
25.192
18.44
19.528
32.216
26.104
31.592
25.48
29.368
26.456
20.344
19.832
29.32
26.408
19.496
18.584
21.672
19.44
24.928
19.616
19.44
19.44
25.728
19.616
18.704
31.392
28.88
19.44
28.928
31.216
21.504
19.44
25.728
19.616
18.44
32.016
28.728
25.816
19.44
21.328
23.616
19.504
19.44
18.44
19.528
25.016
32.016
31.104
18.592
19.68
19.568
28.728
18.44
25.928
18.44
18.44
18.44
18.44
23.528
26.216
31.016
32.104
19.592
18.68
21.768
24.056
21.944
25.832
19.72
26.008
32.296
31.384
18.872
19.96
25.448
31.736
29.224
19.112
21.8
20.088
19.576
18.664
31.352
20.04
25.128
18.44
25.728
24.816
19.504
18.592
32.08
28.768
19.44
21.152
18.44
24.728
25.816
24.904
19.44
21.328
26.016
19.44
18.528
31.216
18.704
19.792
24.728
21.152
18.64
23.44
19.728
28.816
19.504
18.592
21.68
19.968
29.056
25.344
25.232
18.72
32.208
23.44
19.44
28.728
21.152
32.016
31.104
24.728
19.44
24.928
18.816
23.504
23.44
19.728
19.616
19.44
18.528
28.816
26.304
21.792
26.08
18.44
21.152
18.44
19.44
24.728
24.728
32.216
31.304
18.792
31.08
19.44
31.016
32.104
25.992
25.08
18.568
32.056
19.44
18.528
21.616
32.304
21.392
18.88
32.368
26.256
31.344
18.832
21.92
23.808
25.296
21.584
19.072
31.36
29.248
32.336
31.424
28.912
18.44
19.44
21.152
31.04
28.928
21.616
18.704
23.792
24.728
32.216
24.728
18.44
19.528
18.616
21.704
23.44
21.152
24.728
32.216
19.704
19.592
32.016
19.504
28.992
32.48
19.44
28.928
26.016
19.504
18.592
21.28
19.568
25.056
18.544
31.016
19.704
25.992
23.88
22.168
18.44
31.128
26.216
20.104
19.192
29.48
32.168
19.656
25.944
21.432
19.72
19.608
18.696
19.44
18.528
19.616
25.904
21.392
32.08
19.44
21.152
18.44
28.728
19.44
18.44
19.44
32.128
19.44
23.44
19.44
32.016
28.728
24.728
19.44
24.728
21.416
18.904
21.592
19.88
32.568
25.256
19.44
19.44
31.016
19.44
23.44
19.44
24.928
18.44
18.44
21.152
32.24
18.528
25.728
21.216
32.304
21.392
18.88
19.968
26.256
18.944
19.44
32.016
28.728
18.616
19.704
21.592
28.728
18.616
23.704
19.992
26.28
21.368
18.44
24.728
31.016
24.904
19.992
18.44
19.528
19.44
24.928
23.44
19.728
21.616
31.504
20.192
25.28
19.168
26.656
20.144
26.832
25.92
19.808
18.896
19.984
32.272
18.96
21.648
26.336
21.152
18.44
28.728
18.44
25.928
18.616
26.104
19.44
24.928
24.728
18.44
19.44
24.928
18.44
19.44
18.528
24.728
24.728
28.728
25.016
18.904
24.792
24.728
18.616
24.728
32.216
19.704
31.192
23.88
23.768
28.856
21.544
32.232
26.12
19.44
21.328
19.616
21.504
24.728
23.44
18.528
19.616
26.304
18.44
28.728
32.216
19.44
25.728
19.616
25.904
19.792
19.44
21.328
26.016
29.104
32.592
18.88
24.728
19.44
18.44
21.152
19.44
25.728
19.616
19.44
28.928
25.216
32.016
25.904
32.192
19.44
32.128
21.216
19.44
18.44
19.528
19.44
21.328
28.816
32.304
25.792
25.728
32.016
18.704
28.992
26.48
25.568
20.256
29.744
20.032
32.32
23.44
25.728
18.44
19.528
29.016
21.704
23.992
32.28
18.568
25.728
19.616
25.904
18.592
19.68
18.768
19.856
18.944
25.728
28.816
32.304
24.992
18.88
23.968
19.056
32.944
26.832
19.52
19.008
26.496
25.728
19.616
18.44
21.152
25.728
23.616
19.904
32.592
18.88
19.568
18.656
18.544
23.632
24.728
28.728
28.728
24.728
19.44
18.44
21.152
25.84
19.44
25.728
28.728
18.616
18.504
25.992
25.728
21.216
28.728
24.728
23.44
24.928
19.44
18.528
19.616
18.704
21.792
28.88
19.44
19.44
19.44
25.728
19.44
28.928
25.216
32.016
18.704
19.792
29.28
18.768
25.856
21.344
28.832
18.72
18.608
19.696
32.384
23.472
24.728
18.616
31.016
19.44
28.728
21.152
24.728
18.616
19.44
18.528
19.44
32.016
31.016
18.504
28.792
25.88
19.44
21.328
21.152
18.44
32.016
18.44
23.528
31.016
25.728
28.816
18.704
24.728
31.016
24.728
23.44
24.928
29.216
25.104
24.192
32.88
32.768
20.256
22.144
26.432
20.32
21.808
19.696
29.184
25.072
19.44
21.328
19.44
25.728
25.728
24.816
28.728
31.016
19.704
21.152
32.016
18.44
18.44
19.528
25.016
18.904
26.392
21.48
18.968
29.256
21.944
24.232
19.32
30.008
19.496
32.184
19.672
29.16
25.448
26.136
29.224
31.512
26.2
29.288
19.976
19.864
21.352
19.44
32.128
19.44
19.44
32.016
18.44
25.928
19.44
28.928
23.44
18.44
18.44
25.928
18.616
26.104
23.592
29.08
31.368
28.856
19.544
19.44
18.44
25.728
24.728
18.616
31.016
18.504
25.992
24.728
31.016
28.728
21.416
28.904
18.792
23.48
25.768
32.056
19.544
18.632
19.72
21.608
26.296
20.184
18.872
28.76
28.728
24.728
19.44
18.44
19.528
19.44
28.928
19.44
28.728
32.016
18.704
28.992
18.88
25.168
26.256
21.344
18.832
32.32
26.208
20.096
25.984
31.072
23.76
18.848
29.536
25.024
24.728
23.44
19.728
25.216
19.904
19.44
28.728
19.44
23.44
24.928
26.016
18.704
26.192
25.28
18.44
24.728
21.152
19.44
24.928
19.44
18.44
32.016
25.904
25.792
25.728
19.616
21.504
28.992
18.88
24.768
31.056
18.944
26.432
19.92
19.408
25.728
19.616
18.44
32.016
23.504
31.016
19.704
21.192
18.44
19.528
18.44
32.016
24.728
31.016
28.904
19.992
32.68
31.368
20.056
18.744
25.728
32.016
24.728
18.616
21.152
24.728
25.816
23.704
32.392
32.016
18.704
19.792
19.68
29.168
25.456
24.144
21.632
19.12
32.608
29.296
32.016
18.704
21.152
18.64
18.44
28.728
26.216
21.704
26.392
20.28
22.168
32.056
19.544
20.232
29.72
29.608
25.896
19.784
19.672
27.16
25.848
19.336
18.44
18.44
32.016
21.152
25.84
25.728
24.728
25.728
28.816
25.104
31.016
25.728
18.44
24.728
21.416
24.904
25.728
19.616
25.904
19.44
18.528
26.016
18.704
26.192
26.08
25.968
25.056
18.944
19.632
25.12
29.008
18.896
26.384
32.672
18.56
23.648
19.936
19.024
26.512
22
19.488
26.976
19.664
19.552
27.04
22.128
19.616
20.304
25.792
24.48
19.568
32.656
31.016
21.304
28.792
19.44
19.44
18.44
23.528
19.816
18.904
24.728
18.616
24.904
21.152
18.64
18.528
23.44
19.728
19.616
18.704
23.792
18.44
19.528
24.728
21.416
18.904
23.992
19.08
29.768
25.656
33.144
32.232
19.72
32.408
19.896
29.784
19.272
18.44
32.016
19.504
28.728
21.416
19.44
18.44
23.44
19.728
25.216
19.904
31.392
20.08
18.768
19.456
19.44
32.128
24.816
19.504
32.192
26.08
18.44
25.928
32.216
19.704
19.44
32.128
18.44
24.728
18.44
25.928
28.728
18.616
18.504
32.016
18.704
32.016
19.44
19.44
23.44
19.728
32.416
19.904
19.792
19.44
19.44
24.928
31.016
19.704
19.44
28.928
32.016
32.016
32.016
25.904
21.392
26.08
21.568
19.056
20.144
32.032
32.016
18.44
24.728
18.616
26.104
18.792
23.48
18.568
18.44
25.928
25.016
19.44
18.528
31.216
25.104
20.192
26.48
25.568
19.056
19.744
18.44
25.728
19.616
19.504
28.728
25.816
32.504
29.192
23.44
28.728
21.416
18.904
21.592
19.88
24.968
21.256
19.544
18.632
19.44
19.44
31.016
32.104
18.792
25.08
21.768
19.256
20.344
19.032
29.32
25.608
32.296
24.984
23.672
19.96
21.448
32.016
32.016
31.104
18.592
20.08
31.568
26.256
20.544
26.432
19.12
18.608
31.016
24.904
24.792
19.48
19.44
18.528
21.152
19.44
28.928
28.728
19.44
18.528
18.44
23.528
18.616
29.304
28.792
32.016
18.704
19.44
28.928
25.216
32.704
19.792
24.88
21.568
31.456
28.728
19.44
24.928
19.616
25.904
21.392
18.48
18.44
32.016
18.704
23.44
21.328
19.616
18.704
31.392
20.08
29.168
19.056
32.944
26.832
32.32
19.008
25.296
19.184
18.672
28.96
19.44
19.44
18.528
23.616
26.304
18.592
18.48
28.768
21.152
23.44
19.728
18.44
32.016
19.44
21.152
19.44
28.728
21.416
18.904
26.392
19.88
32.168
19.656
21.152
19.44
32.016
19.44
24.928
19.616
25.104
21.792
19.68
19.568
29.056
25.744
19.44
19.44
32.128
18.44
25.928
31.016
25.728
21.216
23.504
21.392
19.68
18.768
26.256
19.744
18.44
28.728
26.216
24.904
19.44
18.528
19.616
24.728
18.44
23.44
18.44
19.528
19.44
18.44
23.528
19.816
18.504
18.44
32.016
31.016
18.44
31.016
32.104
19.992
21.48
21.368
31.016
18.504
18.44
25.928
21.152
21.152
25.84
28.928
18.816
31.504
32.992
21.28
32.016
18.704
28.992
26.48
32.768
25.856
24.544
19.632
20.32
18.608
23.44
21.328
21.216
25.904
28.992
19.44
18.528
18.44
21.152
25.84
21.328
23.44
19.728
18.816
29.504
25.392
29.68
19.568
19.456
18.44
25.928
25.816
24.728
32.016
25.904
19.792
19.44
18.44
19.528
25.816
18.504
24.792
24.728
19.44
18.528
19.616
24.728
24.728
25.816
24.728
32.016
19.44
19.44
19.44
24.728
32.016
31.104
24.728
24.728
18.616
23.704
26.392
19.88
29.368
26.056
25.944
25.832
20.52
20.008
25.896
32.984
20.472
19.96
25.448
20.136
24.824
25.912
25.8
19.44
21.152
23.44
19.44
19.44
25.728
28.728
25.016
18.904
19.992
19.88
24.968
18.856
18.44
18.44
19.528
32.216
23.704
21.192
18.44
19.44
28.928
18.816
21.504
28.728
19.44
19.44
32.128
26.016
29.104
18.992
19.68
18.44
19.528
32.216
21.704
25.192
31.016
21.152
32.24
18.44
21.152
18.44
25.928
31.016
19.44
24.928
31.016
19.704
19.592
32.28
19.768
25.256
25.944
23.44
25.728
28.816
21.504
19.44
19.44
32.128
19.44
28.928
21.616
32.304
18.592
31.28
29.168
21.856
24.144
28.728
25.816
19.44
28.928
18.816
19.904
21.792
23.44
19.728
32.416
29.104
19.44
28.928
18.44
25.728
19.44
25.728
19.616
31.104
24.992
18.48
19.568
18.656
18.44
18.44
28.728
32.016
25.904
32.192
18.44
28.728
25.016
19.704
28.728
28.728
31.016
19.704
21.592
23.44
19.728
26.016
25.104
18.992
31.016
25.728
18.44
31.016
23.44
31.016
18.504
18.44
21.152
18.64
32.128
18.44
18.44
19.528
26.216
32.504
24.792
19.48
28.728
18.616
19.704
32.016
25.904
19.792
32.48
32.368
19.056
21.744
25.728
32.016
31.016
32.104
19.992
25.08
23.44
32.128
19.44
28.728
21.416
24.904
32.016
19.44
24.928
19.616
32.304
18.992
21.28
24.768
18.44
19.528
24.728
21.416
23.704
18.792
29.48
25.728
18.44
24.728
28.728
19.44
31.016
18.504
32.016
19.504
19.44
25.728
19.44
25.728
19.616
29.104
32.592
18.88
29.168
25.728
19.616
24.728
18.616
19.704
18.792
19.88
18.968
22.056
32.744
29.032
25.32
18.808
32.296
18.984
32.472
32.016
18.704
19.792
29.28
19.968
25.056
31.344
28.728
18.616
23.704
29.192
31.48
20.168
21.656
21.544
19.44
19.44
23.44
18.528
32.416
19.904
19.792
32.08
18.768
24.728
31.016
23.704
18.792
19.88
26.568
18.856
18.744
32.232
31.016
28.728
18.616
18.44
25.728
19.616
29.104
19.44
24.928
31.216
26.304
20.192
23.44
25.728
25.728
23.616
25.104
19.44
32.016
32.016
18.704
21.152
32.24
18.928
29.216
29.104
25.792
24.88
19.44
18.528
23.44
25.728
18.44
24.728
19.44
21.328
26.016
19.904
19.44
21.328
31.016
18.504
19.992
26.28
20.168
32.856
19.544
32.232
19.72
22.408
29.496
32.584
19.672
21.152
28.728
18.616
32.016
31.104
31.016
18.504
19.992
21.88
31.016
18.504
19.592
19.48
24.728
28.728
31.016
19.44
25.728
28.728
19.44
28.928
18.816
18.44
19.528
29.016
21.704
21.592
29.08
23.768
19.656
32.344
29.032
19.44
25.728
18.44
25.928
19.44
28.928
24.816
21.504
32.592
28.88
21.568
19.856
32.544
21.232
31.12
19.44
19.44
28.728
25.816
18.44
19.44
18.528
24.816
24.728
18.44
31.128
19.44
18.528
24.816
21.504
18.592
24.88
32.368
19.056
20.144
32.832
19.44
18.528
26.016
18.704
19.792
23.68
32.368
31.056
28.944
31.232
18.44
18.44
18.44
18.44
24.728
21.416
21.152
32.016
19.504
32.192
18.88
19.968
26.256
31.016
18.44
28.728
19.44
21.328
19.616
28.728
28.728
19.44
18.528
19.616
18.704
21.792
24.08
18.768
18.656
18.44
32.016
19.504
18.44
18.44
28.728
32.016
21.152
28.728
18.616
31.304
32.792
26.68
20.168
32.856
19.544
26.632
20.52
19.608
20.296
18.584
31.016
32.016
21.152
28.728
25.016
28.728
18.616
18.504
21.192
28.728
19.44
19.44
19.44
25.728
19.616
32.304
18.992
26.08
21.168
32.256
18.944
28.832
19.44
28.728
21.416
31.304
18.44
18.44
19.44
31.016
25.728
31.016
18.504
19.992
19.88
32.568
20.056
25.544
32.632
24.12
32.016
31.016
25.728
28.816
18.704
32.016
19.504
18.44
19.528
24.728
31.016
28.728
18.616
32.504
18.792
32.68
26.568
26.456
25.144
21.432
19.44
28.928
32.416
23.904
26.192
21.68
29.968
26.656
19.344
29.632
25.52
32.608
20.096
19.184
20.272
22.16
18.848
18.44
21.152
32.24
25.728
19.44
31.016
18.504
19.44
23.44
31.016
32.104
19.992
29.08
20.168
19.256
20.344
29.832
24.12
19.608
19.496
32.016
25.904
31.016
19.44
24.928
18.44
28.728
18.616
31.016
24.728
19.44
24.728
28.728
24.728
21.152
19.44
24.928
32.016
18.44
18.44
21.152
31.04
28.928
21.616
21.504
18.992
21.28
19.44
19.44
25.728
28.728
18.616
19.44
28.728
32.216
28.904
31.192
32.68
24.968
26.056
18.44
19.528
26.216
31.304
19.192
24.728
31.016
18.504
25.992
18.68
23.44
24.928
24.816
18.44
25.728
24.816
18.704
18.44
31.016
24.728
21.152
31.016
28.728
19.44
18.44
25.928
21.416
19.704
18.44
18.44
28.728
32.016
24.728
21.416
31.304
23.592
24.728
25.728
31.216
29.104
19.44
32.016
18.704
32.192
26.08
31.016
23.704
19.592
23.48
18.568
32.056
24.744
18.632
26.12
23.608
19.096
23.784
21.672
29.16
25.448
24.136
20.424
24.312
19.8
19.688
18.44
18.44
32.016
18.704
26.192
32.48
19.168
32.656
25.744
19.44
18.528
24.816
32.304
28.728
19.44
24.928
24.728
18.616
18.44
21.152
25.84
19.728
25.216
19.104
21.392
21.28
32.368
31.056
31.016
21.304
19.592
21.152
28.728
25.816
21.304
28.728
19.44
23.44
28.728
32.216
32.104
24.792
21.48
32.016
18.704
24.992
25.728
24.816
21.152
23.44
19.728
25.216
18.704
28.728
18.616
24.904
19.592
32.016
18.44
28.728
24.728
18.44
25.928
18.616
19.704
28.792
32.016
18.44
23.528
19.816
26.104
18.44
31.016
24.904
31.192
21.48
28.968
20.056
25.144
23.832
20.12
20.008
24.728
32.216
21.152
32.24
24.728
18.616
32.104
21.192
21.152
18.64
18.528
26.016
32.304
21.152
28.728
24.728
25.816
25.728
19.616
25.728
24.816
19.44
19.44
24.928
19.44
18.528
31.216
25.104
24.992
28.88
23.568
24.728
18.616
21.152
18.44
18.44
19.44
23.44
28.728
32.216
19.44
18.528
21.216
32.016
18.704
28.992
26.48
31.168
29.056
19.744
29.232
25.12
31.408
26.496
19.184
24.728
19.44
21.328
21.216
28.728
25.728
18.44
25.928
19.44
32.128
21.616
21.152
32.24
19.44
21.328
23.44
19.728
19.616
19.504
32.192
18.88
25.968
31.056
28.944
28.728
28.728
19.44
32.128
21.616
26.304
24.992
21.28
19.568
24.728
28.728
23.44
18.44
18.44
25.928
24.728
24.728
19.44
32.016
24.728
25.816
32.104
18.792
24.728
21.152
19.44
32.016
19.504
18.592
26.08
25.168
28.728
25.016
19.704
25.192
19.08
19.768
29.256
19.144
25.432
20.12
18.808
23.896
32.584
24.072
26.36
19.048
24.136
20.424
33.112
32.2
19.688
19.576
21.464
19.752
19.44
24.728
24.728
32.216
18.904
18.792
18.68
21.368
21.256
32.016
18.44
31.128
18.616
23.704
21.592
25.88
18.44
19.528
28.728
31.016
19.44
21.152
25.84
18.528
23.616
18.704
25.792
21.28
25.168
19.056
25.728
32.016
23.504
23.44
25.728
32.016
19.44
32.128
21.616
32.304
20.192
26.48
19.168
20.256
29.744
24.432
19.12
19.008
20.096
18.784
18.672
19.76
18.848
25.136
18.44
18.44
23.528
29.016
25.728
28.816
19.504
28.728
32.216
32.016
19.504
32.192
18.88
23.568
23.456
24.728
19.44
19.44
32.128
19.616
23.904
23.44
32.016
19.504
18.592
19.68
18.768
21.456
24.728
24.728
18.616
19.704
18.792
24.728
18.44
19.528
29.016
31.304
19.992
18.68
24.968
23.656
32.016
21.152
28.728
18.616
25.728
19.44
21.152
32.24
19.44
23.44
21.328
18.816
24.728
31.016
26.104
18.792
25.728
19.616
18.704
23.792
26.48
23.44
32.128
18.44
24.728
21.416
32.504
26.392
31.48
19.44
18.528
19.616
26.304
25.392
24.08
20.368
19.456
18.944
24.832
28.728
32.016
19.504
25.728
28.816
21.504
25.392
20.08
26.768
24.256
19.344
18.832
19.52
25.728
19.616
18.704
24.992
32.016
18.704
25.728
19.44
24.928
32.416
19.104
20.192
20.08
23.44
18.528
25.728
24.816
18.44
19.44
24.928
18.44
32.016
18.704
31.392
31.28
23.568
21.152
24.728
24.728
28.728
19.44
32.016
18.44
25.728
19.44
21.328
23.44
24.928
24.816
31.104
18.592
19.68
21.168
25.856
18.544
28.832
18.72
31.408
25.728
23.616
25.728
23.616
19.904
26.192
20.08
19.968
32.016
25.904
31.016
21.152
19.44
21.152
21.152
18.44
19.44
24.928
24.816
25.904
21.392
31.28
19.568
25.056
31.344
26.032
23.52
25.008
18.896
19.984
29.472
19.36
33.248
25.936
21.824
32.912
20
18.688
19.776
32.464
21.152
25.84
18.528
25.728
18.44
19.528
18.616
21.704
21.592
19.44
32.016
24.728
19.44
32.016
28.728
19.44
24.928
32.416
21.152
23.44
18.528
32.416
26.304
18.992
29.28
21.968
19.456
31.344
24.832
18.44
25.728
19.616
28.728
21.416
18.904
25.992
28.728
25.816
21.152
24.728
18.44
19.528
25.016
19.704
18.44
28.728
19.44
24.928
18.44
24.728
21.416
23.704
32.016
19.504
18.592
26.08
32.368
26.256
18.544
19.44
19.44
23.44
32.128
24.816
19.504
19.44
24.928
31.216
18.44
19.44
31.016
21.304
25.992
29.08
23.768
18.856
24.744
28.728
18.616
23.704
19.592
25.88
28.968
21.656
23.944
19.44
23.44
24.728
18.616
21.304
21.152
19.44
21.328
24.816
19.904
18.44
21.152
23.44
19.728
32.016
18.704
19.792
21.68
19.44
23.44
32.128
21.152
32.24
31.016
24.728
21.416
19.44
32.128
24.816
21.504
19.792
18.48
19.568
32.016
28.728
18.616
23.44
32.016
21.152
24.728
28.728
19.44
18.528
21.616
21.504
28.992
25.28
18.768
19.856
28.944
25.728
32.016
32.016
23.44
19.44
32.128
19.44
18.44
19.528
28.728
18.616
26.104
32.392
25.48
18.968
24.056
19.944
29.432
25.72
20.008
19.096
20.184
25.672
20.36
25.728
19.44
24.928
32.416
19.104
26.592
20.08
29.568
25.856
19.44
19.44
32.016
19.44
18.528
18.44
19.44
25.728
19.616
18.44
19.44
18.528
28.816
18.44
24.728
31.016
32.104
24.792
21.152
24.728
21.416
19.704
21.192
23.48
21.368
32.056
32.016
18.704
31.392
21.68
19.44
32.128
19.616
25.104
18.592
32.08
28.728
18.616
23.704
21.592
26.28
24.968
18.856
18.744
26.232
32.52
21.608
19.496
23.44
18.528
19.616
19.504
24.992
19.44
24.928
19.44
18.528
21.216
18.704
19.792
18.44
19.528
32.016
32.016
19.44
18.528
28.816
18.704
19.792
25.28
19.44
19.44
18.44
32.016
25.728
19.44
32.128
21.152
19.44
19.44
32.016
24.728
31.016
24.904
19.992
21.152
18.44
31.128
29.016
32.504
18.792
18.68
21.368
18.44
28.728
25.016
32.104
32.016
18.704
19.792
29.28
26.368
19.056
24.144
29.632
19.12
23.44
32.128
32.016
23.44
19.728
21.616
19.904
19.792
18.88
21.968
32.656
20.544
24.432
25.52
20.208
18.896
32.384
29.072
18.96
32.848
19.136
20.224
29.712
33.2
19.488
33.376
19.664
23.44
19.728
18.44
24.728
23.44
21.328
18.816
19.904
18.592
28.88
19.44
28.928
18.816
32.704
18.992
20.08
21.968
26.656
24.728
19.44
19.44
19.44
28.728
23.44
24.928
18.816
29.104
32.192
19.44
32.128
18.44
18.44
24.728
18.616
31.016
18.504
18.44
21.152
23.44
18.528
29.216
31.504
20.192
19.44
25.728
19.44
28.928
32.416
31.104
28.992
19.68
24.768
32.016
32.016
25.904
19.792
29.28
23.968
19.056
32.944
20.032
32.72
19.408
19.44
24.928
23.616
19.904
23.792
18.88
32.368
25.856
18.544
19.632
19.52
21.152
25.728
24.816
23.504
19.792
32.48
31.016
24.728
28.728
21.152
19.44
21.152
32.24
19.728
19.44
23.44
19.44
24.928
28.728
19.44
23.44
24.728
32.016
21.152
28.728
18.616
32.504
21.592
31.48
32.568
19.256
19.144
29.432
18.92
25.208
25.896
31.384
21.672
29.16
20.248
19.336
29.624
24.312
20.6
22.488
32.376
19.864
26.152
31.24
21.528
31.016
18.504
19.992
31.48
21.768
18.856
19.544
25.032
21.32
18.808
29.096
32.016
31.104
21.152
32.24
26.128
21.616
25.504
18.44
24.728
21.152
19.44
19.44
21.152
25.728
18.44
31.128
26.216
18.904
25.192
18.44
21.152
19.44
21.152
19.44
18.528
26.016
32.304
25.392
32.48
21.568
25.856
31.344
19.632
32.32
31.016
28.728
18.616
32.104
19.592
23.88
21.368
18.456
32.016
19.504
18.592
23.68
32.368
19.856
19.44
28.928
18.816
32.304
19.792
31.28
18.768
19.456
25.744
28.728
19.44
19.44
21.328
32.016
32.016
28.728
32.016
32.016
25.728
31.216
28.728
32.016
28.728
