18.44
18.528
19.616
19.44
18.528
21.616
19.904
21.792
18.68
18.44
18.528
23.616
19.904
18.992
18.88
18.768
19.656
18.544
25.032
18.92
19.808
24.896
19.44
19.528
18.44
18.528
19.616
21.304
18.592
18.48
18.44
18.44
18.44
18.528
18.44
21.328
18.44
18.44
23.928
28.728
18.616
19.44
18.728
19.528
24.728
21.216
18.904
21.592
19.28
23.44
19.528
18.616
25.104
25.992
21.24
19.44
18.528
29.016
24.728
21.416
19.904
21.416
18.704
18.592
21.28
19.768
21.456
19.944
18.832
32.52
19.208
20.096
18.984
29.472
23.44
18.44
18.44
32.016
18.44
32.128
26.216
19.104
19.192
18.48
32.168
21.152
25.816
19.44
25.928
19.44
19.616
18.44
25.928
19.616
18.904
18.992
21.48
24.728
19.616
18.44
19.44
21.328
25.816
19.904
18.592
19.68
24.768
18.656
18.44
28.728
18.44
21.152
21.152
18.64
25.928
18.616
18.704
18.792
32.08
18.44
24.728
21.216
18.44
28.728
18.816
23.704
23.792
19.44
32.328
19.616
18.904
19.992
19.08
20.168
25.856
24.544
19.832
19.32
29.208
25.496
19.184
25.872
25.16
19.048
19.936
20.024
19.512
25
18.688
25.976
32.464
24.752
18.64
19.728
18.816
26.304
23.992
22.08
20.168
19.256
25.744
29.632
19.72
25.608
18.496
23.44
19.728
19.44
32.016
18.504
19.44
28.728
25.016
28.728
18.616
21.504
24.192
25.08
23.568
26.056
28.944
18.632
32.016
18.504
29.192
19.68
18.768
25.256
18.744
18.832
24.92
18.608
21.496
18.984
25.272
18.56
18.448
24.736
32.224
32.192
18.68
25.768
18.456
21.344
18.632
32.32
18.808
19.696
25.816
18.504
18.44
18.528
18.616
32.104
25.192
21.48
19.168
32.056
18.44
28.928
25.216
21.904
26.792
18.88
18.968
20.056
32.744
25.432
19.32
19.208
26.096
21.584
18.872
26.16
26.048
32.536
20.224
26.712
22
19.288
22.176
19.064
18.952
21.64
19.44
18.528
24.816
18.44
19.64
19.816
18.704
21.792
23.88
21.568
18.44
18.44
24.728
18.816
18.44
24.728
18.44
21.152
18.64
28.928
19.016
19.704
25.792
25.728
18.44
32.016
32.104
25.992
25.728
32.016
19.44
24.728
21.416
18.904
23.992
26.48
19.168
18.456
19.544
26.032
32.12
18.44
19.528
19.616
25.728
18.44
18.528
19.44
25.928
19.44
18.44
21.48
28.968
18.44
18.528
18.44
19.44
18.44
18.44
21.528
29.016
20.104
21.792
25.28
28.968
25.256
26.544
32.832
19.12
20.008
19.296
18.984
25.472
19.36
18.44
32.128
18.816
24.728
28.816
25.904
21.24
18.44
32.016
24.728
18.44
24.728
18.44
24.928
18.616
21.152
19.44
23.44
18.44
26.128
24.728
21.416
18.504
18.592
32.28
19.968
21.456
18.544
19.528
25.728
18.44
24.728
18.44
32.104
19.792
32.168
24.856
21.344
19.032
28.728
18.44
18.528
21.416
29.104
19.992
26.48
19.168
26.656
19.344
20.232
19.72
22.208
19.696
27.184
25.472
25.56
19.248
22.136
32.824
25.312
25.2
26.088
18.976
18.864
25.728
18.616
19.616
18.504
32.592
18.48
19.568
18.44
23.44
19.728
25.816
20.104
19.44
19.528
32.016
21.152
19.44
18.728
18.816
19.504
28.816
19.44
18.528
32.016
18.504
24.792
23.68
18.968
24.056
19.144
19.232
21.92
19.408
26.296
19.44
18.728
19.44
18.528
18.44
24.728
18.44
18.528
19.44
18.728
23.44
25.728
24.728
28.816
18.704
32.592
19.68
18.44
19.44
21.328
18.616
20.104
18.992
32.016
18.44
19.528
26.016
23.704
25.992
32.88
26.168
24.056
19.344
20.632
19.72
19.408
33.096
18.584
18.672
19.76
21.152
32.04
18.44
18.44
19.44
18.528
19.44
21.216
18.44
19.728
24.728
18.44
21.328
18.44
18.44
25.928
32.016
23.616
25.904
19.792
24.88
18.44
19.44
19.44
23.44
25.728
20.016
18.44
21.328
24.728
18.616
21.504
25.392
24.728
18.616
23.704
19.792
19.28
18.568
21.456
29.144
20.032
21.72
26.408
24.096
25.728
21.152
23.44
32.328
18.44
24.816
18.44
19.44
18.728
25.016
19.104
18.44
19.528
18.616
19.704
24.992
20.08
25.168
23.856
18.944
25.432
18.52
18.44
25.928
25.728
25.816
19.44
18.44
19.528
25.016
19.104
32.392
19.28
19.368
29.656
19.344
33.232
21.92
22.008
19.296
26.584
19.472
20.56
33.248
26.536
20.024
19.912
26.2
26.888
29.976
20.064
19.752
20.84
19.728
20.216
18.504
19.44
25.928
25.816
19.704
25.792
19.68
18.968
26.256
18.944
29.232
26.52
18.808
18.896
24.728
26.016
18.504
19.592
18.44
21.152
19.792
19.68
19.768
18.44
18.44
18.44
21.152
25.84
21.528
21.416
19.504
18.592
18.44
21.152
24.728
26.016
18.704
19.792
18.48
19.44
23.528
21.616
18.904
19.792
18.48
18.568
32.056
25.816
18.704
18.792
25.08
18.968
25.056
24.744
18.44
19.44
18.728
24.816
18.504
23.592
18.88
18.968
25.256
26.344
19.44
25.928
25.728
19.528
24.816
21.304
18.792
19.88
18.768
18.456
18.544
19.44
18.44
32.128
18.816
18.44
19.44
25.728
18.44
25.728
18.44
18.44
32.016
21.504
18.592
25.88
24.768
23.656
19.44
19.44
19.528
18.616
18.44
21.152
24.728
18.616
23.704
32.104
21.216
19.592
18.48
28.768
18.456
21.152
18.64
19.528
24.816
18.504
18.44
18.528
18.44
18.528
26.016
32.016
21.152
18.44
18.528
21.416
26.304
32.392
25.48
20.568
25.456
18.944
19.032
24.12
19.408
20.296
19.584
22.072
32.96
25.648
20.136
18.44
24.928
18.44
28.728
21.24
25.728
32.016
24.816
24.728
19.44
19.44
21.328
21.416
21.504
19.592
18.48
21.568
18.656
21.944
26.232
19.12
20.008
21.696
19.184
26.672
21.96
19.848
29.336
19.224
19.912
26.2
19.088
26.576
19.064
19.152
21.24
18.528
18.616
25.728
18.44
18.44
24.728
18.616
18.704
18.592
19.68
25.168
18.456
24.728
32.216
18.44
18.44
25.928
21.416
21.504
26.192
19.08
26.368
19.056
21.744
24.232
27.12
19.808
24.696
25.984
33.472
30.36
21.048
19.936
23.024
20.312
20.4
20.288
26.376
21.064
33.352
19.84
27.328
21.016
26.704
20.792
27.88
19.968
21.056
20.144
21.032
33.32
26.008
19.896
20.984
20.872
22.36
30.048
19.936
20.024
20.112
25
27.288
27.376
30.064
20.952
33.24
20.928
20.616
25.704
20.592
27.28
20.168
20.256
33.544
26.032
22.72
25.608
26.496
20.184
19.872
19.76
19.648
32.336
20.024
24.112
20.4
26.888
19.776
24.728
18.616
18.504
18.592
25.08
19.568
19.056
18.44
21.152
19.64
25.728
24.728
24.816
19.704
18.992
18.48
32.168
21.456
24.944
18.832
18.44
18.44
19.528
24.728
21.216
18.704
23.792
26.08
18.44
21.328
26.016
24.816
19.44
21.328
19.616
21.304
25.728
23.44
18.728
26.216
18.504
24.992
18.44
18.528
32.216
18.904
25.992
26.08
18.44
32.128
25.216
21.704
18.44
24.728
18.44
18.44
21.328
26.216
26.104
24.728
19.816
28.904
19.992
19.88
19.568
24.856
19.744
18.832
32.104
18.44
19.44
18.44
21.152
19.44
25.928
32.216
18.904
19.592
28.728
18.616
28.904
24.992
18.44
19.728
19.816
19.704
25.992
20.08
25.368
20.256
18.744
18.832
26.32
23.808
26.096
23.784
20.072
19.36
20.448
27.136
22.624
20.112
19.6
25.688
26.576
22.264
18.952
21.64
32.016
21.304
19.792
18.88
32.568
25.856
21.152
18.44
21.152
18.44
19.44
21.152
21.24
25.928
19.616
18.704
24.992
21.152
18.44
18.528
19.64
24.816
25.904
25.792
18.68
24.768
18.44
18.528
25.728
32.416
19.504
25.792
24.816
25.904
23.616
19.704
18.992
26.28
19.168
18.456
19.44
18.728
19.816
25.304
18.992
20.08
19.368
19.056
29.144
24.832
18.52
32.016
18.44
18.528
19.44
18.728
19.44
19.528
24.816
18.44
18.44
19.44
18.44
18.44
24.928
24.816
24.904
18.44
21.528
25.816
18.504
24.728
19.616
25.728
18.44
18.44
18.528
19.44
32.128
32.216
18.504
23.44
19.528
25.016
25.104
26.192
19.88
18.968
19.056
19.144
32.632
24.32
33.008
19.096
21.984
33.272
26.96
19.848
20.936
27.024
20.512
33
20.688
20.176
19.464
22.352
20.64
33.128
19.816
19.704
21.992
19.44
18.44
24.928
23.44
18.728
26.216
19.104
24.992
18.88
21.168
18.44
24.728
23.44
19.44
18.728
18.44
19.44
25.728
24.816
26.104
32.016
19.704
18.592
19.68
18.768
19.656
24.944
32.432
26.52
20.008
26.496
18.984
19.072
20.16
19.448
29.336
26.624
20.912
19.6
19.488
19.576
25.864
19.952
19.24
19.328
20.216
26.504
19.192
18.88
19.44
19.44
18.44
18.528
32.016
18.504
32.016
18.44
19.44
25.928
18.616
18.704
19.792
21.48
18.968
26.256
19.144
19.232
18.92
19.008
25.896
25.728
19.616
18.904
18.992
18.48
18.44
19.528
18.44
18.528
18.44
19.528
29.016
18.504
18.592
24.728
25.816
28.728
18.44
18.44
21.328
19.616
18.704
18.792
18.44
21.528
18.616
19.904
18.792
25.28
19.168
25.656
19.144
19.44
28.928
24.728
18.44
19.528
26.216
18.904
19.792
25.28
19.168
19.256
25.744
24.728
25.816
24.728
26.016
18.904
25.992
19.68
18.768
18.856
18.744
18.44
19.528
18.616
18.704
18.792
18.68
18.768
24.856
18.744
32.016
18.704
18.44
19.44
24.816
18.44
19.728
32.416
18.44
25.728
19.616
32.504
18.992
18.88
25.168
19.256
19.144
18.832
18.92
19.008
32.016
18.704
18.792
18.48
19.768
19.44
21.328
18.616
24.728
18.44
18.44
18.528
19.616
18.904
18.792
18.88
18.768
18.856
18.944
25.832
32.32
25.208
19.896
26.384
19.672
25.728
19.616
32.304
21.24
25.728
18.44
18.528
18.44
32.128
18.616
24.104
21.792
19.08
18.968
18.856
18.44
19.44
24.728
25.728
21.416
26.104
21.592
32.28
19.968
18.856
18.944
19.032
19.12
32.016
18.504
18.592
18.44
23.928
24.016
24.104
21.392
32.88
24.368
28.856
21.152
32.168
19.656
18.544
24.728
26.016
18.704
24.992
23.48
18.44
23.728
18.816
18.904
19.792
18.88
18.44
18.528
25.216
18.704
18.792
24.728
18.44
21.328
25.016
25.104
18.592
18.48
18.568
25.728
19.616
18.704
18.792
25.08
18.768
25.056
19.144
18.632
25.728
18.44
21.152
23.504
18.592
25.728
21.416
26.104
26.192
18.88
25.168
32.256
18.944
24.232
19.72
19.008
24.096
19.184
25.072
18.96
21.848
28.728
18.44
32.128
19.816
19.104
20.192
25.48
26.568
19.256
19.344
26.232
21.72
26.608
24.496
26.584
19.472
19.44
24.728
21.152
19.64
18.44
18.44
18.44
25.728
25.728
18.44
32.016
24.904
23.992
25.28
25.168
20.256
20.344
20.032
20.12
25.816
25.904
19.592
21.28
18.44
25.728
20.016
25.816
25.728
19.44
24.928
18.44
19.528
18.44
18.44
18.44
23.728
25.216
19.104
26.592
19.48
19.168
21.256
23.44
25.728
19.44
18.44
24.728
25.904
28.992
25.728
24.728
18.616
32.304
19.792
19.28
19.44
25.928
19.616
24.104
25.992
21.28
18.44
32.328
26.016
18.904
18.992
29.28
19.168
29.656
20.544
19.832
29.52
25.808
20.496
19.784
22.672
26.56
20.448
22.536
24.624
19.712
22.6
20.088
21.376
27.864
21.552
28.04
20.928
27.416
21.304
27.392
21.08
21.168
21.056
19.944
33.632
20.32
23.008
30.896
20.584
20.672
22.56
19.848
26.936
20.824
22.512
19.6
26.888
19.776
21.464
26.152
18.84
23.528
19.616
18.504
19.44
18.728
21.416
19.528
19.44
18.44
19.528
26.016
18.44
24.928
19.44
21.152
19.64
18.728
18.616
18.44
23.528
19.816
19.104
19.44
19.616
24.728
18.616
19.704
26.192
21.68
18.968
29.256
19.944
26.432
32.12
19.608
18.44
24.928
18.44
25.728
18.616
24.728
21.416
19.44
18.728
29.216
19.104
18.992
19.08
26.368
19.256
21.544
18.632
18.72
32.208
18.896
19.984
19.072
18.96
19.048
23.936
25.024
26.312
19.6
18.488
18.576
23.664
29.152
26.04
32.328
19.216
19.304
18.44
18.44
19.44
32.128
19.616
19.44
18.528
18.616
24.728
18.44
19.44
19.44
24.728
28.816
25.104
18.792
21.68
20.168
20.256
25.544
19.432
26.72
22.208
19.696
33.384
21.272
27.76
19.848
27.336
26.424
20.912
27.2
19.888
19.576
33.264
33.152
25.84
19.728
19.528
19.616
25.728
18.616
21.304
25.392
21.68
26.568
19.056
32.944
18.832
32.016
18.504
18.44
23.928
25.216
18.904
18.992
26.28
18.768
21.656
18.944
19.832
25.12
26.408
21.696
25.584
19.872
24.76
18.648
18.44
24.928
23.44
24.928
19.816
18.704
18.44
24.928
23.616
18.904
18.992
18.68
26.168
18.656
19.744
18.832
21.92
25.608
19.496
20.184
19.528
18.616
28.904
18.792
21.48
18.968
18.44
21.152
28.84
25.128
18.816
28.816
18.44
21.152
19.44
23.528
21.216
25.904
25.792
21.152
19.44
18.44
18.528
24.816
18.44
19.44
25.928
21.616
18.44
19.528
18.816
21.304
19.792
26.08
18.568
19.856
18.744
18.832
18.92
18.44
25.728
18.44
19.44
18.728
26.416
18.904
21.192
18.48
25.728
18.616
18.44
25.928
21.216
19.104
21.592
19.48
19.568
26.656
21.944
20.032
19.72
27.008
26.096
19.984
27.472
20.36
22.248
20.536
20.624
20.712
20.6
20.488
22.776
20.264
19.552
19.44
26.928
19.216
21.904
19.192
19.88
19.44
24.728
18.44
24.728
19.528
25.728
19.44
21.328
18.44
19.728
18.616
26.104
18.44
24.728
18.816
26.104
23.792
26.28
18.968
23.656
19.528
19.44
18.44
18.528
28.816
19.704
18.792
19.68
18.968
18.856
26.144
21.832
19.12
19.208
18.44
18.528
21.216
19.704
18.592
18.44
32.128
18.816
18.904
19.792
19.28
24.968
19.44
24.728
23.616
19.528
32.016
18.504
28.728
19.616
18.704
18.792
24.88
24.728
18.44
19.528
24.816
25.816
23.704
24.992
18.44
18.44
25.928
28.816
18.704
32.192
19.68
18.968
18.856
18.544
23.44
25.728
28.816
18.44
18.528
21.416
25.104
32.392
23.88
18.968
32.056
26.144
28.832
19.72
18.808
19.896
18.44
25.728
19.44
18.44
19.528
18.44
32.016
24.904
21.392
26.28
19.968
19.056
29.344
21.832
26.52
19.208
26.696
19.384
25.672
32.104
18.44
24.728
18.44
19.44
18.728
21.416
18.504
18.44
19.528
19.44
18.528
25.816
19.704
19.592
19.48
18.568
24.856
18.744
19.632
32.52
19.208
19.696
19.584
18.872
26.36
20.048
23.936
19.44
25.728
18.616
18.704
25.992
19.44
18.728
32.216
18.44
23.44
18.728
18.44
19.528
32.104
21.152
19.44
25.728
23.44
19.728
18.616
18.504
28.992
19.44
18.44
19.44
18.728
19.816
26.304
18.592
28.88
25.168
26.056
18.944
25.232
19.92
19.208
26.696
26.784
21.872
18.76
32.016
18.704
19.792
26.08
18.768
26.256
19.544
25.032
24.92
18.608
26.096
19.784
18.672
20.16
19.048
18.736
21.824
32.312
20
32.088
19.776
18.864
26.352
19.24
19.328
25.416
19.304
26.392
32.68
19.568
19.656
18.44
25.728
18.616
18.704
18.792
18.68
18.44
18.44
19.44
23.44
24.792
19.68
18.768
28.856
24.728
18.44
25.928
18.44
19.44
32.104
18.44
18.528
26.016
18.504
19.792
18.88
19.768
25.728
19.616
19.44
24.728
25.816
18.44
32.328
18.816
18.704
24.792
24.88
25.728
32.216
19.704
19.792
18.88
23.528
18.616
28.904
18.992
18.68
18.44
24.928
25.016
28.904
19.44
18.528
32.216
25.304
26.392
18.68
18.768
19.656
18.44
18.44
19.44
24.928
26.216
19.44
18.728
18.44
24.904
19.592
18.44
19.528
18.44
19.44
25.728
32.216
18.704
18.592
18.44
32.128
25.816
18.504
21.392
18.68
18.768
18.856
26.144
18.832
18.44
24.728
25.816
24.904
24.792
18.68
25.968
23.856
18.744
21.152
24.728
23.44
21.328
18.816
18.44
32.016
21.304
32.192
18.44
18.44
29.128
18.616
18.44
25.728
18.44
18.528
18.616
18.504
24.728
18.616
25.904
18.44
18.44
21.152
24.728
19.44
18.44
19.528
29.216
18.904
29.392
25.68
32.568
21.656
19.144
20.432
18.72
25.008
19.096
19.184
21.472
26.56
19.448
18.736
18.624
18.512
18.44
18.44
21.152
18.64
23.928
18.44
18.44
32.016
18.704
18.44
23.44
32.016
25.904
18.592
18.68
18.568
26.056
18.944
25.728
19.44
18.528
26.016
19.44
18.728
29.016
25.504
24.192
24.08
20.368
19.056
18.44
23.528
25.816
21.152
18.64
18.44
25.728
18.44
25.928
18.816
32.304
26.392
21.152
18.64
18.728
21.816
19.44
18.728
25.016
32.504
19.192
29.68
26.768
28.856
24.728
21.152
18.64
25.128
19.816
18.704
19.44
24.816
25.904
18.44
24.728
19.616
18.704
26.192
23.68
19.968
25.456
22.144
25.832
20.92
19.808
27.096
21.384
19.872
19.76
20.848
20.136
33.224
27.112
25.2
25.288
18.976
18.464
18.44
18.44
28.728
21.328
32.016
18.704
21.152
24.728
32.216
18.704
26.192
21.48
24.768
18.456
21.344
25.032
19.92
19.208
20.296
20.384
18.872
21.56
23.528
26.016
18.704
29.192
26.48
25.568
26.456
19.344
21.432
18.44
23.528
19.816
26.104
18.592
18.68
18.44
32.128
18.44
24.728
19.44
25.928
21.152
24.84
18.528
32.416
18.904
18.592
18.68
19.568
26.056
23.944
29.432
18.52
19.608
19.696
18.44
23.528
32.104
18.592
26.08
18.968
18.856
32.344
19.232
19.12
26.408
18.496
25.984
18.672
18.44
23.44
28.728
19.616
19.704
21.152
19.64
25.928
20.016
18.904
22.192
19.88
18.568
20.256
24.944
18.832
18.92
19.008
19.896
19.384
18.872
19.76
29.248
19.136
19.824
25.312
18.6
23.688
26.376
25.864
24.816
19.704
18.44
32.128
18.44
18.528
19.44
24.728
18.616
18.504
19.44
18.728
26.216
18.904
18.792
25.08
26.368
26.256
21.344
21.232
25.728
25.728
25.728
18.44
19.528
23.44
25.728
18.44
18.44
21.152
32.44
18.728
29.016
18.904
19.792
19.44
18.728
25.016
26.304
26.392
18.68
21.568
20.056
19.144
21.632
18.72
25.008
18.696
26.184
19.072
26.36
19.248
18.736
18.824
26.112
18.44
18.528
25.728
21.216
18.904
18.792
21.68
21.368
18.44
18.528
21.152
19.44
25.928
23.816
32.304
18.992
19.68
21.368
18.656
19.44
25.928
18.816
19.504
25.992
19.992
18.68
22.368
26.456
24.144
26.632
19.72
32.104
24.992
32.08
18.768
24.856
18.544
28.728
23.44
18.728
18.816
18.704
19.792
19.08
19.168
24.256
20.344
25.832
19.72
19.408
19.296
18.984
20.072
18.96
26.448
25.536
19.224
25.512
19
18.888
18.976
18.864
18.752
26.24
18.928
25.016
25.104
19.592
18.88
18.968
19.856
19.144
19.232
25.52
19.608
18.44
32.016
19.44
24.928
21.616
19.104
21.792
19.28
20.168
18.656
19.44
18.44
18.44
18.44
21.328
32.216
21.704
19.792
19.44
28.728
19.44
19.44
18.528
26.016
26.104
18.792
26.08
18.968
19.056
26.144
26.232
18.92
18.808
18.44
21.328
18.616
18.704
23.792
24.904
18.44
21.328
18.816
18.904
19.992
18.88
29.368
18.856
19.44
18.44
25.928
18.44
28.816
25.904
32.392
25.28
26.568
19.856
28.944
19.44
18.44
21.152
25.84
25.728
24.816
18.704
18.792
23.528
29.016
19.44
18.728
19.816
21.704
21.152
24.728
18.616
25.904
18.792
18.88
28.968
26.056
25.744
18.632
19.528
25.816
19.44
19.528
18.44
19.528
18.816
25.728
23.44
23.44
18.728
25.816
21.304
28.992
23.88
21.152
32.44
21.528
25.016
19.44
24.728
32.016
28.728
24.816
18.704
23.44
18.728
19.816
18.904
19.992
19.28
20.368
19.056
18.944
26.432
25.32
19.008
26.296
26.384
20.072
32.36
25.848
18.736
21.424
21.152
18.44
25.728
28.816
28.728
18.616
19.904
26.192
20.08
19.368
20.456
24.144
24.816
18.704
19.592
19.08
18.968
21.256
24.728
21.216
26.104
18.992
25.28
19.368
26.856
19.344
26.632
18.72
18.608
19.696
18.984
18.672
23.44
18.44
32.128
18.44
32.328
19.616
26.304
21.792
29.48
19.168
21.856
32.744
29.432
22.32
26.808
19.696
26.384
18.44
18.44
21.152
18.64
25.128
19.016
21.504
19.392
21.152
18.44
21.328
19.816
25.104
20.192
19.08
20.568
19.456
25.744
19.632
26.12
19.808
26.096
25.584
20.472
19.96
19.648
24.936
19.824
18.912
19.6
25.888
25.904
18.592
19.48
18.44
25.728
32.016
19.528
18.616
24.728
24.728
24.816
19.44
32.128
25.016
18.904
26.192
18.88
18.968
19.44
32.128
18.44
18.44
24.928
19.44
32.128
18.816
21.704
19.192
26.48
19.568
22.056
19.944
20.032
21.92
20.008
26.296
18.784
19.872
25.36
18.848
21.536
19.024
20.312
19
20.088
18.776
18.864
29.352
18.44
32.328
18.44
18.528
18.44
18.528
24.728
25.816
18.504
19.44
18.728
18.816
25.728
24.728
32.216
18.704
25.192
19.88
19.368
25.656
26.944
24.232
19.72
22.208
27.296
20.984
19.872
19.76
25.048
21.136
26.624
20.512
27.8
21.288
20.376
21.264
20.152
21.44
20.128
20.016
22.504
19.792
26.88
20.168
19.656
25.144
19.44
18.44
19.728
19.44
18.528
25.816
18.704
18.44
19.44
24.728
23.44
18.44
28.728
18.44
18.528
18.44
25.728
21.216
18.904
18.992
26.48
19.968
29.456
19.944
19.232
21.24
18.44
24.928
32.016
19.504
21.152
28.84
21.528
18.816
21.504
18.44
21.568
19.44
25.728
18.44
28.928
18.816
19.904
18.792
18.88
21.368
18.656
32.016
19.44
32.016
25.728
19.44
24.728
21.416
18.904
19.992
26.68
19.368
27.056
19.344
21.832
19.52
20.408
19.896
19.984
20.872
20.16
19.848
27.136
24.824
26.912
19.8
20.688
27.576
30.264
19.952
20.84
22.328
22.016
21.504
18.44
32.128
19.44
18.728
19.44
19.44
18.728
25.016
21.704
19.392
24.08
20.368
19.456
19.944
26.032
29.12
19.208
20.296
25.784
20.472
19.56
20.048
19.336
22.224
21.712
19
19.688
25.176
25.728
18.616
18.504
25.728
18.44
18.44
32.328
20.016
19.104
18.592
18.68
19.768
32.456
18.44
23.44
18.728
18.616
19.704
26.192
21.152
18.64
21.152
32.04
18.728
18.816
19.704
18.992
32.68
18.968
26.056
21.744
32.832
19.52
26.408
19.096
24.184
25.672
21.16
24.848
18.736
26.024
19.512
18.8
26.088
21.576
26.464
18.952
19.84
25.128
18.44
19.44
24.928
26.216
19.104
18.792
25.88
28.968
26.056
18.544
18.632
18.72
24.728
19.44
25.728
25.728
21.416
26.104
24.992
18.88
23.568
18.456
18.544
28.792
23.68
18.44
25.928
18.44
32.328
18.816
32.304
24.792
18.48
21.368
26.056
19.544
18.632
19.528
19.616
19.704
18.592
21.48
18.968
20.456
24.344
27.032
20.52
25.808
19.296
20.184
20.272
20.36
25.248
21.936
26.424
18.912
18.6
21.152
28.84
21.328
19.44
18.44
19.528
18.816
26.304
18.992
18.88
32.568
19.056
19.544
18.832
25.12
18.808
25.296
24.984
18.44
25.728
21.328
21.152
18.44
21.152
21.24
18.44
18.44
21.328
23.616
25.904
21.192
25.728
18.44
18.44
18.44
18.528
25.816
18.904
26.192
25.88
21.152
18.44
28.928
19.816
18.904
23.792
25.08
25.168
32.656
18.744
19.44
25.728
18.44
18.44
21.328
19.728
24.816
25.904
25.192
18.48
18.44
18.528
25.728
19.616
18.504
21.392
18.88
20.168
29.056
25.144
19.032
18.92
19.808
18.896
21.984
19.272
20.16
19.448
19.136
22.024
25.912
19.4
25.888
32.976
26.264
19.152
21.84
19.44
25.928
18.616
21.152
24.728
18.44
32.128
32.216
21.504
18.44
18.44
19.44
21.328
18.44
18.528
21.328
19.616
24.728
18.616
24.904
18.992
19.68
25.168
18.856
18.944
19.032
21.72
23.608
25.096
26.384
21.472
18.76
21.848
25.936
18.44
18.44
28.816
18.44
23.528
18.44
24.728
32.216
18.44
19.528
18.44
18.528
25.816
18.704
18.792
25.816
18.504
18.44
18.528
24.728
21.416
26.104
25.792
18.44
19.44
25.728
21.152
19.64
18.728
18.616
19.704
18.792
23.68
18.968
32.456
18.744
29.232
19.12
24.208
26.896
33.184
20.072
27.36
20.248
20.736
20.424
19.512
22.6
25.288
18.976
24.864
18.552
32.192
19.528
18.44
19.44
18.728
25.728
32.016
25.728
19.616
26.104
18.792
21.48
18.44
28.728
19.616
25.104
19.992
25.88
19.568
18.656
24.944
18.832
19.72
26.408
25.096
18.784
18.672
29.16
19.848
25.936
29.024
24.728
26.016
19.704
18.792
26.28
18.768
19.856
28.728
26.016
29.104
19.592
24.88
23.768
19.056
20.144
26.832
19.52
19.608
20.296
25.984
33.272
19.96
18.648
18.536
18.44
21.152
24.728
19.816
18.44
24.928
19.44
28.928
29.016
18.704
21.392
26.08
26.168
19.44
25.928
21.616
32.504
18.44
19.64
18.44
19.44
19.44
18.44
21.152
18.44
25.928
25.816
18.44
28.928
24.816
32.016
21.504
19.616
25.728
25.816
19.728
18.44
25.728
18.616
25.904
18.592
23.68
26.368
18.856
19.944
18.44
19.816
28.904
32.192
19.48
18.768
19.856
18.944
28.832
21.152
18.64
18.44
18.528
25.816
18.504
18.592
26.08
18.968
25.728
19.44
18.44
32.104
24.728
25.728
24.728
19.44
18.44
19.904
19.792
18.44
18.44
19.528
18.616
21.504
25.992
21.68
19.968
19.44
18.528
19.44
18.44
19.44
24.728
18.616
23.504
18.44
18.44
19.528
19.616
21.152
19.44
25.728
23.44
19.616
18.504
19.992
29.08
25.568
19.456
20.944
26.032
20.92
19.608
30.096
27.384
20.072
19.56
19.448
18.936
19.024
18.912
21.24
18.728
24.816
32.104
18.44
19.44
18.44
19.44
18.528
24.728
23.616
21.504
26.392
18.68
23.968
20.056
21.944
32.832
21.72
26.408
25.296
19.984
19.272
19.96
25.448
29.536
19.624
19.712
19.6
19.088
19.976
19.064
29.552
26.64
20.328
19.616
24.904
26.192
18.88
18.44
19.528
25.216
19.904
19.192
22.08
18.968
19.056
24.144
18.44
19.44
18.528
19.64
18.528
32.216
24.728
32.016
18.704
18.792
19.64
18.528
24.728
18.44
25.728
21.216
32.016
18.504
25.992
26.08
23.968
19.056
32.544
25.232
18.92
25.608
23.496
19.584
19.472
25.728
19.616
25.728
18.616
19.504
18.44
19.528
19.816
18.44
19.528
19.616
25.104
19.992
25.48
21.768
19.256
20.144
20.232
25.816
21.304
25.992
19.88
24.768
18.656
18.744
32.016
18.704
19.44
18.528
19.44
18.44
19.44
18.528
19.816
18.44
25.928
19.44
24.728
25.816
19.504
18.592
25.08
18.568
18.44
18.528
26.016
23.704
18.592
24.728
18.616
18.704
19.592
19.68
25.728
18.616
26.104
25.728
18.44
18.44
18.528
18.616
25.728
23.616
18.704
23.792
20.08
23.44
19.44
25.728
19.44
24.928
18.44
18.528
18.616
19.504
25.192
18.88
21.152
28.728
21.416
23.504
32.016
18.704
23.44
21.328
32.416
18.704
21.592
26.48
32.568
19.056
19.944
20.032
26.52
19.408
24.096
20.184
18.872
18.76
21.848
29.336
18.44
19.528
18.44
19.44
19.528
18.44
18.44
19.64
18.528
26.016
24.728
21.416
18.504
19.992
21.88
25.168
20.456
19.144
20.632
24.728
18.616
21.304
19.592
26.08
18.768
18.44
24.728
19.44
18.528
29.016
18.704
18.44
21.152
18.64
18.728
23.816
18.904
25.192
19.44
18.728
32.016
24.728
18.616
19.704
18.792
19.88
25.968
19.456
25.728
19.64
24.928
21.616
26.504
18.992
20.08
19.368
25.856
32.944
19.432
32.92
26.008
32.128
26.016
23.904
18.992
18.48
24.968
32.256
23.744
25.032
23.528
32.016
23.44
18.528
18.616
21.504
18.44
18.44
25.728
18.616
18.704
26.192
26.28
21.368
25.656
19.944
26.632
21.92
19.808
24.296
32.784
29.272
26.36
19.248
29.536
26.824
26.712
19.2
29.288
26.576
18.864
20.152
21.44
18.528
19.44
18.728
18.816
26.304
19.192
26.48
25.816
21.152
18.44
18.44
24.728
21.24
18.528
19.44
18.528
18.44
19.528
18.816
19.904
26.392
18.68
23.768
26.456
19.144
20.232
19.52
33.008
26.896
29.984
19.472
33.56
20.848
20.136
30.624
23.312
20.6
21.888
23.776
27.064
20.152
21.24
20.528
23.416
28.304
21.192
20.28
22.768
19.456
19.344
29.632
19.72
19.008
19.896
18.44
18.528
18.44
28.728
21.152
32.04
19.528
19.616
18.704
21.192
23.68
21.568
18.656
19.744
19.64
18.44
19.528
18.616
19.904
23.992
19.68
18.44
24.728
19.44
18.44
23.528
19.616
32.304
24.992
18.44
19.44
21.24
24.928
25.728
21.216
18.904
18.792
21.48
18.768
18.856
18.44
18.44
25.928
24.816
24.728
18.44
23.528
18.816
18.504
21.392
25.08
18.768
18.856
21.744
24.232
19.12
25.408
22.096
19.44
24.904
18.592
18.44
18.528
21.416
19.504
18.792
25.28
26.368
32.856
24.544
18.832
19.528
25.016
28.904
18.592
18.68
19.44
25.728
19.44
24.928
18.44
24.928
18.616
18.704
24.728
18.616
19.504
25.392
21.68
19.368
19.456
20.144
19.832
19.32
20.208
25.696
20.384
22.272
25.16
20.048
18.44
25.728
32.216
19.904
18.44
21.416
32.104
18.792
21.24
28.928
18.816
21.904
18.992
20.28
19.368
25.456
26.744
26.632
19.32
20.408
20.496
26.984
24.872
21.16
19.848
25.136
20.024
32.912
19.4
24.688
24.776
19.664
18.952
20.04
25.728
19.616
19.44
19.528
21.416
19.504
23.592
25.88
19.568
18.44
18.44
19.528
19.44
18.728
18.44
18.44
23.44
24.728
21.24
18.728
18.616
18.504
25.992
21.152
19.64
19.528
18.616
18.504
24.792
18.68
32.168
18.44
18.528
26.016
25.904
19.44
21.24
25.928
19.816
19.104
19.992
32.68
21.768
19.256
19.344
24.432
20.72
25.808
19.696
19.384
22.072
19.76
19.048
21.536
32.024
24.728
26.016
25.728
18.44
18.44
24.728
21.416
24.904
28.992
26.48
18.968
21.256
19.44
18.728
32.216
25.904
24.992
19.48
18.44
18.44
25.728
21.216
18.904
24.728
19.616
18.44
25.928
19.616
19.504
25.992
21.48
18.968
21.856
18.944
20.032
19.32
32.808
25.696
33.184
27.272
19.76
26.448
19.936
19.024
21.512
19.8
19.088
26.576
19.464
19.552
26.44
19.328
25.816
20.304
27.192
29.68
19.768
26.256
21.144
24.432
19.52
22.408
33.296
20.984
27.072
27.16
20.048
20.936
20.424
27.512
20.8
20.688
18.976
24.864
18.552
19.44
18.728
25.216
32.504
18.44
32.104
18.44
25.728
19.616
18.504
24.728
21.216
18.704
26.192
19.48
18.568
19.456
25.744
18.44
18.44
32.016
18.704
25.792
18.68
18.44
24.728
25.728
32.016
21.152
18.64
19.928
28.816
32.304
18.44
24.928
32.216
26.104
29.392
19.08
25.368
19.856
18.44
19.528
18.816
19.904
18.592
20.08
23.528
24.728
26.016
18.504
21.24
19.616
18.704
25.192
25.88
19.968
18.856
22.144
20.232
20.32
20.208
19.896
18.44
18.44
19.528
23.616
18.904
26.192
20.08
18.568
24.856
21.344
18.632
18.44
18.528
19.64
18.528
25.016
18.904
25.728
18.44
18.44
24.816
18.504
18.44
24.728
18.44
21.328
18.616
18.44
23.44
18.528
25.816
19.704
25.992
29.08
24.968
18.656
24.744
19.832
19.72
18.608
24.728
19.44
25.928
21.416
32.504
19.392
19.48
19.368
25.256
24.144
32.232
25.12
21.608
18.896
18.584
18.472
18.44
19.44
18.728
21.616
26.304
20.192
19.48
26.968
19.856
19.944
24.432
20.32
33.008
19.496
24.984
18.472
19.76
18.848
21.736
18.824
23.712
19.6
32.688
25.976
29.064
19.152
32.24
19.44
18.528
32.016
21.504
23.992
25.28
20.568
19.456
29.744
27.032
21.32
21.408
20.096
19.384
25.672
25.728
19.616
18.904
19.992
18.68
20.168
25.856
32.344
23.832
18.92
26.008
18.896
18.784
25.072
18.76
18.848
32.536
18.624
23.712
19.8
25.728
19.616
18.904
19.592
18.88
19.44
18.728
26.016
19.704
18.792
21.88
25.768
18.656
19.544
25.432
26.72
18.44
23.44
21.328
18.616
18.704
19.792
18.48
24.816
18.704
18.44
25.728
23.704
18.44
19.44
19.528
28.816
18.504
18.44
18.44
23.528
19.44
18.44
28.728
25.816
18.44
18.44
24.728
29.016
19.904
19.192
18.88
18.568
21.456
24.944
25.832
18.52
19.44
23.528
18.816
24.728
32.016
18.704
21.792
19.08
19.968
21.152
32.04
19.528
32.216
19.904
19.592
25.08
19.568
18.856
18.544
19.632
21.328
18.616
32.304
18.992
19.08
18.44
28.928
19.816
18.704
19.592
29.08
26.368
24.856
19.744
26.432
21.72
19.208
18.896
19.44
19.44
25.728
18.44
21.24
19.728
18.44
19.928
18.816
18.704
18.44
18.44
21.328
19.44
18.44
32.016
18.504
19.44
25.728
18.44
21.152
23.44
19.528
18.616
19.44
32.128
19.816
19.704
18.992
20.08
19.168
18.856
18.744
18.44
18.44
18.528
21.216
25.816
18.44
25.728
19.44
18.728
18.616
25.728
21.216
26.104
18.792
25.08
29.168
19.056
32.016
25.104
19.44
24.928
18.616
21.24
18.728
20.016
25.728
19.616
19.704
24.992
19.88
19.168
26.056
18.744
19.832
32.52
19.808
21.152
25.84
25.728
24.728
19.528
32.216
18.704
21.592
26.28
25.368
20.056
18.744
26.032
19.52
18.44
19.44
18.528
18.44
19.528
25.216
19.104
19.992
19.48
20.368
27.256
24.344
19.832
19.92
20.008
19.896
19.984
26.472
21.96
19.648
27.136
26.424
32.912
19.6
20.688
19.776
19.864
20.952
26.64
32.928
19.416
25.904
19.792
18.88
21.768
19.256
22.144
18.44
18.528
21.416
25.904
25.792
32.28
21.568
21.656
32.544
20.232
25.12
26.408
25.496
19.384
20.072
19.56
19.248
19.336
20.024
19.112
25
18.44
18.44
23.44
25.928
19.616
18.704
24.992
24.728
18.44
18.44
18.44
25.728
21.216
19.704
21.192
25.08
24.728
18.44
23.528
18.816
18.904
18.792
18.68
18.768
26.256
19.44
32.016
19.504
23.792
25.88
21.152
19.64
32.016
18.704
19.992
25.88
19.768
18.856
26.344
19.232
19.32
18.44
23.44
25.928
18.816
23.704
18.792
25.88
25.968
18.456
32.144
18.44
19.44
25.928
19.816
19.104
24.792
21.48
26.168
18.856
19.944
19.504
18.592
18.68
26.168
29.256
18.944
25.232
21.72
20.008
19.096
19.528
19.44
25.928
25.728
19.44
18.728
26.216
23.904
18.992
25.28
32.768
19.44
18.528
24.728
24.728
25.816
18.704
18.592
18.68
24.728
18.44
19.528
21.152
25.728
19.616
18.904
26.392
23.88
20.168
27.056
19.744
26.832
19.52
18.608
18.44
18.44
19.44
18.528
19.816
18.44
25.928
23.616
18.904
18.792
18.48
19.568
26.256
18.744
18.832
18.52
18.44
18.44
28.728
26.016
21.152
32.04
18.528
21.152
18.64
18.728
26.216
18.704
18.44
19.528
32.016
25.104
18.992
29.08
21.768
19.656
19.744
19.832
32.92
27.208
24.896
20.784
22.872
28.16
21.448
21.536
21.224
27.712
29
28.888
20.176
21.264
20.552
27.84
21.728
27.216
34.304
20.792
34.08
20.568
34.256
20.944
20.232
21.32
20.208
34.096
20.384
20.472
20.36
20.448
25.336
20.424
25.512
20.4
25.088
29.976
20.664
19.752
22.64
18.728
19.616
18.504
23.592
18.44
18.44
18.44
18.528
18.616
21.152
25.728
19.44
19.616
25.728
19.616
19.504
18.44
32.016
18.504
18.592
18.68
18.568
23.656
18.544
18.44
25.928
21.416
18.704
19.992
18.68
24.816
25.728
24.816
18.44
19.44
18.528
21.616
21.504
19.992
29.28
25.968
18.656
19.744
19.032
18.92
20.008
25.296
19.44
18.44
21.152
23.84
18.728
18.616
24.816
18.44
32.016
21.504
19.992
21.68
19.568
25.856
21.544
32.632
18.92
25.208
19.096
20.384
19.472
24.36
19.448
19.536
21.152
19.44
18.528
21.616
18.904
18.792
24.88
18.568
24.856
19.744
19.032
20.12
19.008
21.896
19.384
19.272
26.56
18.848
18.736
18.824
21.512
25.8
18.688
19.776
18.44
19.528
19.44
19.44
19.44
19.528
21.216
25.904
18.592
20.08
24.728
18.44
19.44
18.528
19.616
25.728
18.616
19.504
19.592
23.68
26.168
19.056
32.544
19.032
25.92
18.608
23.896
19.984
19.072
20.16
19.448
25.536
19.024
19.512
18.44
23.728
18.816
21.304
18.44
18.44
18.44
21.528
32.416
18.504
19.792
32.08
21.568
26.256
32.016
18.504
18.592
21.48
25.968
18.656
18.744
23.832
20.12
18.608
19.44
25.928
19.616
19.104
18.992
20.08
18.768
25.856
32.344
20.032
26.52
25.808
25.816
19.704
32.016
18.704
18.44
25.728
24.728
24.904
25.792
25.28
19.568
19.656
25.544
18.832
25.32
19.808
19.096
25.584
19.272
19.36
18.848
18.44
25.928
19.616
25.304
24.992
19.68
18.968
18.656
19.744
18.44
18.44
25.728
21.152
19.616
19.704
19.528
21.416
18.704
21.792
25.08
20.568
24.256
21.944
26.432
21.92
19.608
20.496
26.984
18.872
24.16
21.848
18.44
25.928
32.016
19.104
18.992
18.88
28.968
18.44
24.728
25.816
19.44
18.44
23.528
21.216
18.504
18.44
18.528
18.44
18.44
18.528
25.816
19.504
18.44
19.528
26.216
18.44
19.64
32.016
25.904
19.792
19.44
25.728
18.44
19.528
25.816
18.704
19.44
18.728
23.44
18.528
24.728
18.44
24.728
19.44
24.928
32.216
19.704
32.192
19.48
18.768
21.656
26.544
20.432
32.92
19.808
18.896
18.984
19.072
19.96
18.848
26.336
19.224
26.512
19.2
19.888
19.976
26.464
25.552
19.44
25.128
19.44
18.44
21.528
25.016
20.104
18.992
20.08
18.568
23.656
18.744
32.632
19.12
18.44
23.528
18.616
32.016
18.44
18.44
25.728
25.728
18.44
24.728
18.616
26.104
26.192
23.616
19.504
19.592
19.48
18.768
23.856
25.544
20.232
19.72
20.608
20.096
25.784
20.072
32.76
19.248
32.536
18.824
19.712
18.6
21.152
28.728
18.44
19.44
32.128
18.616
32.016
19.704
25.192
19.48
32.016
18.504
32.016
32.016
19.704
29.192
19.48
21.168
21.152
19.64
18.528
24.816
26.104
18.992
18.68
18.568
18.456
18.544
32.016
18.44
25.928
18.816
32.304
18.44
18.528
24.816
18.904
18.992
32.016
18.704
21.592
21.48
19.968
18.656
18.44
21.328
18.816
21.704
18.992
19.08
20.568
19.056
21.944
19.032
18.92
23.808
18.496
32.184
21.472
18.96
18.848
19.736
19.624
18.912
18.44
18.528
25.728
32.016
18.44
23.44
18.528
18.44
18.44
21.152
25.728
18.44
23.528
19.616
18.44
28.728
18.44
19.44
21.152
18.44
18.528
25.904
19.44
18.528
18.44
18.44
19.728
18.616
25.104
21.592
18.44
32.128
25.816
19.504
18.44
19.528
19.616
19.44
25.928
19.816
18.504
19.592
18.88
32.016
19.504
24.728
32.216
19.904
26.592
19.48
19.168
18.856
25.344
25.032
21.32
19.808
18.696
18.44
18.528
18.44
18.528
25.816
32.016
18.504
24.792
18.68
23.768
18.856
26.344
24.832
23.72
24.728
24.816
18.704
18.44
19.528
18.816
26.104
21.392
25.08
23.44
18.44
19.528
26.216
28.728
18.44
32.328
18.616
24.904
18.992
25.728
19.44
18.44
19.728
18.616
20.104
18.992
19.08
18.44
26.128
19.616
19.44
18.728
28.816
21.304
18.592
18.48
19.44
24.904
32.192
21.48
19.968
21.192
21.152
32.016
18.44
21.152
25.816
32.104
18.592
32.016
18.704
18.44
24.928
18.44
18.528
24.816
19.504
24.992
23.88
26.568
19.256
18.944
25.432
19.44
19.528
26.016
18.44
24.816
18.504
18.592
24.816
19.44
21.328
19.44
19.528
18.616
19.504
18.44
25.816
18.704
25.792
32.28
18.968
25.456
23.744
25.232
25.32
19.008
25.296
19.184
23.44
18.728
18.44
25.728
19.616
24.904
21.24
25.928
21.328
18.44
19.528
19.616
21.504
25.992
32.28
28.728
28.728
18.44
25.728
18.616
24.728
19.616
26.104
18.992
25.08
19.44
18.728
32.104
25.792
28.88
25.368
19.856
19.544
19.432
25.92
20.208
19.696
27.184
19.672
19.56
20.648
26.736
20.224
20.312
19
24.088
19.376
19.464
24.552
21.84
18.928
21.816
19.304
22.192
25.28
19.168
29.456
20.144
19.44
18.728
18.816
18.704
25.728
21.152
32.016
25.728
19.616
18.904
25.392
18.88
21.768
26.856
19.544
19.432
19.52
20.208
19.896
19.384
26.872
19.76
18.448
21.152
18.64
18.728
19.616
32.016
18.704
25.192
21.48
19.368
20.256
19.144
18.832
32.52
20.208
18.44
24.728
21.152
23.64
19.728
32.016
18.704
19.792
18.68
18.44
25.728
18.44
32.016
18.704
26.192
18.88
19.968
19.056
20.344
26.832
24.92
25.728
23.616
18.904
18.792
25.28
26.168
19.856
25.144
19.032
18.72
18.44
25.928
26.016
19.704
19.792
18.88
18.568
24.856
25.944
29.232
19.92
19.208
19.296
21.152
25.84
19.928
19.016
24.104
25.792
29.68
23.968
18.856
18.544
18.632
19.44
25.728
23.44
25.728
21.152
18.44
25.928
26.016
25.728
19.616
18.704
18.792
21.68
19.968
29.056
18.744
25.032
25.12
21.608
18.896
24.184
26.672
18.96
26.448
25.536
19.624
23.44
21.328
18.616
18.704
18.792
24.728
18.44
21.328
18.44
18.44
24.728
18.44
19.816
18.704
19.792
32.48
32.168
18.656
26.144
19.832
18.92
24.728
21.416
19.904
18.792
20.08
32.168
19.856
26.344
19.232
26.72
18.808
25.296
32.384
25.272
32.36
23.848
19.936
19.224
26.112
18.44
19.728
28.928
26.016
18.904
19.992
25.28
23.44
18.44
21.328
18.44
21.28
18.44
24.728
18.616
24.816
19.704
29.192
19.08
20.168
19.256
19.144
22.032
18.92
26.208
20.096
20.184
20.272
18.96
19.848
25.136
20.024
26.312
25.4
20.088
18.976
20.464
19.352
20.44
25.328
20.016
25.504
19.392
19.28
20.168
19.456
23.44
18.44
21.24
24.728
21.416
18.504
19.592
18.48
23.568
32.056
18.744
18.832
32.52
21.408
18.696
19.784
19.672
23.76
19.448
18.736
32.424
19.112
26.2
18.888
26.176
18.464
18.552
19.44
18.44
19.44
19.44
19.44
21.328
21.152
18.64
25.928
18.816
18.904
21.592
18.68
24.768
24.856
18.744
18.632
19.72
18.808
19.44
18.728
19.816
25.304
32.392
18.88
21.968
19.056
26.544
19.432
19.32
21.208
19.696
19.584
18.672
18.44
18.44
18.44
18.528
19.616
21.152
19.44
19.44
28.728
18.44
25.728
24.816
28.904
18.792
18.68
18.568
18.44
18.528
24.728
18.616
28.728
19.44
18.44
18.44
25.728
18.616
18.44
19.528
25.816
19.44
23.728
28.728
25.728
19.44
21.152
32.24
24.928
18.44
28.928
23.816
18.904
18.992
32.68
25.568
24.456
19.744
19.232
24.32
29.808
19.496
22.384
26.272
32.76
19.248
24.136
20.424
19.712
19.4
20.488
26.976
25.664
29.752
22.24
33.128
19.616
32.904
22.192
25.68
18.44
18.528
26.016
18.44
28.728
18.44
23.528
24.816
28.904
21.392
18.48
19.44
18.728
21.616
18.904
25.392
19.68
18.968
26.056
18.944
24.032
20.32
22.208
20.296
19.44
32.016
25.728
28.728
32.104
25.728
32.016
32.104
