18.44
18.488
21.152
19.52
21.248
18.656
19.904
18.44
19.44
18.44
19.448
18.776
18.584
18.44
18.44
19.448
18.44
18.488
19.44
19.44
19.776
19.44
18.44
19.448
25.016
21.704
19.352
18.68
18.488
18.44
18.44
19.688
32.016
18.44
18.488
18.44
18.44
19.448
18.44
18.44
19.44
18.528
24.728
19.488
21.2
18.608
18.656
23.44
24.728
25.736
19.544
18.44
19.488
21.2
21.168
18.576
24.864
19.44
19.44
32.208
18.44
19.448
18.536
32.024
19.832
21.8
32.408
20.216
21.944
19.112
19.16
29.768
18.776
21.224
32.016
32.016
18.624
18.44
25.728
28.824
32.232
18.44
18.488
18.536
32.016
18.624
21.312
25.776
25.728
19.44
21.408
25.728
21.696
28.728
18.456
18.44
18.488
24.776
32.024
19.44
18.44
25.928
19.44
19.44
24.728
21.416
18.584
19.832
18.44
18.44
32.168
28.728
18.696
25.728
32.016
18.44
18.44
18.488
18.536
24.824
18.44
32.168
23.44
18.448
23.776
18.784
23.872
28.728
21.152
24.8
19.44
18.528
19.776
25.104
19.872
19.2
19.008
25.056
25.104
18.912
24.728
18.536
25.064
18.44
21.368
19.736
25.064
21.512
26.12
18.44
24.968
25.736
23.44
18.688
19.936
18.784
21.712
25.6
19.888
18.736
25.264
18.832
18.44
19.448
19.44
19.488
24.816
28.728
18.456
23.488
23.44
24.728
21.416
18.584
26.072
32.016
18.44
21.152
18.44
19.448
18.44
21.368
25.016
18.584
18.632
24.92
21.368
18.536
32.264
18.872
18.44
19.688
29.096
25.544
19.112
32.84
26.648
30.056
19.064
21.512
18.68
21.368
18.776
25.304
18.872
19.88
26.648
19.496
18.44
19.448
19.496
32.264
18.632
18.68
18.728
18.44
25.728
19.536
25.104
24.912
19.68
18.528
18.44
19.448
18.776
25.728
18.576
32.304
18.672
25.92
25.728
25.776
18.44
23.488
19.696
19.744
21.472
18.44
18.44
18.44
21.152
18.44
19.688
24.776
24.728
18.44
21.408
19.536
23.664
21.792
18.72
19.728
18.44
19.44
18.44
18.488
18.44
18.44
32.168
18.44
25.928
32.216
19.064
26.312
25.4
25.728
19.536
18.44
25.928
21.2
24.728
25.736
19.544
21.272
24.92
18.488
32.216
18.44
25.928
19.496
18.44
24.728
19.824
18.44
25.928
19.736
25.728
18.44
19.688
32.456
25.544
19.352
19.664
21.392
18.56
23.44
18.44
18.488
18.44
19.52
19.44
18.44
19.688
18.536
19.784
26.072
32.6
25.448
23.44
18.44
24.968
18.536
18.44
18.488
18.44
18.488
25.736
23.44
32.128
21.2
24.776
18.44
24.968
28.728
24.824
18.632
24.728
18.44
18.44
21.408
19.44
25.824
18.44
19.568
18.44
18.488
19.776
21.504
28.992
25.92
18.528
19.776
24.728
18.44
19.44
18.528
19.44
24.768
21.152
18.44
25.728
25.728
18.576
18.624
19.632
18.44
25.928
18.536
19.544
18.872
21.8
32.408
19.016
25.544
32.792
25.88
21.368
19.736
29.144
19.112
25.64
20.408
25.736
26.744
32.312
18.44
25.928
32.456
18.824
18.44
21.504
18.44
21.152
18.56
19.808
25.728
18.44
19.568
23.44
21.152
19.52
19.568
21.152
18.44
18.488
21.176
32.264
19.832
21.408
18.576
25.104
28.752
18.48
24.048
18.576
18.44
25.928
18.776
18.584
19.44
19.44
18.528
19.44
18.44
18.44
28.808
19.496
18.44
18.488
32.216
19.784
23.912
19.16
26.648
25.256
18.44
28.808
19.496
32.264
32.016
18.44
21.368
18.44
32.168
18.776
21.464
23.488
25.936
28.864
18.592
19.6
26.368
26.176
32.704
32.752
24.16
29.248
19.936
19.024
19.072
24.16
18.928
19.696
32.464
18.44
18.488
18.44
28.728
18.696
24.984
21.672
18.6
19.44
23.44
18.44
18.44
25.776
28.944
18.44
19.688
18.44
32.168
25.728
24.728
19.44
18.44
25.728
19.52
19.488
19.536
18.44
24.968
25.016
28.728
18.696
25.224
19.752
28.728
18.456
32.184
19.752
19.08
32.328
21.576
26.424
19.032
21.72
21.152
26
19.44
28.728
18.44
24.728
18.44
21.368
18.536
18.584
21.152
25.04
32.528
20.096
19.424
25.712
19.52
25.568
20.816
18.704
25.952
19.52
18.44
25.928
25.976
18.824
32.016
19.44
19.44
23.568
18.816
18.864
18.672
18.72
32.208
18.576
21.264
26.112
24.96
18.44
18.44
24.728
18.44
25.928
18.536
19.44
18.44
28.728
18.696
19.944
18.552
19.44
25.728
25.776
18.624
25.728
23.488
25.936
19.744
32.032
26.08
18.688
19.696
21.664
18.832
29.2
18.44
25.928
25.016
19.064
18.44
18.44
23.44
19.44
19.488
18.44
19.536
18.44
32.168
18.536
23.624
26.312
29
21.368
21.176
19.488
18.576
25.824
24.912
18.72
21.152
18.44
19.688
23.44
18.448
32.176
19.744
18.44
19.448
25.776
18.44
18.488
18.44
24.968
18.776
21.224
18.872
25.4
24.008
32.936
19.44
25.008
18.816
18.624
23.712
19.92
26.208
18.816
18.864
18.912
26.16
25.728
32.256
19.44
24.728
23.44
18.44
19.688
23.816
32.504
18.872
18.44
18.488
18.44
18.488
18.44
25.728
25.728
19.44
18.528
18.44
18.44
21.368
26.216
23.44
18.688
19.52
19.568
18.44
32.168
21.656
18.44
18.44
21.168
19.44
18.44
21.152
18.56
18.44
19.448
18.44
18.44
18.488
19.496
26.264
18.44
18.488
32.016
21.152
25.76
24.728
18.44
19.688
25.016
21.944
19.352
20.36
32.408
23.816
18.584
19.592
18.92
18.968
19.976
19.064
21.992
25.88
19.44
23.44
18.44
18.44
19.448
25.728
21.456
24.776
24.728
19.44
19.536
32.016
19.52
21.536
19.44
25.968
21.696
21.744
18.912
20.4
19.008
25.536
26.784
19.392
22.08
29.568
19.296
29.904
20.112
19.92
26.448
26.496
19.344
20.112
18.72
18.44
18.488
21.2
18.44
18.488
25.976
18.44
18.44
19.448
25.016
21.464
19.112
19.16
18.968
20.216
25.064
18.632
23.44
18.448
25.936
25.728
21.152
26
21.488
19.136
26.384
18.752
23.84
18.608
18.44
21.408
32.016
19.824
18.912
25.2
19.248
19.296
19.104
26.112
24.96
25.968
18.44
18.488
32.016
18.44
18.44
19.448
25.016
19.44
18.528
19.488
24.816
25.728
18.576
32.064
26.352
25.44
19.488
19.536
19.584
19.44
25.968
23.488
24.976
19.504
18.592
19.84
18.928
24.728
25.736
21.224
32.016
25.776
19.44
19.488
19.536
18.44
21.368
19.736
24.824
19.44
25.008
25.056
18.624
25.152
18.72
18.768
18.576
19.824
28.992
21.6
26.208
18.816
19.824
25.152
25.2
24.288
29.856
25.584
18.672
24.728
18.44
19.448
18.44
18.44
18.44
24.968
25.728
23.616
21.504
18.44
25.776
21.152
21.2
18.44
24.968
19.44
23.44
21.328
19.696
25.984
19.792
23.92
28.768
25.936
18.44
21.2
18.608
25.728
25.776
18.624
18.672
18.72
24.728
18.44
24.728
24.728
25.736
18.584
25.832
18.44
18.44
32.168
25.016
21.464
19.44
19.488
24.816
32.304
19.44
19.44
18.44
19.688
23.44
18.44
19.44
32.016
18.44
21.368
25.976
32.504
25.352
25.16
21.608
18.44
18.44
21.368
19.736
23.44
21.328
25.936
19.744
18.832
20.08
25.648
20.176
20.224
26.272
25.728
18.576
19.584
18.912
26.4
18.44
19.688
23.816
18.824
25.112
26.12
18.728
21.176
23.664
19.632
18.72
21.888
20.016
20.064
21.552
19.68
26.208
18.816
21.264
21.152
19.44
21.168
18.576
18.44
25.728
21.408
21.456
18.44
18.44
24.968
19.496
26.504
19.352
26.6
32.016
18.624
25.728
18.576
18.624
19.632
25.92
24.776
28.904
26.312
32.016
25.824
18.44
18.44
24.728
18.44
24.968
19.496
18.584
19.832
18.44
19.688
18.776
18.44
24.968
25.016
23.624
18.44
18.44
18.488
23.44
18.448
24.976
19.488
19.44
18.44
18.44
24.728
18.44
24.728
18.44
21.368
25.256
32.504
25.728
18.44
19.448
18.44
24.968
25.736
32.064
32.112
19.44
18.44
18.44
18.488
19.44
23.44
25.728
25.056
32.064
19.152
19.92
32.208
24.816
32.304
18.672
24
19.008
19.056
26.304
21.792
25.92
21.648
19.056
18.864
20.112
22.08
19.488
21.168
19.536
18.624
18.44
18.44
19.44
24.728
21.168
26.016
18.44
24.776
18.584
18.632
19.64
18.44
21.152
32.24
18.44
32.064
18.44
25.728
25.776
18.624
32.016
23.44
25.728
18.576
25.104
19.632
18.96
26.448
19.44
25.728
19.536
18.864
18.912
18.96
19.968
25.296
25.344
29.232
19.2
19.008
20.256
19.344
20.592
26.16
19.968
19.056
19.104
20.112
20.16
18.768
32.496
18.624
32.016
32.016
19.44
32.136
18.44
18.488
18.44
25.776
18.44
25.728
23.616
18.864
19.872
19.2
19.968
19.056
18.864
18.912
26.16
18.768
18.816
21.264
26.112
19.44
18.528
25.056
18.864
18.44
19.448
18.536
29.144
20.072
32.016
18.44
23.528
18.776
18.584
24.728
25.976
18.584
21.272
25.4
19.208
32.016
18.44
18.44
18.44
18.488
21.656
21.464
24.872
18.68
19.688
18.776
18.584
18.632
18.44
32.016
19.44
19.44
24.728
25.736
18.44
19.688
18.536
19.544
18.44
25.928
21.416
19.064
24.728
25.976
25.784
25.728
18.44
21.408
18.576
18.624
18.44
18.44
19.688
18.536
18.584
24.872
18.92
18.728
18.776
18.44
18.44
18.44
24.968
19.44
21.408
32.136
18.504
32.016
25.728
32.064
32.016
18.624
21.552
25.2
18.768
18.576
18.624
18.44
18.44
18.488
18.536
24.728
18.44
19.688
18.776
19.544
18.632
19.44
21.168
32.016
18.624
19.632
25.2
19.488
18.44
18.44
18.488
32.216
18.824
21.752
18.92
18.968
26.216
19.064
29.432
25.64
19.688
26.936
20.024
24.392
32.84
25.928
25.728
32.256
21.504
18.44
18.488
18.44
21.368
18.536
19.544
18.632
19.64
18.728
18.536
18.44
19.448
24.776
32.016
25.824
25.872
21.152
19.44
32.208
19.776
18.44
18.488
19.496
18.824
32.552
19.16
23.44
18.688
18.736
18.44
21.152
23.6
32.528
32.336
21.152
19.44
25.968
29.136
20.064
25.632
18.96
32.928
21.696
18.864
18.44
18.488
18.536
23.44
18.688
18.44
18.488
18.44
18.488
21.416
24.728
24.776
24.824
18.44
25.728
18.576
18.44
18.488
19.44
18.44
24.968
18.776
18.44
18.488
28.856
18.44
32.168
26.216
18.44
19.448
21.416
26.024
26.072
26.12
18.728
18.44
18.44
18.44
18.44
28.728
19.44
32.208
18.816
25.728
19.536
18.624
21.792
18.96
20.448
22.416
20.784
26.592
26.64
19.488
19.536
26.784
22.272
18.48
23.808
20.016
29.424
24.912
19.44
18.44
18.44
19.44
25.728
18.576
25.824
28.776
23.44
24.928
32.176
19.024
25.312
19.536
19.488
32.256
26.304
26.352
32.64
21.168
26.016
19.824
19.632
18.48
21.648
32.256
26.304
24.192
26.4
25.008
19.776
32.016
18.44
18.44
23.528
25.256
26.504
19.112
18.68
23.768
19.016
19.064
18.632
21.152
25.76
19.44
25.824
28.728
18.696
32.664
26.232
24.84
18.44
23.528
18.776
25.776
25.728
21.152
25.728
18.44
18.44
19.688
18.776
18.584
19.832
25.4
19.208
25.496
19.544
18.632
19.64
25.208
19.256
26.024
25.832
21.32
18.488
19.736
18.824
32.552
25.64
18.968
19.016
32.024
18.632
28.824
19.512
23.488
19.696
32.016
18.624
24.912
21.84
19.248
23.856
19.104
25.728
32.256
19.44
18.528
19.44
25.008
26.256
18.44
25.728
19.44
21.408
21.456
18.44
19.448
19.44
18.44
19.448
23.576
18.824
25.728
19.44
21.152
18.56
19.808
24.896
23.744
18.44
19.44
24.768
28.872
21.2
18.608
23.456
18.704
19.712
18.56
18.608
24.728
19.496
26.024
32.016
18.624
32.352
21.84
26.448
18.816
19.584
25.728
18.44
29.008
18.496
32.224
28.912
18.88
21.328
21.152
19.44
25.968
18.816
18.864
18.672
18.72
21.408
18.816
21.504
24.728
18.44
18.488
18.44
18.44
25.728
28.896
18.864
19.872
25.68
19.488
20.256
19.44
25.728
19.536
18.624
19.872
18.96
20.208
21.936
20.544
19.152
20.16
19.488
20.256
33.024
18.672
18.44
19.448
19.44
19.44
25.008
19.776
18.864
18.912
18.44
21.152
19.52
24.728
19.496
25.064
19.592
19.64
21.408
26.016
19.824
19.152
20.16
26.688
19.056
24.384
20.352
26.64
19.488
25.776
26.304
32.832
19.44
32.928
19.776
18.624
32.352
24
25.248
19.056
19.824
19.44
25.728
19.536
26.064
18.44
21.368
18.44
19.44
18.528
28.728
19.656
24.984
18.44
19.688
23.816
24.824
25.728
18.44
18.44
18.488
25.728
18.576
23.664
25.392
18.96
25.488
21.936
29.184
24.728
19.44
18.528
18.44
24.728
21.416
23.864
19.44
19.44
18.528
23.616
24.728
18.44
25.928
18.536
18.584
21.152
18.56
21.152
18.56
25.088
18.656
18.704
23.44
18.44
18.44
28.808
18.536
19.44
21.168
18.576
19.584
18.44
18.44
21.152
19.44
25.968
25.776
21.264
23.472
24.728
32.216
18.44
24.968
18.776
19.544
26.072
18.68
25.728
19.536
18.864
18.912
19.68
19.44
18.528
18.44
18.488
25.736
18.824
28.728
18.44
28.808
19.44
25.824
18.44
18.44
18.44
25.728
18.44
25.728
19.536
18.624
25.728
18.576
21.264
18.912
25.2
19.248
21.456
26.784
19.872
19.68
21.888
27.456
19.824
19.392
19.44
19.248
25.776
19.584
19.632
24
19.248
18.576
21.504
26.112
18.44
18.44
21.152
18.56
19.568
18.44
21.296
19.664
19.44
25.008
19.536
18.44
25.928
19.488
19.488
26.016
18.44
19.688
18.536
25.728
19.536
25.824
23.712
18.72
18.768
18.44
32.016
18.44
18.488
19.44
24.768
26.016
19.584
19.152
18.96
21.648
25.536
19.344
18.912
18.96
24.048
20.256
18.44
18.488
21.656
18.44
18.44
18.488
24.776
18.824
18.872
23.44
24.728
32.016
19.584
23.44
21.328
19.44
19.488
18.44
19.44
25.008
21.696
18.864
25.152
19.2
19.44
24.728
25.776
19.584
18.912
24.96
25.728
32.016
24.864
18.44
19.488
18.576
18.44
19.44
18.528
19.776
18.624
25.872
18.48
32.208
24.776
32.024
18.44
18.488
25.776
18.44
19.44
28.944
19.44
23.44
18.688
19.936
25.728
19.44
18.44
32.016
21.264
23.472
32.16
32.016
18.624
32.352
25.2
26.448
19.056
21.504
25.872
25.728
19.536
18.864
21.792
19.92
24.048
20.256
33.024
19.392
20.4
19.488
32.976
19.824
24.728
18.44
19.44
18.528
18.44
21.608
18.44
18.44
25.776
18.44
32.064
19.44
24.728
18.44
18.44
19.448
18.536
21.464
26.312
19.64
19.448
18.536
19.784
25.728
25.728
19.536
32.112
18.48
18.528
19.44
18.528
19.776
23.664
18.44
18.44
23.528
18.44
25.728
19.536
19.44
28.728
23.496
28.728
18.44
18.44
19.44
19.44
25.728
32.016
18.624
19.44
18.528
24.816
25.824
21.312
18.48
25.728
25.776
18.44
19.44
18.528
19.776
32.304
21.552
23.44
19.648
18.736
24.064
26.272
20.08
22.048
26.656
19.264
20.512
24.4
25.648
19.456
25.744
26.752
20.56
18.688
19.632
18.72
18.768
18.44
25.728
19.536
19.44
24.768
18.576
18.624
26.112
18.96
18.528
18.44
18.488
28.728
18.696
26.184
19.752
18.44
18.488
18.536
18.44
18.44
24.728
21.176
18.44
21.408
24.816
19.44
18.44
24.968
25.976
32.064
18.672
18.44
21.152
25.728
23.488
19.44
18.528
18.576
19.584
18.44
25.928
19.496
19.064
24.728
19.496
26.264
19.592
18.44
18.488
25.016
18.584
26.072
19.44
19.488
23.616
18.624
19.872
23.76
25.248
21.936
18.864
18.912
18.48
25.008
24.728
18.536
19.544
24.872
26.12
18.44
23.44
18.688
18.736
32.224
18.44
19.448
18.536
26.024
20.072
18.44
18.44
19.44
25.008
18.44
32.016
18.44
25.728
24.816
19.44
18.528
18.44
25.928
18.44
21.152
25.76
18.608
18.44
18.488
18.536
18.44
24.728
25.976
18.44
24.728
25.736
18.44
19.688
18.44
24.728
19.496
32.024
21.168
18.44
18.44
21.368
29.096
19.784
18.44
18.44
19.448
26.216
18.824
18.44
18.44
18.488
18.536
18.44
25.928
18.44
19.448
24.728
18.44
18.44
32.016
19.584
24.912
19.92
24.728
18.44
21.168
18.576
24.864
28.992
19.68
19.536
18.624
25.728
18.44
18.488
18.536
18.44
18.44
18.44
18.44
18.44
18.44
21.368
23.664
18.672
18.44
18.44
32.016
18.624
18.44
25.728
32.128
25.936
18.44
18.488
18.44
21.368
29.336
26.504
19.352
26.36
29.528
19.736
18.584
24.728
19.496
19.44
23.568
18.816
21.504
28.752
18.44
25.728
18.44
21.152
21.152
18.44
19.52
32.048
25.856
18.704
29.072
25.76
25.824
24.728
18.44
18.488
21.488
19.856
18.44
18.488
25.728
18.44
18.44
32.064
24.728
32.016
18.44
32.168
19.736
21.464
32.312
18.92
26.168
19.736
24.728
25.736
23.624
18.44
24.728
24.776
18.584
21.272
26.12
19.44
18.528
23.616
18.44
25.728
19.536
18.864
18.912
24.776
21.224
19.44
23.568
18.44
19.448
28.728
18.696
28.824
18.44
18.44
18.44
21.152
24.8
21.248
26.096
21.152
28.728
18.696
21.624
25.512
23.44
21.328
18.496
19.504
18.592
19.84
19.888
18.44
29.048
26.216
23.864
26.312
25.88
18.44
18.44
21.168
25.728
23.616
18.44
19.688
21.416
20.024
18.44
18.488
18.44
32.168
19.736
26.504
21.992
19.16
25.208
18.44
18.488
25.976
23.44
18.688
18.736
19.44
18.44
19.688
25.728
32.016
18.624
19.632
19.68
19.728
18.816
18.864
26.352
18.96
19.008
24.096
19.104
26.592
28.728
18.696
19.704
18.792
23.44
18.448
21.168
21.504
25.728
21.152
18.44
19.568
19.616
18.44
19.44
18.528
19.776
18.864
18.912
19.92
19.248
18.576
19.488
18.576
25.824
19.632
19.44
25.968
32.496
20.064
19.152
24.96
29.088
19.44
18.44
19.688
18.44
18.488
18.44
21.368
18.536
26.024
19.44
25.968
18.816
26.064
18.912
18.72
25.728
21.216
25.728
25.728
25.728
23.616
18.624
28.728
18.456
18.44
19.688
28.728
18.696
21.624
24.312
19.08
20.088
26.616
25.704
26.952
20.28
19.368
21.336
28.824
18.792
20.04
18.888
21.816
25.464
26.472
26.28
19.128
18.696
18.744
18.552
26.04
21.288
18.456
18.504
25.728
23.44
18.448
18.496
18.44
21.368
18.536
18.44
18.488
25.736
19.44
19.44
18.528
19.44
21.408
25.776
18.44
25.728
19.536
18.44
21.152
19.52
25.808
19.856
19.664
26.192
23.84
20.048
32.816
20.384
19.472
20.72
33.248
25.376
21.152
18.56
19.808
25.136
32.384
18.752
18.44
18.488
24.776
18.584
18.632
18.68
19.688
18.536
18.44
18.44
25.928
24.776
18.584
24.728
18.536
18.44
18.44
25.728
18.576
18.624
18.44
19.688
25.016
18.824
19.832
25.64
19.208
23.816
18.44
24.968
18.776
18.584
18.632
18.68
18.44
19.688
24.728
19.44
18.44
18.44
19.448
18.44
32.016
18.44
19.688
18.536
21.2
18.608
21.152
19.44
19.488
26.016
26.064
25.728
19.776
21.504
18.912
25.92
18.768
26.256
18.864
18.912
18.44
18.44
23.528
18.44
19.448
24.776
28.728
18.696
18.744
18.44
18.488
28.856
18.824
18.44
24.728
18.44
25.928
23.664
25.872
18.72
26.208
25.296
18.864
19.488
21.152
18.56
25.808
25.728
24.776
24.824
23.44
18.44
23.768
18.776
18.44
28.808
19.976
19.544
24.872
25.88
24.728
18.44
25.928
18.536
18.584
26.072
25.776
19.584
18.44
19.488
19.536
19.488
24.728
19.496
18.824
18.872
26.36
21.152
28.88
26.048
32.336
19.664
18.752
21.44
29.168
32.016
24.824
21.272
32.36
32.168
24.776
28.904
24.728
21.176
25.064
19.44
23.568
21.696
18.864
19.872
21.6
19.008
18.816
20.064
19.152
20.4
26.928
25.536
19.344
26.592
19.44
26.928
19.056
19.584
26.112
21.152
18.56
21.152
26
24.848
18.44
25.728
19.536
23.44
18.688
19.696
18.784
24.112
23.92
24.928
18.44
18.488
18.44
24.728
25.976
28.904
26.072
25.16
21.608
29.576
26.264
19.112
19.16
20.168
19.016
24.728
19.496
18.584
18.44
18.488
32.016
18.44
32.016
25.776
32.064
18.912
29.04
18.528
21.456
25.728
18.576
19.584
23.712
21.84
25.968
18.576
28.728
18.44
32.016
23.44
18.688
18.496
18.544
21.472
18.88
24.776
21.224
21.152
25.04
18.608
19.856
25.184
25.232
18.8
18.848
19.856
18.944
18.752
25.28
19.44
19.44
25.008
32.496
25.728
18.44
25.928
19.496
32.016
18.44
25.928
18.44
19.44
18.44
24.728
32.064
24.776
24.728
25.736
32.016
18.624
18.44
21.368
18.776
32.264
32.016
21.408
18.44
24.728
18.536
25.784
21.408
18.576
18.624
18.672
18.72
21.648
25.728
19.536
18.44
19.688
18.44
19.448
18.536
32.064
18.44
18.44
18.488
18.44
21.152
32.24
18.608
25.136
18.944
18.44
25.928
18.776
18.44
21.368
25.736
18.44
18.488
24.728
25.728
18.44
25.928
18.776
28.824
18.552
24.776
25.784
18.632
18.44
19.688
21.416
18.824
19.44
21.168
18.576
19.584
28.728
18.696
18.44
18.44
25.928
18.44
24.728
19.736
21.408
19.44
19.488
18.576
25.728
18.44
18.44
18.44
19.448
25.256
23.488
18.44
28.728
18.696
18.744
26.232
25.32
26.328
18.936
24.024
21.912
33
19.368
19.416
19.464
24.552
18.84
21.152
28.728
18.456
28.872
19.56
21.288
21.336
18.44
19.776
18.44
25.728
19.44
18.44
32.168
18.776
18.44
18.488
19.496
18.44
19.448
25.728
19.536
24.728
25.976
26.024
32.016
18.44
32.168
19.976
18.824
18.44
19.688
21.656
18.824
19.832
19.16
26.408
19.496
19.304
29.432
26.6
20.408
19.736
22.664
27.512
19.16
25.448
20.216
18.824
19.832
21.152
32.24
19.44
24.768
21.696
20.064
18.912
29.28
21.648
18.816
23.44
18.688
18.736
21.424
19.792
18.64
26.128
19.488
19.44
18.44
18.44
21.152
18.44
21.152
18.44
19.448
25.976
19.784
25.728
32.016
18.624
32.352
18.72
21.152
32.24
18.848
19.616
18.704
18.752
23.44
18.688
25.216
19.024
19.792
19.44
18.528
26.016
28.944
18.672
18.48
23.664
32.208
18.576
32.016
18.44
24.728
19.496
19.064
26.312
19.16
18.728
19.976
26.504
18.872
25.16
24.008
18.536
24.776
25.784
21.272
25.728
18.576
26.064
19.44
18.528
21.456
24.728
18.44
19.448
25.728
24.816
18.44
19.448
25.736
18.584
25.832
18.44
18.44
18.488
18.536
25.728
25.728
25.776
24.728
32.064
18.44
32.064
18.44
18.488
21.416
21.464
26.312
18.44
18.44
18.488
25.736
23.624
21.2
18.44
32.168
19.44
18.44
19.488
26.016
19.824
21.312
18.48
19.968
18.816
19.584
24.728
18.44
19.688
21.416
25.064
20.312
26.36
20.408
21.896
18.44
28.808
18.44
21.368
19.52
32.288
26.096
18.44
18.488
18.44
18.44
18.44
24.968
24.776
19.544
32.312
18.92
25.208
18.776
25.728
18.44
19.44
21.2
18.44
21.2
18.44
21.368
25.728
18.44
19.448
25.976
28.728
18.456
25.728
32.256
18.864
26.352
18.72
19.968
26.496
19.344
19.392
29.04
21.152
32.24
18.44
24.776
18.584
25.728
18.44
21.408
24.728
21.176
18.824
26.072
19.88
19.208
20.216
26.024
19.832
25.728
18.576
21.264
18.672
18.72
21.168
18.44
19.688
18.776
18.44
18.44
18.44
24.968
19.496
19.064
18.872
25.4
25.208
19.016
18.584
21.168
18.576
25.728
32.016
24.864
32.352
19.92
21.888
18.816
21.744
18.44
23.44
18.44
18.44
19.448
18.44
21.368
18.776
20.024
29.432
25.64
20.408
25.736
25.304
19.112
21.8
19.448
20.216
18.824
18.872
26.36
24.008
25.736
19.784
19.832
25.88
20.168
20.216
18.824
19.832
28.76
18.44
18.44
32.016
18.44
19.44
18.44
19.448
23.664
21.152
18.44
19.688
26.216
21.464
25.832
32.6
19.208
19.256
19.064
25.592
19.4
26.888
18.44
21.152
23.44
18.448
24.976
26.224
21.232
19.36
26.368
24.728
25.728
32.016
18.864
32.016
21.504
18.44
32.016
18.624
23.952
18.72
25.968
18.816
26.064
18.44
19.448
25.256
32.504
19.352
20.12
19.688
19.496
20.024
18.44
24.968
32.112
19.44
18.44
18.44
18.44
18.44
32.064
25.872
25.728
25.776
19.44
32.208
19.536
18.44
19.448
24.776
18.44
21.368
26.216
21.704
32.016
25.824
19.632
25.2
18.768
18.576
28.728
18.456
25.944
18.552
19.56
25.848
25.728
18.44
18.44
19.688
25.976
21.704
19.44
24.728
21.656
26.264
32.552
18.44
24.968
18.536
18.584
28.728
19.568
32.096
18.44
18.44
19.688
21.176
28.728
24.936
21.624
32.712
19.32
22.008
18.44
25.728
25.776
23.664
18.44
25.728
21.216
21.152
19.52
24.728
21.152
18.44
19.616
32.016
18.624
29.232
21.36
19.728
18.44
19.448
25.976
25.784
18.44
32.176
24.728
18.44
19.488
28.896
19.824
25.872
25.92
21.168
23.44
21.568
19.728
26.016
25.824
25.728
18.576
18.44
19.688
18.44
18.44
19.44
18.44
23.768
18.44
18.44
32.168
18.44
21.368
25.776
25.728
18.576
18.624
18.44
21.368
32.456
26.504
19.352
19.4
19.448
18.44
21.368
24.776
25.728
24.728
21.416
19.784
19.616
18.44
18.44
24.968
25.976
18.584
23.672
21.8
25.448
21.896
19.544
20.552
22.28
19.44
24.768
32.256
18.864
32.592
19.92
18.768
24.728
24.776
19.544
18.44
21.2
18.44
18.44
19.688
19.736
26.024
21.752
29
21.368
21.152
24.776
23.44
19.648
25.216
18.544
20.032
26.32
19.888
19.456
18.544
23.632
18.64
21.152
18.44
18.44
18.44
18.488
18.44
21.368
25.016
18.44
19.448
18.44
19.44
18.44
21.368
18.44
24.968
32.216
26.504
21.272
23.72
18.44
19.688
26.216
24.824
21.512
19.44
18.528
24.816
19.584
23.472
18.72
18.768
18.576
25.728
18.44
18.44
21.168
26.016
19.44
18.44
18.44
18.44
19.928
23.576
18.44
18.488
32.016
19.44
18.44
21.168
18.576
19.584
32.352
18.48
19.44
18.44
18.488
24.776
18.44
25.728
32.256
18.44
32.064
25.872
21.36
26.208
32.976
18.44
24.824
18.632
18.44
25.728
19.536
19.44
25.728
19.44
25.008
18.44
19.488
21.152
18.56
19.808
21.776
24.824
18.44
19.688
19.536
18.44
19.448
19.496
26.024
29.192
26.12
21.2
32.048
24.896
32.016
32.064
19.44
18.528
25.056
18.864
18.44
19.44
18.44
18.44
25.728
19.536
18.624
18.44
32.168
24.776
19.544
26.312
32.016
19.44
23.568
18.576
19.584
26.112
18.72
18.44
18.488
24.728
18.44
19.448
23.44
18.448
18.496
25.728
25.776
18.44
25.728
21.2
18.608
19.616
25.904
18.752
18.8
18.848
18.44
25.728
24.776
19.544
32.064
28.728
18.44
18.488
18.536
19.544
32.072
18.68
21.152
21.248
32.176
18.544
19.792
24.16
20.128
26.656
22.144
18.592
25.84
19.648
18.496
19.504
23.44
18.448
18.44
18.44
32.064
18.44
21.152
18.44
18.44
29.048
26.216
21.704
21.752
19.16
18.728
19.44
32.016
21.504
18.44
19.688
19.536
18.44
24.728
25.728
18.44
19.44
18.44
18.44
18.44
24.728
18.44
18.44
21.152
23.6
24.848
18.656
18.704
19.712
18.8
19.44
18.528
24.816
19.824
32.016
25.824
18.672
18.48
25.728
29.008
25.936
21.184
32.512
32.08
24.928
18.44
24.968
18.776
19.544
18.44
25.928
21.416
25.784
24.776
18.584
24.728
32.216
18.824
19.44
25.008
19.536
18.44
19.688
18.776
19.784
23.44
25.728
18.576
25.824
18.672
26.16
18.44
25.928
32.216
19.064
21.512
19.44
18.528
21.216
19.584
25.872
23.76
25.968
25.776
28.728
18.696
29.064
25.992
18.44
19.448
25.016
21.224
19.44
18.528
21.216
25.728
18.576
25.824
19.44
18.528
18.576
18.624
19.632
26.4
24.728
18.44
18.44
21.152
18.44
25.728
18.44
32.016
18.624
26.112
19.92
19.248
32.736
24.144
26.352
19.2
19.008
29.616
20.544
19.632
21.36
18.768
18.816
21.744
18.912
25.728
19.44
18.528
18.576
20.064
18.912
19.92
19.44
18.528
19.536
18.44
21.368
18.536
19.544
18.872
21.504
18.44
18.44
32.168
18.776
18.44
19.44
18.44
28.728
18.456
19.704
21.672
28.92
20.088
18.44
19.688
25.016
18.824
19.44
19.44
18.528
19.536
25.104
19.632
19.44
25.008
32.496
19.104
19.632
18.44
24.968
25.736
21.464
18.44
21.152
32.24
18.848
18.44
18.488
25.736
18.44
24.728
18.536
24.728
23.44
18.688
25.216
21.424
19.312
18.88
23.968
21.616
19.024
19.072
18.64
24.824
19.44
32.016
18.44
19.688
25.736
18.584
23.672
18.92
29.528
18.776
21.224
19.44
25.008
18.816
24.728
18.44
19.688
18.776
25.728
24.728
19.44
21.152
18.44
28.728
18.696
25.224
19.032
18.44
21.368
18.536
18.584
18.632
19.64
25.208
18.536
21.408
23.44
24.928
23.776
29.104
32.272
19.84
19.888
25.728
18.44
23.44
18.44
18.44
19.688
21.248
25.728
19.536
18.864
25.392
26.4
19.248
19.296
26.304
23.712
18.72
23.808
20.016
24.144
18.44
18.44
23.488
18.44
28.728
19.44
18.528
19.776
26.304
21.2
28.928
19.44
23.568
21.696
26.304
19.632
28.728
21.152
18.56
18.44
19.688
18.44
19.44
21.408
19.776
19.584
18.44
32.016
18.624
23.952
25.2
24.288
32.976
21.504
26.112
18.72
18.528
18.44
28.728
21.408
24.728
21.176
18.584
18.44
18.44
25.728
25.728
18.44
18.488
19.496
21.224
32.312
25.88
19.44
18.528
21.2
18.44
19.448
18.776
18.44
18.44
32.016
18.44
19.776
25.728
32.016
25.104
25.872
24.728
19.44
18.528
26.016
25.104
18.912
19.44
32.208
18.44
19.448
25.016
25.784
24.776
18.584
18.44
25.728
18.44
19.688
21.416
18.584
25.112
19.44
21.168
19.44
25.968
25.728
28.728
18.696
18.44
25.928
18.44
19.688
18.776
25.728
18.44
21.488
19.44
25.728
18.44
21.368
25.728
18.576
18.624
26.112
32.16
19.248
18.576
19.44
18.44
19.688
21.152
26
19.808
26.336
19.184
25.952
18.44
18.488
24.728
32.016
18.624
18.44
19.688
24.728
18.536
19.616
32.144
32.192
19.52
18.44
19.688
19.44
21.408
25.728
18.44
19.44
25.008
26.016
18.624
21.312
18.44
28.808
25.736
18.44
24.728
18.44
19.688
19.736
26.264
18.872
20.12
18.968
19.976
25.304
19.112
24.728
32.216
25.728
18.576
21.152
19.52
18.44
21.2
25.728
18.44
18.44
23.44
18.44
18.488
21.416
24.824
19.872
18.72
25.968
28.824
18.44
24.968
25.736
18.44
21.368
21.416
19.784
18.44
28.808
19.44
23.808
19.44
25.728
18.576
18.44
19.688
18.536
24.776
19.544
19.44
23.568
18.816
21.744
18.44
19.448
23.576
21.224
18.632
19.64
18.968
18.536
26.024
18.872
19.64
18.44
24.776
18.44
18.44
32.016
24.728
18.44
18.44
18.44
23.44
18.44
25.928
25.736
18.584
19.44
25.008
32.496
29.184
24.912
32.4
25.008
21.696
19.104
20.112
19.92
26.208
29.136
19.104
19.632
21.6
18.768
18.816
18.624
23.952
24.728
32.016
18.44
18.44
18.44
19.616
25.904
18.752
26.24
25.088
32.336
18.944
19.952
19.04
19.088
19.136
19.184
24.776
18.44
24.968
32.064
19.44
18.528
21.696
18.864
21.552
18.72
26.208
19.536
28.728
18.456
19.44
25.008
19.536
18.44
19.448
24.728
21.176
26.024
19.832
19.44
18.528
19.44
19.44
18.528
23.44
25.888
32.016
19.44
18.528
25.776
19.584
18.44
19.44
25.968
18.44
18.44
18.44
23.44
18.688
18.736
23.824
25.792
18.64
19.648
19.52
18.608
19.44
25.968
23.856
19.104
18.44
25.728
25.776
18.624
25.152
18.44
19.448
23.44
19.648
18.736
19.52
18.44
18.488
19.736
25.064
19.832
18.68
32.016
25.824
18.672
19.488
18.44
32.016
23.44
18.44
19.44
18.44
23.44
18.44
18.44
25.728
18.44
23.488
18.44
24.728
21.416
23.864
18.872
18.68
18.44
24.968
21.416
26.264
18.872
21.56
32.408
18.44
23.664
19.44
25.008
18.576
18.44
18.488
23.576
21.152
19.44
25.008
21.456
20.064
19.632
23.664
18.672
24
19.968
32.736
19.104
20.352
18.44
18.488
19.496
18.824
23.44
28.768
18.44
25.928
18.44
19.448
26.216
19.784
25.592
21.32
21.488
18.44
18.44
19.688
25.976
32.024
28.952
19.44
28.848
18.44
23.44
19.44
21.168
21.216
19.44
24.776
24.728
18.44
19.688
25.016
19.064
18.872
18.44
32.168
18.536
19.44
18.44
23.44
18.448
25.936
19.504
21.472
32.016
18.44
23.528
19.44
18.44
19.44
19.44
18.528
19.776
25.104
21.552
19.2
20.208
19.056
18.864
20.112
24.96
18.528
21.456
26.064
18.672
18.72
25.728
18.44
25.728
25.776
18.624
18.44
24.728
18.44
32.016
18.624
24.776
24.728
19.44
28.848
25.056
23.904
18.912
19.68
18.768
25.776
23.44
24.728
19.44
19.488
26.016
19.584
18.672
18.44
19.688
25.776
19.584
19.44
25.968
21.696
19.584
25.152
28.8
21.152
25.728
21.168
18.44
25.728
28.728
19.896
18.44
32.168
19.44
32.016
18.624
19.44
25.776
18.624
18.44
18.488
18.536
19.544
23.912
18.44
18.488
18.536
18.44
25.928
25.976
19.44
21.408
26.016
18.864
32.016
18.44
18.44
19.448
26.216
19.064
32.064
25.728
19.536
18.864
24.728
21.416
18.584
18.632
25.728
32.256
21.264
26.112
18.96
19.968
19.296
20.304
21.552
26.16
25.008
28.728
19.656
18.744
18.552
19.8
18.44
18.488
18.44
23.44
25.728
23.44
18.688
18.496
24.784
19.44
18.44
24.728
21.152
32.016
18.44
25.728
18.576
21.264
18.44
19.44
24.776
23.624
24.728
18.44
18.488
25.976
18.824
18.632
18.44
18.488
19.44
25.728
32.016
19.44
25.728
23.44
25.888
19.936
32.704
19.312
19.84
18.688
18.736
18.784
23.44
23.488
25.936
23.584
18.832
22
20.368
25.936
18.784
26.272
18.64
18.44
25.928
18.44
19.488
26.016
18.864
21.552
18.44
19.488
26.016
23.44
18.44
18.488
18.44
21.368
19.44
18.44
25.728
19.44
25.728
32.016
19.584
26.112
24.96
18.44
24.968
18.44
21.368
19.44
24.768
26.016
21.504
19.152
18.44
19.688
25.016
18.824
21.512
19.16
19.928
25.736
19.544
18.872
26.36
26.408
23.576
19.784
26.312
19.16
18.728
18.44
19.688
32.016
18.624
18.44
25.776
19.584
25.152
24
19.248
32.736
24.384
19.152
26.4
19.248
24.336
19.344
18.912
21.36
18.768
18.816
18.44
32.168
18.44
25.928
18.44
28.776
21.152
18.44
25.776
24.728
18.44
19.448
18.776
18.44
32.016
18.44
19.688
25.736
21.224
18.872
26.36
19.928
19.496
19.544
26.792
19.88
19.928
24.056
27.464
20.312
33.08
20.168
32.696
26.264
24.152
25.4
32.888
20.456
19.544
20.792
33.56
20.168
19.016
21.704
32.792
18.92
18.968
32.016
18.44
24.968
32.016
18.624
18.44
19.688
18.776
18.584
18.632
18.44
18.44
19.44
18.44
19.488
18.576
19.824
19.44
23.44
19.648
18.44
18.44
18.44
24.968
18.536
18.584
18.632
25.88
25.728
19.488
19.536
19.44
19.44
18.44
19.44
21.168
18.44
18.488
18.536
18.44
25.728
18.44
21.152
21.2
18.608
18.44
18.44
19.688
25.016
26.024
24.776
18.44
19.44
18.44
21.368
26.216
19.44
18.44
19.688
25.256
19.064
18.872
24.2
32.168
19.44
24.728
21.152
18.56
19.568
25.376
23.984
18.992
20.48
19.088
18.44
25.728
21.408
24.816
21.152
18.56
18.44
18.488
18.44
19.44
19.44
21.168
21.152
19.52
18.44
32.168
25.256
21.704
19.352
19.16
25.688
18.776
19.784
25.592
19.16
32.648
20.696
26.984
22.712
19.88
19.928
19.736
18.824
19.832
26.36
21.848
19.496
25.784
19.832
18.92
20.168
21.896
19.544
23.44
18.44
19.688
19.488
26.016
19.488
18.44
24.968
18.44
25.928
32.016
18.624
19.872
29.04
26.208
23.856
19.104
20.112
20.16
18.768
26.256
18.624
23.712
19.68
18.44
19.688
25.256
23.864
20.072
19.4
19.448
18.536
21.152
18.44
18.488
21.416
32.504
18.44
32.016
18.44
18.44
21.152
26
19.568
18.656
21.584
23.44
25.728
18.44
21.368
18.776
20.024
23.912
32.6
18.968
19.016
21.944
21.992
32.84
18.968
25.776
24.728
32.016
19.584
18.44
18.44
25.928
25.976
18.44
19.488
26.016
25.776
32.016
19.488
19.536
25.728
18.44
24.968
18.44
19.688
24.728
23.816
24.824
25.832
25.16
25.016
24.728
19.496
24.728
19.976
18.584
19.44
18.528
32.016
20.064
18.912
18.96
19.728
26.256
18.864
24.728
18.536
18.44
19.776
18.44
19.688
25.728
18.44
24.728
18.536
28.728
24.728
21.656
21.744
18.672
20.16
26.448
22.416
21.984
26.592
29.04
19.008
20.016
20.064
19.632
21.152
18.56
25.728
19.44
19.536
18.624
18.672
18.48
18.44
23.44
25.728
18.44
28.728
24.728
19.496
18.824
18.44
18.44
18.488
25.728
18.576
23.44
18.688
26.176
19.024
18.44
19.688
32.216
19.784
18.44
19.688
25.776
24.864
21.152
26
19.44
32.208
25.776
21.152
18.56
19.808
25.376
18.464
24.776
18.584
21.152
18.56
32.288
21.536
24.728
18.536
25.728
19.536
18.44
19.688
28.776
19.44
18.44
25.928
18.776
19.784
26.312
20.12
19.688
19.016
19.064
26.312
18.92
25.448
19.736
18.44
19.44
28.728
24.728
21.408
18.44
19.688
18.44
19.688
18.44
18.44
18.488
24.728
18.536
18.44
19.44
19.488
25.728
32.256
19.824
18.912
26.16
18.768
23.856
24.864
26.112
26.16
18.768
32.256
18.624
19.44
19.776
19.584
18.672
32.64
19.008
19.056
32.544
24.192
24
18.44
21.152
18.44
19.52
18.44
32.016
32.064
21.312
19.92
32.016
18.44
32.016
18.44
19.44
32.208
21.152
19.52
19.44
18.528
19.44
21.408
25.728
28.896
21.744
25.392
20.16
18.768
18.576
28.728
18.696
18.504
18.44
18.488
25.976
19.544
24.872
18.44
19.448
18.776
25.064
19.832
32.6
18.488
18.536
18.584
18.632
21.152
18.44
19.664
18.44
19.44
19.488
21.216
18.44
19.448
18.776
18.584
18.632
21.32
18.488
18.44
19.688
24.056
18.824
18.44
18.44
19.448
18.536
19.544
32.072
18.44
25.728
18.44
18.488
32.016
21.152
19.52
18.44
19.448
18.44
19.44
23.808
18.44
25.928
18.536
19.44
18.44
28.728
32.016
21.152
23.6
18.608
24.728
19.44
18.528
21.408
25.824
18.44
18.488
32.016
19.44
18.44
23.44
18.688
18.44
18.44
25.776
18.44
18.44
19.688
25.976
19.784
19.44
19.776
32.304
18.44
18.488
28.856
32.024
25.728
19.44
18.528
24.816
18.44
24.728
18.44
21.2
18.44
19.44
18.44
18.488
19.496
26.264
18.44
18.488
25.728
18.44
18.44
24.728
18.536
24.728
24.776
23.488
25.936
18.784
18.44
24.968
21.176
19.064
25.728
18.44
32.168
18.44
25.728
18.576
18.624
19.44
21.168
21.216
19.584
18.672
24
20.208
19.056
24.144
26.832
19.68
25.968
20.016
19.104
20.112
29.52
19.44
18.528
24.728
18.44
18.44
21.368
32.216
25.304
32.312
21.32
32.016
21.152
32.016
19.584
32.016
26.064
18.44
23.44
18.44
18.44
24.728
19.496
18.584
32.312
26.12
25.208
19.016
19.064
24.872
18.44
18.44
25.728
24.776
18.44
18.44
18.488
21.176
25.304
19.488
24.816
32.304
18.912
19.92
21.888
26.496
18.864
26.352
21.6
18.768
21.696
25.104
18.912
25.44
25.008
18.44
18.44
32.016
19.44
18.528
19.44
25.728
18.44
24.968
25.736
19.52
25.728
19.536
18.624
19.824
28.768
19.44
32.064
19.44
25.968
21.216
18.44
18.44
24.968
26.216
19.44
32.208
18.576
24.728
25.976
25.064
18.872
25.728
18.576
18.44
19.448
18.44
24.728
25.736
18.584
18.44
19.44
18.44
18.488
18.536
21.152
21.2
18.608
18.656
25.184
18.44
19.44
32.016
18.44
25.928
32.216
19.064
18.872
21.152
23.488
25.728
25.872
19.44
18.528
18.44
18.488
18.44
19.688
26.216
19.064
19.112
23.96
18.728
18.776
18.44
23.528
19.44
19.488
18.44
18.488
18.44
18.488
21.416
18.44
19.44
18.528
24.728
32.216
18.44
21.152
18.44
21.168
18.44
21.152
26
18.44
19.448
32.216
18.44
25.728
25.728
18.44
19.448
18.536
18.44
24.776
25.728
19.44
24.768
25.776
18.44
19.688
18.536
25.064
19.44
18.44
19.448
25.976
26.024
18.872
18.44
23.44
19.648
23.776
25.264
26.512
21.76
19.648
19.216
25.264
18.832
18.88
25.728
28.896
24.864
18.44
19.44
18.44
32.016
18.624
32.352
18.96
21.408
26.256
19.488
25.728
23.44
25.888
25.936
18.44
25.728
21.216
18.44
18.488
19.496
24.776
25.728
19.536
18.864
21.552
24.96
26.208
18.816
18.44
18.488
19.496
21.248
19.616
23.544
19.52
18.44
24.728
18.776
18.824
24.728
18.44
18.44
28.728
28.728
18.456
18.44
18.44
19.688
26.216
18.44
18.44
19.44
25.008
32.496
19.824
21.552
21.168
26.016
26.064
18.912
19.44
32.016
18.624
21.152
24.8
18.44
25.728
18.44
19.44
25.968
18.576
24.776
18.44
19.44
19.44
18.44
21.608
19.976
21.704
18.872
28.728
24.728
32.216
18.44
21.2
18.608
19.44
24.776
19.44
18.44
18.44
25.728
18.576
19.44
18.528
19.536
19.536
24.728
25.736
18.584
19.592
25.16
19.688
21.152
28.824
19.752
18.6
19.608
18.936
25.224
19.44
18.44
19.688
18.536
19.544
18.632
19.44
24.768
21.216
18.624
32.352
21.6
25.008
18.44
19.688
18.44
18.44
18.488
21.176
32.264
18.44
32.168
19.496
19.544
32.312
26.12
19.688
18.776
23.864
20.072
26.84
19.688
19.016
19.784
18.44
19.448
18.776
18.44
19.44
32.184
25.728
21.168
21.152
18.56
18.44
18.488
24.776
24.824
18.44
18.44
18.44
19.688
18.536
32.264
19.44
18.528
25.776
19.824
21.552
20.16
18.768
20.016
18.864
18.912
18.72
19.968
19.44
19.44
18.44
18.44
18.44
18.44
19.448
18.776
19.544
21.272
19.44
25.728
24.728
18.44
18.44
23.528
18.536
18.44
21.368
25.016
18.584
18.632
18.44
23.44
32.016
18.44
25.728
18.576
19.584
18.44
23.44
25.888
18.736
19.488
32.064
25.728
21.152
19.44
19.44
24.776
21.224
18.44
18.44
18.488
23.816
21.704
18.872
18.44
23.768
19.736
21.704
18.872
20.12
29.048
18.44
25.928
18.536
24.776
32.024
18.872
21.152
18.44
24.968
25.728
19.536
28.728
24.936
18.504
18.552
18.44
23.44
18.44
19.448
25.256
21.704
21.152
28.728
19.656
18.44
18.44
18.44
19.448
26.216
19.544
18.632
18.44
23.44
32.128
19.696
32.464
19.44
19.44
21.408
25.728
32.256
32.304
28.728
25.728
28.728
