18.44
18.578
19.466
18.44
19.628
19.616
21.404
18.842
18.44
18.578
19.466
18.854
18.842
18.83
19.568
18.806
18.944
19.44
19.44
19.578
19.44
24.828
19.866
19.104
19.242
19.83
19.218
19.206
22.044
19.182
19.17
25.158
18.996
19.134
19.122
18.81
21.648
19.836
25.374
19.362
19.05
18.888
23.676
19.44
18.44
18.578
28.916
21.254
23.44
19.528
18.766
19.954
19.942
21.58
20.368
18.706
19.894
25.882
21.37
19.558
21.496
18.784
18.772
21.61
20.098
18.736
22.174
19.162
20.65
19.138
22.876
22.864
21.052
22.99
21.478
25.666
19.504
19.342
24.28
18.868
19.006
21.994
19.432
32.77
19.258
25.996
21.334
21.322
23.56
32.266
19.804
32.542
24.13
25.918
20.356
18.994
26.332
19.27
19.408
21.496
25.834
21.772
19.06
19.498
19.486
18.574
19.462
18.55
21.388
18.526
25.864
18.652
18.44
21.152
18.59
18.728
18.866
24.854
18.692
25.73
18.44
23.678
18.866
29.354
25.292
25.28
18.518
18.506
19.694
18.782
18.47
23.858
19.796
23.684
18.872
25.46
29.348
32.636
19.274
24.962
25.55
33.638
25.976
30.614
19.652
34.49
34.328
26.366
19.904
20.792
20.18
26.618
20.006
27.494
23.132
20.57
21.758
25.646
27.584
34.772
28.46
27.248
34.736
21.524
27.362
22.25
22.238
24.176
20.714
26.402
20.09
23.078
22.916
26.504
26.492
25.28
20.318
33.656
21.044
20.282
23.12
20.408
28.046
20.534
20.672
30.86
20.648
20.786
27.074
23.462
20.9
23.888
21.176
26.264
34.952
27.59
21.578
21.266
21.254
21.242
21.98
23.918
28.406
22.244
21.482
24.47
22.508
21.746
21.884
35.672
22.31
32.648
22.436
29.774
35.912
23.6
22.538
35.726
22.364
22.502
22.19
22.178
29.666
28.904
22.142
35.63
22.868
21.806
29.144
21.782
24.62
29.408
22.346
29.684
29.822
25.01
22.448
23.636
31.874
21.812
22.7
24.638
21.926
28.214
25.202
21.59
24.578
24.566
21.704
21.842
21.53
21.368
21.206
27.644
21.632
24.17
20.708
21.296
27.434
26.672
25.31
27.998
27.386
21.074
27.512
20.45
34.088
20.576
31.064
20.402
23.24
21.578
26.066
28.004
34.892
21.23
22.118
24.056
28.244
22.832
21.47
21.608
22.646
24.284
28.322
21.11
24.548
23.036
28.724
27.962
21.65
21.788
23.426
22.664
21.752
23.84
21.128
21.116
22.004
23.792
20.33
21.518
20.606
21.644
27.182
21.02
27.308
25.946
21.734
28.922
21.11
21.248
34.286
19.724
26.162
20.6
27.038
19.826
19.514
20.552
19.79
25.178
22.916
26.504
26.192
23.03
21.218
19.706
19.094
19.232
24.32
20.558
20.696
19.484
27.272
20.66
26.498
18.986
20.024
19.112
20.15
25.688
26.876
18.914
18.44
24.878
18.866
19.604
18.842
18.83
32.618
19.256
19.094
33.182
26.27
20.258
26.546
19.334
20.372
20.51
26.798
25.586
19.274
20.312
19.55
19.088
20.276
21.914
26.552
20.39
19.628
19.466
22.754
26.942
19.58
29.168
25.728
18.666
19.704
19.092
19.68
18.44
18.44
18.44
32.228
18.716
29.354
19.142
19.13
19.568
21.506
18.644
19.682
18.62
19.808
26.096
20.234
25.922
19.46
20.048
19.136
19.274
19.262
21.8
29.438
25.526
18.914
18.44
25.778
19.466
25.304
18.992
19.13
18.44
21.278
19.466
32.354
19.892
18.53
23.768
19.856
19.244
20.282
19.37
22.358
26.846
26.684
19.472
26.96
24.548
20.186
33.224
19.562
24.8
19.688
19.376
33.014
19.802
18.59
19.928
23.816
32.654
21.692
19.13
23.918
18.806
19.694
18.932
24.728
25.866
18.504
19.44
25.728
24.816
19.704
21.504
19.44
19.578
23.616
18.654
26.142
21.18
18.618
19.44
18.528
18.666
24.804
24.942
18.78
19.518
32.556
21.294
23.532
21.152
19.49
26.004
19.692
18.48
23.44
25.978
18.766
18.754
19.792
19.18
32.818
19.006
18.994
19.882
24.07
25.558
20.596
19.384
20.572
19.21
20.398
25.936
24.724
20.062
26.5
26.338
20.326
19.564
20.602
27.19
20.278
20.266
27.454
20.692
27.88
20.818
22.606
26.944
20.782
21.37
21.058
20.896
30.784
21.172
20.71
28.048
21.886
21.124
34.762
24.4
21.538
32.326
23.164
28.852
22.84
35.278
21.916
27.454
21.142
20.98
28.168
26.056
21.094
24.082
28.87
21.808
26.446
29.284
29.272
21.76
29.398
22.936
22.024
28.012
29.05
26.938
23.026
23.014
26.302
23.14
21.628
22.666
28.354
21.892
21.88
35.068
23.656
23.794
21.232
21.07
28.108
22.546
21.034
23.872
21.01
20.698
27.136
23.524
34.612
28.75
21.388
26.326
21.814
21.502
21.64
21.628
23.566
27.004
25.792
28.78
22.018
21.556
22.294
28.282
35.17
24.658
22.696
23.434
22.672
22.81
22.948
25.486
22.924
28.312
23.35
29.488
22.126
36.514
36.502
29.89
22.828
22.666
30.154
27.742
23.38
22.918
25.906
23.344
22.582
36.07
27.208
23.296
27.184
23.272
22.36
25.498
22.486
22.474
22.012
29.5
29.338
21.076
28.414
22.552
27.94
22.978
21.916
23.404
21.892
35.68
23.368
26.356
22.744
21.382
21.22
21.208
27.646
21.034
24.172
21.16
24.148
21.586
24.424
21.412
21.55
21.688
20.776
20.914
28.102
23.44
20.578
20.716
21.604
21.142
21.88
28.618
34.906
28.144
35.182
22.57
28.558
22.696
22.684
21.772
35.56
21.748
22.486
26.374
27.862
35.05
24.088
25.876
22.114
22.252
22.39
28.378
26.116
27.454
22.042
27.73
23.368
25.756
20.944
20.932
20.92
22.408
20.896
27.184
22.522
20.71
24.148
34.786
28.774
23.062
21.4
28.888
23.026
21.814
21.952
24.19
31.978
28.966
21.904
29.392
22.33
32.068
21.556
21.544
21.532
22.57
21.958
21.946
29.134
21.772
28.06
21.298
27.886
22.474
21.262
20.95
23.638
21.076
31.564
21.352
34.69
28.678
24.016
28.804
28.192
21.88
24.418
29.656
22.894
22.882
30.22
23.308
23.296
29.584
22.672
22.81
28.798
22.336
23.224
22.612
28.9
23.638
30.376
30.214
23.002
23.59
22.528
22.666
22.804
26.542
23.98
27.718
28.906
22.444
21.982
32.32
29.908
22.696
32.284
28.222
27.31
25.048
29.836
28.324
23.362
27.4
23.488
28.726
23.764
23.752
22.84
30.328
24.466
24.154
22.642
22.63
30.118
23.956
23.344
23.332
29.17
36.808
23.446
26.134
37.372
30.16
23.248
24.286
23.224
30.262
23.2
25.888
29.476
23.314
23.152
24.04
33.478
22.966
36.604
29.242
22.48
25.468
29.506
23.494
22.882
24.67
29.458
28.396
25.084
27.322
22.51
22.198
29.236
27.124
22.312
22.45
29.638
22.876
24.964
29.152
22.54
21.928
24.916
27.304
29.992
30.13
22.918
29.206
23.194
25.432
23.62
25.858
36.046
30.034
30.022
24.46
23.098
24.586
29.824
27.862
23.05
22.288
28.276
31.864
22.852
22.09
35.428
21.766
22.804
28.192
35.68
23.368
29.806
27.544
22.732
23.62
29.008
23.746
27.484
24.022
22.96
36.898
23.386
24.274
29.512
30.7
24.388
23.926
26.464
24.202
25.39
24.178
27.166
31.954
30.892
31.93
29.518
32.206
27.544
25.132
35.47
26.458
26.296
32.434
25.372
29.41
24.598
27.286
24.274
31.612
37.15
23.638
24.826
26.314
23.452
23.59
26.278
34.216
31.504
25.192
30.73
29.518
25.456
24.694
25.282
24.37
30.808
24.796
25.534
32.272
31.36
35.398
32.836
26.224
24.562
31.9
24.838
31.876
24.664
32.002
30.04
25.078
24.916
32.404
26.092
25.63
25.468
31.306
24.994
38.182
24.67
30.958
25.096
25.684
25.222
31.81
26.098
26.236
25.924
25.162
25.15
24.838
24.676
33.964
23.902
23.59
26.578
30.316
30.454
24.892
30.88
31.018
24.556
23.644
24.832
23.92
24.058
31.246
24.934
23.872
37.36
23.248
23.386
23.524
29.512
29.65
23.488
36.976
31.114
24.052
26.59
30.328
38.116
25.654
27.592
29.23
25.918
31.906
24.844
26.182
32.17
26.458
38.896
25.684
27.022
39.61
26.248
32.536
40.024
40.012
28.9
27.388
39.226
26.914
26.002
32.29
39.628
26.416
29.254
26.842
29.53
26.818
32.956
26.494
33.832
25.57
25.258
30.496
31.684
35.722
24.46
24.448
31.786
31.924
25.912
29.5
24.538
27.376
24.964
25.102
30.19
26.578
32.566
27.004
25.792
27.43
39.568
26.356
29.494
34.132
33.37
28.108
27.646
28.534
27.322
28.36
34.948
28.036
37.774
30.712
34.75
34.888
28.726
35.314
29.002
29.14
35.578
29.416
28.054
28.192
28.03
29.218
41.956
28.144
34.282
28.12
30.808
28.546
29.434
28.672
28.66
31.498
29.086
28.924
36.412
39.7
32.038
29.926
43.564
43.252
37.09
29.728
32.716
30.154
31.342
36.58
30.418
37.756
31.444
30.982
31.87
38.158
30.946
31.084
31.072
31.96
31.048
31.186
36.274
33.562
33.7
31.888
30.976
34.414
37.552
31.24
38.728
38.116
31.654
31.792
44.83
31.768
31.756
31.744
34.882
32.17
32.008
37.546
31.834
31.372
30.46
30.448
31.636
40.924
30.862
36.1
31.288
37.426
38.164
30.052
30.94
37.378
40.516
30.454
36.742
33.13
31.168
31.156
38.494
31.282
38.77
37.858
31.846
39.184
32.272
32.41
32.398
32.536
32.374
31.762
32.35
32.188
32.176
38.014
41.752
32.89
32.428
31.516
38.104
32.542
31.93
31.918
45.556
32.344
35.182
32.62
37.408
32.746
32.884
40.222
33.31
32.698
32.836
33.874
32.962
46.6
32.638
45.826
35.164
38.452
33.34
33.478
33.316
42.604
32.542
32.23
32.368
32.506
32.494
32.632
32.62
32.758
32.896
46.084
33.022
33.01
38.998
38.836
36.724
30.862
33.85
38.638
31.576
31.564
34.102
31.84
31.828
31.816
39.154
36.742
32.38
32.068
31.606
35.194
36.532
32.92
31.408
30.496
30.634
30.772
37.81
31.198
38.236
30.874
31.012
30.55
40.738
43.876
40.864
33.202
35.74
41.128
35.716
44.104
31.642
30.73
30.418
29.806
29.944
36.232
30.82
30.658
35.296
38.134
31.072
44.56
30.898
31.036
31.024
31.162
37.15
33.388
30.976
44.464
30.802
36.64
32.278
31.366
31.504
38.392
31.48
41.968
31.906
31.744
38.782
32.17
38.608
32.146
39.484
37.972
31.81
31.198
33.886
38.374
44.812
31.45
31.138
37.576
31.114
34.102
38.89
32.728
31.966
35.104
42.442
40.18
40.318
32.806
35.044
38.332
32.17
33.208
45.946
32.884
33.922
32.71
35.698
33.136
32.224
33.412
39.85
33.538
37.576
39.814
39.952
39.79
32.278
32.266
38.404
36.892
32.08
37.768
31.306
34.144
32.332
32.02
44.908
38.746
38.734
34.522
37.81
34.648
38.236
38.224
32.662
31.6
45.088
33.076
37.864
33.502
39.49
39.628
33.166
33.004
39.442
32.08
38.518
33.256
32.494
35.482
40.27
33.058
46.546
40.834
33.472
33.61
33.748
33.586
46.474
46.312
40.45
34.138
34.126
34.114
33.352
39.94
33.778
32.716
39.004
33.142
40.18
39.718
34.906
33.394
35.032
31.57
39.208
31.846
42.034
39.472
34.66
32.848
32.836
32.974
32.362
33.4
39.088
33.676
40.564
33.652
39.04
33.028
46.666
34.204
33.742
33.58
33.718
39.856
33.694
34.432
40.87
40.858
34.396
40.234
33.922
38.71
40.948
34.636
34.474
34.612
33.85
34.888
38.776
35.014
33.952
44.59
44.728
47.716
41.254
39.142
34.03
41.218
37.006
35.344
34.282
35.62
34.558
39.646
35.884
42.322
40.21
48.898
36.436
35.374
45.562
36.55
35.188
41.776
37.564
34.702
40.99
37.528
35.266
40.354
36.292
35.68
35.818
36.856
41.944
36.382
36.52
35.458
35.146
37.684
36.022
41.86
34.348
41.536
34.474
35.362
41.05
35.038
39.676
34.414
37.252
34.84
48.328
42.316
48.754
35.692
35.83
35.818
35.206
45.544
35.632
35.62
36.508
35.896
43.384
36.172
36.31
49.498
37.186
35.674
42.112
36.1
35.788
37.126
49.564
43.702
36.79
36.028
43.066
36.004
36.742
36.73
36.418
35.056
48.844
35.482
35.02
35.158
40.696
35.284
35.272
34.21
33.898
35.236
34.024
35.212
39.4
41.038
35.926
37.564
35.002
41.29
35.878
40.216
42.604
35.392
42.88
36.718
35.806
42.994
42.532
48.97
48.958
36.046
41.584
35.122
36.61
37.948
35.236
38.074
45.862
35.5
49.588
42.976
42.814
36.502
42.04
36.028
36.916
35.404
35.392
49.18
42.118
40.906
36.394
36.082
36.07
41.608
42.646
37.384
39.322
43.66
41.098
36.136
42.574
43.612
42.85
36.538
41.476
38.164
35.752
36.79
35.128
36.166
35.404
35.542
35.38
41.668
35.506
40.594
42.082
36.07
36.208
36.796
43.084
39.022
42.16
35.848
42.286
36.124
36.112
35.65
35.338
36.376
38.314
35.152
35.14
35.128
36.316
34.504
34.192
33.43
40.768
33.856
41.044
33.832
40.27
39.508
43.546
36.334
33.622
39.91
34.798
34.336
34.924
41.512
34.15
34.138
34.276
34.414
36.802
34.24
41.728
39.316
36.904
34.042
34.78
34.018
47.806
41.794
35.632
34.87
35.608
34.696
34.384
41.872
34.36
34.498
34.636
34.774
37.162
48.25
42.238
35.626
35.464
37.852
35.59
40.228
43.216
49.354
36.592
36.58
36.718
38.656
44.194
37.132
43.72
38.008
39.196
37.984
45.322
45.31
38.248
37.786
37.774
37.462
37.3
44.038
39.826
38.014
36.502
37.09
37.228
36.766
42.004
35.992
35.98
43.018
37.306
35.644
36.982
36.07
43.108
36.946
36.184
42.472
38.26
42.748
40.636
37.174
35.812
35.95
35.638
35.626
35.614
35.452
35.59
38.278
36.616
35.554
46.042
35.98
43.168
37.006
36.244
39.232
41.47
36.658
36.796
36.934
37.672
37.36
36.748
41.986
34.924
34.162
35.35
34.588
34.276
38.314
39.802
47.29
34.078
34.816
40.354
33.292
33.28
39.718
33.406
36.244
41.032
34.57
34.108
34.096
33.934
41.272
44.26
40.948
33.886
34.024
33.562
36.55
47.338
41.326
44.464
47.902
34.09
35.278
44.866
41.104
33.742
34.93
43.618
46.906
33.394
34.282
33.52
36.508
41.146
38.884
47.272
33.91
34.798
34.786
34.024
35.212
34.3
41.488
35.626
44.914
35.302
41.74
41.728
48.166
41.104
34.792
48.28
34.768
48.706
36.094
35.182
36.22
35.158
37.846
34.834
48.772
35.86
34.948
35.386
34.174
34.162
34.15
41.338
33.826
36.664
40.402
35.44
35.428
34.666
33.904
38.992
41.53
35.368
34.906
48.094
34.582
41.47
34.408
41.596
34.234
38.872
34.06
38.398
36.286
34.624
47.362
33.4
33.388
38.626
38.314
40.852
38.74
33.328
47.266
33.454
34.492
34.63
33.568
33.256
39.544
33.382
40.72
34.558
34.096
33.334
34.372
41.11
43.948
41.086
35.074
34.312
41.8
37.138
34.576
36.064
48.502
45.34
36.778
38.266
35.104
36.742
42.58
35.368
42.856
36.994
36.082
42.37
36.208
42.646
38.884
43.672
36.16
37.798
36.586
36.724
36.562
36.4
36.538
43.576
42.514
36.202
49.99
43.678
49.966
37.654
36.592
36.73
36.868
36.856
36.694
50.482
36.67
44.158
35.446
40.984
41.422
36.01
35.548
35.386
42.124
41.362
42.1
34.888
35.026
34.864
36.052
35.29
36.478
36.316
36.004
42.442
36.43
38.218
36.706
35.494
35.632
42.82
42.508
36.196
49.384
43.072
35.56
36.748
42.286
37.174
42.562
37.6
42.988
36.826
47.014
37.252
44.44
42.028
37.666
37.354
42.442
38.38
50.818
37.456
47.494
37.282
37.42
44.158
38.446
37.534
37.522
45.01
38.248
38.236
43.474
37.312
38.35
51.088
37.576
44.614
38.452
37.54
44.128
37.366
42.904
36.592
37.63
36.868
47.356
36.844
36.532
44.02
36.808
39.346
37.234
37.372
37.21
50.398
44.536
38.224
37.762
44.35
37.288
42.076
37.264
43.552
43.54
44.728
44.266
47.554
40.342
37.33
37.018
41.656
39.544
36.682
36.67
36.658
37.696
36.784
50.572
36.91
37.048
37.186
37.174
50.662
37
50.938
44.626
37.114
36.802
43.24
43.978
41.716
39.454
49.792
36.13
36.118
39.406
37.594
36.082
42.22
42.208
46.396
36.484
36.622
36.76
46.648
36.886
41.524
43.612
39.7
50.938
37.576
42.664
37.852
37.84
38.878
38.116
48.604
45.892
49.03
38.968
38.806
38.494
43.432
38.62
38.458
41.446
38.584
37.372
37.51
37.498
37.636
50.674
44.512
37.3
38.488
42.376
44.914
38.602
37.69
42.928
39.016
44.554
52.192
46.03
45.868
39.856
38.944
49.132
45.22
44.308
39.346
53.284
44.272
38.41
41.098
45.886
38.674
41.662
44.8
38.188
38.326
39.064
45.052
37.99
38.128
45.316
40.954
45.592
38.08
38.068
44.056
51.394
43.732
51.37
44.758
37.396
37.084
42.322
43.36
39.898
43.486
38.674
36.712
43
50.638
38.026
37.414
42.502
44.29
45.178
37.666
43.804
37.642
37.63
41.068
45.406
48.394
39.382
38.92
39.508
45.796
49.084
39.172
38.41
41.248
45.736
38.674
41.362
38.5
38.188
51.976
39.214
38.152
50.89
39.778
37.216
43.504
39.892
37.03
40.018
43.606
42.544
37.882
40.42
45.208
37.846
39.484
44.122
40.51
37.798
37.486
51.124
42.712
44.65
42.388
37.726
40.564
45.502
39.19
45.178
39.616
46.204
38.992
39.13
38.518
45.706
39.544
38.932
37.87
38.008
38.896
38.134
38.272
45.61
43.498
39.586
52.024
38.512
39.55
43.588
38.476
43.714
40.402
46.54
49.828
40.366
39.604
39.742
50.38
41.218
40.306
45.544
40.732
51.52
41.008
40.396
47.884
40.672
40.21
41.398
47.986
54.274
47.812
53.95
45.238
49.726
39.364
42.652
40.99
39.328
40.816
39.454
46.792
40.78
40.168
40.306
42.844
40.732
41.77
40.708
40.546
41.584
40.072
41.26
46.348
44.536
40.624
39.712
47.2
41.038
47.176
39.814
39.952
53.44
39.928
50.266
40.204
39.592
42.43
46.168
40.156
40.144
42.532
46.72
45.508
42.046
46.834
46.822
39.31
46.198
41.686
39.124
46.612
39.4
46.888
39.376
44.314
45.952
39.94
40.678
47.566
39.904
44.542
39.58
39.568
40.756
50.044
42.682
39.97
53.908
47.746
47.884
40.672
40.81
40.798
40.486
46.774
43.012
41.2
48.088
45.676
41.314
48.652
41.74
41.578
41.566
48.754
43.642
41.38
41.518
51.556
49.144
40.882
44.02
46.258
42.496
42.334
41.422
46.36
44.248
49.036
41.824
43.012
42.7
42.838
42.826
41.914
47.152
43.39
55.978
49.966
49.654
43.042
44.98
49.618
42.556
49.894
42.532
48.52
42.358
42.496
42.484
48.922
42.91
43.498
43.336
49.474
43.462
47.8
43.588
43.576
43.414
43.252
43.09
42.778
42.766
42.904
53.542
50.38
46.018
53.656
44.044
44.032
44.77
44.308
43.696
44.734
44.122
44.11
51.448
44.536
50.674
44.962
51.1
51.088
45.076
44.764
43.702
44.89
43.978
46.666
43.654
49.942
44.53
43.168
48.406
43.444
57.232
57.37
43.858
46.096
43.384
42.172
43.66
43.648
42.586
42.574
45.412
43
53.188
42.826
50.164
43.102
50.59
50.428
42.916
50.404
50.542
44.08
43.468
43.606
42.844
42.982
43.12
44.008
43.246
49.684
46.072
43.66
50.398
43.336
43.174
49.012
43.6
49.888
53.026
48.814
43.702
50.29
43.078
50.716
45.454
42.292
45.28
53.218
43.006
56.794
42.532
50.02
45.358
50.296
48.034
49.972
42.76
42.748
45.736
43.174
53.662
49.3
49.288
43.276
44.164
50.602
45.94
50.428
44.416
50.554
44.842
44.83
43.468
51.106
48.694
44.182
43.72
42.958
43.996
49.834
52.972
45.61
53.098
45.286
50.074
43.012
42.1
48.688
52.576
45.364
42.802
49.09
45.778
43.366
43.504
44.542
49.78
44.968
44.056
46.894
44.332
44.02
57.358
57.346
45.034
50.722
51.46
44.248
54.286
51.574
54.712
44.5
52.288
51.526
45.064
44.152
47.74
44.428
45.766
58.354
52.192
47.98
46.468
44.656
51.994
45.682
45.37
45.358
47.146
44.584
44.722
44.56
50.398
44.236
45.274
51.862
51.1
45.088
45.226
52.714
45.352
52.69
44.128
43.816
43.354
46.192
46.33
43.318
49.756
46.294
51.082
57.22
46.558
48.796
57.634
43.972
54.76
51.748
50.836
47.224
44.662
52.15
58.288
45.226
45.364
45.502
49.54
44.578
45.466
44.554
47.692
44.98
46.468
45.256
51.694
45.532
59.02
52.258
52.396
46.534
52.672
48.46
59.998
52.936
47.374
56.962
53.2
52.888
46.876
47.464
46.252
52.69
46.228
53.116
45.604
46.792
53.68
48.418
53.056
46.594
51.382
51.37
45.208
48.046
51.634
45.622
45.76
48.298
48.136
46.474
51.862
45.85
53.338
46.876
46.414
49.102
46.24
46.378
46.516
49.054
46.942
49.03
47.368
52.606
60.094
47.782
54.22
47.008
48.346
46.984
48.472
47.26
61.048
48.586
47.674
55.162
50.8
54.388
49.426
48.514
49.702
48.94
48.478
48.166
48.304
47.992
50.98
53.518
48.706
47.944
54.082
47.92
48.058
54.196
55.084
57.922
48.91
47.998
49.036
48.424
48.112
55.6
47.938
54.376
50.914
48.502
53.44
48.778
56.266
55.954
49.792
49.18
48.868
50.206
48.994
56.332
59.47
49.558
49.246
56.134
52.072
54.31
50.248
62.686
56.074
48.562
49.3
51.238
51.226
48.364
48.352
54.64
58.678
48.616
55.054
47.692
47.08
47.218
46.906
49.894
50.032
47.32
47.458
47.596
57.784
54.172
47.71
54.598
54.136
57.874
55.162
46.9
49.888
57.676
50.314
46.702
49.39
46.528
47.866
49.804
49.792
49.63
52.918
46.756
46.894
47.782
47.02
47.158
47.896
47.134
54.472
48.16
47.098
46.036
46.024
47.212
46.15
48.988
46.426
53.764
49.552
60.34
47.428
48.316
57.754
48.142
48.13
55.468
50.806
48.544
49.432
58.87
56.758
48.796
48.334
50.122
55.81
50.398
49.936
56.074
56.212
51.7
51.538
49.576
48.814
59.452
50.29
49.078
48.466
49.504
48.892
55.03
49.768
49.156
51.994
50.032
48.97
52.108
62.896
51.034
49.522
49.21
56.248
48.886
52.024
62.662
50.2
50.338
49.126
49.114
48.352
55.54
49.528
48.766
48.904
55.942
53.68
55.468
49.456
49.594
48.832
49.87
48.958
50.296
49.234
50.422
55.66
48.448
55.636
62.224
48.412
48.55
51.238
48.826
49.864
59.302
49.24
50.128
49.366
51.754
49.192
55.33
53.818
56.356
62.644
49.282
54.52
56.908
52.396
56.284
63.772
50.41
63.598
50.236
52.924
51.262
57.7
50.338
57.676
51.364
50.752
53.59
58.678
51.166
57.604
56.992
51.73
51.268
58.606
51.694
51.832
58.57
58.558
51.946
57.184
51.772
50.71
57.748
50.536
50.674
57.862
58
53.188
50.776
50.614
50.752
50.14
57.328
49.966
51.154
63.892
56.53
53.518
50.506
52.144
50.932
56.17
58.558
52.996
65.134
51.322
54.76
65.548
53.536
58.924
57.862
54.55
51.538
54.526
58.114
51.952
65.74
58.378
52.966
59.404
55.042
52.33
52.468
52.456
52.444
52.432
54.97
52.408
53.446
52.534
60.172
51.91
58.348
58.336
54.724
53.212
51.7
56.638
58.876
54.664
51.802
54.64
65.278
51.316
61.654
64.642
61.48
54.418
51.256
51.244
56.482
51.37
58.858
51.796
54.184
52.222
59.41
50.998
58.486
51.274
58.912
58.75
57.538
51.226
56.164
52.102
57.49
64.978
51.466
62.404
54.592
58.63
52.318
53.056
59.194
51.832
51.82
51.958
52.546
51.784
62.122
59.56
52.498
52.036
52.024
58.462
59.65
52.438
54.826
52.864
52.852
59.14
52.978
62.866
55.504
53.392
58.93
53.818
53.206
59.644
59.632
55.87
60.058
60.196
53.434
52.822
63.31
55.948
66.886
60.574
59.662
56.2
53.938
53.926
54.664
53.602
58.84
54.028
54.916
54.904
60.292
57.13
54.418
68.056
57.844
55.132
55.87
54.958
56.296
55.384
55.522
61.51
61.348
56.236
56.374
55.462
58
56.638
55.126
62.764
56.302
55.54
65.578
62.716
55.654
56.092
55.03
55.768
59.506
54.694
59.932
54.67
54.808
55.996
55.084
55.222
54.31
68.098
61.186
62.074
54.862
55
57.538
68.176
62.314
61.102
57.79
60.178
55.216
61.354
68.692
62.53
62.368
56.206
55.594
55.582
55.57
55.558
62.746
55.534
55.672
56.56
56.098
56.836
56.374
56.812
55.75
63.088
63.076
66.064
55.852
69.49
55.678
69.316
61.804
55.192
55.03
61.468
60.256
67.594
67.732
55.12
54.058
67.996
61.234
55.222
54.46
55.198
61.636
55.624
62.062
54.55
56.038
54.826
68.314
68.452
54.79
62.128
55.066
55.804
68.392
62.38
61.768
54.856
54.694
57.682
62.17
56.158
61.396
62.434
69.022
56.56
62.848
65.986
55.624
58.762
55.9
56.038
63.076
56.914
58.852
62.44
63.328
57.166
56.254
59.092
56.53
59.518
57.706
56.344
54.682
54.07
60.208
67.696
57.034
57.022
64.66
55.198
67.486
61.474
54.412
55.3
62.188
55.726
54.964
57.802
62.44
55.528
54.766
55.504
54.292
60.58
53.818
60.556
54.544
60.832
54.52
59.608
54.946
54.184
63.772
66.46
52.648
59.986
52.924
60.412
57.7
53.338
53.176
63.664
60.202
60.19
55.678
53.266
60.754
54.592
54.58
53.218
53.206
54.544
58.432
54.97
53.458
55.846
52.834
52.972
52.81
52.948
53.086
55.324
52.462
59.95
59.788
54.976
59.614
53.302
62.29
51.928
58.666
51.454
53.242
65.53
58.168
52.156
53.044
52.432
53.17
54.958
54.946
51.934
53.122
52.96
52.198
59.836
57.124
51.712
57.1
51.838
51.376
51.364
57.802
52.39
52.078
52.216
64.804
54.292
52.93
52.468
51.256
51.394
58.732
53.17
51.508
53.596
51.784
54.022
57.16
58.498
52.336
52.324
52.012
59.5
52.438
52.426
52.114
51.502
51.49
50.728
50.566
51.754
53.692
63.73
50.218
55.456
51.394
56.482
53.17
57.658
55.696
53.434
51.022
52.06
50.998
52.186
51.424
52.312
51.7
54.388
59.326
53.314
52.252
52.09
53.278
58.516
51.304
52.642
58.78
51.418
51.406
52.594
58.732
51.67
51.808
57.796
52.234
56.272
51.46
51.148
52.336
51.124
53.812
50.35
50.488
51.076
50.314
53.002
63.79
50.278
55.966
63.904
49.792
54.88
49.918
57.106
49.744
56.632
56.77
50.158
55.696
62.734
50.572
49.51
59.398
49.186
56.524
63.412
50.65
50.788
56.476
57.364
50.302
55.09
49.978
50.716
50.854
56.092
51.28
56.518
50.806
49.744
50.782
50.17
49.858
57.346
57.334
50.122
49.66
49.348
50.536
49.324
49.762
48.25
55.588
49.426
48.664
49.852
48.79
55.228
49.216
53.854
50.092
56.98
52.168
50.056
49.744
49.882
56.92
54.958
63.196
55.984
54.772
49.96
59.848
49.036
56.374
49.162
50.35
57.088
49.876
52.564
50.302
56.29
50.128
57.616
56.404
49.792
48.73
48.868
49.006
53.944
50.032
56.77
49.708
63.046
55.834
51.922
55.81
49.498
50.386
54.124
49.312
52.45
52.288
49.576
49.264
63.502
52.99
51.178
56.266
51.604
57.592
50.23
64.018
50.506
51.694
57.982
53.47
50.758
49.996
52.684
51.022
50.11
60.598
50.236
50.074
52.612
50.2
49.138
50.326
56.914
49.402
48.64
50.278
48.466
49.804
48.442
54.88
48.418
55.606
47.644
61.582
47.77
53.908
47.746
47.884
50.422
48.16
52.348
47.386
48.424
48.562
48.7
52.588
47.776
61.714
48.052
49.24
49.228
57.616
46.954
54.442
49.93
47.668
47.356
53.494
54.832
54.82
57.508
47.146
46.834
53.872
53.71
52.348
47.086
46.174
47.362
46.6
60.238
47.926
47.914
46.852
46.84
53.278
60.766
47.104
47.242
52.03
46.918
60.856
53.344
52.132
54.67
54.658
53.896
50.734
55.372
48.01
55.348
47.686
48.424
57.862
55
58.288
48.226
58.564
55.852
58.84
56.128
62.266
49.054
50.092
56.53
49.318
50.356
56.044
52.282
50.32
50.458
52.696
56.584
49.372
56.86
49.648
56.686
49.324
55.612
49.45
52.288
49.726
56.164
50.152
49.69
49.678
50.566
50.104
56.842
49.78
49.918
55.006
57.394
52.882
50.77
57.508
53.296
50.434
50.572
51.61
50.998
60.886
52.024
50.962
64.9
52.288
58.276
53.764
51.352
51.34
51.478
52.066
51.304
54.142
52.33
51.268
51.406
50.794
52.882
51.22
50.458
51.646
50.134
52.972
54.91
53.398
50.236
51.874
50.512
53.65
51.988
64.276
52.414
50.902
51.94
56.578
64.066
50.554
51.892
61.03
56.368
49.906
56.044
49.132
54.37
52.408
49.696
49.534
49.672
49.36
56.698
63.136
49.774
49.012
49.15
48.988
56.326
49.114
51.802
54.34
56.128
50.116
56.254
63.142
50.53
50.968
56.656
51.244
55.282
50.32
64.408
50.446
50.584
50.422
55.51
51.748
50.236
51.274
55.312
53.05
57.688
50.326
53.314
60.952
57.49
51.328
57.166
64.054
50.992
49.78
63.418
50.056
60.394
50.482
57.67
50.458
50.446
51.484
50.872
51.01
53.698
50.986
57.274
54.412
52
56.938
53.776
61.564
52.402
57.64
51.328
57.166
50.554
50.392
64.18
51.568
58.006
55.894
51.082
51.07
51.208
54.196
52.684
51.172
54.61
65.248
51.136
52.774
51.412
65.2
59.188
59.176
51.664
59.152
51.04
52.078
51.316
52.954
63.742
51.58
60.868
51.706
57.844
51.982
50.32
60.958
50.446
57.784
51.622
50.71
51.298
51.436
50.524
51.712
50.8
57.238
51.976
57.214
61.402
51.04
51.028
52.066
51.304
56.542
57.43
50.518
57.856
50.794
51.532
51.07
50.308
53.296
50.734
64.522
49.66
50.698
57.286
52.924
57.562
50.35
50.488
51.376
50.464
53.602
58.09
50.878
60.916
50.554
53.542
57.28
52.168
64.306
53.644
50.032
56.32
50.308
52.996
56.584
51.322
57.91
53.548
50.986
53.974
58.612
52.3
65.038
58.426
58.114
52.102
54.79
59.428
58.666
65.404
52.042
58.48
53.218
53.206
52.444
57.682
60.22
55.708
66.946
60.184
54.772
59.26
54.298
56.536
67.474
60.712
53.2
59.638
53.926
53.164
53.002
53.14
60.328
52.966
60.304
55.642
55.63
52.918
60.256
56.344
63.682
53.47
55.258
53.896
54.034
61.222
54.01
54.598
53.836
61.174
55.012
60.1
61.288
54.976
54.514
61.852
67.84
54.478
59.566
54.904
61.042
64.33
61.468
54.106
68.044
61.732
67.87
54.508
55.396
54.484
55.522
57.46
55.798
54.586
57.724
56.062
61.45
60.838
54.526
54.064
53.752
60.19
53.578
61.066
56.704
60.142
55.18
67.768
54.256
68.194
62.032
55.72
54.958
54.946
56.134
55.072
58.21
62.848
58.036
65.824
55.312
62.35
61.138
56.026
60.964
54.952
61.69
54.028
53.716
54.154
59.542
53.38
53.518
60.856
54.544
53.782
58.72
60.808
55.546
56.434
53.722
64.51
58.948
54.886
54.124
55.312
61.3
54.238
59.176
55.864
55.702
61.09
53.878
55.666
54.154
54.142
55.33
55.168
55.156
54.394
64.732
59.62
54.658
61.696
55.684
54.922
55.06
59.848
55.186
61.774
55.612
56.2
60.388
55.126
54.514
61.702
54.64
53.878
60.166
53.704
53.692
53.38
59.518
58.306
54.544
54.082
58.72
56.458
53.446
54.184
53.122
60.76
60.748
54.136
60.124
53.812
54.55
54.238
54.226
60.514
59.602
53.44
55.978
59.866
53.854
67.192
54.13
64.168
54.256
55.444
68.182
54.52
54.508
55.546
54.934
55.072
68.41
55.498
68.686
55.024
62.362
68.65
62.788
61.276
55.264
55.402
57.94
55.528
58.216
61.804
65.842
55.63
69.118
56.506
56.344
55.432
62.62
56.458
68.596
55.234
56.572
61.66
69.598
56.986
57.124
55.612
69.55
62.338
57.076
63.364
56.752
55.99
57.028
62.416
56.254
61.342
57.13
56.218
63.556
56.344
56.332
56.17
63.508
56.596
56.284
63.622
57.31
62.848
56.536
57.574
56.662
61.9
56.638
57.676
56.614
64.102
70.39
56.728
62.116
57.754
64.192
56.83
57.868
63.106
64.294
64.432
57.97
57.208
60.046
57.634
57.322
60.61
63.598
60.586
57.874
60.712
57.85
59.188
59.326
56.764
64.252
59.59
57.478
56.416
69.454
55.942
55.93
61.768
56.656
55.894
60.232
55.42
56.608
55.396
55.384
69.172
56.71
63.148
58.786
56.374
56.212
62.2
62.188
56.176
58.864
56.002
62.74
55.528
55.666
56.404
65.092
55.93
54.418
55.906
68.344
57.982
55.12
56.608
61.696
58.684
60.772
57.46
55.948
57.736
56.374
61.912
58.15
57.088
59.926
58.264
57.052
71.29
60.478
71.566
58.804
57.892
60.13
63.718
57.406
70.894
57.532
60.37
65.008
58.996
68.284
65.272
59.11
57.898
59.386
58.624
64.762
62.65
58.888
60.676
58.114
58.252
61.39
58.528
58.366
58.354
58.492
57.73
57.568
58.606
58.444
63.832
57.52
62.308
57.346
58.534
58.222
64.66
62.548
57.886
58.924
58.162
71.95
58.288
61.276
58.564
61.252
58.39
60.028
58.516
58.654
65.092
57.88
57.568
57.556
65.044
57.382
64.57
60.208
57.796
64.384
64.522
63.61
70.198
57.886
57.124
56.962
63.25
62.938
61.726
57.514
56.602
57.94
70.378
59.566
57.004
64.042
59.68
63.418
58.306
64.144
57.232
57.07
56.308
59.296
64.084
63.922
63.16
59.698
56.986
57.424
62.962
64.15
57.988
57.076
56.764
70.402
64.54
57.178
58.066
57.604
57.742
57.43
57.568
57.706
57.694
64.582
58.12
57.508
67.696
57.184
57.172
57.31
64.498
59.986
64.924
68.362
64.15
57.838
65.326
57.364
58.552
57.79
65.128
71.416
60.754
57.592
65.08
71.368
58.906
58.594
61.132
65.02
59.908
65.146
61.984
58.372
65.71
60.298
58.936
62.524
66.562
59.35
59.488
60.976
65.914
59.752
64.39
67.528
59.566
60.754
73.642
60.13
60.868
59.956
70.444
61.432
63.07
62.458
67.246
66.184
60.172
60.16
64.948
60.286
62.524
65.962
67.75
70.888
63.826
58.564
57.502
57.64
64.378
58.066
58.054
58.042
58.18
57.568
64.156
57.994
57.532
56.62
57.808
63.346
56.734
57.922
64.51
57.448
57.586
70.624
57.112
58.15
64.738
64.726
57.514
57.352
56.74
63.928
56.716
70.354
56.842
58.03
64.468
64.606
58.594
57.232
59.92
64.408
58.396
63.484
57.472
58.66
57.898
60.886
65.524
58.312
57.85
60.538
65.026
58.264
56.602
62.74
56.728
63.616
63.454
56.242
57.43
64.018
57.706
56.494
56.482
57.67
56.908
57.496
56.584
70.372
59.71
64.348
63.136
57.874
57.412
63.7
57.538
63.826
56.614
57.802
64.54
58.078
62.266
65.254
64.942
57.88
57.118
56.806
57.994
58.132
57.07
63.358
57.346
57.334
57.172
62.26
58.348
57.586
57.724
63.112
65.35
60.988
63.226
58.714
65.152
58.84
66.028
58.966
65.554
57.292
64.78
63.568
56.806
56.944
56.782
70.57
60.058
57.196
58.084
57.322
57.46
71.098
57.886
58.774
65.512
58.6
58.738
64.576
59.164
59.302
61.24
65.578
59.716
66.004
66.142
72.13
65.518
60.106
59.794
62.032
60.22
60.958
67.996
60.184
73.672
68.56
60.448
62.836
60.874
67.162
68.35
61.438
61.276
61.114
61.702
61.39
61.528
66.316
61.804
61.942
67.03
62.068
61.906
75.394
61.132
63.37
60.508
61.696
66.034
62.122
61.81
60.748
62.086
63.874
60.862
60.85
60.838
60.976
61.114
67.102
61.54
60.928
60.916
66.904
59.392
66.43
64.168
59.506
59.644
59.782
62.32
60.058
59.896
65.884
59.872
60.61
59.998
59.836
62.824
66.712
60.4
65.788
59.176
65.314
59.902
59.29
66.628
65.866
61.954
59.242
60.58
59.668
60.706
59.944
60.832
66.67
59.158
65.446
64.384
59.572
59.56
62.398
59.236
60.124
60.262
65.65
65.488
60.376
59.314
62.302
73.39
59.878
62.866
60.304
61.492
60.43
67.468
61.156
66.694
74.032
61.72
67.408
71.146
60.934
61.072
74.71
64.348
61.636
64.474
61.612
61.6
66.838
61.726
75.364
62.152
62.14
64.828
61.966
61.954
62.092
63.28
67.168
62.206
69.694
61.432
68.62
62.608
62.446
62.434
61.822
63.46
60.448
62.086
63.424
60.262
62.35
60.388
67.876
61.564
60.652
66.94
60.478
61.816
60.604
67.642
60.43
60.418
61.606
68.044
61.132
60.67
74.458
68.146
67.384
61.972
61.21
66.298
61.636
75.274
61.462
64
61.438
61.426
61.114
64.102
60.34
60.478
60.166
63.004
67.792
63.43
61.168
62.056
74.644
61.282
63.97
68.458
60.646
74.434
62.122
61.21
66.148
61.186
74.974
62.062
68.5
67.438
61.276
74.164
68.152
61.99
60.928
62.416
68.554
61.342
74.68
68.668
62.056
61.894
67.132
68.32
60.208
65.896
66.784
61.372
60.91
63.448
67.786
61.474
68.812
62.2
68.788
62.476
62.164
62.302
69.49
64.228
62.716
69.304
62.992
62.68
63.118
62.806
65.344
69.232
70.42
68.008
62.596
62.584
76.072
68.41
70.198
60.136
61.474
74.062
61.75
63.538
60.526
63.664
67.102
65.74
63.628
60.766
62.554
62.392
68.38
68.218
64.306
66.394
61.582
64.87
62.008
61.996
61.984
65.122
61.66
68.998
62.386
60.724
67.012
61.9
60.988
66.226
68.764
64.102
61.54
61.678
66.916
61.804
61.642
61.78
62.368
61.606
62.494
67.732
61.72
68.758
68.446
71.434
62.272
61.81
60.748
67.186
61.924
68.512
61.3
61.138
68.176
61.114
74.752
67.24
63.778
68.866
64.054
61.942
67.78
64.618
62.956
66.544
61.732
75.37
63.058
68.746
63.484
68.872
62.26
76.048
63.736
62.974
65.662
63.4
69.688
64.426
71.164
63.952
64.09
77.128
64.216
64.804
63.892
65.23
71.368
69.256
71.644
70.132
63.97
64.858
71.896
67.084
64.672
65.71
71.398
66.136
65.074
70.162
65.35
70.588
71.926
66.814
66.352
65.59
65.428
69.616
63.754
64.792
63.88
63.268
63.106
69.244
70.282
63.67
70.408
76.846
63.334
64.372
63.76
74.098
64.936
71.674
64.762
72.1
66.988
70.576
78.214
64.702
67.39
64.528
64.216
64.804
68.842
66.73
66.868
64.006
65.494
77.932
64.27
77.908
65.146
63.634
64.672
66.46
64.648
66.436
74.074
65.962
64.45
63.388
64.726
63.664
77.152
63.79
63.778
69.016
64.054
78.142
65.38
64.768
71.806
64.444
64.582
63.97
64.108
64.246
71.284
64.672
70.66
64.498
77.536
65.374
64.462
77.5
64.738
63.826
65.164
64.252
64.24
66.928
64.666
78.154
64.792
64.63
64.618
67.606
66.094
75.082
65.02
65.008
64.996
66.034
66.022
65.26
66.298
64.486
64.624
64.612
63.7
63.538
70.726
65.014
63.202
63.19
62.578
76.366
65.854
63.742
62.38
69.718
61.906
62.944
62.782
61.87
62.008
64.696
68.134
61.522
61.21
61.048
68.686
61.324
60.712
63.7
66.088
64.126
67.414
61.102
61.99
62.128
62.266
68.404
62.242
66.28
62.668
61.756
61.894
62.932
68.62
62.308
66.346
61.234
61.072
60.91
66.898
63.736
68.224
60.862
67
62.188
74.626
64.264
60.952
74.89
63.028
67.966
61.954
62.692
72.13
62.218
62.356
61.894
61.882
61.87
68.758
60.946
68.134
61.072
67.36
62.248
74.836
62.074
64.612
68.2
72.238
64.726
66.664
69.052
61.99
64.678
68.716
64.804
62.092
62.08
62.218
69.406
68.044
62.932
62.02
63.058
62.296
62.434
62.572
67.51
69.898
62.686
76.324
63.712
76.15
69.088
62.926
68.464
69.352
63.04
70.828
65.866
63.604
64.792
64.78
68.218
64.606
62.944
61.732
61.12
64.108
61.246
74.734
61.222
61.06
64.198
68.986
75.124
62.062
62.65
61.888
61.726
68.014
67.702
75.19
62.728
69.316
68.104
61.492
61.18
61.318
68.656
65.944
74.482
63.67
62.158
63.646
71.434
61.222
67.06
61.048
60.736
60.574
66.712
63.25
60.388
63.376
60.664
68.302
67.24
65.878
68.716
71.254
67.792
61.78
68.218
68.056
66.394
61.582
63.37
60.208
63.496
67.684
61.822
65.71
67.498
64.636
68.374
64.162
74.5
67.888
60.676
60.664
70.252
60.19
73.828
67.366
60.004
60.742
67.18
60.118
60.106
59.944
60.832
60.07
60.058
67.396
61.234
66.322
67.36
61.198
60.286
61.324
60.712
60.85
67.888
65.776
66.964
60.952
63.64
61.378
63.766
61.204
64.192
62.08
60.718
60.856
67.294
61.132
65.77
62.758
59.746
67.234
59.872
60.91
60.298
60.286
62.974
60.712
61.75
61.138
68.176
61.114
61.252
68.59
60.628
67.666
61.654
61.192
59.83
59.968
62.506
59.794
61.282
60.22
59.908
59.746
62.734
61.072
59.41
72.298
59.836
58.924
61.912
65.65
60.388
59.626
59.314
65.452
60.34
59.428
62.566
61.654
59.092
59.08
72.868
60.406
67.144
59.932
65.92
66.508
59.296
59.284
60.472
67.06
60.298
65.986
59.824
59.662
67.15
66.238
59.926
60.664
67.552
60.04
59.878
59.566
67.054
60.892
60.28
65.068
68.056
66.394
67.282
59.92
70.108
60.346
59.584
59.422
66.91
64.948
60.136
60.124
65.662
60.4
65.488
58.276
63.364
63.352
65.44
58.078
58.216
59.554
72.142
65.98
66.118
58.756
59.644
66.082
59.92
59.158
58.846
58.984
65.122
65.71
64.498
59.386
65.974
58.312
58.45
58.588
63.226
58.264
71.752
58.39
64.078
57.616
57.454
71.092
58.78
57.868
60.556
59.044
57.832
57.67
57.808
64.096
70.384
63.622
58.21
57.748
63.586
57.574
71.062
57.4
59.788
58.126
64.564
57.352
64.99
63.778
57.016
58.204
58.342
57.13
63.418
58.306
64.894
70.732
64.12
63.208
56.146
58.984
56.272
66.61
59.698
55.936
55.774
56.962
56.65
58.588
62.176
58.714
62.302
55.99
57.178
56.266
57.454
66.892
56.83
58.018
56.806
59.644
63.532
58.42
58.408
57.196
70.834
58.222
58.21
64.648
58.186
57.424
62.662
58.9
58.138
64.276
65.014
57.952
57.94
71.578
64.816
59.254
58.792
64.78
63.268
57.556
68.494
62.782
57.52
60.508
58.846
57.934
59.272
58.06
61.048
58.486
58.024
58.912
60.85
57.838
57.976
57.664
58.852
57.49
71.128
57.916
64.204
65.092
64.93
58.918
58.156
63.994
58.432
57.67
57.508
56.596
59.434
56.872
57.01
59.848
59.836
57.274
59.962
57.25
67.588
57.526
65.014
57.802
63.49
57.178
70.816
58.504
57.292
57.28
57.418
60.256
57.694
59.332
64.27
59.158
57.496
64.984
57.622
57.61
71.098
57.586
64.024
58.612
58.3
58.888
57.976
56.614
56.152
56.14
57.328
56.416
56.254
56.392
66.58
64.018
59.506
57.094
57.682
55.42
55.408
65.296
55.084
65.572
55.21
65.248
56.086
56.224
62.362
61.3
67.738
54.826
58.414
56.152
60.94
52.828
55.666
53.104
53.242
53.23
66.868
53.206
53.044
54.232
59.47
54.508
56.146
53.434
53.422
54.46
59.098
60.286
59.524
54.412
56.8
53.638
60.376
56.614
61.102
67.24
56.578
54.766
53.704
53.842
53.53
63.868
59.656
53.344
60.682
54.37
60.208
55.996
54.334
53.572
56.56
53.548
54.586
53.824
60.412
56.65
54.088
55.126
54.214
60.202
55.39
55.228
58.966
55.204
55.192
61.78
56.818
59.206
65.494
65.332
63.82
57.658
61.396
57.934
