21.152
21.2
21.248
21.296
21.344
21.392
21.44
21.488
21.536
21.584
21.632
21.68
21.728
21.776
21.824
21.872
21.92
21.968
22.016
22.064
22.112
22.16
22.208
22.256
22.304
22.352
22.4
22.448
22.496
22.544
22.592
22.64
22.688
22.736
22.784
22.832
22.88
22.928
22.976
23.024
23.072
23.12
23.168
23.216
23.264
23.312
23.36
23.408
23.456
23.504
23.552
23.6
23.648
23.696
23.744
23.792
23.84
23.888
23.936
23.984
24.032
24.08
24.128
24.176
24.224
24.272
24.32
24.368
24.416
24.464
24.512
24.56
24.608
24.656
24.704
24.752
24.8
24.848
24.896
24.944
24.992
25.04
25.088
25.136
25.184
25.232
25.28
25.328
25.376
25.424
25.472
25.52
25.568
25.616
25.664
25.712
25.76
25.808
25.856
25.904
25.952
26
26.048
26.096
26.144
26.192
26.24
26.288
26.336
26.384
26.432
26.48
26.528
26.576
26.624
26.672
26.72
26.768
26.816
26.864
26.912
26.96
27.008
27.056
27.104
27.152
27.2
27.248
27.296
27.344
27.392
27.44
27.488
27.536
27.584
27.632
27.68
27.728
27.776
27.824
27.872
27.92
27.968
28.016
28.064
28.112
28.16
28.208
28.256
28.304
28.352
28.4
28.448
28.496
28.544
28.592
28.64
28.688
28.736
28.784
28.832
28.88
28.928
28.976
29.024
29.072
29.12
29.168
29.216
29.264
29.312
29.36
29.408
29.456
29.504
29.552
29.6
29.648
29.696
29.744
29.792
29.84
29.888
29.936
29.984
30.032
30.08
30.128
30.176
30.224
30.272
30.32
30.368
30.416
30.464
30.512
30.56
30.608
30.656
30.704
30.752
30.8
30.848
30.896
30.944
30.992
31.04
31.088
31.136
31.184
31.232
31.28
31.328
31.376
31.424
31.472
31.52
31.568
31.616
31.664
31.712
31.76
31.808
31.856
31.904
31.952
32
32.048
32.096
32.144
32.192
32.24
32.288
32.336
32.384
32.432
32.48
32.528
32.576
32.624
32.672
32.72
32.768
32.816
32.864
32.912
32.96
33.008
33.056
33.104
33.152
33.2
33.248
33.296
33.344
33.392
33.44
33.488
33.536
33.584
33.632
33.68
33.728
33.776
33.824
33.872
33.92
33.968
34.016
34.064
34.112
34.16
34.208
34.256
34.304
34.352
34.4
34.448
34.496
34.544
34.592
34.64
34.688
34.736
34.784
34.832
34.88
34.928
34.976
35.024
35.072
35.12
35.168
35.216
35.264
35.312
35.36
35.408
35.456
35.504
35.552
35.6
35.648
35.696
35.744
35.792
35.84
35.888
35.936
35.984
36.032
36.08
36.128
36.176
36.224
36.272
36.32
36.368
36.416
36.464
36.512
36.56
36.608
36.656
36.704
36.752
36.8
36.848
36.896
36.944
36.992
37.04
37.088
37.136
37.184
37.232
37.28
37.328
37.376
37.424
37.472
37.52
37.568
37.616
37.664
37.712
37.76
37.808
37.856
37.904
37.952
38
38.048
38.096
38.144
38.192
38.24
38.288
38.336
38.384
38.432
38.48
38.528
38.576
38.624
38.672
38.72
38.768
38.816
38.864
38.912
38.96
39.008
39.056
39.104
39.152
39.2
39.248
39.296
39.344
39.392
39.44
39.488
39.536
39.584
39.632
39.68
39.728
39.776
39.824
39.872
39.92
39.968
40.016
40.064
40.112
40.16
40.208
40.256
40.304
40.352
40.4
40.448
40.496
40.544
40.592
40.64
40.688
40.736
40.784
40.832
40.88
40.928
40.976
41.024
41.072
41.12
41.168
41.216
41.264
41.312
41.36
41.408
41.456
41.504
41.552
41.6
41.648
41.696
41.744
41.792
41.84
41.888
41.936
41.984
42.032
42.08
42.128
42.176
42.224
42.272
42.32
42.368
42.416
42.464
42.512
42.56
42.608
42.656
42.704
42.752
42.8
42.848
42.896
42.944
42.992
43.04
43.088
43.136
43.184
43.232
43.28
43.328
43.376
43.424
43.472
43.52
43.568
43.616
43.664
43.712
43.76
43.808
43.856
43.904
43.952
44
44.048
44.096
44.144
44.192
44.24
44.288
44.336
44.384
44.432
44.48
44.528
44.576
44.624
44.672
44.72
44.768
44.816
44.864
44.912
44.96
45.008
45.056
45.104
45.152
45.2
45.248
45.296
45.344
45.392
45.44
45.488
45.536
45.584
45.632
45.68
45.728
45.776
45.824
45.872
45.92
45.968
46.016
46.064
46.112
46.16
46.208
46.256
46.304
46.352
46.4
46.448
46.496
46.544
46.592
46.64
46.688
46.736
46.784
46.832
46.88
46.928
46.976
47.024
47.072
47.12
47.168
47.216
47.264
47.312
47.36
47.408
47.456
47.504
47.552
47.6
47.648
47.696
47.744
47.792
47.84
47.888
47.936
47.984
48.032
48.08
48.128
48.176
48.224
48.272
48.32
48.368
48.416
48.464
48.512
48.56
48.608
48.656
48.704
48.752
48.8
48.848
48.896
48.944
48.992
49.04
49.088
49.136
49.184
49.232
49.28
49.328
49.376
49.424
49.472
49.52
49.568
49.616
49.664
49.712
49.76
49.808
49.856
49.904
49.952
50
50.048
50.096
50.144
50.192
50.24
50.288
50.336
50.384
50.432
50.48
50.528
50.576
50.624
50.672
50.72
50.768
50.816
50.864
50.912
50.96
51.008
51.056
51.104
51.152
51.2
51.248
51.296
51.344
51.392
51.44
51.488
51.536
51.584
51.632
51.68
51.728
51.776
51.824
51.872
51.92
51.968
52.016
52.064
52.112
52.16
52.208
52.256
52.304
52.352
52.4
52.448
52.496
52.544
52.592
52.64
52.688
52.736
52.784
52.832
52.88
52.928
52.976
53.024
53.072
53.12
53.168
53.216
53.264
53.312
53.36
53.408
53.456
53.504
53.552
53.6
53.648
53.696
53.744
53.792
53.84
53.888
53.936
53.984
54.032
54.08
54.128
54.176
54.224
54.272
54.32
54.368
54.416
54.464
54.512
54.56
54.608
54.656
54.704
54.752
54.8
54.848
54.896
54.944
54.992
55.04
55.088
55.136
55.184
55.232
55.28
55.328
55.376
55.424
55.472
55.52
55.568
55.616
55.664
55.712
55.76
55.808
55.856
55.904
55.952
56
56.048
56.096
56.144
56.192
56.24
56.288
56.336
56.384
56.432
56.48
56.528
56.576
56.624
56.672
56.72
56.768
56.816
56.864
56.912
56.96
57.008
57.056
57.104
57.152
57.2
57.248
57.296
57.344
57.392
57.44
57.488
57.536
57.584
57.632
57.68
57.728
57.776
57.824
57.872
57.92
57.968
58.016
58.064
58.112
58.16
58.208
58.256
58.304
58.352
58.4
58.448
58.496
58.544
58.592
58.64
58.688
58.736
58.784
58.832
58.88
58.928
58.976
59.024
59.072
59.12
59.168
59.216
59.264
59.312
59.36
59.408
59.456
59.504
59.552
59.6
59.648
59.696
59.744
59.792
59.84
59.888
59.936
59.984
60.032
60.08
60.128
60.176
60.224
60.272
60.32
60.368
60.416
60.464
60.512
60.56
60.608
60.656
60.704
60.752
60.8
60.848
60.896
60.944
60.992
61.04
61.088
61.136
61.184
61.232
61.28
61.328
61.376
61.424
61.472
61.52
61.568
61.616
61.664
61.712
61.76
61.808
61.856
61.904
61.952
62
62.048
62.096
62.144
62.192
62.24
62.288
62.336
62.384
62.432
62.48
62.528
62.576
62.624
62.672
62.72
62.768
62.816
62.864
62.912
62.96
63.008
63.056
63.104
63.152
63.2
63.248
63.296
63.344
63.392
63.44
63.488
63.536
63.584
63.632
63.68
63.728
63.776
63.824
63.872
63.92
63.968
64.016
64.064
64.112
64.16
64.208
64.256
64.304
64.352
64.4
64.448
64.496
64.544
64.592
64.64
64.688
64.736
64.784
64.832
64.88
64.928
64.976
65.024
65.072
65.12
65.168
65.216
65.264
65.312
65.36
65.408
65.456
65.504
65.552
65.6
65.648
65.696
65.744
65.792
65.84
65.888
65.936
65.984
66.032
66.08
66.128
66.176
66.224
66.272
66.32
66.368
66.416
66.464
66.512
66.56
66.608
66.656
66.704
66.752
66.8
66.848
66.896
66.944
66.992
67.04
67.088
67.136
67.184
67.232
67.28
67.328
67.376
67.424
67.472
67.52
67.568
67.616
67.664
67.712
67.76
67.808
67.856
67.904
67.952
68
68.048
68.096
68.144
68.192
68.24
68.288
68.336
68.384
68.432
68.48
68.528
68.576
68.624
68.672
68.72
68.768
68.816
68.864
68.912
68.96
69.008
69.056
69.104
69.152
69.2
69.248
69.296
69.344
69.392
69.44
69.488
69.536
69.584
69.632
69.68
69.728
69.776
69.824
69.872
69.92
69.968
70.016
70.064
70.112
70.16
70.208
70.256
70.304
70.352
70.4
70.448
70.496
70.544
70.592
70.64
70.688
70.736
70.784
70.832
70.88
70.928
70.976
71.024
71.072
71.12
71.168
71.216
71.264
71.312
71.36
71.408
71.456
71.504
71.552
71.6
71.648
71.696
71.744
71.792
71.84
71.888
71.936
71.984
72.032
72.08
72.128
72.176
72.224
72.272
72.32
72.368
72.416
72.464
72.512
72.56
72.608
72.656
72.704
72.752
72.8
72.848
72.896
72.944
72.992
73.04
73.088
73.136
73.184
73.232
73.28
73.328
73.376
73.424
73.472
73.52
73.568
73.616
73.664
73.712
73.76
73.808
73.856
73.904
73.952
74
74.048
74.096
74.144
74.192
74.24
74.288
74.336
74.384
74.432
74.48
74.528
74.576
74.624
74.672
74.72
74.768
74.816
74.864
74.912
74.96
75.008
75.056
75.104
75.152
75.2
75.248
75.296
75.344
75.392
75.44
75.488
75.536
75.584
75.632
75.68
75.728
75.776
75.824
75.872
75.92
75.968
76.016
76.064
76.112
76.16
76.208
76.256
76.304
76.352
76.4
76.448
76.496
76.544
76.592
76.64
76.688
76.736
76.784
76.832
76.88
76.928
76.976
77.024
77.072
77.12
77.168
77.216
77.264
77.312
77.36
77.408
77.456
77.504
77.552
77.6
77.648
77.696
77.744
77.792
77.84
77.888
77.936
77.984
78.032
78.08
78.128
78.176
78.224
78.272
78.32
78.368
78.416
78.464
78.512
78.56
78.608
78.656
78.704
78.752
78.8
78.848
78.896
78.944
78.992
79.04
79.088
79.136
79.184
79.232
79.28
79.328
79.376
79.424
79.472
79.52
79.568
79.616
79.664
79.712
79.76
79.808
79.856
79.904
79.952
80
80.048
80.096
80.144
80.192
80.24
80.288
80.336
80.384
80.432
80.48
80.528
80.576
80.624
80.672
80.72
80.768
80.816
80.864
80.912
80.96
81.008
81.056
81.104
81.152
81.2
81.248
81.296
81.344
81.392
81.44
81.488
81.536
81.584
81.632
81.68
81.728
81.776
81.824
81.872
81.92
81.968
82.016
82.064
82.112
82.16
82.208
82.256
82.304
82.352
82.4
82.448
82.496
82.544
82.592
82.64
82.688
82.736
82.784
82.832
82.88
82.928
82.976
83.024
83.072
83.12
83.168
83.216
83.264
83.312
83.36
83.408
83.456
83.504
83.552
83.6
83.648
83.696
83.744
83.792
83.84
83.888
83.936
83.984
84.032
84.08
84.128
84.176
84.224
84.272
84.32
84.368
84.416
84.464
84.512
84.56
84.608
84.656
84.704
84.752
84.8
84.848
84.896
84.944
84.992
85.04
85.088
85.136
85.184
85.232
85.28
85.328
85.376
85.424
85.472
85.52
85.568
85.616
85.664
85.712
85.76
85.808
85.856
85.904
85.952
86
86.048
86.096
86.144
86.192
86.24
86.288
86.336
86.384
86.432
86.48
86.528
86.576
86.624
86.672
86.72
86.768
86.816
86.864
86.912
86.96
87.008
87.056
87.104
87.152
87.2
87.248
87.296
87.344
87.392
87.44
87.488
87.536
87.584
87.632
87.68
87.728
87.776
87.824
87.872
87.92
87.968
88.016
88.064
88.112
88.16
88.208
88.256
88.304
88.352
88.4
88.448
88.496
88.544
88.592
88.64
88.688
88.736
88.784
88.832
88.88
88.928
88.976
89.024
89.072
89.12
89.168
89.216
89.264
89.312
89.36
89.408
89.456
89.504
89.552
89.6
89.648
89.696
89.744
89.792
89.84
89.888
89.936
89.984
90.032
90.08
90.128
90.176
90.224
90.272
90.32
90.368
90.416
90.464
90.512
90.56
90.608
90.656
90.704
90.752
90.8
90.848
90.896
90.944
90.992
91.04
91.088
91.136
91.184
91.232
91.28
91.328
91.376
91.424
91.472
91.52
91.568
91.616
91.664
91.712
91.76
91.808
91.856
91.904
91.952
92
92.048
92.096
92.144
92.192
92.24
92.288
92.336
92.384
92.432
92.48
92.528
92.576
92.624
92.672
92.72
92.768
92.816
92.864
92.912
92.96
93.008
93.056
93.104
93.152
93.2
93.248
93.296
93.344
93.392
93.44
93.488
93.536
93.584
93.632
93.68
93.728
93.776
93.824
93.872
93.92
93.968
94.016
94.064
94.112
94.16
94.208
94.256
94.304
94.352
94.4
94.448
94.496
94.544
94.592
94.64
94.688
94.736
94.784
94.832
94.88
94.928
94.976
95.024
95.072
95.12
95.168
95.216
95.264
95.312
95.36
95.408
95.456
95.504
95.552
95.6
95.648
95.696
95.744
95.792
95.84
95.888
95.936
95.984
96.032
96.08
96.128
96.176
96.224
96.272
96.32
96.368
96.416
96.464
96.512
96.56
96.608
96.656
96.704
96.752
96.8
96.848
96.896
96.944
96.992
97.04
97.088
97.136
97.184
97.232
97.28
97.328
97.376
97.424
97.472
97.52
97.568
97.616
97.664
97.712
97.76
97.808
97.856
97.904
97.952
98
98.048
98.096
98.144
98.192
98.24
98.288
98.336
98.384
98.432
98.48
98.528
98.576
98.624
98.672
98.72
98.768
98.816
98.864
98.912
98.96
99.008
99.056
99.104
99.152
99.2
99.248
99.296
99.344
99.392
99.44
99.488
99.536
99.584
99.632
99.68
99.728
99.776
99.824
99.872
99.92
99.968
100.016
100.064
100.112
100.16
100.208
100.256
100.304
100.352
100.4
100.448
100.496
100.544
100.592
100.64
100.688
100.736
100.784
100.832
100.88
100.928
100.976
101.024
101.072
101.12
101.168
101.216
101.264
101.312
101.36
101.408
101.456
101.504
101.552
101.6
101.648
101.696
101.744
101.792
101.84
101.888
101.936
101.984
102.032
102.08
102.128
102.176
102.224
102.272
102.32
102.368
102.416
102.464
102.512
102.56
102.608
102.656
102.704
102.752
102.8
102.848
102.896
102.944
102.992
103.04
103.088
103.136
103.184
103.232
103.28
103.328
103.376
103.424
103.472
103.52
103.568
103.616
103.664
103.712
103.76
103.808
103.856
103.904
103.952
104
104.048
104.096
104.144
104.192
104.24
104.288
104.336
104.384
104.432
104.48
104.528
104.576
104.624
104.672
104.72
104.768
104.816
104.864
104.912
104.96
105.008
105.056
105.104
105.152
105.2
105.248
105.296
105.344
105.392
105.44
105.488
105.536
105.584
105.632
105.68
105.728
105.776
105.824
105.872
105.92
105.968
106.016
106.064
106.112
106.16
106.208
106.256
106.304
106.352
106.4
106.448
106.496
106.544
106.592
106.64
106.688
106.736
106.784
106.832
106.88
106.928
106.976
107.024
107.072
107.12
107.168
107.216
107.264
107.312
107.36
107.408
107.456
107.504
107.552
107.6
107.648
107.696
107.744
107.792
107.84
107.888
107.936
107.984
108.032
108.08
108.128
108.176
108.224
108.272
108.32
108.368
108.416
108.464
108.512
108.56
108.608
108.656
108.704
108.752
108.8
108.848
108.896
108.944
108.992
109.04
109.088
109.136
109.184
109.232
109.28
109.328
109.376
109.424
109.472
109.52
109.568
109.616
109.664
109.712
109.76
109.808
109.856
109.904
109.952
110
110.048
110.096
110.144
110.192
110.24
110.288
110.336
110.384
110.432
110.48
110.528
110.576
110.624
110.672
110.72
110.768
110.816
110.864
110.912
110.96
111.008
111.056
111.104
111.152
111.2
111.248
111.296
111.344
111.392
111.44
111.488
111.536
111.584
111.632
111.68
111.728
111.776
111.824
111.872
111.92
111.968
112.016
112.064
112.112
112.16
112.208
112.256
112.304
112.352
112.4
112.448
112.496
112.544
112.592
112.64
112.688
112.736
112.784
112.832
112.88
112.928
112.976
113.024
113.072
113.12
113.168
113.216
113.264
113.312
113.36
113.408
113.456
113.504
113.552
113.6
113.648
113.696
113.744
113.792
113.84
113.888
113.936
113.984
114.032
114.08
114.128
114.176
114.224
114.272
114.32
114.368
114.416
114.464
114.512
114.56
114.608
114.656
114.704
114.752
114.8
114.848
114.896
114.944
114.992
115.04
115.088
115.136
115.184
115.232
115.28
115.328
115.376
115.424
115.472
115.52
115.568
115.616
115.664
115.712
115.76
115.808
115.856
115.904
115.952
116
116.048
116.096
116.144
116.192
116.24
116.288
116.336
116.384
116.432
116.48
116.528
116.576
116.624
116.672
116.72
116.768
116.816
116.864
116.912
116.96
117.008
117.056
117.104
117.152
117.2
117.248
117.296
117.344
117.392
117.44
117.488
117.536
117.584
117.632
117.68
117.728
117.776
117.824
117.872
117.92
117.968
118.016
118.064
118.112
118.16
118.208
118.256
118.304
118.352
118.4
118.448
118.496
118.544
118.592
118.64
118.688
118.736
118.784
118.832
118.88
118.928
118.976
119.024
119.072
119.12
119.168
119.216
119.264
119.312
119.36
119.408
119.456
119.504
119.552
119.6
119.648
119.696
119.744
119.792
119.84
119.888
119.936
119.984
120.032
120.08
120.128
120.176
120.224
120.272
120.32
120.368
120.416
120.464
120.512
120.56
120.608
120.656
120.704
120.752
120.8
120.848
120.896
120.944
120.992
121.04
121.088
121.136
121.184
121.232
121.28
121.328
121.376
121.424
121.472
121.52
121.568
121.616
121.664
121.712
121.76
121.808
121.856
121.904
121.952
122
122.048
122.096
122.144
122.192
122.24
122.288
122.336
122.384
122.432
122.48
122.528
122.576
122.624
122.672
122.72
122.768
122.816
122.864
122.912
122.96
123.008
123.056
123.104
123.152
123.2
123.248
123.296
123.344
123.392
123.44
123.488
123.536
123.584
123.632
123.68
123.728
123.776
123.824
123.872
123.92
123.968
124.016
124.064
124.112
124.16
124.208
124.256
124.304
124.352
124.4
124.448
124.496
124.544
124.592
124.64
124.688
124.736
124.784
124.832
124.88
124.928
124.976
125.024
125.072
125.12
125.168
125.216
125.264
125.312
125.36
125.408
125.456
125.504
125.552
125.6
125.648
125.696
125.744
125.792
125.84
125.888
125.936
125.984
126.032
126.08
126.128
126.176
126.224
126.272
126.32
126.368
126.416
126.464
126.512
126.56
126.608
126.656
126.704
126.752
126.8
126.848
126.896
126.944
126.992
127.04
127.088
127.136
127.184
127.232
127.28
127.328
127.376
127.424
127.472
127.52
127.568
127.616
127.664
127.712
127.76
127.808
127.856
127.904
127.952
128
128.048
128.096
128.144
128.192
128.24
128.288
128.336
128.384
128.432
128.48
128.528
128.576
128.624
128.672
128.72
128.768
128.816
128.864
128.912
128.96
129.008
129.056
129.104
129.152
129.2
129.248
129.296
129.344
129.392
129.44
129.488
129.536
129.584
129.632
129.68
129.728
129.776
129.824
129.872
129.92
129.968
130.016
130.064
130.112
130.16
130.208
130.256
130.304
130.352
130.4
130.448
130.496
130.544
130.592
130.64
130.688
130.736
130.784
130.832
130.88
130.928
130.976
131.024
131.072
131.12
131.168
131.216
131.264
131.312
131.36
131.408
131.456
131.504
131.552
131.6
131.648
131.696
131.744
131.792
131.84
131.888
131.936
131.984
132.032
132.08
132.128
132.176
132.224
132.272
132.32
132.368
132.416
132.464
132.512
132.56
132.608
132.656
132.704
132.752
132.8
132.848
132.896
132.944
132.992
133.04
133.088
133.136
133.184
133.232
133.28
133.328
133.376
133.424
133.472
133.52
133.568
133.616
133.664
133.712
133.76
133.808
133.856
133.904
133.952
134
134.048
134.096
134.144
134.192
134.24
134.288
134.336
134.384
134.432
134.48
134.528
134.576
134.624
134.672
134.72
134.768
134.816
134.864
134.912
134.96
135.008
135.056
135.104
135.152
135.2
135.248
135.296
135.344
135.392
135.44
135.488
135.536
135.584
135.632
135.68
135.728
135.776
135.824
135.872
135.92
135.968
136.016
136.064
136.112
136.16
136.208
136.256
136.304
136.352
136.4
136.448
136.496
136.544
136.592
136.64
136.688
136.736
136.784
136.832
136.88
136.928
136.976
137.024
137.072
137.12
137.168
137.216
137.264
137.312
137.36
137.408
137.456
137.504
137.552
137.6
137.648
137.696
137.744
137.792
137.84
137.888
137.936
137.984
138.032
138.08
138.128
138.176
138.224
138.272
138.32
138.368
138.416
138.464
138.512
138.56
138.608
138.656
138.704
138.752
138.8
138.848
138.896
138.944
138.992
139.04
139.088
139.136
139.184
139.232
139.28
139.328
139.376
139.424
139.472
139.52
139.568
139.616
139.664
139.712
139.76
139.808
139.856
139.904
139.952
140
140.048
140.096
140.144
140.192
140.24
140.288
140.336
140.384
140.432
140.48
140.528
140.576
140.624
140.672
140.72
140.768
140.816
140.864
140.912
140.96
141.008
141.056
141.104
141.152
141.2
141.248
141.296
141.344
141.392
141.44
141.488
141.536
141.584
141.632
141.68
141.728
141.776
141.824
141.872
141.92
141.968
142.016
142.064
142.112
142.16
142.208
142.256
142.304
142.352
142.4
142.448
142.496
142.544
142.592
142.64
142.688
142.736
142.784
142.832
142.88
142.928
142.976
143.024
143.072
143.12
143.168
143.216
143.264
143.312
143.36
143.408
143.456
143.504
143.552
143.6
143.648
143.696
143.744
143.792
143.84
143.888
143.936
143.984
144.032
144.08
144.128
144.176
144.224
144.272
144.32
144.368
144.416
144.464
144.512
144.56
144.608
144.656
144.704
144.752
144.8
144.848
144.896
144.944
144.992
145.04
145.088
145.136
145.184
145.232
145.28
145.328
145.376
145.424
145.472
145.52
145.568
145.616
145.664
145.712
145.76
145.808
145.856
145.904
145.952
146
146.048
146.096
146.144
146.192
146.24
146.288
146.336
146.384
146.432
146.48
146.528
146.576
146.624
146.672
146.72
146.768
146.816
146.864
146.912
146.96
147.008
147.056
147.104
147.152
147.2
147.248
147.296
147.344
147.392
147.44
147.488
147.536
147.584
147.632
147.68
147.728
147.776
147.824
147.872
147.92
147.968
148.016
148.064
148.112
148.16
148.208
148.256
148.304
148.352
148.4
148.448
148.496
148.544
148.592
148.64
148.688
148.736
148.784
148.832
148.88
148.928
148.976
149.024
149.072
149.12
149.168
149.216
149.264
149.312
149.36
149.408
149.456
149.504
149.552
149.6
149.648
149.696
149.744
149.792
149.84
149.888
149.936
149.984
150.032
150.08
150.128
150.176
150.224
150.272
150.32
150.368
150.416
150.464
150.512
150.56
150.608
150.656
150.704
150.752
150.8
150.848
150.896
150.944
150.992
151.04
151.088
151.136
151.184
151.232
151.28
151.328
151.376
151.424
151.472
151.52
151.568
151.616
151.664
151.712
151.76
151.808
151.856
151.904
151.952
152
152.048
152.096
152.144
152.192
152.24
152.288
152.336
152.384
152.432
152.48
152.528
152.576
152.624
152.672
152.72
152.768
152.816
152.864
152.912
152.96
153.008
153.056
153.104
153.152
153.2
153.248
153.296
153.344
153.392
153.44
153.488
153.536
153.584
153.632
153.68
153.728
153.776
153.824
153.872
153.92
153.968
154.016
154.064
154.112
154.16
154.208
154.256
154.304
154.352
154.4
154.448
154.496
154.544
154.592
154.64
154.688
154.736
154.784
154.832
154.88
154.928
154.976
155.024
155.072
155.12
155.168
155.216
155.264
155.312
155.36
155.408
155.456
155.504
155.552
155.6
155.648
155.696
155.744
155.792
155.84
155.888
155.936
155.984
156.032
156.08
156.128
156.176
156.224
156.272
156.32
156.368
156.416
156.464
156.512
156.56
156.608
156.656
156.704
156.752
156.8
156.848
156.896
156.944
156.992
157.04
157.088
157.136
157.184
157.232
157.28
157.328
157.376
157.424
157.472
157.52
157.568
157.616
157.664
157.712
157.76
157.808
157.856
157.904
157.952
158
158.048
158.096
158.144
158.192
158.24
158.288
158.336
158.384
158.432
158.48
158.528
158.576
158.624
158.672
158.72
158.768
158.816
158.864
158.912
158.96
159.008
159.056
159.104
159.152
159.2
159.248
159.296
159.344
159.392
159.44
159.488
159.536
159.584
159.632
159.68
159.728
159.776
159.824
159.872
159.92
159.968
160.016
160.064
160.112
160.16
160.208
160.256
160.304
160.352
160.4
160.448
160.496
160.544
160.592
160.64
160.688
160.736
160.784
160.832
160.88
160.928
160.976
161.024
161.072
161.12
161.168
161.216
161.264
161.312
161.36
161.408
161.456
161.504
161.552
161.6
161.648
161.696
161.744
161.792
161.84
161.888
161.936
161.984
162.032
162.08
162.128
162.176
162.224
162.272
162.32
162.368
162.416
162.464
162.512
162.56
162.608
162.656
162.704
162.752
162.8
162.848
162.896
162.944
162.992
163.04
163.088
163.136
163.184
163.232
163.28
163.328
163.376
163.424
163.472
163.52
163.568
163.616
163.664
163.712
163.76
163.808
163.856
163.904
163.952
164
164.048
164.096
164.144
164.192
164.24
164.288
164.336
164.384
164.432
164.48
164.528
164.576
164.624
164.672
164.72
164.768
164.816
164.864
164.912
164.96
165.008
165.056
165.104
165.152
165.2
165.248
165.296
165.344
165.392
165.44
165.488
165.536
165.584
165.632
165.68
165.728
165.776
165.824
165.872
165.92
165.968
166.016
166.064
166.112
166.16
166.208
166.256
166.304
166.352
166.4
166.448
166.496
166.544
166.592
166.64
166.688
166.736
166.784
166.832
166.88
166.928
166.976
167.024
167.072
167.12
167.168
167.216
167.264
167.312
167.36
167.408
167.456
167.504
167.552
167.6
167.648
167.696
167.744
167.792
167.84
167.888
167.936
167.984
168.032
168.08
168.128
168.176
168.224
168.272
168.32
168.368
168.416
168.464
168.512
168.56
168.608
168.656
168.704
168.752
168.8
168.848
168.896
168.944
168.992
169.04
169.088
169.136
169.184
169.232
169.28
169.328
169.376
169.424
169.472
169.52
169.568
169.616
169.664
169.712
169.76
169.808
169.856
169.904
169.952
170
170.048
170.096
170.144
170.192
170.24
170.288
170.336
170.384
170.432
170.48
170.528
170.576
170.624
170.672
170.72
170.768
170.816
170.864
170.912
170.96
171.008
171.056
171.104
171.152
171.2
171.248
171.296
171.344
171.392
171.44
171.488
171.536
171.584
171.632
171.68
171.728
171.776
171.824
171.872
171.92
171.968
172.016
172.064
172.112
172.16
172.208
172.256
172.304
172.352
172.4
172.448
172.496
172.544
172.592
172.64
172.688
172.736
172.784
172.832
172.88
172.928
172.976
173.024
173.072
173.12
173.168
173.216
173.264
173.312
173.36
173.408
173.456
173.504
173.552
173.6
173.648
173.696
173.744
173.792
173.84
173.888
173.936
173.984
174.032
174.08
174.128
174.176
174.224
174.272
174.32
174.368
174.416
174.464
174.512
174.56
174.608
174.656
174.704
174.752
174.8
174.848
174.896
174.944
174.992
175.04
175.088
175.136
175.184
175.232
175.28
175.328
175.376
175.424
175.472
175.52
175.568
175.616
175.664
175.712
175.76
175.808
175.856
175.904
175.952
176
176.048
176.096
176.144
176.192
176.24
176.288
176.336
176.384
176.432
176.48
176.528
176.576
176.624
176.672
176.72
176.768
176.816
176.864
176.912
176.96
177.008
177.056
177.104
177.152
177.2
177.248
177.296
177.344
177.392
177.44
177.488
177.536
177.584
177.632
177.68
177.728
177.776
177.824
177.872
177.92
177.968
178.016
178.064
178.112
178.16
178.208
178.256
178.304
178.352
178.4
178.448
178.496
178.544
178.592
178.64
178.688
178.736
178.784
178.832
178.88
178.928
178.976
179.024
179.072
179.12
179.168
179.216
179.264
179.312
179.36
179.408
179.456
179.504
179.552
179.6
179.648
179.696
179.744
179.792
179.84
179.888
179.936
179.984
180.032
180.08
180.128
180.176
180.224
180.272
180.32
180.368
180.416
180.464
180.512
180.56
180.608
180.656
180.704
180.752
180.8
180.848
180.896
180.944
180.992
181.04
181.088
181.136
181.184
181.232
181.28
181.328
181.376
181.424
181.472
181.52
181.568
181.616
181.664
181.712
181.76
181.808
181.856
181.904
181.952
182
182.048
182.096
182.144
182.192
182.24
182.288
182.336
182.384
182.432
182.48
182.528
182.576
182.624
182.672
182.72
182.768
182.816
182.864
182.912
182.96
183.008
183.056
183.104
183.152
183.2
183.248
183.296
183.344
183.392
183.44
183.488
183.536
183.584
183.632
183.68
183.728
183.776
183.824
183.872
183.92
183.968
184.016
184.064
184.112
184.16
184.208
184.256
184.304
184.352
184.4
184.448
184.496
184.544
184.592
184.64
184.688
184.736
184.784
184.832
184.88
184.928
184.976
185.024
185.072
185.12
185.168
185.216
185.264
185.312
185.36
185.408
185.456
185.504
185.552
185.6
185.648
185.696
185.744
185.792
185.84
185.888
185.936
185.984
186.032
186.08
186.128
186.176
186.224
186.272
186.32
186.368
186.416
186.464
186.512
186.56
186.608
186.656
186.704
186.752
186.8
186.848
186.896
186.944
186.992
187.04
187.088
187.136
187.184
187.232
187.28
187.328
187.376
187.424
187.472
187.52
187.568
187.616
187.664
187.712
187.76
187.808
187.856
187.904
187.952
188
188.048
188.096
188.144
188.192
188.24
188.288
188.336
188.384
188.432
188.48
188.528
188.576
188.624
188.672
188.72
188.768
188.816
188.864
188.912
188.96
189.008
189.056
189.104
189.152
189.2
189.248
189.296
189.344
189.392
189.44
189.488
189.536
189.584
189.632
189.68
189.728
189.776
189.824
189.872
189.92
189.968
190.016
190.064
190.112
190.16
190.208
190.256
190.304
190.352
190.4
190.448
190.496
190.544
190.592
190.64
190.688
190.736
190.784
190.832
190.88
190.928
190.976
191.024
191.072
191.12
191.168
191.216
191.264
191.312
191.36
191.408
191.456
191.504
191.552
191.6
191.648
191.696
191.744
191.792
191.84
191.888
191.936
191.984
192.032
192.08
192.128
192.176
192.224
192.272
192.32
192.368
192.416
192.464
192.512
192.56
192.608
192.656
192.704
192.752
192.8
192.848
192.896
192.944
192.992
193.04
193.088
193.136
193.184
193.232
193.28
193.328
193.376
193.424
193.472
193.52
193.568
193.616
193.664
193.712
193.76
193.808
193.856
193.904
193.952
194
194.048
194.096
194.144
194.192
194.24
194.288
194.336
194.384
194.432
194.48
194.528
194.576
194.624
194.672
194.72
194.768
194.816
194.864
194.912
194.96
195.008
195.056
195.104
195.152
195.2
195.248
195.296
195.344
195.392
195.44
195.488
195.536
195.584
195.632
195.68
195.728
195.776
195.824
195.872
195.92
195.968
196.016
196.064
196.112
196.16
196.208
196.256
196.304
196.352
196.4
196.448
196.496
196.544
196.592
196.64
196.688
196.736
196.784
196.832
196.88
196.928
196.976
197.024
197.072
197.12
197.168
197.216
197.264
197.312
197.36
197.408
197.456
197.504
197.552
197.6
197.648
197.696
197.744
197.792
197.84
197.888
197.936
197.984
198.032
198.08
198.128
198.176
198.224
198.272
198.32
198.368
198.416
198.464
198.512
198.56
198.608
198.656
198.704
198.752
198.8
198.848
198.896
198.944
198.992
199.04
199.088
199.136
199.184
199.232
199.28
199.328
199.376
199.424
199.472
199.52
199.568
199.616
199.664
199.712
199.76
199.808
199.856
199.904
199.952
200
200.048
200.096
200.144
200.192
200.24
200.288
200.336
200.384
200.432
200.48
200.528
200.576
200.624
200.672
200.72
200.768
200.816
200.864
200.912
200.96
201.008
201.056
201.104
201.152
201.2
201.248
201.296
201.344
201.392
201.44
201.488
201.536
201.584
201.632
201.68
201.728
201.776
201.824
201.872
201.92
201.968
202.016
202.064
202.112
202.16
202.208
202.256
202.304
202.352
202.4
202.448
202.496
202.544
202.592
202.64
202.688
202.736
202.784
202.832
202.88
202.928
202.976
203.024
203.072
203.12
203.168
203.216
203.264
203.312
203.36
203.408
203.456
203.504
203.552
203.6
203.648
203.696
203.744
203.792
203.84
203.888
203.936
203.984
204.032
204.08
204.128
204.176
204.224
204.272
204.32
204.368
204.416
204.464
204.512
204.56
204.608
204.656
204.704
204.752
204.8
204.848
204.896
204.944
204.992
205.04
205.088
205.136
205.184
205.232
205.28
205.328
205.376
205.424
205.472
205.52
205.568
205.616
205.664
205.712
205.76
205.808
205.856
205.904
205.952
206
206.048
206.096
206.144
206.192
206.24
206.288
206.336
206.384
206.432
206.48
206.528
206.576
206.624
206.672
206.72
206.768
206.816
206.864
206.912
206.96
207.008
207.056
207.104
207.152
207.2
207.248
207.296
207.344
207.392
207.44
207.488
207.536
207.584
207.632
207.68
207.728
207.776
207.824
207.872
207.92
207.968
208.016
208.064
208.112
208.16
208.208
208.256
208.304
208.352
208.4
208.448
208.496
208.544
208.592
208.64
208.688
208.736
208.784
208.832
208.88
208.928
208.976
209.024
209.072
209.12
209.168
209.216
209.264
209.312
209.36
209.408
209.456
209.504
209.552
209.6
209.648
209.696
209.744
209.792
209.84
209.888
209.936
209.984
210.032
210.08
210.128
210.176
210.224
210.272
210.32
210.368
210.416
210.464
210.512
210.56
210.608
210.656
210.704
210.752
210.8
210.848
210.896
210.944
210.992
211.04
211.088
211.136
211.184
211.232
211.28
211.328
211.376
211.424
211.472
211.52
211.568
211.616
211.664
211.712
211.76
211.808
211.856
211.904
211.952
212
212.048
212.096
212.144
212.192
212.24
212.288
212.336
212.384
212.432
212.48
212.528
212.576
212.624
212.672
212.72
212.768
212.816
212.864
212.912
212.96
213.008
213.056
213.104
213.152
213.2
213.248
213.296
213.344
213.392
213.44
213.488
213.536
213.584
213.632
213.68
213.728
213.776
213.824
213.872
213.92
213.968
214.016
214.064
214.112
214.16
214.208
214.256
214.304
214.352
214.4
214.448
214.496
214.544
214.592
214.64
214.688
214.736
214.784
214.832
214.88
214.928
214.976
215.024
215.072
215.12
215.168
215.216
215.264
215.312
215.36
215.408
215.456
215.504
215.552
215.6
215.648
215.696
215.744
215.792
215.84
215.888
215.936
215.984
216.032
216.08
216.128
216.176
216.224
216.272
216.32
216.368
216.416
216.464
216.512
216.56
216.608
216.656
216.704
216.752
216.8
216.848
216.896
216.944
216.992
217.04
217.088
217.136
217.184
217.232
217.28
217.328
217.376
217.424
217.472
217.52
217.568
217.616
217.664
217.712
217.76
217.808
217.856
217.904
217.952
218
218.048
218.096
218.144
218.192
218.24
218.288
218.336
218.384
218.432
218.48
218.528
218.576
218.624
218.672
218.72
218.768
218.816
218.864
218.912
218.96
219.008
219.056
219.104
219.152
219.2
219.248
219.296
219.344
219.392
219.44
219.488
219.536
219.584
219.632
219.68
219.728
219.776
219.824
219.872
219.92
219.968
220.016
220.064
220.112
220.16
220.208
220.256
220.304
220.352
220.4
220.448
220.496
220.544
220.592
220.64
220.688
220.736
220.784
220.832
220.88
220.928
220.976
221.024
221.072
221.12
221.168
221.216
221.264
221.312
221.36
221.408
221.456
221.504
221.552
221.6
221.648
221.696
221.744
221.792
221.84
221.888
221.936
221.984
222.032
222.08
222.128
222.176
222.224
222.272
222.32
222.368
222.416
222.464
222.512
222.56
222.608
222.656
222.704
222.752
222.8
222.848
222.896
222.944
222.992
223.04
223.088
223.136
223.184
223.232
223.28
223.328
223.376
223.424
223.472
223.52
223.568
223.616
223.664
223.712
223.76
223.808
223.856
223.904
223.952
224
224.048
224.096
224.144
224.192
224.24
224.288
224.336
224.384
224.432
224.48
224.528
224.576
224.624
224.672
224.72
224.768
224.816
224.864
224.912
224.96
225.008
225.056
225.104
225.152
225.2
225.248
225.296
225.344
225.392
225.44
225.488
225.536
225.584
225.632
225.68
225.728
225.776
225.824
225.872
225.92
225.968
226.016
226.064
226.112
226.16
226.208
226.256
226.304
226.352
226.4
226.448
226.496
226.544
226.592
226.64
226.688
226.736
226.784
226.832
226.88
226.928
226.976
227.024
227.072
227.12
227.168
227.216
227.264
227.312
227.36
227.408
227.456
227.504
227.552
227.6
227.648
227.696
227.744
227.792
227.84
227.888
227.936
227.984
228.032
228.08
228.128
228.176
228.224
228.272
228.32
228.368
228.416
228.464
228.512
228.56
228.608
228.656
228.704
228.752
228.8
228.848
228.896
228.944
228.992
229.04
229.088
229.136
229.184
229.232
229.28
229.328
229.376
229.424
229.472
229.52
229.568
229.616
229.664
229.712
229.76
229.808
229.856
229.904
229.952
230
230.048
230.096
230.144
230.192
230.24
230.288
230.336
230.384
230.432
230.48
230.528
230.576
230.624
230.672
230.72
230.768
230.816
230.864
230.912
230.96
231.008
231.056
231.104
231.152
231.2
231.248
231.296
231.344
231.392
231.44
231.488
231.536
231.584
231.632
231.68
231.728
231.776
231.824
231.872
231.92
231.968
232.016
232.064
232.112
232.16
232.208
232.256
232.304
232.352
232.4
232.448
232.496
232.544
232.592
232.64
232.688
232.736
232.784
232.832
232.88
232.928
232.976
233.024
233.072
233.12
233.168
233.216
233.264
233.312
233.36
233.408
233.456
233.504
233.552
233.6
233.648
233.696
233.744
233.792
233.84
233.888
233.936
233.984
234.032
234.08
234.128
234.176
234.224
234.272
234.32
234.368
234.416
234.464
234.512
234.56
234.608
234.656
234.704
234.752
234.8
234.848
234.896
234.944
234.992
235.04
235.088
235.136
235.184
235.232
235.28
235.328
235.376
235.424
235.472
235.52
235.568
235.616
235.664
235.712
235.76
235.808
235.856
235.904
235.952
236
236.048
236.096
236.144
236.192
236.24
236.288
236.336
236.384
236.432
236.48
236.528
236.576
236.624
236.672
236.72
236.768
236.816
236.864
236.912
236.96
237.008
237.056
237.104
237.152
237.2
237.248
237.296
237.344
237.392
237.44
237.488
237.536
237.584
237.632
237.68
237.728
237.776
237.824
237.872
237.92
237.968
238.016
238.064
238.112
238.16
238.208
238.256
238.304
238.352
238.4
238.448
238.496
238.544
238.592
238.64
238.688
238.736
238.784
238.832
238.88
238.928
238.976
239.024
239.072
239.12
239.168
239.216
239.264
239.312
239.36
239.408
239.456
239.504
239.552
239.6
239.648
239.696
239.744
239.792
239.84
239.888
239.936
239.984
240.032
240.08
240.128
240.176
240.224
240.272
240.32
240.368
240.416
240.464
240.512
240.56
240.608
240.656
240.704
240.752
240.8
240.848
240.896
240.944
240.992
241.04
241.088
241.136
241.184
241.232
241.28
241.328
241.376
241.424
241.472
241.52
241.568
241.616
241.664
241.712
241.76
241.808
241.856
241.904
241.952
242
242.048
242.096
242.144
242.192
242.24
242.288
242.336
242.384
242.432
242.48
242.528
242.576
242.624
242.672
242.72
242.768
242.816
242.864
242.912
242.96
243.008
243.056
243.104
243.152
243.2
243.248
243.296
243.344
243.392
243.44
243.488
243.536
243.584
243.632
243.68
243.728
243.776
243.824
243.872
243.92
243.968
244.016
244.064
244.112
244.16
244.208
244.256
244.304
244.352
244.4
244.448
244.496
244.544
244.592
244.64
244.688
244.736
244.784
244.832
244.88
244.928
244.976
245.024
245.072
245.12
245.168
245.216
245.264
245.312
245.36
245.408
245.456
245.504
245.552
245.6
245.648
245.696
245.744
245.792
245.84
245.888
245.936
245.984
246.032
246.08
246.128
246.176
246.224
246.272
246.32
246.368
246.416
246.464
246.512
246.56
246.608
246.656
246.704
246.752
246.8
246.848
246.896
246.944
246.992
247.04
247.088
247.136
247.184
247.232
247.28
247.328
247.376
247.424
247.472
247.52
247.568
247.616
247.664
247.712
247.76
247.808
247.856
247.904
247.952
248
248.048
248.096
248.144
248.192
248.24
248.288
248.336
248.384
248.432
248.48
248.528
248.576
248.624
248.672
248.72
248.768
248.816
248.864
248.912
248.96
249.008
249.056
249.104
249.152
249.2
249.248
249.296
249.344
249.392
249.44
249.488
249.536
249.584
249.632
249.68
249.728
249.776
249.824
249.872
249.92
249.968
250.016
250.064
250.112
250.16
250.208
250.256
250.304
250.352
250.4
250.448
250.496
250.544
250.592
250.64
250.688
250.736
250.784
250.832
250.88
250.928
250.976
251.024
251.072
251.12
251.168
251.216
251.264
251.312
251.36
251.408
251.456
251.504
251.552
251.6
251.648
251.696
251.744
251.792
251.84
251.888
251.936
251.984
252.032
252.08
252.128
252.176
252.224
252.272
252.32
252.368
252.416
252.464
252.512
252.56
252.608
252.656
252.704
252.752
252.8
252.848
252.896
252.944
252.992
253.04
253.088
253.136
253.184
253.232
253.28
253.328
253.376
253.424
253.472
253.52
253.568
253.616
253.664
253.712
253.76
253.808
253.856
253.904
253.952
254
254.048
254.096
254.144
254.192
254.24
254.288
254.336
254.384
254.432
254.48
254.528
254.576
254.624
254.672
254.72
254.768
254.816
254.864
254.912
254.96
255.008
255.056
255.104
255.152
255.2
255.248
255.296
255.344
255.392
255.44
255.488
255.536
255.584
255.632
255.68
255.728
255.776
255.824
255.872
255.92
255.968
256.016
256.064
256.112
256.16
256.208
256.256
256.304
256.352
256.4
256.448
256.496
256.544
256.592
256.64
256.688
256.736
256.784
256.832
256.88
256.928
256.976
257.024
257.072
257.12
257.168
257.216
257.264
257.312
257.36
257.408
257.456
257.504
257.552
257.6
257.648
257.696
257.744
257.792
257.84
257.888
257.936
257.984
258.032
258.08
258.128
258.176
258.224
258.272
258.32
258.368
258.416
258.464
258.512
258.56
258.608
258.656
258.704
258.752
258.8
258.848
258.896
258.944
258.992
259.04
259.088
259.136
259.184
259.232
259.28
259.328
259.376
259.424
259.472
259.52
259.568
259.616
259.664
259.712
259.76
259.808
259.856
259.904
259.952
260
260.048
260.096
260.144
260.192
260.24
260.288
260.336
260.384
260.432
260.48
260.528
260.576
260.624
260.672
260.72
260.768
260.816
260.864
260.912
260.96
261.008
261.056
261.104
261.152
261.2
261.248
261.296
261.344
261.392
261.44
261.488
261.536
261.584
261.632
261.68
261.728
261.776
261.824
261.872
261.92
261.968
262.016
262.064
262.112
262.16
262.208
262.256
262.304
262.352
262.4
262.448
262.496
262.544
262.592
262.64
262.688
262.736
262.784
262.832
262.88
262.928
262.976
263.024
263.072
263.12
263.168
263.216
263.264
263.312
263.36
263.408
263.456
263.504
263.552
263.6
263.648
263.696
263.744
263.792
263.84
263.888
263.936
263.984
264.032
264.08
264.128
264.176
264.224
264.272
264.32
264.368
264.416
264.464
264.512
264.56
264.608
264.656
264.704
264.752
264.8
264.848
264.896
264.944
264.992
265.04
265.088
265.136
265.184
265.232
265.28
265.328
265.376
265.424
265.472
265.52
265.568
265.616
265.664
265.712
265.76
265.808
265.856
265.904
265.952
266
266.048
266.096
266.144
266.192
266.24
266.288
266.336
266.384
266.432
266.48
266.528
266.576
266.624
266.672
266.72
266.768
266.816
266.864
266.912
266.96
267.008
267.056
267.104
267.152
267.2
267.248
267.296
267.344
267.392
267.44
267.488
267.536
267.584
267.632
267.68
267.728
267.776
267.824
267.872
267.92
267.968
268.016
268.064
268.112
268.16
268.208
268.256
268.304
268.352
268.4
268.448
268.496
268.544
268.592
268.64
268.688
268.736
268.784
268.832
268.88
268.928
268.976
269.024
269.072
269.12
269.168
269.216
269.264
269.312
269.36
269.408
269.456
269.504
269.552
269.6
269.648
269.696
269.744
269.792
269.84
269.888
269.936
269.984
270.032
270.08
270.128
270.176
270.224
270.272
270.32
270.368
270.416
270.464
270.512
270.56
270.608
270.656
270.704
270.752
270.8
270.848
270.896
270.944
270.992
271.04
271.088
271.136
271.184
271.232
271.28
271.328
271.376
271.424
271.472
271.52
271.568
271.616
271.664
271.712
271.76
271.808
271.856
271.904
271.952
272
272.048
272.096
272.144
272.192
272.24
272.288
272.336
272.384
272.432
272.48
272.528
272.576
272.624
272.672
272.72
272.768
272.816
272.864
272.912
272.96
273.008
273.056
273.104
273.152
273.2
273.248
273.296
273.344
273.392
273.44
273.488
273.536
273.584
273.632
273.68
273.728
273.776
273.824
273.872
273.92
273.968
274.016
274.064
274.112
274.16
274.208
274.256
274.304
274.352
274.4
274.448
274.496
274.544
274.592
274.64
274.688
274.736
274.784
274.832
274.88
274.928
274.976
275.024
275.072
275.12
275.168
275.216
275.264
275.312
275.36
275.408
275.456
275.504
275.552
275.6
275.648
275.696
275.744
275.792
275.84
275.888
275.936
275.984
276.032
276.08
276.128
276.176
276.224
276.272
276.32
276.368
276.416
276.464
276.512
276.56
276.608
276.656
276.704
276.752
276.8
276.848
276.896
276.944
276.992
277.04
277.088
277.136
277.184
277.232
277.28
277.328
277.376
277.424
277.472
277.52
277.568
277.616
277.664
277.712
277.76
277.808
277.856
277.904
277.952
278
278.048
278.096
278.144
278.192
278.24
278.288
278.336
278.384
278.432
278.48
278.528
278.576
278.624
278.672
278.72
278.768
278.816
278.864
278.912
278.96
279.008
279.056
279.104
279.152
279.2
279.248
279.296
279.344
279.392
279.44
279.488
279.536
279.584
279.632
279.68
279.728
279.776
279.824
279.872
279.92
279.968
280.016
280.064
280.112
280.16
280.208
280.256
280.304
280.352
280.4
280.448
280.496
280.544
280.592
280.64
280.688
280.736
280.784
280.832
280.88
280.928
280.976
281.024
281.072
281.12
281.168
281.216
281.264
281.312
281.36
281.408
281.456
281.504
281.552
281.6
281.648
281.696
281.744
281.792
281.84
281.888
281.936
281.984
282.032
282.08
282.128
282.176
282.224
282.272
282.32
282.368
282.416
282.464
282.512
282.56
282.608
282.656
282.704
282.752
282.8
282.848
282.896
282.944
282.992
283.04
283.088
283.136
283.184
283.232
283.28
283.328
283.376
283.424
283.472
283.52
283.568
283.616
283.664
283.712
283.76
283.808
283.856
283.904
283.952
284
284.048
284.096
284.144
284.192
284.24
284.288
284.336
284.384
284.432
284.48
284.528
284.576
284.624
284.672
284.72
284.768
284.816
284.864
284.912
284.96
285.008
285.056
285.104
285.152
285.2
285.248
285.296
285.344
285.392
285.44
285.488
285.536
285.584
285.632
285.68
285.728
285.776
285.824
285.872
285.92
285.968
286.016
286.064
286.112
286.16
286.208
286.256
286.304
286.352
286.4
286.448
286.496
286.544
286.592
286.64
286.688
286.736
286.784
286.832
286.88
286.928
286.976
287.024
287.072
287.12
287.168
287.216
287.264
287.312
287.36
287.408
287.456
287.504
287.552
287.6
287.648
287.696
287.744
287.792
287.84
287.888
287.936
287.984
288.032
288.08
288.128
288.176
288.224
288.272
288.32
288.368
288.416
288.464
288.512
288.56
288.608
288.656
288.704
288.752
288.8
288.848
288.896
288.944
288.992
289.04
289.088
289.136
289.184
289.232
289.28
289.328
289.376
289.424
289.472
289.52
289.568
289.616
289.664
289.712
289.76
289.808
289.856
289.904
289.952
290
290.048
290.096
290.144
290.192
290.24
290.288
290.336
290.384
290.432
290.48
290.528
290.576
290.624
290.672
290.72
290.768
290.816
290.864
290.912
290.96
291.008
291.056
291.104
291.152
291.2
291.248
291.296
291.344
291.392
291.44
291.488
291.536
291.584
291.632
291.68
291.728
291.776
291.824
291.872
291.92
291.968
292.016
292.064
292.112
292.16
292.208
292.256
292.304
292.352
292.4
292.448
292.496
292.544
292.592
292.64
292.688
292.736
292.784
292.832
292.88
292.928
292.976
293.024
293.072
293.12
293.168
293.216
293.264
293.312
293.36
293.408
293.456
293.504
293.552
293.6
293.648
293.696
293.744
293.792
293.84
293.888
293.936
293.984
294.032
294.08
294.128
294.176
294.224
294.272
294.32
294.368
294.416
294.464
294.512
294.56
294.608
294.656
294.704
294.752
294.8
294.848
294.896
294.944
294.992
295.04
295.088
295.136
295.184
295.232
295.28
295.328
295.376
295.424
295.472
295.52
295.568
295.616
295.664
295.712
295.76
295.808
295.856
295.904
295.952
296
296.048
296.096
296.144
296.192
296.24
296.288
296.336
296.384
296.432
296.48
296.528
296.576
296.624
296.672
296.72
296.768
296.816
296.864
296.912
296.96
297.008
297.056
297.104
297.152
297.2
297.248
297.296
297.344
297.392
297.44
297.488
297.536
297.584
297.632
297.68
297.728
297.776
297.824
297.872
297.92
297.968
298.016
298.064
298.112
298.16
298.208
298.256
298.304
298.352
298.4
298.448
298.496
298.544
298.592
298.64
298.688
298.736
298.784
298.832
298.88
298.928
298.976
299.024
299.072
299.12
299.168
299.216
299.264
299.312
299.36
299.408
299.456
299.504
299.552
299.6
299.648
299.696
299.744
299.792
299.84
299.888
299.936
299.984
300.032
300.08
300.128
300.176
300.224
300.272
300.32
300.368
300.416
300.464
300.512
300.56
300.608
300.656
300.704
300.752
300.8
300.848
300.896
300.944
300.992
301.04
301.088
301.136
301.184
301.232
301.28
301.328
301.376
301.424
301.472
301.52
301.568
301.616
301.664
301.712
301.76
301.808
301.856
301.904
301.952
302
302.048
302.096
302.144
302.192
302.24
302.288
302.336
302.384
302.432
302.48
302.528
302.576
302.624
302.672
302.72
302.768
302.816
302.864
302.912
302.96
303.008
303.056
303.104
303.152
303.2
303.248
303.296
303.344
303.392
303.44
303.488
303.536
303.584
303.632
303.68
303.728
303.776
303.824
303.872
303.92
303.968
304.016
304.064
304.112
304.16
304.208
304.256
304.304
304.352
304.4
304.448
304.496
304.544
304.592
304.64
304.688
304.736
304.784
304.832
304.88
304.928
304.976
305.024
305.072
305.12
305.168
305.216
305.264
305.312
305.36
305.408
305.456
305.504
305.552
305.6
305.648
305.696
305.744
305.792
305.84
305.888
305.936
305.984
306.032
306.08
306.128
306.176
306.224
306.272
306.32
306.368
306.416
306.464
306.512
306.56
306.608
306.656
306.704
306.752
306.8
306.848
306.896
306.944
306.992
307.04
307.088
307.136
307.184
307.232
307.28
307.328
307.376
307.424
307.472
307.52
307.568
307.616
307.664
307.712
307.76
307.808
307.856
307.904
307.952
308
308.048
308.096
308.144
308.192
308.24
308.288
308.336
308.384
308.432
308.48
308.528
308.576
308.624
308.672
308.72
308.768
308.816
308.864
308.912
308.96
309.008
309.056
309.104
309.152
309.2
309.248
309.296
309.344
309.392
309.44
309.488
309.536
309.584
309.632
309.68
309.728
309.776
309.824
309.872
309.92
309.968
310.016
310.064
310.112
310.16
310.208
310.256
310.304
310.352
310.4
310.448
310.496
310.544
310.592
310.64
310.688
310.736
310.784
310.832
310.88
310.928
310.976
311.024
311.072
311.12
311.168
311.216
311.264
311.312
311.36
311.408
311.456
311.504
311.552
311.6
311.648
311.696
311.744
311.792
311.84
311.888
311.936
311.984
312.032
312.08
312.128
312.176
312.224
312.272
312.32
312.368
312.416
312.464
312.512
312.56
312.608
312.656
312.704
312.752
312.8
312.848
312.896
312.944
312.992
313.04
313.088
313.136
313.184
313.232
313.28
313.328
313.376
313.424
313.472
313.52
313.568
313.616
313.664
313.712
313.76
313.808
313.856
313.904
313.952
314
314.048
314.096
314.144
314.192
314.24
314.288
314.336
314.384
314.432
314.48
314.528
314.576
314.624
314.672
314.72
314.768
314.816
314.864
314.912
314.96
315.008
315.056
315.104
315.152
315.2
315.248
315.296
315.344
315.392
315.44
315.488
315.536
315.584
315.632
315.68
315.728
315.776
315.824
315.872
315.92
315.968
316.016
316.064
316.112
316.16
316.208
316.256
316.304
316.352
316.4
316.448
316.496
316.544
316.592
316.64
316.688
316.736
316.784
316.832
316.88
316.928
316.976
317.024
317.072
317.12
317.168
317.216
317.264
317.312
317.36
317.408
317.456
317.504
317.552
317.6
317.648
317.696
317.744
317.792
317.84
317.888
317.936
317.984
318.032
318.08
318.128
318.176
318.224
318.272
318.32
318.368
318.416
318.464
318.512
318.56
318.608
318.656
318.704
318.752
318.8
318.848
318.896
318.944
318.992
319.04
319.088
319.136
319.184
319.232
319.28
319.328
319.376
319.424
319.472
319.52
319.568
319.616
319.664
319.712
319.76
319.808
319.856
319.904
319.952
320
320.048
320.096
320.144
320.192
320.24
320.288
320.336
320.384
320.432
320.48
320.528
320.576
320.624
320.672
320.72
320.768
320.816
320.864
320.912
320.96
321.008
321.056
321.104
321.152
321.2
321.248
321.296
321.344
321.392
321.44
321.488
321.536
321.584
321.632
321.68
321.728
321.776
321.824
321.872
321.92
321.968
322.016
322.064
322.112
322.16
322.208
322.256
322.304
322.352
322.4
322.448
322.496
322.544
322.592
322.64
322.688
322.736
322.784
322.832
322.88
322.928
322.976
323.024
323.072
323.12
323.168
323.216
323.264
323.312
323.36
323.408
323.456
323.504
323.552
323.6
323.648
323.696
323.744
323.792
323.84
323.888
323.936
323.984
324.032
324.08
324.128
324.176
324.224
324.272
324.32
324.368
324.416
324.464
324.512
324.56
324.608
324.656
324.704
324.752
324.8
324.848
324.896
324.944
324.992
325.04
325.088
325.136
325.184
325.232
325.28
325.328
325.376
325.424
325.472
325.52
325.568
325.616
325.664
325.712
325.76
325.808
325.856
325.904
325.952
326
326.048
326.096
326.144
326.192
326.24
326.288
326.336
326.384
326.432
326.48
326.528
326.576
326.624
326.672
326.72
326.768
326.816
326.864
326.912
326.96
327.008
327.056
327.104
327.152
327.2
327.248
327.296
327.344
327.392
327.44
327.488
327.536
327.584
327.632
327.68
327.728
327.776
327.824
327.872
327.92
327.968
328.016
328.064
328.112
328.16
328.208
328.256
328.304
328.352
328.4
328.448
328.496
328.544
328.592
328.64
328.688
328.736
328.784
328.832
328.88
328.928
328.976
329.024
329.072
329.12
329.168
329.216
329.264
329.312
329.36
329.408
329.456
329.504
329.552
329.6
329.648
329.696
329.744
329.792
329.84
329.888
329.936
329.984
330.032
330.08
330.128
330.176
330.224
330.272
330.32
330.368
330.416
330.464
330.512
330.56
330.608
330.656
330.704
330.752
330.8
330.848
330.896
330.944
330.992
331.04
331.088
331.136
331.184
331.232
331.28
331.328
331.376
331.424
331.472
331.52
331.568
331.616
331.664
331.712
331.76
331.808
331.856
331.904
331.952
332
332.048
332.096
332.144
332.192
332.24
332.288
332.336
332.384
332.432
332.48
332.528
332.576
332.624
332.672
332.72
332.768
332.816
332.864
332.912
332.96
333.008
333.056
333.104
333.152
333.2
333.248
333.296
333.344
333.392
333.44
333.488
333.536
333.584
333.632
333.68
333.728
333.776
333.824
333.872
333.92
333.968
334.016
334.064
334.112
334.16
334.208
334.256
334.304
334.352
334.4
334.448
334.496
334.544
334.592
334.64
334.688
334.736
334.784
334.832
334.88
334.928
334.976
335.024
335.072
335.12
335.168
335.216
335.264
335.312
335.36
335.408
335.456
335.504
335.552
335.6
335.648
335.696
335.744
335.792
335.84
335.888
335.936
335.984
336.032
336.08
336.128
336.176
336.224
336.272
336.32
336.368
336.416
336.464
336.512
336.56
336.608
336.656
336.704
336.752
336.8
336.848
336.896
336.944
336.992
337.04
337.088
337.136
337.184
337.232
337.28
337.328
337.376
337.424
337.472
337.52
337.568
337.616
337.664
337.712
337.76
337.808
337.856
337.904
337.712
337.76
337.808
337.856
337.904
337.712
337.76
337.808
337.856
337.904
337.712
337.76
337.808
337.856
337.904
337.712
337.76
337.808
337.856
337.904
337.712
337.76
337.808
337.856
337.904
337.712
337.76
337.808
337.856
337.904
337.712
337.76
337.808
337.856
337.904
337.712
337.76
337.808
337.856
337.904
337.712
337.76
337.808
337.856
337.904
337.712
337.76
337.808
337.856
337.904
337.712
337.76
337.808
337.856
337.904
337.712
337.76
337.808
337.856
337.904
337.712
337.76
337.808
337.856
337.904
337.712
337.76
337.808
337.856
337.904
337.712
337.76
337.808
337.856
337.904
337.712
337.76
337.808
337.856
337.904
337.712
337.76
337.808
337.856
337.904
337.712
337.76
337.808
337.856
337.904
337.712
337.76
337.808
337.856
337.904
337.712
337.76
337.808
337.856
337.904
337.712
337.76
337.808
337.856
337.904
337.712
337.76
337.808
337.856
337.904
337.712
337.76
337.808
337.856
337.904
337.712
337.76
337.808
337.856
337.904
337.712
337.76
337.808
337.856
337.904
337.712
337.76
337.808
337.856
337.904
337.712
337.76
337.808
337.856
337.904
337.712
337.76
337.808
337.856
337.904
337.712
337.76
337.808
337.856
337.904
337.712
337.76
337.808
337.856
337.904
337.712
337.76
337.808
337.856
337.904
337.712
337.76
337.808
337.856
337.904
337.712
337.76
337.808
337.856
337.904
337.712
337.76
337.808
337.856
337.904
337.712
337.76
337.808
337.856
337.904
337.712
337.76
337.808
337.856
337.904
337.712
337.76
337.808
337.856
337.904
337.712
337.76
337.808
337.856
337.904
337.712
337.76
337.808
337.856
337.904
337.712
337.76
337.808
337.856
337.904
337.712
337.76
337.808
337.856
337.904
337.712
337.76
337.808
337.856
337.904
337.712
337.76
337.808
337.856
337.904
337.712
337.76
337.808
337.856
337.904
337.712
337.76
337.808
337.856
337.904
337.712
337.76
337.808
337.856
337.904
337.712
337.76
337.808
337.856
337.904
337.712
337.76
337.808
337.856
337.904
337.712
337.76
337.808
337.856
337.904
337.712
337.76
337.808
337.856
337.904
337.712
337.76
337.808
337.856
337.904
337.712
337.76
337.808
337.856
337.904
337.712
337.76
337.808
337.856
337.904
337.712
337.76
337.808
337.856
337.904
337.712
337.76
337.808
337.856
337.904
337.712
337.76
337.808
337.856
337.904
337.712
337.76
337.808
337.856
337.904
337.712
337.76
337.808
337.856
337.904
337.712
337.76
337.808
337.856
337.904
337.712
337.76
337.808
337.856
337.904
337.712
337.76
337.808
337.856
337.904
337.712
337.76
337.808
337.856
337.904
337.712
337.76
337.808
337.856
337.904
337.712
337.76
337.808
337.856
337.904
337.712
337.76
337.808
337.856
337.904
337.712
337.76
337.808
337.856
337.904
337.712
337.76
337.808
337.856
337.904
337.712
337.76
337.808
337.856
337.904
337.712
337.76
337.808
337.856
337.904
337.712
337.76
337.808
337.856
337.904
337.712
337.76
337.808
337.856
337.904
337.712
337.76
337.808
337.856
337.904
337.712
337.76
337.808
337.856
337.904
337.712
337.76
337.808
337.856
337.904
337.712
337.76
337.808
337.856
337.904
337.712
337.76
337.808
337.856
337.904
337.712
337.76
337.808
337.856
337.904
337.712
337.76
337.808
337.856
337.904
337.712
337.76
337.808
337.856
337.904
337.712
337.76
337.808
337.856
337.904
337.712
337.76
337.808
337.856
337.904
337.712
337.76
337.808
337.856
337.904
337.712
337.76
337.808
337.856
337.904
337.712
337.76
337.808
337.856
337.904
337.712
337.76
337.808
337.856
337.904
337.712
337.76
337.808
337.856
337.904
337.712
337.76
337.808
337.856
337.904
337.712
337.76
337.808
337.856
337.904
337.712
337.76
337.808
337.856
337.904
337.712
337.76
337.808
337.856
337.904
337.712
337.76
337.808
337.856
337.904
337.712
337.76
337.808
337.856
337.904
337.712
337.76
337.808
337.856
337.904
337.712
337.76
337.808
337.856
337.904
337.712
337.76
337.808
337.856
337.904
337.712
337.76
337.808
337.856
337.904
337.712
337.76
337.808
337.856
337.904
337.712
337.76
337.808
337.856
337.904
337.712
337.76
337.808
337.856
337.904
337.712
337.76
337.808
337.856
337.904
337.712
337.76
337.808
337.856
337.904
337.712
337.76
337.808
337.856
337.904
337.712
337.76
337.808
337.856
337.904
337.712
337.76
337.808
337.856
337.904
337.712
337.76
337.808
337.856
337.904
337.712
337.76
337.808
337.856
337.904
337.712
337.76
337.808
337.856
337.904
337.712
337.76
337.808
337.856
337.904
337.712
337.76
337.808
337.856
337.904
337.712
337.76
337.808
337.856
337.904
337.712
337.76
337.808
337.856
337.904
337.712
337.76
337.808
337.856
337.904
337.712
337.76
337.808
337.856
337.904
337.712
337.76
337.808
337.856
337.904
337.712
337.76
337.808
337.856
337.904
337.712
337.76
337.808
337.856
337.904
337.712
337.76
337.808
337.856
337.904
337.712
337.76
337.808
337.856
337.904
337.712
337.76
337.808
337.856
337.904
337.712
337.76
337.808
337.856
337.904
337.712
337.76
337.808
337.856
337.904
337.712
337.76
337.808
337.856
337.904
337.712
337.76
337.808
337.856
337.904
337.712
337.76
337.808
337.856
337.904
337.712
337.76
337.808
337.856
337.904
337.712
337.76
337.808
337.856
337.904
337.712
337.76
337.808
337.856
337.904
337.712
337.76
337.808
337.856
337.904
337.712
337.76
337.808
337.856
337.904
337.712
337.76
337.808
337.856
337.904
337.712
337.76
337.808
337.856
337.904
337.712
337.76
337.808
337.856
337.904
337.712
337.76
337.808
337.856
337.904
337.712
337.76
337.808
337.856
337.904
337.712
337.76
337.808
337.856
337.904
337.712
337.76
337.808
337.856
337.904
337.712
337.76
337.808
337.856
337.904
337.712
337.76
337.808
337.856
337.904
337.712
337.76
337.808
337.856
337.904
337.712
337.76
337.808
337.856
337.904
337.712
337.76
337.808
337.856
337.904
337.712
337.76
337.808
337.856
337.904
337.712
337.76
337.808
337.856
337.904
337.712
337.76
337.808
337.856
337.904
337.712
337.76
337.808
337.856
337.904
337.712
337.76
337.808
337.856
337.904
337.712
337.76
337.808
337.856
337.904
337.712
337.76
337.808
337.856
337.904
337.712
337.76
337.808
337.856
337.904
337.712
337.76
337.808
337.856
337.904
337.712
337.76
337.808
337.856
337.904
337.712
337.76
337.808
337.856
337.904
337.712
337.76
337.808
337.856
337.904
337.712
337.76
337.808
337.856
337.904
337.712
337.76
337.808
337.856
337.904
337.712
337.76
337.808
337.856
337.904
337.712
337.76
337.808
337.856
337.904
337.712
337.76
337.808
337.856
337.904
337.712
337.76
337.808
337.856
337.904
337.712
337.76
337.808
337.856
337.904
337.712
337.76
337.808
337.856
337.904
337.712
337.76
337.808
337.856
337.904
337.712
337.76
337.808
337.856
337.904
337.712
337.76
337.808
337.856
337.904
337.712
337.76
337.808
337.856
337.904
337.712
337.76
337.808
337.856
337.904
337.712
337.76
337.808
337.856
337.904
337.712
337.76
337.808
337.856
337.904
337.712
337.76
337.808
337.856
337.904
337.712
337.76
337.808
337.856
337.904
337.712
337.76
337.808
337.856
337.904
337.712
337.76
337.808
337.856
337.904
337.712
337.76
337.808
337.856
337.904
337.712
337.76
337.808
337.856
337.904
337.712
337.76
337.808
337.856
337.904
337.712
337.76
337.808
337.856
337.904
337.712
337.76
337.808
337.856
337.904
337.712
337.76
337.808
337.856
337.904
337.712
337.76
337.808
337.856
337.904
337.712
337.76
337.808
337.856
337.904
337.712
337.76
337.808
337.856
337.904
337.712
337.76
337.808
337.856
337.904
337.712
337.76
337.808
337.856
337.904
337.712
337.76
337.808
337.856
337.904
337.712
337.76
337.808
337.856
337.904
337.712
337.76
337.808
337.856
337.904
337.712
337.76
337.808
337.856
337.904
337.712
337.76
337.808
337.856
337.904
337.712
337.76
337.808
337.856
337.904
337.712
337.76
337.808
337.856
337.904
337.712
337.76
337.808
337.856
337.904
337.712
337.76
337.808
337.856
337.904
337.712
337.76
337.808
337.856
337.904
337.712
337.76
337.808
337.856
337.904
337.712
337.76
337.808
337.856
337.904
337.712
337.76
337.808
337.856
337.904
337.712
337.76
337.808
337.856
337.904
337.712
337.76
337.808
337.856
337.904
337.712
337.76
337.808
337.856
337.904
337.712
337.76
337.808
337.856
337.904
337.712
337.76
337.808
337.856
337.904
337.712
337.76
337.808
337.856
337.904
337.712
337.76
337.808
337.856
337.904
337.712
337.76
337.808
337.856
337.904
337.712
337.76
337.808
337.856
337.904
337.712
337.76
337.808
337.856
337.904
337.712
337.76
337.808
337.856
337.904
337.712
337.76
337.808
337.856
337.904
337.712
337.76
337.808
337.856
337.904
337.712
337.76
337.808
337.856
337.904
337.712
337.76
337.808
337.856
337.904
337.712
337.76
337.808
337.856
337.904
337.712
337.76
337.808
337.856
337.904
337.712
337.76
337.808
337.856
337.904
337.712
337.76
337.808
337.856
337.904
337.712
337.76
337.808
337.856
337.904
337.712
337.76
337.808
337.856
337.904
337.712
337.76
337.808
337.856
337.904
337.712
337.76
337.808
337.856
337.904
337.712
337.76
337.808
337.856
337.904
337.712
337.76
337.808
337.856
337.904
337.712
337.76
337.808
337.856
337.904
337.712
337.76
337.808
337.856
337.904
337.712
337.76
337.808
337.856
337.904
337.712
337.76
337.808
337.856
337.904
337.712
337.76
337.808
337.856
337.904
337.712
337.76
337.808
337.856
337.904
337.712
337.76
337.808
337.856
337.904
337.712
337.76
337.808
337.856
337.904
337.712
337.76
337.808
337.856
337.904
337.712
337.76
337.808
337.856
337.904
337.712
337.76
337.808
337.856
337.904
337.712
337.76
337.808
337.856
337.904
337.712
337.76
337.808
337.856
337.904
337.712
337.76
337.808
337.856
337.904
337.712
337.76
337.808
337.856
337.904
337.712
337.76
337.808
337.856
337.904
337.712
337.76
337.808
337.856
337.904
337.712
337.76
337.808
337.856
337.904
337.712
337.76
337.808
337.856
337.904
337.712
337.76
337.808
337.856
337.904
337.712
337.76
337.808
337.856
337.904
337.712
337.76
337.808
337.856
337.904
337.712
337.76
337.808
337.856
337.904
337.712
337.76
337.808
337.856
337.904
337.712
337.76
337.808
337.856
337.904
337.712
337.76
337.808
337.856
337.904
337.712
337.76
337.808
337.856
337.904
337.712
337.76
337.808
337.856
337.904
337.712
337.76
337.808
337.856
337.904
337.712
337.76
337.808
337.856
337.904
337.712
337.76
337.808
337.856
337.904
337.712
337.76
337.808
337.856
337.904
337.712
337.76
337.808
337.856
337.904
337.712
337.76
337.808
337.856
337.904
337.712
337.76
337.808
337.856
337.904
337.712
337.76
337.808
337.856
337.904
337.712
337.76
337.808
337.856
337.904
337.712
337.76
337.808
337.856
337.904
337.712
337.76
337.808
337.856
337.904
337.712
337.76
337.808
337.856
337.904
337.712
337.76
337.808
337.856
337.904
337.712
337.76
337.808
337.856
337.904
337.712
337.76
337.808
337.856
337.904
337.712
337.76
337.808
337.856
337.904
337.712
337.76
337.808
337.856
337.904
337.712
337.76
337.808
337.856
337.904
337.712
337.76
337.808
337.856
337.904
337.712
337.76
337.808
337.856
337.904
337.712
337.76
337.808
337.856
337.904
337.712
337.76
337.808
337.856
337.904
337.712
337.76
337.808
337.856
337.904
337.712
337.76
337.808
337.856
337.904
337.712
337.76
337.808
337.856
337.904
337.712
337.76
337.808
337.856
337.904
337.712
337.76
337.808
337.856
337.904
337.712
337.76
337.808
337.856
337.904
337.712
337.76
337.808
337.856
337.904
337.712
337.76
337.808
337.856
337.904
337.712
337.76
337.808
337.856
337.904
337.712
337.76
337.808
337.856
337.904
337.712
337.76
337.808
337.856
337.904
337.712
337.76
337.808
337.856
337.904
337.712
337.76
337.808
337.856
337.904
337.712
337.76
337.808
337.856
337.904
337.712
337.76
337.808
337.856
337.904
337.712
337.76
337.808
337.856
337.904
337.712
337.76
337.808
337.856
337.904
337.712
337.76
337.808
337.856
337.904
337.712
337.76
337.808
337.856
337.904
337.712
337.76
337.808
337.856
337.904
337.712
337.76
337.808
337.856
337.904
337.712
337.76
337.808
337.856
337.904
337.712
337.76
337.808
337.856
337.904
337.712
337.76
337.808
337.856
337.904
337.712
337.76
337.808
337.856
337.904
337.712
337.76
337.808
337.856
337.904
337.712
337.76
337.808
337.856
337.904
337.712
337.76
337.808
337.856
337.904
337.712
337.76
337.808
337.856
337.904
337.712
337.76
337.808
337.856
337.904
337.712
337.76
337.808
337.856
337.904
337.712
337.76
337.808
337.856
337.904
337.712
337.76
337.808
337.856
337.904
337.712
337.76
337.808
337.856
337.904
337.712
337.76
337.808
337.856
337.904
337.712
337.76
337.808
337.856
337.904
337.712
337.76
337.808
337.856
337.904
337.712
337.76
337.808
337.856
337.904
337.712
337.76
337.808
337.856
337.904
337.712
337.76
337.808
337.856
337.904
337.712
337.76
337.808
337.856
337.904
337.712
337.76
337.808
337.856
337.904
337.712
337.76
337.808
337.856
337.904
337.712
337.76
337.808
337.856
337.904
337.712
337.76
337.808
337.856
337.904
337.712
337.76
337.808
337.856
337.904
337.712
337.76
337.808
337.856
337.904
337.712
337.76
337.808
337.856
337.904
337.712
337.76
337.808
337.856
337.904
337.712
337.76
337.808
337.856
337.904
337.712
337.76
337.808
337.856
337.904
337.712
337.76
337.808
337.856
337.904
337.712
337.76
337.808
337.856
337.904
337.712
337.76
337.808
337.856
337.904
337.712
337.76
337.808
337.856
337.904
337.712
337.76
337.808
337.856
337.904
337.712
337.76
337.808
337.856
337.904
337.712
337.76
337.808
337.856
337.904
337.712
337.76
337.808
337.856
337.904
337.712
337.76
337.808
337.856
337.904
337.712
337.76
337.808
337.856
337.904
337.712
337.76
337.808
337.856
337.904
337.712
337.76
337.808
337.856
337.904
337.712
337.76
337.808
337.856
337.904
337.712
337.76
337.808
337.856
337.904
337.712
337.76
337.808
337.856
337.904
337.712
337.76
337.808
337.856
337.904
337.712
337.76
337.808
337.856
337.904
337.712
337.76
337.808
337.856
337.904
337.712
337.76
337.808
337.856
337.904
337.712
337.76
337.808
337.856
337.904
337.712
337.76
337.808
337.856
337.904
337.712
337.76
337.808
337.856
337.904
337.712
337.76
337.808
337.856
337.904
337.712
337.76
337.808
337.856
337.904
337.712
337.76
337.808
337.856
337.904
337.712
337.76
337.808
337.856
337.904
337.712
337.76
337.808
337.856
337.904
337.712
337.76
337.808
337.856
337.904
337.712
337.76
337.808
337.856
337.904
337.712
337.76
337.808
337.856
337.904
337.712
337.76
337.808
337.856
337.904
337.712
337.76
337.808
337.856
337.904
337.712
337.76
337.808
337.856
337.904
337.712
337.76
337.808
337.856
337.904
337.712
337.76
337.808
337.856
337.904
337.712
337.76
337.808
337.856
337.904
337.712
337.76
337.808
337.856
337.904
337.712
337.76
337.808
337.856
337.904
337.712
337.76
337.808
337.856
337.904
337.712
337.76
337.808
337.856
337.904
337.712
337.76
337.808
337.856
337.904
337.712
337.76
337.808
337.856
337.904
337.712
337.76
337.808
337.856
337.904
337.712
337.76
337.808
337.856
337.904
337.712
337.76
337.808
337.856
337.904
337.712
337.76
337.808
337.856
337.904
337.712
337.76
337.808
337.856
337.904
337.712
337.76
337.808
337.856
337.904
337.712
337.76
337.808
337.856
337.904
337.712
337.76
337.808
337.856
337.904
337.712
337.76
337.808
337.856
337.904
337.712
337.76
337.808
337.856
337.904
337.712
337.76
337.808
337.856
337.904
337.712
337.76
337.808
337.856
337.904
337.712
337.76
337.808
337.856
337.904
337.712
337.76
337.808
337.856
337.904
337.712
337.76
337.808
337.856
337.904
337.712
337.76
337.808
337.856
337.904
337.712
337.76
337.808
337.856
337.904
337.712
337.76
337.808
337.856
337.904
337.712
337.76
337.808
337.856
337.904
337.712
337.76
337.808
337.856
337.904
337.712
337.76
337.808
337.856
337.904
337.712
337.76
337.808
337.856
337.904
337.712
337.76
337.808
337.856
337.904
337.712
337.76
337.808
337.856
337.904
337.712
337.76
337.808
337.856
337.904
337.712
337.76
337.808
337.856
337.904
337.712
337.76
337.808
337.856
337.904
337.712
337.76
337.808
337.856
337.904
337.712
337.76
337.808
337.856
337.904
337.712
337.76
337.808
337.856
337.904
337.712
337.76
337.808
337.856
337.904
337.712
337.76
337.808
337.856
337.904
337.712
337.76
337.808
337.856
337.904
337.712
337.76
337.808
337.856
337.904
337.712
337.76
337.808
337.856
337.904
337.712
337.76
337.808
337.856
337.904
337.712
337.76
337.808
337.856
337.904
337.712
337.76
337.808
337.856
337.904
337.712
337.76
337.808
337.856
337.904
337.712
337.76
337.808
337.856
337.904
337.712
337.76
337.808
337.856
337.904
337.712
337.76
337.808
337.856
337.904
337.712
337.76
337.808
337.856
337.904
337.712
337.76
337.808
337.856
337.904
337.712
337.76
337.808
337.856
337.904
337.712
337.76
337.808
337.856
337.904
337.712
337.76
337.808
337.856
337.904
337.712
337.76
337.808
337.856
337.904
337.712
337.76
337.808
337.856
337.904
337.712
337.76
337.808
337.856
337.904
337.712
337.76
337.808
337.856
337.904
337.712
337.76
337.808
337.856
337.904
337.712
337.76
337.808
337.856
337.904
337.712
337.76
337.808
337.856
337.904
337.712
337.76
337.808
337.856
337.904
337.712
337.76
337.808
337.856
337.904
337.712
337.76
337.808
337.856
337.904
337.712
337.76
337.808
337.856
337.904
337.712
337.76
337.808
337.856
337.904
337.712
337.76
337.808
337.856
337.904
337.712
337.76
337.808
337.856
337.904
337.712
337.76
337.808
337.856
337.904
337.712
337.76
337.808
337.856
337.904
337.712
337.76
337.808
337.856
337.904
337.712
337.76
337.808
337.856
337.904
337.712
337.76
337.808
337.856
337.904
337.712
337.76
337.808
337.856
337.904
337.712
337.76
337.808
337.856
337.904
337.712
337.76
337.808
337.856
337.904
337.712
337.76
337.808
337.856
337.904
337.712
337.76
337.808
337.856
337.904
337.712
337.76
337.808
337.856
337.904
337.712
337.76
337.808
337.856
337.904
337.712
337.76
337.808
337.856
337.904
337.712
337.76
337.808
337.856
337.904
337.712
337.76
337.808
337.856
337.904
337.712
337.76
337.808
337.856
337.904
337.712
337.76
337.808
337.856
337.904
337.712
337.76
337.808
337.856
337.904
337.712
337.76
337.808
337.856
337.904
337.712
337.76
337.808
337.856
337.904
337.712
337.76
337.808
337.856
337.904
337.712
337.76
337.808
337.856
337.904
337.712
337.76
337.808
337.856
337.904
337.712
337.76
337.808
337.856
337.904
337.712
337.76
337.808
337.856
337.904
337.712
337.76
337.808
337.856
337.904
337.712
337.76
337.808
337.856
337.904
337.712
337.76
337.808
337.856
337.904
337.712
337.76
337.808
337.856
337.904
337.712
337.76
337.808
337.856
337.904
337.712
337.76
337.808
337.856
337.904
337.712
337.76
337.808
337.856
337.904
337.712
337.76
337.808
337.856
337.904
337.712
337.76
337.808
337.856
337.904
337.712
337.76
337.808
337.856
337.904
337.712
337.76
337.808
337.856
337.904
337.712
337.76
337.808
337.856
337.904
337.712
337.76
337.808
337.856
337.904
337.712
337.76
337.808
337.856
337.904
337.712
337.76
337.808
337.856
337.904
337.712
337.76
337.808
337.856
337.904
337.712
337.76
337.808
337.856
337.904
337.712
337.76
337.808
337.856
337.904
337.712
337.76
337.808
337.856
337.904
337.712
337.76
337.808
337.856
337.904
337.712
337.76
337.808
337.856
337.904
337.712
337.76
337.808
337.856
337.904
337.712
337.76
337.808
337.856
337.904
337.712
337.76
337.808
337.856
337.904
337.712
337.76
337.808
337.856
337.904
337.712
337.76
337.808
337.856
337.904
337.712
337.76
337.808
337.856
337.904
337.712
337.76
337.808
337.856
337.904
337.712
337.76
337.808
337.856
337.904
337.712
337.76
337.808
337.856
337.904
337.712
337.76
337.808
337.856
337.904
337.712
337.76
337.808
337.856
337.904
337.712
337.76
337.808
337.856
337.904
337.712
337.76
337.808
337.856
337.904
337.712
337.76
337.808
337.856
337.904
337.712
337.76
337.808
337.856
337.904
337.712
337.76
337.808
337.856
337.904
337.712
337.76
337.808
337.856
337.904
337.712
337.76
337.808
337.856
337.904
337.712
337.76
337.808
337.856
337.904
337.712
337.76
337.808
337.856
337.904
337.712
337.76
337.808
337.856
337.904
337.712
337.76
337.808
337.856
337.904
337.712
337.76
337.808
337.856
337.904
337.712
337.76
337.808
337.856
337.904
337.712
337.76
337.808
337.856
337.904
337.712
337.76
337.808
337.856
337.904
337.712
337.76
337.808
337.856
337.904
337.712
337.76
337.808
337.856
337.904
337.712
337.76
337.808
337.856
337.904
337.712
337.76
337.808
337.856
337.904
337.712
337.76
337.808
337.856
337.904
337.712
337.76
337.808
337.856
337.904
337.712
337.76
337.808
337.856
337.904
337.712
337.76
337.808
337.856
337.904
337.712
337.76
337.808
337.856
337.904
337.712
337.76
337.808
337.856
337.904
337.712
337.76
337.808
337.856
337.904
337.712
337.76
337.808
337.856
337.904
337.712
337.76
337.808
337.856
337.904
337.712
337.76
337.808
337.856
337.904
337.712
337.76
337.808
337.856
337.904
337.712
337.76
337.808
337.856
337.904
337.712
337.76
337.808
337.856
337.904
337.712
337.76
337.808
337.856
337.904
337.712
337.76
337.808
337.856
337.904
337.712
337.76
337.808
337.856
337.904
337.712
337.76
337.808
337.856
337.904
337.712
337.76
337.808
337.856
337.904
337.712
337.76
337.808
337.856
337.904
337.712
337.76
337.808
337.856
337.904
337.712
337.76
337.808
337.856
337.904
337.712
337.76
337.808
337.856
337.904
337.712
337.76
337.808
337.856
337.904
337.712
337.76
337.808
337.856
337.904
337.712
337.76
337.808
337.856
337.904
337.712
337.76
337.808
337.856
337.904
337.712
337.76
337.808
337.856
337.904
337.712
337.76
337.808
337.856
337.904
337.712
337.76
337.808
337.856
337.904
337.712
337.76
337.808
337.856
337.904
337.712
337.76
337.808
337.856
337.904
337.712
337.76
337.808
337.856
337.904
337.712
337.76
337.808
337.856
337.904
337.712
337.76
337.808
337.856
337.904
337.712
337.76
337.808
337.856
337.904
337.712
337.76
337.808
337.856
337.904
337.712
337.76
337.808
337.856
337.904
337.712
337.76
337.808
337.856
337.904
337.712
337.76
337.808
337.856
337.904
337.712
337.76
337.808
337.856
337.904
337.712
337.76
337.808
337.856
337.904
337.712
337.76
337.808
337.856
337.904
337.712
337.76
337.808
337.856
337.904
337.712
337.76
337.808
337.856
337.904
337.712
337.76
337.808
337.856
337.904
337.712
337.76
337.808
337.856
337.904
337.712
337.76
337.808
337.856
337.904
337.712
337.76
337.808
337.856
337.904
337.712
337.76
337.808
337.856
337.904
337.712
337.76
337.808
337.856
337.904
337.712
337.76
337.808
337.856
337.904
337.712
337.76
337.808
337.856
337.904
337.712
337.76
337.808
337.856
337.904
337.712
337.76
337.808
337.856
337.904
337.712
337.76
337.808
337.856
337.904
337.712
337.76
337.808
337.856
337.904
337.712
337.76
337.808
337.856
337.904
337.712
337.76
337.808
337.856
337.904
337.712
337.76
337.808
337.856
337.904
337.712
337.76
337.808
337.856
337.904
337.712
337.76
337.808
337.856
337.904
337.712
337.76
337.808
337.856
337.904
337.712
337.76
337.808
337.856
337.904
337.712
337.76
337.808
337.856
337.904
337.712
337.76
337.808
337.856
337.904
337.712
337.76
337.808
