18.44
18.556
18.673
18.789
18.906
19.022
19.139
19.255
19.372
19.489
19.605
19.722
19.838
19.955
20.071
20.188
20.305
20.421
20.538
20.654
20.771
20.887
21.004
21.121
21.237
21.354
21.47
21.587
21.703
21.82
21.937
22.053
22.17
22.286
22.403
22.519
22.636
22.753
22.869
22.986
23.102
23.219
23.335
23.452
23.569
23.685
23.802
23.918
24.035
24.151
24.268
24.385
24.501
24.618
24.734
24.851
24.967
25.084
25.201
25.317
25.434
25.55
25.667
25.783
25.9
26.017
26.133
26.25
26.366
26.483
26.599
26.716
26.833
26.949
27.066
27.182
27.299
27.415
27.532
27.649
27.765
27.882
27.998
28.115
28.231
28.348
28.465
28.581
28.698
28.814
28.931
29.047
29.164
29.281
29.397
29.514
29.63
29.747
29.863
29.98
30.097
30.213
30.33
30.446
30.563
30.679
30.796
30.913
31.029
31.146
31.262
31.379
31.495
31.612
31.729
31.845
31.962
32.078
32.195
32.311
32.428
32.545
32.661
32.778
32.894
33.011
33.127
33.244
33.361
33.477
33.594
33.71
33.827
33.943
34.06
34.177
34.293
34.41
34.526
34.643
34.759
34.876
34.993
35.109
35.226
35.342
35.459
35.575
35.692
35.809
35.925
36.042
36.158
36.275
36.391
36.508
36.625
36.741
36.858
36.974
37.091
37.207
37.324
37.441
37.557
37.674
37.79
37.907
38.023
38.14
38.257
38.373
38.49
38.606
38.723
38.839
38.956
39.073
39.189
39.306
39.422
39.539
39.655
39.772
39.889
40.005
40.122
40.238
40.355
40.471
40.588
40.705
40.821
40.938
41.054
41.171
41.287
41.404
41.521
41.637
41.754
41.87
41.987
42.103
42.22
42.337
42.453
42.57
42.686
42.803
42.919
43.036
43.153
43.269
43.386
43.502
43.619
43.735
43.852
43.969
44.085
44.202
44.318
44.435
44.551
44.668
44.785
44.901
45.018
45.134
45.251
45.367
45.484
45.601
45.717
45.834
45.95
46.067
46.183
46.3
46.417
46.533
46.65
46.766
46.883
46.999
47.116
47.233
47.349
47.466
47.582
47.699
47.815
47.932
48.049
48.165
48.282
48.398
48.515
48.631
48.748
48.865
48.981
49.098
49.214
49.331
49.447
49.564
49.681
49.797
49.914
50.03
50.147
50.263
50.38
50.497
50.613
50.73
50.846
50.963
51.079
51.196
51.313
51.429
51.546
51.662
51.779
51.895
52.012
52.129
52.245
52.362
52.478
52.595
52.711
52.828
52.945
53.061
53.178
53.294
53.411
53.527
53.644
53.761
53.877
53.994
54.11
54.227
54.343
54.46
54.577
54.693
54.81
54.926
55.043
55.159
55.276
55.393
55.509
55.626
55.742
55.859
55.975
56.092
56.209
56.325
56.442
56.558
56.675
56.791
56.908
57.025
57.141
57.258
57.374
57.491
57.607
57.724
57.84
57.957
58.074
58.19
58.307
58.423
58.54
58.656
58.773
58.89
59.006
59.123
59.239
59.356
59.472
59.589
59.706
59.822
59.939
60.055
60.172
60.288
60.405
60.522
60.638
60.755
60.871
60.988
61.104
61.221
61.338
61.454
61.571
61.687
61.804
61.92
62.037
62.154
62.27
62.387
62.503
62.62
62.736
62.853
62.97
63.086
63.203
63.319
63.436
63.552
63.669
63.786
63.902
64.019
64.135
64.252
64.368
64.485
64.602
64.718
64.835
64.951
65.068
65.184
65.301
65.418
65.534
65.651
65.767
65.884
66
66.117
66.234
66.35
66.467
66.583
66.7
66.816
66.762
66.707
66.823
66.768
66.714
66.659
66.775
66.72
66.666
66.782
66.727
66.672
66.789
66.734
66.679
66.796
66.741
66.686
66.803
66.748
66.693
66.81
66.755
66.7
66.816
66.762
66.707
66.823
66.768
66.714
66.659
66.775
66.72
66.666
66.782
66.727
66.672
66.789
66.734
66.679
66.796
66.741
66.686
66.803
66.748
66.693
66.81
66.755
66.7
66.816
66.762
66.707
66.823
66.768
66.714
66.659
66.775
66.72
66.666
66.782
66.727
66.672
66.789
66.734
66.679
66.796
66.741
66.686
66.803
66.748
66.693
66.81
66.755
66.7
66.816
66.762
66.707
66.823
66.768
66.714
66.659
66.775
66.72
66.666
66.782
66.727
66.672
66.789
66.734
66.679
66.796
66.741
66.686
66.803
66.748
66.693
66.81
66.755
66.7
66.816
66.762
66.707
66.823
66.768
66.714
66.659
66.775
66.72
66.666
66.782
66.727
66.672
66.789
66.734
66.679
66.796
66.741
66.686
66.803
66.748
66.693
66.81
66.755
66.7
66.816
66.762
66.707
66.823
66.768
66.714
66.659
66.775
66.72
66.666
66.782
66.727
66.672
66.789
66.734
66.679
66.796
66.741
66.686
66.803
66.748
66.693
66.81
66.755
66.7
66.816
66.761
66.707
66.823
66.768
66.713
66.659
66.775
66.72
66.665
66.782
66.727
66.672
66.789
66.734
66.679
66.796
66.741
66.686
66.803
66.748
66.693
66.809
66.755
66.7
66.816
66.761
66.707
66.823
66.768
66.713
66.659
66.775
66.72
66.665
66.782
66.727
66.672
66.789
66.734
66.679
66.796
66.741
66.686
66.803
66.748
66.693
66.809
66.755
66.7
66.816
66.761
66.707
66.823
66.768
66.713
66.659
66.775
66.72
66.665
66.782
66.727
66.672
66.789
66.734
66.679
66.796
66.741
66.686
66.803
66.748
66.693
66.809
66.755
66.7
66.816
66.761
66.707
66.823
66.768
66.713
66.659
66.775
66.72
66.665
66.782
66.727
66.672
66.789
66.734
66.679
66.796
66.741
66.686
66.803
66.748
66.693
66.809
66.755
66.7
66.816
66.761
66.707
66.823
66.768
66.713
66.659
66.775
66.72
66.665
66.782
66.727
66.672
66.789
66.734
66.679
66.796
66.741
66.686
66.803
66.748
66.693
66.809
66.755
66.7
66.816
66.761
66.707
66.823
66.768
66.713
66.659
66.775
66.72
66.665
66.782
66.727
66.672
66.789
66.734
66.679
66.796
66.741
66.686
66.803
66.748
66.693
66.809
66.755
66.7
66.816
66.761
66.707
66.823
66.768
66.713
66.659
66.775
66.72
66.665
66.782
66.727
66.672
66.789
66.734
66.679
66.796
66.741
66.686
66.803
66.748
66.693
66.809
66.755
66.7
66.816
66.761
66.707
66.823
66.768
66.713
66.659
66.775
66.72
66.665
66.782
66.727
66.672
66.789
66.734
66.679
66.796
66.741
66.686
66.803
66.748
66.693
66.809
66.755
66.7
66.816
66.761
66.706
66.823
66.768
66.713
66.658
66.775
66.72
66.665
66.782
66.727
66.672
66.789
66.734
66.679
66.796
66.741
66.686
66.802
66.748
66.693
66.809
66.754
66.7
66.816
66.761
66.706
66.823
66.768
66.713
66.658
66.775
66.72
66.665
66.782
66.727
66.672
66.789
66.734
66.679
66.796
66.741
66.686
66.802
66.748
66.693
66.809
66.754
66.7
66.816
66.761
66.706
66.823
66.768
66.713
66.658
66.775
66.72
66.665
66.782
66.727
66.672
66.789
66.734
66.679
66.796
66.741
66.686
66.802
66.748
66.693
66.809
66.754
66.7
66.816
66.761
66.706
66.823
66.768
66.713
66.658
66.775
66.72
66.665
66.782
66.727
66.672
66.789
66.734
66.679
66.796
66.741
66.686
66.802
66.748
66.693
66.809
66.754
66.7
66.816
66.761
66.706
66.823
66.768
66.713
66.658
66.775
66.72
66.665
66.782
66.727
66.672
66.789
66.734
66.679
66.796
66.741
66.686
66.802
66.748
66.693
66.809
66.754
66.7
66.816
66.761
66.706
66.823
66.768
66.713
66.658
66.775
66.72
66.665
66.782
66.727
66.672
66.789
66.734
66.679
66.796
66.741
66.686
66.802
66.748
66.693
66.809
66.754
66.7
66.816
66.761
66.706
66.823
66.768
66.713
66.658
66.775
66.72
66.665
66.782
66.727
66.672
66.789
66.734
66.679
66.796
66.741
66.686
66.802
66.748
66.693
66.809
66.754
66.7
66.816
66.761
66.706
66.823
66.768
66.713
66.658
66.775
66.72
66.665
66.782
66.727
66.672
66.789
66.734
66.679
66.796
66.741
66.686
66.802
66.748
66.693
66.809
66.754
66.699
66.816
66.761
66.706
66.823
66.768
66.713
66.658
66.775
66.72
66.665
66.782
66.727
66.672
66.789
66.734
66.679
66.795
66.741
66.686
66.802
66.747
66.693
66.809
66.754
66.699
66.816
66.761
66.706
66.823
66.768
66.713
66.658
66.775
66.72
66.665
66.782
66.727
66.672
66.789
66.734
66.679
66.795
66.741
66.686
66.802
66.747
66.693
66.809
66.754
66.699
66.816
66.761
66.706
66.823
66.768
66.713
66.658
66.775
66.72
66.665
66.782
66.727
66.672
66.789
66.734
66.679
66.795
66.741
66.686
66.802
66.747
66.693
66.809
66.754
66.699
66.816
66.761
66.706
66.823
66.768
66.713
66.658
66.775
66.72
66.665
66.782
66.727
66.672
66.789
66.734
66.679
66.795
66.741
66.686
66.802
66.747
66.693
66.809
66.754
66.699
66.816
66.761
66.706
66.823
66.768
66.713
66.658
66.775
66.72
66.665
66.782
66.727
66.672
66.789
66.734
66.679
66.795
66.741
66.686
66.802
66.747
66.693
66.809
66.754
66.699
66.816
66.761
66.706
66.823
66.768
66.713
66.658
66.775
66.72
66.665
66.782
66.727
66.672
66.789
66.734
66.679
66.795
66.741
66.686
66.802
66.747
66.693
66.809
66.754
66.699
66.816
66.761
66.706
66.823
66.768
66.713
66.658
66.775
66.72
66.665
66.782
66.727
66.672
66.789
66.734
66.679
66.795
66.741
66.686
66.802
66.747
66.693
66.809
66.754
66.699
66.816
66.761
66.706
66.823
66.768
66.713
66.658
66.775
66.72
66.665
66.782
66.727
66.672
66.789
66.734
66.679
66.795
66.741
66.686
66.802
66.747
66.692
66.809
66.754
66.699
66.816
66.761
66.706
66.823
66.768
66.713
66.658
66.775
66.72
66.665
66.782
66.727
66.672
66.788
66.734
66.679
66.795
66.74
66.686
66.802
66.747
66.692
66.809
66.754
66.699
66.816
66.761
66.706
66.823
66.768
66.713
66.658
66.775
66.72
66.665
66.782
66.727
66.672
66.788
66.734
66.679
66.795
66.74
66.686
66.802
66.747
66.692
66.809
66.754
66.699
66.816
66.761
66.706
66.823
66.768
66.713
66.658
66.775
66.72
66.665
66.782
66.727
66.672
66.788
66.734
66.679
66.795
66.74
66.686
66.802
66.747
66.692
66.809
66.754
66.699
66.816
66.761
66.706
66.823
66.768
66.713
66.658
66.775
66.72
66.665
66.782
66.727
66.672
66.788
66.734
66.679
66.795
66.74
66.686
66.802
66.747
66.692
66.809
66.754
66.699
66.816
66.761
66.706
66.823
66.768
66.713
66.658
66.775
66.72
66.665
66.782
66.727
66.672
66.788
66.734
66.679
66.795
66.74
66.686
66.802
66.747
66.692
66.809
66.754
66.699
66.816
66.761
66.706
66.823
66.768
66.713
66.658
66.775
66.72
66.665
66.782
66.727
66.672
66.788
66.734
66.679
66.795
66.74
66.686
66.802
66.747
66.692
66.809
66.754
66.699
66.816
66.761
66.706
66.823
66.768
66.713
66.658
66.775
66.72
66.665
66.782
66.727
66.672
66.788
66.734
66.679
66.795
66.74
66.686
66.802
66.747
66.692
66.809
66.754
66.699
66.816
66.761
66.706
66.823
66.768
66.713
66.658
66.775
66.72
66.665
66.782
66.727
66.672
66.788
66.734
66.679
66.795
66.74
66.686
66.802
66.747
66.692
66.809
66.754
66.699
66.816
66.761
66.706
66.823
66.768
66.713
66.658
66.775
66.72
66.665
66.781
66.727
66.672
66.788
66.733
66.679
66.795
66.74
66.685
66.802
66.747
66.692
66.809
66.754
66.699
66.816
66.761
66.706
66.823
66.768
66.713
66.658
66.775
66.72
66.665
66.781
66.727
66.672
66.788
66.733
66.679
66.795
66.74
66.685
66.802
66.747
66.692
66.809
66.754
66.699
66.816
66.761
66.706
66.823
66.768
66.713
66.658
66.775
66.72
66.665
66.781
66.727
66.672
66.788
66.733
66.679
66.795
66.74
66.685
66.802
66.747
66.692
66.809
66.754
66.699
66.816
66.761
66.706
66.823
66.768
66.713
66.658
66.775
66.72
66.665
66.781
66.727
66.672
66.788
66.733
66.679
66.795
66.74
66.685
66.802
66.747
66.692
66.809
66.754
66.699
66.816
66.761
66.706
66.823
66.768
66.713
66.658
66.775
66.72
66.665
66.781
66.727
66.672
66.788
66.733
66.679
66.795
66.74
66.685
66.802
66.747
66.692
66.809
66.754
66.699
66.816
66.761
66.706
66.823
66.768
66.713
66.658
66.775
66.72
66.665
66.781
66.727
66.672
66.788
66.733
66.679
66.795
66.74
66.685
66.802
66.747
66.692
66.809
66.754
66.699
66.816
66.761
66.706
66.823
66.768
66.713
66.658
66.775
66.72
66.665
66.781
66.727
66.672
66.788
66.733
66.679
66.795
66.74
66.685
66.802
66.747
66.692
66.809
66.754
66.699
66.816
66.761
66.706
66.823
66.768
66.713
66.658
66.775
66.72
66.665
66.781
66.727
66.672
66.788
66.733
66.679
66.795
66.74
66.685
66.802
66.747
66.692
66.809
66.754
66.699
66.816
66.761
66.706
66.822
66.768
66.713
66.658
66.774
66.72
66.665
66.781
66.726
66.672
66.788
66.733
66.678
66.795
66.74
66.685
66.802
66.747
66.692
66.809
66.754
66.699
66.816
66.761
66.706
66.822
66.768
66.713
66.658
66.774
66.72
66.665
66.781
66.726
66.672
66.788
66.733
66.678
66.795
66.74
66.685
66.802
66.747
66.692
66.809
66.754
66.699
66.816
66.761
66.706
66.822
66.768
66.713
66.658
66.774
66.72
66.665
66.781
66.726
66.672
66.788
66.733
66.678
66.795
66.74
66.685
66.802
66.747
66.692
66.809
66.754
66.699
66.816
66.761
66.706
66.822
66.768
66.713
66.658
66.774
66.72
66.665
66.781
66.726
66.672
66.788
66.733
66.678
66.795
66.74
66.685
66.802
66.747
66.692
66.809
66.754
66.699
66.816
66.761
66.706
66.822
66.768
66.713
66.658
66.774
66.72
66.665
66.781
66.726
66.672
66.788
66.733
66.678
66.795
66.74
66.685
66.802
66.747
66.692
66.809
66.754
66.699
66.816
66.761
66.706
66.822
66.768
66.713
66.658
66.774
66.72
66.665
66.781
66.726
66.672
66.788
66.733
66.678
66.795
66.74
66.685
66.802
66.747
66.692
66.809
66.754
66.699
66.816
66.761
66.706
66.822
66.768
66.713
66.658
66.774
66.72
66.665
66.781
66.726
66.672
66.788
66.733
66.678
66.795
66.74
66.685
66.802
66.747
66.692
66.809
66.754
66.699
66.816
66.761
66.706
66.822
66.768
66.713
66.658
66.774
66.72
66.665
66.781
66.726
66.672
66.788
66.733
66.678
66.795
66.74
66.685
66.802
66.747
66.692
66.809
66.754
66.699
66.815
66.761
66.706
66.822
66.767
66.713
66.658
66.774
66.719
66.665
66.781
66.726
66.671
66.788
66.733
66.678
66.795
66.74
66.685
66.802
66.747
66.692
66.809
66.754
66.699
66.815
66.761
66.706
66.822
66.767
66.713
66.658
66.774
66.719
66.665
66.781
66.726
66.671
66.788
66.733
66.678
66.795
66.74
66.685
66.802
66.747
66.692
66.809
66.754
66.699
66.815
66.761
66.706
66.822
66.767
66.713
66.658
66.774
66.719
66.665
66.781
66.726
66.671
66.788
66.733
66.678
66.795
66.74
66.685
66.802
66.747
66.692
66.809
66.754
66.699
66.815
66.761
66.706
66.822
66.767
66.713
66.658
66.774
66.719
66.665
66.781
66.726
66.671
66.788
66.733
66.678
66.795
66.74
66.685
66.802
66.747
66.692
66.809
66.754
66.699
66.815
66.761
66.706
66.822
66.767
66.713
66.658
66.774
66.719
66.665
66.781
66.726
66.671
66.788
66.733
66.678
66.795
66.74
66.685
66.802
66.747
66.692
66.809
66.754
66.699
66.815
66.761
66.706
66.822
66.767
66.713
66.658
66.774
66.719
66.665
66.781
66.726
66.671
66.788
66.733
66.678
66.795
66.74
66.685
66.802
66.747
66.692
66.809
66.754
66.699
66.815
66.761
66.706
66.822
66.767
66.713
66.658
66.774
66.719
66.665
66.781
66.726
66.671
66.788
66.733
66.678
66.795
66.74
66.685
66.802
66.747
66.692
66.809
66.754
66.699
66.815
66.761
66.706
66.822
66.767
66.713
66.658
66.774
66.719
66.665
66.781
66.726
66.671
66.788
66.733
66.678
66.795
66.74
66.685
66.802
66.747
66.692
66.808
66.754
66.699
66.815
66.76
66.706
66.822
66.767
66.712
66.658
66.774
66.719
66.664
66.781
66.726
66.671
66.788
66.733
66.678
66.795
66.74
66.685
66.802
66.747
66.692
66.808
66.754
66.699
66.815
66.76
66.706
66.822
66.767
66.712
66.658
66.774
66.719
66.664
66.781
66.726
66.671
66.788
66.733
66.678
66.795
66.74
66.685
66.802
66.747
66.692
66.808
66.754
66.699
66.815
66.76
66.706
66.822
66.767
66.712
66.658
66.774
66.719
66.664
66.781
66.726
66.671
66.788
66.733
66.678
66.795
66.74
66.685
66.802
66.747
66.692
66.808
66.754
66.699
66.815
66.76
66.706
66.822
66.767
66.712
66.658
66.774
66.719
66.664
66.781
66.726
66.671
66.788
66.733
66.678
66.795
66.74
66.685
66.802
66.747
66.692
66.808
66.754
66.699
66.815
66.76
66.706
66.822
66.767
66.712
66.658
66.774
66.719
66.664
66.781
66.726
66.671
66.788
66.733
66.678
66.795
66.74
66.685
66.802
66.747
66.692
66.808
66.754
66.699
66.815
66.76
66.706
66.822
66.767
66.712
66.658
66.774
66.719
66.664
66.781
66.726
66.671
66.788
66.733
66.678
66.795
66.74
66.685
66.802
66.747
66.692
66.808
66.754
66.699
66.815
66.76
66.706
66.822
66.767
66.712
66.658
66.774
66.719
66.664
66.781
66.726
66.671
66.788
66.733
66.678
66.795
66.74
66.685
66.802
66.747
66.692
66.808
66.754
66.699
66.815
66.76
66.706
66.822
66.767
66.712
66.658
66.774
66.719
66.664
66.781
66.726
66.671
66.788
66.733
66.678
66.795
66.74
66.685
66.801
66.747
66.692
66.808
66.753
66.699
66.815
66.76
66.705
66.822
66.767
66.712
66.657
66.774
66.719
66.664
66.781
66.726
66.671
66.788
66.733
66.678
66.795
66.74
66.685
66.801
66.747
66.692
66.808
66.753
66.699
66.815
66.76
66.705
66.822
66.767
66.712
66.657
66.774
66.719
66.664
66.781
66.726
66.671
66.788
66.733
66.678
66.795
66.74
66.685
66.801
66.747
66.692
66.808
66.753
66.699
66.815
66.76
66.705
66.822
66.767
66.712
66.657
66.774
66.719
66.664
66.781
66.726
66.671
66.788
66.733
66.678
66.795
66.74
66.685
66.801
66.747
66.692
66.808
66.753
66.699
66.815
66.76
66.705
66.822
66.767
66.712
66.657
66.774
66.719
66.664
66.781
66.726
66.671
66.788
66.733
66.678
66.795
66.74
66.685
66.801
66.747
66.692
66.808
66.753
66.699
66.815
66.76
66.705
66.822
66.767
66.712
66.657
66.774
66.719
66.664
66.781
66.726
66.671
66.788
66.733
66.678
66.795
66.74
66.685
66.801
66.747
66.692
66.808
66.753
66.699
66.815
66.76
66.705
66.822
66.767
66.712
66.657
66.774
66.719
66.664
66.781
66.726
66.671
66.788
66.733
66.678
66.795
66.74
66.685
66.801
66.747
66.692
66.808
66.753
66.699
66.815
66.76
66.705
66.822
66.767
66.712
66.657
66.774
66.719
66.664
66.781
66.726
66.671
66.788
66.733
66.678
66.795
66.74
66.685
66.801
66.747
66.692
66.808
66.753
66.699
66.815
66.76
66.705
66.822
66.767
66.712
66.657
66.774
66.719
66.664
66.781
66.726
66.671
66.788
66.733
66.678
66.794
66.74
66.685
66.801
66.746
66.692
66.808
66.753
66.698
66.815
66.76
66.705
66.822
66.767
66.712
66.657
66.774
66.719
66.664
66.781
66.726
66.671
66.788
66.733
66.678
66.794
66.74
66.685
66.801
66.746
66.692
66.808
66.753
66.698
66.815
66.76
66.705
66.822
66.767
66.712
66.657
66.774
66.719
66.664
66.781
66.726
66.671
66.788
66.733
66.678
66.794
66.74
66.685
66.801
66.746
66.692
66.808
66.753
66.698
66.815
66.76
66.705
66.822
66.767
66.712
66.657
66.774
66.719
66.664
66.781
66.726
66.671
66.788
66.733
66.678
66.794
66.74
66.685
66.801
66.746
66.692
66.808
66.753
66.698
66.815
66.76
66.705
66.822
66.767
66.712
66.657
66.774
66.719
66.664
66.781
66.726
66.671
66.788
66.733
66.678
66.794
66.74
66.685
66.801
66.746
66.692
66.808
66.753
66.698
66.815
66.76
66.705
66.822
66.767
66.712
66.657
66.774
66.719
66.664
66.781
66.726
66.671
66.788
66.733
66.678
66.794
66.74
66.685
66.801
66.746
66.692
66.808
66.753
66.698
66.815
66.76
66.705
66.822
66.767
66.712
66.657
66.774
66.719
66.664
66.781
66.726
66.671
66.788
66.733
66.678
66.794
66.74
66.685
66.801
66.746
66.692
66.808
66.753
66.698
66.815
66.76
66.705
66.822
66.767
66.712
66.657
66.774
66.719
66.664
66.781
66.726
66.671
66.788
66.733
66.678
66.794
66.74
66.685
66.801
66.746
66.692
66.808
66.753
66.698
66.815
66.76
66.705
66.822
66.767
66.712
66.657
66.774
66.719
66.664
66.781
66.726
66.671
66.787
66.733
66.678
66.794
66.739
66.685
66.801
66.746
66.691
66.808
66.753
66.698
66.815
66.76
66.705
66.822
66.767
66.712
66.657
66.774
66.719
66.664
66.781
66.726
66.671
66.787
66.733
66.678
66.794
66.739
66.685
66.801
66.746
66.691
66.808
66.753
66.698
66.815
66.76
66.705
66.822
66.767
66.712
66.657
66.774
66.719
66.664
66.781
66.726
66.671
66.787
66.733
66.678
66.794
66.739
66.685
66.801
66.746
66.691
66.808
66.753
66.698
66.815
66.76
66.705
66.822
66.767
66.712
66.657
66.774
66.719
66.664
66.781
66.726
66.671
66.787
66.733
66.678
66.794
66.739
66.685
66.801
66.746
66.691
66.808
66.753
66.698
66.815
66.76
66.705
66.822
66.767
66.712
66.657
66.774
66.719
66.664
66.781
66.726
66.671
66.787
66.733
66.678
66.794
66.739
66.685
66.801
66.746
66.691
66.808
66.753
66.698
66.815
66.76
66.705
66.822
66.767
66.712
66.657
66.774
66.719
66.664
66.781
66.726
66.671
66.787
66.733
66.678
66.794
66.739
66.685
66.801
66.746
66.691
66.808
66.753
66.698
66.815
66.76
66.705
66.822
66.767
66.712
66.657
66.774
66.719
66.664
66.781
66.726
66.671
66.787
66.733
66.678
66.794
66.739
66.685
66.801
66.746
66.691
66.808
66.753
66.698
66.815
66.76
66.705
66.822
66.767
66.712
66.657
66.774
66.719
66.664
66.781
66.726
66.671
66.787
66.733
66.678
66.794
66.739
66.685
66.801
66.746
66.691
66.808
66.753
66.698
66.815
66.76
66.705
66.822
66.767
66.712
66.657
66.774
66.719
66.664
66.78
66.726
66.671
66.787
66.732
66.678
66.794
66.739
66.684
66.801
66.746
66.691
66.808
66.753
66.698
66.815
66.76
66.705
66.822
66.767
66.712
66.657
66.774
66.719
66.664
66.78
66.726
66.671
66.787
66.732
66.678
66.794
66.739
66.684
66.801
66.746
66.691
66.808
66.753
66.698
66.815
66.76
66.705
66.822
66.767
66.712
66.657
66.774
66.719
66.664
66.78
66.726
66.671
66.787
66.732
66.678
66.794
66.739
66.684
66.801
66.746
66.691
66.808
66.753
66.698
66.815
66.76
66.705
66.822
66.767
66.712
66.657
66.774
66.719
66.664
66.78
66.726
66.671
66.787
66.732
66.678
66.794
66.739
66.684
66.801
66.746
66.691
66.808
66.753
66.698
66.815
66.76
66.705
66.822
66.767
66.712
66.657
66.774
66.719
66.664
66.78
66.726
66.671
66.787
66.732
66.678
66.794
66.739
66.684
66.801
66.746
66.691
66.808
66.753
66.698
66.815
66.76
66.705
66.822
66.767
66.712
66.657
66.774
66.719
66.664
66.78
66.726
66.671
66.787
66.732
66.678
66.794
66.739
66.684
66.801
66.746
66.691
66.808
66.753
66.698
66.815
66.76
66.705
66.822
66.767
66.712
66.657
66.774
66.719
66.664
66.78
66.726
66.671
66.787
66.732
66.678
66.794
66.739
66.684
66.801
66.746
66.691
66.808
66.753
66.698
66.815
66.76
66.705
66.822
66.767
66.712
66.657
66.774
66.719
66.664
66.78
66.726
66.671
66.787
66.732
66.678
66.794
66.739
66.684
66.801
66.746
66.691
66.808
66.753
66.698
66.815
66.76
66.705
66.822
66.767
66.712
66.657
66.773
66.719
66.664
66.78
66.725
66.671
66.787
66.732
66.677
66.794
66.739
66.684
66.801
66.746
66.691
66.808
66.753
66.698
66.815
66.76
66.705
66.821
66.767
66.712
66.657
66.773
66.719
66.664
66.78
66.725
66.671
66.787
66.732
66.677
66.794
66.739
66.684
66.801
66.746
66.691
66.808
66.753
66.698
66.815
66.76
66.705
66.821
66.767
66.712
66.657
66.773
66.719
66.664
66.78
66.725
66.671
66.787
66.732
66.677
66.794
66.739
66.684
66.801
66.746
66.691
66.808
66.753
66.698
66.815
66.76
66.705
66.821
66.767
66.712
66.657
66.773
66.719
66.664
66.78
66.725
66.671
66.787
66.732
66.677
66.794
66.739
66.684
66.801
66.746
66.691
66.808
66.753
66.698
66.815
66.76
66.705
66.821
66.767
66.712
66.657
66.773
66.719
66.664
66.78
66.725
66.671
66.787
66.732
66.677
66.794
66.739
66.684
66.801
66.746
66.691
66.808
66.753
66.698
66.815
66.76
66.705
66.821
66.767
66.712
66.657
66.773
66.719
66.664
66.78
66.725
66.671
66.787
66.732
66.677
66.794
66.739
66.684
66.801
66.746
66.691
66.808
66.753
66.698
66.815
66.76
66.705
66.821
66.767
66.712
66.657
66.773
66.719
66.664
66.78
66.725
66.671
66.787
66.732
66.677
66.794
66.739
66.684
66.801
66.746
66.691
66.808
66.753
66.698
66.815
66.76
66.705
66.821
66.767
66.712
66.657
66.773
66.719
66.664
66.78
66.725
66.671
66.787
66.732
66.677
66.794
66.739
66.684
66.801
66.746
66.691
66.808
66.753
66.698
66.815
66.76
66.705
66.821
66.767
66.712
66.657
66.773
66.718
66.664
66.78
66.725
66.67
66.787
66.732
66.677
66.794
66.739
66.684
66.801
66.746
66.691
66.808
66.753
66.698
66.814
66.76
66.705
66.821
66.766
66.712
66.657
66.773
66.718
66.664
66.78
66.725
66.67
66.787
66.732
66.677
66.794
66.739
66.684
66.801
66.746
66.691
66.808
66.753
66.698
66.814
66.76
66.705
66.821
66.766
66.712
66.657
66.773
66.718
66.664
66.78
66.725
66.67
66.787
66.732
66.677
66.794
66.739
66.684
66.801
66.746
66.691
66.808
66.753
66.698
66.814
66.76
66.705
66.821
66.766
66.712
66.657
66.773
66.718
66.664
66.78
66.725
66.67
66.787
66.732
66.677
66.794
66.739
66.684
66.801
66.746
66.691
66.808
66.753
66.698
66.814
66.76
66.705
66.821
66.766
66.712
66.657
66.773
66.718
66.664
66.78
66.725
66.67
66.787
66.732
66.677
66.794
66.739
66.684
66.801
66.746
66.691
66.808
66.753
66.698
66.814
66.76
66.705
66.821
66.766
66.712
66.657
66.773
66.718
66.664
66.78
66.725
66.67
66.787
66.732
66.677
66.794
66.739
66.684
66.801
66.746
66.691
66.808
66.753
66.698
66.814
66.76
66.705
66.821
66.766
66.712
66.657
66.773
66.718
66.664
66.78
66.725
66.67
66.787
66.732
66.677
66.794
66.739
66.684
66.801
66.746
66.691
66.808
66.753
66.698
66.814
66.76
66.705
66.821
66.766
66.712
66.657
66.773
66.718
66.664
66.78
66.725
66.67
66.787
66.732
66.677
66.794
66.739
66.684
66.801
66.746
66.691
66.808
66.753
66.698
66.814
66.76
66.705
66.821
66.766
66.711
66.657
66.773
66.718
66.663
66.78
66.725
66.67
66.787
66.732
66.677
66.794
66.739
66.684
66.801
66.746
66.691
66.807
66.753
66.698
66.814
66.759
66.705
66.821
66.766
66.711
66.657
66.773
66.718
66.663
66.78
66.725
66.67
66.787
66.732
66.677
66.794
66.739
66.684
66.801
66.746
66.691
66.807
66.753
66.698
66.814
66.759
66.705
66.821
66.766
66.711
66.657
66.773
66.718
66.663
66.78
66.725
66.67
66.787
66.732
66.677
66.794
66.739
66.684
66.801
66.746
66.691
66.807
66.753
66.698
66.814
66.759
66.705
66.821
66.766
66.711
66.657
66.773
66.718
66.663
66.78
66.725
66.67
66.787
66.732
66.677
66.794
66.739
66.684
66.801
66.746
66.691
66.807
66.753
66.698
66.814
66.759
66.705
66.821
66.766
66.711
66.657
66.773
66.718
66.663
66.78
66.725
66.67
66.787
66.732
66.677
66.794
66.739
66.684
66.801
66.746
66.691
66.807
66.753
66.698
66.814
66.759
66.705
66.821
66.766
66.711
66.657
66.773
66.718
66.663
66.78
66.725
66.67
66.787
66.732
66.677
66.794
66.739
66.684
66.801
66.746
66.691
66.807
66.753
66.698
66.814
66.759
66.705
66.821
66.766
66.711
66.657
66.773
66.718
66.663
66.78
66.725
66.67
66.787
66.732
66.677
66.794
66.739
66.684
66.801
66.746
66.691
66.807
66.753
66.698
66.814
66.759
66.705
66.821
66.766
66.711
66.657
66.773
66.718
66.663
66.78
66.725
66.67
66.787
66.732
66.677
66.794
66.739
66.684
66.801
66.746
66.691
66.807
66.753
66.698
66.814
66.759
66.704
66.821
66.766
66.711
66.656
66.773
66.718
66.663
66.78
66.725
66.67
66.787
66.732
66.677
66.794
66.739
66.684
66.8
66.746
66.691
66.807
66.752
66.698
66.814
66.759
66.704
66.821
66.766
66.711
66.656
66.773
66.718
66.663
66.78
66.725
66.67
66.787
66.732
66.677
66.794
66.739
66.684
66.8
66.746
66.691
66.807
66.752
66.698
66.814
66.759
66.704
66.821
66.766
66.711
66.656
66.773
66.718
66.663
66.78
66.725
66.67
66.787
66.732
66.677
66.794
66.739
66.684
66.8
66.746
66.691
66.807
66.752
66.698
66.814
66.759
66.704
66.821
66.766
66.711
66.656
66.773
66.718
66.663
66.78
66.725
66.67
66.787
66.732
66.677
66.794
66.739
66.684
66.8
66.746
66.691
66.807
66.752
66.698
66.814
66.759
66.704
66.821
66.766
66.711
66.656
66.773
66.718
66.663
66.78
66.725
66.67
66.787
66.732
66.677
66.794
66.739
66.684
66.8
66.746
66.691
66.807
66.752
66.698
66.814
66.759
66.704
66.821
66.766
66.711
66.656
66.773
66.718
66.663
66.78
66.725
66.67
66.787
66.732
66.677
66.794
66.739
66.684
66.8
66.746
66.691
66.807
66.752
66.698
66.814
66.759
66.704
66.821
66.766
66.711
66.656
66.773
66.718
66.663
66.78
66.725
66.67
66.787
66.732
66.677
66.794
66.739
66.684
66.8
66.746
66.691
66.807
66.752
66.698
66.814
66.759
66.704
66.821
66.766
66.711
66.656
66.773
66.718
66.663
66.78
66.725
66.67
66.787
66.732
66.677
66.794
66.739
66.684
66.8
66.746
66.691
66.807
66.752
66.698
66.814
66.759
66.704
66.821
66.766
66.711
66.656
66.773
66.718
66.663
66.78
66.725
66.67
66.787
66.732
66.677
66.793
66.739
66.684
66.8
66.745
66.691
66.807
66.752
66.697
66.814
66.759
66.704
66.821
66.766
66.711
66.656
66.773
66.718
66.663
66.78
66.725
66.67
66.787
66.732
66.677
66.793
66.739
66.684
66.8
66.745
66.691
66.807
66.752
66.697
66.814
66.759
66.704
66.821
66.766
66.711
66.656
66.773
66.718
66.663
66.78
66.725
66.67
66.787
66.732
66.677
66.793
66.739
66.684
66.8
66.745
66.691
66.807
66.752
66.697
66.814
66.759
66.704
66.821
66.766
66.711
66.656
66.773
66.718
66.663
66.78
66.725
66.67
66.787
66.732
66.677
66.793
66.739
66.684
66.8
66.745
66.691
66.807
66.752
66.697
66.814
66.759
66.704
66.821
66.766
66.711
66.656
66.773
66.718
66.663
66.78
66.725
66.67
66.787
66.732
66.677
66.793
66.739
66.684
66.8
66.745
66.691
66.807
66.752
66.697
66.814
66.759
66.704
66.821
66.766
66.711
66.656
66.773
66.718
66.663
66.78
66.725
66.67
66.787
66.732
66.677
66.793
66.739
66.684
66.8
66.745
66.691
66.807
66.752
66.697
66.814
66.759
66.704
66.821
66.766
66.711
66.656
66.773
66.718
66.663
66.78
66.725
66.67
66.787
66.732
66.677
66.793
66.739
66.684
66.8
66.745
66.691
66.807
66.752
66.697
66.814
66.759
66.704
66.821
66.766
66.711
66.656
66.773
66.718
66.663
66.78
66.725
66.67
66.787
66.732
66.677
66.793
66.739
66.684
66.8
66.745
66.691
66.807
66.752
66.697
66.814
66.759
66.704
66.821
66.766
66.711
66.656
66.773
66.718
66.663
66.78
66.725
66.67
66.786
66.732
66.677
66.793
66.738
66.684
66.8
66.745
66.69
66.807
66.752
66.697
66.814
66.759
66.704
66.821
66.766
66.711
66.656
66.773
66.718
66.663
66.78
66.725
66.67
66.786
66.732
66.677
66.793
66.738
66.684
66.8
66.745
66.69
66.807
66.752
66.697
66.814
66.759
66.704
66.821
66.766
66.711
66.656
66.773
66.718
66.663
66.78
66.725
66.67
66.786
66.732
66.677
66.793
66.738
66.684
66.8
66.745
66.69
66.807
66.752
66.697
66.814
66.759
66.704
66.821
66.766
66.711
66.656
66.773
66.718
66.663
66.78
66.725
66.67
66.786
66.732
66.677
66.793
66.738
66.684
66.8
66.745
66.69
66.807
66.752
66.697
66.814
66.759
66.704
66.821
66.766
66.711
66.656
66.773
66.718
66.663
66.78
66.725
66.67
66.786
66.732
66.677
66.793
66.738
66.684
66.8
66.745
66.69
66.807
66.752
66.697
66.814
66.759
66.704
66.821
66.766
66.711
66.656
66.773
66.718
66.663
66.78
66.725
66.67
66.786
66.732
66.677
66.793
66.738
66.684
66.8
66.745
66.69
66.807
66.752
66.697
66.814
66.759
66.704
66.821
66.766
66.711
66.656
66.773
66.718
66.663
66.78
66.725
66.67
66.786
66.732
66.677
66.793
66.738
66.684
66.8
66.745
66.69
66.807
66.752
66.697
66.814
66.759
66.704
66.821
66.766
66.711
66.656
66.773
66.718
66.663
66.78
66.725
66.67
66.786
66.732
66.677
66.793
66.738
66.684
66.8
66.745
66.69
66.807
66.752
66.697
66.814
66.759
66.704
66.821
66.766
66.711
66.656
66.773
66.718
66.663
66.779
66.725
66.67
66.786
66.731
66.677
66.793
66.738
66.683
66.8
66.745
66.69
66.807
66.752
66.697
66.814
66.759
66.704
66.821
66.766
66.711
66.656
66.773
66.718
66.663
66.779
66.725
66.67
66.786
66.731
66.677
66.793
66.738
66.683
66.8
66.745
66.69
66.807
66.752
66.697
66.814
66.759
66.704
66.821
66.766
66.711
66.656
66.773
66.718
66.663
66.779
66.725
66.67
66.786
66.731
66.677
66.793
66.738
66.683
66.8
66.745
66.69
66.807
66.752
66.697
66.814
66.759
66.704
66.821
66.766
66.711
66.656
66.773
66.718
66.663
66.779
66.725
66.67
66.786
66.731
66.677
66.793
66.738
66.683
66.8
66.745
66.69
66.807
66.752
66.697
66.814
66.759
66.704
66.821
66.766
66.711
66.656
66.773
66.718
66.663
66.779
66.725
66.67
66.786
66.731
66.677
66.793
66.738
66.683
66.8
66.745
66.69
66.807
66.752
66.697
66.814
66.759
66.704
66.821
66.766
66.711
66.656
66.773
66.718
66.663
66.779
66.725
66.67
66.786
66.731
66.677
66.793
66.738
66.683
66.8
66.745
66.69
66.807
66.752
66.697
66.814
66.759
66.704
66.821
66.766
66.711
66.656
66.773
66.718
66.663
66.779
66.725
66.67
66.786
66.731
66.677
66.793
66.738
66.683
66.8
66.745
66.69
66.807
66.752
66.697
66.814
66.759
66.704
66.821
66.766
66.711
66.656
66.773
66.718
66.663
66.779
66.725
66.67
66.786
66.731
66.677
66.793
66.738
66.683
66.8
66.745
66.69
66.807
66.752
66.697
66.814
66.759
66.704
66.82
66.766
66.711
66.656
66.772
66.718
66.663
66.779
66.724
66.67
66.786
66.731
66.676
66.793
66.738
66.683
66.8
66.745
66.69
66.807
66.752
66.697
66.814
66.759
66.704
66.82
66.766
66.711
66.656
66.772
66.718
66.663
66.779
66.724
66.67
66.786
66.731
66.676
66.793
66.738
66.683
66.8
66.745
66.69
66.807
66.752
66.697
66.814
66.759
66.704
66.82
66.766
66.711
66.656
66.772
66.718
66.663
66.779
66.724
66.67
66.786
66.731
66.676
66.793
66.738
66.683
66.8
66.745
66.69
66.807
66.752
66.697
66.814
66.759
66.704
66.82
66.766
66.711
66.656
66.772
66.718
66.663
66.779
66.724
66.67
66.786
66.731
66.676
66.793
66.738
66.683
66.8
66.745
66.69
66.807
66.752
66.697
66.814
66.759
66.704
66.82
66.766
66.711
66.656
66.772
66.718
66.663
66.779
66.724
66.67
66.786
66.731
66.676
66.793
66.738
66.683
66.8
66.745
66.69
66.807
66.752
66.697
66.814
66.759
66.704
66.82
66.766
66.711
66.656
66.772
66.718
66.663
66.779
66.724
66.67
66.786
66.731
66.676
66.793
66.738
66.683
66.8
66.745
66.69
66.807
66.752
66.697
66.814
66.759
66.704
66.82
66.766
66.711
66.656
66.772
66.718
66.663
66.779
66.724
66.67
66.786
66.731
66.676
66.793
66.738
66.683
66.8
66.745
66.69
66.807
66.752
66.697
66.814
66.759
66.704
66.82
66.766
66.711
66.656
66.772
66.718
66.663
66.779
66.724
66.67
66.786
66.731
66.676
66.793
66.738
66.683
66.8
66.745
66.69
66.807
66.752
66.697
66.813
66.759
66.704
66.82
66.765
66.711
66.656
66.772
66.717
66.663
66.779
66.724
66.669
66.786
66.731
66.676
66.793
66.738
66.683
66.8
66.745
66.69
66.807
66.752
66.697
66.813
66.759
66.704
66.82
66.765
66.711
66.656
66.772
66.717
66.663
66.779
66.724
66.669
66.786
66.731
66.676
66.793
66.738
66.683
66.8
66.745
66.69
66.807
66.752
66.697
66.813
66.759
66.704
66.82
66.765
66.711
66.656
66.772
66.717
66.663
66.779
66.724
66.669
66.786
66.731
66.676
66.793
66.738
66.683
66.8
66.745
66.69
66.807
66.752
66.697
66.813
66.759
66.704
66.82
66.765
66.711
66.656
66.772
66.717
66.663
66.779
66.724
66.669
66.786
66.731
66.676
66.793
66.738
66.683
66.8
66.745
66.69
66.807
66.752
66.697
66.813
66.759
66.704
66.82
66.765
66.711
66.656
66.772
66.717
66.663
66.779
66.724
66.669
66.786
66.731
66.676
66.793
66.738
66.683
66.8
66.745
66.69
66.807
66.752
66.697
66.813
66.759
66.704
66.82
66.765
66.711
66.656
66.772
66.717
66.663
66.779
66.724
66.669
66.786
66.731
66.676
66.793
66.738
66.683
66.8
66.745
66.69
66.807
66.752
66.697
66.813
66.759
66.704
66.82
66.765
66.711
66.656
66.772
66.717
66.663
66.779
66.724
66.669
66.786
66.731
66.676
66.793
66.738
66.683
66.8
66.745
66.69
66.807
66.752
66.697
66.813
66.759
66.704
66.82
66.765
66.711
66.656
66.772
66.717
66.663
66.779
66.724
66.669
66.786
66.731
66.676
66.793
66.738
66.683
66.8
66.745
66.69
66.806
66.752
66.697
66.813
66.758
66.704
66.82
66.765
66.71
66.656
66.772
66.717
66.662
66.779
66.724
66.669
66.786
66.731
66.676
66.793
66.738
66.683
66.8
66.745
66.69
66.806
66.752
66.697
66.813
66.758
66.704
66.82
66.765
66.71
66.656
66.772
66.717
66.662
66.779
66.724
66.669
66.786
66.731
66.676
66.793
66.738
66.683
66.8
66.745
66.69
66.806
66.752
66.697
66.813
66.758
66.704
66.82
66.765
66.71
66.656
66.772
66.717
66.662
66.779
66.724
66.669
66.786
66.731
66.676
66.793
66.738
66.683
66.8
66.745
66.69
66.806
66.752
66.697
66.813
66.758
66.704
66.82
66.765
66.71
66.656
66.772
66.717
66.662
66.779
66.724
66.669
66.786
66.731
66.676
66.793
66.738
66.683
66.8
66.745
66.69
66.806
66.752
66.697
66.813
66.758
66.704
66.82
66.765
66.71
66.656
66.772
66.717
66.662
66.779
66.724
66.669
66.786
66.731
66.676
66.793
66.738
66.683
66.8
66.745
66.69
66.806
66.752
66.697
66.813
66.758
66.704
66.82
66.765
66.71
66.656
66.772
66.717
66.662
66.779
66.724
66.669
66.786
66.731
66.676
66.793
66.738
66.683
66.8
66.745
66.69
66.806
66.752
66.697
66.813
66.758
66.704
66.82
66.765
66.71
66.656
66.772
66.717
66.662
66.779
66.724
66.669
66.786
66.731
66.676
66.793
66.738
66.683
66.8
66.745
66.69
66.806
66.752
66.697
66.813
66.758
66.704
66.82
66.765
66.71
66.656
66.772
66.717
66.662
66.779
66.724
66.669
66.786
66.731
66.676
66.793
66.738
66.683
66.799
66.745
66.69
66.806
66.751
66.697
66.813
66.758
66.703
66.82
66.765
66.71
66.655
66.772
66.717
66.662
66.779
66.724
66.669
66.786
66.731
66.676
66.793
66.738
66.683
66.799
66.745
66.69
66.806
66.751
66.697
66.813
66.758
66.703
66.82
66.765
66.71
66.655
66.772
66.717
66.662
66.779
66.724
66.669
66.786
66.731
66.676
66.793
66.738
66.683
66.799
66.745
66.69
66.806
66.751
66.697
66.813
66.758
66.703
66.82
66.765
66.71
66.655
66.772
66.717
66.662
66.779
66.724
66.669
66.786
66.731
66.676
66.793
66.738
66.683
66.799
66.745
66.69
66.806
66.751
66.697
66.813
66.758
66.703
66.82
66.765
66.71
66.655
66.772
66.717
66.662
66.779
66.724
66.669
66.786
66.731
66.676
66.793
66.738
66.683
66.799
66.745
66.69
66.806
66.751
66.697
66.813
66.758
66.703
66.82
66.765
66.71
66.655
66.772
66.717
66.662
66.779
66.724
66.669
66.786
66.731
66.676
66.793
66.738
66.683
66.799
66.745
66.69
66.806
66.751
66.697
66.813
66.758
66.703
66.82
66.765
66.71
66.655
66.772
66.717
66.662
66.779
66.724
66.669
66.786
66.731
66.676
66.793
66.738
66.683
66.799
66.745
66.69
66.806
66.751
66.697
66.813
66.758
66.703
66.82
66.765
66.71
66.655
66.772
66.717
66.662
66.779
66.724
66.669
66.786
66.731
66.676
66.793
66.738
66.683
66.799
66.745
66.69
66.806
66.751
66.697
66.813
66.758
66.703
66.82
66.765
66.71
66.655
66.772
66.717
66.662
66.779
66.724
66.669
66.786
66.731
66.676
66.792
66.738
66.683
66.799
66.744
66.69
66.806
66.751
66.696
66.813
66.758
66.703
66.82
66.765
66.71
66.655
66.772
66.717
66.662
66.779
66.724
66.669
66.786
66.731
66.676
66.792
66.738
66.683
66.799
66.744
66.69
66.806
66.751
66.696
66.813
66.758
66.703
66.82
66.765
66.71
66.655
66.772
66.717
66.662
66.779
66.724
66.669
66.786
66.731
66.676
66.792
66.738
66.683
66.799
66.744
66.69
66.806
66.751
66.696
66.813
66.758
66.703
66.82
66.765
66.71
66.655
66.772
66.717
66.662
66.779
66.724
66.669
66.786
66.731
66.676
66.792
66.738
66.683
66.799
66.744
66.69
66.806
66.751
66.696
66.813
66.758
66.703
66.82
66.765
66.71
66.655
66.772
66.717
66.662
66.779
66.724
66.669
66.786
66.731
66.676
66.792
66.738
66.683
66.799
66.744
66.69
66.806
66.751
66.696
66.813
66.758
66.703
66.82
66.765
66.71
66.655
66.772
66.717
66.662
66.779
66.724
66.669
66.786
66.731
66.676
66.792
66.738
66.683
66.799
66.744
66.69
66.806
66.751
66.696
66.813
66.758
66.703
66.82
66.765
66.71
66.655
66.772
66.717
66.662
66.779
66.724
66.669
66.786
66.731
66.676
66.792
66.738
66.683
66.799
66.744
66.69
66.806
66.751
66.696
66.813
66.758
66.703
66.82
66.765
66.71
66.655
66.772
66.717
66.662
66.779
66.724
66.669
66.786
66.731
66.676
66.792
66.738
66.683
66.799
66.744
66.69
66.806
66.751
66.696
66.813
66.758
66.703
66.82
66.765
66.71
66.655
66.772
66.717
66.662
66.779
66.724
66.669
66.785
66.731
66.676
66.792
66.737
66.683
66.799
66.744
66.689
66.806
66.751
66.696
66.813
66.758
66.703
66.82
66.765
66.71
66.655
66.772
66.717
66.662
66.779
66.724
66.669
66.785
66.731
66.676
66.792
66.737
66.683
66.799
66.744
66.689
66.806
66.751
66.696
66.813
66.758
66.703
66.82
66.765
66.71
66.655
66.772
66.717
66.662
66.779
66.724
66.669
66.785
66.731
66.676
66.792
66.737
66.683
66.799
66.744
66.689
66.806
66.751
66.696
66.813
66.758
66.703
66.82
66.765
66.71
66.655
66.772
66.717
66.662
66.779
66.724
66.669
66.785
66.731
66.676
66.792
66.737
66.683
66.799
66.744
66.689
66.806
66.751
66.696
66.813
66.758
66.703
66.82
66.765
66.71
66.655
66.772
66.717
66.662
66.779
66.724
66.669
66.785
66.731
66.676
66.792
66.737
66.683
66.799
66.744
66.689
66.806
66.751
66.696
66.813
66.758
66.703
66.82
66.765
66.71
66.655
66.772
66.717
66.662
66.779
66.724
66.669
66.785
66.731
66.676
66.792
66.737
66.683
66.799
66.744
66.689
66.806
66.751
66.696
66.813
66.758
66.703
66.82
66.765
66.71
66.655
66.772
66.717
66.662
66.779
66.724
66.669
66.785
66.731
66.676
66.792
66.737
66.683
66.799
66.744
66.689
66.806
66.751
66.696
66.813
66.758
66.703
66.82
66.765
66.71
66.655
66.772
66.717
66.662
66.779
66.724
66.669
66.785
66.731
66.676
66.792
66.737
66.683
66.799
66.744
66.689
66.806
66.751
66.696
66.813
66.758
66.703
66.82
66.765
66.71
66.655
66.772
66.717
66.662
66.779
66.724
66.669
66.785
66.73
66.676
66.792
66.737
66.682
66.799
66.744
66.689
66.806
66.751
66.696
66.813
66.758
66.703
66.82
66.765
66.71
66.655
66.772
66.717
66.662
66.778
66.724
66.669
66.785
66.73
66.676
66.792
66.737
66.682
66.799
66.744
66.689
66.806
66.751
66.696
66.813
66.758
66.703
66.82
66.765
66.71
66.655
66.772
66.717
66.662
66.778
66.724
66.669
66.785
66.73
66.676
66.792
66.737
66.682
66.799
66.744
66.689
66.806
66.751
66.696
66.813
66.758
66.703
66.82
66.765
66.71
66.655
66.772
66.717
66.662
66.778
66.724
66.669
66.785
66.73
66.676
66.792
66.737
66.682
66.799
66.744
66.689
66.806
66.751
66.696
66.813
66.758
66.703
66.82
66.765
66.71
66.655
66.772
66.717
66.662
66.778
66.724
66.669
66.785
66.73
66.676
66.792
66.737
66.682
66.799
66.744
66.689
66.806
66.751
66.696
66.813
66.758
66.703
66.82
66.765
66.71
66.655
66.772
66.717
66.662
66.778
66.724
66.669
66.785
66.73
66.676
66.792
66.737
66.682
66.799
66.744
66.689
66.806
66.751
66.696
66.813
66.758
66.703
66.82
66.765
66.71
66.655
66.772
66.717
66.662
66.778
66.724
66.669
66.785
66.73
66.676
66.792
66.737
66.682
66.799
66.744
66.689
66.806
66.751
66.696
66.813
66.758
66.703
66.82
66.765
66.71
66.655
66.772
66.717
66.662
66.778
66.724
66.669
66.785
66.73
66.676
66.792
66.737
66.682
66.799
66.744
66.689
66.806
66.751
66.696
66.813
66.758
66.703
66.82
66.765
66.71
66.655
66.772
66.717
66.662
66.778
66.723
66.669
66.785
66.73
66.675
66.792
66.737
66.682
66.799
66.744
66.689
66.806
66.751
66.696
66.813
66.758
66.703
66.819
66.765
66.71
66.655
66.771
66.717
66.662
66.778
66.723
66.669
66.785
66.73
66.675
66.792
66.737
66.682
66.799
66.744
66.689
66.806
66.751
66.696
66.813
66.758
66.703
66.819
66.765
66.71
66.655
66.771
66.717
66.662
66.778
66.723
66.669
66.785
66.73
66.675
66.792
66.737
66.682
66.799
66.744
66.689
66.806
66.751
66.696
66.813
66.758
66.703
66.819
66.765
66.71
66.655
66.771
66.717
66.662
66.778
66.723
66.669
66.785
66.73
66.675
66.792
66.737
66.682
66.799
66.744
66.689
66.806
66.751
66.696
66.813
66.758
66.703
66.819
66.765
66.71
66.655
66.771
66.717
66.662
66.778
66.723
66.669
66.785
66.73
66.675
66.792
66.737
66.682
66.799
66.744
66.689
66.806
66.751
66.696
66.813
66.758
66.703
66.819
66.765
66.71
66.655
66.771
66.717
66.662
66.778
66.723
66.669
66.785
66.73
66.675
66.792
66.737
66.682
66.799
66.744
66.689
66.806
66.751
66.696
66.813
66.758
66.703
66.819
66.765
66.71
66.655
66.771
66.717
66.662
66.778
66.723
66.669
66.785
66.73
66.675
66.792
66.737
66.682
66.799
66.744
66.689
66.806
66.751
66.696
66.813
66.758
66.703
66.819
66.765
66.71
66.655
66.771
66.717
66.662
66.778
66.723
66.669
66.785
66.73
66.675
66.792
66.737
66.682
66.799
66.744
66.689
66.806
66.751
66.696
66.813
66.758
66.703
66.819
66.765
66.71
66.655
66.771
66.716
66.662
66.778
66.723
66.668
66.785
66.73
66.675
66.792
66.737
66.682
66.799
66.744
66.689
66.806
66.751
66.696
66.812
66.758
66.703
66.819
66.764
66.71
66.655
66.771
66.716
66.662
66.778
66.723
66.668
66.785
66.73
66.675
66.792
66.737
66.682
66.799
66.744
66.689
66.806
66.751
66.696
66.812
66.758
66.703
66.819
66.764
66.71
66.655
66.771
66.716
66.662
66.778
66.723
66.668
66.785
66.73
66.675
66.792
66.737
66.682
66.799
66.744
66.689
66.806
66.751
66.696
66.812
66.758
66.703
66.819
66.764
66.71
66.655
66.771
66.716
66.662
66.778
66.723
66.668
66.785
66.73
66.675
66.792
66.737
66.682
66.799
66.744
66.689
66.806
66.751
66.696
66.812
66.758
66.703
66.819
66.764
66.71
66.655
66.771
66.716
66.662
66.778
66.723
66.668
66.785
66.73
66.675
66.792
66.737
66.682
66.799
66.744
66.689
66.806
66.751
66.696
66.812
66.758
66.703
66.819
66.764
66.71
66.655
66.771
66.716
66.662
66.778
66.723
66.668
66.785
66.73
66.675
66.792
66.737
66.682
66.799
66.744
66.689
66.806
66.751
66.696
66.812
66.758
66.703
66.819
66.764
66.71
66.655
66.771
66.716
66.662
66.778
66.723
66.668
66.785
66.73
66.675
66.792
66.737
66.682
66.799
66.744
66.689
66.806
66.751
66.696
66.812
66.758
66.703
66.819
66.764
66.71
66.655
66.771
66.716
66.662
66.778
66.723
66.668
66.785
66.73
66.675
66.792
66.737
66.682
66.799
66.744
66.689
66.806
66.751
66.696
66.812
66.758
66.703
66.819
66.764
