18.44
18.578
18.716
18.854
18.992
19.13
19.268
19.406
19.544
19.682
19.82
19.958
20.096
20.234
20.372
20.51
20.648
20.786
20.924
21.062
21.2
21.338
21.476
21.614
21.752
21.89
22.028
22.166
22.304
22.442
22.58
22.718
22.856
22.994
23.132
23.27
23.408
23.546
23.684
23.822
23.96
24.098
24.236
24.374
24.512
24.65
24.788
24.926
25.064
25.202
25.34
25.478
25.616
25.754
25.892
26.03
26.168
26.306
26.444
26.582
26.72
26.858
26.996
27.134
27.272
27.41
27.548
27.686
27.824
27.962
28.1
28.238
28.376
28.514
28.652
28.79
28.928
29.066
29.204
29.342
29.48
29.618
29.756
29.894
30.032
30.17
30.308
30.446
30.584
30.722
30.86
30.998
31.136
31.274
31.412
31.55
31.688
31.826
31.964
32.102
32.24
32.378
32.516
32.654
32.792
32.93
33.068
33.206
33.344
33.482
33.62
33.758
33.896
34.034
34.172
34.31
34.448
34.586
34.724
34.862
35
35.138
35.276
35.414
35.552
35.69
35.828
35.966
36.104
36.242
36.38
36.518
36.656
36.794
36.932
37.07
37.208
37.346
37.484
37.622
37.76
37.898
38.036
38.174
38.312
38.45
38.588
38.726
38.864
39.002
39.14
39.278
39.416
39.554
39.692
39.83
39.968
40.106
40.244
40.382
40.52
40.658
40.796
40.934
41.072
41.21
41.348
41.486
41.624
41.762
41.9
42.038
42.176
42.314
42.452
42.59
42.728
42.866
43.004
43.142
43.28
43.418
43.556
43.694
43.832
43.97
44.108
44.246
44.384
44.522
44.66
44.798
44.936
45.074
45.212
45.35
45.488
45.626
45.764
45.902
46.04
46.178
46.316
46.454
46.592
46.73
46.868
47.006
47.144
47.282
47.42
47.558
47.696
47.834
47.972
48.11
48.248
48.386
48.524
48.662
48.8
48.938
49.076
49.214
49.352
49.49
49.628
49.766
49.904
50.042
50.18
50.318
50.456
50.594
50.732
50.87
51.008
51.146
51.284
51.422
51.56
51.698
51.836
51.974
52.112
52.25
52.388
52.526
52.664
52.802
52.94
53.078
53.216
53.354
53.492
53.63
53.768
53.906
54.044
54.182
54.32
54.458
54.596
54.734
54.872
55.01
55.148
55.286
55.424
55.562
55.7
55.838
55.976
56.114
56.252
56.39
56.528
56.666
56.804
56.942
57.08
57.218
57.356
57.494
57.632
57.77
57.908
58.046
58.184
58.322
58.46
58.598
58.736
58.874
59.012
59.15
59.288
59.426
59.564
59.702
59.84
59.978
60.116
60.254
60.392
60.53
60.668
60.806
60.944
61.082
61.22
61.358
61.496
61.634
61.772
61.91
62.048
62.186
62.324
62.462
62.6
62.738
62.876
63.014
63.152
63.29
63.428
63.566
63.704
63.842
63.98
64.118
64.256
64.394
64.532
64.67
64.808
64.946
65.084
65.222
65.36
65.498
65.636
65.774
65.912
66.05
66.188
66.326
66.464
66.602
66.74
66.728
66.716
66.704
66.692
66.68
66.818
66.806
66.794
66.782
66.77
66.758
66.746
66.734
66.722
66.71
66.698
66.686
66.674
66.812
66.8
66.788
66.776
66.764
66.752
66.74
66.728
66.716
66.704
66.692
66.68
66.818
66.806
66.794
66.782
66.77
66.758
66.746
66.734
66.722
66.71
66.698
66.686
66.674
66.812
66.8
66.788
66.776
66.764
66.752
66.74
66.728
66.716
66.704
66.692
66.68
66.818
66.806
66.794
66.782
66.77
66.758
66.746
66.734
66.722
66.71
66.698
66.686
66.674
66.812
66.8
66.788
66.776
66.764
66.752
66.74
66.728
66.716
66.704
66.692
66.68
66.818
66.806
66.794
66.782
66.77
66.758
66.746
66.734
66.722
66.71
66.698
66.686
66.674
66.812
66.8
66.788
66.776
66.764
66.752
66.74
66.728
66.716
66.704
66.692
66.68
66.818
66.806
66.794
66.782
66.77
66.758
66.746
66.734
66.722
66.71
66.698
66.686
66.674
66.812
66.8
66.788
66.776
66.764
66.752
66.74
66.728
66.716
66.704
66.692
66.68
66.818
66.806
66.794
66.782
66.77
66.758
66.746
66.734
66.722
66.71
66.698
66.686
66.674
66.812
66.8
66.788
66.776
66.764
66.752
66.74
66.728
66.716
66.704
66.692
66.68
66.818
66.806
66.794
66.782
66.77
66.758
66.746
66.734
66.722
66.71
66.698
66.686
66.674
66.812
66.8
66.788
66.776
66.764
66.752
66.74
66.728
66.716
66.704
66.692
66.68
66.818
66.806
66.794
66.782
66.77
66.758
66.746
66.734
66.722
66.71
66.698
66.686
66.674
66.812
66.8
66.788
66.776
66.764
66.752
66.74
66.728
66.716
66.704
66.692
66.68
66.818
66.806
66.794
66.782
66.77
66.758
66.746
66.734
66.722
66.71
66.698
66.686
66.674
66.812
66.8
66.788
66.776
66.764
66.752
66.74
66.728
66.716
66.704
66.692
66.68
66.818
66.806
66.794
66.782
66.77
66.758
66.746
66.734
66.722
66.71
66.698
66.686
66.674
66.812
66.8
66.788
66.776
66.764
66.752
66.74
66.728
66.716
66.704
66.692
66.68
66.818
66.806
66.794
66.782
66.77
66.758
66.746
66.734
66.722
66.71
66.698
66.686
66.674
66.812
66.8
66.788
66.776
66.764
66.752
66.74
66.728
66.716
66.704
66.692
66.68
66.818
66.806
66.794
66.782
66.77
66.758
66.746
66.734
66.722
66.71
66.698
66.686
66.674
66.812
66.8
66.788
66.776
66.764
66.752
66.74
66.728
66.716
66.704
66.692
66.68
66.818
66.806
66.794
66.782
66.77
66.758
66.746
66.734
66.722
66.71
66.698
66.686
66.674
66.812
66.8
66.788
66.776
66.764
66.752
66.74
66.728
66.716
66.704
66.692
66.68
66.818
66.806
66.794
66.782
66.77
66.758
66.746
66.734
66.722
66.71
66.698
66.686
66.674
66.812
66.8
66.788
66.776
66.764
66.752
66.74
66.728
66.716
66.704
66.692
66.68
66.818
66.806
66.794
66.782
66.77
66.758
66.746
66.734
66.722
66.71
66.698
66.686
66.674
66.812
66.8
66.788
66.776
66.764
66.752
66.74
66.728
66.716
66.704
66.692
66.68
66.818
66.806
66.794
66.782
66.77
66.758
66.746
66.734
66.722
66.71
66.698
66.686
66.674
66.812
66.8
66.788
66.776
66.764
66.752
66.74
66.728
66.716
66.704
66.692
66.68
66.818
66.806
66.794
66.782
66.77
66.758
66.746
66.734
66.722
66.71
66.698
66.686
66.674
66.812
66.8
66.788
66.776
66.764
66.752
66.74
66.728
66.716
66.704
66.692
66.68
66.818
66.806
66.794
66.782
66.77
66.758
66.746
66.734
66.722
66.71
66.698
66.686
66.674
66.812
66.8
66.788
66.776
66.764
66.752
66.74
66.728
66.716
66.704
66.692
66.68
66.818
66.806
66.794
66.782
66.77
66.758
66.746
66.734
66.722
66.71
66.698
66.686
66.674
66.812
66.8
66.788
66.776
66.764
66.752
66.74
66.728
66.716
66.704
66.692
66.68
66.818
66.806
66.794
66.782
66.77
66.758
66.746
66.734
66.722
66.71
66.698
66.686
66.674
66.812
66.8
66.788
66.776
66.764
66.752
66.74
66.728
66.716
66.704
66.692
66.68
66.818
66.806
66.794
66.782
66.77
66.758
66.746
66.734
66.722
66.71
66.698
66.686
66.674
66.812
66.8
66.788
66.776
66.764
66.752
66.74
66.728
66.716
66.704
66.692
66.68
66.818
66.806
66.794
66.782
66.77
66.758
66.746
66.734
66.722
66.71
66.698
66.686
66.674
66.812
66.8
66.788
66.776
66.764
66.752
66.74
66.728
66.716
66.704
66.692
66.68
66.818
66.806
66.794
66.782
66.77
66.758
66.746
66.734
66.722
66.71
66.698
66.686
66.674
66.812
66.8
66.788
66.776
66.764
66.752
66.74
66.728
66.716
66.704
66.692
66.68
66.818
66.806
66.794
66.782
66.77
66.758
66.746
66.734
66.722
66.71
66.698
66.686
66.674
66.812
66.8
66.788
66.776
66.764
66.752
66.74
66.728
66.716
66.704
66.692
66.68
66.818
66.806
66.794
66.782
66.77
66.758
66.746
66.734
66.722
66.71
66.698
66.686
66.674
66.812
66.8
66.788
66.776
66.764
66.752
66.74
66.728
66.716
66.704
66.692
66.68
66.818
66.806
66.794
66.782
66.77
66.758
66.746
66.734
66.722
66.71
66.698
66.686
66.674
66.812
66.8
66.788
66.776
66.764
66.752
66.74
66.728
66.716
66.704
66.692
66.68
66.818
66.806
66.794
66.782
66.77
66.758
66.746
66.734
66.722
66.71
66.698
66.686
66.674
66.812
66.8
66.788
66.776
66.764
66.752
66.74
66.728
66.716
66.704
66.692
66.68
66.818
66.806
66.794
66.782
66.77
66.758
66.746
66.734
66.722
66.71
66.698
66.686
66.674
66.812
66.8
66.788
66.776
66.764
66.752
66.74
66.728
66.716
66.704
66.692
66.68
66.818
66.806
66.794
66.782
66.77
66.758
66.746
66.734
66.722
66.71
66.698
66.686
66.674
66.812
66.8
66.788
66.776
66.764
66.752
66.74
66.728
66.716
66.704
66.692
66.68
66.818
66.806
66.794
66.782
66.77
66.758
66.746
66.734
66.722
66.71
66.698
66.686
66.674
66.812
66.8
66.788
66.776
66.764
66.752
66.74
66.728
66.716
66.704
66.692
66.68
66.818
66.806
66.794
66.782
66.77
66.758
66.746
66.734
66.722
66.71
66.698
66.686
66.674
66.812
66.8
66.788
66.776
66.764
66.752
66.74
66.728
66.716
66.704
66.692
66.68
66.818
66.806
66.794
66.782
66.77
66.758
66.746
66.734
66.722
66.71
66.698
66.686
66.674
66.812
66.8
66.788
66.776
66.764
66.752
66.74
66.728
66.716
66.704
66.692
66.68
66.818
66.806
66.794
66.782
66.77
66.758
66.746
66.734
66.722
66.71
66.698
66.686
66.674
66.812
66.8
66.788
66.776
66.764
66.752
66.74
66.728
66.716
66.704
66.692
66.68
66.818
66.806
66.794
66.782
66.77
66.758
66.746
66.734
66.722
66.71
66.698
66.686
66.674
66.812
66.8
66.788
66.776
66.764
66.752
66.74
66.728
66.716
66.704
66.692
66.68
66.818
66.806
66.794
66.782
66.77
66.758
66.746
66.734
66.722
66.71
66.698
66.686
66.674
66.812
66.8
66.788
66.776
66.764
66.752
66.74
66.728
66.716
66.704
66.692
66.68
66.818
66.806
66.794
66.782
66.77
66.758
66.746
66.734
66.722
66.71
66.698
66.686
66.674
66.812
66.8
66.788
66.776
66.764
66.752
66.74
66.728
66.716
66.704
66.692
66.68
66.818
66.806
66.794
66.782
66.77
66.758
66.746
66.734
66.722
66.71
66.698
66.686
66.674
66.812
66.8
66.788
66.776
66.764
66.752
66.74
66.728
66.716
66.704
66.692
66.68
66.818
66.806
66.794
66.782
66.77
66.758
66.746
66.734
66.722
66.71
66.698
66.686
66.674
66.812
66.8
66.788
66.776
66.764
66.752
66.74
66.728
66.716
66.704
66.692
66.68
66.818
66.806
66.794
66.782
66.77
66.758
66.746
66.734
66.722
66.71
66.698
66.686
66.674
66.812
66.8
66.788
66.776
66.764
66.752
66.74
66.728
66.716
66.704
66.692
66.68
66.818
66.806
66.794
66.782
66.77
66.758
66.746
66.734
66.722
66.71
66.698
66.686
66.674
66.812
66.8
66.788
66.776
66.764
66.752
66.74
66.728
66.716
66.704
66.692
66.68
66.818
66.806
66.794
66.782
66.77
66.758
66.746
66.734
66.722
66.71
66.698
66.686
66.674
66.812
66.8
66.788
66.776
66.764
66.752
66.74
66.728
66.716
66.704
66.692
66.68
66.818
66.806
66.794
66.782
66.77
66.758
66.746
66.734
66.722
66.71
66.698
66.686
66.674
66.812
66.8
66.788
66.776
66.764
66.752
66.74
66.728
66.716
66.704
66.692
66.68
66.818
66.806
66.794
66.782
66.77
66.758
66.746
66.734
66.722
66.71
66.698
66.686
66.674
66.812
66.8
66.788
66.776
66.764
66.752
66.74
66.728
66.716
66.704
66.692
66.68
66.818
66.806
66.794
66.782
66.77
66.758
66.746
66.734
66.722
66.71
66.698
66.686
66.674
66.812
66.8
66.788
66.776
66.764
66.752
66.74
66.728
66.716
66.704
66.692
66.68
66.818
66.806
66.794
66.782
66.77
66.758
66.746
66.734
66.722
66.71
66.698
66.686
66.674
66.812
66.8
66.788
66.776
66.764
66.752
66.74
66.728
66.716
66.704
66.692
66.68
66.818
66.806
66.794
66.782
66.77
66.758
66.746
66.734
66.722
66.71
66.698
66.686
66.674
66.812
66.8
66.788
66.776
66.764
66.752
66.74
66.728
66.716
66.704
66.692
66.68
66.818
66.806
66.794
66.782
66.77
66.758
66.746
66.734
66.722
66.71
66.698
66.686
66.674
66.812
66.8
66.788
66.776
66.764
66.752
66.74
66.728
66.716
66.704
66.692
66.68
66.818
66.806
66.794
66.782
66.77
66.758
66.746
66.734
66.722
66.71
66.698
66.686
66.674
66.812
66.8
66.788
66.776
66.764
66.752
66.74
66.728
66.716
66.704
66.692
66.68
66.818
66.806
66.794
66.782
66.77
66.758
66.746
66.734
66.722
66.71
66.698
66.686
66.674
66.812
66.8
66.788
66.776
66.764
66.752
66.74
66.728
66.716
66.704
66.692
66.68
66.818
66.806
66.794
66.782
66.77
66.758
66.746
66.734
66.722
66.71
66.698
66.686
66.674
66.812
66.8
66.788
66.776
66.764
66.752
66.74
66.728
66.716
66.704
66.692
66.68
66.818
66.806
66.794
66.782
66.77
66.758
66.746
66.734
66.722
66.71
66.698
66.686
66.674
66.812
66.8
66.788
66.776
66.764
66.752
66.74
66.728
66.716
66.704
66.692
66.68
66.818
66.806
66.794
66.782
66.77
66.758
66.746
66.734
66.722
66.71
66.698
66.686
66.674
66.812
66.8
66.788
66.776
66.764
66.752
66.74
66.728
66.716
66.704
66.692
66.68
66.818
66.806
66.794
66.782
66.77
66.758
66.746
66.734
66.722
66.71
66.698
66.686
66.674
66.812
66.8
66.788
66.776
66.764
66.752
66.74
66.728
66.716
66.704
66.692
66.68
66.818
66.806
66.794
66.782
66.77
66.758
66.746
66.734
66.722
66.71
66.698
66.686
66.674
66.812
66.8
66.788
66.776
66.764
66.752
66.74
66.728
66.716
66.704
66.692
66.68
66.818
66.806
66.794
66.782
66.77
66.758
66.746
66.734
66.722
66.71
66.698
66.686
66.674
66.812
66.8
66.788
66.776
66.764
66.752
66.74
66.728
66.716
66.704
66.692
66.68
66.818
66.806
66.794
66.782
66.77
66.758
66.746
66.734
66.722
66.71
66.698
66.686
66.674
66.812
66.8
66.788
66.776
66.764
66.752
66.74
66.728
66.716
66.704
66.692
66.68
66.818
66.806
66.794
66.782
66.77
66.758
66.746
66.734
66.722
66.71
66.698
66.686
66.674
66.812
66.8
66.788
66.776
66.764
66.752
66.74
66.728
66.716
66.704
66.692
66.68
66.818
66.806
66.794
66.782
66.77
66.758
66.746
66.734
66.722
66.71
66.698
66.686
66.674
66.812
66.8
66.788
66.776
66.764
66.752
66.74
66.728
66.716
66.704
66.692
66.68
66.818
66.806
66.794
66.782
66.77
66.758
66.746
66.734
66.722
66.71
66.698
66.686
66.674
66.812
66.8
66.788
66.776
66.764
66.752
66.74
66.728
66.716
66.704
66.692
66.68
66.818
66.806
66.794
66.782
66.77
66.758
66.746
66.734
66.722
66.71
66.698
66.686
66.674
66.812
66.8
66.788
66.776
66.764
66.752
66.74
66.728
66.716
66.704
66.692
66.68
66.818
66.806
66.794
66.782
66.77
66.758
66.746
66.734
66.722
66.71
66.698
66.686
66.674
66.812
66.8
66.788
66.776
66.764
66.752
66.74
66.728
66.716
66.704
66.692
66.68
66.818
66.806
66.794
66.782
66.77
66.758
66.746
66.734
66.722
66.71
66.698
66.686
66.674
66.812
66.8
66.788
66.776
66.764
66.752
66.74
66.728
66.716
66.704
66.692
66.68
66.818
66.806
66.794
66.782
66.77
66.758
66.746
66.734
66.722
66.71
66.698
66.686
66.674
66.812
66.8
66.788
66.776
66.764
66.752
66.74
66.728
66.716
66.704
66.692
66.68
66.818
66.806
66.794
66.782
66.77
66.758
66.746
66.734
66.722
66.71
66.698
66.686
66.674
66.812
66.8
66.788
66.776
66.764
66.752
66.74
66.728
66.716
66.704
66.692
66.68
66.818
66.806
66.794
66.782
66.77
66.758
66.746
66.734
66.722
66.71
66.698
66.686
66.674
66.812
66.8
66.788
66.776
66.764
66.752
66.74
66.728
66.716
66.704
66.692
66.68
66.818
66.806
66.794
66.782
66.77
66.758
66.746
66.734
66.722
66.71
66.698
66.686
66.674
66.812
66.8
66.788
66.776
66.764
66.752
66.74
66.728
66.716
66.704
66.692
66.68
66.818
66.806
66.794
66.782
66.77
66.758
66.746
66.734
66.722
66.71
66.698
66.686
66.674
66.812
66.8
66.788
66.776
66.764
66.752
66.74
66.728
66.716
66.704
66.692
66.68
66.818
66.806
66.794
66.782
66.77
66.758
66.746
66.734
66.722
66.71
66.698
66.686
66.674
66.812
66.8
66.788
66.776
66.764
66.752
66.74
66.728
66.716
66.704
66.692
66.68
66.818
66.806
66.794
66.782
66.77
66.758
66.746
66.734
66.722
66.71
66.698
66.686
66.674
66.812
66.8
66.788
66.776
66.764
66.752
66.74
66.728
66.716
66.704
66.692
66.68
66.818
66.806
66.794
66.782
66.77
66.758
66.746
66.734
66.722
66.71
66.698
66.686
66.674
66.812
66.8
66.788
66.776
66.764
66.752
66.74
66.728
66.716
66.704
66.692
66.68
66.818
66.806
66.794
66.782
66.77
66.758
66.746
66.734
66.722
66.71
66.698
66.686
66.674
66.812
66.8
66.788
66.776
66.764
66.752
66.74
66.728
66.716
66.704
66.692
66.68
66.818
66.806
66.794
66.782
66.77
66.758
66.746
66.734
66.722
66.71
66.698
66.686
66.674
66.812
66.8
66.788
66.776
66.764
66.752
66.74
66.728
66.716
66.704
66.692
66.68
66.818
66.806
66.794
66.782
66.77
66.758
66.746
66.734
66.722
66.71
66.698
66.686
66.674
66.812
66.8
66.788
66.776
66.764
66.752
66.74
66.728
66.716
66.704
66.692
66.68
66.818
66.806
66.794
66.782
66.77
66.758
66.746
66.734
66.722
66.71
66.698
66.686
66.674
66.812
66.8
66.788
66.776
66.764
66.752
66.74
66.728
66.716
66.704
66.692
66.68
66.818
66.806
66.794
66.782
66.77
66.758
66.746
66.734
66.722
66.71
66.698
66.686
66.674
66.812
66.8
66.788
66.776
66.764
66.752
66.74
66.728
66.716
66.704
66.692
66.68
66.818
66.806
66.794
66.782
66.77
66.758
66.746
66.734
66.722
66.71
66.698
66.686
66.674
66.812
66.8
66.788
66.776
66.764
66.752
66.74
66.728
66.716
66.704
66.692
66.68
66.818
66.806
66.794
66.782
66.77
66.758
66.746
66.734
66.722
66.71
66.698
66.686
66.674
66.812
66.8
66.788
66.776
66.764
66.752
66.74
66.728
66.716
66.704
66.692
66.68
66.818
66.806
66.794
66.782
66.77
66.758
66.746
66.734
66.722
66.71
66.698
66.686
66.674
66.812
66.8
66.788
66.776
66.764
66.752
66.74
66.728
66.716
66.704
66.692
66.68
66.818
66.806
66.794
66.782
66.77
66.758
66.746
66.734
66.722
66.71
66.698
66.686
66.674
66.812
66.8
66.788
66.776
66.764
66.752
66.74
66.728
66.716
66.704
66.692
66.68
66.818
66.806
66.794
66.782
66.77
66.758
66.746
66.734
66.722
66.71
66.698
66.686
66.674
66.812
66.8
66.788
66.776
66.764
66.752
66.74
66.728
66.716
66.704
66.692
66.68
66.818
66.806
66.794
66.782
66.77
66.758
66.746
66.734
66.722
66.71
66.698
66.686
66.674
66.812
66.8
66.788
66.776
66.764
66.752
66.74
66.728
66.716
66.704
66.692
66.68
66.818
66.806
66.794
66.782
66.77
66.758
66.746
66.734
66.722
66.71
66.698
66.686
66.674
66.812
66.8
66.788
66.776
66.764
66.752
66.74
66.728
66.716
66.704
66.692
66.68
66.818
66.806
66.794
66.782
66.77
66.758
66.746
66.734
66.722
66.71
66.698
66.686
66.674
66.812
66.8
66.788
66.776
66.764
66.752
66.74
66.728
66.716
66.704
66.692
66.68
66.818
66.806
66.794
66.782
66.77
66.758
66.746
66.734
66.722
66.71
66.698
66.686
66.674
66.812
66.8
66.788
66.776
66.764
66.752
66.74
66.728
66.716
66.704
66.692
66.68
66.818
66.806
66.794
66.782
66.77
66.758
66.746
66.734
66.722
66.71
66.698
66.686
66.674
66.812
66.8
66.788
66.776
66.764
66.752
66.74
66.728
66.716
66.704
66.692
66.68
66.818
66.806
66.794
66.782
66.77
66.758
66.746
66.734
66.722
66.71
66.698
66.686
66.674
66.812
66.8
66.788
66.776
66.764
66.752
66.74
66.728
66.716
66.704
66.692
66.68
66.818
66.806
66.794
66.782
66.77
66.758
66.746
66.734
66.722
66.71
66.698
66.686
66.674
66.812
66.8
66.788
66.776
66.764
66.752
66.74
66.728
66.716
66.704
66.692
66.68
66.818
66.806
66.794
66.782
66.77
66.758
66.746
66.734
66.722
66.71
66.698
66.686
66.674
66.812
66.8
66.788
66.776
66.764
66.752
66.74
66.728
66.716
66.704
66.692
66.68
66.818
66.806
66.794
66.782
66.77
66.758
66.746
66.734
66.722
66.71
66.698
66.686
66.674
66.812
66.8
66.788
66.776
66.764
66.752
66.74
66.728
66.716
66.704
66.692
66.68
66.818
66.806
66.794
66.782
66.77
66.758
66.746
66.734
66.722
66.71
66.698
66.686
66.674
66.812
66.8
66.788
66.776
66.764
66.752
66.74
66.728
66.716
66.704
66.692
66.68
66.818
66.806
66.794
66.782
66.77
66.758
66.746
66.734
66.722
66.71
66.698
66.686
66.674
66.812
66.8
66.788
66.776
66.764
66.752
66.74
66.728
66.716
66.704
66.692
66.68
66.818
66.806
66.794
66.782
66.77
66.758
66.746
66.734
66.722
66.71
66.698
66.686
66.674
66.812
66.8
66.788
66.776
66.764
66.752
66.74
66.728
66.716
66.704
66.692
66.68
66.818
66.806
66.794
66.782
66.77
66.758
66.746
66.734
66.722
66.71
66.698
66.686
66.674
66.812
66.8
66.788
66.776
66.764
66.752
66.74
66.728
66.716
66.704
66.692
66.68
66.818
66.806
66.794
66.782
66.77
66.758
66.746
66.734
66.722
66.71
66.698
66.686
66.674
66.812
66.8
66.788
66.776
66.764
66.752
66.74
66.728
66.716
66.704
66.692
66.68
66.818
66.806
66.794
66.782
66.77
66.758
66.746
66.734
66.722
66.71
66.698
66.686
66.674
66.812
66.8
66.788
66.776
66.764
66.752
66.74
66.728
66.716
66.704
66.692
66.68
66.818
66.806
66.794
66.782
66.77
66.758
66.746
66.734
66.722
66.71
66.698
66.686
66.674
66.812
66.8
66.788
66.776
66.764
66.752
66.74
66.728
66.716
66.704
66.692
66.68
66.818
66.806
66.794
66.782
66.77
66.758
66.746
66.734
66.722
66.71
66.698
66.686
66.674
66.812
66.8
66.788
66.776
66.764
66.752
66.74
66.728
66.716
66.704
66.692
66.68
66.818
66.806
66.794
66.782
66.77
66.758
66.746
66.734
66.722
66.71
66.698
66.686
66.674
66.812
66.8
66.788
66.776
66.764
66.752
66.74
66.728
66.716
66.704
66.692
66.68
66.818
66.806
66.794
66.782
66.77
66.758
66.746
66.734
66.722
66.71
66.698
66.686
66.674
66.812
66.8
66.788
66.776
66.764
66.752
66.74
66.728
66.716
66.704
66.692
66.68
66.818
66.806
66.794
66.782
66.77
66.758
66.746
66.734
66.722
66.71
66.698
66.686
66.674
66.812
66.8
66.788
66.776
66.764
66.752
66.74
66.728
66.716
66.704
66.692
66.68
66.818
66.806
66.794
66.782
66.77
66.758
66.746
66.734
66.722
66.71
66.698
66.686
66.674
66.812
66.8
66.788
66.776
66.764
66.752
66.74
66.728
66.716
66.704
66.692
66.68
66.818
66.806
66.794
66.782
66.77
66.758
66.746
66.734
66.722
66.71
66.698
66.686
66.674
66.812
66.8
66.788
66.776
66.764
66.752
66.74
66.728
66.716
66.704
66.692
66.68
66.818
66.806
66.794
66.782
66.77
66.758
66.746
66.734
66.722
66.71
66.698
66.686
66.674
66.812
66.8
66.788
66.776
66.764
66.752
66.74
66.728
66.716
66.704
66.692
66.68
66.818
66.806
66.794
66.782
66.77
66.758
66.746
66.734
66.722
66.71
66.698
66.686
66.674
66.812
66.8
66.788
66.776
66.764
66.752
66.74
66.728
66.716
66.704
66.692
66.68
66.818
66.806
66.794
66.782
66.77
66.758
66.746
66.734
66.722
66.71
66.698
66.686
66.674
66.812
66.8
66.788
66.776
66.764
66.752
66.74
66.728
66.716
66.704
66.692
66.68
66.818
66.806
66.794
66.782
66.77
66.758
66.746
66.734
66.722
66.71
66.698
66.686
66.674
66.812
66.8
66.788
66.776
66.764
66.752
66.74
66.728
66.716
66.704
66.692
66.68
66.818
66.806
66.794
66.782
66.77
66.758
66.746
66.734
66.722
66.71
66.698
66.686
66.674
66.812
66.8
66.788
66.776
66.764
66.752
66.74
66.728
66.716
66.704
66.692
66.68
66.818
66.806
66.794
66.782
66.77
66.758
66.746
66.734
66.722
66.71
66.698
66.686
66.674
66.812
66.8
66.788
66.776
66.764
66.752
66.74
66.728
66.716
66.704
66.692
66.68
66.818
66.806
66.794
66.782
66.77
66.758
66.746
66.734
66.722
66.71
66.698
66.686
66.674
66.812
66.8
66.788
66.776
66.764
66.752
66.74
66.728
66.716
66.704
66.692
66.68
66.818
66.806
66.794
66.782
66.77
66.758
66.746
66.734
66.722
66.71
66.698
66.686
66.674
66.812
66.8
66.788
66.776
66.764
66.752
66.74
66.728
66.716
66.704
66.692
66.68
66.818
66.806
66.794
66.782
66.77
66.758
66.746
66.734
66.722
66.71
66.698
66.686
66.674
66.812
66.8
66.788
66.776
66.764
66.752
66.74
66.728
66.716
66.704
66.692
66.68
66.818
66.806
66.794
66.782
66.77
66.758
66.746
66.734
66.722
66.71
66.698
66.686
66.674
66.812
66.8
66.788
66.776
66.764
66.752
66.74
66.728
66.716
66.704
66.692
66.68
66.818
66.806
66.794
66.782
66.77
66.758
66.746
66.734
66.722
66.71
66.698
66.686
66.674
66.812
66.8
66.788
66.776
66.764
66.752
66.74
66.728
66.716
66.704
66.692
66.68
66.818
66.806
66.794
66.782
66.77
66.758
66.746
66.734
66.722
66.71
66.698
66.686
66.674
66.812
66.8
66.788
66.776
66.764
66.752
66.74
66.728
66.716
66.704
66.692
66.68
66.818
66.806
66.794
66.782
66.77
66.758
66.746
66.734
66.722
66.71
66.698
66.686
66.674
66.812
66.8
66.788
66.776
66.764
66.752
66.74
66.728
66.716
66.704
66.692
66.68
66.818
66.806
66.794
66.782
66.77
66.758
66.746
66.734
66.722
66.71
66.698
66.686
66.674
66.812
66.8
66.788
66.776
66.764
66.752
66.74
66.728
66.716
66.704
66.692
66.68
66.818
66.806
66.794
66.782
66.77
66.758
66.746
66.734
66.722
66.71
66.698
66.686
66.674
66.812
66.8
66.788
66.776
66.764
66.752
66.74
66.728
66.716
66.704
66.692
66.68
66.818
66.806
66.794
66.782
66.77
66.758
66.746
66.734
66.722
66.71
66.698
66.686
66.674
66.812
66.8
66.788
66.776
66.764
66.752
66.74
66.728
66.716
66.704
66.692
66.68
66.818
66.806
66.794
66.782
66.77
66.758
66.746
66.734
66.722
66.71
66.698
66.686
66.674
66.812
66.8
66.788
66.776
66.764
66.752
66.74
66.728
66.716
66.704
66.692
66.68
66.818
66.806
66.794
66.782
66.77
66.758
66.746
66.734
66.722
66.71
66.698
66.686
66.674
66.812
66.8
66.788
66.776
66.764
66.752
66.74
66.728
66.716
66.704
66.692
66.68
66.818
66.806
66.794
66.782
66.77
66.758
66.746
66.734
66.722
66.71
66.698
66.686
66.674
66.812
66.8
66.788
66.776
66.764
66.752
66.74
66.728
66.716
66.704
66.692
66.68
66.818
66.806
66.794
66.782
66.77
66.758
66.746
66.734
66.722
66.71
66.698
66.686
66.674
66.812
66.8
66.788
66.776
66.764
66.752
66.74
66.728
66.716
66.704
66.692
66.68
66.818
66.806
66.794
66.782
66.77
66.758
66.746
66.734
66.722
66.71
66.698
66.686
66.674
66.812
66.8
66.788
66.776
66.764
66.752
66.74
66.728
66.716
66.704
66.692
66.68
66.818
66.806
66.794
66.782
66.77
66.758
66.746
66.734
66.722
66.71
66.698
66.686
66.674
66.812
66.8
66.788
66.776
66.764
66.752
66.74
66.728
66.716
66.704
66.692
66.68
66.818
66.806
66.794
66.782
66.77
66.758
66.746
66.734
66.722
66.71
66.698
66.686
66.674
66.812
66.8
66.788
66.776
66.764
66.752
66.74
66.728
66.716
66.704
66.692
66.68
66.818
66.806
66.794
66.782
66.77
66.758
66.746
66.734
66.722
66.71
66.698
66.686
66.674
66.812
66.8
66.788
66.776
66.764
66.752
66.74
66.728
66.716
66.704
66.692
66.68
66.818
66.806
66.794
66.782
66.77
66.758
66.746
66.734
66.722
66.71
66.698
66.686
66.674
66.812
66.8
66.788
66.776
66.764
66.752
66.74
66.728
66.716
66.704
66.692
66.68
66.818
66.806
66.794
66.782
66.77
66.758
66.746
66.734
66.722
66.71
66.698
66.686
66.674
66.812
66.8
66.788
66.776
66.764
66.752
66.74
66.728
66.716
66.704
66.692
66.68
66.818
66.806
66.794
66.782
66.77
66.758
66.746
66.734
66.722
66.71
66.698
66.686
66.674
66.812
66.8
66.788
66.776
66.764
66.752
66.74
66.728
66.716
66.704
66.692
66.68
66.818
66.806
66.794
66.782
66.77
66.758
66.746
66.734
66.722
66.71
66.698
66.686
66.674
66.812
66.8
66.788
66.776
66.764
66.752
66.74
66.728
66.716
66.704
66.692
66.68
66.818
66.806
66.794
66.782
66.77
66.758
66.746
66.734
66.722
66.71
66.698
66.686
66.674
66.812
66.8
66.788
66.776
66.764
66.752
66.74
66.728
66.716
66.704
66.692
66.68
66.818
66.806
66.794
66.782
66.77
66.758
66.746
66.734
66.722
66.71
66.698
66.686
66.674
66.812
66.8
66.788
66.776
66.764
66.752
66.74
66.728
66.716
66.704
66.692
66.68
66.818
66.806
66.794
66.782
66.77
66.758
66.746
66.734
66.722
66.71
66.698
66.686
66.674
66.812
66.8
66.788
66.776
66.764
66.752
66.74
66.728
66.716
66.704
66.692
66.68
66.818
66.806
66.794
66.782
66.77
66.758
66.746
66.734
66.722
66.71
66.698
66.686
66.674
66.812
66.8
66.788
66.776
66.764
66.752
66.74
66.728
66.716
66.704
66.692
66.68
66.818
66.806
66.794
66.782
66.77
66.758
66.746
66.734
66.722
66.71
66.698
66.686
66.674
66.812
66.8
66.788
66.776
66.764
66.752
66.74
66.728
66.716
66.704
66.692
66.68
66.818
66.806
66.794
66.782
66.77
66.758
66.746
66.734
66.722
66.71
66.698
66.686
66.674
66.812
66.8
66.788
66.776
66.764
66.752
66.74
66.728
66.716
66.704
66.692
66.68
66.818
66.806
66.794
66.782
66.77
66.758
66.746
66.734
66.722
66.71
66.698
66.686
66.674
66.812
66.8
66.788
66.776
66.764
66.752
66.74
66.728
66.716
66.704
66.692
66.68
66.818
66.806
66.794
66.782
66.77
66.758
66.746
66.734
66.722
66.71
66.698
66.686
66.674
66.812
66.8
66.788
66.776
66.764
66.752
66.74
66.728
66.716
66.704
66.692
66.68
66.818
66.806
66.794
66.782
66.77
66.758
66.746
66.734
66.722
66.71
66.698
66.686
66.674
66.812
66.8
66.788
66.776
66.764
66.752
66.74
66.728
66.716
66.704
66.692
66.68
66.818
66.806
66.794
66.782
66.77
66.758
66.746
66.734
66.722
66.71
66.698
66.686
66.674
66.812
66.8
66.788
66.776
66.764
66.752
66.74
66.728
66.716
66.704
66.692
66.68
66.818
66.806
66.794
66.782
66.77
66.758
66.746
66.734
66.722
66.71
66.698
66.686
66.674
66.812
66.8
66.788
66.776
66.764
66.752
66.74
66.728
66.716
66.704
66.692
66.68
66.818
66.806
66.794
66.782
66.77
66.758
66.746
66.734
66.722
66.71
66.698
66.686
66.674
66.812
66.8
66.788
66.776
66.764
66.752
66.74
66.728
66.716
66.704
66.692
66.68
66.818
66.806
66.794
66.782
66.77
66.758
66.746
66.734
66.722
66.71
66.698
66.686
66.674
66.812
66.8
66.788
66.776
66.764
66.752
66.74
66.728
66.716
66.704
66.692
66.68
66.818
66.806
66.794
66.782
66.77
66.758
66.746
66.734
66.722
66.71
66.698
66.686
66.674
66.812
66.8
66.788
66.776
66.764
66.752
66.74
66.728
66.716
66.704
66.692
66.68
66.818
66.806
66.794
66.782
66.77
66.758
66.746
66.734
66.722
66.71
66.698
66.686
66.674
66.812
66.8
66.788
66.776
66.764
66.752
66.74
66.728
66.716
66.704
66.692
66.68
66.818
66.806
66.794
66.782
66.77
66.758
66.746
66.734
66.722
66.71
66.698
66.686
66.674
66.812
66.8
66.788
66.776
66.764
66.752
66.74
66.728
66.716
66.704
66.692
66.68
66.818
66.806
66.794
66.782
66.77
66.758
66.746
66.734
66.722
66.71
66.698
66.686
66.674
66.812
66.8
66.788
66.776
66.764
66.752
66.74
66.728
66.716
66.704
66.692
66.68
66.818
66.806
66.794
66.782
66.77
66.758
66.746
66.734
66.722
66.71
66.698
66.686
66.674
66.812
66.8
66.788
66.776
66.764
66.752
66.74
66.728
66.716
66.704
66.692
66.68
66.818
66.806
66.794
66.782
66.77
66.758
66.746
66.734
66.722
66.71
66.698
66.686
66.674
66.812
66.8
66.788
66.776
66.764
66.752
66.74
66.728
66.716
66.704
66.692
66.68
66.818
66.806
66.794
66.782
66.77
66.758
66.746
66.734
66.722
66.71
66.698
66.686
66.674
66.812
66.8
66.788
66.776
66.764
66.752
66.74
66.728
66.716
66.704
66.692
66.68
66.818
66.806
66.794
66.782
66.77
66.758
66.746
66.734
66.722
66.71
66.698
66.686
66.674
66.812
66.8
66.788
66.776
66.764
66.752
66.74
66.728
66.716
66.704
66.692
66.68
66.818
66.806
66.794
66.782
66.77
66.758
66.746
66.734
66.722
66.71
66.698
66.686
66.674
66.812
66.8
66.788
66.776
66.764
66.752
66.74
66.728
66.716
66.704
66.692
66.68
66.818
66.806
66.794
66.782
66.77
66.758
66.746
66.734
66.722
66.71
66.698
66.686
66.674
66.812
66.8
66.788
66.776
66.764
66.752
66.74
66.728
66.716
66.704
66.692
66.68
66.818
66.806
66.794
66.782
66.77
66.758
66.746
66.734
66.722
66.71
66.698
66.686
66.674
66.812
66.8
66.788
66.776
66.764
66.752
66.74
66.728
66.716
66.704
66.692
66.68
66.818
66.806
66.794
66.782
66.77
66.758
66.746
66.734
66.722
66.71
66.698
66.686
66.674
66.812
66.8
66.788
66.776
66.764
66.752
66.74
66.728
66.716
66.704
66.692
66.68
66.818
66.806
66.794
66.782
66.77
66.758
66.746
66.734
66.722
66.71
66.698
66.686
66.674
66.812
66.8
66.788
66.776
66.764
66.752
66.74
66.728
66.716
66.704
66.692
66.68
66.818
66.806
66.794
66.782
66.77
66.758
66.746
66.734
66.722
66.71
66.698
66.686
66.674
66.812
66.8
66.788
66.776
66.764
66.752
66.74
66.728
66.716
66.704
66.692
66.68
66.818
66.806
66.794
66.782
66.77
66.758
66.746
66.734
66.722
66.71
66.698
66.686
66.674
66.812
66.8
66.788
66.776
66.764
66.752
66.74
66.728
66.716
66.704
66.692
66.68
66.818
66.806
66.794
66.782
66.77
66.758
66.746
66.734
66.722
66.71
66.698
66.686
66.674
66.812
66.8
66.788
66.776
66.764
66.752
66.74
66.728
66.716
66.704
66.692
66.68
66.818
66.806
66.794
66.782
66.77
66.758
66.746
66.734
66.722
66.71
66.698
66.686
66.674
66.812
66.8
66.788
66.776
66.764
66.752
66.74
66.728
66.716
66.704
66.692
66.68
66.818
66.806
66.794
66.782
66.77
66.758
66.746
66.734
66.722
66.71
66.698
66.686
66.674
66.812
66.8
66.788
66.776
66.764
66.752
66.74
66.728
66.716
66.704
66.692
66.68
66.818
66.806
66.794
66.782
66.77
66.758
66.746
66.734
66.722
66.71
66.698
66.686
66.674
66.812
66.8
66.788
66.776
66.764
66.752
66.74
66.728
66.716
66.704
66.692
66.68
66.818
66.806
66.794
66.782
66.77
66.758
66.746
66.734
66.722
66.71
66.698
66.686
66.674
66.812
66.8
66.788
66.776
66.764
66.752
66.74
66.728
66.716
66.704
66.692
66.68
66.818
66.806
66.794
66.782
66.77
66.758
66.746
66.734
66.722
66.71
66.698
66.686
66.674
66.812
66.8
66.788
66.776
66.764
66.752
66.74
66.728
66.716
66.704
66.692
66.68
66.818
66.806
66.794
66.782
66.77
66.758
66.746
66.734
66.722
66.71
66.698
66.686
66.674
66.812
66.8
66.788
66.776
66.764
66.752
66.74
66.728
66.716
66.704
66.692
66.68
66.818
66.806
66.794
66.782
66.77
66.758
66.746
66.734
66.722
66.71
66.698
66.686
66.674
66.812
66.8
66.788
66.776
66.764
66.752
66.74
66.728
66.716
66.704
66.692
66.68
66.818
66.806
66.794
66.782
66.77
66.758
66.746
66.734
66.722
66.71
66.698
66.686
66.674
66.812
66.8
66.788
66.776
66.764
66.752
66.74
66.728
66.716
66.704
66.692
66.68
66.818
66.806
66.794
66.782
66.77
66.758
66.746
66.734
66.722
66.71
66.698
66.686
66.674
66.812
66.8
66.788
66.776
66.764
66.752
66.74
66.728
66.716
66.704
66.692
66.68
66.818
66.806
66.794
66.782
66.77
66.758
66.746
66.734
66.722
66.71
66.698
66.686
66.674
66.812
66.8
66.788
66.776
66.764
66.752
66.74
66.728
66.716
66.704
66.692
66.68
66.818
66.806
66.794
66.782
66.77
66.758
66.746
66.734
66.722
66.71
66.698
66.686
66.674
66.812
66.8
66.788
66.776
66.764
66.752
66.74
66.728
66.716
66.704
66.692
66.68
66.818
66.806
66.794
66.782
66.77
66.758
66.746
66.734
66.722
66.71
66.698
66.686
66.674
66.812
66.8
66.788
66.776
66.764
66.752
66.74
66.728
66.716
66.704
66.692
66.68
66.818
66.806
66.794
66.782
66.77
66.758
66.746
66.734
66.722
66.71
66.698
66.686
66.674
66.812
66.8
66.788
66.776
66.764
66.752
66.74
66.728
66.716
66.704
66.692
66.68
66.818
66.806
66.794
66.782
66.77
66.758
66.746
66.734
66.722
66.71
66.698
66.686
66.674
66.812
66.8
66.788
66.776
66.764
66.752
66.74
66.728
66.716
66.704
66.692
66.68
66.818
66.806
66.794
66.782
66.77
66.758
66.746
66.734
66.722
66.71
66.698
66.686
66.674
66.812
66.8
66.788
66.776
66.764
66.752
66.74
66.728
66.716
66.704
66.692
66.68
66.818
66.806
66.794
66.782
66.77
66.758
66.746
66.734
66.722
66.71
66.698
66.686
66.674
66.812
66.8
66.788
66.776
66.764
66.752
66.74
66.728
66.716
66.704
66.692
66.68
66.818
66.806
66.794
66.782
66.77
66.758
66.746
66.734
66.722
66.71
66.698
66.686
66.674
66.812
66.8
66.788
66.776
66.764
66.752
66.74
66.728
66.716
66.704
66.692
66.68
66.818
66.806
66.794
66.782
66.77
66.758
66.746
66.734
66.722
66.71
66.698
66.686
66.674
66.812
66.8
66.788
66.776
66.764
66.752
66.74
66.728
66.716
66.704
66.692
66.68
66.818
66.806
66.794
66.782
66.77
66.758
66.746
66.734
66.722
66.71
66.698
66.686
66.674
66.812
66.8
66.788
66.776
66.764
66.752
66.74
66.728
66.716
66.704
66.692
66.68
66.818
66.806
66.794
66.782
66.77
66.758
66.746
66.734
66.722
66.71
66.698
66.686
66.674
66.812
66.8
66.788
66.776
66.764
66.752
66.74
66.728
66.716
66.704
66.692
66.68
66.818
66.806
66.794
66.782
66.77
66.758
66.746
66.734
66.722
66.71
66.698
66.686
66.674
66.812
66.8
66.788
66.776
66.764
66.752
66.74
66.728
66.716
66.704
66.692
66.68
66.818
66.806
66.794
66.782
66.77
66.758
66.746
66.734
66.722
66.71
66.698
66.686
66.674
66.812
66.8
66.788
66.776
66.764
66.752
66.74
66.728
66.716
66.704
66.692
66.68
66.818
66.806
66.794
66.782
66.77
66.758
66.746
66.734
66.722
66.71
66.698
66.686
66.674
66.812
66.8
66.788
66.776
66.764
66.752
66.74
66.728
66.716
66.704
66.692
66.68
66.818
66.806
66.794
66.782
66.77
66.758
66.746
66.734
66.722
66.71
66.698
66.686
66.674
66.812
66.8
66.788
66.776
66.764
66.752
66.74
66.728
66.716
66.704
66.692
66.68
66.818
66.806
66.794
66.782
66.77
66.758
66.746
66.734
66.722
66.71
66.698
66.686
66.674
66.812
66.8
66.788
66.776
66.764
66.752
66.74
66.728
66.716
66.704
66.692
66.68
66.818
66.806
66.794
66.782
66.77
66.758
66.746
66.734
66.722
66.71
66.698
66.686
66.674
66.812
66.8
66.788
66.776
66.764
66.752
66.74
66.728
66.716
66.704
66.692
66.68
66.818
66.806
66.794
66.782
66.77
66.758
66.746
66.734
66.722
66.71
66.698
66.686
66.674
66.812
66.8
66.788
66.776
66.764
66.752
66.74
66.728
66.716
66.704
66.692
66.68
66.818
66.806
66.794
66.782
66.77
66.758
66.746
66.734
66.722
66.71
66.698
66.686
66.674
66.812
66.8
66.788
66.776
66.764
66.752
66.74
66.728
66.716
66.704
66.692
66.68
66.818
66.806
66.794
66.782
66.77
66.758
66.746
66.734
66.722
66.71
66.698
66.686
66.674
66.812
66.8
66.788
66.776
66.764
66.752
66.74
66.728
66.716
66.704
66.692
66.68
66.818
66.806
66.794
66.782
66.77
66.758
66.746
66.734
66.722
66.71
66.698
66.686
66.674
66.812
66.8
66.788
66.776
66.764
66.752
66.74
66.728
66.716
66.704
66.692
66.68
66.818
66.806
66.794
66.782
66.77
66.758
66.746
66.734
66.722
66.71
66.698
66.686
66.674
66.812
66.8
66.788
66.776
66.764
66.752
66.74
66.728
66.716
66.704
66.692
66.68
66.818
66.806
66.794
66.782
66.77
66.758
66.746
66.734
66.722
66.71
66.698
66.686
66.674
66.812
66.8
66.788
66.776
66.764
66.752
66.74
66.728
66.716
66.704
66.692
66.68
66.818
66.806
66.794
66.782
66.77
66.758
66.746
66.734
66.722
66.71
66.698
66.686
66.674
66.812
66.8
66.788
66.776
66.764
66.752
66.74
66.728
66.716
66.704
66.692
66.68
66.818
66.806
66.794
66.782
66.77
66.758
66.746
66.734
66.722
66.71
66.698
66.686
66.674
66.812
66.8
66.788
66.776
66.764
66.752
66.74
66.728
66.716
66.704
66.692
66.68
66.818
66.806
66.794
66.782
66.77
66.758
66.746
66.734
66.722
66.71
66.698
66.686
66.674
66.812
66.8
66.788
66.776
66.764
66.752
66.74
66.728
66.716
66.704
66.692
66.68
66.818
66.806
66.794
66.782
66.77
66.758
66.746
66.734
66.722
66.71
66.698
66.686
66.674
66.812
66.8
66.788
66.776
66.764
66.752
66.74
66.728
66.716
66.704
66.692
66.68
66.818
66.806
66.794
66.782
66.77
66.758
66.746
66.734
66.722
66.71
66.698
66.686
66.674
66.812
66.8
66.788
66.776
66.764
66.752
66.74
66.728
66.716
66.704
66.692
66.68
66.818
66.806
66.794
66.782
66.77
66.758
66.746
66.734
66.722
66.71
66.698
66.686
66.674
66.812
66.8
66.788
66.776
66.764
66.752
66.74
66.728
66.716
66.704
66.692
66.68
66.818
66.806
66.794
66.782
66.77
66.758
66.746
66.734
66.722
66.71
66.698
66.686
66.674
66.812
66.8
66.788
66.776
66.764
66.752
66.74
66.728
66.716
66.704
66.692
66.68
66.818
66.806
66.794
66.782
66.77
66.758
66.746
66.734
66.722
66.71
66.698
66.686
66.674
66.812
66.8
66.788
66.776
66.764
66.752
66.74
66.728
66.716
66.704
66.692
66.68
66.818
66.806
66.794
66.782
66.77
66.758
66.746
66.734
66.722
66.71
66.698
66.686
66.674
66.812
66.8
66.788
66.776
66.764
66.752
66.74
66.728
66.716
66.704
66.692
66.68
66.818
66.806
66.794
66.782
66.77
66.758
66.746
66.734
66.722
66.71
66.698
66.686
66.674
66.812
66.8
66.788
66.776
66.764
66.752
66.74
