18.44
18.594
18.749
18.904
19.058
19.213
19.368
19.522
19.677
19.832
19.986
20.141
20.296
20.45
20.605
20.76
20.914
21.069
21.224
21.378
21.533
21.688
21.842
21.997
22.152
22.306
22.461
22.616
22.77
22.925
23.08
23.234
23.389
23.544
23.698
23.853
24.008
24.162
24.317
24.472
24.626
24.781
24.936
25.09
25.245
25.4
25.554
25.709
25.864
26.018
26.173
26.328
26.482
26.637
26.792
26.946
27.101
27.256
27.41
27.565
27.72
27.874
28.029
28.184
28.338
28.493
28.648
28.802
28.957
29.112
29.266
29.421
29.576
29.73
29.885
30.04
30.194
30.349
30.504
30.658
30.813
30.968
31.122
31.277
31.432
31.586
31.741
31.896
32.05
32.205
32.36
32.514
32.669
32.824
32.978
33.133
33.288
33.442
33.597
33.752
33.906
34.061
34.216
34.37
34.525
34.68
34.834
34.989
35.144
35.298
35.453
35.608
35.762
35.917
36.072
36.226
36.381
36.536
36.69
36.845
37
37.154
37.309
37.464
37.618
37.773
37.928
38.082
38.237
38.392
38.546
38.701
38.856
39.01
39.165
39.32
39.474
39.629
39.784
39.938
40.093
40.248
40.402
40.557
40.712
40.866
41.021
41.176
41.33
41.485
41.64
41.794
41.949
42.104
42.258
42.413
42.568
42.722
42.877
43.032
43.186
43.341
43.496
43.65
43.805
43.96
44.114
44.269
44.424
44.578
44.733
44.888
45.042
45.197
45.352
45.506
45.661
45.816
45.97
46.125
46.28
46.434
46.589
46.744
46.898
47.053
47.208
47.362
47.517
47.672
47.826
47.981
48.136
48.29
48.445
48.6
48.754
48.909
49.064
49.218
49.373
49.528
49.682
49.837
49.992
50.146
50.301
50.456
50.61
50.765
50.92
51.074
51.229
51.384
51.538
51.693
51.848
52.002
52.157
52.312
52.466
52.621
52.776
52.93
53.085
53.24
53.394
53.549
53.704
53.858
54.013
54.168
54.322
54.477
54.632
54.786
54.941
55.096
55.25
55.405
55.56
55.714
55.869
56.024
56.178
56.333
56.488
56.642
56.797
56.952
57.106
57.261
57.416
57.57
57.725
57.88
58.034
58.189
58.344
58.498
58.653
58.808
58.962
59.117
59.272
59.426
59.581
59.736
59.89
60.045
60.2
60.354
60.509
60.664
60.818
60.973
61.128
61.282
61.437
61.592
61.746
61.901
62.056
62.21
62.365
62.52
62.674
62.829
62.984
63.138
63.293
63.448
63.602
63.757
63.912
64.066
64.221
64.376
64.53
64.685
64.84
64.994
65.149
65.304
65.458
65.613
65.768
65.922
66.077
66.232
66.386
66.541
66.696
66.717
66.738
66.76
66.781
66.802
66.69
66.712
66.733
66.754
66.776
66.797
66.818
66.706
66.728
66.749
66.77
66.792
66.813
66.701
66.722
66.744
66.765
66.786
66.808
66.696
66.717
66.738
66.76
66.781
66.802
66.69
66.712
66.733
66.754
66.776
66.797
66.818
66.706
66.728
66.749
66.77
66.792
66.813
66.701
66.722
66.744
66.765
66.786
66.808
66.696
66.717
66.738
66.76
66.781
66.802
66.69
66.712
66.733
66.754
66.776
66.797
66.818
66.706
66.728
66.749
66.77
66.792
66.813
66.701
66.722
66.744
66.765
66.786
66.808
66.696
66.717
66.738
66.76
66.781
66.802
66.69
66.712
66.733
66.754
66.776
66.797
66.818
66.706
66.728
66.749
66.77
66.792
66.813
66.701
66.722
66.744
66.765
66.786
66.808
66.696
66.717
66.738
66.76
66.781
66.802
66.69
66.712
66.733
66.754
66.776
66.797
66.818
66.706
66.728
66.749
66.77
66.792
66.813
66.701
66.722
66.744
66.765
66.786
66.808
66.696
66.717
66.738
66.76
66.781
66.802
66.69
66.712
66.733
66.754
66.776
66.797
66.818
66.706
66.728
66.749
66.77
66.792
66.813
66.701
66.722
66.744
66.765
66.786
66.808
66.696
66.717
66.738
66.76
66.781
66.802
66.69
66.712
66.733
66.754
66.776
66.797
66.818
66.706
66.728
66.749
66.77
66.792
66.813
66.701
66.722
66.744
66.765
66.786
66.808
66.696
66.717
66.738
66.76
66.781
66.802
66.69
66.712
66.733
66.754
66.776
66.797
66.818
66.706
66.728
66.749
66.77
66.792
66.813
66.701
66.722
66.744
66.765
66.786
66.808
66.696
66.717
66.738
66.76
66.781
66.802
66.69
66.712
66.733
66.754
66.776
66.797
66.818
66.706
66.728
66.749
66.77
66.792
66.813
66.701
66.722
66.744
66.765
66.786
66.808
66.696
66.717
66.738
66.76
66.781
66.802
66.69
66.712
66.733
66.754
66.776
66.797
66.818
66.706
66.728
66.749
66.77
66.792
66.813
66.701
66.722
66.744
66.765
66.786
66.808
66.696
66.717
66.738
66.76
66.781
66.802
66.69
66.712
66.733
66.754
66.776
66.797
66.818
66.706
66.728
66.749
66.77
66.792
66.813
66.701
66.722
66.744
66.765
66.786
66.808
66.696
66.717
66.738
66.76
66.781
66.802
66.69
66.712
66.733
66.754
66.776
66.797
66.818
66.706
66.728
66.749
66.77
66.792
66.813
66.701
66.722
66.744
66.765
66.786
66.808
66.696
66.717
66.738
66.76
66.781
66.802
66.69
66.712
66.733
66.754
66.776
66.797
66.818
66.706
66.728
66.749
66.77
66.792
66.813
66.701
66.723
66.744
66.765
66.787
66.808
66.696
66.717
66.739
66.76
66.781
66.803
66.691
66.712
66.733
66.755
66.776
66.797
66.819
66.707
66.728
66.749
66.771
66.792
66.813
66.701
66.723
66.744
66.765
66.787
66.808
66.696
66.717
66.739
66.76
66.781
66.803
66.691
66.712
66.733
66.755
66.776
66.797
66.819
66.707
66.728
66.749
66.771
66.792
66.813
66.701
66.723
66.744
66.765
66.787
66.808
66.696
66.717
66.739
66.76
66.781
66.803
66.691
66.712
66.733
66.755
66.776
66.797
66.819
66.707
66.728
66.749
66.771
66.792
66.813
66.701
66.723
66.744
66.765
66.787
66.808
66.696
66.717
66.739
66.76
66.781
66.803
66.691
66.712
66.733
66.755
66.776
66.797
66.819
66.707
66.728
66.749
66.771
66.792
66.813
66.701
66.723
66.744
66.765
66.787
66.808
66.696
66.717
66.739
66.76
66.781
66.803
66.691
66.712
66.733
66.755
66.776
66.797
66.819
66.707
66.728
66.749
66.771
66.792
66.813
66.701
66.723
66.744
66.765
66.787
66.808
66.696
66.717
66.739
66.76
66.781
66.803
66.691
66.712
66.733
66.755
66.776
66.797
66.819
66.707
66.728
66.749
66.771
66.792
66.813
66.701
66.723
66.744
66.765
66.787
66.808
66.696
66.717
66.739
66.76
66.781
66.803
66.691
66.712
66.733
66.755
66.776
66.797
66.819
66.707
66.728
66.749
66.771
66.792
66.813
66.701
66.723
66.744
66.765
66.787
66.808
66.696
66.717
66.739
66.76
66.781
66.803
66.691
66.712
66.733
66.755
66.776
66.797
66.819
66.707
66.728
66.749
66.771
66.792
66.813
66.701
66.723
66.744
66.765
66.787
66.808
66.696
66.717
66.739
66.76
66.781
66.803
66.691
66.712
66.733
66.755
66.776
66.797
66.819
66.707
66.728
66.749
66.771
66.792
66.813
66.701
66.723
66.744
66.765
66.787
66.808
66.696
66.717
66.739
66.76
66.781
66.803
66.691
66.712
66.733
66.755
66.776
66.797
66.819
66.707
66.728
66.749
66.771
66.792
66.813
66.701
66.723
66.744
66.765
66.787
66.808
66.696
66.717
66.739
66.76
66.781
66.803
66.691
66.712
66.733
66.755
66.776
66.797
66.819
66.707
66.728
66.749
66.771
66.792
66.813
66.701
66.723
66.744
66.765
66.787
66.808
66.696
66.717
66.739
66.76
66.781
66.803
66.691
66.712
66.733
66.755
66.776
66.797
66.819
66.707
66.728
66.749
66.771
66.792
66.813
66.701
66.723
66.744
66.765
66.787
66.808
66.696
66.717
66.739
66.76
66.781
66.803
66.691
66.712
66.733
66.755
66.776
66.797
66.819
66.707
66.728
66.749
66.771
66.792
66.813
66.701
66.723
66.744
66.765
66.787
66.808
66.696
66.717
66.739
66.76
66.781
66.803
66.691
66.712
66.733
66.755
66.776
66.797
66.819
66.707
66.728
66.749
66.771
66.792
66.813
66.701
66.723
66.744
66.765
66.787
66.808
66.696
66.717
66.739
66.76
66.781
66.803
66.691
66.712
66.733
66.755
66.776
66.797
66.819
66.707
66.728
66.749
66.771
66.792
66.813
66.701
66.723
66.744
66.765
66.787
66.808
66.696
66.717
66.739
66.76
66.781
66.803
66.691
66.712
66.733
66.755
66.776
66.797
66.819
66.707
66.728
66.749
66.771
66.792
66.813
66.701
66.723
66.744
66.765
66.787
66.808
66.696
66.717
66.739
66.76
66.781
66.803
66.691
66.712
66.733
66.755
66.776
66.797
66.819
66.707
66.728
66.749
66.771
66.792
66.813
66.701
66.723
66.744
66.765
66.787
66.808
66.696
66.717
66.739
66.76
66.781
66.803
66.691
66.712
66.733
66.755
66.776
66.797
66.819
66.707
66.728
66.749
66.771
66.792
66.813
66.701
66.723
66.744
66.765
66.787
66.808
66.696
66.717
66.739
66.76
66.781
66.803
66.691
66.712
66.734
66.755
66.776
66.798
66.819
66.707
66.728
66.75
66.771
66.792
66.814
66.702
66.723
66.744
66.766
66.787
66.808
66.696
66.718
66.739
66.76
66.782
66.803
66.691
66.712
66.734
66.755
66.776
66.798
66.819
66.707
66.728
66.75
66.771
66.792
66.814
66.702
66.723
66.744
66.766
66.787
66.808
66.696
66.718
66.739
66.76
66.782
66.803
66.691
66.712
66.734
66.755
66.776
66.798
66.819
66.707
66.728
66.75
66.771
66.792
66.814
66.702
66.723
66.744
66.766
66.787
66.808
66.696
66.718
66.739
66.76
66.782
66.803
66.691
66.712
66.734
66.755
66.776
66.798
66.819
66.707
66.728
66.75
66.771
66.792
66.814
66.702
66.723
66.744
66.766
66.787
66.808
66.696
66.718
66.739
66.76
66.782
66.803
66.691
66.712
66.734
66.755
66.776
66.798
66.819
66.707
66.728
66.75
66.771
66.792
66.814
66.702
66.723
66.744
66.766
66.787
66.808
66.696
66.718
66.739
66.76
66.782
66.803
66.691
66.712
66.734
66.755
66.776
66.798
66.819
66.707
66.728
66.75
66.771
66.792
66.814
66.702
66.723
66.744
66.766
66.787
66.808
66.696
66.718
66.739
66.76
66.782
66.803
66.691
66.712
66.734
66.755
66.776
66.798
66.819
66.707
66.728
66.75
66.771
66.792
66.814
66.702
66.723
66.744
66.766
66.787
66.808
66.696
66.718
66.739
66.76
66.782
66.803
66.691
66.712
66.734
66.755
66.776
66.798
66.819
66.707
66.728
66.75
66.771
66.792
66.814
66.702
66.723
66.744
66.766
66.787
66.808
66.696
66.718
66.739
66.76
66.782
66.803
66.691
66.712
66.734
66.755
66.776
66.798
66.819
66.707
66.728
66.75
66.771
66.792
66.814
66.702
66.723
66.744
66.766
66.787
66.808
66.696
66.718
66.739
66.76
66.782
66.803
66.691
66.712
66.734
66.755
66.776
66.798
66.819
66.707
66.728
66.75
66.771
66.792
66.814
66.702
66.723
66.744
66.766
66.787
66.808
66.696
66.718
66.739
66.76
66.782
66.803
66.691
66.712
66.734
66.755
66.776
66.798
66.819
66.707
66.728
66.75
66.771
66.792
66.814
66.702
66.723
66.744
66.766
66.787
66.808
66.696
66.718
66.739
66.76
66.782
66.803
66.691
66.712
66.734
66.755
66.776
66.798
66.819
66.707
66.728
66.75
66.771
66.792
66.814
66.702
66.723
66.744
66.766
66.787
66.808
66.696
66.718
66.739
66.76
66.782
66.803
66.691
66.712
66.734
66.755
66.776
66.798
66.819
66.707
66.728
66.75
66.771
66.792
66.814
66.702
66.723
66.744
66.766
66.787
66.808
66.696
66.718
66.739
66.76
66.782
66.803
66.691
66.712
66.734
66.755
66.776
66.798
66.819
66.707
66.728
66.75
66.771
66.792
66.814
66.702
66.723
66.744
66.766
66.787
66.808
66.696
66.718
66.739
66.76
66.782
66.803
66.691
66.712
66.734
66.755
66.776
66.798
66.819
66.707
66.728
66.75
66.771
66.792
66.814
66.702
66.723
66.744
66.766
66.787
66.808
66.696
66.718
66.739
66.76
66.782
66.803
66.691
66.712
66.734
66.755
66.776
66.798
66.819
66.707
66.728
66.75
66.771
66.792
66.814
66.702
66.723
66.744
66.766
66.787
66.808
66.696
66.718
66.739
66.76
66.782
66.803
66.691
66.712
66.734
66.755
66.776
66.798
66.819
66.707
66.728
66.75
66.771
66.792
66.814
66.702
66.723
66.744
66.766
66.787
66.808
66.696
66.718
66.739
66.76
66.782
66.803
66.691
66.712
66.734
66.755
66.776
66.798
66.819
66.707
66.728
66.75
66.771
66.792
66.814
66.702
66.723
66.744
66.766
66.787
66.808
66.696
66.718
66.739
66.76
66.782
66.803
66.691
66.712
66.734
66.755
66.776
66.798
66.819
66.707
66.728
66.75
66.771
66.792
66.814
66.702
66.723
66.745
66.766
66.787
66.809
66.697
66.718
66.739
66.761
66.782
66.803
66.691
66.713
66.734
66.755
66.777
66.798
66.819
66.707
66.729
66.75
66.771
66.793
66.814
66.702
66.723
66.745
66.766
66.787
66.809
66.697
66.718
66.739
66.761
66.782
66.803
66.691
66.713
66.734
66.755
66.777
66.798
66.819
66.707
66.729
66.75
66.771
66.793
66.814
66.702
66.723
66.745
66.766
66.787
66.809
66.697
66.718
66.739
66.761
66.782
66.803
66.691
66.713
66.734
66.755
66.777
66.798
66.819
66.707
66.729
66.75
66.771
66.793
66.814
66.702
66.723
66.745
66.766
66.787
66.809
66.697
66.718
66.739
66.761
66.782
66.803
66.691
66.713
66.734
66.755
66.777
66.798
66.819
66.707
66.729
66.75
66.771
66.793
66.814
66.702
66.723
66.745
66.766
66.787
66.809
66.697
66.718
66.739
66.761
66.782
66.803
66.691
66.713
66.734
66.755
66.777
66.798
66.819
66.707
66.729
66.75
66.771
66.793
66.814
66.702
66.723
66.745
66.766
66.787
66.809
66.697
66.718
66.739
66.761
66.782
66.803
66.691
66.713
66.734
66.755
66.777
66.798
66.819
66.707
66.729
66.75
66.771
66.793
66.814
66.702
66.723
66.745
66.766
66.787
66.809
66.697
66.718
66.739
66.761
66.782
66.803
66.691
66.713
66.734
66.755
66.777
66.798
66.819
66.707
66.729
66.75
66.771
66.793
66.814
66.702
66.723
66.745
66.766
66.787
66.809
66.697
66.718
66.739
66.761
66.782
66.803
66.691
66.713
66.734
66.755
66.777
66.798
66.819
66.707
66.729
66.75
66.771
66.793
66.814
66.702
66.723
66.745
66.766
66.787
66.809
66.697
66.718
66.739
66.761
66.782
66.803
66.691
66.713
66.734
66.755
66.777
66.798
66.819
66.707
66.729
66.75
66.771
66.793
66.814
66.702
66.723
66.745
66.766
66.787
66.809
66.697
66.718
66.739
66.761
66.782
66.803
66.691
66.713
66.734
66.755
66.777
66.798
66.819
66.707
66.729
66.75
66.771
66.793
66.814
66.702
66.723
66.745
66.766
66.787
66.809
66.697
66.718
66.739
66.761
66.782
66.803
66.691
66.713
66.734
66.755
66.777
66.798
66.819
66.707
66.729
66.75
66.771
66.793
66.814
66.702
66.723
66.745
66.766
66.787
66.809
66.697
66.718
66.739
66.761
66.782
66.803
66.691
66.713
66.734
66.755
66.777
66.798
66.819
66.707
66.729
66.75
66.771
66.793
66.814
66.702
66.723
66.745
66.766
66.787
66.809
66.697
66.718
66.739
66.761
66.782
66.803
66.691
66.713
66.734
66.755
66.777
66.798
66.819
66.707
66.729
66.75
66.771
66.793
66.814
66.702
66.723
66.745
66.766
66.787
66.809
66.697
66.718
66.739
66.761
66.782
66.803
66.691
66.713
66.734
66.755
66.777
66.798
66.819
66.707
66.729
66.75
66.771
66.793
66.814
66.702
66.723
66.745
66.766
66.787
66.809
66.697
66.718
66.739
66.761
66.782
66.803
66.691
66.713
66.734
66.755
66.777
66.798
66.819
66.707
66.729
66.75
66.771
66.793
66.814
66.702
66.723
66.745
66.766
66.787
66.809
66.697
66.718
66.739
66.761
66.782
66.803
66.691
66.713
66.734
66.755
66.777
66.798
66.819
66.707
66.729
66.75
66.771
66.793
66.814
66.702
66.723
66.745
66.766
66.787
66.809
66.697
66.718
66.739
66.761
66.782
66.803
66.691
66.713
66.734
66.755
66.777
66.798
66.819
66.707
66.729
66.75
66.771
66.793
66.814
66.702
66.723
66.745
66.766
66.787
66.809
66.697
66.718
66.739
66.761
66.782
66.803
66.691
66.713
66.734
66.755
66.777
66.798
66.819
66.707
66.729
66.75
66.771
66.793
66.814
66.702
66.723
66.745
66.766
66.787
66.809
66.697
66.718
66.739
66.761
66.782
66.803
66.691
66.713
66.734
66.756
66.777
66.798
66.82
66.708
66.729
66.75
66.772
66.793
66.814
66.702
66.724
66.745
66.766
66.788
66.809
66.697
66.718
66.74
66.761
66.782
66.804
66.692
66.713
66.734
66.756
66.777
66.798
66.82
66.708
66.729
66.75
66.772
66.793
66.814
66.702
66.724
66.745
66.766
66.788
66.809
66.697
66.718
66.74
66.761
66.782
66.804
66.692
66.713
66.734
66.756
66.777
66.798
66.82
66.708
66.729
66.75
66.772
66.793
66.814
66.702
66.724
66.745
66.766
66.788
66.809
66.697
66.718
66.74
66.761
66.782
66.804
66.692
66.713
66.734
66.756
66.777
66.798
66.82
66.708
66.729
66.75
66.772
66.793
66.814
66.702
66.724
66.745
66.766
66.788
66.809
66.697
66.718
66.74
66.761
66.782
66.804
66.692
66.713
66.734
66.756
66.777
66.798
66.82
66.708
66.729
66.75
66.772
66.793
66.814
66.702
66.724
66.745
66.766
66.788
66.809
66.697
66.718
66.74
66.761
66.782
66.804
66.692
66.713
66.734
66.756
66.777
66.798
66.82
66.708
66.729
66.75
66.772
66.793
66.814
66.702
66.724
66.745
66.766
66.788
66.809
66.697
66.718
66.74
66.761
66.782
66.804
66.692
66.713
66.734
66.756
66.777
66.798
66.82
66.708
66.729
66.75
66.772
66.793
66.814
66.702
66.724
66.745
66.766
66.788
66.809
66.697
66.718
66.74
66.761
66.782
66.804
66.692
66.713
66.734
66.756
66.777
66.798
66.82
66.708
66.729
66.75
66.772
66.793
66.814
66.702
66.724
66.745
66.766
66.788
66.809
66.697
66.718
66.74
66.761
66.782
66.804
66.692
66.713
66.734
66.756
66.777
66.798
66.82
66.708
66.729
66.75
66.772
66.793
66.814
66.702
66.724
66.745
66.766
66.788
66.809
66.697
66.718
66.74
66.761
66.782
66.804
66.692
66.713
66.734
66.756
66.777
66.798
66.82
66.708
66.729
66.75
66.772
66.793
66.814
66.702
66.724
66.745
66.766
66.788
66.809
66.697
66.718
66.74
66.761
66.782
66.804
66.692
66.713
66.734
66.756
66.777
66.798
66.82
66.708
66.729
66.75
66.772
66.793
66.814
66.702
66.724
66.745
66.766
66.788
66.809
66.697
66.718
66.74
66.761
66.782
66.804
66.692
66.713
66.734
66.756
66.777
66.798
66.82
66.708
66.729
66.75
66.772
66.793
66.814
66.702
66.724
66.745
66.766
66.788
66.809
66.697
66.718
66.74
66.761
66.782
66.804
66.692
66.713
66.734
66.756
66.777
66.798
66.82
66.708
66.729
66.75
66.772
66.793
66.814
66.702
66.724
66.745
66.766
66.788
66.809
66.697
66.718
66.74
66.761
66.782
66.804
66.692
66.713
66.734
66.756
66.777
66.798
66.82
66.708
66.729
66.75
66.772
66.793
66.814
66.702
66.724
66.745
66.766
66.788
66.809
66.697
66.718
66.74
66.761
66.782
66.804
66.692
66.713
66.734
66.756
66.777
66.798
66.82
66.708
66.729
66.75
66.772
66.793
66.814
66.702
66.724
66.745
66.766
66.788
66.809
66.697
66.718
66.74
66.761
66.782
66.804
66.692
66.713
66.734
66.756
66.777
66.798
66.82
66.708
66.729
66.75
66.772
66.793
66.814
66.702
66.724
66.745
66.766
66.788
66.809
66.697
66.718
66.74
66.761
66.782
66.804
66.692
66.713
66.734
66.756
66.777
66.798
66.82
66.708
66.729
66.75
66.772
66.793
66.814
66.702
66.724
66.745
66.766
66.788
66.809
66.697
66.718
66.74
66.761
66.782
66.804
66.692
66.713
66.734
66.756
66.777
66.798
66.82
66.708
66.729
66.75
66.772
66.793
66.814
66.702
66.724
66.745
66.766
66.788
66.809
66.697
66.718
66.74
66.761
66.782
66.804
66.692
66.713
66.734
66.756
66.777
66.798
66.82
66.708
66.729
66.75
66.772
66.793
66.814
66.702
66.724
66.745
66.767
66.788
66.809
66.697
66.719
66.74
66.761
66.783
66.804
66.692
66.713
66.735
66.756
66.777
66.799
66.82
66.708
66.729
66.751
66.772
66.793
66.815
66.703
66.724
66.745
66.767
66.788
66.809
66.697
66.719
66.74
66.761
66.783
66.804
66.692
66.713
66.735
66.756
66.777
66.799
66.82
66.708
66.729
66.751
66.772
66.793
66.815
66.703
66.724
66.745
66.767
66.788
66.809
66.697
66.719
66.74
66.761
66.783
66.804
66.692
66.713
66.735
66.756
66.777
66.799
66.82
66.708
66.729
66.751
66.772
66.793
66.815
66.703
66.724
66.745
66.767
66.788
66.809
66.697
66.719
66.74
66.761
66.783
66.804
66.692
66.713
66.735
66.756
66.777
66.799
66.82
66.708
66.729
66.751
66.772
66.793
66.815
66.703
66.724
66.745
66.767
66.788
66.809
66.697
66.719
66.74
66.761
66.783
66.804
66.692
66.713
66.735
66.756
66.777
66.799
66.82
66.708
66.729
66.751
66.772
66.793
66.815
66.703
66.724
66.745
66.767
66.788
66.809
66.697
66.719
66.74
66.761
66.783
66.804
66.692
66.713
66.735
66.756
66.777
66.799
66.82
66.708
66.729
66.751
66.772
66.793
66.815
66.703
66.724
66.745
66.767
66.788
66.809
66.697
66.719
66.74
66.761
66.783
66.804
66.692
66.713
66.735
66.756
66.777
66.799
66.82
66.708
66.729
66.751
66.772
66.793
66.815
66.703
66.724
66.745
66.767
66.788
66.809
66.697
66.719
66.74
66.761
66.783
66.804
66.692
66.713
66.735
66.756
66.777
66.799
66.82
66.708
66.729
66.751
66.772
66.793
66.815
66.703
66.724
66.745
66.767
66.788
66.809
66.697
66.719
66.74
66.761
66.783
66.804
66.692
66.713
66.735
66.756
66.777
66.799
66.82
66.708
66.729
66.751
66.772
66.793
66.815
66.703
66.724
66.745
66.767
66.788
66.809
66.697
66.719
66.74
66.761
66.783
66.804
66.692
66.713
66.735
66.756
66.777
66.799
66.82
66.708
66.729
66.751
66.772
66.793
66.815
66.703
66.724
66.745
66.767
66.788
66.809
66.697
66.719
66.74
66.761
66.783
66.804
66.692
66.713
66.735
66.756
66.777
66.799
66.82
66.708
66.729
66.751
66.772
66.793
66.815
66.703
66.724
66.745
66.767
66.788
66.809
66.697
66.719
66.74
66.761
66.783
66.804
66.692
66.713
66.735
66.756
66.777
66.799
66.82
66.708
66.729
66.751
66.772
66.793
66.815
66.703
66.724
66.745
66.767
66.788
66.809
66.697
66.719
66.74
66.761
66.783
66.804
66.692
66.713
66.735
66.756
66.777
66.799
66.82
66.708
66.729
66.751
66.772
66.793
66.815
66.703
66.724
66.745
66.767
66.788
66.809
66.697
66.719
66.74
66.761
66.783
66.804
66.692
66.713
66.735
66.756
66.777
66.799
66.82
66.708
66.729
66.751
66.772
66.793
66.815
66.703
66.724
66.745
66.767
66.788
66.809
66.697
66.719
66.74
66.761
66.783
66.804
66.692
66.713
66.735
66.756
66.777
66.799
66.82
66.708
66.729
66.751
66.772
66.793
66.815
66.703
66.724
66.745
66.767
66.788
66.809
66.697
66.719
66.74
66.761
66.783
66.804
66.692
66.713
66.735
66.756
66.777
66.799
66.82
66.708
66.729
66.751
66.772
66.793
66.815
66.703
66.724
66.745
66.767
66.788
66.809
66.697
66.719
66.74
66.761
66.783
66.804
66.692
66.713
66.735
66.756
66.777
66.799
66.82
66.708
66.729
66.751
66.772
66.793
66.815
66.703
66.724
66.745
66.767
66.788
66.809
66.697
66.719
66.74
66.761
66.783
66.804
66.692
66.713
66.735
66.756
66.777
66.799
66.82
66.708
66.729
66.751
66.772
66.793
66.815
66.703
66.724
66.745
66.767
66.788
66.809
66.697
66.719
66.74
66.761
66.783
66.804
66.692
66.713
66.735
66.756
66.778
66.799
66.82
66.708
66.73
66.751
66.772
66.794
66.815
66.703
66.724
66.746
66.767
66.788
66.81
66.698
66.719
66.74
66.762
66.783
66.804
66.692
66.714
66.735
66.756
66.778
66.799
66.82
66.708
66.73
66.751
66.772
66.794
66.815
66.703
66.724
66.746
66.767
66.788
66.81
66.698
66.719
66.74
66.762
66.783
66.804
66.692
66.714
66.735
66.756
66.778
66.799
66.82
66.708
66.73
66.751
66.772
66.794
66.815
66.703
66.724
66.746
66.767
66.788
66.81
66.698
66.719
66.74
66.762
66.783
66.804
66.692
66.714
66.735
66.756
66.778
66.799
66.82
66.708
66.73
66.751
66.772
66.794
66.815
66.703
66.724
66.746
66.767
66.788
66.81
66.698
66.719
66.74
66.762
66.783
66.804
66.692
66.714
66.735
66.756
66.778
66.799
66.82
66.708
66.73
66.751
66.772
66.794
66.815
66.703
66.724
66.746
66.767
66.788
66.81
66.698
66.719
66.74
66.762
66.783
66.804
66.692
66.714
66.735
66.756
66.778
66.799
66.82
66.708
66.73
66.751
66.772
66.794
66.815
66.703
66.724
66.746
66.767
66.788
66.81
66.698
66.719
66.74
66.762
66.783
66.804
66.692
66.714
66.735
66.756
66.778
66.799
66.82
66.708
66.73
66.751
66.772
66.794
66.815
66.703
66.724
66.746
66.767
66.788
66.81
66.698
66.719
66.74
66.762
66.783
66.804
66.692
66.714
66.735
66.756
66.778
66.799
66.82
66.708
66.73
66.751
66.772
66.794
66.815
66.703
66.724
66.746
66.767
66.788
66.81
66.698
66.719
66.74
66.762
66.783
66.804
66.692
66.714
66.735
66.756
66.778
66.799
66.82
66.708
66.73
66.751
66.772
66.794
66.815
66.703
66.724
66.746
66.767
66.788
66.81
66.698
66.719
66.74
66.762
66.783
66.804
66.692
66.714
66.735
66.756
66.778
66.799
66.82
66.708
66.73
66.751
66.772
66.794
66.815
66.703
66.724
66.746
66.767
66.788
66.81
66.698
66.719
66.74
66.762
66.783
66.804
66.692
66.714
66.735
66.756
66.778
66.799
66.82
66.708
66.73
66.751
66.772
66.794
66.815
66.703
66.724
66.746
66.767
66.788
66.81
66.698
66.719
66.74
66.762
66.783
66.804
66.692
66.714
66.735
66.756
66.778
66.799
66.82
66.708
66.73
66.751
66.772
66.794
66.815
66.703
66.724
66.746
66.767
66.788
66.81
66.698
66.719
66.74
66.762
66.783
66.804
66.692
66.714
66.735
66.756
66.778
66.799
66.82
66.708
66.73
66.751
66.772
66.794
66.815
66.703
66.724
66.746
66.767
66.788
66.81
66.698
66.719
66.74
66.762
66.783
66.804
66.692
66.714
66.735
66.756
66.778
66.799
66.82
66.708
66.73
66.751
66.772
66.794
66.815
66.703
66.724
66.746
66.767
66.788
66.81
66.698
66.719
66.74
66.762
66.783
66.804
66.692
66.714
66.735
66.756
66.778
66.799
66.82
66.708
66.73
66.751
66.772
66.794
66.815
66.703
66.724
66.746
66.767
66.788
66.81
66.698
66.719
66.74
66.762
66.783
66.804
66.692
66.714
66.735
66.756
66.778
66.799
66.82
66.708
66.73
66.751
66.772
66.794
66.815
66.703
66.724
66.746
66.767
66.788
66.81
66.698
66.719
66.74
66.762
66.783
66.804
66.692
66.714
66.735
66.756
66.778
66.799
66.82
66.708
66.73
66.751
66.772
66.794
66.815
66.703
66.724
66.746
66.767
66.788
66.81
66.698
66.719
66.74
66.762
66.783
66.804
66.692
66.714
66.735
66.756
66.778
66.799
66.82
66.708
66.73
66.751
66.772
66.794
66.815
66.703
66.724
66.746
66.767
66.788
66.81
66.698
66.719
66.74
66.762
66.783
66.804
66.692
66.714
66.735
66.756
66.778
66.799
66.82
66.708
66.73
66.751
66.772
66.794
66.815
66.703
66.724
66.746
66.767
66.789
66.81
66.698
66.719
66.741
66.762
66.783
66.805
66.693
66.714
66.735
66.757
66.778
66.799
66.821
66.709
66.73
66.751
66.773
66.794
66.815
66.703
66.725
66.746
66.767
66.789
66.81
66.698
66.719
66.741
66.762
66.783
66.805
66.693
66.714
66.735
66.757
66.778
66.799
66.821
66.709
66.73
66.751
66.773
66.794
66.815
66.703
66.725
66.746
66.767
66.789
66.81
66.698
66.719
66.741
66.762
66.783
66.805
66.693
66.714
66.735
66.757
66.778
66.799
66.821
66.709
66.73
66.751
66.773
66.794
66.815
66.703
66.725
66.746
66.767
66.789
66.81
66.698
66.719
66.741
66.762
66.783
66.805
66.693
66.714
66.735
66.757
66.778
66.799
66.821
66.709
66.73
66.751
66.773
66.794
66.815
66.703
66.725
66.746
66.767
66.789
66.81
66.698
66.719
66.741
66.762
66.783
66.805
66.693
66.714
66.735
66.757
66.778
66.799
66.821
66.709
66.73
66.751
66.773
66.794
66.815
66.703
66.725
66.746
66.767
66.789
66.81
66.698
66.719
66.741
66.762
66.783
66.805
66.693
66.714
66.735
66.757
66.778
66.799
66.821
66.709
66.73
66.751
66.773
66.794
66.815
66.703
66.725
66.746
66.767
66.789
66.81
66.698
66.719
66.741
66.762
66.783
66.805
66.693
66.714
66.735
66.757
66.778
66.799
66.821
66.709
66.73
66.751
66.773
66.794
66.815
66.703
66.725
66.746
66.767
66.789
66.81
66.698
66.719
66.741
66.762
66.783
66.805
66.693
66.714
66.735
66.757
66.778
66.799
66.821
66.709
66.73
66.751
66.773
66.794
66.815
66.703
66.725
66.746
66.767
66.789
66.81
66.698
66.719
66.741
66.762
66.783
66.805
66.693
66.714
66.735
66.757
66.778
66.799
66.821
66.709
66.73
66.751
66.773
66.794
66.815
66.703
66.725
66.746
66.767
66.789
66.81
66.698
66.719
66.741
66.762
66.783
66.805
66.693
66.714
66.735
66.757
66.778
66.799
66.821
66.709
66.73
66.751
66.773
66.794
66.815
66.703
66.725
66.746
66.767
66.789
66.81
66.698
66.719
66.741
66.762
66.783
66.805
66.693
66.714
66.735
66.757
66.778
66.799
66.821
66.709
66.73
66.751
66.773
66.794
66.815
66.703
66.725
66.746
66.767
66.789
66.81
66.698
66.719
66.741
66.762
66.783
66.805
66.693
66.714
66.735
66.757
66.778
66.799
66.821
66.709
66.73
66.751
66.773
66.794
66.815
66.703
66.725
66.746
66.767
66.789
66.81
66.698
66.719
66.741
66.762
66.783
66.805
66.693
66.714
66.735
66.757
66.778
66.799
66.821
66.709
66.73
66.751
66.773
66.794
66.815
66.703
66.725
66.746
66.767
66.789
66.81
66.698
66.719
66.741
66.762
66.783
66.805
66.693
66.714
66.735
66.757
66.778
66.799
66.821
66.709
66.73
66.751
66.773
66.794
66.815
66.703
66.725
66.746
66.767
66.789
66.81
66.698
66.719
66.741
66.762
66.783
66.805
66.693
66.714
66.735
66.757
66.778
66.799
66.821
66.709
66.73
66.751
66.773
66.794
66.815
66.703
66.725
66.746
66.767
66.789
66.81
66.698
66.719
66.741
66.762
66.783
66.805
66.693
66.714
66.735
66.757
66.778
66.799
66.821
66.709
66.73
66.751
66.773
66.794
66.815
66.703
66.725
66.746
66.767
66.789
66.81
66.698
66.719
66.741
66.762
66.783
66.805
66.693
66.714
66.735
66.757
66.778
66.799
66.821
66.709
66.73
66.751
66.773
66.794
66.815
66.703
66.725
66.746
66.767
66.789
66.81
66.698
66.719
66.741
66.762
66.783
66.805
66.693
66.714
66.735
66.757
66.778
66.799
66.821
66.709
66.73
66.751
66.773
66.794
66.815
66.703
66.725
66.746
66.767
66.789
66.81
66.698
66.719
66.741
66.762
66.783
66.805
66.693
66.714
66.735
66.757
66.778
66.8
66.821
66.709
66.73
66.752
66.773
66.794
66.816
66.704
66.725
66.746
66.768
66.789
66.81
66.698
66.72
66.741
66.762
66.784
66.805
66.693
66.714
66.736
66.757
66.778
66.8
66.821
66.709
66.73
66.752
66.773
66.794
66.816
66.704
66.725
66.746
66.768
66.789
66.81
66.698
66.72
66.741
66.762
66.784
66.805
66.693
66.714
66.736
66.757
66.778
66.8
66.821
66.709
66.73
66.752
66.773
66.794
66.816
66.704
66.725
66.746
66.768
66.789
66.81
66.698
66.72
66.741
66.762
66.784
66.805
66.693
66.714
66.736
66.757
66.778
66.8
66.821
66.709
66.73
66.752
66.773
66.794
66.816
66.704
66.725
66.746
66.768
66.789
66.81
66.698
66.72
66.741
66.762
66.784
66.805
66.693
66.714
66.736
66.757
66.778
66.8
66.821
66.709
66.73
66.752
66.773
66.794
66.816
66.704
66.725
66.746
66.768
66.789
66.81
66.698
66.72
66.741
66.762
66.784
66.805
66.693
66.714
66.736
66.757
66.778
66.8
66.821
66.709
66.73
66.752
66.773
66.794
66.816
66.704
66.725
66.746
66.768
66.789
66.81
66.698
66.72
66.741
66.762
66.784
66.805
66.693
66.714
66.736
66.757
66.778
66.8
66.821
66.709
66.73
66.752
66.773
66.794
66.816
66.704
66.725
66.746
66.768
66.789
66.81
66.698
66.72
66.741
66.762
66.784
66.805
66.693
66.714
66.736
66.757
66.778
66.8
66.821
66.709
66.73
66.752
66.773
66.794
66.816
66.704
66.725
66.746
66.768
66.789
66.81
66.698
66.72
66.741
66.762
66.784
66.805
66.693
66.714
66.736
66.757
66.778
66.8
66.821
66.709
66.73
66.752
66.773
66.794
66.816
66.704
66.725
66.746
66.768
66.789
66.81
66.698
66.72
66.741
66.762
66.784
66.805
66.693
66.714
66.736
66.757
66.778
66.8
66.821
66.709
66.73
66.752
66.773
66.794
66.816
66.704
66.725
66.746
66.768
66.789
66.81
66.698
66.72
66.741
66.762
66.784
66.805
66.693
66.714
66.736
66.757
66.778
66.8
66.821
66.709
66.73
66.752
66.773
66.794
66.816
66.704
66.725
66.746
66.768
66.789
66.81
66.698
66.72
66.741
66.762
66.784
66.805
66.693
66.714
66.736
66.757
66.778
66.8
66.821
66.709
66.73
66.752
66.773
66.794
66.816
66.704
66.725
66.746
66.768
66.789
66.81
66.698
66.72
66.741
66.762
66.784
66.805
66.693
66.714
66.736
66.757
66.778
66.8
66.821
66.709
66.73
66.752
66.773
66.794
66.816
66.704
66.725
66.746
66.768
66.789
66.81
66.698
66.72
66.741
66.762
66.784
66.805
66.693
66.714
66.736
66.757
66.778
66.8
66.821
66.709
66.73
66.752
66.773
66.794
66.816
66.704
66.725
66.746
66.768
66.789
66.81
66.698
66.72
66.741
66.762
66.784
66.805
66.693
66.714
66.736
66.757
66.778
66.8
66.821
66.709
66.73
66.752
66.773
66.794
66.816
66.704
66.725
66.746
66.768
66.789
66.81
66.698
66.72
66.741
66.762
66.784
66.805
66.693
66.714
66.736
66.757
66.778
66.8
66.821
66.709
66.73
66.752
66.773
66.794
66.816
66.704
66.725
66.746
66.768
66.789
66.81
66.698
66.72
66.741
66.762
66.784
66.805
66.693
66.714
66.736
66.757
66.778
66.8
66.821
66.709
66.73
66.752
66.773
66.794
66.816
66.704
66.725
66.746
66.768
66.789
66.81
66.698
66.72
66.741
66.762
66.784
66.805
66.693
66.714
66.736
66.757
66.778
66.8
66.821
66.709
66.73
66.752
66.773
66.794
66.816
66.704
66.725
66.746
66.768
66.789
66.81
66.698
66.72
66.741
66.762
66.784
66.805
66.693
66.714
66.736
66.757
66.778
66.8
66.821
66.709
66.73
66.752
66.773
66.794
66.816
66.704
66.725
66.746
66.768
66.789
66.811
66.699
66.72
66.741
66.763
66.784
66.805
66.693
66.715
66.736
66.757
66.779
66.8
66.821
66.709
66.731
66.752
66.773
66.795
66.816
66.704
66.725
66.747
66.768
66.789
66.811
66.699
66.72
66.741
66.763
66.784
66.805
66.693
66.715
66.736
66.757
66.779
66.8
66.821
66.709
66.731
66.752
66.773
66.795
66.816
66.704
66.725
66.747
66.768
66.789
66.811
66.699
66.72
66.741
66.763
66.784
66.805
66.693
66.715
66.736
66.757
66.779
66.8
66.821
66.709
66.731
66.752
66.773
66.795
66.816
66.704
66.725
66.747
66.768
66.789
66.811
66.699
66.72
66.741
66.763
66.784
66.805
66.693
66.715
66.736
66.757
66.779
66.8
66.821
66.709
66.731
66.752
66.773
66.795
66.816
66.704
66.725
66.747
66.768
66.789
66.811
66.699
66.72
66.741
66.763
66.784
66.805
66.693
66.715
66.736
66.757
66.779
66.8
66.821
66.709
66.731
66.752
66.773
66.795
66.816
66.704
66.725
66.747
66.768
66.789
66.811
66.699
66.72
66.741
66.763
66.784
66.805
66.693
66.715
66.736
66.757
66.779
66.8
66.821
66.709
66.731
66.752
66.773
66.795
66.816
66.704
66.725
66.747
66.768
66.789
66.811
66.699
66.72
66.741
66.763
66.784
66.805
66.693
66.715
66.736
66.757
66.779
66.8
66.821
66.709
66.731
66.752
66.773
66.795
66.816
66.704
66.725
66.747
66.768
66.789
66.811
66.699
66.72
66.741
66.763
66.784
66.805
66.693
66.715
66.736
66.757
66.779
66.8
66.821
66.709
66.731
66.752
66.773
66.795
66.816
66.704
66.725
66.747
66.768
66.789
66.811
66.699
66.72
66.741
66.763
66.784
66.805
66.693
66.715
66.736
66.757
66.779
66.8
66.821
66.709
66.731
66.752
66.773
66.795
66.816
66.704
66.725
66.747
66.768
66.789
66.811
66.699
66.72
66.741
66.763
66.784
66.805
66.693
66.715
66.736
66.757
66.779
66.8
66.821
66.709
66.731
66.752
66.773
66.795
66.816
66.704
66.725
66.747
66.768
66.789
66.811
66.699
66.72
66.741
66.763
66.784
66.805
66.693
66.715
66.736
66.757
66.779
66.8
66.821
66.709
66.731
66.752
66.773
66.795
66.816
66.704
66.725
66.747
66.768
66.789
66.811
66.699
66.72
66.741
66.763
66.784
66.805
66.693
66.715
66.736
66.757
66.779
66.8
66.821
66.709
66.731
66.752
66.773
66.795
66.816
66.704
66.725
66.747
66.768
66.789
66.811
66.699
66.72
66.741
66.763
66.784
66.805
66.693
66.715
66.736
66.757
66.779
66.8
66.821
66.709
66.731
66.752
66.773
66.795
66.816
66.704
66.725
66.747
66.768
66.789
66.811
66.699
66.72
66.741
66.763
66.784
66.805
66.693
66.715
66.736
66.757
66.779
66.8
66.821
66.709
66.731
66.752
66.773
66.795
66.816
66.704
66.725
66.747
66.768
66.789
66.811
66.699
66.72
66.741
66.763
66.784
66.805
66.693
66.715
66.736
66.757
66.779
66.8
66.821
66.709
66.731
66.752
66.773
66.795
66.816
66.704
66.725
66.747
66.768
66.789
66.811
66.699
66.72
66.741
66.763
66.784
66.805
66.693
66.715
66.736
66.757
66.779
66.8
66.821
66.709
66.731
66.752
66.773
66.795
66.816
66.704
66.725
66.747
66.768
66.789
66.811
66.699
66.72
66.741
66.763
66.784
66.805
66.693
66.715
66.736
66.757
66.779
66.8
66.821
66.709
66.731
66.752
66.773
66.795
66.816
66.704
66.725
66.747
66.768
66.789
66.811
66.699
66.72
66.741
66.763
66.784
66.805
66.693
66.715
66.736
66.757
66.779
66.8
66.821
66.709
66.731
66.752
66.773
66.795
66.816
66.704
66.725
66.747
66.768
66.789
66.811
66.699
66.72
66.741
66.763
66.784
66.805
66.693
66.715
66.736
66.757
66.779
