21.152
21.306
21.461
21.616
21.77
21.925
22.08
22.234
22.389
22.544
22.698
22.853
23.008
23.162
23.317
23.472
23.626
23.781
23.936
24.09
24.245
24.4
24.554
24.709
24.864
25.018
25.173
25.328
25.482
25.637
25.792
25.946
26.101
26.256
26.41
26.565
26.72
26.874
27.029
27.184
27.338
27.493
27.648
27.802
27.957
28.112
28.266
28.421
28.576
28.73
28.885
29.04
29.194
29.349
29.504
29.658
29.813
29.968
30.122
30.277
30.432
30.586
30.741
30.896
31.05
31.205
31.36
31.514
31.669
31.824
31.978
32.133
32.288
32.442
32.597
32.752
32.906
33.061
33.216
33.37
33.525
33.68
33.834
33.989
34.144
34.298
34.453
34.608
34.762
34.917
35.072
35.226
35.381
35.536
35.69
35.845
36
36.154
36.309
36.464
36.618
36.773
36.928
37.082
37.237
37.392
37.546
37.701
37.856
38.01
38.165
38.32
38.474
38.629
38.784
38.938
39.093
39.248
39.402
39.557
39.712
39.866
40.021
40.176
40.33
40.485
40.64
40.794
40.949
41.104
41.258
41.413
41.568
41.722
41.877
42.032
42.186
42.341
42.496
42.65
42.805
42.96
43.114
43.269
43.424
43.578
43.733
43.888
44.042
44.197
44.352
44.506
44.661
44.816
44.97
45.125
45.28
45.434
45.589
45.744
45.898
46.053
46.208
46.362
46.517
46.672
46.826
46.981
47.136
47.29
47.445
47.6
47.754
47.909
48.064
48.218
48.373
48.528
48.682
48.837
48.992
49.146
49.301
49.456
49.61
49.765
49.92
50.074
50.229
50.384
50.538
50.693
50.848
51.002
51.157
51.312
51.466
51.621
51.776
51.93
52.085
52.24
52.394
52.549
52.704
52.858
53.013
53.168
53.322
53.477
53.632
53.786
53.941
54.096
54.25
54.405
54.56
54.714
54.869
55.024
55.178
55.333
55.488
55.642
55.797
55.952
56.106
56.261
56.416
56.57
56.725
56.88
57.034
57.189
57.344
57.498
57.653
57.808
57.962
58.117
58.272
58.426
58.581
58.736
58.89
59.045
59.2
59.354
59.509
59.664
59.818
59.973
60.128
60.282
60.437
60.592
60.746
60.901
61.056
61.21
61.365
61.52
61.674
61.829
61.984
62.138
62.293
62.448
62.602
62.757
62.912
63.066
63.221
63.376
63.53
63.685
63.84
63.994
64.149
64.304
64.458
64.613
64.768
64.922
65.077
65.232
65.386
65.541
65.696
65.85
66.005
66.16
66.314
66.469
66.624
66.778
66.933
67.088
67.242
67.397
67.552
67.706
67.861
68.016
68.17
68.325
68.48
68.634
68.789
68.944
69.098
69.253
69.408
69.562
69.717
69.872
70.026
70.181
70.336
70.49
70.645
70.8
70.954
71.109
71.264
71.418
71.573
71.728
71.882
72.037
72.192
72.346
72.501
72.656
72.81
72.965
73.12
73.274
73.429
73.584
73.738
73.893
74.048
74.202
74.357
74.512
74.666
74.821
74.976
75.13
75.285
75.44
75.594
75.749
75.904
76.058
76.213
76.368
76.522
76.677
76.832
76.986
77.141
77.296
77.45
77.605
77.76
77.914
78.069
78.224
78.378
78.533
78.688
78.842
78.997
79.152
79.306
79.461
79.616
79.77
79.925
80.08
80.234
80.389
80.544
80.698
80.853
81.008
81.162
81.317
81.472
81.626
81.781
81.936
82.09
82.245
82.4
82.554
82.709
82.864
83.018
83.173
83.328
83.482
83.637
83.792
83.946
84.101
84.256
84.41
84.565
84.72
84.874
85.029
85.184
85.338
85.493
85.648
85.802
85.957
86.112
86.266
86.421
86.576
86.73
86.885
87.04
87.194
87.349
87.504
87.658
87.813
87.968
88.122
88.277
88.432
88.586
88.741
88.896
89.05
89.205
89.36
89.514
89.669
89.824
89.978
90.133
90.288
90.442
90.597
90.752
90.906
91.061
91.216
91.37
91.525
91.68
91.834
91.989
92.144
92.298
92.453
92.608
92.762
92.917
93.072
93.226
93.381
93.536
93.69
93.845
94
94.154
94.309
94.464
94.618
94.773
94.928
95.082
95.237
95.392
95.546
95.701
95.856
96.01
96.165
96.32
96.474
96.629
96.784
96.938
97.093
97.248
97.402
97.557
97.712
97.866
98.021
98.176
98.33
98.485
98.64
98.794
98.949
99.104
99.258
99.413
99.568
99.722
99.877
100.032
100.186
100.341
100.496
100.65
100.805
100.96
101.114
101.269
101.424
101.578
101.733
101.888
102.042
102.197
102.352
102.506
102.661
102.816
102.97
103.125
103.28
103.434
103.589
103.744
103.898
104.053
104.208
104.362
104.517
104.672
104.826
104.981
105.136
105.29
105.445
105.6
105.754
105.909
106.064
106.218
106.373
106.528
106.682
106.837
106.992
107.146
107.301
107.456
107.61
107.765
107.92
108.074
108.229
108.384
108.538
108.693
108.848
109.002
109.157
109.312
109.466
109.621
109.776
109.93
110.085
110.24
110.394
110.549
110.704
110.858
111.013
111.168
111.322
111.477
111.632
111.786
111.941
112.096
112.25
112.405
112.56
112.714
112.869
113.024
113.178
113.333
113.488
113.642
113.797
113.952
114.106
114.261
114.416
114.57
114.725
114.88
115.034
115.189
115.344
115.498
115.653
115.808
115.962
116.117
116.272
116.426
116.581
116.736
116.89
117.045
117.2
117.354
117.509
117.664
117.818
117.973
118.128
118.282
118.437
118.592
118.746
118.901
119.056
119.21
119.365
119.52
119.674
119.829
119.984
120.138
120.293
120.448
120.602
120.757
120.912
121.066
121.221
121.376
121.53
121.685
121.84
121.994
122.149
122.304
122.458
122.613
122.768
122.922
123.077
123.232
123.386
123.541
123.696
123.85
124.005
124.16
124.314
124.469
124.624
124.778
124.933
125.088
125.242
125.397
125.552
125.706
125.861
126.016
126.17
126.325
126.48
126.634
126.789
126.944
127.098
127.253
127.408
127.562
127.717
127.872
128.026
128.181
128.336
128.49
128.645
128.8
128.954
129.109
129.264
129.418
129.573
129.728
129.882
130.037
130.192
130.346
130.501
130.656
130.81
130.965
131.12
131.274
131.429
131.584
131.738
131.893
132.048
132.202
132.357
132.512
132.666
132.821
132.976
133.13
133.285
133.44
133.594
133.749
133.904
134.058
134.213
134.368
134.522
134.677
134.832
134.986
135.141
135.296
135.45
135.605
135.76
135.914
136.069
136.224
136.378
136.533
136.688
136.842
136.997
137.152
137.306
137.461
137.616
137.77
137.925
138.08
138.234
138.389
138.544
138.698
138.853
139.008
139.162
139.317
139.472
139.626
139.781
139.936
140.09
140.245
140.4
140.554
140.709
140.864
141.018
141.173
141.328
141.482
141.637
141.792
141.946
142.101
142.256
142.41
142.565
142.72
142.874
143.029
143.184
143.338
143.493
143.648
143.802
143.957
144.112
144.266
144.421
144.576
144.73
144.885
145.04
145.194
145.349
145.504
145.658
145.813
145.968
146.122
146.277
146.432
146.586
146.741
146.896
147.05
147.205
147.36
147.514
147.669
147.824
147.978
148.133
148.288
148.442
148.597
148.752
148.906
149.061
149.216
149.37
149.525
149.68
149.834
149.989
150.144
150.298
150.453
150.608
150.762
150.917
151.072
151.226
151.381
151.536
151.69
151.845
152
152.154
152.309
152.464
152.618
152.773
152.928
153.082
153.237
153.392
153.546
153.701
153.856
154.01
154.165
154.32
154.474
154.629
154.784
154.938
155.093
155.248
155.402
155.557
155.712
155.866
156.021
156.176
156.33
156.485
156.64
156.794
156.949
157.104
157.258
157.413
157.568
157.722
157.877
158.032
158.186
158.341
158.496
158.65
158.805
158.96
159.114
159.269
159.424
159.578
159.733
159.888
160.042
160.197
160.352
160.506
160.661
160.816
160.97
161.125
161.28
161.434
161.589
161.744
161.898
162.053
162.208
162.362
162.517
162.672
162.826
162.981
163.136
163.29
163.445
163.6
163.754
163.909
164.064
164.218
164.373
164.528
164.682
164.837
164.992
165.146
165.301
165.456
165.61
165.765
165.92
166.074
166.229
166.384
166.538
166.693
166.848
167.002
167.157
167.312
167.466
167.621
167.776
167.93
168.085
168.24
168.394
168.549
168.704
168.858
169.013
169.168
169.322
169.477
169.632
169.786
169.941
170.096
170.25
170.405
170.56
170.714
170.869
171.024
171.178
171.333
171.488
171.642
171.797
171.952
172.106
172.261
172.416
172.57
172.725
172.88
173.034
173.189
173.344
173.498
173.653
173.808
173.962
174.117
174.272
174.426
174.581
174.736
174.89
175.045
175.2
175.354
175.509
175.664
175.819
175.973
176.128
176.283
176.437
176.592
176.747
176.901
177.056
177.211
177.365
177.52
177.675
177.829
177.984
178.139
178.293
178.448
178.603
178.757
178.912
179.067
179.221
179.376
179.531
179.685
179.84
179.995
180.149
180.304
180.459
180.613
180.768
180.923
181.077
181.232
181.387
181.541
181.696
181.851
182.005
182.16
182.315
182.469
182.624
182.779
182.933
183.088
183.243
183.397
183.552
183.707
183.861
184.016
184.171
184.325
184.48
184.635
184.789
184.944
185.099
185.253
185.408
185.563
185.717
185.872
186.027
186.181
186.336
186.491
186.645
186.8
186.955
187.109
187.264
187.419
187.573
187.728
187.883
188.037
188.192
188.347
188.501
188.656
188.811
188.965
189.12
189.275
189.429
189.584
189.739
189.893
190.048
190.203
190.357
190.512
190.667
190.821
190.976
191.131
191.285
191.44
191.595
191.749
191.904
192.059
192.213
192.368
192.523
192.677
192.832
192.987
193.141
193.296
193.451
193.605
193.76
193.915
194.069
194.224
194.379
194.533
194.688
194.843
194.997
195.152
195.307
195.461
195.616
195.771
195.925
196.08
196.235
196.389
196.544
196.699
196.853
197.008
197.163
197.317
197.472
197.627
197.781
197.936
198.091
198.245
198.4
198.555
198.709
198.864
199.019
199.173
199.328
199.483
199.637
199.792
199.947
200.101
200.256
200.411
200.565
200.72
200.875
201.029
201.184
201.339
201.493
201.648
201.803
201.957
202.112
202.267
202.421
202.576
202.731
202.885
203.04
203.195
203.349
203.504
203.659
203.813
203.968
204.123
204.277
204.432
204.587
204.741
204.896
205.051
205.205
205.36
205.515
205.669
205.824
205.979
206.133
206.288
206.443
206.597
206.752
206.907
207.061
207.216
207.371
207.525
207.68
207.835
207.989
208.144
208.299
208.453
208.608
208.763
208.917
209.072
209.227
209.381
209.536
209.691
209.845
210
210.155
210.309
210.464
210.619
210.773
210.928
211.083
211.237
211.392
211.547
211.701
211.856
212.011
212.165
212.32
212.475
212.629
212.784
212.939
213.093
213.248
213.403
213.557
213.712
213.867
214.021
214.176
214.331
214.485
214.64
214.795
214.949
215.104
215.259
215.413
215.568
215.723
215.877
216.032
216.187
216.341
216.496
216.651
216.805
216.96
217.115
217.269
217.424
217.579
217.733
217.888
218.043
218.197
218.352
218.507
218.661
218.816
218.971
219.125
219.28
219.435
219.589
219.744
219.899
220.053
220.208
220.363
220.517
220.672
220.827
220.981
221.136
221.291
221.445
221.6
221.755
221.909
222.064
222.219
222.373
222.528
222.683
222.837
222.992
223.147
223.301
223.456
223.611
223.765
223.92
224.075
224.229
224.384
224.539
224.693
224.848
225.003
225.157
225.312
225.467
225.621
225.776
225.931
226.085
226.24
226.395
226.549
226.704
226.859
227.013
227.168
227.323
227.477
227.632
227.787
227.941
228.096
228.251
228.405
228.56
228.715
228.869
229.024
229.179
229.333
229.488
229.643
229.797
229.952
230.107
230.261
230.416
230.571
230.725
230.88
231.035
231.189
231.344
231.499
231.653
231.808
231.963
232.117
232.272
232.427
232.581
232.736
232.891
233.045
233.2
233.355
233.509
233.664
233.819
233.973
234.128
234.283
234.437
234.592
234.747
234.901
235.056
235.211
235.365
235.52
235.675
235.829
235.984
236.139
236.293
236.448
236.603
236.757
236.912
237.067
237.221
237.376
237.531
237.685
237.84
237.995
238.149
238.304
238.459
238.613
238.768
238.923
239.077
239.232
239.387
239.541
239.696
239.851
240.005
240.16
240.315
240.469
240.624
240.779
240.933
241.088
241.243
241.397
241.552
241.707
241.861
242.016
242.171
242.325
242.48
242.635
242.789
242.944
243.099
243.253
243.408
243.563
243.717
243.872
244.027
244.181
244.336
244.491
244.645
244.8
244.955
245.109
245.264
245.419
245.573
245.728
245.883
246.037
246.192
246.347
246.501
246.656
246.811
246.965
247.12
247.275
247.429
247.584
247.739
247.893
248.048
248.203
248.357
248.512
248.667
248.821
248.976
249.131
249.285
249.44
249.595
249.749
249.904
250.059
250.213
250.368
250.523
250.677
250.832
250.987
251.141
251.296
251.451
251.605
251.76
251.915
252.069
252.224
252.379
252.533
252.688
252.843
252.997
253.152
253.307
253.461
253.616
253.771
253.925
254.08
254.235
254.389
254.544
254.699
254.853
255.008
255.163
255.317
255.472
255.627
255.781
255.936
256.091
256.245
256.4
256.555
256.709
256.864
257.019
257.173
257.328
257.483
257.637
257.792
257.947
258.101
258.256
258.411
258.565
258.72
258.875
259.029
259.184
259.339
259.493
259.648
259.803
259.957
260.112
260.267
260.421
260.576
260.731
260.885
261.04
261.195
261.349
261.504
261.659
261.813
261.968
262.123
262.277
262.432
262.587
262.741
262.896
263.051
263.205
263.36
263.515
263.669
263.824
263.979
264.133
264.288
264.443
264.597
264.752
264.907
265.061
265.216
265.371
265.525
265.68
265.835
265.989
266.144
266.299
266.453
266.608
266.763
266.917
267.072
267.227
267.381
267.536
267.691
267.845
268
268.155
268.309
268.464
268.619
268.773
268.928
269.083
269.237
269.392
269.547
269.701
269.856
270.011
270.165
270.32
270.475
270.629
270.784
270.939
271.093
271.248
271.403
271.557
271.712
271.867
272.021
272.176
272.331
272.485
272.64
272.795
272.949
273.104
273.259
273.413
273.568
273.723
273.877
274.032
274.187
274.341
274.496
274.651
274.805
274.96
275.115
275.269
275.424
275.579
275.733
275.888
276.043
276.197
276.352
276.507
276.661
276.816
276.971
277.125
277.28
277.435
277.589
277.744
277.899
278.053
278.208
278.363
278.517
278.672
278.827
278.981
279.136
279.291
279.445
279.6
279.755
279.909
280.064
280.219
280.373
280.528
280.683
280.837
280.992
281.147
281.301
281.456
281.611
281.765
281.92
282.075
282.229
282.384
282.539
282.693
282.848
283.003
283.157
283.312
283.467
283.621
283.776
283.931
284.085
284.24
284.395
284.549
284.704
284.859
285.013
285.168
285.323
285.477
285.632
285.787
285.941
286.096
286.251
286.405
286.56
286.715
286.869
287.024
287.179
287.333
287.488
287.643
287.797
287.952
288.107
288.261
288.416
288.571
288.725
288.88
289.035
289.189
289.344
289.499
289.653
289.808
289.963
290.117
290.272
290.427
290.581
290.736
290.891
291.045
291.2
291.355
291.509
291.664
291.819
291.973
292.128
292.283
292.437
292.592
292.747
292.901
293.056
293.211
293.365
293.52
293.675
293.829
293.984
294.139
294.293
294.448
294.603
294.757
294.912
295.067
295.221
295.376
295.531
295.685
295.84
295.995
296.149
296.304
296.459
296.613
296.768
296.923
297.077
297.232
297.387
297.541
297.696
297.851
298.005
298.16
298.315
298.469
298.624
298.779
298.933
299.088
299.243
299.397
299.552
299.707
299.861
300.016
300.171
300.325
300.48
300.635
300.789
300.944
301.099
301.253
301.408
301.563
301.717
301.872
302.027
302.181
302.336
302.491
302.645
302.8
302.955
303.109
303.264
303.419
303.573
303.728
303.883
304.037
304.192
304.347
304.501
304.656
304.811
304.965
305.12
305.275
305.429
305.584
305.739
305.893
306.048
306.203
306.357
306.512
306.667
306.821
306.976
307.131
307.285
307.44
307.595
307.749
307.904
308.059
308.213
308.368
308.523
308.677
308.832
308.987
309.141
309.296
309.451
309.605
309.76
309.915
310.069
310.224
310.379
310.533
310.688
310.843
310.997
311.152
311.307
311.461
311.616
311.771
311.925
312.08
312.235
312.389
312.544
312.699
312.853
313.008
313.163
313.317
313.472
313.627
313.781
313.936
314.091
314.245
314.4
314.555
314.709
314.864
315.019
315.173
315.328
315.483
315.637
315.792
315.947
316.101
316.256
316.411
316.565
316.72
316.875
317.029
317.184
317.339
317.493
317.648
317.803
317.957
318.112
318.267
318.421
318.576
318.731
318.885
319.04
319.195
319.349
319.504
319.659
319.813
319.968
320.123
320.277
320.432
320.587
320.741
320.896
321.051
321.205
321.36
321.515
321.669
321.824
321.979
322.133
322.288
322.443
322.597
322.752
322.907
323.061
323.216
323.371
323.525
323.68
323.835
323.989
324.144
324.299
324.453
324.608
324.763
324.917
325.072
325.227
325.381
325.536
325.691
325.845
326
326.155
326.309
326.464
326.619
326.773
326.928
327.083
327.237
327.392
327.547
327.701
327.856
328.011
328.165
328.32
328.475
328.629
328.784
328.939
329.093
329.248
329.403
329.557
329.712
329.867
330.021
330.176
330.331
330.486
330.64
330.795
330.95
331.104
331.259
331.414
331.568
331.723
331.878
332.032
332.187
332.342
332.496
332.651
332.806
332.96
333.115
333.27
333.424
333.579
333.734
333.888
334.043
334.198
334.352
334.507
334.662
334.816
334.971
335.126
335.28
335.435
335.59
335.744
335.899
336.054
336.208
336.363
336.518
336.672
336.827
336.982
337.136
337.291
337.446
337.6
337.755
337.91
337.931
337.819
337.84
337.862
337.883
337.904
337.926
337.947
337.835
337.856
337.878
337.899
337.92
337.942
337.83
337.851
337.872
337.894
337.915
337.936
337.824
337.846
337.867
337.888
337.91
337.931
337.819
337.84
337.862
337.883
337.904
337.926
337.947
337.835
337.856
337.878
337.899
337.92
337.942
337.83
337.851
337.872
337.894
337.915
337.936
337.824
337.846
337.867
337.888
337.91
337.931
337.819
337.84
337.862
337.883
337.904
337.926
337.947
337.835
337.856
337.878
337.899
337.92
337.942
337.83
337.851
337.872
337.894
337.915
337.936
337.824
337.846
337.867
337.888
337.91
337.931
337.819
337.84
337.862
337.883
337.904
337.926
337.947
337.835
337.856
337.878
337.899
337.92
337.942
337.83
337.851
337.872
337.894
337.915
337.936
337.824
337.846
337.867
337.888
337.91
337.931
337.819
337.84
337.862
337.883
337.904
337.926
337.947
337.835
337.856
337.878
337.899
337.92
337.942
337.83
337.851
337.872
337.894
337.915
337.936
337.824
337.846
337.867
337.888
337.91
337.931
337.819
337.84
337.862
337.883
337.904
337.926
337.947
337.835
337.856
337.878
337.899
337.92
337.942
337.83
337.851
337.872
337.894
337.915
337.936
337.824
337.846
337.867
337.888
337.91
337.931
337.819
337.84
337.862
337.883
337.904
337.926
337.947
337.835
337.856
337.878
337.899
337.92
337.942
337.83
337.851
337.872
337.894
337.915
337.936
337.824
337.846
337.867
337.888
337.91
337.931
337.819
337.84
337.862
337.883
337.904
337.926
337.947
337.835
337.856
337.878
337.899
337.92
337.942
337.83
337.851
337.872
337.894
337.915
337.936
337.824
337.846
337.867
337.888
337.91
337.931
337.819
337.84
337.862
337.883
337.904
337.926
337.947
337.835
337.856
337.878
337.899
337.92
337.942
337.83
337.851
337.872
337.894
337.915
337.936
337.824
337.846
337.867
337.888
337.91
337.931
337.819
337.84
337.862
337.883
337.904
337.926
337.947
337.835
337.856
337.878
337.899
337.92
337.942
337.83
337.851
337.872
337.894
337.915
337.936
337.824
337.846
337.867
337.888
337.91
337.931
337.819
337.84
337.862
337.883
337.904
337.926
337.947
337.835
337.856
337.878
337.899
337.92
337.942
337.83
337.851
337.872
337.894
337.915
337.936
337.824
337.846
337.867
337.888
337.91
337.931
337.819
337.84
337.862
337.883
337.904
337.926
337.947
337.835
337.856
337.878
337.899
337.92
337.942
337.83
337.851
337.872
337.894
337.915
337.936
337.824
337.846
337.867
337.888
337.91
337.931
337.819
337.84
337.862
337.883
337.904
337.926
337.947
337.835
337.856
337.878
337.899
337.92
337.942
337.83
337.851
337.872
337.894
337.915
337.936
337.824
337.846
337.867
337.888
337.91
337.931
337.819
337.84
337.862
337.883
337.904
337.926
337.947
337.835
337.856
337.878
337.899
337.92
337.942
337.83
337.851
337.872
337.894
337.915
337.936
337.824
337.846
337.867
337.888
337.91
337.931
337.819
337.84
337.862
337.883
337.904
337.926
337.947
337.835
337.856
337.878
337.899
337.92
337.942
337.83
337.851
337.872
337.894
337.915
337.936
337.824
337.846
337.867
337.888
337.91
337.931
337.819
337.84
337.862
337.883
337.904
337.926
337.947
337.835
337.856
337.878
337.899
337.92
337.942
337.83
337.851
337.872
337.894
337.915
337.936
337.824
337.846
337.867
337.888
337.91
337.931
337.819
337.84
337.862
337.883
337.904
337.926
337.947
337.835
337.856
337.878
337.899
337.92
337.942
337.83
337.851
337.872
337.894
337.915
337.936
337.824
337.846
337.867
337.888
337.91
337.931
337.819
337.84
337.862
337.883
337.904
337.926
337.947
337.835
337.856
337.878
337.899
337.92
337.942
337.83
337.851
337.873
337.894
337.915
337.937
337.825
337.846
337.867
337.889
337.91
337.931
337.819
337.841
337.862
337.883
337.905
337.926
337.947
337.835
337.857
337.878
337.899
337.921
337.942
337.83
337.851
337.873
337.894
337.915
337.937
337.825
337.846
337.867
337.889
337.91
337.931
337.819
337.841
337.862
337.883
337.905
337.926
337.947
337.835
337.857
337.878
337.899
337.921
337.942
337.83
337.851
337.873
337.894
337.915
337.937
337.825
337.846
337.867
337.889
337.91
337.931
337.819
337.841
337.862
337.883
337.905
337.926
337.947
337.835
337.857
337.878
337.899
337.921
337.942
337.83
337.851
337.873
337.894
337.915
337.937
337.825
337.846
337.867
337.889
337.91
337.931
337.819
337.841
337.862
337.883
337.905
337.926
337.947
337.835
337.857
337.878
337.899
337.921
337.942
337.83
337.851
337.873
337.894
337.915
337.937
337.825
337.846
337.867
337.889
337.91
337.931
337.819
337.841
337.862
337.883
337.905
337.926
337.947
337.835
337.857
337.878
337.899
337.921
337.942
337.83
337.851
337.873
337.894
337.915
337.937
337.825
337.846
337.867
337.889
337.91
337.931
337.819
337.841
337.862
337.883
337.905
337.926
337.947
337.835
337.857
337.878
337.899
337.921
337.942
337.83
337.851
337.873
337.894
337.915
337.937
337.825
337.846
337.867
337.889
337.91
337.931
337.819
337.841
337.862
337.883
337.905
337.926
337.947
337.835
337.857
337.878
337.899
337.921
337.942
337.83
337.851
337.873
337.894
337.915
337.937
337.825
337.846
337.867
337.889
337.91
337.931
337.819
337.841
337.862
337.883
337.905
337.926
337.947
337.835
337.857
337.878
337.899
337.921
337.942
337.83
337.851
337.873
337.894
337.915
337.937
337.825
337.846
337.867
337.889
337.91
337.931
337.819
337.841
337.862
337.883
337.905
337.926
337.947
337.835
337.857
337.878
337.899
337.921
337.942
337.83
337.851
337.873
337.894
337.915
337.937
337.825
337.846
337.867
337.889
337.91
337.931
337.819
337.841
337.862
337.883
337.905
337.926
337.947
337.835
337.857
337.878
337.899
337.921
337.942
337.83
337.851
337.873
337.894
337.915
337.937
337.825
337.846
337.867
337.889
337.91
337.931
337.819
337.841
337.862
337.883
337.905
337.926
337.947
337.835
337.857
337.878
337.899
337.921
337.942
337.83
337.851
337.873
337.894
337.915
337.937
337.825
337.846
337.867
337.889
337.91
337.931
337.819
337.841
337.862
337.883
337.905
337.926
337.947
337.835
337.857
337.878
337.899
337.921
337.942
337.83
337.851
337.873
337.894
337.915
337.937
337.825
337.846
337.867
337.889
337.91
337.931
337.819
337.841
337.862
337.883
337.905
337.926
337.947
337.835
337.857
337.878
337.899
337.921
337.942
337.83
337.851
337.873
337.894
337.915
337.937
337.825
337.846
337.867
337.889
337.91
337.931
337.819
337.841
337.862
337.883
337.905
337.926
337.947
337.835
337.857
337.878
337.899
337.921
337.942
337.83
337.851
337.873
337.894
337.915
337.937
337.825
337.846
337.867
337.889
337.91
337.931
337.819
337.841
337.862
337.883
337.905
337.926
337.947
337.835
337.857
337.878
337.899
337.921
337.942
337.83
337.851
337.873
337.894
337.915
337.937
337.825
337.846
337.867
337.889
337.91
337.931
337.819
337.841
337.862
337.883
337.905
337.926
337.947
337.835
337.857
337.878
337.899
337.921
337.942
337.83
337.851
337.873
337.894
337.915
337.937
337.825
337.846
337.867
337.889
337.91
337.931
337.819
337.841
337.862
337.883
337.905
337.926
337.947
337.835
337.857
337.878
337.899
337.921
337.942
337.83
337.851
337.873
337.894
337.915
337.937
337.825
337.846
337.867
337.889
337.91
337.931
337.819
337.841
337.862
337.883
337.905
337.926
337.947
337.835
337.857
337.878
337.899
337.921
337.942
337.83
337.851
337.873
337.894
337.915
337.937
337.825
337.846
337.867
337.889
337.91
337.931
337.819
337.841
337.862
337.884
337.905
337.926
337.948
337.836
337.857
337.878
337.9
337.921
337.942
337.83
337.852
337.873
337.894
337.916
337.937
337.825
337.846
337.868
337.889
337.91
337.932
337.82
337.841
337.862
337.884
337.905
337.926
337.948
337.836
337.857
337.878
337.9
337.921
337.942
337.83
337.852
337.873
337.894
337.916
337.937
337.825
337.846
337.868
337.889
337.91
337.932
337.82
337.841
337.862
337.884
337.905
337.926
337.948
337.836
337.857
337.878
337.9
337.921
337.942
337.83
337.852
337.873
337.894
337.916
337.937
337.825
337.846
337.868
337.889
337.91
337.932
337.82
337.841
337.862
337.884
337.905
337.926
337.948
337.836
337.857
337.878
337.9
337.921
337.942
337.83
337.852
337.873
337.894
337.916
337.937
337.825
337.846
337.868
337.889
337.91
337.932
337.82
337.841
337.862
337.884
337.905
337.926
337.948
337.836
337.857
337.878
337.9
337.921
337.942
337.83
337.852
337.873
337.894
337.916
337.937
337.825
337.846
337.868
337.889
337.91
337.932
337.82
337.841
337.862
337.884
337.905
337.926
337.948
337.836
337.857
337.878
337.9
337.921
337.942
337.83
337.852
337.873
337.894
337.916
337.937
337.825
337.846
337.868
337.889
337.91
337.932
337.82
337.841
337.862
337.884
337.905
337.926
337.948
337.836
337.857
337.878
337.9
337.921
337.942
337.83
337.852
337.873
337.894
337.916
337.937
337.825
337.846
337.868
337.889
337.91
337.932
337.82
337.841
337.862
337.884
337.905
337.926
337.948
337.836
337.857
337.878
337.9
337.921
337.942
337.83
337.852
337.873
337.894
337.916
337.937
337.825
337.846
337.868
337.889
337.91
337.932
337.82
337.841
337.862
337.884
337.905
337.926
337.948
337.836
337.857
337.878
337.9
337.921
337.942
337.83
337.852
337.873
337.894
337.916
337.937
337.825
337.846
337.868
337.889
337.91
337.932
337.82
337.841
337.862
337.884
337.905
337.926
337.948
337.836
337.857
337.878
337.9
337.921
337.942
337.83
337.852
337.873
337.894
337.916
337.937
337.825
337.846
337.868
337.889
337.91
337.932
337.82
337.841
337.862
337.884
337.905
337.926
337.948
337.836
337.857
337.878
337.9
337.921
337.942
337.83
337.852
337.873
337.894
337.916
337.937
337.825
337.846
337.868
337.889
337.91
337.932
337.82
337.841
337.862
337.884
337.905
337.926
337.948
337.836
337.857
337.878
337.9
337.921
337.942
337.83
337.852
337.873
337.894
337.916
337.937
337.825
337.846
337.868
337.889
337.91
337.932
337.82
337.841
337.862
337.884
337.905
337.926
337.948
337.836
337.857
337.878
337.9
337.921
337.942
337.83
337.852
337.873
337.894
337.916
337.937
337.825
337.846
337.868
337.889
337.91
337.932
337.82
337.841
337.862
337.884
337.905
337.926
337.948
337.836
337.857
337.878
337.9
337.921
337.942
337.83
337.852
337.873
337.894
337.916
337.937
337.825
337.846
337.868
337.889
337.91
337.932
337.82
337.841
337.862
337.884
337.905
337.926
337.948
337.836
337.857
337.878
337.9
337.921
337.942
337.83
337.852
337.873
337.894
337.916
337.937
337.825
337.846
337.868
337.889
337.91
337.932
337.82
337.841
337.862
337.884
337.905
337.926
337.948
337.836
337.857
337.878
337.9
337.921
337.942
337.83
337.852
337.873
337.894
337.916
337.937
337.825
337.846
337.868
337.889
337.91
337.932
337.82
337.841
337.862
337.884
337.905
337.926
337.948
337.836
337.857
337.878
337.9
337.921
337.942
337.83
337.852
337.873
337.894
337.916
337.937
337.825
337.846
337.868
337.889
337.91
337.932
337.82
337.841
337.862
337.884
337.905
337.926
337.948
337.836
337.857
337.878
337.9
337.921
337.942
337.83
337.852
337.873
337.894
337.916
337.937
337.825
337.846
337.868
337.889
337.91
337.932
337.82
337.841
337.862
337.884
337.905
337.926
337.948
337.836
337.857
337.878
337.9
337.921
337.942
337.83
337.852
337.873
337.895
337.916
337.937
337.825
337.847
337.868
337.889
337.911
337.932
337.82
337.841
337.863
337.884
337.905
337.927
337.948
337.836
337.857
337.879
337.9
337.921
337.943
337.831
337.852
337.873
337.895
337.916
337.937
337.825
337.847
337.868
337.889
337.911
337.932
337.82
337.841
337.863
337.884
337.905
337.927
337.948
337.836
337.857
337.879
337.9
337.921
337.943
337.831
337.852
337.873
337.895
337.916
337.937
337.825
337.847
337.868
337.889
337.911
337.932
337.82
337.841
337.863
337.884
337.905
337.927
337.948
337.836
337.857
337.879
337.9
337.921
337.943
337.831
337.852
337.873
337.895
337.916
337.937
337.825
337.847
337.868
337.889
337.911
337.932
337.82
337.841
337.863
337.884
337.905
337.927
337.948
337.836
337.857
337.879
337.9
337.921
337.943
337.831
337.852
337.873
337.895
337.916
337.937
337.825
337.847
337.868
337.889
337.911
337.932
337.82
337.841
337.863
337.884
337.905
337.927
337.948
337.836
337.857
337.879
337.9
337.921
337.943
337.831
337.852
337.873
337.895
337.916
337.937
337.825
337.847
337.868
337.889
337.911
337.932
337.82
337.841
337.863
337.884
337.905
337.927
337.948
337.836
337.857
337.879
337.9
337.921
337.943
337.831
337.852
337.873
337.895
337.916
337.937
337.825
337.847
337.868
337.889
337.911
337.932
337.82
337.841
337.863
337.884
337.905
337.927
337.948
337.836
337.857
337.879
337.9
337.921
337.943
337.831
337.852
337.873
337.895
337.916
337.937
337.825
337.847
337.868
337.889
337.911
337.932
337.82
337.841
337.863
337.884
337.905
337.927
337.948
337.836
337.857
337.879
337.9
337.921
337.943
337.831
337.852
337.873
337.895
337.916
337.937
337.825
337.847
337.868
337.889
337.911
337.932
337.82
337.841
337.863
337.884
337.905
337.927
337.948
337.836
337.857
337.879
337.9
337.921
337.943
337.831
337.852
337.873
337.895
337.916
337.937
337.825
337.847
337.868
337.889
337.911
337.932
337.82
337.841
337.863
337.884
337.905
337.927
337.948
337.836
337.857
337.879
337.9
337.921
337.943
337.831
337.852
337.873
337.895
337.916
337.937
337.825
337.847
337.868
337.889
337.911
337.932
337.82
337.841
337.863
337.884
337.905
337.927
337.948
337.836
337.857
337.879
337.9
337.921
337.943
337.831
337.852
337.873
337.895
337.916
337.937
337.825
337.847
337.868
337.889
337.911
337.932
337.82
337.841
337.863
337.884
337.905
337.927
337.948
337.836
337.857
337.879
337.9
337.921
337.943
337.831
337.852
337.873
337.895
337.916
337.937
337.825
337.847
337.868
337.889
337.911
337.932
337.82
337.841
337.863
337.884
337.905
337.927
337.948
337.836
337.857
337.879
337.9
337.921
337.943
337.831
337.852
337.873
337.895
337.916
337.937
337.825
337.847
337.868
337.889
337.911
337.932
337.82
337.841
337.863
337.884
337.905
337.927
337.948
337.836
337.857
337.879
337.9
337.921
337.943
337.831
337.852
337.873
337.895
337.916
337.937
337.825
337.847
337.868
337.889
337.911
337.932
337.82
337.841
337.863
337.884
337.905
337.927
337.948
337.836
337.857
337.879
337.9
337.921
337.943
337.831
337.852
337.873
337.895
337.916
337.937
337.825
337.847
337.868
337.889
337.911
337.932
337.82
337.841
337.863
337.884
337.905
337.927
337.948
337.836
337.857
337.879
337.9
337.921
337.943
337.831
337.852
337.873
337.895
337.916
337.937
337.825
337.847
337.868
337.889
337.911
337.932
337.82
337.841
337.863
337.884
337.905
337.927
337.948
337.836
337.857
337.879
337.9
337.921
337.943
337.831
337.852
337.873
337.895
337.916
337.937
337.825
337.847
337.868
337.889
337.911
337.932
337.82
337.841
337.863
337.884
337.905
337.927
337.948
337.836
337.857
337.879
337.9
337.921
337.943
337.831
337.852
337.873
337.895
337.916
337.937
337.825
337.847
337.868
337.889
337.911
337.932
337.82
337.841
337.863
337.884
337.906
337.927
337.948
337.836
337.858
337.879
337.9
337.922
337.943
337.831
337.852
337.874
337.895
337.916
337.938
337.826
337.847
337.868
337.89
337.911
337.932
337.82
337.842
337.863
337.884
337.906
337.927
337.948
337.836
337.858
337.879
337.9
337.922
337.943
337.831
337.852
337.874
337.895
337.916
337.938
337.826
337.847
337.868
337.89
337.911
337.932
337.82
337.842
337.863
337.884
337.906
337.927
337.948
337.836
337.858
337.879
337.9
337.922
337.943
337.831
337.852
337.874
337.895
337.916
337.938
337.826
337.847
337.868
337.89
337.911
337.932
337.82
337.842
337.863
337.884
337.906
337.927
337.948
337.836
337.858
337.879
337.9
337.922
337.943
337.831
337.852
337.874
337.895
337.916
337.938
337.826
337.847
337.868
337.89
337.911
337.932
337.82
337.842
337.863
337.884
337.906
337.927
337.948
337.836
337.858
337.879
337.9
337.922
337.943
337.831
337.852
337.874
337.895
337.916
337.938
337.826
337.847
337.868
337.89
337.911
337.932
337.82
337.842
337.863
337.884
337.906
337.927
337.948
337.836
337.858
337.879
337.9
337.922
337.943
337.831
337.852
337.874
337.895
337.916
337.938
337.826
337.847
337.868
337.89
337.911
337.932
337.82
337.842
337.863
337.884
337.906
337.927
337.948
337.836
337.858
337.879
337.9
337.922
337.943
337.831
337.852
337.874
337.895
337.916
337.938
337.826
337.847
337.868
337.89
337.911
337.932
337.82
337.842
337.863
337.884
337.906
337.927
337.948
337.836
337.858
337.879
337.9
337.922
337.943
337.831
337.852
337.874
337.895
337.916
337.938
337.826
337.847
337.868
337.89
337.911
337.932
337.82
337.842
337.863
337.884
337.906
337.927
337.948
337.836
337.858
337.879
337.9
337.922
337.943
337.831
337.852
337.874
337.895
337.916
337.938
337.826
337.847
337.868
337.89
337.911
337.932
337.82
337.842
337.863
337.884
337.906
337.927
337.948
337.836
337.858
337.879
337.9
337.922
337.943
337.831
337.852
337.874
337.895
337.916
337.938
337.826
337.847
337.868
337.89
337.911
337.932
337.82
337.842
337.863
337.884
337.906
337.927
337.948
337.836
337.858
337.879
337.9
337.922
337.943
337.831
337.852
337.874
337.895
337.916
337.938
337.826
337.847
337.868
337.89
337.911
337.932
337.82
337.842
337.863
337.884
337.906
337.927
337.948
337.836
337.858
337.879
337.9
337.922
337.943
337.831
337.852
337.874
337.895
337.916
337.938
337.826
337.847
337.868
337.89
337.911
337.932
337.82
337.842
337.863
337.884
337.906
337.927
337.948
337.836
337.858
337.879
337.9
337.922
337.943
337.831
337.852
337.874
337.895
337.916
337.938
337.826
337.847
337.868
337.89
337.911
337.932
337.82
337.842
337.863
337.884
337.906
337.927
337.948
337.836
337.858
337.879
337.9
337.922
337.943
337.831
337.852
337.874
337.895
337.916
337.938
337.826
337.847
337.868
337.89
337.911
337.932
337.82
337.842
337.863
337.884
337.906
337.927
337.948
337.836
337.858
337.879
337.9
337.922
337.943
337.831
337.852
337.874
337.895
337.916
337.938
337.826
337.847
337.868
337.89
337.911
337.932
337.82
337.842
337.863
337.884
337.906
337.927
337.948
337.836
337.858
337.879
337.9
337.922
337.943
337.831
337.852
337.874
337.895
337.916
337.938
337.826
337.847
337.868
337.89
337.911
337.932
337.82
337.842
337.863
337.884
337.906
337.927
337.948
337.836
337.858
337.879
337.9
337.922
337.943
337.831
337.852
337.874
337.895
337.916
337.938
337.826
337.847
337.868
337.89
337.911
337.932
337.82
337.842
337.863
337.884
337.906
337.927
337.948
337.836
337.858
337.879
337.9
337.922
337.943
337.831
337.852
337.874
337.895
337.916
337.938
337.826
337.847
337.868
337.89
337.911
337.932
337.82
337.842
337.863
337.884
337.906
337.927
337.948
337.836
337.858
337.879
337.9
337.922
337.943
337.831
337.852
337.874
337.895
337.917
337.938
337.826
337.847
337.869
337.89
337.911
337.933
337.821
337.842
337.863
337.885
337.906
337.927
337.949
337.837
337.858
337.879
337.901
337.922
337.943
337.831
337.853
337.874
337.895
337.917
337.938
337.826
337.847
337.869
337.89
337.911
337.933
337.821
337.842
337.863
337.885
337.906
337.927
337.949
337.837
337.858
337.879
337.901
337.922
337.943
337.831
337.853
337.874
337.895
337.917
337.938
337.826
337.847
337.869
337.89
337.911
337.933
337.821
337.842
337.863
337.885
337.906
337.927
337.949
337.837
337.858
337.879
337.901
337.922
337.943
337.831
337.853
337.874
337.895
337.917
337.938
337.826
337.847
337.869
337.89
337.911
337.933
337.821
337.842
337.863
337.885
337.906
337.927
337.949
337.837
337.858
337.879
337.901
337.922
337.943
337.831
337.853
337.874
337.895
337.917
337.938
337.826
337.847
337.869
337.89
337.911
337.933
337.821
337.842
337.863
337.885
337.906
337.927
337.949
337.837
337.858
337.879
337.901
337.922
337.943
337.831
337.853
337.874
337.895
337.917
337.938
337.826
337.847
337.869
337.89
337.911
337.933
337.821
337.842
337.863
337.885
337.906
337.927
337.949
337.837
337.858
337.879
337.901
337.922
337.943
337.831
337.853
337.874
337.895
337.917
337.938
337.826
337.847
337.869
337.89
337.911
337.933
337.821
337.842
337.863
337.885
337.906
337.927
337.949
337.837
337.858
337.879
337.901
337.922
337.943
337.831
337.853
337.874
337.895
337.917
337.938
337.826
337.847
337.869
337.89
337.911
337.933
337.821
337.842
337.863
337.885
337.906
337.927
337.949
337.837
337.858
337.879
337.901
337.922
337.943
337.831
337.853
337.874
337.895
337.917
337.938
337.826
337.847
337.869
337.89
337.911
337.933
337.821
337.842
337.863
337.885
337.906
337.927
337.949
337.837
337.858
337.879
337.901
337.922
337.943
337.831
337.853
337.874
337.895
337.917
337.938
337.826
337.847
337.869
337.89
337.911
337.933
337.821
337.842
337.863
337.885
337.906
337.927
337.949
337.837
337.858
337.879
337.901
337.922
337.943
337.831
337.853
337.874
337.895
337.917
337.938
337.826
337.847
337.869
337.89
337.911
337.933
337.821
337.842
337.863
337.885
337.906
337.927
337.949
337.837
337.858
337.879
337.901
337.922
337.943
337.831
337.853
337.874
337.895
337.917
337.938
337.826
337.847
337.869
337.89
337.911
337.933
337.821
337.842
337.863
337.885
337.906
337.927
337.949
337.837
337.858
337.879
337.901
337.922
337.943
337.831
337.853
337.874
337.895
337.917
337.938
337.826
337.847
337.869
337.89
337.911
337.933
337.821
337.842
337.863
337.885
337.906
337.927
337.949
337.837
337.858
337.879
337.901
337.922
337.943
337.831
337.853
337.874
337.895
337.917
337.938
337.826
337.847
337.869
337.89
337.911
337.933
337.821
337.842
337.863
337.885
337.906
337.927
337.949
337.837
337.858
337.879
337.901
337.922
337.943
337.831
337.853
337.874
337.895
337.917
337.938
337.826
337.847
337.869
337.89
337.911
337.933
337.821
337.842
337.863
337.885
337.906
337.927
337.949
337.837
337.858
337.879
337.901
337.922
337.943
337.831
337.853
337.874
337.895
337.917
337.938
337.826
337.847
337.869
337.89
337.911
337.933
337.821
337.842
337.863
337.885
337.906
337.927
337.949
337.837
337.858
337.879
337.901
337.922
337.943
337.831
337.853
337.874
337.895
337.917
337.938
337.826
337.847
337.869
337.89
337.911
337.933
337.821
337.842
337.863
337.885
337.906
337.927
337.949
337.837
337.858
337.879
337.901
337.922
337.943
337.831
337.853
337.874
337.895
337.917
337.938
337.826
337.847
337.869
337.89
337.911
337.933
337.821
337.842
337.863
337.885
337.906
337.927
337.949
337.837
337.858
337.879
337.901
337.922
337.943
337.831
337.853
337.874
337.895
337.917
337.938
337.826
337.847
337.869
337.89
337.911
337.933
337.821
337.842
337.863
337.885
337.906
337.928
337.949
337.837
337.858
337.88
337.901
337.922
337.944
337.832
337.853
337.874
337.896
337.917
337.938
337.826
337.848
337.869
337.89
337.912
337.933
337.821
337.842
337.864
337.885
337.906
337.928
337.949
337.837
337.858
337.88
337.901
337.922
337.944
337.832
337.853
337.874
337.896
337.917
337.938
337.826
337.848
337.869
337.89
337.912
337.933
337.821
337.842
337.864
337.885
337.906
337.928
337.949
337.837
337.858
337.88
337.901
337.922
337.944
337.832
337.853
337.874
337.896
337.917
337.938
337.826
337.848
337.869
337.89
337.912
337.933
337.821
337.842
337.864
337.885
337.906
337.928
337.949
337.837
337.858
337.88
337.901
337.922
337.944
337.832
337.853
337.874
337.896
337.917
337.938
337.826
337.848
337.869
337.89
337.912
337.933
337.821
337.842
337.864
337.885
337.906
337.928
337.949
337.837
337.858
337.88
337.901
337.922
337.944
337.832
337.853
337.874
337.896
337.917
337.938
337.826
337.848
337.869
337.89
337.912
337.933
337.821
337.842
337.864
337.885
337.906
337.928
337.949
337.837
337.858
337.88
337.901
337.922
337.944
337.832
337.853
337.874
337.896
337.917
337.938
337.826
337.848
337.869
337.89
337.912
337.933
337.821
337.842
337.864
337.885
337.906
337.928
337.949
337.837
337.858
337.88
337.901
337.922
337.944
337.832
337.853
337.874
337.896
337.917
337.938
337.826
337.848
337.869
337.89
337.912
337.933
337.821
337.842
337.864
337.885
337.906
337.928
337.949
337.837
337.858
337.88
337.901
337.922
337.944
337.832
337.853
337.874
337.896
337.917
337.938
337.826
337.848
337.869
337.89
337.912
337.933
337.821
337.842
337.864
337.885
337.906
337.928
337.949
337.837
337.858
337.88
337.901
337.922
337.944
337.832
337.853
337.874
337.896
337.917
337.938
337.826
337.848
337.869
337.89
337.912
337.933
337.821
337.842
337.864
337.885
337.906
337.928
337.949
337.837
337.858
337.88
337.901
337.922
337.944
337.832
337.853
337.874
337.896
337.917
337.938
337.826
337.848
337.869
337.89
337.912
337.933
337.821
337.842
337.864
337.885
337.906
337.928
337.949
337.837
337.858
337.88
337.901
337.922
337.944
337.832
337.853
337.874
337.896
337.917
337.938
337.826
337.848
337.869
337.89
337.912
337.933
337.821
337.842
337.864
337.885
337.906
337.928
337.949
337.837
337.858
337.88
337.901
337.922
337.944
337.832
337.853
337.874
337.896
337.917
337.938
337.826
337.848
337.869
337.89
337.912
337.933
337.821
337.842
337.864
337.885
337.906
337.928
337.949
337.837
337.858
337.88
337.901
337.922
337.944
337.832
337.853
337.874
337.896
337.917
337.938
337.826
337.848
337.869
337.89
337.912
337.933
337.821
337.842
337.864
337.885
337.906
337.928
337.949
337.837
337.858
337.88
337.901
337.922
337.944
337.832
337.853
337.874
337.896
337.917
337.938
337.826
337.848
337.869
337.89
337.912
337.933
337.821
337.842
337.864
337.885
337.906
337.928
337.949
337.837
337.858
337.88
337.901
337.922
337.944
337.832
337.853
337.874
337.896
337.917
337.938
337.826
337.848
337.869
337.89
337.912
337.933
337.821
337.842
337.864
337.885
337.906
337.928
337.949
337.837
337.858
337.88
337.901
337.922
337.944
337.832
337.853
337.874
337.896
337.917
337.938
337.826
337.848
337.869
337.89
337.912
337.933
337.821
337.842
337.864
337.885
337.906
337.928
337.949
337.837
337.858
337.88
337.901
337.922
337.944
337.832
337.853
337.874
337.896
337.917
337.938
337.826
337.848
337.869
337.89
337.912
337.933
337.821
337.842
337.864
337.885
337.906
337.928
337.949
337.837
337.858
337.88
337.901
337.922
337.944
337.832
337.853
337.874
337.896
337.917
337.938
337.826
337.848
337.869
337.89
337.912
337.933
337.821
337.842
337.864
337.885
337.906
337.928
337.949
337.837
337.858
337.88
337.901
337.922
337.944
337.832
337.853
337.874
337.896
337.917
337.939
337.827
337.848
337.869
337.891
337.912
337.933
337.821
337.843
337.864
337.885
337.907
337.928
337.949
337.837
337.859
337.88
337.901
337.923
337.944
337.832
337.853
337.875
337.896
337.917
337.939
337.827
337.848
337.869
337.891
337.912
337.933
337.821
337.843
337.864
337.885
337.907
337.928
337.949
337.837
337.859
337.88
337.901
337.923
337.944
337.832
337.853
337.875
337.896
337.917
337.939
337.827
337.848
337.869
337.891
337.912
337.933
337.821
337.843
337.864
337.885
337.907
337.928
337.949
337.837
337.859
337.88
337.901
337.923
337.944
337.832
337.853
337.875
337.896
337.917
337.939
337.827
337.848
337.869
337.891
337.912
337.933
337.821
337.843
337.864
337.885
337.907
337.928
337.949
337.837
337.859
337.88
337.901
337.923
337.944
337.832
337.853
337.875
337.896
337.917
337.939
337.827
337.848
337.869
337.891
337.912
337.933
337.821
337.843
337.864
337.885
337.907
337.928
337.949
337.837
337.859
337.88
337.901
337.923
337.944
337.832
337.853
337.875
337.896
337.917
337.939
337.827
337.848
337.869
337.891
337.912
337.933
337.821
337.843
337.864
337.885
337.907
337.928
337.949
337.837
337.859
337.88
337.901
337.923
337.944
337.832
337.853
337.875
337.896
337.917
337.939
337.827
337.848
337.869
337.891
337.912
337.933
337.821
337.843
337.864
337.885
337.907
337.928
337.949
337.837
337.859
337.88
337.901
337.923
337.944
337.832
337.853
337.875
337.896
337.917
337.939
337.827
337.848
337.869
337.891
337.912
337.933
337.821
337.843
337.864
337.885
337.907
337.928
337.949
337.837
337.859
337.88
337.901
337.923
337.944
337.832
337.853
337.875
337.896
337.917
337.939
337.827
337.848
337.869
337.891
337.912
337.933
337.821
337.843
337.864
337.885
337.907
337.928
337.949
337.837
337.859
337.88
337.901
337.923
337.944
337.832
337.853
337.875
337.896
337.917
337.939
337.827
337.848
337.869
337.891
337.912
337.933
337.821
337.843
337.864
337.885
337.907
337.928
337.949
337.837
337.859
337.88
337.901
337.923
337.944
337.832
337.853
337.875
337.896
337.917
337.939
337.827
337.848
337.869
337.891
337.912
337.933
337.821
337.843
337.864
337.885
337.907
337.928
337.949
337.837
337.859
337.88
337.901
337.923
337.944
337.832
337.853
337.875
337.896
337.917
337.939
337.827
337.848
337.869
337.891
337.912
337.933
337.821
337.843
337.864
337.885
337.907
337.928
337.949
337.837
337.859
337.88
337.901
337.923
337.944
337.832
337.853
337.875
337.896
337.917
337.939
337.827
337.848
337.869
337.891
337.912
337.933
337.821
337.843
337.864
337.885
337.907
337.928
337.949
337.837
337.859
337.88
337.901
337.923
337.944
337.832
337.853
337.875
337.896
337.917
337.939
337.827
337.848
337.869
337.891
337.912
337.933
337.821
337.843
337.864
337.885
337.907
337.928
337.949
337.837
337.859
337.88
337.901
337.923
337.944
337.832
337.853
337.875
337.896
337.917
337.939
337.827
337.848
337.869
337.891
337.912
337.933
337.821
337.843
337.864
337.885
337.907
337.928
337.949
337.837
337.859
337.88
337.901
337.923
337.944
337.832
337.853
337.875
337.896
337.917
337.939
337.827
337.848
337.869
337.891
337.912
337.933
337.821
337.843
337.864
337.885
337.907
337.928
337.949
337.837
337.859
337.88
337.901
337.923
337.944
337.832
337.853
337.875
337.896
337.917
337.939
337.827
337.848
337.869
337.891
337.912
337.933
337.821
337.843
337.864
337.885
337.907
337.928
337.949
337.837
337.859
337.88
337.901
337.923
337.944
337.832
337.853
337.875
337.896
337.917
337.939
337.827
337.848
337.869
337.891
337.912
337.933
337.821
337.843
337.864
337.885
337.907
337.928
337.949
337.837
337.859
337.88
337.901
337.923
337.944
337.832
337.853
337.875
337.896
337.917
337.939
337.827
337.848
337.869
337.891
337.912
337.933
337.821
337.843
337.864
337.885
337.907
