25.686
27.686
25.686
28.915
27.686
27.686
28.457
25.686
30.572
28.457
32.686
27.686
28.457
28.686
33.572
32.686
28.457
28.457
30.915
28.915
25.686
27.686
25.686
33.64
28.915
33.572
28.915
28.457
25.686
34.8
28.915
28.915
25.686
28.915
25.686
27.686
36.8
28.457
27.686
25.686
25.686
30.915
28.457
25.686
29.572
28.915
34.8
25.686
32.686
28.686
27.686
33.572
30.915
28.915
30.915
28.915
28.457
27.686
27.686
27.686
28.915
25.686
28.915
28.915
28.457
36.8
25.715
28.915
30.915
35.8
34.795
29.572
28.915
25.686
28.915
25.686
28.686
25.686
27.686
27.686
28.686
27.686
25.686
28.915
30.915
28.457
25.686
27.686
32.8
28.457
25.686
28.686
30.915
28.915
35.8
25.686
30.572
27.686
32.8
27.686
28.915
32.686
28.915
28.457
27.686
28.457
28.686
28.915
28.915
28.457
28.686
28.686
28.686
28.457
30.915
25.686
28.457
33.572
28.915
25.686
28.915
25.686
27.686
28.457
28.461
35.8
28.457
25.686
25.686
28.915
35.686
34.686
28.457
27.686
33.572
30.915
27.686
27.686
28.915
30.572
27.686
28.915
28.915
25.686
25.686
29.572
28.686
25.686
25.686
34.686
25.686
25.686
28.457
25.686
25.686
25.686
35.8
28.457
30.915
25.686
27.686
28.915
25.686
25.686
25.686
35.686
28.915
29.572
28.915
28.457
27.686
25.686
27.686
25.686
33.64
32.686
28.915
25.686
28.686
25.686
35.8
30.915
25.686
28.686
25.686
30.915
30.915
28.915
28.457
25.686
31.8
31.8
30.915
30.915
32.8
25.686
28.686
25.686
33.572
32.8
35.8
32.8
30.915
25.686
32.686
30.915
27.686
32.8
27.686
30.572
28.915
28.915
25.686
32.8
28.686
27.686
28.915
25.686
32.686
30.915
25.686
28.457
27.686
33.572
25.686
28.915
28.915
25.686
35.88
36.8
31.8
28.686
25.686
28.915
25.686
28.915
32.8
28.457
28.457
28.915
30.915
27.686
33.572
25.686
28.686
25.686
28.915
25.686
33.64
28.457
28.915
30.919
28.915
28.686
28.915
25.686
25.686
30.572
30.572
28.915
25.686
28.915
28.686
27.686
25.686
25.686
28.915
27.686
27.686
28.915
25.686
30.572
28.457
25.686
28.686
25.686
25.686
28.457
25.686
32.8
32.8
30.675
25.686
32.8
30.915
28.915
25.686
28.457
33.572
25.686
27.686
31.8
28.915
25.686
28.457
34.686
28.686
25.686
28.457
25.686
34.8
32.8
28.457
25.686
27.686
32.8
25.686
25.686
31.8
33.572
31.8
31.8
28.915
28.915
25.686
28.457
28.915
25.686
27.686
25.686
33.64
25.686
32.8
28.915
25.686
28.457
28.686
32.8
25.686
29.572
30.915
28.789
33.572
28.457
28.457
25.686
30.572
28.457
25.686
28.915
27.686
27.686
25.686
25.686
25.686
34.76
30.915
25.686
34.8
25.686
27.686
25.686
33.572
25.686
25.686
28.915
27.686
30.572
28.686
25.686
28.915
27.686
32.8
25.686
27.686
32.8
29.572
25.686
30.572
28.686
30.572
25.69
28.915
25.686
30.915
25.686
25.686
34.76
31.8
30.572
28.915
25.686
28.457
25.686
34.686
28.457
25.686
25.686
30.915
35.8
28.915
27.686
32.686
25.686
25.686
25.686
28.915
25.686
25.686
34.76
28.915
36.869
25.784
25.686
33.64
28.457
27.686
28.915
32.8
25.686
28.915
30.572
30.572
25.686
30.572
31.8
29.572
28.686
25.686
28.686
30.572
25.686
29.572
25.686
28.686
31.8
28.457
30.915
27.686
25.686
28.915
25.686
30.572
30.915
30.915
28.915
30.915
28.457
30.915
28.915
25.686
30.915
28.915
25.686
30.915
28.915
25.686
28.457
25.686
25.686
28.686
31.8
27.686
25.686
25.686
28.686
25.686
28.457
27.686
25.686
34.8
28.457
29.572
28.915
25.686
28.915
32.686
28.915
28.915
25.686
34.8
31.8
28.457
30.915
30.915
28.457
25.686
28.915
25.686
28.457
32.8
25.686
28.915
25.686
28.457
27.686
25.686
25.686
28.457
25.686
34.8
33.572
30.915
28.457
30.915
33.572
30.915
28.789
28.69
28.915
32.8
36.8
30.915
27.686
27.686
28.686
25.686
33.64
32.686
28.686
25.686
28.457
27.686
25.686
28.915
25.686
27.686
28.915
25.686
28.686
28.457
28.915
27.686
28.915
27.686
25.686
33.572
28.686
27.686
25.686
28.457
25.686
28.686
35.686
25.686
35.686
27.686
28.915
31.8
30.915
28.915
35.686
30.915
28.915
25.686
32.8
28.915
33.572
36.8
28.457
25.686
28.686
35.8
28.457
34.8
33.572
27.686
35.8
30.915
28.915
28.686
28.915
25.686
27.686
32.8
30.915
32.8
28.686
28.915
25.686
25.686
28.915
30.572
28.915
25.686
25.686
30.915
28.789
27.686
36.8
33.572
36.8
25.715
28.686
31.8
28.686
27.686
25.686
28.686
31.8
30.572
28.915
28.457
28.915
30.915
28.789
28.686
33.572
28.915
28.457
27.686
25.686
28.686
27.686
32.8
28.457
28.457
35.686
30.572
28.457
27.686
28.457
32.8
28.686
25.686
28.686
25.686
28.915
25.686
32.8
28.457
27.686
28.915
25.69
25.686
28.457
25.686
28.457
32.8
25.686
36.8
30.572
29.572
33.572
30.572
28.457
30.915
27.686
30.915
27.686
28.915
25.686
27.686
28.915
25.686
25.686
36.8
32.8
27.686
25.686
28.457
28.457
30.915
34.8
28.915
25.686
30.915
28.789
25.686
28.915
27.686
28.915
28.457
27.686
25.686
31.8
27.686
25.686
32.8
30.915
28.915
25.686
32.8
27.686
25.686
31.8
28.915
25.686
28.915
25.686
30.915
28.915
25.686
25.686
28.915
25.686
32.686
29.572
27.686
25.686
25.686
25.686
28.915
25.686
27.686
36.8
36.8
35.686
30.572
28.686
28.686
28.915
25.686
32.8
28.915
30.572
27.686
25.686
28.915
28.686
25.686
25.686
28.457
32.686
28.915
28.457
25.686
28.686
25.686
27.686
33.572
30.915
27.686
28.915
34.686
28.686
27.686
28.915
27.686
25.686
27.686
25.686
34.8
28.686
27.686
28.915
25.686
28.457
28.915
25.686
28.457
25.686
30.915
28.686
25.686
30.915
28.915
25.69
30.572
25.686
25.686
31.8
25.686
32.686
28.457
25.686
28.915
25.686
31.8
29.572
28.457
27.686
25.686
28.686
28.915
27.686
27.686
27.686
30.572
28.686
34.686
28.457
27.686
30.572
28.686
28.686
28.686
27.686
30.915
28.789
30.915
28.915
25.686
28.457
25.686
30.915
28.789
28.915
27.686
27.686
30.915
25.686
27.686
25.686
29.572
28.915
28.915
28.915
28.915
25.686
28.457
25.686
28.686
25.686
28.457
34.8
35.686
28.686
25.686
28.457
27.686
25.686
27.686
27.686
28.915
28.457
25.686
28.686
25.686
28.457
25.686
25.686
28.686
25.686
28.686
28.915
25.686
27.686
28.915
33.572
33.8
28.457
31.8
28.915
28.686
31.8
35.8
28.457
25.686
28.686
27.686
33.572
27.686
27.686
25.686
34.8
28.686
28.457
32.8
25.686
28.686
25.686
30.915
33.572
30.915
27.686
25.686
30.915
25.686
29.572
28.915
27.686
36.8
28.457
25.686
29.572
25.686
31.8
30.915
28.789
27.686
28.457
27.686
25.686
34.8
28.457
25.686
25.686
28.915
30.572
28.686
25.686
35.88
25.686
30.915
25.686
25.686
34.76
25.686
28.915
32.686
25.686
35.88
25.686
33.572
30.915
28.915
28.915
28.915
28.915
28.686
25.686
28.457
35.8
30.915
28.915
35.686
28.915
30.915
28.915
25.686
28.686
30.915
28.915
27.686
28.915
31.8
25.686
29.572
28.566
25.686
28.686
28.915
25.686
28.457
25.686
28.457
30.915
28.686
28.915
28.915
28.457
25.686
28.686
28.457
34.8
28.915
25.686
28.686
27.686
28.915
27.686
25.686
28.457
30.915
25.686
32.8
36.8
25.715
27.686
31.8
25.686
31.8
28.457
27.686
28.915
25.686
30.572
28.686
25.686
33.64
32.8
30.572
25.686
28.686
28.686
25.686
28.457
35.8
30.915
28.915
27.686
28.915
32.686
25.686
28.915
25.686
33.8
28.915
28.915
25.686
28.457
28.457
25.686
28.457
27.686
33.572
28.686
27.686
36.8
32.686
25.686
33.572
25.686
31.8
25.686
34.686
31.8
34.686
30.572
