12.457
11.457
11.457
11.457
15.572
12.457
11.457
11.457
12.457
11.457
14.457
12.457
11.457
14.457
14.457
17.572
14.572
12.457
14.457
14.686
14.457
17.029
11.544
14.572
15.915
11.549
11.457
14.457
11.457
11.457
14.457
12.457
14.457
14.572
14.572
12.457
14.457
11.457
11.457
16.8
17.572
14.686
12.56
14.572
12.457
11.457
14.457
13.686
14.457
15.686
11.457
14.457
15.915
11.549
11.457
15.572
11.457
11.457
15.572
14.457
11.457
14.457
11.457
12.457
11.457
14.686
14.686
11.457
14.686
11.457
14.572
11.457
11.457
11.457
14.686
11.457
11.457
11.457
11.457
12.457
13.692
11.566
17.915
11.457
11.457
12.457
11.457
11.457
14.457
11.457
11.457
11.457
11.457
17.915
14.686
17.572
11.457
14.686
11.457
11.457
14.686
11.457
17.572
14.457
11.457
14.457
11.457
14.686
14.686
14.686
12.56
11.555
14.8
11.555
11.457
14.686
14.686
12.457
11.457
14.457
15.915
11.549
11.457
11.457
15.572
14.457
14.576
11.457
14.457
11.457
14.686
11.457
14.572
12.457
11.457
14.686
11.457
11.457
14.686
11.457
14.686
11.457
11.457
17.572
14.457
11.457
11.457
11.457
12.457
11.457
11.457
11.457
14.572
17.915
14.457
12.457
15.932
11.566
14.457
11.457
14.686
11.457
14.457
11.457
14.686
12.457
14.812
11.566
17.572
12.457
11.457
11.457
11.457
12.457
11.457
11.457
12.457
14.686
12.56
11.457
11.457
17.572
14.457
15.686
12.457
11.457
14.572
14.572
11.457
15.915
17.572
12.457
11.457
17.029
11.544
14.457
17.572
14.457
12.457
14.457
11.457
14.686
14.457
14.457
11.457
14.572
11.457
15.572
14.572
14.457
12.457
14.457
12.457
11.457
11.457
12.457
11.457
11.457
11.457
14.457
11.457
11.457
11.457
17.572
13.686
16.8
12.457
12.457
11.457
11.457
14.457
11.457
14.457
11.457
14.457
14.686
11.457
14.457
11.457
11.457
11.457
15.572
11.457
11.457
14.457
17.572
14.457
11.457
14.457
11.457
14.572
14.576
12.457
11.457
11.457
14.686
11.457
14.457
12.457
14.457
12.457
11.457
15.686
12.457
11.457
14.686
12.457
11.457
14.457
11.457
14.686
12.56
14.457
11.457
15.915
11.549
15.915
14.572
12.457
12.457
11.457
15.686
14.686
14.457
11.457
15.686
14.686
14.457
12.457
11.458
11.457
13.686
11.56
11.457
15.572
14.572
13.686
11.56
11.457
11.457
14.686
14.457
12.457
11.457
14.457
14.572
11.457
15.572
14.572
11.457
14.457
11.457
11.457
11.457
14.686
11.457
14.457
12.457
17.052
11.566
11.457
17.915
11.457
14.572
11.457
14.572
11.457
11.457
14.572
11.457
11.457
12.457
15.686
11.457
14.686
14.572
12.457
11.457
12.457
15.686
14.686
11.457
11.457
15.915
14.457
14.686
12.56
12.457
11.457
16.8
12.457
11.457
11.457
11.457
11.457
12.457
14.457
11.457
17.029
11.544
14.686
11.457
14.686
14.457
12.457
11.457
11.457
15.686
14.686
11.457
14.686
11.457
12.457
11.457
15.915
11.457
15.576
14.8
11.555
15.686
12.457
13.692
14.572
11.457
14.457
11.457
14.457
11.457
14.686
11.457
14.457
11.457
11.457
11.457
12.457
11.457
13.686
12.457
11.457
14.457
11.457
11.457
14.686
11.457
11.457
11.457
12.457
14.8
11.457
11.457
15.572
14.572
12.457
14.686
11.457
11.457
14.457
11.457
11.457
11.457
15.686
11.457
12.457
11.457
14.686
11.457
14.457
11.457
11.457
14.686
11.457
11.457
14.457
14.8
14.686
12.56
11.555
14.572
11.457
11.457
14.457
14.457
12.457
14.572
12.457
11.457
14.457
11.457
11.457
11.457
13.686
11.56
12.457
11.457
11.457
11.457
11.457
14.572
14.457
12.457
11.457
14.686
12.457
11.457
11.457
14.457
11.457
14.457
11.457
14.457
11.457
14.8
11.555
11.457
14.686
11.457
17.029
11.544
11.457
14.686
16.8
12.457
11.457
12.457
11.457
14.457
11.457
11.457
11.457
11.457
11.457
12.457
11.457
14.686
14.686
11.457
11.457
14.457
11.457
14.457
11.457
14.461
11.457
11.457
11.457
17.572
14.457
14.686
14.8
14.457
12.457
11.457
14.572
17.572
14.686
12.56
12.457
14.686
12.56
11.555
11.457
11.457
14.457
14.686
12.56
11.555
11.457
12.457
14.457
14.457
14.572
11.457
14.457
11.457
17.572
11.457
17.572
13.686
11.457
11.457
17.572
14.686
11.457
14.686
14.686
14.457
11.457
14.457
11.457
14.457
17.572
11.457
14.686
15.92
11.555
11.457
15.572
12.457
14.686
11.457
14.457
11.457
12.457
17.572
14.686
11.457
11.457
14.686
11.457
11.457
14.686
13.686
14.686
13.686
11.56
11.457
14.457
11.457
14.457
12.457
11.457
11.457
11.457
14.457
14.686
12.457
11.457
14.457
12.457
14.457
12.457
11.457
14.457
12.457
11.457
13.686
11.56
11.457
11.457
15.686
11.457
11.457
14.8
14.572
15.915
14.457
11.457
14.457
11.457
14.457
11.457
14.457
15.915
14.457
12.457
11.457
14.686
12.457
13.692
12.457
11.457
14.457
11.457
12.457
12.457
11.457
15.69
11.457
11.457
14.686
17.572
12.457
17.915
11.457
14.686
14.686
12.56
11.457
14.686
11.457
11.457
15.686
11.457
15.572
11.457
14.572
11.457
14.572
12.457
12.457
14.686
11.457
15.572
14.572
14.457
14.686
14.457
11.457
14.457
17.915
12.457
17.572
14.457
11.457
14.686
14.686
11.457
17.572
14.572
11.457
12.457
11.458
17.572
17.915
11.457
14.8
14.686
12.457
14.457
12.457
11.457
14.457
11.457
14.457
11.457
14.572
11.457
12.457
12.457
11.457
14.457
12.457
14.457
12.457
11.457
12.457
11.457
14.457
14.572
12.457
11.457
14.457
11.457
12.457
11.457
11.457
14.686
12.56
12.457
11.457
11.457
11.457
11.457
11.457
14.457
11.457
11.457
11.457
15.915
11.549
14.686
12.457
15.686
14.686
12.457
14.572
12.457
14.572
11.457
14.686
14.457
11.457
15.572
11.457
16.8
11.457
14.457
17.029
11.544
14.686
11.457
11.457
11.457
11.457
12.457
12.457
11.457
11.457
12.457
11.457
12.457
13.692
11.566
11.457
14.686
11.457
11.457
15.686
14.686
14.457
14.457
15.686
14.68
12.555
14.686
14.457
14.457
12.457
12.457
11.457
11.457
17.572
11.457
11.457
17.572
11.457
11.457
14.686
11.457
12.457
13.686
11.457
14.457
17.029
14.686
12.56
11.457
14.457
11.457
14.686
14.457
14.457
11.457
14.457
12.457
17.052
11.566
15.915
11.549
11.457
15.572
11.457
11.457
14.572
11.457
11.457
11.457
11.457
14.457
11.457
11.457
11.457
14.457
14.457
17.572
14.457
12.457
11.457
14.457
11.457
17.572
14.457
12.457
11.457
11.457
17.572
12.457
14.457
12.457
11.457
17.572
11.457
14.572
14.457
11.457
11.457
11.457
15.686
11.457
11.457
11.457
14.686
11.457
15.572
14.686
14.686
11.457
14.686
14.457
12.457
12.457
11.457
15.915
11.549
15.572
14.457
11.457
11.457
14.572
11.457
14.457
11.457
11.457
11.457
14.686
14.572
11.457
14.457
11.457
14.457
15.915
11.457
14.686
14.686
12.461
14.572
11.457
14.686
12.56
11.457
14.686
11.457
11.457
15.686
14.572
11.457
14.686
11.457
17.572
14.457
13.686
11.56
11.457
14.457
11.457
11.457
15.915
11.457
14.686
12.457
15.932
11.566
14.572
11.457
11.457
14.457
12.457
11.457
14.572
12.457
11.457
14.572
14.686
12.567
11.561
11.457
15.686
11.457
15.915
11.549
14.686
11.457
14.457
12.457
15.686
11.457
11.457
14.572
11.457
12.457
11.457
14.572
13.686
12.457
11.457
14.572
12.457
11.457
14.457
14.686
11.457
14.686
11.457
14.686
11.457
14.457
14.572
12.457
11.457
14.686
11.457
15.915
14.572
12.457
11.457
14.686
12.457
14.572
12.457
11.457
11.457
11.457
11.457
12.457
11.457
11.457
17.572
11.457
11.457
14.457
17.915
14.572
11.457
11.457
15.686
11.457
14.572
14.457
12.457
13.692
11.457
14.686
11.457
14.457
17.572
11.457
14.572
11.457
17.572
14.8
11.555
11.457
11.457
14.686
11.457
14.457
14.686
12.56
14.572
14.686
