23.686
21.56
21.457
21.457
21.457
21.457
23.686
37.572
32.572
21.457
21.457
32.572
21.457
34.8
32.675
23.686
32.572
21.457
21.457
34.8
21.457
40.915
37.572
32.572
34.8
21.475
21.457
34.8
53.955
37.686
21.457
37.572
29.8
32.572
37.572
21.457
39.8
37.675
21.457
37.572
34.8
37.572
32.686
21.457
37.572
21.457
38.8
32.572
37.8
21.457
37.686
34.8
37.572
32.572
23.686
23.686
38.915
23.686
21.56
38.8
23.686
40.915
32.572
21.457
32.572
37.572
21.457
21.457
21.457
37.572
23.686
21.56
33.995
21.457
43.8
21.457
51.029
21.457
33.892
37.572
21.457
34.686
21.457
21.457
33.892
21.457
21.457
32.572
21.457
43.8
32.572
21.457
38.8
37.572
34.686
21.457
21.457
33.892
33.8
32.686
32.572
23.686
21.56
21.457
34.8
32.915
34.8
35.686
21.457
34.686
23.686
21.56
32.572
21.457
21.457
21.457
32.572
34.8
23.686
21.56
34.686
33.8
21.457
21.457
21.457
21.457
21.457
34.8
21.457
37.572
21.457
21.457
34.804
37.572
21.457
32.686
37.686
21.457
34.686
21.457
21.457
32.572
21.457
33.896
32.572
21.457
35.686
21.457
21.457
34.8
21.457
21.457
37.686
21.457
23.686
21.56
37.572
41.029
32.572
35.686
34.8
21.457
21.457
37.572
49.915
32.686
32.572
21.457
32.572
34.686
21.457
39.8
21.457
32.572
34.8
32.686
37.572
23.686
37.686
32.572
32.572
53.915
23.686
23.686
21.457
37.686
21.457
32.572
37.686
32.572
21.457
37.686
21.457
32.686
21.457
33.892
32.572
23.686
21.56
34.8
21.457
35.686
32.8
32.572
21.457
21.457
32.572
21.457
37.686
21.457
32.686
32.572
21.457
32.8
32.572
21.457
21.457
38.8
23.686
21.56
21.457
37.8
34.686
21.457
37.686
21.457
32.572
45.006
34.8
32.572
23.686
37.8
32.686
23.686
21.56
32.686
21.457
21.457
23.686
21.56
32.572
21.457
32.572
21.457
32.572
32.572
21.457
21.457
32.686
21.457
32.686
21.457
32.8
32.572
32.576
21.457
21.457
35.686
23.686
21.457
32.8
37.572
21.457
21.457
32.686
33.8
23.686
21.56
23.686
32.572
32.572
21.457
21.457
44.915
32.8
21.457
21.457
21.457
21.457
21.457
21.457
37.572
21.457
37.686
32.572
37.686
21.457
37.686
23.686
21.56
21.457
21.457
21.457
37.572
21.457
21.457
21.457
35.686
21.457
37.572
21.457
33.8
37.572
21.457
50.029
37.686
21.457
32.8
21.457
38.8
34.686
32.572
21.457
34.8
21.457
33.8
21.457
32.686
37.572
29.8
23.686
21.56
37.686
21.457
21.457
32.8
37.572
21.457
32.572
21.457
35.8
21.457
21.457
21.457
33.892
32.686
37.572
21.457
32.572
23.686
21.457
21.457
21.457
53.915
21.457
21.457
37.686
21.457
21.457
38.8
23.686
21.56
38.8
37.686
34.686
21.457
21.457
21.457
32.8
34.8
21.457
21.457
32.8
32.572
21.457
32.8
38.8
23.686
21.56
23.686
21.457
23.686
21.56
32.686
21.457
21.457
21.457
37.572
37.572
21.457
21.457
34.8
21.457
32.572
21.457
37.572
32.572
23.686
21.56
21.457
34.686
21.457
34.686
32.8
38.8
21.457
21.457
37.8
21.457
21.457
37.572
35.686
32.8
32.8
21.457
21.457
37.686
21.457
32.572
37.572
32.572
39.8
21.457
23.686
21.56
37.686
21.457
35.686
32.572
21.457
21.457
34.8
37.572
34.8
37.686
21.457
33.8
32.572
32.8
23.686
21.56
37.572
34.8
23.686
32.8
35.8
21.457
32.686
37.572
21.457
37.686
34.8
21.457
34.8
23.686
32.572
21.457
37.572
21.457
34.686
34.8
21.457
32.572
21.457
29.8
21.457
21.457
44.915
21.457
38.8
32.572
37.686
21.457
34.8
34.8
21.457
33.8
23.686
21.457
49.915
32.8
32.572
21.457
37.572
32.572
45.006
35.686
34.8
21.457
32.675
21.457
34.8
21.457
32.675
32.572
32.572
21.457
32.572
53.915
23.686
43.949
32.572
39.8
21.457
37.572
21.457
21.457
32.572
37.572
21.457
37.572
34.8
23.686
34.686
21.457
21.457
38.8
37.69
34.8
32.686
21.457
34.686
21.457
53.915
23.686
33.88
32.572
21.457
21.457
21.457
21.457
37.572
23.686
23.686
37.572
21.457
32.572
40.915
37.686
23.686
23.686
21.56
32.572
32.572
21.457
21.457
37.686
32.572
34.8
21.475
21.457
34.686
32.572
32.572
21.457
21.457
35.8
23.686
21.56
21.457
21.457
37.686
21.457
39.8
37.572
35.8
21.457
38.8
34.686
32.686
23.686
21.56
23.686
35.8
21.457
21.457
32.572
21.457
35.8
38.8
37.686
32.572
21.457
32.572
21.457
32.686
37.686
32.572
21.457
32.572
32.572
21.457
32.572
21.457
21.457
21.457
32.686
21.457
37.8
35.686
21.457
23.686
21.56
36.915
21.457
37.572
32.572
34.8
23.686
21.56
34.8
21.457
32.572
21.457
21.457
21.457
21.457
21.457
35.8
37.572
21.457
32.572
21.457
37.686
37.686
32.686
21.457
21.457
32.572
21.457
21.461
21.457
21.457
32.572
21.457
37.572
21.457
37.686
38.915
21.457
21.457
37.572
32.686
21.457
32.8
35.8
34.8
32.572
21.457
21.457
23.686
21.457
35.8
21.457
33.892
32.572
23.686
21.56
37.686
35.8
43.8
21.457
35.8
21.457
21.457
37.572
23.686
37.8
21.457
32.686
21.457
32.572
37.572
34.8
21.457
33.892
21.457
34.8
21.457
21.457
35.686
34.686
32.572
21.457
51.126
21.457
37.572
35.686
36.915
34.8
32.8
21.457
35.686
37.572
34.686
32.8
21.457
34.8
29.8
21.457
32.915
32.572
21.457
37.686
38.915
21.457
32.572
21.457
37.8
35.8
23.686
21.56
21.457
35.686
21.457
32.686
32.572
21.457
21.457
21.457
21.457
37.572
21.457
34.686
23.686
32.572
21.457
53.915
23.686
21.56
21.457
41.034
32.572
34.8
21.475
21.457
37.686
32.572
34.8
21.457
32.572
21.457
21.457
23.686
21.457
21.457
32.572
21.457
37.572
21.457
21.457
35.686
37.572
32.572
21.457
23.69
21.564
21.457
32.572
21.457
38.8
21.457
34.8
21.457
34.8
23.686
21.56
35.686
23.686
43.915
23.686
21.56
32.8
21.457
21.457
32.572
21.457
23.686
21.56
21.457
21.457
21.457
38.915
37.572
38.8
21.457
23.686
35.686
21.457
32.572
21.457
21.457
32.686
37.8
34.8
32.572
21.457
23.686
50.144
23.686
32.8
21.457
33.892
39.8
21.457
23.686
21.56
35.8
43.915
21.457
21.457
32.572
21.457
21.457
21.457
37.572
21.457
37.8
21.457
21.457
37.686
21.457
21.457
34.686
21.457
45.006
21.457
21.457
32.686
23.686
21.56
37.572
35.686
21.457
37.572
32.572
21.457
23.686
21.56
37.8
34.686
21.457
21.457
21.457
21.457
32.572
21.457
37.686
37.686
35.8
21.457
21.457
44.915
21.457
51.029
21.457
21.457
21.457
37.572
34.686
37.572
21.457
32.572
21.457
21.457
21.457
32.572
37.572
23.686
43.915
29.8
21.457
37.572
21.457
21.457
37.572
32.572
21.457
21.457
21.461
32.572
34.8
21.457
37.572
34.8
21.457
21.457
23.686
21.56
21.457
37.686
21.457
32.686
32.686
32.572
21.457
21.457
34.8
21.457
34.686
32.686
35.686
32.572
21.457
32.572
53.966
32.572
23.686
21.56
37.572
21.457
34.686
21.457
21.457
34.686
21.457
21.457
37.686
21.457
37.686
33.8
37.686
23.686
21.56
23.686
33.8
21.457
34.686
23.686
32.8
21.457
32.686
21.457
21.457
44.915
21.457
32.572
21.457
37.572
23.686
32.572
21.457
37.572
34.686
34.686
21.457
21.457
32.686
21.457
32.686
32.572
21.457
32.572
38.8
32.572
34.8
37.572
21.457
21.457
21.457
35.686
21.457
32.572
37.572
21.457
34.8
21.457
32.675
32.572
21.457
21.457
37.572
32.572
21.457
32.572
32.572
21.457
35.686
23.686
21.56
32.572
35.686
32.572
32.572
21.457
21.457
21.457
21.457
21.457
21.457
37.686
21.457
32.572
21.457
38.029
21.457
32.686
37.572
21.457
45.006
38.915
23.686
32.8
21.457
21.457
37.686
35.8
32.686
34.8
37.572
