23.686
21.56
21.457
21.457
21.457
21.457
23.686
37.572
32.572
21.457
21.457
32.572
21.457
34.8
32.675
38.8
23.686
32.572
21.457
21.457
34.8
21.457
37.572
32.572
43.8
32.8
21.457
34.8
37.686
21.457
37.572
29.8
32.572
23.686
37.572
32.572
21.457
38.8
37.572
21.457
37.572
37.572
21.457
37.572
32.8
21.457
37.572
38.8
32.572
21.457
38.8
21.457
34.8
37.572
32.572
37.686
23.686
21.56
38.8
23.686
21.457
32.572
44.915
21.457
38.8
21.457
34.8
34.8
37.572
44.915
21.457
37.572
23.686
21.56
21.457
35.8
21.457
32.8
21.457
21.457
37.572
21.457
21.457
21.457
32.8
37.572
37.572
21.457
21.457
21.457
21.457
32.572
21.457
38.8
23.686
23.686
21.457
37.572
32.572
21.457
23.686
37.686
37.686
37.572
23.686
32.686
33.892
32.572
21.457
23.686
21.457
21.457
32.572
21.457
38.8
35.686
32.572
32.572
23.686
23.686
21.56
32.572
21.457
37.686
21.457
21.457
32.572
21.457
21.457
21.457
32.572
21.457
21.457
33.8
21.457
37.69
21.457
21.457
21.457
32.572
21.457
32.572
21.457
21.457
37.686
37.572
21.457
34.8
21.457
21.457
32.8
23.686
21.56
37.572
21.457
37.686
32.572
32.572
21.457
23.686
21.56
38.8
21.457
32.572
21.457
37.572
23.686
21.56
21.457
21.457
35.686
37.572
38.8
32.572
37.572
32.572
37.572
37.686
35.686
21.457
33.8
32.8
21.457
32.572
34.8
21.457
32.675
37.686
21.457
34.8
21.457
37.572
34.8
43.875
32.572
32.572
23.686
33.88
37.686
32.572
21.457
21.457
21.457
21.457
21.457
32.572
21.457
37.686
21.457
37.686
21.457
37.572
37.572
21.457
21.457
37.686
33.8
32.686
23.686
21.56
21.457
32.572
23.686
21.457
38.8
37.686
21.457
32.572
23.686
38.8
23.686
37.572
32.572
32.572
21.457
35.686
21.457
21.457
32.686
21.457
32.686
32.572
32.572
21.457
21.457
32.572
21.457
34.8
37.572
21.457
21.457
35.686
21.457
37.572
32.572
32.686
21.457
37.576
21.457
32.572
21.457
32.8
37.686
32.8
23.686
21.56
23.686
35.686
34.8
35.686
32.572
21.457
32.8
21.457
21.457
37.572
21.457
32.572
21.457
21.457
33.892
32.8
21.457
32.572
21.457
33.892
21.457
32.686
21.457
21.457
21.457
21.457
21.457
37.572
34.8
32.572
37.572
21.457
21.457
21.457
33.892
32.8
37.572
21.457
21.457
21.457
43.8
38.8
37.572
38.8
21.457
37.686
21.457
32.572
37.686
33.8
21.457
37.572
29.8
32.8
23.686
21.56
21.457
37.572
21.457
33.892
21.457
37.572
37.572
32.572
21.457
21.457
37.686
21.457
32.686
32.686
37.686
43.8
21.457
21.457
21.457
21.457
21.457
32.686
38.8
37.686
21.457
37.572
34.8
23.686
23.686
21.56
38.8
37.686
21.457
32.572
21.457
21.457
35.686
21.457
21.457
32.572
21.457
35.686
21.457
21.457
32.572
23.686
21.56
37.686
23.686
21.457
32.572
23.686
21.457
23.686
21.457
21.457
37.572
21.457
21.457
21.457
35.69
21.457
21.457
21.457
38.8
35.686
21.457
37.572
32.572
21.457
32.686
21.457
21.457
37.686
34.8
21.457
38.8
21.457
21.457
21.457
37.572
21.457
21.457
37.686
21.457
37.686
38.915
37.572
23.686
32.8
32.572
38.8
23.686
23.686
21.56
21.457
37.572
21.457
21.457
32.572
38.8
37.686
23.686
21.56
37.572
21.457
32.572
21.457
32.8
32.572
21.457
23.686
23.686
23.686
21.457
23.686
37.686
21.457
33.8
37.686
32.572
23.686
23.686
21.56
32.572
37.572
37.686
23.686
21.56
37.572
32.686
29.8
21.457
37.572
23.686
35.8
32.572
21.457
38.8
32.572
21.457
21.457
38.8
21.457
21.457
33.892
37.572
21.457
32.8
23.686
23.686
37.572
32.572
23.686
32.572
21.457
37.572
32.572
21.457
32.572
33.8
21.457
21.457
21.457
21.457
37.572
37.572
32.572
21.457
37.572
38.8
23.686
37.572
21.457
32.572
37.572
32.572
21.457
23.686
21.56
32.572
34.8
21.457
32.572
37.69
38.8
21.457
32.8
35.686
23.686
34.8
32.572
32.572
21.457
37.572
37.572
32.572
23.686
21.457
37.572
38.8
32.572
32.572
37.686
35.686
37.572
33.892
21.457
34.8
21.457
32.572
35.686
32.686
21.457
34.8
21.457
34.8
32.675
37.686
32.572
21.457
35.686
21.457
32.8
23.686
21.56
37.572
21.457
32.572
21.457
38.8
37.686
21.457
32.572
21.457
37.686
21.457
37.572
35.686
23.686
32.8
23.686
32.572
21.457
21.457
35.8
21.457
21.457
21.457
37.686
21.457
35.686
21.457
37.572
21.457
32.686
38.915
21.457
37.572
32.572
21.457
35.686
21.457
23.686
38.8
21.457
23.686
32.572
21.457
38.8
38.8
32.572
21.457
37.572
38.8
34.8
23.686
32.675
21.56
21.457
32.572
21.457
21.457
21.457
21.457
21.457
21.457
37.572
21.457
21.457
32.8
37.686
35.8
21.457
21.457
21.457
21.457
37.572
21.457
21.457
37.572
32.572
35.8
23.686
21.56
37.686
32.69
37.572
32.572
32.572
33.8
21.457
21.457
32.572
32.572
21.457
32.572
38.915
21.457
37.572
32.8
32.8
21.457
32.8
37.686
23.686
37.572
21.457
35.8
34.8
21.457
21.457
32.686
32.572
23.686
32.572
23.686
38.8
21.457
23.686
32.572
21.457
21.457
37.572
32.572
23.686
35.8
44.915
21.457
21.457
21.457
21.457
37.572
32.572
21.457
37.572
33.8
38.8
37.572
21.457
37.572
32.572
21.457
21.457
34.8
21.457
21.457
37.572
38.8
35.8
21.457
38.8
37.686
21.457
33.8
35.686
23.686
38.8
21.457
21.457
37.572
44.915
35.686
21.457
37.572
21.457
32.572
38.8
35.686
21.457
32.572
21.457
23.686
35.8
21.457
35.686
23.686
35.686
21.457
32.686
23.686
21.56
21.457
21.457
32.686
21.457
37.686
37.686
21.457
21.457
32.686
21.457
21.457
32.572
21.457
32.572
32.572
21.457
32.572
34.8
23.686
21.56
21.457
32.572
21.457
23.69
32.686
37.686
34.8
32.572
23.686
23.686
21.56
32.572
23.686
21.56
21.457
32.572
21.457
32.572
37.572
35.8
21.457
37.572
21.457
21.457
21.457
32.8
21.457
21.457
38.8
32.8
35.686
23.686
34.8
32.572
32.572
32.572
21.457
38.8
32.572
34.8
21.457
23.686
21.457
23.686
37.572
32.572
37.686
35.686
35.8
38.8
32.8
35.8
23.686
21.457
21.457
21.457
21.457
32.8
21.457
32.8
32.572
21.457
21.457
37.572
38.8
32.572
32.572
21.457
21.457
37.572
21.457
21.457
21.457
32.572
21.457
32.572
37.572
37.572
32.572
23.686
21.56
21.457
21.457
37.572
21.457
23.686
21.457
38.8
21.457
33.8
40.915
21.457
21.457
32.8
37.686
21.457
21.457
44.915
21.457
32.572
21.457
21.457
21.457
21.457
37.572
21.457
37.572
43.8
33.892
32.686
21.457
21.457
32.572
32.572
21.457
23.686
32.572
21.457
23.686
23.686
35.686
21.457
35.686
21.457
21.457
21.461
21.457
40.915
37.669
21.457
32.572
21.457
21.457
21.457
23.686
21.56
37.572
35.8
21.457
21.457
23.686
21.56
37.572
21.457
21.457
21.457
32.572
21.457
21.457
21.457
32.686
35.686
32.572
23.686
21.56
37.572
33.8
32.572
21.457
38.8
35.8
21.457
21.457
32.686
37.686
23.686
21.56
21.457
37.686
35.8
23.686
21.56
37.572
32.572
35.8
43.8
23.686
21.56
21.457
21.457
37.572
43.8
21.457
32.572
23.686
21.457
37.572
32.572
21.457
32.572
21.457
23.686
21.56
21.457
37.572
21.457
37.572
21.457
37.572
21.457
32.572
37.572
32.572
23.686
21.56
21.457
38.8
32.572
21.457
21.457
37.572
21.457
21.457
21.457
32.686
37.572
38.8
37.572
21.457
37.572
32.572
32.572
23.686
32.572
21.457
37.572
37.572
32.572
21.457
32.572
21.457
35.686
21.457
32.8
21.457
32.8
21.457
32.572
21.457
21.457
21.457
32.572
37.686
21.457
44.915
23.686
21.56
35.686
21.457
37.686
32.572
37.572
35.8
37.686
32.572
34.8
