23.686
21.56
21.457
21.457
21.457
21.457
23.686
37.572
32.572
21.457
21.457
32.572
21.457
34.8
32.675
23.686
32.572
21.457
21.457
34.8
21.457
37.572
32.572
43.8
34.8
21.475
34.8
53.955
38.915
21.457
37.572
29.8
32.572
23.686
37.572
32.572
39.8
37.675
21.457
34.686
21.457
37.572
32.572
21.457
21.457
37.572
38.8
37.8
21.457
37.686
34.8
43.875
37.572
32.572
23.686
38.029
23.686
21.56
38.8
23.686
32.572
21.457
32.572
37.572
21.457
40.915
21.457
34.8
37.572
21.457
23.686
54.029
21.56
21.457
35.8
21.457
32.8
34.686
21.457
43.8
34.686
21.457
21.457
21.457
32.8
37.572
21.457
32.572
21.457
21.457
32.572
21.457
21.457
38.8
23.686
32.572
23.686
37.572
21.457
34.686
23.686
37.686
21.457
37.686
21.457
21.457
33.892
32.572
32.572
21.457
32.8
23.686
21.457
21.457
21.457
35.686
34.8
43.875
23.686
21.56
23.686
21.56
32.572
21.457
37.686
21.457
34.686
21.457
21.457
21.457
21.457
33.892
21.457
21.457
21.457
37.686
32.572
21.457
37.572
37.572
21.457
34.686
21.457
21.457
21.457
32.572
21.457
34.8
21.457
21.457
33.8
43.915
21.457
37.572
23.686
21.56
35.8
32.572
38.8
21.457
34.686
21.457
21.457
32.572
34.8
21.457
37.572
37.572
36.915
32.572
34.686
32.572
38.8
21.457
32.686
34.8
32.675
21.457
37.686
32.572
23.686
21.56
33.8
37.572
21.457
33.892
21.457
37.572
32.572
34.8
21.457
37.686
21.457
34.8
32.572
21.457
23.686
21.56
37.686
34.8
32.572
21.475
21.457
21.457
33.892
37.572
37.686
32.572
21.457
32.572
21.457
21.457
21.457
32.572
35.686
32.8
37.686
32.572
23.686
32.8
35.686
23.686
37.8
21.457
32.686
32.572
21.457
32.572
23.686
37.8
21.457
23.686
21.56
34.686
32.572
21.457
32.572
21.457
21.457
35.686
34.686
23.686
21.56
21.457
21.457
21.457
32.572
21.461
32.572
21.457
21.457
32.686
21.457
32.686
37.572
32.572
32.572
21.457
23.686
32.686
21.457
32.8
21.457
21.457
32.915
32.8
38.8
21.457
23.686
21.457
32.572
21.457
37.572
21.457
21.457
33.892
21.457
34.8
32.572
21.457
21.457
32.8
21.457
33.8
32.8
21.457
21.457
21.457
23.686
32.572
21.457
21.457
21.457
21.457
21.457
37.572
21.457
21.457
32.686
37.572
21.457
21.457
33.8
37.572
21.457
34.8
21.475
38.8
38.8
32.572
21.457
43.915
21.457
37.686
33.8
32.8
32.686
37.572
29.8
21.457
34.8
23.686
21.56
21.457
37.572
33.8
21.457
37.572
21.457
21.457
32.8
37.686
21.457
37.572
21.457
32.686
32.572
43.8
23.686
21.457
35.686
21.457
32.572
21.457
21.457
21.457
37.686
21.457
21.457
23.686
21.56
32.8
37.572
21.457
21.457
38.8
34.686
21.457
21.457
21.457
21.457
21.457
34.8
21.457
21.457
34.8
23.686
32.572
23.686
21.56
21.457
38.8
34.686
23.686
21.457
21.457
21.457
37.572
34.8
21.457
35.686
21.457
35.686
32.572
34.686
21.457
32.572
23.686
21.56
32.572
21.457
21.457
21.457
35.686
32.572
21.457
37.686
34.686
37.8
21.457
21.457
21.457
32.915
21.457
21.457
37.686
21.457
37.686
32.572
37.572
21.457
32.686
34.8
39.8
23.686
21.56
23.686
21.56
21.457
21.457
37.572
32.572
34.8
21.457
21.457
35.8
23.686
21.457
32.572
21.457
23.686
32.8
37.686
23.686
32.8
21.457
23.686
32.8
37.572
21.457
37.686
23.686
21.56
34.8
34.686
32.572
32.572
21.457
21.457
38.8
21.457
34.8
23.686
32.675
32.572
23.686
21.56
33.995
44.915
38.8
38.8
32.572
32.8
21.457
43.029
32.572
33.8
32.572
21.457
37.572
32.572
32.572
21.457
32.686
34.686
23.686
34.686
34.686
34.8
21.457
34.8
21.457
21.457
21.457
32.572
37.686
32.572
37.572
21.457
32.572
21.457
34.686
23.686
21.457
23.686
39.8
32.572
37.572
21.457
23.686
37.572
32.572
34.804
23.719
21.593
32.572
21.457
32.686
38.8
32.572
21.457
37.572
37.686
35.686
32.572
34.686
21.457
32.572
23.686
21.457
34.8
23.686
21.56
37.572
53.915
33.8
34.686
32.572
32.8
21.457
37.572
23.686
34.8
21.457
32.572
21.457
34.8
21.457
32.572
21.457
32.572
21.457
43.8
21.457
32.8
37.572
44.915
23.686
21.56
37.686
32.572
37.686
21.457
39.8
21.457
21.457
37.686
34.686
21.457
35.686
23.686
21.457
33.892
37.572
21.457
32.8
34.8
21.457
43.875
21.457
32.572
33.8
21.457
37.572
44.915
32.686
32.572
21.457
32.572
21.457
32.572
37.572
21.457
21.457
32.572
43.8
23.686
37.8
23.686
21.457
32.572
21.457
37.572
32.572
21.457
32.572
39.8
23.686
32.686
34.8
21.457
32.572
21.457
21.457
21.457
33.892
35.686
21.457
32.572
21.457
21.457
35.8
32.572
21.457
37.686
21.457
32.686
38.8
21.457
21.461
21.457
32.572
21.457
21.457
37.572
35.8
23.686
37.686
21.457
21.457
37.572
21.457
37.572
32.8
37.572
32.572
21.457
33.892
21.457
21.457
32.8
23.686
32.8
32.572
37.572
32.8
23.686
21.56
21.457
32.8
32.8
37.686
21.457
21.457
23.686
29.8
37.8
23.686
37.572
34.686
21.457
37.572
34.686
37.572
21.457
32.572
21.457
23.686
21.457
34.8
21.457
34.686
32.572
21.457
37.572
35.686
21.457
45.006
33.8
23.686
39.8
34.686
32.572
34.686
37.572
32.572
21.457
21.457
21.457
21.457
32.572
21.457
21.457
38.915
21.457
32.686
37.686
21.457
32.8
38.029
21.457
32.686
37.8
23.686
43.915
21.457
21.457
32.686
21.457
21.457
21.457
34.8
23.715
32.572
21.457
32.572
23.686
21.457
23.686
43.8
34.8
32.572
32.572
21.457
35.8
21.457
32.572
21.457
21.457
53.915
21.457
32.572
23.686
21.56
32.8
21.457
32.572
21.457
34.686
43.8
23.686
23.686
21.56
32.572
21.457
32.572
21.457
32.572
23.69
21.564
37.572
21.457
35.8
21.457
35.686
23.686
21.56
23.686
21.457
21.457
21.457
32.686
37.572
35.8
21.457
34.8
21.457
23.686
21.56
21.457
34.8
37.572
38.8
21.457
23.686
35.8
21.457
32.572
21.457
35.686
32.572
21.457
32.686
37.8
34.8
23.686
32.8
21.457
37.572
21.457
33.8
39.8
21.457
23.686
21.457
37.572
21.457
37.686
34.8
21.457
21.457
43.915
37.572
21.457
21.457
32.686
33.892
37.8
37.686
21.457
21.457
37.572
21.457
21.457
32.572
21.457
21.457
32.572
21.457
37.572
35.686
23.686
37.572
21.457
29.8
21.457
29.8
21.457
35.686
21.457
37.8
43.8
32.572
21.457
21.457
21.457
37.686
34.8
34.8
21.457
32.572
21.457
21.457
21.457
21.457
32.572
21.457
37.572
32.8
37.572
21.457
37.572
54.029
21.457
21.457
32.572
37.572
21.457
23.686
21.457
32.572
23.686
32.572
21.457
38.8
37.572
21.457
21.457
21.457
35.686
40.915
21.457
34.8
21.457
32.675
21.457
21.457
32.686
23.686
21.56
21.457
37.686
32.686
32.572
23.686
35.69
21.457
21.457
21.457
35.686
37.572
32.572
23.686
21.56
38.8
32.572
32.572
21.457
37.572
32.572
21.457
43.886
34.686
21.457
34.8
32.572
33.8
32.572
21.457
21.457
37.686
23.686
21.457
32.915
37.686
23.686
21.56
34.686
32.686
23.686
21.56
21.457
38.8
21.457
21.457
37.572
44.915
21.457
32.572
23.686
37.572
32.572
21.457
21.457
37.572
21.457
34.686
23.686
21.56
21.457
32.572
32.686
35.686
32.686
21.457
37.572
21.457
21.457
21.457
32.572
32.572
32.572
37.572
21.457
37.572
21.457
34.8
21.457
32.675
34.686
21.457
21.457
32.572
32.572
32.572
21.457
21.457
21.457
21.457
32.572
37.572
32.572
21.457
33.892
21.457
21.457
21.457
34.8
21.457
43.875
37.686
21.457
34.686
32.572
21.457
33.892
32.572
21.457
32.686
44.915
23.686
21.56
32.8
21.457
23.686
21.56
34.686
32.686
37.686
38.915
