24.528
25.728
25.904
24.592
25.792
24.944
25.032
25.968
29.528
25.016
29.44
24.616
29.504
31.28
25.816
25.368
31.344
29.832
30.12
30.496
26.696
26.184
26.784
27.136
36.288
26.064
26.8
26.688
36.328
33.464
31.016
30.904
27.24
26.792
27.328
31.08
26.968
37.392
37.256
27.88
26.944
37.768
26.832
27.568
30.712
37.72
32.384
28.208
34.008
36.08
28.296
25.168
37.984
37.24
37.672
37.36
37.304
38.392
32.68
30.48
26.568
30.44
44.056
25.128
38.144
37.616
25.504
38.32
36.192
25.368
30.856
37.304
38.992
29.624
25.712
38.6
31.6
38.688
36.488
31.776
38.464
30.64
26.872
30.128
33.76
30.016
25.088
30.576
33.312
36.864
26.6
37.056
39.288
31.944
31.032
37.32
37.544
36.808
38.632
25.896
26.92
25.984
27.008
31.072
38.96
30.76
37.848
30.936
39.024
26.424
31.712
37.936
37.8
33.824
36.888
36.776
34
26.464
30.752
38.44
36.24
38.528
25.728
38.616
31.6
30.888
36.88
44.368
26.976
31.328
31.12
37.608
36.296
37.304
38.792
36.568
45.48
30.96
37.392
32.248
27.168
30.424
26.512
37.944
26.2
36.288
37.92
30.376
37.808
30.264
38.296
32.752
30.64
27.56
30.216
27.648
26.104
38.192
36.992
44.48
30.68
36.368
31.056
36.744
33.776
31.432
38.864
31.32
27.952
37.208
34.24
30.896
28.384
28.616
39.36
27.856
39.448
37.344
38.336
35.424
38.712
45
36.12
28.872
38.408
28.76
38.896
30.184
30.272
39.16
32.016
44.304
36.192
34.088
29.28
38.776
28.968
38.856
32.344
29.64
28.392
28.28
38.992
28.656
45.136
38.304
39.6
34.896
39.288
37.376
30.44
39.264
35.16
29.752
39.448
33.24
38.392
32.928
36.48
33.304
30.136
38.368
30.44
37.48
35.328
30.816
36.376
30.904
29.864
29.592
35.88
30.24
46.584
34.256
33.944
40.36
35.432
36.52
30.68
33.936
39.824
40.624
46.312
35.112
36.2
46.688
33.888
40.576
29.376
40.664
30.664
29.152
40.992
31.04
29.528
36.96
47.28
30.44
30.128
47.592
36.216
37.48
33.904
41.656
39.144
42.032
37.392
37.48
33.936
37.368
31.656
34.112
30.6
40.888
48.376
31.664
38.568
30.552
37.456
35.04
30.528
31.76
30.416
37.448
48.336
37.304
30.88
42.392
36.168
41.944
35.144
31.264
41.792
36.104
31.48
42.168
41.584
31.456
35.672
48.344
36.96
38.632
31.92
35.936
42.208
31.224
38.496
32.184
30.616
32.072
48.56
34.992
42.44
30.736
31.728
41.528
42.816
35.216
41.904
38.792
30.592
49.48
38.368
43.656
31.744
30.84
43.032
30.928
49.32
42.216
32.008
30.704
37.496
29.792
38.784
30.784
50.272
30.872
39.16
43.448
31.248
42.536
37.568
31.224
43.656
49.744
31.232
42.288
38.12
35.576
38.808
36.464
31.696
38.384
43.672
30.792
37.76
29.28
43.448
31.168
31.136
41.856
39.424
35.944
39.112
31
30.152
43.344
41.344
37.632
30.032
31.168
29.504
35.392
31.528
44.072
36.368
44.16
36.056
34.144
37.68
30.432
37.768
40.52
43.656
40.616
34.504
31.12
30.44
37.896
41.328
44.784
38.272
32.36
31.848
44.136
30.44
37.824
36.176
38.712
34.768
31.8
31.688
28.64
38.576
36.016
36.464
30.904
43.552
30.992
37.44
38.528
38.56
34.96
43.248
29.536
49.424
34.92
28.608
35.744
34.6
37.432
38.52
33.176
30.008
29.048
37.784
35.536
36.472
30.824
30.36
36.712
36.448
33.6
33.288
42.48
30.976
33.264
39.552
36.888
30.64
42.776
38.064
31.152
49.04
36.048
37.984
36.736
37.072
43.16
36.712
37.848
36.4
49.936
33.936
31.424
36.424
49.512
36.512
31.4
35.6
30.888
37.576
36.576
30.264
41.552
35.24
41.128
30.728
47.416
34.416
31.304
47.08
36.176
31.768
36.264
31.856
37.144
31.632
30.528
34.32
34.208
32.24
30.696
37.928
36.984
30.656
38.304
35.024
41.712
31.112
37.6
41.888
32.376
36.016
42.264
35.752
31.24
31.128
38.816
42.016
49.304
32.992
42.48
32.4
35.928
37.488
36.416
32.376
42.104
38.464
42.952
32.84
30.528
43.328
38.216
39.416
32.168
32.704
37.392
32.344
38.632
37.568
36.12
33.544
38.376
43.064
32.36
38.48
37.304
36.528
33.016
33.104
39.936
43.768
38.304
38.304
37.432
30.808
34.64
32.896
34.328
44.184
37.472
38.304
37.56
40.192
44.48
37.536
44.024
33.944
34.12
40.008
30.664
44.096
44.552
34.184
38.84
37.872
32.928
34.16
33.016
38.248
37.704
40.936
30.992
45.024
37.28
38.912
38.392
34.68
44.984
37.472
41.304
33.36
45.448
39.648
34.736
31.136
38.024
34.456
34.112
44.2
30.688
44.576
45.952
38.952
46.04
39.216
37.544
38.632
34.288
45.52
31.48
42.408
45.368
45.256
36.488
38.728
45.608
34.616
45.104
37.392
45.184
37.568
45.56
35.88
34.632
45.224
37.512
40.808
36.2
46.096
38.304
34.984
35.808
34.96
45.904
38.328
41.592
35.512
38.704
47.192
46.256
46.344
37.312
46.232
39.2
47.488
36.24
36.976
40.128
36.216
37.152
46.904
38.44
35.392
43.728
35.28
46.168
46.96
40.256
43.048
40.048
47.136
36.256
35.208
47.544
35.296
47.688
46.984
36.576
40.776
38.304
31.16
47.192
36.68
40.912
38.968
40.8
36.456
48.144
47.832
39.12
43.008
46.344
34.432
42.264
46.52
38.752
36.24
42.928
34.48
42.816
42.104
40.856
39.944
37.232
41.32
35.656
40.408
30.704
46.192
48.176
46.08
36.096
34.848
38.936
36.552
39.704
48.912
36.616
42.824
45.904
42.792
43.328
31.28
37.016
36.328
47.72
46.12
43.808
36.104
44.328
45.792
36.48
37.504
39.968
38.392
46.456
36.544
40.232
47.712
30.528
45.392
47.416
41.104
37.792
37.304
30.528
45.936
48.616
45.376
48.864
38.456
36.352
46.344
36.28
40.032
49.568
45.856
38.544
42.344
47.632
49.832
47.12
30.92
42.608
47.36
42.696
45.384
50.272
37.304
43.16
38.392
45.448
50.336
31.224
31.112
31.2
44.528
49.016
43.504
39.736
49.992
37.624
43.88
43.768
49.568
38.856
45.544
40.176
44.032
50.064
45.12
37.752
39.208
39.04
44.296
40.928
44.384
50.184
39.672
44.36
44.448
37.48
40.136
47.056
30.512
43.8
50.088
36.376
39.608
50.064
45.896
39.472
36.024
43.912
38.304
45.624
38.776
38.552
44.04
50.128
39.016
39.752
49.296
38.384
30.44
45.528
49.216
40.28
39.704
30.88
46.368
43.856
43.944
37.48
50.232
37.368
46.92
41.544
49.84
48.032
30.728
47.616
50.304
44.392
42.224
41.88
37.512
47.568
30.656
44.744
30.832
41.92
45.008
47.696
36.184
43.016
45.656
45.848
36.016
48.856
40.904
46.392
38.656
46.48
40.968
46.456
40.944
42.08
36.232
47.12
41.96
47.808
47.496
42.184
46.672
37.712
36.76
46.848
42.888
47.936
41.824
48.664
47.112
46.4
48.088
46.576
48.464
38.672
45.952
48.24
38.632
41.928
49.12
36.416
49.208
48.904
42.392
31.08
48.768
47.056
46.544
46.032
43.872
46.12
37.36
46.216
43.848
41.704
37.304
46.368
49.392
42.768
41.728
49.056
48.016
42.944
47.304
49.04
36.392
37.528
48.68
38.416
38.304
30.44
43.392
42.728
36.616
47.904
44.056
46.992
36.88
43.92
36.456
30.744
43.032
46.72
36.808
43.296
47.384
37.472
50.36
38.832
44.048
38.72
31.136
50.824
44.112
38.984
48
45.072
47.888
50.776
48.064
38.672
50.952
48.24
44.928
48.616
38.104
48.992
45.08
38.368
44.704
51.856
38.392
49.744
51.432
49.568
44.12
49.456
32.408
38.744
43.096
38.032
43.184
38.92
43.272
48.36
49.696
42.848
49.8
42.736
43.688
48.624
50.176
31.112
48.8
31.288
48.776
43.528
48.88
46.968
37.392
49.256
30.744
42.72
47.208
42.896
30.984
48.824
47.512
43.648
47.4
37.336
43.288
43.824
47.576
43.064
47.456
50.288
36.344
38.376
43.632
47.92
36.808
49.496
47.584
43.672
37.36
44.192
42.848
47.736
49.424
30.512
43.944
48.2
49.488
37.176
38.408
48.464
50.152
44.584
43.84
47.728
44.016
45.048
50.104
49.992
43.88
38.112
50.168
36.456
38.488
50.344
47.632
47.808
49.896
36.384
45.216
50.272
50.36
38.648
48.648
36.736
38.4
36.696
50.184
48.376
37.896
49.648
48.936
30.624
45.16
49.912
38.648
31
38.536
49.888
43.576
48.864
38.304
49.84
43.528
48.616
38.552
43.504
50.392
49.08
44.168
31.056
49.144
49.232
48.72
48.608
30.896
36.584
48.872
50.76
48.648
48.336
45.344
45.432
38.656
48.728
48.744
38.408
45.016
38.496
49.104
45.928
38.816
37.704
44.656
37.792
48.936
38.168
45.856
49.312
45.2
44.688
49.576
46.008
36.264
37.496
49.552
30.84
36.312
44.4
49.792
49.88
36.04
38.304
49.528
45.992
44.68
36.168
49.656
45.992
36.344
48.936
46.208
45.36
49.448
37.544
30.504
49.504
46.536
38.824
46.512
46.304
49.592
46.568
37.304
37.48
47.032
47.968
50.32
47.944
47.096
37.432
48.008
30.44
37.696
48.12
47.472
38.408
48.496
47.448
48.584
31.136
48.672
47.624
48.648
38.536
37.424
48.176
49.088
46.728
46.616
49.352
36.504
48.84
47.928
36.68
38.392
47.456
48.28
36.432
38.768
47.12
48.656
47.496
48.432
38.096
47.736
48.672
47.824
48.56
47.912
38.448
38.536
47.888
49.088
38.648
48.952
49.04
49.128
47.88
49.216
48.256
49.28
48.632
30.92
49.008
49.272
49.648
50.184
36.336
37.472
50.024
49.912
37.448
36.8
50.288
49.152
49.24
37.952
47.504
47.592
47.68
47.368
38.104
47.056
47.432
47.52
38.456
48.272
36.048
38.984
49.472
37.76
48.712
49.648
48.8
30.688
50.024
50.112
37.576
49.328
50.264
30.816
38.656
49.392
36.016
49.904
38.304
49.992
50.08
38.304
30.44
30.528
37.304
30.44
38.304
38.392
36.016
50.168
50.056
49.744
37.392
38.568
50.12
50.208
49.696
49.784
49.16
49.512
49.888
49.776
49.864
49.84
36.016
30.704
38.304
36.016
38.392
30.704
36.192
30.44
38.392
36.104
37.48
30.528
30.44
36.016
30.44
30.44
38.656
37.304
37.304
36.104
30.792
37.304
30.44
37.304
37.48
37.304
36.08
36.104
36.104
37.304
30.528
62.056
37.304
38.392
37.48
30.44
37.392
67.192
38.392
30.88
37.304
30.44
37.48
63.568
36.28
30.616
67.072
63.304
67.248
37.304
38.48
63.632
67.552
31.24
63.96
38.648
63.088
37.392
39.08
30.8
30.664
64.152
62.768
36.496
37.832
38.824
67.912
38.808
62.936
38.112
63.024
37.6
37.688
30.504
62.976
36.064
63.24
30.928
38.552
68.416
75.24
63.392
74.984
67.984
64.504
37.592
37.304
36.392
37.304
38.592
64.68
37.768
76.104
37.392
62.464
38.304
68.552
75.992
36.104
38.48
36.016
36.016
36.104
62.856
30.44
68.528
30.816
68.704
37.456
36.016
75.464
64.152
63.136
64.272
30.44
36.128
68.016
63.504
36.392
68.28
36.768
38.392
36.856
37.68
76.168
38.696
68.288
38.656
36.016
63.888
37.576
36.016
64.216
63.768
36.056
37.48
37.368
67.624
37.304
36.016
67.704
63.672
30.44
75.016
30.528
68.304
38.304
30.792
75.592
31.144
37.48
64.304
67.416
75.024
36.456
37.48
63.968
30.44
37.656
75.64
63.336
37.832
30.44
38.744
64.04
30.768
76.328
37.816
68.272
38.704
64.992
68.448
37.88
38.568
67.824
38.656
38.568
75.656
75.576
75.992
37.68
36.256
67.256
37.368
64.656
36.648
68.536
68.4
37.912
63.288
39
31.376
36.864
31.752
37.864
68.528
67.992
30.504
36.344
36.32
75.584
63.28
38.672
38.76
30.44
38.848
68.224
68.312
30.44
62.072
63.808
30.664
30.552
38.2
62.24
76.304
67.656
36.104
36.192
76.096
63.784
62.28
30.768
30.44
64.032
66.976
64.584
62.936
76.272
30.824
37.392
37.712
63.176
36.016
36.104
68.76
36.168
30.568
63.296
62.648
37.608
37.304
63.088
37.424
64.112
62.728
62.616
30.528
30.992
30.768
38.392
63.232
38.72
68.152
67.64
63.872
63.088
37.48
38.392
30.44
64.64
63.792
37.392
38.48
65.368
67.824
75.856
30.712
65.744
30.8
76.032
38.392
30.44
76.08
68.44
64.672
64.448
68.704
30.792
63.08
36.168
68.632
68.208
75.392
37.68
63.368
30.88
63.256
36.104
75.8
30.592
30.48
36.168
30.44
36.112
64.512
62.928
31.016
64.552
67.408
77.24
64.328
76.16
64.448
38.936
39.024
30.88
30.44
64.16
37.48
63.088
37.568
64.4
64.488
30.44
37.664
64.552
75.12
36.104
62.992
75.648
36.48
37.304
68.136
75.792
38.48
62.672
38.568
68.152
64.272
36.104
36.192
37.448
38.392
64.08
62.664
76.144
68.144
30.496
64.304
64.28
76.112
30.592
64.632
63.384
38.304
64.792
62.824
76.392
38.48
30.656
64.488
62.744
68.432
75.896
30.68
75.872
68.072
37.56
63.16
38.392
62.984
37.392
75.552
30.44
63.848
63.2
67.992
64.112
75.832
37.72
64.24
76.184
36.784
76.072
38.824
76.312
64
63.296
39.488
64.376
30.528
63.216
63.136
75.128
67.816
30.904
63.192
37.304
37.392
36.016
37.392
30.44
63.528
30.528
68.472
30.528
38.304
36.208
38.568
30.44
30.528
38.304
64.544
37.432
76.064
36.192
62.304
37.304
63.68
38.304
36.016
37.392
36.104
36.192
37.304
63.12
76.112
36.208
67.04
67.216
64.312
36.104
37.392
67.744
38.304
38.48
30.44
62.544
63.656
75.544
62.472
63.584
30.768
37.304
37.304
30.44
63.8
30.44
75.432
38.496
37.384
36.104
63.592
38.48
67.48
30.528
67.552
76.44
64.528
67.728
38.456
76.744
63.352
63.24
68.048
64.368
30.44
37.392
38.68
30.44
38.304
75.792
76.232
68.32
37.392
30.608
38.304
62.544
38.368
37.456
63.544
30.616
62.504
64.208
30.68
75.752
62.968
62.656
37.304
62.888
75.568
63.864
64.04
30.528
36.216
64.416
37.304
36.144
36.232
38.304
64.144
76.032
63.208
36.696
37.608
30.44
30.44
38.784
36.064
38.872
30.48
36.368
64.464
63.104
63.192
30.696
38.48
36.384
63.672
38.632
68.2
36.088
36.28
30.568
68.656
37.456
64.544
30.44
75.832
36.528
37.72
69.016
30.904
64.352
75.296
63.192
38.584
67.784
75.672
68.248
63.336
64.456
36.016
76.344
64.832
68.088
38.92
30.44
68.24
75.816
68.216
37.704
30.528
38.68
76.568
37.304
62.104
68.192
30.48
37.304
30.568
36.456
67.736
30.44
75.888
38.576
68.104
76.064
37.304
38.392
68.128
63.28
37.568
38.48
38.304
30.592
38.48
30.44
76.128
38.304
38.392
37.304
36.08
74.784
37.304
38.392
36.104
67.192
36.104
64.576
67.792
38.664
36.08
74.808
36.28
67.968
67.856
67.824
38.304
63.992
36.016
38.68
37.304
63.592
37.304
62.4
63.792
30.616
38.304
63.184
38.576
30.872
36.192
64.536
67.48
63.368
38.392
36.016
37.368
37.304
63.216
68.104
75.696
64.616
38.304
64.48
38.568
38.456
36.104
37.544
30.592
36.192
75.64
37.528
64.816
63.912
37.392
68.096
64.728
30.704
37.392
64.496
30.944
38.384
64.472
36.104
68.592
38.304
67.704
37.592
38.368
36.104
38.304
30.704
67.992
38.304
36.432
75.864
36.272
30.76
76.24
30.848
36.536
68.824
68.512
36.2
64.512
62.664
30.552
30.44
36.456
75.896
30.504
38.48
62.608
38.432
37.32
63.808
36.016
37.656
30.704
37.344
38.568
62.088
63.312
67.368
36.056
62.344
36.232
36.12
38.392
36.208
62.456
38.456
30.544
63.584
62.696
36.016
63.024
38.304
64.424
38.392
37.48
64.464
37.304
38.392
36.016
67.96
62.048
36.52
37.72
30.656
36.296
37.832
67.328
30.528
62.616
63.2
38.688
37.304
36.216
36.192
36.08
64.216
75.448
64.856
67.024
38.544
38.032
65.12
65.008
36.104
64.696
67.752
64.384
64.424
38.712
64.488
30.528
36.104
36.016
30.44
68.224
74.912
36.312
30.528
38.304
36.016
37.304
36.104
38.304
75.68
37.304
37.304
37.392
63.216
38.368
75.656
38.304
38.456
38.632
66.904
37.52
66.968
62.256
37.48
36.016
36.232
37.392
63.232
30.568
36.104
63.192
36.08
63.368
67.256
38.304
30.544
36.192
36.08
37.48
38.304
36.104
30.592
37.48
36.208
64.144
68.296
64.384
64.472
38.56
67.816
37.448
62.904
68.192
36.28
62.968
68.232
74.92
38.408
64.096
74.984
75.448
63.936
64.024
63.712
36.472
30.96
36.648
64.184
31.136
37.672
75.816
38.504
30.704
64.592
63.392
30.68
38.456
37.344
30.616
64.68
63.704
37.368
37.304
36.056
63.544
37.68
65.168
76.056
65.344
68.312
36.432
75.776
37.864
30.528
36.272
64.448
75.792
30.528
38.68
30.616
64.448
68.704
37.536
36.192
37.624
67.944
63.528
75.816
61.92
30.608
30.696
30.784
30.672
36.28
63.56
31.168
62.656
38.304
67.944
67.032
63.064
63.24
38.656
36.016
37.304
62.808
36.696
36.016
36.016
30.704
75.128
30.44
63.352
64.088
36.04
30.528
38.392
37.304
75.592
67.976
38.392
63.88
38.392
36.104
30.792
63.512
68.48
38.304
62.768
62.856
38.392
36.016
30.504
38.48
36.104
37.392
75.68
63.32
38.48
37.568
30.44
37.304
37.304
36.024
37.304
36.192
63.624
64.368
75.408
74.96
37.648
37.568
63.456
62.584
30.672
63.496
38.584
30.528
38.392
36.216
30.704
38.392
36.104
37.392
76.48
64.016
64.104
37.304
36.104
30.504
30.44
75.84
37.304
63.168
37.304
64.192
37.68
37.368
37.544
30.696
37.304
30.504
63.88
37.304
75.592
30.688
38.304
36.192
37.392
61.888
36.104
30.44
75.496
75.672
67.16
36.256
37.392
67.2
30.688
75.864
76.128
36.016
75.704
62
30.688
62.376
30.464
30.528
37.304
62.68
30.44
74.848
38.336
30.528
63.416
64.12
37.408
63.448
38.48
63.136
67.624
36.168
30.856
62.328
30.616
37.544
38.368
63.88
38.392
38.304
30.616
38.304
36.304
63.984
67.792
38.472
36.68
38.36
31.168
36.856
36.544
38.304
63.992
63.88
75.744
37.48
37.392
30.44
36.328
37.368
76.256
63.744
67.312
67.688
37.568
36.12
64.256
38.544
64.632
30.616
30.528
63.416
38.304
30.48
67.96
38.392
63.032
38.304
30.528
36.216
68.456
68.344
64.336
62.376
68.064
38.304
68.256
38.304
36.016
63.64
38.528
63.992
36.28
76.28
38.304
63.696
37.784
38.872
38.632
36.048
37.448
67.568
36.28
38.304
67.296
75.992
76.08
38.48
38.304
30.616
75.176
30.792
30.88
38.304
37.304
38.304
37.592
30.44
36.408
37.632
38.848
62.28
37.48
37.856
30.616
36.104
67.096
36.016
37.304
37.392
36.016
67.088
30.592
37.304
30.544
37.304
62.192
36.104
62.944
74.936
36.016
64.792
37.48
38.768
30.44
36.104
36.016
38.672
36.016
37.36
38.648
38.536
37.824
36.016
68.304
62.208
67.528
36.104
37.304
30.528
30.528
37.48
63.216
37.744
30.88
75.632
30.528
37.304
63.416
38.592
67.704
67.76
63.048
67.624
75.912
38.304
68.064
63.896
38.384
37.392
36.368
64.448
68.456
75.336
68.344
64.624
63.632
37.568
63.32
37.304
67.784
37.304
64.792
63.344
30.44
37.392
30.44
38.304
37.656
38.856
38.392
67.784
37.48
67.76
38.304
63.384
36.104
37.304
36.016
67.68
76.368
68.144
76.032
68.52
75.384
68.472
38.336
36.016
62.52
31.008
62.896
74.952
37.48
36.016
75.168
30.704
38.392
36.568
75.28
38.568
37.48
63.768
36.192
38.392
36.568
30.456
76.072
64.16
38.448
62.344
36.032
36.12
37.52
38.544
37.392
75.216
37.504
67.792
75.232
63.44
36.016
38.304
74.888
30.528
37.304
36.224
30.712
30.8
68.088
38.304
36.376
64.792
37.4
36.192
75.032
30.504
37.392
37.656
74.76
36.016
62.704
38.304
68
74.888
36.016
38.392
63.088
63.176
64.592
38.68
63.304
64.968
76.456
76.344
37.304
67.696
36.184
36.016
30.528
38.392
62.224
37.304
38.392
75.432
36.08
37.392
76.024
75.912
63.072
67.064
30.44
30.44
64.536
38.304
75.592
36.016
67.504
38.304
36.192
30.48
63.368
67.696
37.392
37.304
75.192
68.2
62.472
68.064
63.024
37.304
67.856
63.216
30.704
75.192
36.104
30.44
38.304
38.304
67.864
75.552
36.016
38.416
36.016
75.896
37.392
68.088
64.52
30.576
37.304
38.392
37.68
37.48
64.088
63.24
38.368
36.016
36.016
38.392
30.616
37.48
30.704
64.792
30.44
67.336
64.192
63.296
30.784
67.864
64.672
38.36
64.336
63.304
38.392
37.304
64.504
36.016
63.304
38.304
36.08
67.968
68.416
64.512
76.12
64.416
37.392
67.848
68.328
62.984
36.272
38.304
64.592
68.04
63.128
31.016
38.304
36.504
38.392
75.856
63.352
38.832
36.104
37.72
68.392
39.208
36.016
75.784
36.104
67.992
30.944
38.304
38.304
30.808
64.592
76.28
38.368
63.112
37.304
36.104
62.992
76.12
64.208
68.216
38.384
30.44
37.656
38.48
63.296
30.904
37.72
30.592
62.896
37.896
38.784
62.848
38.848
36.016
64.224
76.312
37.4
76.032
62.792
38.392
30.744
38.568
68.272
76.192
62.808
37.68
62.896
38.968
37.456
63.36
38.304
30.656
68.056
64.464
68.608
38.752
30.896
30.784
67.984
36.472
37.304
37.392
36.104
37.304
68.352
30.64
37.656
38.48
62.664
38.544
30.72
38.584
30.696
38.336
38.424
37.712
76.088
36.184
37.304
30.528
38.392
62.048
63.28
36.016
66.928
37.304
62.416
75.72
76.096
30.616
76.472
67.072
38.304
38.304
38.392
67.064
36.352
67.24
63.448
36.016
37.424
67.28
36.368
31.056
36.368
36.232
30.44
37.608
36.328
37.304
38.696
30.44
62.328
36.616
36.144
75.568
62.12
37.856
30.68
75.52
63.808
37.496
66.984
62.072
74.96
36.032
30.792
63.432
36.192
63.672
30.44
37.392
62.776
30.616
63.688
36.104
63.192
36.104
37.304
31.056
63.056
63.32
38.568
36.016
63.304
75.064
30.44
37.304
64.392
74.992
63.488
38.576
61.928
37.864
30.44
63.152
38.84
75.384
38.048
38.96
62.096
75.088
30.528
37.576
38.664
62.248
63.36
37.624
37.368
62.064
30.552
38.48
36.104
67.528
37.304
36.216
62.704
38.304
36.016
37.304
62.784
30.528
63.216
64.184
64.136
38.624
38.712
64.4
74.808
38.304
36.104
63.856
75.088
36.104
62.96
38.304
62.136
64.336
75.08
61.976
38.568
75.456
30.44
38.304
67.312
38.392
36.016
38.456
36.104
62.992
75.728
75.416
30.44
64.8
64.976
37.464
63.416
75.896
67.296
38.392
37.48
63.032
68.32
31.008
37.392
68.84
38.392
30.528
30.44
62.528
36.616
30.704
63.192
68.28
38.304
30.768
62.808
74.984
30.528
30.528
37.408
30.704
37.584
62.208
63.632
36.104
62.936
38.736
63.88
67.88
37.304
76.392
67.12
64.352
36.408
62.896
38.304
64.192
38.304
37.592
37.68
37.768
64.608
63.304
38.584
37.472
36.08
64.512
37.304
63.416
68.408
68.496
63.056
38.456
36.344
64.48
30.528
37.456
36.192
67.712
30.68
68.432
68.52
38.544
36.192
64.088
75.832
62.416
67.704
63.528
37.48
64.368
31.096
67.848
31.536
75.832
67.624
38.408
30.6
37.496
64.536
38.824
30.44
36.432
68.12
38.48
38.568
30.44
64.808
38.896
36.848
37.984
30.936
39.272
68.336
75.712
30.44
75.8
75.648
30.704
67.864
39.224
64.112
68.416
61.976
38.304
38.392
30.632
38.496
75.984
63.392
75.936
36.168
38.712
37.48
67.24
63.872
38.392
36.28
75.568
30.44
38.304
64.792
75.68
62.792
38.304
37.592
36.344
64.68
63.432
37.656
67.712
64.744
36.2
30.888
68.376
64.408
38.696
74.928
64.248
30.528
64.4
75.288
37.392
64.08
30.616
63.84
30.704
75.072
62.968
68.048
68.224
67.664
37.48
38.968
64.656
30.528
67.816
38.568
63.288
64.456
76.144
64.632
63.552
62.616
63.08
63.056
63.992
68.376
75.664
36.016
62.704
63.088
30.776
75.368
63.264
30.44
62.416
67.608
75.696
62.696
30.44
75.672
67.616
30.504
63.208
64.584
30.44
68.128
38.432
36.016
67.768
30.856
30.744
68.232
37.392
68.272
75.392
63.104
37.304
68.416
68.504
36.192
68.88
64.56
68.304
30.792
68.68
38.304
67.896
38.304
63.568
37.392
64.48
37.768
30.616
38.48
37.968
65.056
76.144
63.16
65.232
68.048
38.392
63.536
37.304
76.008
36.016
68.504
30.992
38.304
36.032
64.456
68.312
68.064
68.152
63.112
37.304
30.616
30.792
38.392
30.456
36.544
63.632
38.48
30.92
67.808
38.304
30.696
64.792
36.016
38.568
63.504
64.856
63.592
37.544
31.08
38.832
65.12
68.328
37.392
30.704
36.096
38.568
68.432
37.472
76.36
36.112
37.536
37.624
30.584
38.648
75.824
37.392
38.68
30.664
36.352
63.984
38.304
68.128
30.616
63.088
76.28
76.256
38.368
37.864
63.16
62.904
37.56
67.872
76.136
37.304
64.608
75.64
37.528
75.616
62.112
38.304
63.424
30.528
38.368
67.856
36.104
63.664
63.504
37.304
30.76
36.016
38.304
38.456
30.44
67.752
68.128
64.424
36.104
38.304
37.592
38.304
30.984
68.272
37.544
75.736
37.624
37.512
63.6
36.016
36.28
30.44
37.72
38.744
36.56
75.96
37.712
37.304
30.528
38.392
37.392
63.584
36.136
38.672
62.8
63.936
62.888
38.304
30.704
30.592
37.864
30.68
38.752
67.472
30.56
38.584
36.016
62.504
37.68
64.512
37.6
63.352
36.016
64.304
37.592
36.104
62.096
38.304
37.392
62.16
68.448
37.456
62.112
74.904
36.016
63.424
38.392
75.184
37.672
67.272
63.28
30.528
37.568
75.856
62.408
63.744
62.496
62.584
30.704
36.192
75.752
38.44
36.08
63.96
36.104
62.352
62.616
36.104
63.104
67.536
37.304
67.912
37.48
30.616
37.304
36.224
65.024
38.304
30.528
63.616
64.24
68.296
75.528
30.784
38.304
36.104
38.304
37.592
30.616
63.92
36.144
62.832
37.544
36.016
38.568
37.408
30.44
36.328
30.816
30.528
36.216
36.392
36.368
63.592
63.768
76.288
64.584
37.304
62.712
38.304
75.968
37.304
38.392
65.08
76.168
36.104
68.048
30.736
37.304
64.48
75.968
30.456
68.144
36.016
36.392
38.304
68.128
38.392
64.88
38.48
36.104
37.768
68.592
76.056
38.944
76.032
36.568
37.52
30.656
36.544
68.432
64.368
68.424
38.688
30.44
37.408
37.304
37.392
68.328
30.44
38.304
30.528
75.544
36.104
37.432
68.392
38.52
62.256
38.304
62.472
38.304
30.616
37.48
63.368
37.304
64.192
37.48
38.568
75.256
36.104
36.28
62.408
37.304
36.296
64.08
67.464
74.84
37.728
63.816
74.768
37.656
30.528
38.544
38.304
30.44
37.392
37.368
36.192
36.104
37.368
66.864
36.016
31.104
37.304
38.392
36.016
37.48
36.104
30.848
36.28
38.304
30.568
38.304
36.456
74.8
38.488
75.176
36.696
63.832
38.072
38.96
39.048
30.88
62.416
37.688
75.072
38.376
75.136
30.824
37.392
37.304
36.192
67.152
36.64
38.392
62.488
30.576
36.864
63.4
30.552
36.736
74.896
37.984
62.28
63.744
36.016
75.032
75.176
37.728
62.248
36.392
63.8
37.392
37.304
62.928
64.392
31.016
37.608
38.896
30.768
75.184
39.272
30.528
36.016
36.104
38.304
36.08
75.304
30.792
75.568
30.44
38.48
38.456
30.616
36.232
38.304
36.016
37.544
75.024
38.512
30.44
37.48
30.44
38.456
30.44
36.128
76.168
37.456
36.168
36.056
30.616
38.304
37.392
36.016
38.68
30.44
30.44
38.392
30.528
38.304
63.632
37.304
66.864
63.984
30.792
36.016
30.904
30.992
30.44
67.56
36.048
68.024
38.304
67.6
38.392
30.44
37.68
30.704
30.616
36.016
37.304
30.704
37.304
74.992
30.44
38.304
63.216
66.96
75.512
38.392
67.48
64.48
38.344
37.392
67.472
38.392
36.016
37.392
36.168
36.344
67.792
36.28
74.968
36.168
37.656
63.056
37.304
30.528
38.592
64.368
38.392
67.6
30.44
63.76
68.304
36.192
38.304
62.68
67.144
36.192
63.28
75.272
38.304
75.112
36.016
64.408
62.904
67.904
63.536
76.024
37.312
62.752
68.44
75.832
75.36
64.448
38.304
63.32
38.304
30.608
36.296
67.784
64.392
30.528
37.392
75.88
62.688
64.312
36.016
36.104
36.192
30.528
38.304
67.472
30.56
36.048
67.936
63.504
30.592
63.88
37.304
36.016
64.848
37.536
36.016
37.392
68.48
30.968
38.568
68.456
76.256
38.304
62.08
62.808
36.104
38.304
67.192
64.192
63.28
37.48
67.368
36.192
75.792
38.368
37.856
38.744
30.528
64.616
37.336
36.192
38.624
68.48
37.712
36.368
31.056
38.304
68.24
37.392
30.68
38.304
37.592
30.744
30.832
75.32
31.008
36.296
63.384
75.88
63.096
30.784
30.872
36.56
62.12
37.456
37.52
30.528
68.008
37.648
38.936
36.288
61.976
38.736
75.824
30.44
63.632
36.016
75.728
67.016
38.392
30.44
38.48
36.128
37.48
75.984
30.44
37.304
36.328
75.448
30.792
37.392
30.656
30.44
37.304
36.104
30.616
30.504
37.304
37.392
37.568
64.256
67.224
62.912
36.6
36.016
67.88
38.32
37.456
38.392
36.208
37.48
38.568
30.44
38.52
38.608
30.44
75.128
36.016
37.392
36.104
75.048
67.048
36.136
63.968
30.824
75.056
63.112
30.6
67.688
67.864
30.752
36.24
30.856
68.344
64.592
37.304
30.44
36.128
30.616
37.568
62.504
62.392
38.392
30.44
74.736
37.304
74.992
37.48
30.552
38.392
67.128
38.544
75.832
38.896
30.44
36.192
30.44
37.304
38.304
36.016
74.84
38.328
30.44
63.288
62.392
37.304
37.392
36.016
67.048
37.304
36.016
67.304
36.192
36.08
30.44
66.952
36.24
31.128
38.392
67.104
64.512
63.264
30.752
30.744
68.008
38.304
64.504
68.248
38.568
38.4
30.488
63.72
38.808
36.016
30.616
63.96
62.488
38.304
67.768
75.144
75.52
37.344
75.632
38.72
36.016
37.392
37.392
64.68
75.864
64.952
64.84
30.44
37.568
37.744
64.224
37.304
30.568
37.392
63.056
76.08
37.368
75.184
36.192
37.368
68.048
38.456
36.104
36.192
30.704
63.88
75.728
37.368
38.456
75.944
63.152
63.24
67.696
61.984
68.072
36.368
30.656
36.344
30.656
36.144
37.304
37.304
62.304
37.304
37.68
75.368
64.256
63.544
36.344
67.032
62.72
36.608
62.896
38.568
36.184
62.624
67.304
74.856
67.528
37.304
62.592
37.392
30.528
36.056
38.304
30.44
63.632
67.128
38.656
31.056
38.304
67.432
30.808
30.528
64.504
38.392
64.68
67.336
37.632
75.52
37.384
30.592
75.872
36.48
68.568
31.256
37.48
37.656
38.744
37.52
75.632
68.12
38.584
30.44
37.48
67.736
62.608
37.392
38.304
75.592
38.48
75.768
36.192
36.08
64.336
67.992
67.456
75.832
37.52
37.392
37.48
64.832
75.576
38.464
64.552
75.64
64.36
31.224
38.48
38.368
36.456
30.544
30.632
63.704
62.256
38.792
37.496
38.52
62.336
38.608
75.896
37.984
62.672
38.872
63.96
39.048
36.264
38.336
67.152
39.024
62.84
38.064
39.152
66.992
30.872
64.064
64.44
64.904
64.592
38.88
36.344
38.92
64.008
75.096
36.408
30.896
38.568
38.744
36.76
36.512
38.784
64.272
30.912
36.192
74.808
36.344
68.032
36.32
75.36
36.52
36.648
63.832
68.136
63.92
63.024
75.664
36.512
30.6
75.84
30.616
67.528
30.68
67.48
76.256
64.344
38.664
64.352
36.216
30.704
38.728
36.392
37.416
64.504
62.256
30.544
67.936
64.144
36.104
36.28
68.352
30.44
63.96
62.728
75.848
36.016
62.664
38.432
62.304
37.84
67.296
38.456
38.344
68.048
68.224
37.392
67.528
63.448
75.28
75.544
36.016
37.304
30.704
37.392
36.016
66.888
36.368
37.304
37.392
36.144
30.632
62.92
67.008
30.496
63.304
37.304
63.992
30.44
37.304
67.336
63.624
37.48
67.4
63.472
38.392
64.384
30.44
38.544
38.304
36.192
64.792
30.68
36.568
64.512
31.056
63.944
31.432
37.352
64.216
30.44
38.392
74.824
30.44
67.912
37.304
63.184
64.792
75.128
63.2
37.568
76.432
37.72
76.008
37.696
68.096
30.616
36.344
37.48
63.232
36.72
30.656
63.344
36.432
63.32
64.496
30.608
36.296
36.104
76.072
63.056
37.568
36.32
76.056
63.208
76.008
64.696
37.48
75.968
62.64
37.656
36.128
36.016
38.304
76.16
64.648
30.872
36.016
36.016
64.392
38.48
62.424
36.6
38
76.296
30.672
38.648
62.12
64.136
36.016
38.712
62.672
31.16
75.24
68.304
62.464
38.304
75.808
63.896
62.48
36.568
38.304
62.856
37.592
36.744
76.28
37.872
64.56
75.648
36.016
64.936
38.224
76.112
30.44
37.304
38.392
75.072
30.44
67.928
37.392
37.304
63.008
68.304
38.304
37.592
64.208
37.784
75.672
38.96
63.648
75.792
37.68
38.768
37.856
75.744
30.544
30.872
38.48
63.592
62.944
63.32
38.48
76.056
76.144
36.104
38.392
75.72
37.48
30.44
30.528
37.304
74.992
36.104
37.392
38.304
30.44
62.632
67.952
74.84
37.832
75.432
36.016
30.696
30.616
37.304
64.944
36.016
64.096
68.552
37.384
30.616
36.016
37.304
38.392
62.104
36.104
37.304
63.616
75.104
38.392
63.28
30.704
75.6
30.44
37.304
76.192
67.264
38.304
30.44
76.328
37.416
64.104
38.792
30.44
76.88
37.568
38.456
63.744
76.832
67.32
38.392
36.208
38.48
63.28
37.392
38.304
67.736
63.52
62.96
63.784
67.816
36.016
68.304
37.48
63.792
37.568
36.48
30.768
38.392
36.256
63.568
30.68
36.192
30.88
63.968
68.856
63.744
30.832
75.352
64.36
68.216
75.448
75.592
68.392
36.192
30.68
75.232
62.616
30.792
37.568
38.456
37.632
68.248
64.32
37.408
37.304
68.104
30.68
75.816
62.112
63.704
36.192
38.992
61.976
76.344
36.016
68.12
76.792
76.696
30.616
36.104
36.192
30.68
36.368
62.696
63.88
30.768
36.456
63.144
38.48
31.072
30.76
63.304
36.392
30.912
37.304
76.192
31.088
36.256
30.528
38.568
68.416
37.456
36.704
38.392
62.36
38.72
61.936
63.408
36.6
67.192
38.76
75.248
62.064
38.712
36.328
38
38.04
63.728
63.08
63.168
37.704
62.832
66.912
37.544
30.44
63.16
30.648
38.304
63.136
64.472
30.824
67.992
37.312
30.528
36.016
37.392
64.48
38.304
64.056
67.912
62.8
30.488
30.576
37.392
74.992
64.16
68.192
64.024
75.712
67.432
37.304
38.48
30.44
38.304
37.304
37.304
30.44
36.016
30.792
36.016
30.704
36.28
38.392
38.304
30.44
30.44
64.192
67.088
37.392
64.272
30.44
63.152
36.016
30.704
38.304
38.392
74.776
36.016
38.464
30.44
38.304
75.392
30.44
30.528
37.392
62.192
37.48
36.016
37.656
38.544
30.44
76.056
62.12
76
37.496
63.584
63.56
63.112
30.44
30.44
37.304
67.528
76.12
64.408
38.392
38.304
37.304
37.304
36.104
64.696
36.28
75.384
30.768
68.016
36.016
64.512
38.6
63.08
37.48
68.472
68.36
63.304
30.792
75.512
75.6
30.616
37.304
68.104
38.304
67.864
36.352
37.568
64.424
68.28
68.256
62.944
64.376
75.896
63.28
64.504
36.016
37.456
30.704
76.344
30.616
38.304
36.192
64.192
36.016
76.056
36.016
30.44
36.328
68.416
38.304
37.304
64.472
64.4
38.488
76.032
37.544
36.104
38.568
37.456
75.744
37.832
30.44
36.104
75.952
62.448
68.336
62.824
75.792
68.056
64.576
76.064
37.752
76.44
67.272
76.16
64.48
37.304
30.44
63.528
30.504
63.192
68.28
38.368
75.856
38.432
38.32
68.368
30.704
68.48
36.192
63.992
68.28
37.304
30.44
36.016
68.304
37.304
38.392
38.392
63.48
30.656
36.144
37.344
68.432
36.52
76.456
68.808
36.296
30.584
75.576
36.016
64.272
38.56
63.24
75.832
67.232
37.48
63.104
30.496
38.392
36.016
68.504
36.192
64.256
36.016
62.904
68.176
68.152
75.04
74.816
37.304
63.288
38.392
75.28
64.6
64.488
75.232
63.392
36.016
75.472
63.192
38.304
67.936
31.024
37.392
36.016
37.32
76.056
36.368
38.544
68.432
37.48
30.528
68.096
36.184
36.144
67.824
36.112
63.344
38.304
30.44
76.192
76.28
62.752
30.44
67.528
62.704
67.696
37.528
63.184
36.016
75.248
37.536
75.424
68.424
30.912
37.304
75.528
64.448
37.536
75.392
37.48
68.056
64.464
30.584
37.352
64.272
64.84
37.728
65.216
38.192
36.104
30.992
75.912
38.6
30.44
30.616
75.152
37.456
75.704
38.544
38.632
37.72
39.008
38.896
38.56
63.328
62.968
75.848
37.936
38.624
37.392
37.368
30.44
64.048
63.6
36.288
67.776
67.456
36.144
75.232
37.304
30.44
68.224
37.304
37.304
67.992
75.392
38.48
64.088
36.192
74.896
74.784
36.016
75.16
36.192
38.392
36.016
37.392
76.64
30.44
38.392
36.016
75.736
38.392
76.48
38.568
62.248
75.64
36.136
63.16
36.344
38.392
62.832
64
31.12
37.688
37.896
36.648
38.808
36.824
62.832
38.872
30.936
38.408
36.328
64.496
31.016
36.704
30.592
30.616
36.704
36.592
36.472
30.504
37.648
36.6
68.024
37.712
30.44
64.208
68.264
37.304
75.992
36.016
64.28
36.104
30.44
30.44
75.656
36.016
38.304
64.392
64.432
36.104
38.392
64.136
31.12
64.312
37.304
38.304
68.208
37.656
38.544
36.016
67.816
36.28
38.304
30.768
67.656
37.48
38.392
62.136
38.744
38.608
36.064
37.496
76.184
63.872
63.76
63.848
63.84
63.928
38.304
62.744
38.392
62.92
36.208
63.296
36.016
75.408
75.128
63.2
67.592
64.6
30.44
63.504
64.552
37.304
67.896
68.272
64.232
37.32
64.496
37.392
63.136
36.104
75.68
37.392
63.352
37.48
36.016
62.104
37.392
30.792
30.68
36.368
68.224
76.512
37.48
62.136
37.304
38.392
37.48
62.288
75.856
36.208
62.392
75.984
38.872
62.544
76.176
66.952
75.84
36.24
38.304
38.392
30.504
30.44
37.304
63.992
64.176
38.664
30.44
74.848
67.136
38.392
63.224
36.312
64.344
30.44
36.328
68.264
36.352
63.64
68.528
75.28
36.016
38.304
64.528
75.816
68.16
63.032
38.48
36.32
37.568
67.8
67.864
36.152
68.192
37.48
75.944
38.568
36.104
37.392
37.304
38.392
68.072
75.936
37.424
30.528
64.008
64.384
63.136
30.528
37.312
63.128
30.528
76.008
38.392
38.368
38.424
30.68
75.312
64.432
37.432
36.104
37.392
75.104
64.024
75.368
30.44
63.328
38.48
75.432
64.52
38.304
37.48
67.872
37.456
76.144
36.016
30.528
63.232
38.52
38.608
36.016
37.304
67.528
38.392
38.304
62.352
62.44
63.376
63.704
38.392
38.304
37.392
75.992
67.68
38.304
37.304
67.744
30.632
37.304
64.24
38.528
64.704
68.368
37.392
63.256
64.88
67.512
30.44
37.304
36.128
62.936
64.072
31.016
64.392
68.392
75.368
68.168
36.256
63.776
38.664
36.016
31.104
64.216
75.76
64.648
30.44
38.536
36.128
37.304
36.216
36.368
67.856
63.544
63.632
36.92
68.208
36.896
76.192
36.56
38.968
64.456
39.144
36.712
38.232
30.6
39.072
30.616
63.688
76.376
30.616
68.048
36.336
36.016
30.528
37.392
63.024
75.616
30.528
30.44
37.392
76.192
67.896
64.016
76.104
37.792
75.6
36.192
64.296
68.48
63.168
36.656
30.48
37.344
36.344
37.456
68.096
75.384
30.584
64.304
36.016
62.504
75.936
67.536
64.224
67.512
37.68
36.104
75.864
63.352
68.04
62.392
36.28
67.768
37.392
75.88
37.304
62.416
30.672
67.76
36.248
62.936
30.44
63.304
37.304
38.592
76.08
36.112
76.168
30.6
37.456
38.544
64.312
63.488
63.664
36.016
74.896
67.872
63.16
75.248
30.44
64.168
62.808
36.096
38.304
62.56
36.248
67.736
38.304
30.624
75.392
63.112
30.8
30.44
38.304
68.232
37.392
30.44
36.128
67.616
67.088
67.24
36.128
36.192
30.68
36.368
36.456
36.544
63.832
36.32
36.016
30.44
36.016
63.304
68.392
36.68
38.44
30.44
75.456
68.256
63.576
36.016
75.864
68.704
37.552
30.792
38.44
76.072
30.936
62.624
75.912
63.6
37.888
30.944
62.56
36.248
63.784
64.16
31.184
36.016
64.024
36.344
63.232
36.72
30.592
75.512
38.888
63.184
37.976
39.264
62.848
38.16
75.528
36.4
37.616
39.504
38.624
37.712
39
38.088
36.104
63.192
64.24
36.104
36.016
37.304
68
37.304
64.472
75.856
63.576
68.232
75.672
62.344
76.136
67.224
75.888
63.984
67.04
63.528
62.776
67.72
64.152
67.96
67.952
67.928
63.336
63.728
67.424
74.88
74.92
74.744
