24.594
25.728
26.037
25.122
26.256
25.741
25.896
26.565
26.093
29.44
26.178
29.637
31.042
27.312
26.93
27.373
30.432
31.05
28.322
28.858
31.544
33.013
29.632
28.717
36.071
30.096
36.485
29.984
29.573
37.458
36.528
32.416
34.181
33.104
30.736
33.309
37.578
33.197
31.066
33.352
37.888
33.373
38.042
31.797
31.282
31.685
30.904
37.573
31.325
38.45
32.472
33.634
31.256
38.058
31.01
38.536
33.832
34.52
38.712
32.008
38.866
36.162
31.688
34.954
39.309
36.48
38.53
37.618
39.773
39.928
37.949
32.637
32.304
36.592
36.101
33.376
32.728
35.52
38.304
35.408
41.258
35.562
45.167
38.922
33.256
33.877
36.344
38.165
39.698
38.586
36.653
32.808
36.962
38.965
33.917
33.786
40.872
39.141
38.226
37.981
39.45
34.136
40.138
34.024
34.693
38.416
37.77
42.325
39.29
39.013
44.245
34.901
38.389
39.81
39.477
43.098
35.786
39.256
39.008
35.962
39.317
39.472
34.16
40.381
44.181
40.402
38.869
37.09
36.49
40.045
35.578
40.066
39.333
41.154
34.688
39.842
39.642
38.464
36.517
38.485
48.994
38.506
45.549
39.994
49.17
36.282
39.858
44.97
41.88
40.725
45.28
46.322
39.301
37.544
33.989
41.21
40.949
40.432
33.274
38.106
41.413
45.984
38.634
40.538
40.693
38.858
38.848
39.013
40.602
46.49
43.578
33.066
39.469
38.821
41.642
39.912
46.864
39.418
39.573
47.461
47.616
47.237
45.002
44.642
42.93
40.989
45.085
45.544
43.24
41.032
41.074
33.541
48.629
41.861
48.549
40.968
48.493
38.056
42.381
39.602
46.824
49.312
44.666
34.021
46.853
38.709
39.378
34.33
46.352
47.317
45.706
49.605
34.261
40.026
46.016
47.914
43.37
40.792
50.592
47.413
44.378
44.101
46.922
34.81
50.698
40.053
47.952
47.141
41.173
45.296
48.498
47.584
48.672
48.026
46.029
35.381
41.65
48.469
46.472
35.024
42.093
48.778
50.114
48.933
41.736
46.821
49.376
42.845
46.864
49.152
40.373
40.538
34.528
41.626
49.749
50.704
48.202
34.858
40.346
47.978
47.701
47.866
34.256
41.077
50.965
48.72
41.274
34.762
49.061
49.05
48.938
49.186
42.122
49.074
40.829
42.165
35.117
41.408
49.869
35.49
50.312
42.714
41.8
41.909
34.861
41.458
42.261
41.613
42.704
42.298
42.186
42.517
36.05
42.981
43.002
36.824
40.682
42.469
42.89
42.864
43.018
43.061
37.282
42.056
37.437
37.458
42.901
42.274
42.584
37.341
44.069
42.618
44.224
44.597
43.992
37.106
44.52
37.256
45.344
42.981
45.008
37.117
42.752
44.818
45.64
44.034
45.098
44.472
45.293
42.4
43.869
42.421
63.49
62.114
44.89
41.882
42.037
36.992
42.256
43.48
63.768
64.304
36.989
43.525
37.01
64.696
37.65
65.52
43.141
67.53
43.472
66.045
68.458
44.597
67.776
43.634
44.325
67.984
43.853
42.672
44.941
69.096
62.181
43.917
37.669
42.757
44.114
42.184
75.042
69.048
63.85
72.269
63.76
44.933
42.754
42.909
69.597
64.133
63.752
70.154
39.21
64.165
44.394
71.77
67.626
65.658
70.581
65.28
67.802
78.234
67.824
71.456
71.92
39.56
65.696
39.869
66.026
75.349
44.837
66.09
39.413
71.178
75.301
71.066
46.821
39.64
66.709
81.053
69.386
81.229
75.117
71.272
44.917
75.56
75.072
46.914
65.76
75.869
75.114
46.957
45.669
67.378
75.557
71
69.333
70.288
67.49
69.642
71.378
70.73
76.333
46.485
47.154
70.373
75.861
45.749
40.837
46.84
72.058
71.68
71.282
71.301
83.304
75.456
68.258
70.277
77.053
74.32
46.674
70.074
71.01
68.946
70.949
46.437
70.856
82.592
45.277
48.08
68.101
47.989
69.741
67.61
74.562
47.821
71.426
45.848
39.869
70.538
67.357
83.093
46.981
73.904
48.336
71.157
67.042
71.178
67.197
68.266
68.021
47.376
67.794
40.349
46.504
47.973
72.258
47.994
68.28
72.434
47.389
48.81
39.944
78.565
67.565
71.92
69.986
68.741
71.741
79.162
69.762
82.117
40.184
48.405
70.205
75.693
48.314
45.714
82.336
72.373
66.128
71.093
40.149
68.714
70.037
82.736
47.557
71.333
70.04
71.242
82.197
71.685
70.586
46.506
40.208
82.794
71.029
71.749
71.184
46.437
40.005
82.325
71.493
47.413
72.338
66.224
45.445
46.781
46.424
45.642
70.73
47.269
72.485
73.557
40.506
82.912
75.328
74
40.682
40.57
80.413
47.368
48.456
73.944
76.144
83.432
41.098
74.386
80.408
74.296
72.392
68.45
67.08
82.738
71.634
82.893
67.389
73.981
72.077
46.936
69.09
83.512
41.341
79.533
72.296
68.888
72.45
83.442
71.938
47.464
67.693
48.152
42.514
69.906
77.336
48.461
72.157
73.536
48.189
72.277
47.88
84.168
68.322
72.074
48.477
47.429
74.232
84.92
49.208
77.226
50.162
74.717
71.424
69.56
77.178
85.314
47.466
85.336
47.621
48.69
71.776
85.245
73.397
74.2
68.802
49.424
47.624
49.776
68.909
49.664
70.352
77.64
72.861
72.186
84.562
47.941
48.984
77.962
80.338
72.117
70.36
78.405
70.514
71.944
78.498
70.389
44.379
79.666
78.666
73.888
69.509
79.197
72.597
73.618
78.752
85.106
73.928
50.216
50.237
44.755
85.213
76.776
70.968
72.768
85.677
74.389
45.077
80.786
77.232
72.141
73.12
81.229
45.541
73.562
45.317
72.893
69.605
87.181
49.915
71.89
46.069
82.578
50.224
87.821
74.554
71.976
70.709
82.93
46.331
82.685
50.619
72.04
73.706
75.128
75.149
72.578
86.504
74.17
74.925
70.458
72.061
81.682
74.522
70.544
77.898
46.453
46.608
46.763
73.184
85.272
47.205
73.826
78.826
85.581
78.848
74.269
47.136
47.291
85.378
73.312
70.866
47.467
84.754
73.621
70.909
77.109
47.664
47.973
84.994
48.128
48.571
74.458
81.88
48.613
82.189
78.256
48.411
47.899
75.12
47.941
48.096
74.384
75.482
78.938
47.627
79.248
71.013
74.869
47.424
47.733
85.85
75.621
71.072
75.509
75.893
75.264
76.048
83.136
74.536
48.691
76.293
48.845
85.514
76.2
76.069
49.288
83.746
75.176
81.197
83.256
81.218
75.373
82.498
76.195
48.883
75.571
49.192
76.28
76.301
49.256
76.744
49.432
69.053
82.712
49.875
81.763
49.384
83.176
49.405
49.027
68.781
82.003
81.757
88.349
48.979
77.171
76.733
69.325
82.355
68.909
49.731
76.419
50.04
77.909
77.928
84.597
77.949
84.085
50.637
69.725
78.413
78.016
50.968
84.323
83.544
51.432
78.52
51.875
84.333
78.963
78.621
68.451
84.339
76.227
76.219
68.272
83.595
67.749
83.171
48.971
78.325
49.147
49.168
78.656
69.088
49.477
90.043
49.099
90.12
48.72
78.341
48.763
78.651
79.616
84.272
83.56
49.493
73.781
84.003
78.736
84.224
84.179
49.979
79.933
73.733
73.888
91.043
49.643
84.331
79.829
68.752
91.451
49.84
91.395
49.883
74.171
79.525
83.08
50.48
50.101
84.544
80.432
50.453
70.485
70.075
91.707
50.496
82.395
70.117
82.472
49.339
84.56
49.515
49.691
91.645
70.029
50.317
75.405
81.485
79.848
75.869
71.205
80.291
71.36
86.549
82.315
81.992
69.955
70.109
76.523
92.611
50.277
82.52
50.208
92.451
50.251
70.339
70.227
49.627
92.781
70.669
77.669
92.691
49.824
81.112
88.912
92.733
49.755
93.043
78.176
50.197
49.819
81.317
78.107
71.605
79.861
83.627
49.349
94.104
49.504
49.659
80.891
71.547
79.568
72.133
87.856
92.344
49.344
92.099
77.632
87.92
80.341
50.096
95.517
80.784
88.939
95.96
50.827
73.048
89.248
84.936
73.403
50.757
85.379
50.645
79.2
88.955
74.176
85.731
50.464
82.619
82.517
89.84
51.061
73.483
73.115
80.171
73.525
72.891
51.28
50.901
86.589
72.789
95.411
80.677
51.365
90.453
51.408
51.296
50.251
88.672
80.96
81.381
73.003
96.291
50.891
96.179
50.779
73.467
73.355
78.72
50.443
50.331
96.419
78.885
49.707
86.461
74.128
78.883
80.949
86.371
50.171
50.192
74.091
50.347
79.168
49.856
83.088
80.011
79.632
87.32
50.187
84.075
50.496
84.128
89.584
78.949
89.472
75.371
89.493
93.315
50.848
92.936
50.736
80.224
96.179
79.445
75.8
50.8
75.821
86.288
88.776
88.709
50.731
76.619
79.051
79.573
51.061
86.349
89.483
76.237
50.971
79.192
77.259
51.413
79.045
77.701
95.256
51.589
87.744
51.632
76.597
82.853
51.675
78.096
86.317
52.117
52.272
51.627
51.648
86.736
51.157
77.445
76.411
77.6
94.965
51.755
51.776
77.397
51.952
76.517
77.84
95.872
83.861
52.416
52.037
83.525
52.347
77.445
52.101
92.989
81.989
80.611
84.544
77.299
78.832
97.853
53.12
93.475
84.741
53.296
82.384
77.349
53.605
89.693
81.493
83.915
77.68
80.469
90.101
77.291
76.584
79.92
87.005
79.829
78.515
78.557
78.027
83.779
76.867
83.147
89.635
78.685
89.811
78.365
90.253
78.349
90.408
85.971
90.296
78.717
83.851
85.872
89.693
84.048
79.413
78.736
86.091
90.179
77.496
79.765
86.021
95.387
77.909
79.696
86.373
90.995
85.947
79.712
90.933
78.821
94.275
79.059
85.48
84.805
79.093
79.259
78.315
79.136
86.112
79.675
80.096
78.115
86.669
79.224
85.645
92.259
79.331
79.733
86.656
94.688
86.677
92.499
79.453
93.875
86.096
79.861
92.605
86.539
80.592
92.691
77.741
78.544
80.832
80.987
86.997
78.219
94.173
77.757
82.181
77.8
94.603
87.955
77.976
92.835
88.101
79.923
93.011
82.573
94.365
83.587
79.437
88.229
94.984
79.584
79.739
87.493
78.315
87.403
79.557
80.677
95.365
78.984
94.587
88.872
88.464
80.763
80.117
86.107
88.661
80.16
95.248
84.304
94.659
78.725
80.013
83.947
85.035
79.6
78.256
84.699
80.064
94.808
80.661
95.083
80.971
84.027
84.048
79.403
95.091
83.824
81.112
78.829
84.051
95.709
80.629
94.04
79.736
94.083
83.637
80.603
85.125
93.347
78.613
85.568
81.2
93.621
83.877
78.547
82.016
84.701
81.123
84.611
84.765
84.091
78.112
79.611
84.688
78.853
78.709
85.131
85.285
83.573
91.795
79.061
79.781
91.325
85.792
81.131
91.952
81.573
81.728
83.051
92.283
78.805
81.392
83.515
77.269
84.224
77.445
77.6
84.688
78.043
92.664
84.795
80.827
80.016
79.381
85.237
90.859
93.613
91.947
80.035
93.789
91.085
92.411
91.365
90.275
84.229
80.795
91.616
91.027
92.189
83.248
81.28
93.499
82.717
91.443
84.043
96.197
91.885
80.936
80.957
82.293
92.715
79.8
96.888
79.976
78.797
81.2
97.219
100.288
79.24
82.728
90.12
79.416
97.837
90.925
79.347
79.101
79.123
92.733
80.72
91.597
83.819
80.107
83.995
81.115
92.68
84.08
80.152
81.488
79.907
84.461
80.083
84.741
80.23
100.717
81.406
76.968
98.36
84.856
81.315
81.435
93.989
94.144
80.163
82.166
80.318
85.11
80.598
85.286
80.774
77.379
92.013
78.568
92.456
77.219
83.283
78.352
92.451
92.227
76.99
92.381
84.768
92.712
77.075
82.267
92.888
85.622
92.91
86.976
82.331
93.219
85.019
82.262
82.038
77.259
86.358
81.968
86.707
82.166
85.92
93.475
82.608
89.896
84.763
93.518
82.384
93.272
90.56
85.414
93.435
90.091
83.323
90.246
89.934
82
78.488
83.71
82.043
77.131
83.696
91.552
82.24
78.406
77.462
82.283
89.971
78.392
78.547
77.064
96.59
78.464
87.254
90.008
77.408
87.79
78.747
90.102
88.923
82.379
82.688
78.454
77.643
78.342
78.496
81.952
78.518
81.974
82.128
77.688
82.347
96.878
89.854
78.616
79.75
89.827
82.448
80.214
82.336
90.102
79.824
80.656
82.779
80.678
82.534
80.854
90.398
82.998
83.152
83.307
83.771
94.459
96.491
90.379
96.4
89.086
96.555
84.44
84.595
89.875
84.918
100.939
90.248
90.158
90.51
99.51
99.664
90.707
94.24
92.472
92.627
108.424
107.912
108.088
