30.44
30.594
30.749
30.904
31.058
31.213
31.368
31.522
31.677
31.832
31.986
32.141
32.296
32.45
32.605
32.76
32.914
33.069
33.224
33.378
33.533
33.688
33.842
33.997
34.152
34.306
34.461
34.616
34.77
34.925
35.08
35.234
35.389
35.544
35.698
35.853
36.008
36.162
36.317
36.472
36.626
36.781
36.936
37.09
37.245
37.4
37.554
37.709
37.864
38.018
38.173
38.328
38.482
38.637
38.792
38.946
39.101
39.256
39.41
39.565
39.72
39.874
40.029
40.184
40.338
40.493
40.648
40.802
40.957
41.112
41.266
41.421
41.576
41.73
41.885
42.04
42.194
42.349
42.504
42.658
42.813
42.968
43.122
43.277
43.432
43.586
43.741
43.896
44.05
44.205
44.36
44.514
44.669
44.824
44.978
45.133
45.288
45.442
45.597
45.752
45.906
46.061
46.216
46.37
46.525
46.68
46.834
46.989
47.144
47.298
47.453
47.608
47.762
47.917
48.072
48.226
48.381
48.536
48.69
48.845
49
49.154
49.309
49.464
49.618
49.773
49.928
50.082
50.237
50.392
50.546
50.701
50.856
51.01
51.165
51.32
51.474
51.629
51.784
51.938
52.093
52.248
52.402
52.557
52.712
52.866
53.021
53.176
53.33
53.485
53.64
53.794
53.949
54.104
54.258
54.413
54.568
54.722
54.877
55.032
55.186
55.341
55.496
55.65
55.805
55.96
56.114
56.269
56.424
56.578
56.733
56.888
57.042
57.197
57.352
57.506
57.661
57.816
57.97
58.125
58.28
58.434
58.589
58.744
58.898
59.053
59.208
59.362
59.517
59.672
59.826
59.981
60.136
60.29
60.445
60.6
60.754
60.909
61.064
61.218
61.373
61.528
61.682
61.837
61.992
62.146
62.301
62.456
62.61
62.765
62.92
63.074
63.229
63.384
63.538
63.693
63.848
64.002
64.157
64.312
64.466
64.621
64.776
64.93
65.085
65.24
65.394
65.549
65.704
65.858
66.013
66.168
66.322
66.477
66.632
66.786
66.941
67.096
67.25
67.405
67.56
67.714
67.869
68.024
68.178
68.333
68.488
68.642
68.797
68.952
69.106
69.261
69.416
69.57
69.725
69.88
70.034
70.189
70.344
70.498
70.653
70.808
70.962
71.117
71.272
71.426
71.581
71.736
71.89
72.045
72.2
72.354
72.509
72.664
72.818
72.973
73.128
73.282
73.437
73.592
73.746
73.901
74.056
74.21
74.365
74.52
74.674
74.829
74.984
75.138
75.293
75.448
75.602
75.757
75.912
76.066
76.221
76.376
76.53
76.685
76.84
76.994
77.149
77.304
77.458
77.613
77.768
77.922
78.077
78.232
78.386
78.541
78.696
78.85
79.005
79.16
79.314
79.469
79.624
79.778
79.933
80.088
80.242
80.397
80.552
80.706
80.861
81.016
81.17
81.325
81.48
81.634
81.789
81.944
82.098
82.253
82.408
82.562
82.717
82.872
83.026
83.181
83.336
83.49
83.645
83.8
83.954
84.109
84.264
84.418
84.573
84.728
84.882
85.037
85.192
85.346
85.501
85.656
85.81
85.965
86.12
86.274
86.429
86.584
86.738
86.893
87.048
87.202
87.357
87.512
87.666
87.821
87.976
88.13
88.285
88.44
88.594
88.749
88.904
89.058
89.213
89.368
89.522
89.677
89.832
89.986
90.141
90.296
90.45
90.605
90.76
90.914
91.069
91.224
91.378
91.533
91.688
91.842
91.997
92.152
92.306
92.461
92.616
92.77
92.925
93.08
93.234
93.389
93.544
93.698
93.853
94.008
94.162
94.317
94.472
94.626
94.781
94.936
95.09
95.245
95.4
95.554
95.709
95.864
96.018
96.173
96.328
96.482
96.637
96.792
96.946
97.101
97.256
97.41
97.565
97.72
97.874
98.029
98.184
98.338
98.493
98.648
98.802
98.957
99.112
99.266
99.421
99.576
99.73
99.885
100.04
100.194
100.349
100.504
100.658
100.813
100.968
101.122
101.277
101.432
101.586
101.741
101.896
102.05
102.205
102.36
102.514
102.669
102.824
102.978
103.133
103.288
103.442
103.597
103.752
103.906
104.061
104.216
104.37
104.525
104.68
104.834
104.989
105.144
105.298
105.453
105.608
105.762
105.917
106.072
106.226
106.381
106.536
106.69
106.845
107
107.154
107.309
107.464
107.618
107.773
107.928
108.082
108.237
108.392
108.546
108.701
108.856
109.01
109.165
109.32
109.474
109.629
109.784
109.938
110.093
110.248
110.402
110.557
110.712
110.866
111.021
111.176
111.33
111.485
111.64
111.794
111.949
112.104
112.258
112.413
112.568
112.722
112.877
113.032
113.186
113.341
113.496
113.65
113.805
113.96
114.114
114.269
114.424
114.578
114.733
114.888
115.042
115.197
115.352
115.506
115.661
115.816
115.97
116.125
116.28
116.434
116.589
116.744
116.898
117.053
117.208
117.362
117.517
117.672
117.826
117.981
118.002
118.157
118.312
118.466
118.621
118.776
118.93
119.085
119.24
119.394
119.549
119.704
119.858
120.013
120.168
120.322
120.477
120.632
120.786
120.941
121.096
121.25
121.405
121.56
121.714
121.869
122.024
122.178
122.333
122.488
122.642
122.797
122.952
123.106
123.261
123.416
123.57
123.725
123.88
124.034
124.189
124.344
124.498
124.653
124.808
124.962
125.117
125.272
125.426
125.581
125.736
125.89
126.045
126.2
126.354
126.509
126.664
126.818
126.973
127.128
127.282
127.437
127.592
127.746
127.901
128.056
128.21
128.365
128.52
128.674
128.829
128.984
129.138
129.293
129.448
129.602
129.757
129.912
130.066
130.221
130.376
130.53
130.685
130.84
130.994
131.149
131.304
131.458
131.613
131.768
131.922
132.077
132.232
132.386
132.541
132.696
132.85
133.005
133.16
133.314
133.469
133.624
133.778
133.933
134.088
134.242
134.397
134.552
134.706
134.861
135.016
135.17
135.325
135.48
135.634
135.789
135.944
136.098
136.253
136.408
136.562
136.717
136.872
137.026
137.181
137.336
137.49
137.645
137.8
137.954
138.109
138.264
138.418
138.573
138.728
138.882
139.037
139.192
139.346
139.501
139.656
139.81
139.965
140.12
140.274
140.429
140.584
140.738
140.893
141.048
141.202
141.357
141.512
141.666
141.821
141.976
142.13
142.285
142.44
142.594
142.749
142.904
143.058
143.213
143.368
143.522
143.677
143.832
143.986
144.141
144.296
144.45
144.605
144.76
144.914
145.069
145.224
145.378
145.533
145.688
145.842
145.997
146.152
146.306
146.461
146.616
146.77
146.925
147.08
147.234
147.389
147.544
147.698
147.853
148.008
148.162
148.317
148.472
148.626
148.781
148.936
149.09
149.245
149.4
149.554
149.709
149.864
150.018
150.173
150.328
150.482
150.637
150.792
150.946
151.101
151.256
151.41
151.565
151.72
151.874
152.029
152.184
152.338
152.493
152.648
152.802
152.957
153.112
153.266
153.421
153.576
153.73
153.885
154.04
154.194
154.349
154.504
154.658
154.813
154.968
155.122
155.277
155.432
155.586
155.741
155.896
156.05
156.205
156.36
156.514
156.669
156.824
156.978
157.133
157.288
157.442
157.597
157.752
157.906
158.061
158.216
158.37
158.525
158.68
158.834
158.989
159.144
159.298
159.453
159.608
159.762
159.917
160.072
160.226
160.381
160.536
160.69
160.845
161
161.154
161.309
161.464
161.618
161.773
161.928
162.082
162.237
162.392
162.546
162.701
162.856
163.01
163.165
163.32
163.474
163.629
163.784
163.938
164.093
164.248
164.402
164.557
164.712
164.866
165.021
165.176
165.33
165.485
165.64
165.794
165.949
166.104
166.258
166.413
166.568
166.722
166.877
167.032
167.186
167.341
167.496
167.65
167.805
167.96
168.114
168.269
168.424
168.578
168.733
168.888
169.042
169.197
169.352
169.506
169.661
169.816
169.97
170.125
170.28
170.434
170.589
170.744
170.898
171.053
171.208
171.362
171.517
171.672
171.693
171.848
172.002
172.157
172.312
172.466
172.621
172.776
172.93
173.085
173.24
173.394
173.549
173.704
173.858
174.013
174.168
174.322
174.477
174.632
174.786
174.941
175.096
175.25
175.405
175.56
175.714
175.869
176.024
176.178
176.333
176.488
176.642
176.797
176.952
177.106
177.261
177.416
177.57
177.725
177.88
178.034
178.189
178.344
178.498
178.653
178.808
178.962
179.117
179.272
179.426
179.581
179.736
179.89
180.045
180.2
180.354
180.509
180.664
180.818
180.973
181.128
181.282
181.437
181.592
181.746
181.901
182.056
182.21
182.365
182.52
182.674
182.829
182.984
183.138
183.293
183.448
183.602
183.757
183.912
184.066
184.221
184.376
184.531
184.685
184.84
184.995
185.149
185.304
185.459
185.613
185.768
185.923
186.077
186.232
186.387
186.541
186.696
186.851
187.005
187.16
187.315
187.469
187.624
187.779
187.933
188.088
188.243
188.397
188.552
188.707
188.861
189.016
189.171
189.325
189.48
189.635
189.789
189.944
190.099
190.253
190.408
190.563
190.717
190.872
191.027
191.181
191.336
191.491
191.645
191.8
191.955
192.109
192.264
192.419
192.573
192.728
192.883
193.037
193.192
193.347
193.501
193.656
193.811
193.965
194.12
194.275
194.429
194.584
194.739
194.893
195.048
195.203
195.357
195.512
195.667
195.821
195.976
196.131
196.285
196.44
196.595
196.749
196.904
197.059
197.213
197.368
197.523
197.677
197.832
197.987
198.141
198.296
198.317
198.472
198.627
198.781
198.936
199.091
199.245
199.4
199.555
199.709
199.864
200.019
200.173
200.328
200.483
200.637
200.792
200.947
201.101
201.256
201.411
201.565
201.72
201.875
202.029
202.184
202.339
202.493
202.648
202.803
202.957
203.112
203.267
203.421
203.576
203.731
203.885
204.04
204.195
204.349
204.504
204.659
204.813
204.968
205.123
205.277
205.432
205.587
205.741
205.896
206.051
206.205
206.36
206.515
206.669
206.824
206.979
207.133
207.288
207.443
207.597
207.752
207.907
208.061
208.216
208.371
208.525
208.68
208.835
208.989
209.144
209.299
209.453
209.608
209.763
209.917
210.072
210.227
210.381
210.536
210.691
210.845
211
211.155
211.309
211.464
211.619
211.773
211.928
212.083
212.237
212.392
212.547
212.701
212.856
213.011
213.165
213.32
213.475
213.629
213.784
213.939
214.093
214.248
214.403
214.557
214.712
214.867
215.021
215.176
215.331
215.485
215.64
215.795
215.949
216.104
216.259
216.413
216.568
216.723
216.877
217.032
217.187
217.341
217.496
217.651
217.805
217.96
218.115
218.269
218.424
218.579
218.733
218.888
219.043
219.197
219.352
219.507
219.661
219.816
219.971
220.125
220.28
220.435
220.589
220.744
220.899
221.053
221.208
221.363
221.517
221.672
221.827
221.981
222.136
222.291
222.445
222.6
222.755
222.909
223.064
223.219
223.373
223.528
223.683
223.837
223.992
224.147
224.301
224.456
224.611
224.765
224.92
225.075
225.229
225.384
225.539
225.693
225.848
226.003
226.157
226.312
226.467
226.621
226.776
226.931
227.085
227.24
227.395
227.549
227.704
227.859
228.013
228.168
228.323
228.477
228.499
228.653
228.808
228.963
229.117
229.272
229.427
229.581
229.736
229.891
230.045
230.2
230.355
230.509
230.664
230.819
230.973
231.128
231.283
231.437
231.592
231.747
231.901
232.056
232.211
232.365
232.52
232.675
232.829
232.984
233.139
233.293
233.448
233.603
233.757
233.912
234.067
234.221
234.376
234.531
234.685
234.84
234.995
235.149
235.304
235.459
235.613
235.768
235.923
236.077
236.232
236.387
236.541
236.696
236.851
237.005
237.16
237.315
237.469
237.624
237.779
237.933
238.088
238.243
238.397
238.552
238.707
238.861
239.016
239.171
239.325
239.48
239.635
239.789
239.944
240.099
240.253
240.408
240.563
240.717
240.872
241.027
241.181
241.336
241.491
241.645
241.8
241.955
242.109
242.264
242.419
242.573
242.728
242.883
243.037
243.192
243.347
243.501
243.656
243.811
243.965
244.12
244.275
244.429
244.584
244.739
244.893
245.048
245.203
245.357
245.512
245.667
245.821
245.976
246.131
246.285
246.44
246.595
246.749
246.904
247.059
247.213
247.368
247.523
247.677
247.832
247.987
248.141
248.296
248.451
248.605
248.76
248.915
249.069
249.224
249.379
249.533
249.688
249.843
249.997
250.152
250.307
250.461
250.616
250.771
250.925
251.08
251.235
251.389
251.544
251.699
251.853
252.008
252.163
252.317
252.472
252.627
252.781
252.936
253.091
253.245
253.4
253.555
253.709
253.864
254.019
254.173
254.328
254.483
254.504
254.659
254.813
254.968
255.123
255.277
255.432
255.587
255.741
255.896
256.051
256.205
256.36
256.515
256.669
256.824
256.979
257.133
257.288
257.443
257.597
257.752
257.907
258.061
258.216
258.371
258.525
258.68
258.835
258.989
259.144
259.299
259.453
259.608
259.763
259.917
260.072
260.227
260.381
260.536
260.691
260.845
261
261.155
261.309
261.464
261.619
261.773
261.928
262.083
262.237
262.392
262.547
262.701
262.856
263.011
263.165
263.32
263.475
263.629
263.784
263.939
264.093
264.248
264.403
264.557
264.712
264.867
265.021
265.176
265.331
265.485
265.64
265.795
265.949
266.104
266.259
266.413
266.568
266.723
266.877
267.032
267.187
267.341
267.496
267.651
267.805
267.96
268.115
268.269
268.424
268.579
268.733
268.888
269.043
269.197
269.352
269.507
269.661
269.816
269.971
270.125
270.28
270.435
270.589
270.744
270.899
271.053
271.208
271.363
271.517
271.672
271.827
271.981
272.136
272.291
272.445
272.6
272.755
272.909
273.064
273.219
273.373
273.528
273.683
273.837
273.992
274.147
274.301
274.456
274.611
274.765
274.92
275.075
275.229
275.384
275.539
275.693
275.848
276.003
276.157
276.312
276.467
276.621
276.776
276.931
277.085
277.24
277.395
277.549
277.704
277.859
278.013
278.035
278.189
278.344
278.499
278.653
278.808
278.963
279.117
279.272
279.427
279.581
279.736
279.891
280.045
280.2
280.355
280.509
280.664
280.819
280.973
281.128
281.283
281.437
281.592
281.747
281.901
282.056
282.211
282.365
282.52
282.675
282.829
282.984
283.139
283.293
283.448
283.603
283.757
283.912
284.067
284.221
284.376
284.531
284.685
284.84
284.995
285.149
285.304
285.459
285.613
285.768
285.923
286.077
286.232
286.387
286.541
286.696
286.851
287.005
287.16
287.315
287.469
287.624
287.779
287.933
288.088
288.243
288.397
288.552
288.707
288.861
289.016
289.171
289.325
289.48
289.635
289.789
289.944
290.099
290.253
290.408
290.563
290.717
290.872
291.027
291.181
291.336
291.491
291.645
291.8
291.955
292.109
292.264
292.419
292.573
292.728
292.883
293.037
293.192
293.347
293.501
293.656
293.811
293.965
294.12
294.275
294.429
294.584
294.739
294.893
295.048
295.203
295.357
295.512
295.667
295.821
295.976
296.131
296.285
296.44
296.595
296.749
296.904
297.059
297.213
297.368
297.523
297.677
297.832
297.987
298.141
298.296
298.451
298.605
298.76
298.915
299.069
299.224
299.379
299.533
299.688
299.709
299.864
300.019
300.173
300.328
300.483
300.637
300.792
300.947
301.101
301.256
301.411
301.565
301.72
301.875
302.029
302.184
302.339
302.493
302.648
302.803
302.957
303.112
303.267
303.421
303.576
303.731
303.885
304.04
304.195
304.349
304.504
304.659
304.813
304.968
305.123
305.277
305.432
305.587
305.741
305.896
306.051
306.205
306.36
306.515
306.669
306.824
306.979
307.133
307.288
307.443
307.597
307.752
307.907
308.061
308.216
308.371
308.525
308.68
308.835
308.989
309.144
309.299
309.453
309.608
309.763
309.917
310.072
310.227
310.381
310.536
310.691
310.845
311
311.155
311.309
311.464
311.619
311.773
311.928
312.083
312.237
312.392
312.547
312.701
312.856
313.011
313.165
313.32
313.475
313.629
313.784
313.939
314.093
314.248
314.403
314.557
314.712
314.867
315.021
315.176
315.331
315.485
315.64
315.795
315.949
316.104
316.259
316.413
316.568
316.723
316.877
317.032
317.187
317.341
317.496
317.651
317.805
317.96
318.115
318.269
318.424
318.579
318.733
318.888
319.043
319.197
319.352
319.507
319.661
319.683
319.837
319.992
320.147
320.301
320.456
320.611
320.765
320.92
321.075
321.229
321.384
321.539
321.693
321.848
322.003
322.157
322.312
322.467
322.621
322.776
322.931
323.085
323.24
323.395
323.549
323.704
323.859
324.013
324.168
324.323
324.477
324.632
324.787
324.941
325.096
325.251
325.405
325.56
325.715
325.869
326.024
326.179
326.333
326.488
326.643
326.797
326.952
327.107
327.261
327.416
327.571
327.725
327.88
328.035
328.189
328.344
328.499
328.653
328.808
328.963
329.117
329.272
329.427
329.581
329.736
329.891
330.045
330.2
330.355
330.509
330.664
330.819
330.973
331.128
331.283
331.437
331.592
331.747
331.901
332.056
332.211
332.365
332.52
332.675
332.829
332.984
333.139
333.293
333.448
333.603
333.757
333.912
334.067
334.221
334.376
334.531
334.685
334.84
334.995
335.149
335.304
335.459
335.613
335.768
335.923
336.077
336.232
336.387
336.541
336.696
336.851
337.005
337.16
337.315
337.47
337.624
337.779
337.934
338.088
338.243
338.398
338.419
338.574
338.728
338.883
339.038
339.192
339.347
339.502
339.656
339.811
339.966
340.12
340.275
340.43
340.584
340.739
340.894
341.048
341.203
341.358
341.512
341.667
341.822
341.976
342.131
342.286
342.44
342.595
342.75
342.904
343.059
343.214
343.368
343.523
343.678
343.832
343.987
344.142
344.296
344.451
344.606
344.76
344.915
345.07
345.224
345.379
345.534
345.688
345.843
345.998
346.152
346.307
346.462
346.616
346.771
346.926
347.08
347.235
347.39
347.544
347.699
347.854
348.008
348.163
348.318
348.472
348.627
348.782
348.936
349.091
349.246
349.4
349.555
349.71
349.864
350.019
350.174
350.328
350.483
350.638
350.792
350.947
351.102
351.256
351.411
351.566
351.72
351.875
352.03
352.184
352.339
352.494
352.648
352.803
352.958
353.112
353.267
353.422
353.576
353.731
353.886
354.04
354.195
354.35
354.504
354.659
354.814
354.968
355.123
355.278
355.432
355.587
355.742
355.896
356.051
356.072
356.227
356.382
356.536
356.691
356.846
357
357.155
357.31
357.464
357.619
357.774
357.928
358.083
358.238
358.392
358.547
358.702
358.856
359.011
359.166
359.32
359.475
359.63
359.784
359.939
360.094
360.248
360.403
360.558
360.712
360.867
361.022
361.176
361.331
361.486
361.64
361.795
361.95
362.104
362.259
362.414
362.568
362.723
362.878
363.032
363.187
363.342
363.496
363.651
363.806
363.96
364.115
364.27
364.424
364.579
364.734
364.888
365.043
365.198
365.352
365.507
365.662
365.816
365.971
366.126
366.28
366.435
366.59
366.744
366.899
367.054
367.208
367.363
367.518
367.672
367.827
367.982
368.136
368.291
368.446
368.6
368.755
368.91
369.064
369.219
369.374
369.528
369.683
369.838
369.992
370.147
370.302
370.456
370.611
370.766
370.92
371.075
371.23
371.384
371.539
371.694
371.848
372.003
372.158
372.312
372.467
372.622
372.776
372.931
372.952
373.107
373.262
373.416
373.571
373.726
373.88
374.035
374.19
374.344
374.499
374.654
374.808
374.963
375.118
375.272
375.427
375.582
375.736
375.891
376.046
376.2
376.355
376.51
376.664
376.819
376.974
377.128
377.283
377.438
377.592
377.747
377.902
378.056
378.211
378.366
378.52
378.675
378.83
378.984
379.139
379.294
379.448
379.603
379.758
379.912
380.067
380.222
380.376
380.531
380.686
380.84
380.995
381.15
381.304
381.459
381.614
381.768
381.923
382.078
382.232
382.387
382.542
382.696
382.851
383.006
383.16
383.315
383.47
383.624
383.779
383.934
384.088
384.243
384.398
384.552
384.707
384.862
385.016
385.171
385.326
385.48
385.635
385.79
385.944
386.099
386.254
386.408
386.563
386.718
386.872
387.027
387.182
387.336
387.491
387.646
387.8
387.955
388.11
388.264
388.419
388.574
388.728
388.883
388.904
389.059
389.214
389.368
389.523
389.678
389.832
389.987
390.142
390.296
390.451
390.606
390.76
390.915
391.07
391.224
391.379
391.534
391.688
391.843
391.998
392.152
392.307
392.462
392.616
392.771
392.926
393.08
393.235
393.39
393.544
393.699
393.854
394.008
394.163
394.318
394.472
394.627
394.782
394.936
395.091
395.246
395.4
395.555
395.71
395.864
396.019
396.174
396.328
396.483
396.638
396.792
396.947
397.102
397.256
397.411
397.566
397.72
397.875
398.03
398.184
398.339
398.494
398.648
398.803
398.958
399.112
399.267
399.422
399.576
399.731
399.886
400.04
400.195
400.35
400.504
400.659
400.814
400.968
401.123
401.278
401.432
401.587
401.742
401.896
402.051
402.206
402.36
402.515
402.67
402.824
402.979
403.134
403.288
403.443
403.598
403.752
403.907
404.062
404.216
404.238
404.392
404.547
404.702
404.856
405.011
405.166
405.32
405.475
405.63
405.784
405.939
406.094
406.248
406.403
406.558
406.712
406.867
407.022
407.176
407.331
407.486
407.64
407.795
407.95
408.104
408.259
408.414
408.568
408.723
408.878
409.032
409.187
409.342
409.496
409.651
409.806
409.96
410.115
410.27
410.424
410.579
410.734
410.888
411.043
411.198
411.352
411.507
411.662
411.816
411.971
412.126
412.28
412.435
412.59
412.744
412.899
413.054
413.208
413.363
413.518
413.672
413.827
413.982
414.136
414.291
414.446
414.6
414.755
414.91
415.064
415.219
415.374
415.528
415.683
415.838
415.992
416.147
416.302
416.456
416.611
416.766
416.92
417.075
417.23
417.384
417.539
417.694
417.848
418.003
418.158
418.312
418.467
418.622
418.776
418.931
418.952
419.107
419.262
419.416
419.571
419.726
419.88
420.035
420.19
420.344
420.499
420.654
420.808
420.963
421.118
421.272
421.427
421.582
421.736
421.891
422.046
422.2
422.355
422.51
422.664
422.819
422.974
423.128
423.283
423.438
423.592
423.747
423.902
424.056
424.211
424.366
424.52
424.675
424.83
424.984
425.139
425.294
425.448
425.603
425.758
425.912
426.067
426.222
426.376
426.531
426.686
426.84
426.995
427.15
427.304
427.459
427.614
427.768
427.923
428.078
428.232
428.387
428.542
428.696
428.851
429.006
429.16
429.315
429.47
429.624
429.779
429.934
430.088
430.243
430.398
430.552
430.707
430.862
431.016
431.171
431.326
431.48
431.635
431.79
431.944
432.099
432.254
432.408
432.563
432.718
432.872
433.027
433.182
433.203
433.358
433.512
433.667
433.822
433.976
434.131
434.286
434.44
434.595
434.75
434.904
435.059
435.214
435.368
435.523
435.678
435.832
435.987
436.142
436.296
436.451
436.606
436.76
436.915
437.07
437.224
437.379
437.534
437.688
437.843
437.998
438.152
438.307
438.462
438.616
438.771
438.926
439.08
439.235
439.39
439.544
439.699
439.854
440.008
440.163
440.318
440.472
440.627
440.782
440.936
441.091
441.246
441.4
441.555
441.71
441.864
442.019
442.174
442.328
442.483
442.638
442.792
442.947
443.102
443.256
443.411
443.566
443.72
443.875
444.03
444.184
444.339
444.494
444.648
444.803
444.958
445.112
445.267
445.422
445.576
445.731
445.886
446.04
446.195
446.35
446.504
446.659
446.814
446.835
446.99
447.144
447.299
447.454
447.608
447.763
447.918
448.072
448.227
448.382
448.536
448.691
448.846
449
449.155
449.31
449.464
449.619
449.774
449.928
450.083
450.238
450.392
450.547
450.702
450.856
451.011
451.166
451.32
451.475
451.63
451.784
451.939
452.094
452.248
452.403
452.558
452.712
452.867
453.022
453.176
453.331
453.486
453.64
453.795
453.95
454.104
454.259
454.414
454.568
454.723
454.878
455.032
455.187
455.342
455.496
455.651
455.806
455.96
456.115
456.27
456.424
456.579
456.734
456.888
457.043
457.198
457.352
457.507
457.662
457.816
457.971
458.126
458.28
458.435
458.59
458.744
458.899
459.054
459.208
459.363
459.518
459.672
459.827
459.982
460.136
460.158
460.312
460.467
460.622
460.776
460.931
461.086
461.24
461.395
461.55
461.704
461.859
462.014
462.168
462.323
462.478
462.632
462.787
462.942
463.096
463.251
463.406
463.56
463.715
463.87
464.024
464.179
464.334
464.488
464.643
464.798
464.952
465.107
465.262
465.416
465.571
465.726
465.88
466.035
466.19
466.344
466.499
466.654
466.808
466.963
467.118
467.272
467.427
467.582
467.736
467.891
468.046
468.2
468.355
468.51
468.664
468.819
468.974
469.128
469.283
469.438
469.592
469.747
469.902
470.056
470.211
470.366
470.52
470.675
470.83
470.984
471.139
471.294
471.448
471.603
471.758
471.912
472.067
472.222
472.376
472.531
472.686
472.84
472.995
473.016
473.171
473.326
473.48
473.635
473.79
473.944
474.099
474.254
474.408
474.563
474.718
474.872
475.027
475.182
475.336
475.491
475.646
475.8
475.955
476.11
476.264
476.419
476.574
476.728
476.883
477.038
477.192
477.347
477.502
477.656
477.811
477.966
478.12
478.275
478.43
478.584
478.739
478.894
479.048
479.203
479.358
479.512
479.667
479.822
479.976
480.131
480.286
480.44
480.595
480.75
480.904
481.059
481.214
481.368
481.523
481.678
481.832
481.987
482.142
482.296
482.451
482.606
482.76
482.915
483.07
483.224
483.379
483.534
483.688
483.843
483.998
484.152
484.307
484.462
484.616
484.771
484.926
485.08
485.235
485.39
485.544
485.566
485.72
485.875
486.03
486.184
486.339
486.494
486.648
486.803
486.958
487.112
487.267
487.422
487.576
487.731
487.886
488.04
488.195
488.35
488.504
488.659
488.814
488.969
489.123
489.278
489.433
489.587
489.742
489.897
490.051
490.206
490.361
490.515
490.67
490.825
490.979
491.134
491.289
491.443
491.598
491.753
491.907
492.062
492.217
492.371
492.526
492.681
492.835
492.99
493.145
493.299
493.454
493.609
493.763
493.918
494.073
494.227
494.382
494.537
494.691
494.846
495.001
495.155
495.31
495.465
495.619
495.774
495.929
496.083
496.238
496.393
496.547
496.702
496.857
497.011
497.166
497.321
497.475
497.63
497.651
497.806
497.961
498.115
498.27
498.425
498.579
498.734
498.889
499.043
499.198
499.353
499.507
499.662
499.817
499.971
500.126
500.281
500.435
500.59
500.745
500.899
501.054
501.209
501.363
501.518
501.673
501.827
501.982
502.137
502.291
502.446
502.601
502.755
502.91
503.065
503.219
503.374
503.529
503.683
503.838
503.993
504.147
504.302
504.457
504.611
504.766
504.921
505.075
505.23
505.385
505.539
505.694
505.849
506.003
506.158
506.313
506.467
506.622
506.777
506.931
507.086
507.241
507.395
507.55
507.705
507.859
508.014
508.169
508.323
508.478
508.633
508.787
508.942
509.097
509.251
509.406
509.561
509.582
509.737
509.891
510.046
510.201
510.355
510.51
510.665
510.819
510.974
511.129
511.283
511.438
511.593
511.747
511.902
512.057
512.211
512.366
512.521
512.675
512.83
512.985
513.139
513.294
513.449
513.603
513.758
513.913
514.067
514.222
514.377
514.531
514.686
514.841
514.995
515.15
515.305
515.459
515.614
515.769
515.923
516.078
516.233
516.387
516.542
516.697
516.851
517.006
517.161
517.315
517.47
517.625
517.779
517.934
518.089
518.243
518.398
518.553
518.707
518.862
519.017
519.171
519.326
519.481
519.635
519.79
519.945
520.099
520.254
520.409
520.563
520.718
520.873
521.027
521.049
521.203
521.358
521.513
521.667
521.822
521.977
522.131
522.286
522.441
522.595
522.75
522.905
523.059
523.214
523.369
523.523
523.678
523.833
523.987
524.142
524.297
524.451
524.606
524.761
524.915
525.07
525.225
525.379
525.534
525.689
525.843
525.998
526.153
526.307
526.462
526.617
526.771
526.926
527.081
527.235
527.39
527.545
527.699
527.854
528.009
528.163
528.318
528.473
528.627
528.782
528.937
529.091
529.246
529.401
529.555
529.71
529.865
530.019
530.174
530.329
530.483
530.638
530.793
530.947
531.102
531.257
531.411
531.566
531.721
531.875
532.03
532.185
532.339
532.361
532.515
532.67
532.825
532.979
533.134
533.289
533.443
533.598
533.753
533.907
534.062
534.217
534.371
534.526
534.681
534.835
534.99
535.145
535.299
535.454
535.609
535.763
535.918
536.073
536.227
536.382
536.537
536.691
536.846
537.001
537.155
537.31
537.465
537.619
537.774
537.929
538.083
538.238
538.393
538.547
538.702
538.857
539.011
539.166
539.321
539.475
539.63
539.785
539.939
540.094
540.249
540.403
540.558
540.713
540.867
541.022
541.177
541.331
541.486
541.641
541.795
541.95
542.105
542.259
542.414
542.569
542.723
542.878
543.033
543.187
543.342
543.497
543.518
543.673
543.827
543.982
544.137
544.291
544.446
544.601
544.755
544.91
545.065
545.219
545.374
545.529
545.683
545.838
545.993
546.147
546.302
546.457
546.611
546.766
546.921
547.075
547.23
547.385
547.539
547.694
547.849
548.003
548.158
548.313
548.467
548.622
548.777
548.931
549.086
549.241
549.395
549.55
549.705
549.859
550.014
550.169
550.323
550.478
550.633
550.787
550.942
551.097
551.251
551.406
551.561
551.715
551.87
552.025
552.179
552.334
552.489
552.643
552.798
552.953
553.107
553.262
553.417
553.571
553.726
553.881
554.035
554.19
554.345
554.366
554.521
554.675
554.83
554.985
555.139
555.294
555.449
555.603
555.758
555.913
556.067
556.222
556.377
556.531
556.686
556.841
556.995
557.15
557.305
557.459
557.614
557.769
557.923
558.078
558.233
558.387
558.542
558.697
558.851
559.006
559.161
559.315
559.47
559.625
559.779
559.934
560.089
560.243
560.398
560.553
560.707
560.862
561.017
561.171
561.326
561.481
561.635
561.79
561.945
562.099
562.254
562.409
562.563
562.718
562.873
563.027
563.182
563.337
563.491
563.646
563.801
563.955
564.11
564.265
564.419
564.574
564.729
564.883
564.905
565.059
565.214
565.369
565.523
565.678
565.833
565.987
566.142
566.297
566.451
566.606
566.761
566.915
567.07
567.225
567.379
567.534
567.689
567.843
567.998
568.153
568.307
568.462
568.617
568.771
568.926
569.081
569.235
569.39
569.545
569.699
569.854
570.009
570.163
570.318
570.473
570.627
570.782
570.937
571.091
571.246
571.401
571.555
571.71
571.865
572.019
572.174
572.329
572.483
572.638
572.793
572.947
573.102
573.257
573.411
573.566
573.721
573.875
574.03
574.185
574.339
574.494
574.649
574.803
574.958
575.113
575.267
575.289
575.443
575.598
575.753
575.907
576.062
576.217
576.371
576.526
576.681
576.835
576.99
577.145
577.299
577.454
577.609
577.763
577.918
578.073
578.227
578.382
578.537
578.691
578.846
579.001
579.155
579.31
579.465
579.619
579.774
579.929
580.083
580.238
580.393
580.547
580.702
580.857
581.011
581.166
581.321
581.475
581.63
581.785
581.939
582.094
582.249
582.403
582.558
582.713
582.867
583.022
583.177
583.331
583.486
583.641
583.795
583.95
584.105
584.259
584.414
584.569
584.723
584.878
585.033
585.187
585.342
585.497
585.518
585.673
585.827
585.982
586.137
586.291
586.446
586.601
586.755
586.91
587.065
587.219
587.374
587.529
587.683
587.838
587.993
588.147
588.302
588.457
588.611
588.766
588.921
589.075
589.23
589.385
589.539
589.694
589.849
590.003
590.158
590.313
590.467
590.622
590.777
590.931
591.086
591.241
591.395
591.55
591.705
591.859
592.014
592.169
592.323
592.478
592.633
592.787
592.942
593.097
593.251
593.406
593.561
593.715
593.87
594.025
594.179
594.334
594.489
594.643
594.798
594.953
595.107
595.262
595.417
595.438
595.593
595.747
595.902
596.057
596.211
596.366
596.521
596.675
596.83
596.985
597.139
597.294
597.449
597.603
597.758
597.913
598.067
598.222
598.377
598.531
598.686
598.841
598.995
599.15
599.305
599.459
599.614
599.769
599.923
600.078
600.233
600.387
600.542
600.697
600.851
601.006
601.161
601.315
601.47
601.625
601.779
601.934
602.089
602.243
602.398
602.553
602.707
602.862
603.017
603.171
603.326
603.481
603.635
603.79
603.945
604.099
604.254
604.409
604.563
604.718
604.873
605.027
605.182
605.337
605.358
605.513
605.667
605.822
605.977
606.131
606.286
606.441
606.595
606.75
606.905
607.059
607.214
607.369
607.523
607.678
607.833
607.987
608.142
608.297
608.451
608.606
608.761
608.915
609.07
609.225
609.379
609.534
609.689
609.843
609.998
610.153
610.307
610.462
610.617
610.771
610.926
611.081
611.235
611.39
611.545
611.699
611.854
612.009
612.163
612.318
612.473
612.627
612.782
612.937
613.091
613.246
613.401
613.555
613.71
613.865
614.019
614.174
614.329
614.483
614.638
614.793
614.947
614.969
615.123
615.278
615.433
615.587
615.742
615.897
616.051
616.206
616.361
616.515
616.67
616.825
616.979
617.134
617.289
617.443
617.598
617.753
617.907
618.062
618.217
618.371
618.526
618.681
618.835
618.99
619.145
619.299
619.454
619.609
619.763
619.918
620.073
620.227
620.382
620.537
620.691
620.846
621.001
621.155
621.31
621.465
621.619
621.774
621.929
622.083
622.238
622.393
622.547
622.702
622.857
623.011
623.166
623.321
623.475
623.63
623.785
623.939
624.094
624.249
624.403
624.558
624.579
624.734
624.889
625.043
625.198
625.353
625.507
625.662
625.817
625.971
626.126
626.281
626.435
626.59
626.745
626.899
627.054
627.209
627.363
627.518
627.673
627.827
627.982
628.137
628.291
628.446
628.601
628.755
628.91
629.065
629.219
629.374
629.529
629.683
629.838
629.993
630.147
630.302
630.457
630.611
630.766
630.921
631.075
631.23
631.385
631.539
631.694
631.849
632.003
632.158
632.313
632.467
632.622
632.777
632.931
633.086
633.241
633.395
633.55
633.705
633.859
633.881
634.035
634.19
634.345
634.499
634.654
634.809
634.963
635.118
635.273
635.427
635.582
635.737
635.891
636.046
636.201
636.355
636.51
636.665
636.819
636.974
637.129
637.283
637.438
637.593
637.747
637.902
638.057
638.211
638.366
638.521
638.675
638.83
638.985
639.139
639.294
639.449
639.604
639.758
639.913
640.068
640.222
640.377
640.532
640.686
640.841
640.996
641.15
641.305
641.46
641.614
641.769
641.924
642.078
642.233
642.388
642.542
642.697
642.852
643.006
643.028
643.182
643.337
643.492
643.646
643.801
643.956
644.11
644.265
644.42
644.574
644.729
644.884
645.038
645.193
645.348
645.502
645.657
645.812
645.966
646.121
646.276
646.43
646.585
646.74
646.894
647.049
647.204
647.358
647.513
647.668
647.822
647.977
648.132
648.286
648.441
648.596
648.75
648.905
649.06
649.214
649.369
649.524
649.678
649.833
649.988
650.142
650.297
650.452
650.606
650.761
650.916
651.07
651.225
651.38
651.534
651.689
651.844
651.998
652.153
652.174
652.329
652.484
652.638
652.793
652.948
653.102
653.257
653.412
653.566
653.721
653.876
654.03
654.185
654.34
654.494
654.649
654.804
654.958
655.113
655.268
655.422
655.577
655.732
655.886
656.041
656.196
656.35
656.505
656.66
656.814
656.969
657.124
657.278
657.433
657.588
657.742
657.897
658.052
658.206
658.361
658.516
658.67
658.825
658.98
659.134
659.289
659.444
659.598
659.753
659.908
660.062
660.217
660.372
660.526
660.681
660.836
660.99
661.012
661.166
661.321
661.476
661.63
661.785
661.94
662.094
662.249
662.404
662.558
662.713
662.868
663.022
663.177
663.332
663.486
663.641
663.796
663.95
664.105
664.26
664.414
664.569
664.724
664.878
665.033
665.188
665.342
665.497
665.652
665.806
665.961
666.116
666.27
666.425
666.58
666.734
666.889
667.044
667.198
667.353
667.508
667.662
667.817
667.972
668.126
668.281
668.436
668.59
668.745
668.9
669.054
669.209
669.364
669.518
669.673
669.828
669.849
670.004
670.158
670.313
670.468
670.622
670.777
670.932
671.086
671.241
671.396
671.55
671.705
671.86
672.014
672.169
672.324
672.478
672.633
672.788
672.942
673.097
673.252
673.406
673.561
673.716
673.87
674.025
674.18
674.334
674.489
674.644
674.798
674.953
675.108
675.262
675.417
675.572
675.726
675.881
676.036
676.19
676.345
676.5
676.654
676.809
676.964
677.118
677.273
677.428
677.582
677.737
677.892
678.046
678.201
678.356
678.51
678.532
678.686
678.841
678.996
679.15
679.305
679.46
679.614
679.769
679.924
680.078
680.233
680.388
680.542
680.697
680.852
681.006
681.161
681.316
681.47
681.625
681.78
681.934
682.089
682.244
682.398
682.553
682.708
682.862
683.017
683.172
683.326
683.481
683.636
683.79
683.945
684.1
684.254
684.409
684.564
684.718
684.873
685.028
685.182
685.337
685.492
685.646
685.801
685.956
686.11
686.265
686.42
686.574
686.729
686.884
687.038
687.193
687.214
687.369
687.524
687.678
687.833
687.988
688.142
688.297
688.452
688.606
688.761
688.916
689.07
689.225
689.38
689.534
689.689
689.844
689.998
690.153
690.308
690.462
690.617
690.772
690.926
691.081
691.236
691.39
691.545
691.7
691.854
692.009
692.164
692.318
692.473
692.628
692.782
692.937
693.092
693.246
693.401
693.556
693.71
693.865
694.02
694.174
694.329
694.484
694.638
694.793
694.948
695.102
695.257
695.412
695.566
695.588
695.742
695.897
696.052
696.206
696.361
696.516
696.67
696.825
696.98
697.134
697.289
697.444
697.598
697.753
697.908
698.062
698.217
698.372
698.526
698.681
698.836
698.99
699.145
699.3
699.454
699.609
699.764
699.918
700.073
700.228
700.382
700.537
700.692
700.846
701.001
701.156
701.31
701.465
701.62
701.774
701.929
702.084
702.238
702.393
702.548
702.702
702.857
703.012
703.166
703.321
703.476
703.63
703.785
703.94
703.961
704.116
704.27
704.425
704.58
704.734
704.889
705.044
705.198
705.353
705.508
705.662
705.817
705.972
706.126
706.281
706.436
706.59
706.745
706.9
707.054
707.209
707.364
707.518
707.673
707.828
707.982
708.137
708.292
708.446
708.601
708.756
708.91
709.065
709.22
709.374
709.529
709.684
709.838
709.993
710.148
710.302
710.457
710.612
710.766
710.921
711.076
711.23
711.385
711.54
711.694
711.849
712.004
712.158
712.18
712.334
712.489
712.644
712.798
712.953
713.108
713.262
713.417
713.572
713.726
713.881
714.036
714.19
714.345
714.5
714.654
714.809
714.964
715.118
715.273
715.428
715.582
715.737
715.892
716.046
716.201
716.356
716.51
716.665
716.82
716.974
717.129
717.284
717.438
717.593
717.748
717.902
718.057
718.212
718.366
718.521
718.676
718.83
718.985
719.14
719.294
719.449
719.604
719.758
719.913
720.068
720.222
720.377
720.398
720.553
720.708
720.862
721.017
721.172
721.326
721.481
721.636
721.79
721.945
722.1
722.254
722.409
722.564
722.718
722.873
723.028
723.182
723.337
723.492
723.646
723.801
723.956
724.11
724.265
724.42
724.574
724.729
724.884
725.038
725.193
725.348
725.502
725.657
725.812
725.966
726.121
726.276
726.43
726.585
726.74
726.894
727.049
727.204
727.358
727.513
727.668
727.822
727.977
728.132
728.286
728.441
728.462
728.617
728.772
728.926
729.081
729.236
729.39
729.545
729.7
729.854
730.009
730.164
730.318
730.473
730.628
730.782
730.937
731.092
731.246
731.401
731.556
731.71
731.865
732.02
732.174
732.329
732.484
732.638
732.793
732.948
733.102
733.257
733.412
733.566
733.721
733.876
734.03
734.185
734.34
734.494
734.649
734.804
734.958
735.113
735.268
735.422
735.577
735.732
735.886
736.041
736.196
736.35
736.372
736.526
736.681
736.836
736.99
737.145
737.3
737.454
737.609
737.764
737.918
738.073
738.228
738.382
738.537
738.692
738.846
739.001
739.156
739.31
739.465
739.62
739.774
739.929
740.084
740.238
740.393
740.548
740.702
740.857
741.012
741.166
741.321
741.476
741.63
741.785
741.94
742.094
742.249
742.404
742.558
742.713
742.868
743.022
743.177
743.332
743.486
743.641
743.796
743.95
744.105
744.26
744.281
744.436
744.59
744.745
744.9
745.054
745.209
745.364
745.518
745.673
745.828
745.982
746.137
746.292
746.446
746.601
746.756
746.91
747.065
747.22
747.374
747.529
747.684
747.838
747.993
748.148
748.302
748.457
748.612
748.766
748.921
749.076
749.23
749.385
749.54
749.694
749.849
750.004
750.158
750.313
750.468
750.622
750.777
750.932
751.086
751.241
751.396
751.55
751.705
751.86
752.014
752.036
752.19
752.345
752.5
752.654
752.809
752.964
753.118
753.273
753.428
753.582
753.737
753.892
754.046
754.201
754.356
754.51
754.665
754.82
754.974
755.129
755.284
755.438
755.593
755.748
755.902
756.057
756.212
756.366
756.521
756.676
756.83
756.985
757.14
757.294
757.449
757.604
757.758
757.913
758.068
758.222
758.377
758.532
758.686
758.841
758.996
759.15
759.305
759.46
759.614
759.769
759.79
759.945
760.1
760.254
760.409
760.564
760.718
760.873
761.028
761.182
761.337
761.492
761.646
761.801
761.956
762.11
762.265
762.42
762.574
762.729
762.884
763.038
763.193
763.348
763.502
763.657
763.812
763.966
764.121
764.276
764.43
764.585
764.74
764.894
765.049
765.204
765.358
765.513
765.668
765.822
765.977
766.132
766.286
766.441
766.596
766.75
766.905
767.06
767.214
767.369
767.39
767.545
767.7
767.854
768.009
768.164
768.318
768.473
768.628
768.782
768.937
769.092
769.246
769.401
769.556
769.71
769.865
770.02
770.174
770.329
770.484
770.638
770.793
770.948
771.102
771.257
771.412
771.566
771.721
771.876
772.03
772.185
772.34
772.494
772.649
772.804
772.958
773.113
773.268
773.422
773.577
773.732
773.886
774.041
774.196
774.35
774.505
774.66
774.814
774.836
774.99
775.145
775.3
775.454
775.609
775.764
775.918
776.073
776.228
776.382
776.537
776.692
776.846
777.001
777.156
777.31
777.465
777.62
777.774
777.929
778.084
778.238
778.393
778.548
778.702
778.857
779.012
779.166
779.321
779.476
779.63
779.785
779.94
780.094
780.249
780.404
780.558
780.713
780.868
781.022
781.177
781.332
781.486
781.641
781.796
781.95
782.105
782.26
782.414
782.436
782.59
782.745
782.9
783.054
783.209
783.364
783.518
783.673
783.828
783.982
784.137
784.292
784.446
784.601
784.756
784.91
785.065
785.22
785.374
785.529
785.684
785.838
785.993
786.148
786.302
786.457
786.612
786.766
786.921
787.076
787.23
787.385
787.54
787.694
787.849
788.004
788.158
788.313
788.468
788.622
788.777
788.932
789.087
789.241
789.396
789.551
789.705
789.727
789.881
790.036
790.191
790.345
790.5
790.655
790.809
790.964
791.119
791.273
791.428
791.583
791.737
791.892
792.047
792.201
792.356
792.511
792.665
792.82
792.975
793.129
793.284
793.439
793.593
793.748
793.903
794.057
794.212
794.367
794.521
794.676
794.831
794.985
795.14
795.295
795.449
795.604
795.759
795.913
796.068
796.223
796.377
796.532
796.687
796.841
796.996
797.017
797.172
797.327
797.481
797.636
797.791
797.945
798.1
798.255
798.409
798.564
798.719
798.873
799.028
799.183
799.337
799.492
799.647
799.801
799.956
800.111
800.265
800.42
800.575
800.729
800.884
801.039
801.193
801.348
801.503
801.657
801.812
801.967
802.121
802.276
802.431
802.585
802.74
802.895
803.049
803.204
803.359
803.513
803.668
803.823
803.977
804.132
804.287
804.308
804.463
804.617
804.772
804.927
805.081
805.236
805.391
805.545
805.7
805.855
806.009
806.164
806.319
806.473
806.628
806.783
806.937
807.092
807.247
807.401
807.556
807.711
807.865
808.02
808.175
808.329
808.484
808.639
808.793
808.948
809.103
809.257
809.412
809.567
809.721
809.876
810.031
810.185
810.34
810.495
810.649
810.804
810.959
811.113
811.268
811.423
811.444
811.599
811.753
811.908
812.063
812.217
812.372
812.527
812.681
812.836
812.991
813.145
813.3
813.455
813.609
813.764
813.919
814.073
814.228
814.383
814.537
814.692
814.847
815.001
815.156
815.311
815.465
815.62
815.775
815.929
816.084
816.239
816.393
816.548
816.703
816.857
817.012
817.167
817.321
817.476
817.631
817.785
817.94
818.095
818.249
818.404
818.559
818.58
818.735
818.889
819.044
819.199
819.353
819.508
819.663
819.817
819.972
820.127
820.281
820.436
820.591
820.745
820.9
821.055
821.209
821.364
821.519
821.673
821.828
821.983
822.137
822.292
822.447
822.601
822.756
822.911
823.065
823.22
823.375
823.529
823.684
823.839
823.993
824.148
824.303
824.457
824.612
824.767
824.921
825.076
825.231
825.385
825.54
825.561
825.716
825.871
826.025
826.18
826.335
826.489
826.644
826.799
826.953
827.108
827.263
827.417
827.572
827.727
827.881
828.036
828.191
828.345
828.5
828.655
828.809
828.964
829.119
829.273
829.428
829.583
829.737
829.892
830.047
830.201
830.356
830.511
830.665
830.82
830.975
831.129
831.284
831.439
831.593
831.748
831.903
832.057
832.212
832.367
832.521
832.543
832.697
832.852
833.007
833.161
833.316
833.471
833.625
833.78
833.935
834.089
834.244
834.399
834.553
834.708
834.863
835.017
835.172
835.327
835.481
835.636
835.791
835.945
836.1
836.255
836.409
836.564
836.719
836.873
837.028
837.183
837.337
837.492
837.647
837.801
837.956
838.111
838.265
838.42
838.575
838.729
838.884
839.039
839.193
839.348
839.503
839.524
839.679
839.833
839.988
840.143
840.297
840.452
840.607
840.761
840.916
841.071
841.225
841.38
841.535
841.689
841.844
841.999
842.153
842.308
842.463
842.617
842.772
842.927
843.081
843.236
843.391
843.545
843.7
843.855
844.009
844.164
844.319
844.473
844.628
844.783
844.937
845.092
845.247
845.401
845.556
845.711
845.865
846.02
846.175
846.329
846.351
846.505
846.66
846.815
846.969
847.124
847.279
847.433
847.588
847.743
847.897
848.052
848.207
848.361
848.516
848.671
848.825
848.98
849.135
849.289
849.444
849.599
849.753
849.908
850.063
850.217
850.372
850.527
850.681
850.836
850.991
851.145
851.3
851.455
851.609
851.764
851.919
852.073
852.228
852.383
852.537
852.692
852.847
853.001
853.156
853.177
853.332
853.487
853.641
853.796
853.951
854.105
854.26
854.415
854.569
854.724
854.879
855.033
855.188
855.343
855.497
855.652
855.807
855.961
856.116
856.271
856.425
856.58
856.735
856.889
857.044
857.199
857.353
857.508
857.663
857.817
857.972
858.127
858.281
858.436
858.591
858.745
858.9
859.055
859.209
859.364
859.519
859.673
859.828
859.849
860.004
860.159
860.313
860.468
860.623
860.777
860.932
861.087
861.241
861.396
861.551
861.705
861.86
862.015
862.169
862.324
862.479
862.633
862.788
862.943
863.097
863.252
863.407
863.561
863.716
863.871
864.025
864.18
864.335
864.489
864.644
864.799
864.953
865.108
865.263
865.417
865.572
865.727
865.881
866.036
866.191
866.345
866.5
866.655
866.676
866.831
866.985
867.14
867.295
867.449
867.604
867.759
867.913
868.068
868.223
868.377
868.532
868.687
868.841
868.996
869.151
869.305
869.46
869.615
869.769
869.924
870.079
870.233
870.388
870.543
870.697
870.852
871.007
871.161
871.316
871.471
871.625
871.78
871.935
872.089
872.244
872.399
872.553
872.708
872.863
873.017
873.172
873.193
873.348
873.503
873.657
873.812
873.967
874.121
874.276
874.431
874.585
874.74
874.895
875.049
875.204
875.359
875.513
875.668
875.823
875.977
876.132
876.287
876.441
876.596
876.751
876.905
877.06
877.215
877.369
877.524
877.679
877.833
877.988
878.143
878.297
878.452
878.607
878.761
878.916
879.071
879.225
879.38
879.535
879.689
879.844
879.865
880.02
880.175
880.329
880.484
880.639
880.793
880.948
881.103
881.257
881.412
881.567
881.721
881.876
882.031
882.185
882.34
882.495
882.649
882.804
882.959
883.113
883.268
883.423
883.577
883.732
883.887
884.041
884.196
884.351
884.505
884.66
884.815
884.969
885.124
885.279
885.433
885.588
885.743
885.897
886.052
886.207
886.361
886.383
886.537
886.692
886.847
887.001
887.156
887.311
887.465
887.62
887.775
887.929
888.084
888.239
888.393
888.548
888.703
888.857
889.012
889.167
889.321
889.476
889.631
889.785
889.94
890.095
890.249
890.404
890.559
890.713
890.868
891.023
891.177
891.332
891.487
891.641
891.796
891.951
892.105
892.26
892.415
892.569
892.724
892.745
892.9
893.055
893.209
893.364
893.519
893.673
893.828
893.983
894.137
894.292
894.447
894.601
894.756
894.911
895.065
895.22
895.375
895.529
895.684
895.839
895.993
896.148
896.303
896.457
896.612
896.767
896.921
897.076
897.231
897.385
897.54
897.695
897.849
898.004
898.159
898.313
898.468
898.623
898.777
898.932
899.087
899.241
899.263
899.417
899.572
899.727
899.881
900.036
900.191
900.345
900.5
900.655
900.809
900.964
901.119
901.273
901.428
901.583
901.737
901.892
902.047
902.201
902.356
902.511
902.665
902.82
902.975
903.129
903.284
903.439
903.593
903.748
903.903
904.057
904.212
904.367
904.521
904.676
904.831
904.985
905.14
905.295
905.449
905.604
905.625
905.78
905.935
906.089
906.244
906.399
906.553
906.708
906.863
907.017
907.172
907.327
907.481
907.636
907.791
907.945
908.1
908.255
908.409
908.564
908.719
908.873
909.028
909.183
909.337
909.492
909.647
909.801
909.956
910.111
910.265
910.42
910.575
910.729
910.884
911.039
911.193
911.348
911.503
911.657
911.812
911.967
911.988
912.143
912.297
912.452
912.607
912.761
912.916
913.071
913.225
913.38
913.535
913.689
913.844
913.999
914.153
914.308
914.463
914.617
914.772
914.927
915.081
915.236
915.391
915.545
915.7
915.855
916.009
916.164
916.319
916.473
916.628
916.783
916.937
917.092
917.247
917.401
917.556
917.711
917.865
918.02
918.175
918.196
918.351
918.505
918.66
918.815
918.969
919.124
919.279
919.433
919.588
919.743
919.897
920.052
920.207
920.361
920.516
920.671
920.825
920.98
921.135
921.289
921.444
921.599
921.753
921.908
922.063
922.217
922.372
922.527
922.681
922.836
922.991
923.145
923.3
923.455
923.609
923.764
923.919
924.073
924.228
924.383
924.404
924.559
924.713
924.868
925.023
925.177
925.332
925.487
925.641
925.796
925.951
926.105
926.26
926.415
926.569
926.724
926.879
927.033
927.188
927.343
927.497
927.652
927.807
927.961
928.116
928.271
928.425
928.58
928.735
928.889
929.044
929.199
929.353
929.508
929.663
929.817
929.972
930.127
930.281
930.436
930.591
930.612
930.767
930.921
931.076
931.231
931.385
931.54
931.695
931.849
932.004
932.159
932.313
932.468
932.623
932.777
932.932
933.087
933.241
933.396
933.551
933.705
933.86
934.015
934.169
934.324
934.479
934.633
934.788
934.943
935.097
935.252
935.407
935.561
935.716
935.871
936.025
936.18
936.335
936.489
936.644
936.799
936.82
936.975
937.13
937.284
937.439
937.594
937.748
937.903
938.058
938.212
938.367
938.522
938.676
938.831
938.986
939.14
939.295
939.45
939.604
939.759
939.914
940.068
940.223
940.378
940.532
940.687
940.842
940.996
941.151
941.306
941.46
941.615
941.77
941.924
942.079
942.234
942.388
942.543
942.698
942.852
942.874
943.028
943.183
943.338
943.492
943.647
943.802
943.956
944.111
944.266
944.42
944.575
944.73
944.884
945.039
945.194
945.348
945.503
945.658
945.812
945.967
946.122
946.276
946.431
946.586
946.74
946.895
947.05
947.204
947.359
947.514
947.668
947.823
947.978
948.132
948.287
948.442
948.596
948.751
948.906
948.927
949.082
949.236
949.391
949.546
949.7
949.855
950.01
950.164
950.319
950.474
950.628
950.783
950.938
951.092
951.247
951.402
951.556
951.711
951.866
952.02
952.175
952.33
952.484
952.639
952.794
952.948
953.103
953.258
953.412
953.567
953.722
953.876
954.031
954.186
954.34
954.495
954.65
954.804
954.959
954.98
955.135
955.29
955.444
955.599
955.754
955.908
956.063
956.218
956.372
956.527
956.682
956.836
956.991
957.146
957.3
957.455
957.61
957.764
957.919
958.074
958.228
958.383
958.538
958.692
958.847
959.002
959.156
959.311
959.466
959.62
959.775
959.93
960.084
960.239
960.394
960.548
960.703
960.858
961.012
961.034
961.188
961.343
961.498
961.652
961.807
961.962
962.116
962.271
962.426
962.58
962.735
962.89
963.044
963.199
963.354
963.508
963.663
963.818
963.972
964.127
964.282
964.436
964.591
964.746
964.9
965.055
965.21
965.364
965.519
965.674
965.828
965.983
966.138
966.292
966.447
966.602
966.756
966.911
966.932
967.087
967.242
967.396
967.551
967.706
967.86
968.015
968.17
968.324
968.479
968.634
968.788
968.943
969.098
969.252
969.407
969.562
969.716
969.871
970.026
970.18
970.335
970.49
970.644
970.799
970.954
971.108
971.263
971.418
971.572
971.727
971.882
972.036
972.191
972.346
972.5
972.655
972.81
972.831
972.986
973.14
973.295
973.45
973.604
973.759
973.914
974.068
974.223
974.378
974.532
974.687
974.842
974.996
975.151
975.306
975.46
975.615
975.77
975.924
976.079
976.234
976.388
976.543
976.698
976.852
977.007
977.162
977.316
977.471
977.626
977.78
977.935
978.09
978.244
978.399
978.554
978.708
978.73
978.884
979.039
979.194
979.348
979.503
979.658
979.812
979.967
980.122
980.276
980.431
980.586
980.74
980.895
981.05
981.204
981.359
981.514
981.668
981.823
981.978
982.132
982.287
982.442
982.596
982.751
982.906
983.06
983.215
983.37
983.524
983.679
983.834
983.988
984.143
984.298
984.452
984.607
984.628
984.783
984.938
985.092
985.247
985.402
985.556
985.711
985.866
986.02
986.175
986.33
986.484
986.639
986.794
986.948
987.103
987.258
987.412
987.567
987.722
987.876
988.031
988.186
988.34
988.495
988.65
988.804
988.959
989.114
989.268
989.423
989.578
989.732
989.887
990.042
990.196
990.351
990.372
990.527
990.682
990.836
990.991
991.146
991.3
991.455
991.61
991.764
991.919
992.074
992.228
992.383
992.538
992.692
992.847
993.002
993.156
993.311
993.466
993.62
993.775
993.93
994.084
994.239
994.394
994.548
994.703
994.858
995.012
995.167
995.322
995.476
995.631
995.786
995.94
996.095
996.116
996.271
996.426
996.58
996.735
996.89
997.044
997.199
997.354
997.508
997.663
997.818
997.972
998.127
998.282
998.436
998.591
998.746
998.9
999.055
999.21
999.364
999.519
999.674
999.828
999.983
1000.14
1000.29
1000.45
1000.6
1000.76
1000.91
1001.07
1001.22
1001.38
1001.53
1001.68
1001.84
1001.86
1002.01
1002.17
1002.32
1002.48
1002.63
1002.79
1002.94
1003.1
1003.25
1003.41
1003.56
1003.72
1003.87
1004.03
1004.18
1004.34
1004.49
1004.64
1004.8
1004.95
1005.11
1005.26
1005.42
1005.57
1005.73
1005.88
1006.04
1006.19
1006.35
1006.5
1006.65
1006.81
1006.96
1007.12
1007.27
1007.43
1007.58
1007.6
1007.76
1007.91
1008.07
1008.22
1008.38
1008.53
1008.69
1008.84
1009
1009.15
1009.31
1009.46
1009.62
1009.77
1009.92
1010.08
1010.23
1010.39
1010.54
1010.7
1010.85
1011.01
1011.16
1011.32
1011.47
1011.63
1011.78
1011.93
1012.09
1012.24
1012.4
1012.55
1012.71
1012.86
1013.02
1013.17
1013.19
1013.35
1013.5
1013.66
1013.81
1013.97
1014.12
1014.28
1014.43
1014.59
1014.74
1014.89
1015.05
1015.2
1015.36
1015.51
1015.67
1015.82
1015.98
1016.13
1016.29
1016.44
1016.6
1016.75
1016.91
1017.06
1017.22
1017.37
1017.52
1017.68
1017.83
1017.99
1018.14
1018.3
1018.45
1018.61
1018.76
1018.78
1018.94
1019.09
1019.25
1019.4
1019.56
1019.71
1019.87
1020.02
1020.17
1020.33
1020.48
1020.64
1020.79
1020.95
1021.1
1021.26
1021.41
1021.57
1021.72
1021.88
1022.03
1022.19
1022.34
1022.5
1022.65
1022.8
1022.96
1023.11
1023.27
1023.42
1023.58
1023.73
1023.89
1024.04
1024.2
1024.35
1024.37
1024.53
1024.68
1024.84
1024.99
1025.15
1025.3
1025.45
1025.61
1025.76
1025.92
1026.07
1026.23
1026.38
1026.54
1026.69
1026.85
1027
1027.16
1027.31
1027.47
1027.62
1027.78
1027.93
1028.08
1028.24
1028.39
1028.55
1028.7
1028.86
1029.01
1029.17
1029.32
1029.48
1029.63
1029.79
1029.94
1029.96
1030.12
1030.27
1030.43
1030.58
1030.73
1030.89
1031.04
1031.2
1031.35
1031.51
1031.66
1031.82
1031.97
1032.13
1032.28
1032.44
1032.59
1032.75
1032.9
1033.06
1033.21
1033.36
1033.52
1033.67
1033.83
1033.98
1034.14
1034.29
1034.45
1034.6
1034.76
1034.91
1035.07
1035.22
1035.38
1035.53
1035.55
1035.71
1035.86
1036.02
1036.17
1036.32
1036.48
1036.63
1036.79
1036.94
1037.1
1037.25
1037.41
1037.56
1037.72
1037.87
1038.03
1038.18
1038.34
1038.49
1038.64
1038.8
1038.95
1039.11
1039.26
1039.42
1039.57
1039.73
1039.88
1040.04
1040.19
1040.35
1040.5
1040.65
1040.81
1040.96
1040.99
1041.14
1041.3
1041.45
1041.6
1041.76
1041.91
1042.07
1042.22
1042.38
1042.53
1042.69
1042.84
1043
1043.15
1043.31
1043.46
1043.62
1043.77
1043.92
1044.08
1044.23
1044.39
1044.54
1044.7
1044.85
1045.01
1045.16
1045.32
1045.47
1045.63
1045.78
1045.93
1046.09
1046.24
1046.4
1046.42
1046.58
1046.73
1046.88
1047.04
1047.19
1047.35
1047.5
1047.66
1047.81
1047.97
1048.12
1048.28
1048.43
1048.59
1048.74
1048.89
1049.05
1049.2
1049.36
1049.51
1049.67
1049.82
1049.98
1050.13
1050.29
1050.44
1050.6
1050.75
1050.91
1051.06
1051.21
1051.37
1051.52
1051.68
1051.83
1051.86
1052.01
1052.16
1052.32
1052.47
1052.63
1052.78
1052.94
1053.09
1053.25
1053.4
1053.56
1053.71
1053.87
1054.02
1054.17
1054.33
1054.48
1054.64
1054.79
1054.95
1055.1
1055.26
1055.41
1055.57
1055.72
1055.88
1056.03
1056.19
1056.34
1056.49
1056.65
1056.8
1056.96
1057.11
1057.27
1057.29
1057.44
1057.6
1057.75
1057.91
1058.06
1058.22
1058.37
1058.53
1058.68
1058.84
1058.99
1059.15
1059.3
1059.45
1059.61
1059.76
1059.92
1060.07
1060.23
1060.38
1060.54
1060.69
1060.85
1061
1061.16
1061.31
1061.47
1061.62
1061.78
1061.93
1062.08
1062.24
1062.39
1062.55
1062.7
1062.72
1062.88
1063.03
1063.19
1063.34
1063.5
1063.65
1063.81
1063.96
1064.12
1064.27
1064.43
1064.58
1064.73
1064.89
1065.04
1065.2
1065.35
1065.51
1065.66
1065.82
1065.97
1066.13
1066.28
1066.44
1066.59
1066.75
1066.9
1067.06
1067.21
1067.36
1067.52
1067.67
1067.83
1067.98
1068
1068.16
1068.31
1068.47
1068.62
1068.78
1068.93
1069.09
1069.24
1069.4
1069.55
1069.71
1069.86
1070.02
1070.17
1070.32
1070.48
1070.63
1070.79
1070.94
1071.1
1071.25
1071.41
1071.56
1071.72
1071.87
1072.03
1072.18
1072.34
1072.49
1072.64
1072.8
1072.95
1073.11
1073.26
1073.28
1073.44
1073.59
1073.75
1073.9
1074.06
1074.21
1074.37
1074.52
1074.68
1074.83
1074.99
1075.14
1075.3
1075.45
1075.6
1075.76
1075.91
1076.07
1076.22
1076.38
1076.53
1076.69
1076.84
1077
1077.15
1077.31
1077.46
1077.62
1077.77
1077.92
1078.08
1078.23
1078.39
1078.54
1078.56
1078.72
1078.87
1079.03
1079.18
1079.34
1079.49
1079.65
1079.8
1079.96
1080.11
1080.27
1080.42
1080.58
1080.73
1080.88
1081.04
1081.19
1081.35
1081.5
1081.66
1081.81
1081.97
1082.12
1082.28
1082.43
1082.59
1082.74
1082.89
1083.05
1083.2
1083.36
1083.51
1083.67
1083.82
1083.84
1084
1084.15
1084.31
1084.46
1084.62
1084.77
1084.93
1085.08
1085.24
1085.39
1085.55
1085.7
1085.86
1086.01
1086.16
1086.32
1086.47
1086.63
1086.78
1086.94
1087.09
1087.25
1087.4
1087.56
1087.71
1087.87
1088.02
1088.17
1088.33
1088.48
1088.64
1088.79
1088.95
1089.1
1089.12
1089.28
1089.43
1089.59
1089.74
1089.9
1090.05
1090.21
1090.36
1090.52
1090.67
1090.83
1090.98
1091.13
1091.29
1091.44
1091.6
1091.75
1091.91
1092.06
1092.22
1092.37
1092.53
1092.68
1092.84
1092.99
1093.15
1093.3
1093.45
1093.61
1093.77
1093.92
1094.07
1094.23
1094.38
1094.4
1094.56
1094.71
1094.87
1095.02
1095.18
1095.33
1095.49
1095.64
1095.8
1095.95
1096.11
1096.26
1096.41
1096.57
1096.72
1096.88
1097.03
1097.19
1097.34
1097.5
1097.65
1097.81
1097.96
1098.12
1098.27
1098.43
1098.58
1098.73
1098.89
1099.05
1099.2
1099.35
1099.51
1099.53
1099.68
1099.84
1099.99
1100.15
1100.3
1100.46
1100.61
1100.77
1100.92
1101.08
1101.23
1101.39
1101.54
1101.69
1101.85
1102.01
1102.16
1102.31
1102.47
1102.62
1102.78
1102.93
1103.09
1103.24
1103.4
1103.55
1103.71
1103.86
1104.02
1104.17
1104.33
1104.48
1104.63
1104.65
1104.81
1104.96
1105.12
1105.27
1105.43
1105.58
1105.74
1105.89
1106.05
1106.2
1106.36
1106.51
1106.67
1106.82
1106.97
1107.13
1107.29
1107.44
1107.59
1107.75
1107.9
1108.06
1108.21
1108.37
1108.52
1108.68
1108.83
1108.99
1109.14
1109.3
1109.45
1109.61
1109.76
1109.78
1109.93
1110.09
1110.24
1110.4
1110.55
1110.71
1110.86
1111.02
1111.17
1111.33
1111.48
1111.64
1111.79
1111.95
1112.1
1112.26
1112.41
1112.57
1112.72
1112.87
1113.03
1113.18
1113.34
1113.49
1113.65
1113.8
1113.96
1114.11
1114.27
1114.42
1114.58
1114.73
1114.88
1114.91
1115.06
1115.21
1115.37
1115.53
1115.68
1115.83
1115.99
1116.14
1116.3
1116.45
1116.61
1116.76
1116.92
1117.07
1117.23
1117.38
1117.54
1117.69
1117.85
1118
1118.15
1118.31
1118.46
1118.62
1118.77
1118.93
1119.08
1119.24
1119.39
1119.55
1119.7
1119.86
1120.01
1120.03
1120.19
1120.34
1120.49
1120.65
1120.81
1120.96
1121.11
1121.27
1121.42
1121.58
1121.73
1121.89
1122.04
1122.2
1122.35
1122.51
1122.66
1122.82
1122.97
1123.12
1123.28
1123.43
1123.59
1123.74
1123.9
1124.05
1124.21
1124.36
1124.52
1124.67
1124.83
1124.98
1125
1125.16
1125.31
1125.47
1125.62
1125.78
1125.93
1126.09
1126.24
1126.39
1126.55
1126.7
1126.86
1127.01
1127.17
1127.32
1127.48
1127.63
1127.79
1127.94
1128.1
1128.25
1128.4
1128.56
1128.71
1128.87
1129.02
1129.18
1129.33
1129.49
1129.64
1129.8
1129.95
1130.11
1130.13
1130.28
1130.44
1130.59
1130.75
1130.9
1131.06
1131.21
1131.37
1131.52
1131.67
1131.83
1131.98
1132.14
1132.29
1132.45
1132.6
1132.76
1132.91
1133.07
1133.22
1133.38
1133.53
1133.68
1133.84
1133.99
1134.15
1134.3
1134.46
1134.61
1134.77
1134.92
1135.08
1135.1
1135.25
1135.41
1135.56
1135.72
1135.87
1136.03
1136.18
1136.34
1136.49
1136.64
1136.8
1136.95
1137.11
1137.26
1137.42
1137.57
1137.73
1137.88
1138.04
1138.19
1138.35
1138.5
1138.65
1138.81
1138.96
1139.12
1139.27
1139.43
1139.58
1139.74
1139.89
1140.05
1140.07
1140.22
1140.38
1140.53
1140.69
1140.84
1141
1141.15
1141.31
1141.46
1141.62
1141.77
1141.92
1142.08
1142.23
1142.39
1142.54
1142.7
1142.85
1143.01
1143.16
1143.32
1143.47
1143.63
1143.78
1143.93
1144.09
1144.24
1144.4
1144.55
1144.71
1144.86
1145.02
1145.04
1145.19
1145.35
1145.5
1145.66
1145.81
1145.97
1146.12
1146.28
1146.43
1146.59
1146.74
1146.89
1147.05
1147.2
1147.36
1147.51
1147.67
1147.82
1147.98
1148.13
1148.29
1148.44
1148.6
1148.75
1148.91
1149.06
1149.21
1149.37
1149.53
1149.68
1149.83
1149.99
1150.01
1150.16
1150.32
1150.47
1150.63
1150.78
1150.94
1151.09
1151.25
1151.4
1151.56
1151.71
1151.87
1152.02
1152.17
1152.33
1152.48
1152.64
1152.79
1152.95
1153.1
1153.26
1153.41
1153.57
1153.72
1153.88
1154.03
1154.19
1154.34
1154.49
1154.65
1154.81
1154.83
1154.98
1155.13
1155.29
1155.44
1155.6
1155.75
1155.91
1156.06
1156.22
1156.37
1156.53
1156.68
1156.84
1156.99
1157.15
1157.3
1157.45
1157.61
1157.77
1157.92
1158.07
1158.23
1158.38
1158.54
1158.69
1158.85
1159
1159.16
1159.31
1159.47
1159.62
1159.78
1159.8
1159.95
1160.11
1160.26
1160.41
1160.57
1160.72
1160.88
1161.03
1161.19
1161.34
1161.5
1161.65
1161.81
1161.96
1162.12
1162.27
1162.43
1162.58
1162.73
1162.89
1163.05
1163.2
1163.35
1163.51
1163.66
1163.82
1163.97
1164.13
1164.28
1164.44
1164.59
1164.61
1164.77
1164.92
1165.08
1165.23
1165.39
1165.54
1165.69
1165.85
1166.01
1166.16
1166.31
1166.47
1166.62
1166.78
1166.93
1167.09
1167.24
1167.4
1167.55
1167.71
1167.86
1168.02
1168.17
1168.33
1168.48
1168.63
1168.79
1168.94
1169.1
1169.25
1169.41
1169.56
1169.58
1169.74
1169.89
1170.05
1170.2
1170.36
1170.51
1170.67
1170.82
1170.97
1171.13
1171.29
1171.44
1171.59
1171.75
1171.9
1172.06
1172.21
1172.37
1172.52
1172.68
1172.83
1172.99
1173.14
1173.3
1173.45
1173.61
1173.76
1173.91
1174.07
1174.22
1174.38
1174.4
1174.55
1174.71
1174.86
1175.02
1175.17
1175.33
1175.48
1175.64
1175.79
1175.95
1176.1
1176.26
1176.41
1176.57
1176.72
1176.87
1177.03
1177.18
1177.34
1177.49
1177.65
1177.8
1177.96
1178.11
1178.27
1178.42
1178.58
1178.73
1178.88
1179.04
1179.19
1179.21
1179.37
1179.53
1179.68
1179.83
1179.99
1180.14
1180.3
1180.45
1180.61
1180.76
1180.92
1181.07
1181.23
1181.38
1181.54
1181.69
1181.85
1182
1182.15
1182.31
1182.46
1182.62
1182.77
1182.93
1183.08
1183.24
1183.39
1183.55
1183.7
1183.86
1183.88
1184.03
1184.19
1184.34
1184.49
1184.65
1184.81
1184.96
1185.11
1185.27
1185.42
1185.58
1185.73
1185.89
1186.04
1186.2
1186.35
1186.51
1186.66
1186.82
1186.97
1187.12
1187.28
1187.43
1187.59
1187.74
1187.9
1188.05
1188.21
1188.36
1188.52
1188.67
1188.69
1188.85
1189
1189.16
1189.31
1189.47
1189.62
1189.78
1189.93
1190.09
1190.24
1190.39
1190.55
1190.7
1190.86
1191.01
1191.17
1191.32
1191.48
1191.63
1191.79
1191.94
1192.1
1192.25
1192.4
1192.56
1192.71
1192.87
1193.02
1193.18
1193.33
1193.49
1193.51
1193.66
1193.82
1193.97
1194.13
1194.28
1194.44
1194.59
1194.75
1194.9
1195.06
1195.21
1195.37
1195.52
1195.67
1195.83
1195.98
1196.14
1196.29
1196.45
1196.6
1196.76
1196.91
1197.07
1197.22
1197.38
1197.53
1197.68
1197.84
1197.99
1198.15
1198.17
1198.33
1198.48
1198.63
1198.79
1198.94
1199.1
1199.25
1199.41
1199.56
1199.72
1199.87
1200.03
1200.18
1200.34
1200.49
1200.64
1200.8
1200.95
1201.11
1201.26
1201.42
1201.57
1201.73
1201.88
1202.04
1202.19
1202.35
1202.5
1202.65
1202.81
1202.83
1202.99
1203.14
1203.3
1203.45
1203.61
1203.76
1203.91
1204.07
1204.22
1204.38
1204.53
1204.69
1204.84
1205
1205.15
1205.31
1205.46
1205.62
1205.77
1205.92
1206.08
1206.23
1206.39
1206.54
1206.7
1206.85
1207.01
1207.16
1207.32
1207.47
1207.63
1207.65
1207.8
1207.96
1208.11
1208.27
1208.42
1208.58
1208.73
1208.88
1209.04
1209.19
1209.35
1209.5
1209.66
1209.81
1209.97
1210.12
1210.28
1210.43
1210.59
1210.74
1210.89
1211.05
1211.2
1211.36
1211.51
1211.67
1211.82
1211.98
1212.13
1212.29
1212.31
1212.46
1212.62
1212.77
1212.93
1213.08
1213.24
1213.39
1213.55
1213.7
1213.86
1214.01
1214.16
1214.32
1214.47
1214.63
1214.78
1214.94
1215.09
1215.25
1215.4
1215.56
1215.71
1215.87
1216.02
1216.17
1216.33
1216.48
1216.64
1216.79
1216.95
1216.97
1217.12
1217.28
1217.43
1217.59
1217.74
1217.9
1218.05
1218.21
1218.36
1218.52
1218.67
1218.83
1218.98
1219.13
1219.29
1219.44
1219.6
1219.75
1219.91
1220.06
1220.22
1220.37
1220.53
1220.68
1220.84
1220.99
1221.15
1221.3
1221.45
1221.48
1221.63
1221.79
1221.94
1222.1
1222.25
1222.4
1222.56
1222.71
1222.87
1223.02
1223.18
1223.33
1223.49
1223.64
1223.8
1223.95
1224.11
1224.26
1224.41
1224.57
1224.72
1224.88
1225.03
1225.19
1225.34
1225.5
1225.65
1225.81
1225.96
1226.12
1226.14
1226.29
1226.45
1226.6
1226.76
1226.91
1227.07
1227.22
1227.38
1227.53
1227.68
1227.84
1227.99
1228.15
1228.3
1228.46
1228.61
1228.77
1228.92
1229.08
1229.23
1229.39
1229.54
1229.69
1229.85
1230.01
1230.16
1230.31
1230.47
1230.62
1230.78
1230.8
1230.95
1231.11
1231.26
1231.42
1231.57
1231.73
1231.88
1232.04
1232.19
1232.35
1232.5
1232.66
1232.81
1232.96
1233.12
1233.27
1233.43
1233.58
1233.74
1233.89
1234.05
1234.2
1234.36
1234.51
1234.67
1234.82
1234.98
1235.13
1235.29
1235.31
1235.46
1235.62
1235.77
1235.92
1236.08
1236.23
1236.39
1236.54
1236.7
1236.85
1237.01
1237.16
1237.32
1237.47
1237.63
1237.78
1237.94
1238.09
1238.24
1238.4
1238.55
1238.71
1238.86
1239.02
1239.17
1239.33
1239.48
1239.64
1239.79
1239.81
1239.97
1240.12
1240.28
1240.43
1240.59
1240.74
1240.9
1241.05
1241.2
1241.36
1241.51
1241.67
1241.82
1241.98
1242.13
1242.29
1242.44
1242.6
1242.75
1242.91
1243.06
1243.22
1243.37
1243.53
1243.68
1243.83
1243.99
1244.14
1244.3
1244.45
1244.47
1244.63
1244.78
1244.94
1245.09
1245.25
1245.4
1245.56
1245.71
1245.87
1246.02
1246.18
1246.33
1246.48
1246.64
1246.79
1246.95
1247.1
1247.26
1247.41
1247.57
1247.72
1247.88
1248.03
1248.19
1248.34
1248.5
1248.65
1248.81
1248.96
1248.98
1249.14
1249.29
1249.44
1249.6
1249.75
1249.91
1250.06
1250.22
1250.37
1250.53
1250.68
1250.84
1250.99
1251.15
1251.3
1251.46
1251.61
1251.77
1251.92
1252.07
1252.23
1252.38
1252.54
1252.69
1252.85
1253
1253.16
1253.31
1253.47
1253.49
1253.64
1253.8
1253.95
1254.11
1254.26
1254.42
1254.57
1254.72
1254.88
1255.03
1255.19
1255.34
1255.5
1255.65
1255.81
1255.96
1256.12
1256.27
1256.43
1256.58
1256.74
1256.89
1257.05
1257.2
1257.35
1257.51
1257.66
1257.82
1257.97
1257.99
1258.15
1258.3
1258.46
1258.61
1258.77
1258.92
1259.08
1259.23
1259.39
1259.54
1259.7
1259.85
1260.01
1260.16
1260.31
1260.47
1260.62
1260.78
1260.93
1261.09
1261.24
1261.4
1261.55
1261.71
1261.86
1262.02
1262.17
1262.33
1262.35
1262.5
1262.66
1262.81
1262.96
1263.12
1263.27
1263.43
1263.58
1263.74
1263.89
1264.05
1264.2
1264.36
1264.51
1264.67
1264.82
1264.98
1265.13
1265.29
1265.44
1265.59
1265.75
1265.9
1266.06
1266.21
1266.37
1266.52
1266.68
1266.83
1266.85
1267.01
1267.16
1267.32
1267.47
1267.63
1267.78
1267.94
1268.09
1268.24
1268.4
1268.55
1268.71
1268.86
1269.02
1269.17
1269.33
1269.48
1269.64
1269.79
1269.95
1270.1
1270.26
1270.41
1270.57
1270.72
1270.87
1271.03
1271.18
1271.34
1271.36
1271.51
1271.67
1271.82
1271.98
1272.13
1272.29
1272.44
1272.6
1272.75
1272.91
1273.06
1273.22
1273.37
1273.53
1273.68
1273.83
1273.99
1274.14
1274.3
1274.45
1274.61
1274.76
1274.92
1275.07
1275.23
1275.38
1275.54
1275.69
1275.71
1275.87
1276.02
1276.18
1276.33
1276.48
1276.64
1276.79
1276.95
1277.1
1277.26
1277.41
1277.57
1277.72
1277.88
1278.03
1278.19
1278.34
1278.5
1278.65
1278.81
1278.96
1279.11
1279.27
1279.42
1279.58
1279.73
1279.89
1280.04
1280.06
1280.22
1280.37
1280.53
1280.68
1280.84
1280.99
1281.15
1281.3
1281.46
1281.61
1281.77
1281.92
1282.07
1282.23
1282.38
1282.54
1282.69
1282.85
1283
1283.16
1283.31
1283.47
1283.62
1283.78
1283.93
1284.09
1284.24
1284.39
1284.55
1284.57
1284.72
1284.88
1285.03
1285.19
1285.34
1285.5
1285.65
1285.81
1285.96
1286.12
1286.27
1286.43
1286.58
1286.74
1286.89
1287.05
1287.2
1287.35
1287.51
1287.66
1287.82
1287.97
1288.13
1288.28
1288.44
1288.59
1288.75
1288.9
1288.92
1289.08
1289.23
1289.39
1289.54
1289.7
1289.85
1290.01
1290.16
1290.31
1290.47
1290.62
1290.78
1290.93
1291.09
1291.24
1291.4
1291.55
1291.71
1291.86
1292.02
1292.17
1292.33
1292.48
1292.63
1292.79
1292.94
1293.1
1293.25
1293.27
1293.43
1293.58
1293.74
1293.89
1294.05
1294.2
1294.36
1294.51
1294.67
1294.82
1294.98
1295.13
1295.29
1295.44
1295.59
1295.75
1295.9
1296.06
1296.21
1296.37
1296.52
1296.68
1296.83
1296.99
1297.14
1297.3
1297.45
1297.61
1297.63
1297.78
1297.94
1298.09
1298.24
1298.4
1298.55
1298.71
1298.86
1299.02
1299.17
1299.33
1299.48
1299.64
1299.79
1299.95
1300.1
1300.26
1300.41
1300.57
1300.72
1300.87
1301.03
1301.18
1301.34
1301.49
1301.65
1301.8
1301.96
1301.98
1302.13
1302.29
1302.44
1302.6
1302.75
1302.91
1303.06
1303.22
1303.37
1303.53
1303.68
1303.83
1303.99
1304.14
1304.3
1304.45
1304.61
1304.76
1304.92
1305.07
1305.23
1305.38
1305.54
1305.69
1305.85
1306
1306.15
1306.18
1306.33
1306.48
1306.64
1306.79
1306.95
1307.1
1307.26
1307.41
1307.57
1307.72
1307.88
1308.03
1308.19
1308.34
1308.5
1308.65
1308.81
1308.96
1309.11
1309.27
1309.42
1309.58
1309.73
1309.89
1310.04
1310.2
1310.35
1310.51
1310.53
1310.68
1310.84
1310.99
1311.15
1311.3
1311.46
1311.61
1311.77
1311.92
1312.07
1312.23
1312.38
1312.54
1312.69
1312.85
1313
1313.16
1313.31
1313.47
1313.62
1313.78
1313.93
1314.09
1314.24
1314.39
1314.55
1314.7
1314.86
1314.88
1315.03
1315.19
1315.34
1315.5
1315.65
1315.81
1315.96
1316.12
1316.27
1316.43
1316.58
1316.74
1316.89
1317.05
1317.2
1317.35
1317.51
1317.66
1317.82
1317.97
1318.13
1318.28
1318.44
1318.59
1318.75
1318.9
1319.06
1319.08
1319.23
1319.39
1319.54
1319.7
1319.85
1320.01
1320.16
1320.31
1320.47
1320.62
1320.78
1320.93
1321.09
1321.24
1321.4
1321.55
1321.71
1321.86
1322.02
1322.17
1322.33
1322.48
1322.63
1322.79
1322.94
1323.1
1323.25
1323.27
1323.43
1323.58
1323.74
1323.89
1324.05
1324.2
1324.36
1324.51
1324.67
1324.82
1324.98
1325.13
1325.29
1325.44
1325.59
1325.75
1325.9
1326.06
1326.21
1326.37
1326.52
1326.68
1326.83
1326.99
1327.14
1327.3
1327.45
1327.61
1327.63
1327.78
1327.94
1328.09
1328.24
1328.4
1328.55
1328.71
1328.86
1329.02
1329.17
1329.33
1329.48
1329.64
1329.79
1329.95
1330.1
1330.26
1330.41
1330.57
1330.72
1330.87
1331.03
1331.18
1331.34
1331.49
1331.65
1331.8
1331.82
1331.98
1332.13
1332.29
1332.44
1332.6
1332.75
1332.91
1333.06
1333.22
1333.37
1333.53
1333.68
1333.83
1333.99
1334.14
1334.3
1334.45
1334.61
1334.76
1334.92
1335.07
1335.23
1335.38
1335.54
1335.69
1335.85
1336
1336.02
1336.18
1336.33
1336.48
1336.64
1336.79
1336.95
1337.1
1337.26
1337.41
1337.57
1337.72
1337.88
1338.03
1338.19
1338.34
1338.5
1338.65
1338.81
1338.96
1339.11
1339.27
1339.42
1339.58
1339.73
1339.89
1340.04
1340.2
1340.22
1340.37
1340.53
1340.68
1340.84
1340.99
1341.15
1341.3
1341.46
1341.61
1341.77
1341.92
1342.07
1342.23
1342.38
1342.54
1342.69
1342.85
1343
1343.16
1343.31
1343.47
1343.62
1343.78
1343.93
1344.09
1344.24
1344.39
1344.42
1344.57
1344.72
1344.88
1345.03
1345.19
1345.34
1345.5
1345.65
1345.81
1345.96
1346.12
1346.27
1346.43
1346.58
1346.74
1346.89
1347.05
1347.2
1347.35
1347.51
1347.66
1347.82
1347.97
1348.13
1348.28
1348.44
1348.46
1348.61
1348.77
1348.92
1349.08
1349.23
1349.39
1349.54
1349.7
1349.85
1350.01
1350.16
1350.31
1350.47
1350.62
1350.78
1350.93
1351.09
1351.24
1351.4
1351.55
1351.71
1351.86
1352.02
1352.17
1352.33
1352.48
1352.63
1352.66
1352.81
1352.96
1353.12
1353.27
1353.43
1353.58
1353.74
1353.89
1354.05
1354.2
1354.36
1354.51
1354.67
1354.82
1354.98
1355.13
1355.29
1355.44
1355.59
1355.75
1355.9
1356.06
1356.21
1356.37
1356.52
1356.68
1356.83
1356.85
1357.01
1357.16
1357.32
1357.47
1357.63
1357.78
1357.94
1358.09
1358.24
1358.4
1358.55
1358.71
1358.86
1359.02
1359.17
1359.33
1359.48
1359.64
1359.79
1359.95
1360.1
1360.26
1360.41
1360.57
1360.72
1360.87
1360.9
1361.05
1361.2
1361.36
1361.51
1361.67
1361.82
1361.98
1362.13
1362.29
1362.44
1362.6
1362.75
1362.91
1363.06
1363.22
1363.37
1363.53
1363.68
1363.83
1363.99
1364.14
1364.3
1364.45
1364.61
1364.76
1364.92
1365.07
1365.09
1365.25
1365.4
1365.56
1365.71
1365.87
1366.02
1366.18
1366.33
1366.48
1366.64
1366.79
1366.95
1367.1
1367.26
1367.41
1367.57
1367.72
1367.88
1368.03
1368.19
1368.34
1368.5
1368.65
1368.81
1368.96
1369.11
1369.14
1369.29
1369.44
1369.6
1369.75
1369.91
1370.06
1370.22
1370.37
1370.53
1370.68
1370.84
1370.99
1371.15
1371.3
1371.46
1371.61
1371.77
1371.92
1372.07
1372.23
1372.38
1372.54
1372.69
1372.85
1373
1373.16
1373.18
1373.33
1373.49
1373.64
1373.8
1373.95
1374.11
1374.26
1374.42
1374.57
1374.72
1374.88
1375.03
1375.19
1375.34
1375.5
1375.65
1375.81
1375.96
1376.12
1376.27
1376.43
1376.58
1376.74
1376.89
1377.05
1377.2
1377.36
1377.38
1377.53
1377.68
1377.84
1377.99
1378.15
1378.3
1378.46
1378.61
1378.77
1378.92
1379.08
1379.23
1379.39
1379.54
1379.7
1379.85
1380.01
1380.16
1380.32
1380.47
1380.62
1380.78
1380.93
1381.09
1381.24
1381.4
1381.42
1381.57
1381.73
1381.88
1382.04
1382.19
1382.35
1382.5
1382.66
1382.81
1382.96
1383.12
1383.28
1383.43
1383.58
1383.74
1383.89
1384.05
1384.2
1384.36
1384.51
1384.67
1384.82
1384.98
1385.13
1385.29
1385.44
1385.46
1385.62
1385.77
1385.92
1386.08
1386.23
1386.39
1386.54
1386.7
1386.85
1387.01
1387.16
1387.32
1387.47
1387.63
1387.78
1387.94
1388.09
1388.24
1388.4
1388.56
1388.71
1388.86
1389.02
1389.17
1389.33
1389.48
1389.5
1389.66
1389.81
1389.97
1390.12
1390.28
1390.43
1390.59
1390.74
1390.9
1391.05
1391.2
1391.36
1391.52
1391.67
1391.82
1391.98
1392.13
1392.29
1392.44
1392.6
1392.75
1392.91
1393.06
1393.22
1393.37
1393.39
1393.55
1393.7
1393.86
1394.01
1394.16
1394.32
1394.47
1394.63
1394.78
1394.94
1395.09
1395.25
1395.4
1395.56
1395.71
1395.87
1396.02
1396.18
1396.33
1396.48
1396.64
1396.8
1396.95
1397.1
1397.26
1397.41
1397.43
1397.59
1397.74
1397.9
1398.05
1398.21
1398.36
1398.52
1398.67
1398.83
1398.98
1399.14
1399.29
1399.44
1399.6
1399.76
1399.91
1400.06
1400.22
1400.37
1400.53
1400.68
1400.84
1400.99
1401.15
1401.3
1401.46
1401.48
1401.63
1401.79
1401.94
1402.1
1402.25
1402.4
1402.56
1402.71
1402.87
1403.02
1403.18
1403.33
1403.49
1403.64
1403.8
1403.95
1404.11
1404.26
1404.42
1404.57
1404.72
1404.88
1405.04
1405.19
1405.34
1405.5
1405.52
1405.67
1405.83
1405.98
1406.14
1406.29
1406.45
1406.6
1406.76
1406.91
1407.07
1407.22
1407.38
1407.53
1407.68
1407.84
1407.99
1408.15
1408.3
1408.46
1408.61
1408.77
1408.92
1409.08
1409.23
1409.39
1409.41
1409.56
1409.72
1409.87
1410.03
1410.18
1410.34
1410.49
1410.64
1410.8
1410.95
1411.11
1411.26
1411.42
1411.57
1411.73
1411.88
1412.04
1412.19
1412.35
1412.5
1412.66
1412.81
1412.96
1413.12
1413.28
1413.43
1413.45
1413.61
1413.76
1413.91
1414.07
1414.22
1414.38
1414.53
1414.69
1414.84
1415
1415.15
1415.31
1415.46
1415.62
1415.77
1415.92
1416.08
1416.23
1416.39
1416.54
1416.7
1416.85
1417.01
1417.16
1417.32
1417.34
1417.49
1417.65
1417.8
1417.96
1418.11
1418.27
1418.42
1418.58
1418.73
1418.88
1419.04
1419.19
1419.35
1419.5
1419.66
1419.81
1419.97
1420.12
1420.28
1420.43
1420.59
1420.74
1420.9
1421.05
1421.2
1421.23
1421.38
1421.54
1421.69
1421.85
1422
1422.15
1422.31
1422.46
1422.62
1422.77
1422.93
1423.08
1423.24
1423.39
1423.55
1423.7
1423.86
1424.01
1424.16
1424.32
1424.47
1424.63
1424.78
1424.94
1425.09
1425.25
1425.27
1425.42
1425.58
1425.73
1425.89
1426.04
1426.2
1426.35
1426.51
1426.66
1426.82
1426.97
1427.12
1427.28
1427.43
1427.59
1427.74
1427.9
1428.05
1428.21
1428.36
1428.52
1428.67
1428.83
1428.98
1429.14
1429.16
1429.31
1429.47
1429.62
1429.78
1429.93
1430.09
1430.24
1430.39
1430.55
1430.7
1430.86
1431.01
1431.17
1431.32
1431.48
1431.63
1431.79
1431.94
1432.1
1432.25
1432.4
1432.56
1432.71
1432.87
1433.02
1433.05
1433.2
1433.36
1433.51
1433.66
1433.82
1433.97
1434.13
1434.28
1434.44
1434.59
1434.75
1434.9
1435.06
1435.21
1435.37
1435.52
1435.67
1435.83
1435.98
1436.14
1436.29
1436.45
1436.6
1436.76
1436.91
1436.93
1437.09
1437.24
1437.4
1437.55
1437.71
1437.86
1438.02
1438.17
1438.33
1438.48
1438.63
1438.79
1438.94
1439.1
1439.25
1439.41
1439.56
1439.72
1439.87
1440.03
1440.18
1440.34
1440.49
1440.64
1440.8
1440.82
1440.98
1441.13
1441.29
1441.44
1441.6
1441.75
1441.9
1442.06
1442.21
1442.37
1442.52
1442.68
1442.83
1442.99
1443.14
1443.3
1443.45
1443.61
1443.76
1443.91
1444.07
1444.22
1444.38
1444.53
1444.69
1444.71
1444.86
1445.02
1445.17
1445.33
1445.48
1445.64
1445.79
1445.95
1446.1
1446.26
1446.41
1446.57
1446.72
1446.88
1447.03
1447.18
1447.34
1447.49
1447.65
1447.8
1447.96
1448.11
1448.27
1448.42
1448.44
1448.6
1448.75
1448.91
1449.06
1449.22
1449.37
1449.53
1449.68
1449.84
1449.99
1450.14
1450.3
1450.45
1450.61
1450.76
1450.92
1451.07
1451.23
1451.38
1451.54
1451.69
1451.85
1452
1452.15
1452.31
1452.33
1452.48
1452.64
1452.8
1452.95
1453.1
1453.26
1453.41
1453.57
1453.72
1453.88
1454.03
1454.19
1454.34
1454.5
1454.65
1454.81
1454.96
1455.12
1455.27
1455.42
1455.58
1455.73
1455.89
1456.04
1456.2
1456.22
1456.37
1456.53
1456.68
1456.84
1456.99
1457.15
1457.3
1457.46
1457.61
1457.77
1457.92
1458.08
1458.23
1458.38
1458.54
1458.69
1458.85
1459
1459.16
1459.31
1459.47
1459.62
1459.78
1459.93
1459.95
1460.11
1460.26
1460.42
1460.57
1460.72
1460.88
1461.04
1461.19
1461.34
1461.5
1461.65
1461.81
1461.96
1462.12
1462.27
1462.43
1462.58
1462.74
1462.89
1463.05
1463.2
1463.36
1463.51
1463.66
1463.82
1463.84
1463.99
1464.15
1464.3
1464.46
1464.61
1464.77
1464.92
1465.08
1465.23
1465.39
1465.54
1465.7
1465.85
1466.01
1466.16
1466.32
1466.47
1466.62
1466.78
1466.93
1467.09
1467.24
1467.4
1467.55
1467.57
1467.73
1467.88
1468.04
1468.19
1468.35
1468.5
1468.66
1468.81
1468.96
1469.12
1469.28
1469.43
1469.58
1469.74
1469.89
1470.05
1470.2
1470.36
1470.51
1470.67
1470.82
1470.98
1471.13
1471.29
1471.44
1471.46
1471.62
1471.77
1471.92
1472.08
1472.23
1472.39
1472.54
1472.7
1472.85
1473.01
1473.16
1473.32
1473.47
1473.63
1473.78
1473.94
1474.09
1474.24
1474.4
1474.56
1474.71
1474.86
1475.02
1475.17
1475.19
1475.35
1475.5
1475.66
1475.81
1475.97
1476.12
1476.28
1476.43
1476.59
1476.74
1476.9
1477.05
1477.2
1477.36
1477.52
1477.67
1477.82
1477.98
1478.13
1478.29
1478.44
1478.6
1478.75
1478.91
1478.93
1479.08
1479.24
1479.39
1479.55
1479.7
1479.86
1480.01
1480.16
1480.32
1480.47
1480.63
1480.78
1480.94
1481.09
1481.25
1481.4
1481.56
1481.71
1481.87
1482.02
1482.18
1482.33
1482.48
1482.64
1482.8
1482.82
1482.97
1483.12
1483.28
1483.43
1483.59
1483.74
1483.9
1484.05
1484.21
1484.36
1484.52
1484.67
1484.83
1484.98
1485.14
1485.29
1485.44
1485.6
1485.76
1485.91
1486.06
1486.22
1486.37
1486.53
1486.55
1486.7
1486.86
1487.01
1487.17
1487.32
1487.48
1487.63
1487.79
1487.94
1488.1
1488.25
1488.4
1488.56
1488.71
1488.87
1489.02
1489.18
1489.33
1489.49
1489.64
1489.8
1489.95
1490.11
1490.26
1490.28
1490.44
1490.59
1490.75
1490.9
1491.06
1491.21
1491.37
1491.52
1491.67
1491.83
1491.98
1492.14
1492.29
1492.45
1492.6
1492.76
1492.91
1493.07
1493.22
1493.38
1493.53
1493.68
1493.84
1493.99
1494.02
1494.17
1494.33
1494.48
1494.63
1494.79
1494.94
1495.1
1495.25
1495.41
1495.56
1495.72
1495.87
1496.03
1496.18
1496.34
1496.49
1496.64
1496.8
1496.95
1497.11
1497.26
1497.42
1497.57
1497.73
1497.75
1497.9
1498.06
1498.21
1498.37
1498.52
1498.68
1498.83
1498.99
1499.14
1499.3
1499.45
1499.61
1499.76
1499.91
1500.07
1500.22
1500.38
1500.53
1500.69
1500.84
1501
1501.15
1501.31
1501.46
1501.48
1501.64
1501.79
1501.95
1502.1
1502.26
1502.41
1502.57
1502.72
1502.88
1503.03
1503.18
1503.34
1503.49
1503.65
1503.8
1503.96
1504.11
1504.27
1504.42
1504.58
1504.73
1504.88
1505.04
1505.06
1505.22
1505.37
1505.53
1505.68
1505.84
1505.99
1506.14
1506.3
1506.45
1506.61
1506.76
1506.92
1507.07
1507.23
1507.38
1507.54
1507.69
1507.85
1508
1508.15
1508.31
1508.46
1508.62
1508.77
1508.8
1508.95
1509.1
1509.26
1509.41
1509.57
1509.72
1509.88
1510.03
1510.19
1510.34
1510.5
1510.65
1510.81
1510.96
1511.12
1511.27
1511.42
1511.58
1511.73
1511.89
1512.04
1512.2
1512.35
1512.51
1512.53
1512.68
1512.84
1512.99
1513.15
1513.3
1513.46
1513.61
1513.77
1513.92
1514.08
1514.23
1514.38
1514.54
1514.69
1514.85
1515
1515.16
1515.31
1515.47
1515.62
1515.78
1515.93
1516.09
1516.11
1516.26
1516.42
1516.57
1516.72
1516.88
1517.04
1517.19
1517.34
1517.5
1517.65
1517.81
1517.96
1518.12
1518.27
1518.43
1518.58
1518.74
1518.89
1519.05
1519.2
1519.36
