12.576
14.152
13.152
14.152
13.2
14.2
13.248
12.808
13.296
12.616
13.152
14.152
15.44
13.328
13.856
13.424
13.952
14.152
12.864
12.576
14.304
14.152
14.44
13.152
14.248
15.976
13.488
14.344
12.864
14.392
16.272
14.152
12.576
14.304
14.152
14.2
15.44
16.208
14.152
13.2
13.728
14.44
16.176
14.152
16.152
14.2
12.864
14.152
14.2
16.44
16.248
13.44
14.152
13.152
14.152
16.32
14.2
16.152
14.248
13.32
12.856
16.488
14.344
16.536
14.392
13.224
14.44
14.248
13.152
14.152
14.152
13.44
12.76
12.576
12.912
14.304
12.672
14.64
14.688
16.152
13.056
12.624
14.352
12.96
15.648
13.056
14.544
14.44
16.2
14.152
13.608
14.2
16.152
12.808
13.56
13.152
14.152
12.96
15.64
16.368
14.248
15.456
12.856
13.44
14.344
12.712
16.488
14.152
14.2
16.152
13.152
16.32
13.968
15.456
15.984
15.44
13.392
15.488
16.152
14.152
15.152
14.2
13.52
14.248
13.088
14.296
16.976
16.544
14.192
14
16.928
14.152
16.976
13.904
14.152
13.712
16.16
14.44
14.248
12.616
14.344
14.152
13.44
16.608
14.152
13.296
13.248
15.44
13.776
14.288
13.584
13.632
17.04
13.488
12.576
16.656
12.576
13.152
15.2
14.152
14.152
16.152
14.2
13.44
16.368
13.536
14.064
16.992
14.152
13.92
13.968
14.016
13.344
14.152
14.112
12.576
16.8
14.304
17.328
12.672
17.136
14.304
14.112
13.92
13.728
13.536
15.984
14.352
13.68
14.152
16.368
13.776
15.488
13.152
14.336
13.2
14.384
14.432
14.48
15.488
16.256
13.184
14.152
14.2
13.2
14.248
13.248
14.296
13.056
13.584
14.44
13.392
16.32
12.624
14.352
14.4
14.448
14.496
13.44
12.864
14.832
12.96
14.152
13.152
14.152
16.152
13.44
12.576
13.248
14.304
16.656
14.352
16.464
15.552
14.44
12.864
14.44
13.152
14.152
16.152
15.44
13.56
13.368
15.44
13.896
13.464
12.576
13.992
13.56
16.488
13.176
14.152
16.344
12.76
13.272
14.248
13.8
12.864
16.152
14.152
12.76
15.488
14.152
13.152
14.2
12.576
15.504
15.44
16.688
14.152
14.152
13.44
12.76
15.408
14.248
16.176
15.44
14.152
12.864
14.68
13.44
13.048
14.776
13.2
14.152
13.008
14.2
13.536
16.224
13.392
15.44
16.56
14.152
15.168
13.44
13.008
14.152
13.056
15.536
15.584
13.44
16.608
14.152
16.176
16.224
14.152
16.152
14.152
16.2
13.368
12.672
14.4
15.888
15.44
14.256
16.208
12.896
15.44
16.152
14.152
14.152
12.864
14.2
16.272
14.248
16.32
14.296
16.296
14.152
13.464
16.392
12.576
13.44
14.544
13.488
12.912
14.64
16.152
13.248
14.976
14.544
13.152
12.672
16.56
14.16
13.44
14.152
14.152
14.2
13.152
14.248
16.32
16.152
12.576
14.544
13.152
14.152
15.152
13.28
12.576
13.152
12.672
16.152
14.16
12.768
13.152
14.496
16.32
16.368
13.536
16.152
13.56
12.888
14.44
12.576
16.2
14.152
14.2
15.488
14.152
14.68
12.808
13.44
14.536
16.44
12.904
14.632
15.152
14.68
13.288
14.296
13.152
15.152
14.152
13.2
14.152
13.728
13.296
16.224
13.392
16.32
13.488
14.016
15.984
14.112
14.152
17.04
13.968
14.496
16.224
14.152
16.992
14.2
13.44
12.576
13.488
14.304
15.456
14.352
14.152
13.2
15.64
13.728
14.488
12.864
14.536
13.44
14.344
12.952
13.44
14.44
13.008
14.248
13.536
14.296
16.152
13.32
12.576
14.304
14.152
14.2
13.152
14.248
12.96
15.536
13.488
14.384
14.432
13.152
12.576
14.152
13.44
14.2
13.152
14.152
15.6
13.536
13.152
14.488
14.152
12.864
16.272
12.576
16.32
14.304
15.648
14.832
13.536
14.64
13.152
14.688
13.056
16.44
12.576
15.44
12.624
14.592
14.4
13.152
14.448
14.496
12.864
14.544
16.44
13.128
14.152
13.2
13.008
14.152
12.76
13.152
14.152
13.152
14.44
16.56
14.152
13.248
14.2
13.296
12.624
14.064
14.152
13.2
12.76
15.44
12.576
15.152
14.152
16.152
14.152
14.2
15.44
14.152
13.568
16.496
12.576
16.152
14.304
14.352
12.72
13.152
15.648
16.152
12.816
14.152
15.44
12.576
13.328
15.504
15.776
16.544
13.152
14.152
15.152
14.152
13.44
12.76
16.44
14.968
13.368
16.152
12.576
12.864
12.912
14.152
15.36
14.2
16.152
14.248
13.32
12.856
12.576
14.304
16.488
14.152
13.152
13.152
14.152
12.76
13.152
15.6
15.44
14.152
13.568
12.576
16.736
14.152
13.152
12.576
13.2
14.152
16.368
14.68
16.896
12.576
14.152
12.864
16.272
14.2
12.864
12.576
14.304
12.912
15.6
14.448
16.2
12.816
12.864
14.832
14.4
16.152
13.32
14.152
12.864
14.2
13.44
16.152
13.08
16.488
13.416
14.44
12.984
15.448
13.512
12.856
16.2
15.064
13.192
13.152
15.4
14.968
13.576
14.152
13.2
12.76
13.728
14.488
16.152
13.096
14.824
12.864
14.152
15.536
14.2
13.44
15.168
14.152
16.176
13.104
14.152
15.2
12.76
13.568
14.488
13.616
14.536
12.904
12.864
15.832
12.76
14.248
13.44
14.44
13.152
13.248
14.152
13.296
12.576
16.464
13.392
13.152
13.2
14.152
15.488
12.576
13.616
15.44
13.152
12.576
14.152
13.44
12.576
13.152
12.624
15.36
14.152
15.44
13.152
13.152
13.152
15.488
12.576
15.152
12.576
12.624
14.152
15.2
15.64
16.688
12.808
16.496
15.584
14.192
16.536
15.2
14.152
13.44
14.2
15.408
14.248
16.44
13.44
14.152
16.152
12.576
13.008
14.152
12.576
16.152
14.304
16.152
13.44
12.576
16.368
14.44
13.536
15.688
13.584
12.856
15.312
14.584
13.44
12.712
17.088
13.152
15.152
14.44
12.864
14.152
13.44
12.76
14.488
13.44
14.536
16.024
13.44
13.248
13.296
13.44
16.152
14.488
13.152
14.152
13.44
16.44
13.368
15.44
16.152
13.32
14.296
14.824
16.152
12.712
13.32
14.44
15.768
13.048
16.776
14.536
16.824
14.584
13.512
14.392
16.2
13.608
16.536
14.152
13.2
14.2
14.248
13.296
12.856
13.824
14.584
12.952
14.2
16.44
14.248
12.616
13.152
14.152
14.2
14.248
13.152
15.44
13.2
14.288
16.368
14.152
13.44
12.576
12.624
14.352
14.16
14.208
16.152
15.48
14.44
13.368
12.576
12.936
14.304
13.704
14.352
13.752
13.44
13.44
12.576
13.488
14.304
14.152
13.152
14.2
14.152
13.44
14.44
16.152
14.248
13.32
12.856
14.344
14.392
14.152
13.152
14.152
13.152
14.2
13.68
13.488
16.44
14.152
13.368
12.576
14.304
13.152
16.32
13.968
12.576
12.576
12.624
13.152
14.352
16.32
14.4
15.888
16.44
13.152
14.152
13.152
15.64
13.68
12.96
12.576
15.408
14.304
14.832
16.44
12.96
13.368
12.768
13.176
15.152
16.4
15.488
16.256
15.584
14.152
14.2
12.808
13.44
14.536
14.584
12.912
14.632
13.44
13.248
12.576
16.416
13.584
12.576
16.152
14.152
16.152
14.2
13.32
15.288
12.576
13.656
13.224
14.152
12.576
16.2
13.368
14.152
16.536
13.224
14.488
16.392
12.616
15.68
16.208
14.152
14.152
13.44
14.152
16.368
14.2
15.936
13.104
13.632
14.152
14.2
16.152
14.152
15.488
13.616
13.424
14.152
12.76
13.44
13.008
12.576
15.456
14.064
16.272
15.6
14.152
14.152
16.152
13.08
12.576
13.608
13.176
14.44
15.624
12.808
12.576
16.152
14.152
13.56
16.488
14.152
16.296
12.76
14.152
12.576
16.536
14.248
12.864
13.632
14.152
14.2
15.44
13.568
13.44
13.248
12.576
16.416
14.304
13.344
14.152
13.152
14.152
12.76
13.248
13.296
14.2
12.576
13.152
14.152
12.76
14.248
12.864
12.576
14.304
14.152
14.2
16.152
12.576
16.152
14.304
14.152
13.152
14.152
14.2
14.152
12.76
14.152
12.912
14.68
13.44
14.488
16.608
14.536
14.584
14.152
13.248
12.624
13.584
13.44
14.488
15.168
15.44
13.152
14.152
12.76
13.44
14.488
15.976
14.584
16.152
15.48
14.152
13.368
12.76
14.248
15.496
14.584
15.152
13.52
13.088
14.44
12.624
14.592
16.152
14.152
16.2
14.68
13.44
14.44
16.368
12.576
13.536
14.304
13.344
14.832
14.4
16.152
13.32
16.968
16.296
13.224
13.152
14.152
15.152
14.68
13.28
12.576
16.448
14.304
13.44
13.248
14.152
16.152
14.152
14.2
16.152
14.248
13.32
14.296
12.888
14.344
14.392
16.152
14.488
13.44
13.248
14.152
12.576
14.304
13.2
14.152
13.728
14.2
16.176
12.912
13.44
16.608
13.44
13.152
12.624
14.152
14.68
16.152
15.688
13.56
14.536
16.968
16.024
13.176
13.192
14.44
13.152
16.152
14.44
13.08
15.448
13.2
12.856
13.248
16.416
15.44
13.152
14.152
13.2
16.608
16.416
14.44
16.464
13.632
14.152
15.36
13.728
14.256
12.576
16.704
14.304
13.872
14.352
14.152
13.44
16.608
13.536
13.584
15.552
16.08
14.152
14.2
14.248
15.488
16.256
14.152
13.424
12.76
14.488
14.296
12.864
15.552
14.152
13.68
12.76
13.488
14.488
16.152
14.152
13.32
12.76
14.44
14.152
14.2
13.152
14.152
16.44
14.152
16.2
14.2
16.248
12.576
15.68
14.152
16.688
14.2
16.152
14.152
16.44
14.152
16.248
14.2
12.936
15.688
15.624
14.536
13.752
14.344
17.16
14.392
13.608
13.656
15.44
13.464
13.512
14.152
13.32
12.76
13.848
12.912
16.32
14.44
13.248
14.488
12.576
13.44
14.152
15.44
14.152
13.088
15.64
14.488
13.44
14.44
13.008
12.808
14.152
14.152
13.2
14.152
16.152
13.32
13.128
14.152
13.176
12.624
16.584
15.44
13.44
12.576
13.152
13.2
14.152
16.44
16.248
15.536
13.152
16.152
12.576
13.32
12.624
13.368
14.152
16.44
15.528
13.416
14.152
16.344
14.2
13.272
12.576
16.44
14.304
13.44
14.352
12.96
14.448
14.256
12.624
14.352
14.16
12.768
14.496
13.488
14.544
14.592
13.152
14.44
12.576
14.304
14.352
13.152
14.152
14.152
15.44
13.088
14.152
13.136
14.2
16.152
12.576
15.72
14.44
13.608
12.936
15.384
13.152
14.488
13.152
14.152
16.152
15.44
14.288
13.152
14.152
13.2
14.2
15.168
14.152
13.296
14.2
16.464
15.792
14.152
13.68
12.76
13.728
14.248
12.856
14.152
14.44
14.44
13.152
14.152
12.76
14.488
15.248
13.096
14.824
14.392
14.44
13.44
15.448
14.296
13.152
12.904
13.68
12.952
14.44
13.288
13.336
13.152
12.664
16.152
13.152
16.152
12.624
15.44
14.248
12.856
15.152
14.584
13.04
14.632
16.688
14.68
15.776
14.248
13.424
13.232
12.576
13.152
13.68
14.44
16.152
12.576
15.24
13.152
14.152
14.152
13.152
14.2
12.576
12.624
14.152
14.152
13.152
14.2
13.2
16.368
15.456
16.224
16.752
14.152
14.2
13.44
14.248
14.152
16.248
13.152
12.576
13.152
16.32
14.152
15.648
14.2
12.808
16.44
14.296
16.248
16.296
14.152
16.344
14.2
16.392
14.248
13.56
14.152
13.152
14.152
12.76
15.152
13.04
14.152
13.152
14.152
15.44
13.44
16.368
14.152
14.152
16.152
13.152
14.152
16.152
13.152
14.152
14.2
16.152
14.248
16.68
15.768
16.776
14.152
13.704
17.112
15.44
13.56
13.2
13.248
12.576
15.456
13.344
12.576
16.512
17.04
13.488
15.44
16.176
12.608
16.704
16.272
14.152
12.76
15.44
14.248
13.328
12.616
16.496
12.664
13.184
13.152
14.44
16.152
12.808
13.152
16.44
13.128
16.536
14.536
12.576
13.2
13.728
15.936
13.104
12.576
13.152
14.152
16.2
12.576
12.888
13.656
14.152
16.584
13.992
16.92
13.608
16.776
14.152
12.984
14.152
13.512
12.624
14.352
13.152
14.44
13.152
14.152
16.32
14.2
13.248
14.152
16.152
14.2
16.152
12.576
13.152
14.304
14.352
13.488
13.296
13.104
15.792
13.92
13.728
13.776
12.576
15.984
13.632
14.152
16.8
13.728
14.2
13.536
12.576
14.304
13.152
14.152
16.32
13.248
14.152
13.152
12.624
14.2
13.488
16.176
16.44
12.624
12.864
14.152
14.68
16.152
16.152
14.152
15.48
15.528
14.152
14.2
13.44
14.248
16.152
14.296
14.152
16.152
13.152
14.152
13.2
12.76
16.368
14.488
15.456
13.096
16.224
14.584
16.272
15.832
12.76
13.44
16.44
13.152
14.152
13.2
14.2
16.368
12.808
15.696
14.536
13.344
16.512
12.576
14.304
16.44
15.2
14.152
13.44
12.76
13.008
14.488
15.496
16.2
12.904
16.248
14.632
13.176
14.68
14.248
13.44
13.488
16.416
13.344
13.392
14.152
13.2
13.728
12.576
16.416
14.304
13.344
12.576
16.152
14.304
13.152
14.152
13.2
14.2
13.152
16.32
14.152
13.248
12.76
13.296
14.488
15.744
13.152
12.576
12.624
13.152
15.552
15.152
14.152
13.152
14.152
16.2
14.152
13.368
14.2
13.416
14.248
16.584
14.296
12.96
14.152
13.296
12.576
14.152
15.44
15.2
13.568
14.152
16.496
15.152
12.576
14.304
14.352
13.152
14.16
12.96
14.208
16.368
14.152
15.68
12.864
14.152
15.64
13.2
14.488
14.536
14.344
12.952
14.2
14.44
13.488
14.248
13.296
16.464
14.44
13.392
14.248
15.6
14.152
13.248
13.776
12.576
13.344
13.872
13.68
13.248
15.456
13.584
12.576
13.44
14.152
15.168
14.2
13.296
14.152
13.152
12.576
14.304
13.44
14.832
12.576
14.152
14.152
13.152
16.152
14.44
12.808
16.44
15.488
14.152
12.864
14.152
13.44
14.2
15.408
12.808
16.416
14.536
16.44
12.904
16.152
14.152
13.2
14.152
13.728
15.44
13.152
14.152
16.32
12.76
13.44
14.152
12.76
13.44
14.152
16.152
16.2
14.152
13.368
16.536
12.576
15.384
12.624
14.592
14.4
13.152
14.208
14.256
13.488
13.536
16.464
12.576
13.872
16.08
14.152
12.76
14.152
14.152
14.2
15.44
14.152
13.44
16.152
14.152
12.912
14.152
15.36
14.2
13.248
13.44
14.68
16.368
13.152
15.36
13.248
14.152
16.416
13.584
15.792
14.152
16.152
12.576
15.48
14.304
13.368
16.776
13.152
14.44
14.248
13.152
14.152
16.32
13.248
12.624
16.656
13.584
14.152
16.752
16.8
12.864
16.152
14.152
13.2
15.168
14.152
13.296
15.504
12.576
16.512
13.44
12.576
16.152
14.152
15.64
13.152
14.968
14.152
13.44
16.368
14.152
13.296
12.76
13.44
14.248
13.488
16.536
13.464
12.576
14.248
16.152
15.44
13.152
14.152
14.2
14.248
15.44
12.616
16.208
12.664
13.376
16.544
12.576
13.44
15.152
16.4
14.152
16.208
16.256
14.152
13.184
14.2
14.248
16.488
13.152
13.2
14.152
13.2
16.152
15.44
13.32
14.152
16.488
12.76
15.576
16.344
13.272
14.152
13.32
13.128
14.44
16.296
15.44
14.152
13.328
16.496
14.152
13.664
14.2
13.232
13.28
13.088
12.864
14.152
13.632
12.76
13.68
15.688
15.648
13.44
13.488
12.576
13.44
14.152
16.152
12.912
16.152
13.56
12.888
12.576
15.576
14.152
13.704
13.512
15.48
13.128
13.176
12.576
16.584
14.152
17.112
14.68
13.8
12.576
13.368
16.536
14.152
13.704
13.752
12.576
13.56
13.368
13.176
13.224
13.032
14.488
14.152
13.344
13.152
13.44
14.152
15.2
13.152
15.536
12.96
14.384
15.872
14.72
14.768
13.152
14.576
14.152
13.248
13.44
15.648
12.576
13.056
14.304
13.584
12.576
15.552
16.32
16.152
12.576
15.72
14.304
13.608
12.912
14.4
16.152
14.448
14.256
16.44
14.44
14.248
14.776
13.2
14.344
13.248
12.952
12.76
14.488
12.616
13.152
15.44
16.44
14.288
13.368
16.536
14.152
13.704
15.64
13.512
13.56
13.152
14.152
12.76
15.44
14.488
13.328
14.536
13.856
13.424
14.44
12.808
12.616
16.44
14.152
12.576
13.44
14.544
13.248
12.672
15.68
12.672
14.4
14.152
13.152
12.576
16.44
14.152
14.152
14.152
13.44
16.2
13.128
14.152
13.656
13.224
13.272
15.44
16.44
14.152
13.608
12.864
13.392
16.152
14.152
13.56
16.968
12.576
13.656
13.704
15.912
14.04
16.248
14.152
13.416
12.76
13.464
12.808
12.72
16.152
15.44
13.2
12.608
15.648
12.656
13.536
13.152
14.152
13.2
15.168
12.576
13.296
16.944
12.576
16.512
13.44
12.576
14.304
14.152
12.576
14.304
16.152
12.672
14.4
13.008
14.736
14.544
13.392
15.36
13.728
15.216
13.488
14.064
13.296
12.912
12.864
12.576
16.248
13.416
14.152
15.864
14.2
15.672
15.488
13.152
12.576
14.44
13.44
12.808
13.248
14.536
14.344
12.712
16.44
14.152
14.2
16.44
13.608
12.576
13.656
14.304
14.152
13.44
14.44
16.152
14.248
14.152
14.2
14.248
16.44
14.296
13.152
14.44
13.2
14.248
13.008
12.856
16.416
14.344
12.952
12.76
12.808
16.152
13.08
12.576
16.248
14.44
12.576
16.152
14.152
16.44
13.128
14.44
15.336
14.248
13.224
13.752
13.32
13.368
15.336
13.464
16.872
14.152
13.56
12.76
14.088
16.536
12.984
14.152
12.76
16.44
14.968
13.368
14.776
14.584
12.576
12.624
14.352
12.96
14.688
16.152
14.736
13.32
14.544
13.008
12.912
13.536
16.464
16.992
13.2
12.624
13.728
14.152
16.176
15.488
12.656
14.384
12.992
13.152
14.68
15.152
13.52
14.152
16.448
14.2
13.616
12.808
13.664
14.296
16.488
14.152
16.248
13.416
13.152
12.864
15.552
14.152
13.2
12.576
14.304
14.352
16.44
14.152
13.128
16.776
14.152
16.584
13.512
14.152
15.44
12.576
13.152
14.152
15.6
14.2
12.864
14.248
13.152
14.152
14.152
16.152
16.44
13.128
14.152
14.152
13.44
14.152
13.2
12.576
13.008
14.304
16.416
16.464
14.44
16.272
14.248
15.44
12.608
14.336
12.944
14.672
14.72
13.152
14.768
13.136
16.2
15.104
13.152
15.152
13.2
14.72
14.528
13.136
14.624
12.576
13.44
14.544
12.912
13.44
14.4
13.44
13.488
13.536
12.576
16.224
13.392
12.576
13.44
14.304
16.152
13.152
14.152
13.68
13.152
13.2
14.152
16.152
14.2
13.56
13.152
13.2
14.488
14.296
13.152
12.576
15.504
14.152
12.576
15.44
14.304
13.328
14.832
14.152
16.152
12.576
15.488
14.152
13.376
13.184
14.152
13.232
13.28
16.448
15.44
13.616
13.664
16.152
14.152
14.2
13.488
14.152
13.152
14.44
14.152
13.296
14.152
16.464
14.2
12.912
16.8
12.576
16.152
14.344
16.152
15.536
14.384
13.488
14.432
13.296
14.152
16.152
16.2
14.152
13.488
14.2
15.696
13.584
15.44
14.152
13.44
14.2
15.648
14.248
13.536
13.104
16.032
15.44
14.16
14.152
13.488
13.536
13.584
12.576
13.392
16.44
14.44
13.44
14.248
14.296
16.152
12.664
13.08
14.152
14.2
14.248
13.44
12.856
13.248
14.584
14.152
14.2
13.44
14.152
15.152
12.76
14.488
13.44
14.296
15.408
12.664
13.056
14.392
16.704
13.872
14.152
16.152
14.152
14.2
13.152
14.152
13.152
14.2
13.2
13.248
14.488
16.416
12.616
15.744
12.664
13.392
14.16
16.848
15.44
15.152
14.152
14.2
13.152
12.808
15.6
14.296
12.904
14.632
15.248
14.68
13.288
14.776
14.584
14.392
13.2
12.76
13.248
14.152
13.152
14.152
15.6
12.76
16.368
14.488
13.536
14.536
16.704
14.152
13.632
13.2
13.008
14.152
14.2
16.152
12.624
14.152
13.152
14.488
13.68
12.856
16.152
15.96
14.152
14.152
16.152
14.2
16.68
14.248
13.368
14.44
16.152
15.688
13.56
12.856
13.44
12.904
14.632
15.44
13.152
14.288
13.68
16.368
15.44
13.536
12.864
14.152
14.2
12.808
15.152
14.536
13.52
14.584
14.152
16.488
12.576
14.152
12.576
14.304
16.152
14.352
13.56
15.528
14.152
13.416
15.64
13.488
13.2
15.44
13.248
12.608
14.336
13.152
13.2
14.152
16.2
12.76
13.152
15.688
15.296
14.152
13.424
13.472
14.152
14.152
16.152
14.44
13.56
14.248
14.296
12.664
12.712
16.152
14.2
14.248
13.152
14.296
15.36
13.488
16.896
16.152
12.576
14.304
14.152
16.152
14.152
13.152
14.152
13.44
12.76
13.248
14.248
13.776
15.984
16.752
17.28
13.728
14.152
13.536
16.464
13.632
14.152
13.152
15.64
14.152
12.576
16.152
14.152
13.32
15.768
14.44
14.248
12.624
13.152
14.152
16.44
14.2
13.128
15.688
16.536
14.536
13.464
12.664
13.44
12.576
14.304
16.152
14.44
13.32
15.768
14.152
13.656
12.576
13.152
14.152
13.68
14.2
13.248
16.176
12.624
16.224
13.392
14.152
12.864
13.392
15.44
13.568
12.576
13.152
12.624
14.152
16.152
14.2
14.968
16.248
15.736
12.936
13.152
14.152
14.152
16.488
14.152
13.2
14.2
16.368
13.536
16.704
13.632
12.576
16.152
15.44
16.152
12.848
16.2
14.336
14.384
15.44
16.208
13.376
14.152
12.76
16.152
14.248
13.56
12.624
16.2
12.672
16.248
15.816
12.576
14.544
13.44
14.152
16.44
16.248
14.152
12.936
14.152
16.344
13.752
12.576
16.44
14.304
14.832
14.16
12.768
14.256
14.152
13.2
12.76
13.728
14.488
13.536
12.856
16.224
13.632
16.08
13.728
15.44
13.776
13.584
13.152
14.152
13.2
12.576
15.152
14.304
16.4
12.912
13.568
14.64
16.256
14.448
15.584
14.496
12.992
13.2
13.248
14.152
16.176
14.68
13.152
14.152
13.152
12.76
13.2
14.488
16.368
14.536
12.576
14.152
14.2
15.488
13.616
13.184
14.44
12.808
14.152
13.44
14.44
13.248
12.808
16.656
16.152
12.576
13.32
14.304
15.288
13.656
14.44
16.44
13.152
16.152
14.152
13.56
14.2
13.368
15.336
14.152
12.984
12.76
13.032
12.808
12.856
14.344
15.488
13.44
14.152
13.2
12.76
16.368
14.248
12.576
16.296
14.152
13.224
14.68
15.912
14.248
15.48
14.296
13.608
16.296
14.152
13.2
14.68
13.248
14.488
16.416
14.536
13.344
14.584
13.152
12.576
14.152
13.44
12.576
12.624
12.672
16.152
14.16
15.72
14.208
15.288
14.44
14.152
13.44
14.2
13.44
14.248
16.608
12.624
13.536
14.352
12.864
12.624
14.488
13.152
14.152
16.152
14.152
16.152
14.2
13.152
16.152
14.152
14.68
13.44
14.488
13.488
16.216
14.584
16.072
14.92
14.488
13.2
14.296
14.344
14.152
12.864
12.76
14.248
14.296
16.152
14.344
14.392
12.76
16.152
14.248
13.32
13.152
14.152
13.152
14.2
16.152
15.688
13.32
12.616
16.488
13.656
14.152
13.224
12.76
15.672
15.48
14.488
13.152
14.152
16.44
12.576
12.888
14.304
12.864
14.152
12.76
14.248
16.152
14.152
14.2
12.808
13.152
14.536
16.32
14.584
13.008
14.152
16.416
16.464
16.512
14.152
15.64
13.152
14.248
14.296
16.152
12.904
14.632
14.68
13.152
14.488
12.912
14.152
12.96
14.152
13.44
15.44
12.608
12.96
12.656
16.368
12.704
14.192
15.68
14.528
12.656
12.704
15.68
14.192
14.24
14.288
13.152
14.336
12.864
14.152
12.864
14.152
13.44
13.008
13.2
12.576
12.576
13.44
16.152
12.864
14.152
12.76
16.152
12.576
12.624
16.152
14.44
15.44
15.688
14.152
16.152
13.56
14.152
15.768
13.416
14.152
12.984
13.752
16.68
15.44
13.608
12.848
13.656
14.576
16.584
14.152
13.44
12.76
14.488
16.44
14.296
13.608
12.664
14.392
13.44
12.76
13.248
12.576
12.864
15.44
15.2
13.088
14.44
13.616
12.944
14.152
12.76
13.152
14.152
14.2
13.44
13.248
14.152
13.776
12.76
12.672
13.44
14.16
12.864
13.152
15.44
12.848
14.152
12.864
12.576
14.304
16.2
13.128
14.152
13.896
13.464
16.392
13.32
12.576
13.848
16.776
14.44
13.704
12.576
16.872
14.304
13.56
14.152
13.128
13.176
14.2
13.152
13.2
13.152
15.44
13.2
14.152
16.152
14.152
13.08
13.848
14.152
13.896
16.584
16.632
16.68
13.608
14.152
16.536
12.576
13.704
13.512
12.72
16.152
14.152
15.72
15.488
13.368
16.776
13.704
16.152
14.2
13.56
14.248
13.128
16.2
16.248
13.416
14.152
13.944
13.512
13.152
16.32
13.968
12.624
16.416
16.464
14.2
12.912
14.152
16.152
13.152
16.32
14.152
13.152
16.32
14.152
13.008
16.416
16.248
13.176
12.576
15.624
16.632
13.56
14.2
16.152
16.152
13.32
16.488
14.44
16.296
14.488
16.344
14.152
13.44
13.152
14.152
16.32
12.864
14.152
16.272
14.152
15.84
14.2
13.152
14.248
16.44
14.152
14.2
16.152
14.152
14.2
14.152
14.152
15.152
12.76
14.248
13.44
14.296
15.44
14.344
13.328
12.952
15.536
14.68
13.152
12.576
13.2
12.576
14.304
15.44
12.672
12.864
12.624
14.352
16.152
15.488
13.152
14.44
13.44
12.808
16.2
14.536
12.888
14.344
14.152
16.152
14.2
12.808
13.152
14.296
16.44
14.152
13.2
14.2
13.728
16.152
16.2
14.152
14.2
15.688
14.296
14.344
13.152
14.152
14.2
16.152
15.72
14.152
13.44
14.68
13.248
14.152
13.056
13.584
16.512
12.576
13.248
14.304
13.776
14.352
16.464
15.84
13.2
13.728
14.584
15.44
12.864
13.488
14.152
13.056
13.584
14.44
15.312
13.44
12.576
14.304
16.152
12.672
13.152
14.152
15.2
13.248
12.576
13.776
16.464
13.152
16.44
14.44
15.44
12.808
16.208
14.296
16.256
15.544
13.184
14.392
14.44
14.488
13.152
12.856
15.6
14.344
14.44
13.44
14.152
12.576
13.44
14.152
15.648
14.2
13.776
13.152
14.152
13.44
13.248
14.152
16.416
12.76
13.344
14.248
13.872
12.856
13.68
12.904
12.864
16.272
14.152
13.2
12.864
14.152
14.2
15.44
15.44
12.96
14.288
15.776
14.384
14.432
12.864
14.48
16.152
13.088
13.136
14.864
16.152
14.432
14.96
12.864
14.152
13.2
12.76
16.152
14.488
14.296
13.152
13.152
12.576
13.488
16.152
13.56
14.152
13.152
16.32
14.152
13.248
14.2
16.176
13.344
15.312
14.44
12.96
13.152
14.152
14.152
15.488
14.2
16.256
14.152
13.44
14.2
13.248
14.248
15.456
12.856
16.944
12.664
14.152
16.152
13.32
15.768
14.152
12.576
14.2
16.152
14.248
12.864
15.976
14.584
13.152
14.152
13.152
12.576
15.36
14.152
13.968
13.536
16.464
12.576
14.152
16.152
12.576
12.912
16.152
14.488
15.48
14.152
14.68
15.44
14.488
16.152
12.616
14.152
14.152
13.152
14.2
12.808
13.152
14.536
14.344
16.2
13.152
16.32
14.152
13.248
12.76
14.152
13.152
14.152
16.152
14.2
12.576
14.152
16.152
13.152
14.44
12.808
14.296
12.912
14.152
15.488
12.76
13.152
15.688
12.856
14.248
16.152
14.152
14.2
12.808
16.44
14.536
13.608
12.904
14.632
16.2
14.68
14.488
13.44
14.296
16.152
13.152
14.152
12.576
16.2
14.304
15.768
12.672
16.296
15.84
15.624
14.448
13.032
14.976
16.152
13.344
14.832
13.152
14.64
16.152
12.576
13.152
14.44
16.152
14.248
12.616
14.152
13.2
13.728
14.152
13.152
12.624
16.152
14.44
14.248
13.2
12.864
14.152
16.272
13.2
16.152
14.248
13.32
14.296
15.288
16.536
14.152
13.224
14.152
16.632
14.2
14.04
12.888
14.152
14.2
12.864
14.152
12.576
13.44
14.248
16.152
14.296
16.2
14.152
13.608
15.816
16.44
13.368
14.2
15.448
14.536
15.44
16.152
14.152
14.2
15.488
14.152
14.152
16.152
12.76
13.08
14.488
16.248
13.096
15.816
14.824
17.064
13.432
15.912
15.16
13.56
14.968
13.152
13.152
12.576
16.152
14.304
13.32
13.848
13.176
13.224
13.272
16.2
12.576
13.152
16.488
15.576
14.152
13.704
13.512
12.576
15.48
12.624
13.368
12.672
12.72
16.152
13.08
12.576
13.44
15.504
16.368
14.152
12.864
12.576
16.512
14.304
13.2
14.352
12.864
14.16
13.152
14.152
14.152
13.152
14.152
14.68
14.488
14.536
16.152
13.144
14.872
14.44
13.44
14.488
13.248
14.152
15.456
12.864
12.576
15.504
12.864
14.152
15.44
16.152
14.2
13.32
13.848
14.44
13.656
15.864
13.752
17.16
13.608
14.152
13.416
16.44
12.576
15.768
13.416
14.152
13.464
14.2
13.152
16.32
13.248
16.416
12.624
13.584
12.576
16.272
14.544
13.92
13.488
17.376
13.584
16.272
13.44
14.152
13.488
12.576
13.44
14.152
16.368
13.536
14.152
13.44
16.368
14.152
13.152
14.68
16.152
14.44
14.152
15.152
14.2
14.152
14.2
12.864
16.272
15.6
15.44
13.008
13.056
14.488
12.864
12.856
14.584
16.152
15.72
14.152
13.608
16.776
16.824
14.152
16.152
13.152
14.152
12.96
14.2
13.488
15.936
15.504
15.44
13.632
12.848
13.44
16.608
14.152
14.152
16.152
13.56
14.152
13.152
14.2
14.152
16.584
12.76
14.488
13.096
14.584
14.392
12.576
14.152
12.864
14.44
16.152
12.808
13.32
14.536
14.584
16.44
13.192
14.68
14.152
16.152
14.152
13.44
13.248
14.248
13.152
14.152
15.44
13.44
14.2
14.152
16.152
12.76
13.152
14.488
14.152
16.152
14.2
14.152
15.44
12.76
14.488
14.296
16.488
14.152
12.864
12.912
14.152
15.152
12.76
16.4
14.152
13.568
12.76
16.496
12.808
15.824
13.712
13.28
15.44
16.208
14.152
14.2
14.248
16.2
14.296
13.152
13.152
12.576
13.2
16.368
14.152
13.536
15.44
16.152
13.152
14.152
16.32
14.152
16.44
14.68
13.048
12.864
14.776
12.912
12.904
14.632
13.152
14.44
13.152
16.152
14.152
13.56
13.608
14.152
16.536
13.224
14.152
13.44
14.152
15.152
12.76
13.52
14.488
12.856
13.152
15.784
13.152
14.632
12.96
12.76
12.576
12.864
16.152
14.488
15.72
12.624
13.152
14.152
14.2
12.576
13.44
12.624
14.152
16.2
12.76
12.808
15.152
13.52
16.688
13.616
14.44
16.064
14.248
13.712
13.76
12.576
13.568
16.496
13.536
14.632
13.344
14.68
16.272
15.84
15.728
14.152
14.2
12.912
14.248
14.296
16.152
12.664
13.56
15.832
13.368
14.68
16.536
14.152
13.464
12.76
13.44
16.152
14.152
13.2
13.728
16.896
13.584
13.392
13.44
13.44
16.368
14.152
13.296
13.824
12.576
16.752
12.624
16.44
14.152
16.44
14.152
13.44
16.152
14.152
13.152
15.44
13.2
12.608
13.248
12.656
16.416
14.384
13.584
12.752
15.44
13.152
16.152
14.152
13.08
14.152
14.2
12.808
13.488
14.152
12.864
12.912
14.152
12.96
12.576
15.44
12.576
16.488
14.304
15.44
14.44
13.568
14.152
13.152
13.2
15.44
12.576
14.152
13.44
15.64
13.248
14.488
14.536
13.44
16.368
14.2
13.296
14.064
16.992
13.68
13.728
13.44
14.152
15.64
12.864
14.488
13.392
14.152
16.152
15.488
14.152
13.376
14.152
12.76
16.152
14.488
14.152
15.44
13.088
13.616
16.784
12.992
15.44
13.52
14.048
14.44
16.496
13.664
12.576
14.192
12.624
16.64
13.808
14.152
16.736
12.76
14.144
12.808
13.712
13.76
12.576
13.328
12.896
16.44
13.152
14.152
13.68
13.152
14.152
13.2
13.296
13.632
13.2
15.44
13.968
14.768
14.152
12.576
13.152
16.56
12.576
15.536
15.504
13.248
12.912
15.456
14.64
16.152
12.576
15.744
13.152
12.912
15.44
15.488
16.152
12.864
15.44
14.288
16.248
14.152
12.864
15.552
14.2
12.96
15.648
15.44
16.656
12.608
14.152
14.152
13.44
15.64
14.248
12.672
16.536
14.16
16.344
14.208
13.056
14.544
12.864
16.272
12.864
13.632
14.152
13.152
14.152
12.96
16.368
14.152
16.416
13.584
16.512
14.152
15.44
14.2
14.248
12.856
15.784
13.192
14.92
16.152
13.528
15.016
13.624
13.152
15.112
15.64
16.152
14.248
13.56
17.176
14.584
13.152
14.152
14.2
16.296
14.152
12.984
15.44
14.152
13.44
13.44
14.152
15.408
12.576
13.296
15.504
16.704
12.912
14.152
12.576
13.2
14.544
13.248
12.672
16.176
13.344
14.44
16.272
12.808
15.6
12.856
13.44
12.576
12.912
15.44
13.328
16.256
12.576
13.248
12.576
15.696
15.744
13.872
16.152
14.152
15.44
16.688
15.776
13.664
13.472
15.44
15.44
13.568
12.608
15.536
14.336
12.864
14.152
16.272
14.2
16.152
12.808
14.152
16.152
16.152
15.44
12.864
14.152
14.2
14.248
12.864
14.296
16.272
15.784
16.32
14.632
13.488
14.44
13.44
13.048
16.608
12.856
14.344
13.152
15.6
14.152
13.488
13.536
13.632
13.44
13.248
14.152
16.656
15.744
13.632
14.488
15.6
14.296
13.728
14.152
13.296
13.44
14.152
15.44
13.488
14.152
13.536
13.104
14.44
16.272
16.152
16.44
14.152
13.488
12.576
15.696
14.304
13.344
12.912
16.512
12.96
16.152
16.68
13.368
13.176
14.152
16.344
17.112
16.44
16.488
14.152
13.176
14.2
12.808
13.152
16.32
14.488
16.152
13.32
13.848
14.152
15.816
16.344
14.152
16.152
14.2
13.152
12.576
14.304
15.44
15.792
14.4
14.928
13.44
14.496
13.104
16.152
14.832
14.64
14.448
12.864
13.152
14.152
13.152
14.152
13.152
15.44
16.32
13.008
14.152
16.416
14.152
16.152
14.2
16.152
12.576
12.624
13.152
14.352
14.4
15.152
14.208
15.68
16.208
14.152
14.2
13.152
14.248
13.2
14.296
16.368
14.344
13.536
12.864
14.152
13.392
12.76
14.488
14.536
16.152
14.152
16.152
12.576
13.32
14.304
14.352
16.152
14.4
13.008
16.248
14.736
16.296
13.344
16.152
14.832
13.08
13.2
13.248
14.152
15.456
15.488
13.152
12.96
14.152
13.152
12.576
14.304
16.44
15.44
13.44
14.288
13.248
12.896
14.624
15.152
12.576
12.624
15.552
15.248
12.576
14.304
13.248
12.912
13.776
16.224
13.152
13.68
16.128
17.136
17.184
14.112
14.152
17.52
13.968
16.896
13.824
14.152
15.792
14.68
13.048
14.536
12.864
14.344
13.44
14.44
16.44
15.288
14.152
13.2
13.728
14.152
13.536
13.152
16.32
14.2
13.488
13.152
16.44
15.288
13.416
14.152
13.464
12.576
13.512
14.304
13.32
12.888
16.296
16.344
12.576
12.624
16.152
14.352
12.96
15.584
14.208
14.256
12.864
12.864
14.44
16.152
14.248
12.856
14.344
13.44
12.576
14.304
16.152
14.152
13.2
14.2
13.728
12.808
16.152
14.152
12.76
14.488
16.2
13.096
14.824
12.712
14.44
13.488
13.44
13.248
13.488
16.416
16.944
13.392
14.16
12.576
16.608
14.784
14.016
14.592
16.704
16.272
14.152
12.96
12.576
14.304
13.2
14.832
15.408
16.176
13.344
14.44
13.152
12.576
13.2
15.504
16.152
14.152
15.152
14.68
13.44
14.296
13.152
14.152
15.488
14.2
13.152
15.488
14.336
12.864
14.384
12.912
14.152
15.36
13.248
12.576
13.056
16.152
14.296
15.48
13.128
16.44
14.152
14.2
14.152
13.44
14.152
14.2
16.2
12.808
16.248
14.152
15.44
14.2
13.152
14.248
15.152
12.616
14.584
13.152
12.952
13.68
14.68
13.152
13.44
13.488
14.152
13.296
12.576
16.224
13.632
13.44
13.248
14.152
16.152
16.152
14.152
14.152
12.912
14.2
13.44
14.248
12.616
16.152
14.584
16.2
14.632
14.2
16.152
13.56
14.152
12.576
14.152
13.152
14.152
16.152
13.152
13.68
16.368
12.576
13.296
16.224
13.632
14.152
17.28
16.608
15.936
16.464
14.152
13.392
14.2
16.152
13.152
12.864
14.152
13.44
14.68
16.368
14.488
16.152
12.576
16.2
12.576
13.488
14.152
13.296
14.44
15.152
13.28
16.688
12.576
16.256
14.304
13.664
13.472
12.96
13.488
14.152
15.696
16.704
12.576
13.872
13.44
14.152
16.368
14.2
13.776
12.576
15.744
12.624
13.872
12.672
16.8
14.208
14.152
12.576
13.152
13.68
12.576
13.008
15.44
14.288
14.152
14.152
14.68
14.248
14.296
14.344
13.2
14.392
13.728
15.64
13.536
14.488
13.584
13.152
14.152
14.2
13.488
12.808
16.416
14.296
14.44
12.576
13.488
14.152
13.44
12.76
15.408
14.488
15.936
12.576
15.504
13.632
14.152
14.152
13.152
14.44
14.152
16.152
14.2
13.32
13.152
14.152
13.2
16.2
14.152
15.528
13.416
14.44
12.808
16.152
13.08
13.848
14.152
13.416
13.224
13.752
15.96
13.848
16.056
14.152
17.064
14.232
14.04
14.088
13.416
13.152
14.44
12.912
13.44
12.576
16.44
14.304
12.672
16.44
12.72
16.488
14.448
16.152
14.256
13.32
14.152
13.368
16.776
13.464
13.992
12.576
13.56
16.488
14.152
14.2
14.152
14.152
16.152
12.76
13.32
14.968
13.096
13.144
16.2
14.872
14.92
15.688
16.152
15.016
14.152
14.2
13.152
14.248
12.856
13.152
14.584
15.6
14.392
13.44
15.44
13.328
13.376
14.152
14.2
12.864
15.928
13.392
13.096
14.344
14.392
16.2
13.368
14.152
12.864
14.2
14.152
14.152
13.2
13.248
14.152
14.44
15.688
13.2
14.296
14.152
13.536
13.2
14.44
13.728
14.152
15.456
12.576
13.152
14.304
14.352
14.4
14.448
14.256
14.152
13.2
14.152
15.152
14.152
13.52
14.2
15.152
14.248
13.52
14.152
16.688
12.76
13.616
14.488
16.544
14.296
12.904
13.152
12.912
13.68
15.408
13.536
13.344
15.552
16.32
15.168
14.152
13.152
14.2
13.2
14.44
12.808
16.152
14.152
16.152
13.152
14.44
16.152
14.248
16.2
14.296
12.888
13.416
13.224
14.152
16.392
13.32
15.528
14.152
15.44
14.152
13.2
13.728
16.656
13.152
14.152
14.152
13.152
14.68
16.152
12.808
16.2
14.296
14.344
14.152
13.488
12.576
16.152
14.152
15.2
14.2
15.44
14.44
13.328
14.248
13.136
14.296
14.344
13.152
14.152
16.152
14.152
13.56
14.152
12.76
13.488
14.248
12.856
13.44
14.152
15.44
14.152
13.152
14.2
16.32
14.152
12.864
13.632
12.576
13.2
14.304
12.912
13.488
12.96
13.008
16.152
13.152
12.576
16.32
13.152
16.32
14.152
13.248
13.152
12.96
14.152
12.76
13.152
12.808
16.32
14.536
12.904
16.152
13.44
14.152
13.248
15.64
13.152
13.68
13.488
16.416
14.152
13.44
13.2
16.152
14.152
13.152
12.76
15.44
12.672
14.4
14.448
16.152
14.256
13.32
16.008
12.864
14.152
14.152
15.152
14.2
16.2
14.152
13.152
14.2
15.688
14.536
14.584
14.632
13.488
14.152
15.44
13.568
12.624
16.496
15.552
16.544
14.4
13.952
14.208
16.16
16.208
16.152
14.152
16.2
13.368
14.152
13.896
14.68
13.464
15.672
13.8
12.576
16.728
13.896
14.152
13.464
12.76
14.232
14.28
16.008
17.016
12.576
13.704
14.544
13.512
12.672
13.44
15.248
13.44
15.536
13.152
14.384
14.192
15.92
14.528
13.152
14.152
14.2
14.152
14.2
14.248
14.152
13.2
14.2
16.608
14.248
13.296
12.856
16.464
14.584
15.552
14.392
14.44
14.248
15.152
14.296
13.52
14.344
13.328
13.152
14.152
13.2
14.152
15.64
15.44
12.672
13.44
14.4
14.448
14.496
12.576
13.152
14.152
14.2
16.152
14.248
13.56
16.488
12.576
16.296
14.152
13.464
13.992
16.92
14.088
17.256
14.152
13.464
14.2
13.512
13.32
16.968
16.536
14.152
13.464
13.992
13.56
13.608
13.416
14.44
16.584
14.152
13.032
16.152
13.152
14.152
12.864
16.152
13.32
14.44
13.368
16.776
12.576
16.824
14.544
16.392
13.56
16.728
16.536
13.464
14.152
16.392
15.44
13.152
16.32
14.152
13.488
12.76
16.656
14.488
15.744
14.152
14.2
16.152
15.928
14.536
12.904
12.864
14.632
14.68
14.728
13.152
14.152
14.2
12.864
14.152
13.44
12.76
16.368
16.896
16.704
14.152
13.44
16.152
14.152
13.08
13.608
16.536
14.488
13.704
16.152
17.16
14.152
14.2
14.152
13.152
12.76
16.56
14.152
16.152
12.76
14.248
16.152
15.44
13.32
14.288
13.368
14.336
16.536
16.584
13.752
14.152
13.56
14.152
16.44
13.152
14.152
12.96
14.2
14.152
12.576
13.44
16.152
15.44
16.2
12.608
13.152
14.152
15.64
13.488
12.808
15.456
14.536
13.344
13.152
12.624
13.488
16.416
12.576
13.344
12.912
14.152
13.44
12.76
16.608
14.488
12.856
14.584
16.152
13.44
14.152
13.44
14.152
16.536
14.152
13.704
12.76
16.632
14.488
14.536
13.152
16.32
12.576
12.912
16.32
13.008
14.152
15.696
15.504
12.576
16.44
14.152
15.288
14.2
12.864
16.512
14.152
14.152
13.152
14.2
15.448
14.296
16.152
14.344
13.56
12.712
13.152
13.152
14.152
14.2
13.44
14.152
16.368
14.2
16.896
13.584
15.552
14.152
14.2
16.152
12.808
14.536
12.904
16.152
14.632
16.2
14.68
12.888
14.488
15.576
15.016
12.864
14.584
14.152
13.44
14.2
13.488
12.576
13.632
16.32
13.488
17.136
13.824
16.272
12.576
13.44
12.624
16.128
14.352
16.176
13.824
16.032
14.64
15.408
14.152
16.176
14.2
12.864
13.2
14.152
14.2
15.2
12.808
13.568
15.736
12.664
15.68
13.568
12.672
13.616
14.4
15.344
12.576
13.2
12.576
12.624
13.152
16.32
14.44
12.576
12.912
14.152
13.68
12.76
16.368
13.296
14.152
12.912
12.576
13.44
13.248
16.44
15.44
14.152
13.568
14.2
15.44
14.152
13.44
14.152
13.248
15.696
12.864
14.152
15.792
15.44
12.96
12.848
14.576
14.624
13.44
14.672
16.368
13.04
13.536
14.064
15.44
14.152
14.2
13.152
12.576
15.36
14.544
14.352
15.152
16.4
14.152
14.2
14.152
13.152
14.2
16.32
13.488
12.624
16.416
14.352
15.152
15.2
14.152
12.624
14.152
13.152
14.68
14.488
16.152
14.536
16.152
14.152
13.152
12.76
13.2
14.152
13.152
14.2
13.2
16.368
15.696
13.104
16.152
12.576
12.624
14.352
12.768
14.256
16.152
13.32
16.488
14.152
16.152
13.152
14.152
16.56
14.68
13.488
14.488
13.536
12.616
13.104
16.752
13.44
14.152
17.088
12.76
15.696
12.672
14.44
13.152
12.808
16.152
14.536
12.904
13.44
13.248
16.416
14.064
13.632
14.152
16.56
16.128
13.776
14.152
16.224
12.576
14.304
15.2
14.352
14.16
12.576
13.152
14.152
15.152
12.76
14.488
16.44
14.296
16.248
13.656
12.624
13.536
12.576
16.464
12.576
14.584
16.2
13.368
14.44
15.816
14.248
13.704
17.112
13.56
16.248
12.72
14.152
12.624
15.552
14.16
16.152
12.576
12.864
14.304
12.864
16.272
14.152
16.32
14.2
16.368
12.808
15.976
13.152
13.2
14.152
16.368
15.44
13.328
14.152
13.136
13.152
12.624
16.56
14.352
13.488
14.16
15.456
12.768
16.224
15.696
13.392
13.2
12.864
13.632
12.576
13.44
16.152
14.152
13.152
16.32
12.672
13.488
14.4
14.928
16.152
13.296
13.08
12.864
12.912
12.72
14.44
12.808
12.616
13.44
14.344
16.368
14.152
16.416
14.152
13.2
13.728
14.44
15.44
13.152
13.248
13.056
16.224
12.576
15.44
16.208
14.152
16.44
14.2
16.248
14.248
15.816
13.224
14.152
16.872
14.68
13.56
14.248
16.488
12.936
14.152
13.152
13.2
14.152
13.248
12.76
16.656
12.808
13.344
16.152
12.576
16.68
16.488
15.816
14.152
13.152
16.32
14.152
15.248
12.576
13.376
13.904
14.152
13.472
16.88
15.968
13.616
17.504
14.152
13.472
14.152
16.64
12.864
14.152
16.272
14.2
12.864
14.152
13.2
14.152
16.368
15.64
13.536
13.048
14.776
16.152
13.08
14.152
13.608
16.296
13.704
13.272
12.576
14.152
12.76
16.152
14.488
15.72
14.296
13.152
14.344
13.2
12.576
12.912
14.544
12.912
12.864
12.576
14.152
14.2
14.248
13.44
12.856
16.368
12.904
16.44
14.632
12.576
14.784
14.352
15.488
12.896
14.152
13.2
13.248
14.152
13.296
12.576
13.152
15.6
16.368
12.576
13.296
17.184
14.152
13.392
16.56
14.44
16.152
14.44
13.44
14.152
12.912
13.44
14.152
16.2
15.64
15.528
14.488
13.416
12.856
16.584
13.512
12.576
13.32
14.152
16.488
12.936
14.152
12.912
13.44
16.608
14.256
17.424
15.552
14.152
15.44
14.2
13.152
12.576
14.152
16.152
12.76
13.56
14.488
15.528
15.976
13.656
16.584
13.752
12.576
16.44
13.608
14.152
16.488
16.536
14.152
14.152
15.152
14.152
14.2
16.152
13.08
14.152
13.152
14.2
13.2
12.808
13.248
16.416
13.344
16.272
15.6
16.608
14.152
13.2
14.2
16.368
13.536
13.344
12.576
12.864
14.304
16.272
13.68
16.128
15.936
13.824
12.576
16.752
13.44
15.44
14.208
14.256
16.464
14.152
13.392
13.92
14.448
13.536
14.152
13.344
13.872
17.04
12.576
13.488
14.44
12.864
12.808
16.152
14.44
14.248
12.864
14.152
13.2
14.2
16.608
14.248
16.44
14.44
12.576
12.912
14.304
14.352
13.152
14.152
13.152
14.68
12.576
13.2
13.728
14.152
13.536
16.464
13.44
12.576
13.152
12.624
16.152
14.152
14.2
14.152
13.2
13.728
12.576
13.536
13.584
16.512
12.576
13.92
13.488
13.536
13.152
14.152
13.152
14.152
16.2
14.152
13.128
13.2
13.248
16.152
13.08
15.768
15.576
16.824
14.2
13.512
12.576
16.2
12.624
15.288
14.352
13.656
14.88
14.448
16.152
14.496
13.32
13.848
13.176
13.704
13.152
13.152
14.152
13.2
12.76
14.248
16.152
13.08
16.152
12.576
14.152
15.536
12.944
16.152
12.576
15.96
12.624
13.368
14.488
15.576
14.296
15.624
14.344
16.392
13.56
12.624
16.008
13.896
13.944
12.576
13.152
14.304
13.152
14.152
13.488
16.656
13.44
12.576
16.152
14.304
13.32
14.352
16.248
12.96
14.448
13.152
14.152
13.44
12.76
13.248
15.456
12.576
14.304
14.152
13.44
14.152
13.2
13.728
12.576
14.304
13.2
14.352
15.408
14.4
13.296
14.448
12.576
13.152
15.44
14.44
12.808
14.152
14.2
16.152
15.688
13.096
14.824
13.432
14.92
16.2
14.968
15.016
15.064
14.392
13.44
14.2
14.248
14.296
15.152
14.152
13.28
13.328
14.152
16.496
14.2
13.424
14.152
16.152
14.248
12.616
12.864
14.344
15.488
13.44
14.44
15.648
13.296
15.44
13.248
14.152
16.176
16.152
14.152
13.56
14.2
13.368
12.576
13.488
12.624
16.416
15.984
14.152
14.44
16.152
13.56
14.152
16.248
13.656
14.152
13.464
13.512
13.32
12.624
16.248
14.152
16.152
12.576
14.304
12.912
14.16
16.152
14.208
13.32
14.256
13.152
14.152
13.2
16.368
14.152
13.536
13.344
14.152
15.64
13.152
14.152
13.2
14.152
13.44
16.152
13.32
13.128
14.152
16.536
12.76
13.464
14.488
16.152
13.096
14.584
16.152
12.952
16.2
16.248
12.576
13.44
12.624
14.352
12.72
14.152
16.152
15.64
14.152
15.152
14.152
14.2
13.152
12.96
14.152
13.2
12.76
13.248
14.248
15.456
13.584
16.488
16.152
13.32
12.576
16.968
14.304
14.352
15.44
12.576
15.488
14.304
12.912
14.64
15.2
13.088
15.2
14.152
14.2
16.2
13.368
14.152
16.536
14.152
13.224
14.152
16.44
13.152
12.96
14.152
16.368
14.68
16.176
13.584
14.152
13.2
13.728
14.152
13.296
16.704
13.392
14.152
13.44
14.152
16.608
13.776
13.824
13.152
14.152
14.152
13.152
15.36
13.248
13.776
13.584
16.152
14.152
12.76
16.152
14.488
13.32
14.536
13.848
16.776
16.824
13.272
14.152
12.576
15.744
13.2
14.592
13.728
12.96
16.656
14.688
13.296
15.024
13.152
14.352
16.32
13.2
13.248
12.864
14.152
12.912
14.68
12.808
16.248
14.296
13.416
16.344
13.512
16.68
16.728
14.152
12.76
13.488
14.488
16.176
14.536
14.248
14.296
13.152
15.44
12.576
13.152
14.152
14.68
14.248
13.44
15.496
12.576
13.152
12.624
12.72
12.864
14.152
16.272
12.96
15.648
13.776
16.464
13.152
14.152
16.56
14.2
13.152
14.248
16.248
14.152
13.248
14.152
13.296
15.264
13.44
12.576
14.152
15.44
14.288
12.864
12.896
13.632
16.064
13.68
14.912
13.2
14.96
13.728
12.624
12.672
12.864
14.152
14.2
13.152
12.576
12.96
13.152
14.488
12.856
16.152
14.152
14.2
14.248
13.44
14.296
13.152
14.152
12.96
12.76
13.488
14.248
12.912
13.44
13.248
14.152
13.2
16.368
14.152
13.056
12.76
13.584
14.152
15.44
15.44
13.568
14.152
12.624
14.352
14.16
15.152
16.16
14.152
14.68
12.576
14.304
14.152
16.152
14.68
13.152
14.488
14.536
13.152
13.144
16.32
13.192
14.68
15.44
14.488
13.44
14.152
13.248
14.2
13.152
14.152
15.44
14.288
13.44
12.656
14.384
15.152
14.432
13.04
16.152
14.528
12.896
14.624
16.152
14.432
14.152
16.152
13.32
15.528
14.152
16.152
13.152
14.44
16.32
12.808
16.368
14.536
13.536
14.584
15.984
15.352
13.632
14.92
17.04
16.408
15.016
13.488
14.344
12.952
13.44
13
13.048
15.44
16.152
15.44
15.48
14.288
12.888
14.336
14.384
13.152
12.992
14.72
13.152
14.768
12.864
14.816
14.864
13.232
14.24
13.152
14.152
12.912
12.576
13.44
13.248
14.44
16.152
12.576
13.248
16.152
14.152
13.44
16.368
15.44
13.296
15.504
14.152
12.864
15.312
14.152
13.68
14.2
12.912
13.248
14.152
16.656
13.344
16.512
12.576
15.6
15.504
14.592
13.44
14.4
14.448
13.056
12.864
16.512
14.152
12.96
14.152
13.152
16.32
12.576
14.304
14.152
15.44
14.2
13.328
14.248
16.976
12.856
13.664
13.472
16.16
12.624
12.576
13.152
14.152
15.44
12.576
16.448
12.624
14.488
14.296
16.2
14.344
13.128
16.296
14.152
13.464
12.864
13.632
12.96
13.488
14.152
16.248
14.152
16.44
13.128
16.296
14.152
14.2
14.248
13.488
15.696
12.864
14.152
13.44
12.76
16.368
15.44
13.088
14.152
13.616
14.2
16.544
12.576
13.712
13.52
12.576
16.448
12.624
13.376
12.672
16.784
14.16
15.44
14.152
13.152
13.2
13.44
12.576
13.488
14.304
15.696
12.576
15.504
13.392
14.152
16.32
14.68
13.248
16.488
14.152
13.416
14.152
14.152
14.152
14.2
14.152
14.152
14.152
16.152
13.08
14.44
15.528
12.808
16.296
14.536
13.144
16.152
12.864
15.44
16.152
12.848
15.776
13.152
14.624
15.6
13.232
13.248
14.96
16.416
14.528
12.912
12.864
14.152
16.152
14.2
14.152
14.152
13.152
16.44
14.152
13.44
14.2
13.248
12.808
13.488
14.152
16.176
12.76
16.224
12.808
16.272
15.496
13.152
14.152
12.76
13.2
12.808
15.408
12.856
15.456
14.584
12.576
13.488
15.456
12.576
14.152
15.64
15.44
14.248
13.44
14.152
15.152
13.04
13.568
16.496
14.152
13.184
14.68
15.152
14.152
13.04
14.2
16.688
12.808
13.376
14.296
14.344
13.152
14.152
13.152
12.76
12.672
14.16
13.008
13.056
15.152
14.544
13.44
12.576
12.624
13.152
14.152
12.864
12.76
14.248
16.2
14.776
13.144
13.44
12.952
13.248
12.76
14.152
13.44
13.488
14.152
14.152
14.2
14.248
13.44
14.296
12.664
14.632
14.68
14.248
13.152
15.488
13.152
14.152
15.44
14.152
16.152
14.68
13.32
13.048
13.368
13.176
14.152
16.584
16.632
12.576
13.8
15.528
13.656
14.152
13.224
14.2
13.752
16.92
12.576
14.304
12.912
14.64
14.448
13.44
14.976
13.248
14.544
15.44
14.488
13.568
13.376
14.152
14.68
13.152
14.248
13.2
14.152
13.2
14.2
13.728
12.808
13.152
12.624
13.152
13.68
12.576
15.152
13.52
12.864
13.44
16.152
14.488
13.44
14.152
16.152
12.576
14.152
15.152
14.68
14.488
13.152
14.536
13.144
13.44
14.872
14.44
12.864
13.152
14.152
12.96
15.64
13.2
13.248
15.44
14.44
12.808
16.44
14.296
14.152
16.44
12.624
15.44
14.152
15.488
13.152
14.152
14.2
12.864
15.552
16.56
15.44
12.848
14.336
13.44
13.248
15.216
12.576
16.224
13.152
15.152
14.152
13.04
13.088
16.256
14.152
13.44
15.44
13.328
16.496
14.152
13.44
14.152
14.2
14.152
16.152
14.2
14.248
13.152
14.296
16.32
13.248
14.488
14.256
13.344
14.152
15.44
14.2
13.568
13.2
14.296
13.248
13.296
12.576
13.2
12.624
13.44
13.152
15.68
13.2
13.728
16.656
13.344
12.576
16.44
12.576
14.304
13.152
14.352
16.152
15.72
14.152
13.608
16.152
12.576
13.56
15.768
13.488
12.864
15.44
15.312
14.152
13.2
12.76
15.44
14.488
13.568
12.896
16.544
12.576
13.712
16.152
14.152
14.2
12.864
13.392
14.152
16.56
12.576
13.488
16.44
12.576
14.304
13.44
14.352
16.152
13.56
12.576
16.488
13.656
13.704
15.44
13.752
13.32
13.848
16.056
12.576
13.944
14.152
16.152
14.2
14.248
12.856
14.152
13.44
14.68
15.408
14.488
12.96
13.488
14.152
13.056
15.504
12.576
13.2
14.152
15.152
12.576
13.152
14.544
16.32
14.352
13.488
13.296
14.152
14.152
16.2
12.576
14.544
14.352
15.44
14.4
13.328
14.208
16.256
13.664
14.44
15.872
13.76
13.328
12.576
13.44
14.304
16.368
12.576
16.152
15.504
14.352
12.96
15.488
15.44
14.288
14.152
13.44
14.152
16.44
14.2
16.248
13.176
14.152
16.104
17.352
14.152
13.56
16.248
12.576
15.336
13.704
14.152
15.672
15.24
15.44
13.152
14.152
13.2
14.2
15.44
14.152
12.76
16.44
16.2
14.152
13.44
15.168
14.152
16.416
13.344
14.152
15.64
16.152
14.488
13.56
12.616
13.368
14.344
13.416
14.392
15.384
13.512
13.32
13.368
13.416
12.576
13.464
12.624
13.272
16.2
12.576
13.152
13.152
16.32
15.408
12.576
14.152
13.44
14.2
14.248
13.44
16.248
13.416
13.224
14.152
12.76
16.152
14.248
12.864
14.296
12.912
14.152
16.152
14.2
16.2
12.808
13.44
14.152
14.2
13.152
12.808
16.44
14.152
12.76
13.2
14.44
12.864
12.576
13.392
14.44
16.2
14.152
14.152
16.2
14.248
12.856
13.152
14.152
15.2
14.152
13.152
14.152
13.152
14.68
16.32
15.928
16.848
14.536
14.584
13.192
13
14.728
14.536
15.152
16.16
13.328
14.152
13.856
14.2
13.424
16.112
15.92
14.152
13.152
14.2
16.32
13.248
12.576
16.152
14.488
15.24
14.296
13.152
12.664
16.152
14.152
13
16.488
15.576
15.44
12.608
13.152
13.2
15.408
14.152
14.68
13.44
16.368
12.624
13.296
16.464
14.152
14.2
13.152
13.152
14.152
13.2
16.368
14.152
16.416
13.104
14.152
12.864
12.76
13.632
14.488
16.56
14.536
14.488
14.152
14.2
14.968
14.536
12.904
13.44
14.632
14.2
13.2
16.44
13.608
16.536
14.152
15.864
16.872
15.44
15.96
14.152
15.528
14.2
13.176
14.248
15.496
15.44
14.584
13.088
12.576
13.616
15.024
14.592
15.248
14.64
14.152
14.152
13.152
14.152
15.64
13.44
15.408
13.536
13.152
13.2
15.488
16.368
14.336
16.416
15.504
16.272
15.536
13.152
14.384
12.992
13.488
14.72
16.176
14.768
13.344
14.816
14.864
16.152
12.752
14.152
14.2
12.808
12.864
14.152
14.2
16.2
14.248
15.528
15.496
12.936
14.152
13.2
14.68
13.728
14.248
15.456
12.856
13.824
14.584
13.872
16.56
13.488
14.016
13.584
13.632
14.152
13.2
14.152
13.2
14.2
13.728
14.152
16.656
13.152
13.152
14.152
14.2
12.576
16.152
14.152
16.152
14.152
16.68
14.2
15.288
13.416
13.464
12.576
16.632
12.864
16.272
14.152
15.36
12.76
15.888
12.808
15.696
14.536
14.152
13.248
14.2
16.416
15.688
13.584
14.488
13.44
14.152
16.368
15.456
12.576
14.152
15.152
14.44
12.808
16.152
14.536
12.904
14.632
15.488
13.24
16.496
14.728
13.44
15.44
14.152
13.152
12.76
14.248
13.488
12.616
16.416
13.584
16.512
15.44
14.152
12.76
14.152
16.152
13.32
14.152
13.368
14.2
13.536
13.44
15.44
12.848
16.44
13.152
14.152
13.2
14.2
14.248
12.864
13.2
13.248
16.416
13.344
13.872
13.44
15.648
13.776
12.576
15.984
14.112
12.576
13.68
14.152
15.44
14.152
15.488
12.624
13.152
14.44
12.576
16.44
14.152
16.152
14.2
16.68
12.808
16.008
14.536
16.776
13.224
16.632
14.152
15.24
14.68
13.848
16.776
12.576
13.704
12.576
16.2
14.152
13.44
14.152
15.44
16.152
14.152
14.152
16.152
14.2
13.152
12.808
14.296
14.344
16.2
14.392
13.152
16.32
14.152
13.008
12.76
13.536
14.488
16.464
15.552
13.44
12.624
12.672
14.152
16.152
12.576
13.152
14.152
12.96
12.76
15.648
16.656
13.104
16.152
12.576
13.08
15.768
13.416
12.576
13.224
14.304
16.392
14.832
16.152
14.152
14.152
13.44
14.152
14.152
13.44
12.576
16.2
14.304
13.368
15.792
12.96
16.44
14.688
13.608
14.496
13.104
16.152
13.32
14.152
13.44
13.44
16.608
13.296
14.152
14.152
16.44
14.2
14.248
16.152
12.856
14.584
16.152
14.632
13.8
14.68
14.728
13.152
14.44
14.248
15.488
14.152
13.44
13.248
14.152
13.152
16.152
15.44
12.864
12.912
14.152
12.76
15.488
14.488
14.536
14.584
14.152
16.488
12.576
14.304
14.352
12.864
12.72
13.44
14.448
14.496
12.864
14.544
13.44
15.552
16.368
13.152
14.152
14.2
12.864
14.248
12.624
13.44
14.152
12.76
15.44
13.152
16.32
14.152
13.488
15.696
16.704
15.792
14.152
14.2
16.152
12.808
13.32
14.536
14.584
12.912
14.392
12.76
16.152
12.576
12.864
14.152
13.152
14.2
16.32
15.688
15.408
13.152
14.152
14.2
13.152
12.576
14.304
15.792
14.16
16.44
14.44
16.152
14.152
14.68
16.152
14.488
13.096
16.152
12.904
14.872
13.152
13.2
14.152
13.44
16.368
12.576
15.456
16.464
13.632
14.152
16.8
16.848
13.056
14.152
15.264
13.392
14.152
12.76
16.152
14.488
12.576
14.304
13.44
14.832
13.488
14.64
16.416
12.768
13.344
14.152
13.44
13.152
12.96
14.152
16.368
12.76
13.776
13.44
13.008
16.656
13.44
16.44
15.488
14.576
12.704
13.44
14.44
16.368
14.248
13.776
14.776
16.224
15.544
13.632
14.16
14.152
13.152
14.152
12.76
12.576
13.152
14.152
16.32
15.64
16.152
14.488
13.32
15.736
14.824
13.432
13.48
16.152
13.32
13.368
15.44
14.44
12.912
12.808
13.44
14.296
15.888
14.344
13.296
12.576
13.44
14.152
12.76
14.488
16.152
14.296
14.152
13.152
13.2
14.44
15.168
14.488
14.152
13.44
14.152
16.2
13.368
16.056
14.152
13.152
12.576
15.36
14.152
16.152
14.152
13.44
14.2
16.44
14.152
16.488
14.2
16.296
14.248
14.296
14.344
12.712
14.44
16.44
14.152
13.152
15.44
13.2
13.008
15.44
13.536
13.44
16.368
15.936
13.344
14.152
16.272
14.2
14.248
13.152
16.56
14.152
13.248
13.152
14.152
13.44
12.76
13.248
14.248
16.176
16.152
16.152
14.152
12.864
15.64
15.312
12.808
13.2
14.296
15.44
14.152
13.44
13.248
13.296
16.224
15.792
13.44
14.152
16.848
12.76
13.296
12.576
13.344
13.44
16.368
16.152
13.152
14.152
16.32
14.2
16.368
14.152
14.152
14.2
14.248
16.2
14.296
13.152
14.344
13.68
12.712
16.368
14.68
13.296
14.44
15.448
14.152
12.864
14.44
14.152
14.68
16.152
14.488
13.32
14.296
13.368
14.344
14.392
16.152
12.576
12.864
14.152
13.44
14.2
14.248
15.152
13.152
14.152
13.152
12.576
14.304
13.152
14.152
15.44
14.2
13.328
16.256
14.152
12.76
16.152
14.248
14.296
14.344
12.952
13.44
14.68
13.288
15.016
13.384
15.112
13.44
14.2
15.448
13.44
14.152
12.96
14.152
13.152
14.152
16.152
15.44
13.32
13.488
14.152
15.456
13.584
15.552
16.8
12.576
13.728
14.304
15.936
14.352
13.584
15.44
14.112
13.2
13.248
15.216
14.44
12.808
14.152
14.2
13.152
14.152
12.96
12.76
16.152
12.576
13.152
14.44
16.152
12.808
13.32
15.736
12.576
16.152
15.44
14.152
12.76
14.488
14.536
14.344
16.2
14.392
13.44
14.152
13.008
12.76
15.456
12.808
15.44
14.296
14.344
14.152
16.152
13.08
14.152
16.44
12.576
13.248
14.544
13.776
14.592
13.584
13.152
16.248
13.416
12.576
13.944
14.544
13.752
16.2
14.088
14.152
12.864
14.152
13.392
14.152
13.152
14.2
13.68
15.44
13.568
14.152
13.2
13.248
13.152
12.96
16.368
14.152
15.936
16.464
13.392
15.6
16.368
13.296
16.224
16.992
14.44
13.44
13.968
16.656
15.744
16.752
14.152
13.92
12.76
17.088
14.968
14.016
14.776
16.704
16.264
14.112
14.872
13.68
13.24
13.008
12.576
12.624
13.152
14.352
12.72
16.44
12.624
15.44
14.352
16.688
12.96
14.448
14.256
13.152
15.152
12.576
13.152
14.152
13.152
13.2
13.248
16.656
16.296
16.152
12.576
16.2
12.576
13.488
14.304
16.416
15.488
16.152
15.536
15.24
14.384
16.488
12.752
13.656
14.152
15.864
14.68
13.752
13.2
14.488
13.728
15.936
13.152
14.152
13.44
13.248
12.576
13.776
12.576
15.504
16.752
13.92
16.608
14.016
12.624
13.584
16.752
16.56
14.152
12.76
13.488
12.576
16.44
15.528
13.44
14.152
15.44
13.568
15.44
16.496
13.904
13.472
12.576
13.52
15.44
15.44
14.768
13.808
13.616
14.488
13.184
15.496
13.952
14.152
13.152
14.152
13.2
14.152
16.152
16.152
13.32
14.152
13.848
14.2
16.536
15.864
14.152
16.392
14.2
13.32
14.248
16.488
12.856
16.536
14.584
16.584
14.632
13.752
14.44
13.44
14.488
13.096
14.344
12.712
13.44
14.536
12.912
14.152
13.44
14.68
15.648
13.536
13.344
14.152
14.152
13.2
16.2
14.44
13.488
12.808
13.296
15.504
12.576
16.152
14.304
13.32
14.152
15.768
16.296
14.44
13.224
16.152
14.152
14.2
12.576
15.488
12.624
14.352
14.16
14.208
13.152
13.2
13.248
16.176
13.344
12.576
15.552
14.152
16.56
13.488
15.696
14.44
13.152
13.2
14.44
12.808
14.152
13.152
14.2
16.32
13.488
13.536
16.224
13.632
12.576
12.96
14.304
14.152
16.152
12.76
16.2
14.488
13.152
13.152
14.44
13.68
14.152
13.152
15.44
16.32
13.248
12.576
14.304
14.152
15.44
12.864
14.152
16.488
14.152
13.176
15.44
14.288
13.152
14.152
15.44
16.688
13.376
14.152
14.2
14.248
12.864
14.152
13.632
14.2
16.32
14.248
13.488
12.616
16.656
12.664
14.152
14.2
13.44
14.152
16.152
13.56
12.576
16.44
14.152
12.888
15.576
15.384
13.272
15.44
14.152
12.864
15.312
12.576
15.84
16.368
14.152
12.576
13.152
14.304
13.68
14.44
16.152
16.2
16.248
13.416
14.152
12.984
13.512
15.488
14.336
14.152
13.44
14.2
13.008
12.808
16.416
16.464
12.624
13.632
14.352
12.96
16.152
14.152
13.44
12.76
16.368
12.808
16.176
12.912
14.488
14.536
16.152
14.152
13.2
13.008
14.152
14.2
13.2
14.44
16.368
12.576
14.304
16.152
14.44
15.248
13.616
14.152
12.576
13.152
14.152
16.152
13.32
14.152
16.488
14.152
16.152
16.2
14.44
16.152
14.152
14.152
13.44
15.408
13.296
14.152
16.44
14.2
15.488
16.536
14.152
16.344
12.576
16.152
12.624
14.352
14.4
14.448
13.2
13.728
16.656
12.624
16.464
12.672
13.632
14.16
16.8
13.248
16.416
13.584
13.632
17.04
12.576
13.488
14.256
14.304
13.872
14.152
17.04
12.576
13.488
14.152
17.136
13.824
12.576
12.576
14.152
15.44
13.568
12.896
15.536
12.704
13.152
12.752
15.36
14.48
13.968
14.528
16.176
13.136
13.44
14.152
13.008
13.152
14.152
14.2
12.808
13.488
12.576
12.624
15.152
14.152
13.52
14.2
15.488
12.808
14.536
15.784
14.152
13.44
14.44
14.248
13.152
14.152
13.152
12.76
13.2
15.488
14.152
15.152
12.576
16.16
14.152
16.152
13.152
14.152
14.152
15.152
13.28
14.152
16.448
14.096
13.904
16.832
13.76
14.248
13.808
12.856
16.496
14.584
13.664
14.152
13.232
16.64
14.152
13.152
14.152
14.2
12.864
16.272
14.152
15.36
14.152
13.44
14.44
13.488
14.248
13.152
14.152
16.152
13.56
14.152
14.152
14.2
12.808
16.152
14.536
16.2
13.144
13.192
13.152
15.16
13.2
14.968
15.016
15.064
13.2
12.712
16.152
12.864
14.152
13.44
15.408
12.576
13.296
12.576
16.224
14.304
14.352
14.16
16.152
14.152
16.248
13.656
14.152
13.704
14.68
13.512
12.864
14.152
14.2
13.152
15.44
12.848
13.488
12.912
15.488
13.44
12.656
15.648
14.384
13.44
15.44
12.864
14.248
13.632
12.616
16.56
13.968
13.536
12.576
12.624
12.576
14.44
14.248
12.616
13.152
16.152
15.44
13.152
12.576
14.304
15.44
14.152
13.152
13.44
16.368
14.152
14.152
15.64
12.864
16.512
14.152
14.68
13.152
14.488
15.6
13.096
13.488
15.784
12.912
14.392
13.44
15.44
14.152
13.152
16.152
14.152
13.44
14.152
13.44
14.152
13.488
14.2
13.056
13.584
15.44
16.272
14.288
13.2
13.44
14.152
13.248
14.68
13.488
12.624
13.488
13.056
12.576
14.544
13.2
13.728
15.456
16.464
13.392
13.92
13.152
14.152
16.32
13.248
12.576
14.304
14.152
13.44
13.248
14.152
16.416
15.64
13.344
13.872
13.44
12.576
14.152
13.44
14.152
12.76
14.488
13.152
14.152
14.152
14.68
12.576
13.44
12.624
14.152
12.76
13.152
15.6
16.152
15.488
15.44
14.288
14.336
13.152
12.576
13.536
16.464
13.152
15.488
12.96
14.152
16.44
16.248
14.152
13.176
14.152
16.104
13.512
14.44
17.16
16.488
14.152
12.864
14.152
13.632
14.152
15.36
16.368
14.152
15.456
12.76
13.44
14.248
15.648
12.856
14.584
14.152
12.912
13.44
14.152
16.608
14.2
16.44
13.44
16.2
14.152
15.768
16.536
14.152
12.984
14.152
16.872
13.32
14.088
13.416
12.576
16.584
14.152
16.152
15.44
13.08
13.608
16.536
13.44
14.152
15.168
14.2
16.152
13.32
16.488
13.656
14.152
13.2
15.64
16.152
15.688
14.536
12.864
12.664
16.152
14.872
12.864
14.44
16.272
14.248
13.2
14.152
13.152
16.32
13.488
14.152
16.656
12.76
13.584
16.992
14.152
13.68
14.208
16.416
14.064
13.632
14.4
13.488
13.536
14.152
15.152
14.152
16.16
14.2
13.152
14.248
16.32
12.856
13.488
12.904
14.632
14.68
16.152
14.44
14.152
16.152
14.2
13.08
12.888
14.152
13.44
14.152
13.248
13.152
13.2
15.44
16.152
14.288
14.336
13.152
14.152
12.864
12.576
12.624
14.592
14.4
14.208
14.256
16.152
14.152
12.576
13.44
14.304
16.608
12.576
13.536
12.576
14.544
14.152
13.44
14.2
16.368
13.536
16.464
16.512
14.152
13.488
13.296
14.44
14.248
14.152
13.2
14.2
14.248
13.44
16.368
14.152
12.76
13.152
14.248
13.68
14.296
14.344
13.152
12.952
12.76
16.44
14.248
14.152
13.2
14.152
15.44
14.44
13.152
14.248
12.856
14.584
13.152
14.392
13.2
12.576
14.152
16.152
12.864
16.152
12.576
16.2
14.152
13.608
15.576
15.44
13.464
14.488
16.2
14.152
16.152
12.76
13.32
14.248
14.2
13.44
14.152
13.008
15.64
16.416
15.504
12.576
16.752
14.304
14.152
14.152
14.2
14.152
16.152
14.2
13.152
14.152
13.2
16.152
14.152
13.32
13.152
15.536
15.44
12.576
13.568
13.376
14.152
13.152
14.488
16.44
12.616
13.128
16.536
14.152
13.944
16.44
14.152
14.152
16.2
13.608
16.296
14.152
13.464
13.992
12.576
13.32
14.152
16.152
15.44
13.32
14.288
16.488
14.336
12.936
12.704
14.152
16.152
12.576
13.32
13.2
13.008
15.44
15.216
14.44
15.536
14.152
13.44
13.488
14.152
12.624
12.672
16.152
14.4
14.208
16.152
13.2
14.44
16.608
12.576
16.656
12.624
13.584
14.44
16.032
14.248
13.44
14.2
13.248
12.576
16.416
12.624
12.576
14.304
14.352
13.152
14.152
13.44
16.152
12.576
15.504
13.152
14.152
13.152
14.152
14.68
13.248
14.296
14.152
15.64
14.488
13.2
15.976
13.728
14.584
13.536
14.632
13.584
12.576
16.632
14.152
13.56
12.76
16.488
14.488
13.44
13.096
16.44
14.824
13.44
15.168
14.152
13.776
13.584
13.152
14.152
13.2
12.76
13.152
14.152
13.2
12.76
16.152
14.488
15.48
14.536
16.488
12.904
12.952
14.68
16.2
14.728
13.096
14.584
13.152
14.152
13.2
12.76
16.2
14.152
12.76
14.152
16.152
12.912
14.152
15.64
13.152
14.248
15.44
12.856
13.568
14.584
16.152
14.152
14.152
14.2
14.248
13.152
16.56
13.488
13.536
15.264
13.392
15.152
15.68
16.208
14.152
13.152
12.76
14.488
14.536
14.344
16.152
14.152
13.08
13.608
12.576
16.776
13.704
13.752
13.32
16.728
14.152
13.416
15.864
14.152
13.752
16.68
14.088
14.136
14.184
13.992
14.152
12.76
14.152
14.152
13.152
15.36
13.488
16.896
13.824
15.44
16.752
14.152
16.32
13.248
12.576
15.744
14.352
16.44
12.72
13.44
14.688
14.496
14.544
12.864
16.032
13.632
16.56
13.44
16.152
14.152
13.152
12.576
16.152
14.304
12.912
16.152
14.64
14.688
16.152
16.2
14.536
13.128
16.296
14.152
15.488
12.76
13.616
14.488
12.616
14.152
13.152
16.32
13.488
13.296
16.224
13.152
14.152
15.36
16.368
13.776
14.44
16.464
13.632
13.152
14.152
16.152
14.152
13.08
15.488
13.608
14.2
16.44
13.152
14.2
16.152
14.248
13.152
14.152
16.32
14.152
15.44
13.152
12.576
13.152
14.304
13.2
12.576
12.864
16.272
16.152
15.44
16.2
12.848
13.368
14.576
14.152
16.152
13.152
12.576
15.6
14.152
13.488
14.2
13.44
12.576
14.304
13.152
14.152
16.32
13.008
12.576
13.536
13.344
14.152
12.576
15.504
12.864
12.672
16.272
12.72
14.208
14.256
15.44
12.576
13.152
12.624
14.352
14.4
12.864
14.448
14.256
13.152
14.152
12.96
12.576
13.152
14.152
13.2
14.152
12.912
15.488
16.152
14.152
13.152
12.76
13.2
16.152
12.576
14.304
15.44
12.864
13.392
12.576
16.152
13.56
14.152
15.528
12.576
12.576
12.864
12.624
16.44
14.352
14.4
15.888
14.736
13.152
13.2
14.152
16.44
12.576
13.608
13.176
13.704
14.488
14.296
13.44
16.152
13.32
14.152
14.2
14.248
14.152
14.152
13.152
14.44
14.248
14.296
12.904
13.152
14.632
16.152
13.152
14.152
14.68
16.152
14.152
12.864
13.152
14.152
16.32
14.68
13.008
14.488
13.536
13.344
12.576
12.624
16.152
15.152
14.152
12.864
15.248
14.152
15.44
14.152
12.576
13.152
12.624
16.248
16.152
14.152
12.576
16.152
13.8
14.44
16.488
13.416
16.584
14.472
17.4
17.208
14.152
16.056
12.76
13.464
14.488
16.152
14.296
14.344
13.152
12.712
14.44
16.152
16.152
13.32
13.368
14.152
13.416
14.2
15.44
16.2
12.848
16.152
12.864
14.152
12.76
13.248
14.248
16.176
12.856
16.224
14.344
16.272
12.96
13.488
14.152
15.936
17.184
13.872
17.52
14.208
12.576
13.776
14.304
16.464
14.352
13.632
14.16
13.44
13.248
12.864
13.392
14.152
15.6
13.488
12.576
13.44
14.152
13.44
16.152
13.32
13.2
14.152
16.44
13.368
14.152
13.248
12.576
13.44
14.2
16.368
13.44
13.488
13.584
16.272
13.44
14.536
13.488
14.344
15.936
13.44
14.2
13.488
14.248
13.536
14.296
13.344
16.272
14.152
16.44
14.152
12.76
13.2
14.488
13.728
14.152
13.056
14.68
13.584
16.152
15.488
13.08
13.608
14.152
14.152
14.2
14.248
16.152
12.856
15.48
14.344
13.128
14.872
13.2
13.728
13.296
12.576
13.824
15.792
16.32
14.152
13.968
12.576
16.416
14.304
16.464
13.392
13.152
14.152
14.152
15.64
13.44
14.152
16.488
15.336
14.152
13.224
14.2
13.152
14.152
13.2
16.368
12.576
15.696
14.304
13.344
12.912
14.112
15.84
17.088
14.536
13.536
12.664
14.152
13.44
13.152
14.152
12.864
13.632
14.152
14.2
12.808
12.856
16.152
12.904
14.392
14.2
16.152
13.32
12.576
13.152
15.44
16.32
14.152
13.152
12.576
13.152
15.152
16.44
15.44
13.152
16.32
14.152
14.2
16.152
14.152
13.152
12.76
16.32
14.152
16.368
14.68
13.776
14.488
16.704
16.752
14.152
12.864
14.2
16.44
14.152
13.152
12.576
14.304
12.672
13.152
14.4
15.6
16.368
14.44
16.896
12.864
16.152
14.44
15.152
16.64
12.576
13.328
14.304
15.44
15.152
14.152
13.28
16.688
15.44
16.256
12.848
14.152
13.44
12.76
16.152
13.56
16.008
14.152
13.2
13.728
14.152
16.656
16.44
14.152
13.368
13.176
17.064
12.576
13.992
13.152
14.152
13.2
14.2
16.152
12.576
13.32
16.488
15.488
16.536
14.152
13.152
14.2
14.152
13.248
13.776
13.344
12.576
13.392
14.152
16.56
13.152
14.152
14.2
16.152
13.44
14.152
14.152
14.2
12.864
14.248
12.912
14.152
16.56
15.648
14.152
13.536
12.76
16.944
12.808
15.552
12.616
15.44
14.152
13.328
14.2
12.576
13.152
12.576
14.152
14.68
16.584
14.152
14.152
13.44
14.2
13.536
15.744
13.632
14.152
12.96
15.408
12.624
13.776
14.152
15.504
12.576
12.912
14.304
13.44
15.648
14.152
12.76
14.152
14.2
16.152
13.32
13.848
14.152
13.2
14.68
15.408
12.576
14.304
12.864
14.832
13.632
12.96
14.688
14.496
12.864
13.632
14.152
13.2
13.248
12.576
16.176
12.624
13.104
12.672
14.16
13.152
13.2
12.576
16.152
15.44
12.864
14.152
12.76
12.672
15.152
14.4
14.928
13.296
15.024
14.152
15.44
14.152
13.152
14.152
12.96
14.2
16.368
14.248
15.696
13.152
15.44
13.2
14.152
16.368
14.2
13.536
13.344
13.152
14.152
13.2
16.368
14.152
13.536
13.344
12.912
14.152
13.488
13.296
13.2
16.488
15.44
13.328
15.152
12.576
13.04
15.44
12.576
14.304
15.152
16.4
14.2
13.088
16.736
13.904
14.152
17.072
13.76
14.152
16.688
13.616
14.152
14.144
12.576
13.712
14.152
17.12
16.688
14.152
13.856
13.664
13.472
14.152
13.44
12.76
15.408
14.248
13.44
12.616
13.248
14.344
12.952
13.152
14.152
13.2
13.44
12.576
16.152
14.152
12.76
13.248
14.152
15.488
15.44
12.848
13.2
14.152
15.68
12.864
14.44
12.864
16.512
14.488
13.68
16.608
15.456
13.152
14.152
15.6
14.2
14.248
12.864
13.392
14.152
16.32
14.2
13.152
16.32
14.152
15.408
14.2
13.44
14.152
13.008
14.2
12.808
14.152
13.152
13.2
12.576
16.152
13.44
12.576
16.152
14.152
13.44
14.2
16.368
14.248
13.776
15.736
17.184
13.632
14.152
13.68
12.76
13.728
14.488
12.864
13.392
13.152
14.152
15.64
14.488
14.296
16.152
14.152
13.08
12.76
13.608
14.488
12.576
16.152
14.152
14.152
16.152
12.576
16.2
14.304
13.608
13.416
16.344
14.152
16.152
12.576
13.56
14.152
15.528
12.576
16.44
14.304
14.352
13.152
12.96
14.448
14.256
13.152
16.44
14.152
15.44
14.152
13.44
13.152
14.152
14.44
13.152
16.56
14.208
14.584
15.696
14.392
17.184
16.992
14.44
16.08
12.808
16.128
14.536
13.536
15.064
13.432
13.152
14.92
13.2
14.968
15.736
13.144
15.44
13.192
14.2
12.808
12.624
16.248
14.152
13.152
14.152
16.152
15.72
12.576
14.152
16.152
12.76
15.48
14.488
12.576
13.44
16.368
15.456
13.344
14.152
13.152
14.68
16.32
14.152
16.44
12.76
14.488
16.44
14.296
14.152
12.576
14.152
14.152
14.68
16.152
14.152
16.152
14.2
14.248
13.152
14.152
16.56
13.488
14.152
16.488
13.656
14.152
13.464
15.44
13.512
16.44
12.888
15.44
14.152
13.088
15.44
14.288
15.68
12.576
14.304
13.2
14.352
13.728
14.4
16.488
12.576
16.152
14.152
13.44
14.152
14.2
16.152
13.152
14.152
14.2
12.912
14.248
13.44
14.296
16.368
14.152
13.152
14.152
13.488
12.76
13.44
14.488
12.616
14.344
13.152
14.152
14.152
13.152
14.152
13.68
14.68
14.488
13.44
14.2
13.248
14.248
13.776
13.344
14.152
15.152
13.52
14.152
13.088
13.616
13.44
13.152
14.152
15.64
16.152
13.32
14.152
13.848
12.76
13.152
16.32
12.576
16.152
14.304
14.152
16.152
14.2
14.248
16.152
14.152
13.32
12.76
13.368
12.808
16.776
14.536
13.704
13.144
12.864
14.872
16.152
12.576
13.152
14.152
14.152
12.864
14.152
13.632
13.68
16.368
16.152
14.152
13.32
15.44
13.128
14.152
12.76
14.248
15.2
15.496
12.576
14.152
13.44
12.76
16.152
14.248
15.72
14.296
16.968
12.664
13.416
17.064
16.392
12.576
16.92
14.544
15.528
14.44
13.656
13.224
13.752
13.56
12.624
16.728
13.656
15.488
14.184
13.512
16.44
13.44
13.488
12.864
15.312
14.152
16.32
14.2
15.648
15.448
13.056
14.536
15.984
14.344
14.44
13.152
14.152
12.576
15.488
14.44
15.68
14.152
13.328
13.376
14.152
12.944
15.44
16.352
13.28
13.328
13.136
16.544
16.352
13.28
16.152
12.576
16.44
14.304
13.368
14.152
13.896
14.2
13.464
15.912
15.44
16.92
16.728
14.152
13.656
14.152
13.536
13.344
13.152
14.488
13.2
15.736
13.008
14.152
13.536
12.76
15.744
16.992
14.152
13.44
14.2
13.008
16.416
12.576
14.304
13.44
14.352
13.008
14.16
13.152
14.152
12.96
13.2
14.152
12.864
13.392
14.248
14.152
13.2
13.008
14.152
12.76
13.152
16.152
14.536
13.56
14.344
15.528
13.656
14.152
13.704
12.76
14.536
12.904
13.152
12.576
15.6
14.544
13.968
15.792
12.576
13.152
16.32
12.576
13.488
14.152
16.416
13.584
16.512
13.44
15.888
14.152
16.416
12.576
13.584
14.304
13.2
12.576
13.2
14.544
14.152
13.152
14.2
16.152
14.152
16.152
12.576
13.44
13.248
14.152
14.152
13.2
13.008
15.696
13.824
16.032
13.68
12.576
13.248
14.44
15.456
12.808
14.152
15.64
13.152
15.688
15.36
14.296
13.248
12.664
14.392
14.2
13.152
13.2
15.44
13.008
16.416
15.44
12.864
14.152
14.44
16.152
15.48
13.368
13.416
14.152
12.576
14.544
12.912
16.152
14.4
16.2
14.448
16.248
13.056
14.784
12.864
13.392
15.12
14.448
13.152
12.576
14.304
12.864
13.632
16.248
15.488
14.152
12.864
14.44
16.152
14.248
15.48
12.856
14.584
14.632
13.152
14.68
14.488
14.152
16.44
12.888
14.152
13.44
14.2
14.248
13.44
14.296
13.008
16.416
14.152
12.76
14.488
14.296
12.864
14.344
12.952
14.68
14.248
15.152
13.52
14.152
12.912
12.864
13.488
14.68
16.176
15.688
15.264
14.536
15.152
14.152
14.2
12.576
13.152
14.304
13.44
14.152
15.168
14.68
15.44
13.44
14.68
14.248
14.296
15.152
14.152
13.28
14.2
13.328
16.496
12.576
16.152
15.152
15.2
14.44
13.328
15.152
12.864
14.152
15.44
16.152
14.152
15.152
13.28
14.152
16.448
14.68
13.44
13.248
14.152
16.416
12.76
16.464
12.808
13.872
13.92
16.128
14.152
13.536
15.44
16.464
12.848
12.896
13.44
14.384
12.752
13.2
14.44
13.728
12.576
15.936
13.584
16.272
14.152
15.488
14.152
13.152
14.2
13.152
14.152
13.248
13.296
16.44
14.152
16.488
12.76
13.416
14.488
16.152
15.976
14.824
12.864
13.432
16.6
15.448
13.096
14.824
16.072
14.92
16.152
14.488
13.152
12.576
13.2
14.2
12.864
16.272
14.152
13.68
15.44
16.2
12.624
13.368
16.536
14.2
16.584
12.576
14.304
15.44
14.152
13.088
14.2
13.856
12.576
13.152
14.544
16.32
14.152
13.488
14.2
16.416
12.808
13.584
13.392
15.6
13.248
13.2
14.152
13.248
12.76
13.152
12.576
16.152
12.576
13.152
14.152
15.6
13.968
15.44
14.152
14.152
14.2
13.44
14.152
13.44
14.68
14.248
14.296
14.152
14.2
16.152
14.248
12.864
14.44
13.44
14.152
12.576
15.44
13.152
14.152
15.36
13.488
17.136
13.824
13.872
17.52
12.576
16.128
16.656
13.824
16.512
14.152
13.44
13.248
15.936
15.504
14.152
13.392
14.152
16.56
14.2
16.608
13.536
13.152
14.152
16.56
14.152
13.152
14.152
16.152
14.44
16.2
12.576
13.44
14.304
16.152
14.152
14.68
13.152
16.152
13.32
14.152
14.152
13.44
15.648
14.152
16.176
14.152
16.2
12.888
14.44
14.248
14.152
13.44
14.2
16.152
14.152
15.48
12.76
16.248
13.656
14.152
13.704
12.864
14.44
16.152
12.808
15.72
14.296
13.608
12.904
16.776
14.632
13.944
12.76
13.752
16.152
16.68
14.152
12.76
14.152
14.68
16.2
14.152
16.2
15.44
15.152
16.4
