1.288
1.288
7.576
7.576
7.576
1.288
7.576
15.152
1.34
1.288
15.376
14.44
15.152
14.152
1.54
14.44
15.152
7.152
16.74
7.576
15.44
21.284
1.472
15.56
22.448
7.576
7.152
17.54
16.928
16.728
12.216
14.44
24.54
15.296
23.328
15.152
18.44
7.576
15.44
18.704
21.092
19.728
26.016
18.44
7.576
7.152
18.964
21.44
13.328
15.152
7.916
15.152
7.34
22.728
1.628
7.576
15.44
26.828
14.516
14.504
7.292
13.44
7.152
27.321
7.576
21.728
23.728
13.616
1.516
32.504
19.204
21.992
7.492
7.88
25.78
18.968
1.768
16.156
7.744
21.44
1.288
7.628
13.316
19.728
23.204
30.704
18.728
18.416
7.576
1.604
17.192
1.88
15.668
15.056
14.44
12.644
21.928
13.816
18.728
7.576
14.596
31.016
7.604
21.704
22.728
14.492
25.016
14.228
33.704
16.016
7.576
1.288
22.264
21.652
14.152
13.24
7.828
15.152
15.44
7.576
7.576
1.288
14.244
21.44
7.628
1.288
24.716
7.604
7.576
1.288
21.82
1.288
13.708
20.596
22.084
33.316
13.972
21.76
7.948
27.728
7.576
7.576
16.44
7.576
1.428
18.664
14.152
25.016
22.904
16.728
17.616
7.576
22.016
7.604
1.288
13.44
15.152
1.288
7.576
25.304
28.044
1.288
16.728
7.576
16.44
21.44
1.288
21.44
7.628
27.492
21.44
26.304
1.392
21.584
15.18
14.672
21.44
7.628
14.728
7.616
1.516
7.604
14.44
30.669
14.44
13.557
33.645
13.233
7.152
21.921
27.909
13.44
28.128
12.308
23.728
1.288
21.616
14.44
7.576
14.62
26.016
16.704
21.44
32.88
7.368
1.656
21.44
25.944
7.576
25.171
13.564
16.759
12.152
24.016
15.904
15.152
21.44
15.404
15.392
7.576
14.464
13.852
20.44
7.576
7.576
27.24
18.44
14.728
14.152
12.34
7.576
15.152
25.264
15.74
18.952
22.24
31.228
1.288
30.916
7.576
18.44
1.288
7.628
16.876
14.464
7.576
1.288
12.152
22.728
1.34
21.516
7.328
7.704
1.288
1.288
15.376
7.576
13.564
15.182
21.052
7.37
24.144
7.152
21.732
7.92
21.44
22.008
31.896
21.44
14.152
16.84
16.828
14.44
13.528
12.171
7.732
21.82
20.608
1.288
7.696
14.584
25.672
18.46
7.576
32.164
17.44
24.652
24.34
26.584
8.128
1.672
1.288
7.576
14.62
8.008
13.696
22.384
25.372
24.76
1.288
7.948
22.336
31.592
12.152
7.576
7.152
1.288
29.132
16.576
7.576
21.664
14.728
21.728
1.316
21.44
15.152
16.728
13.152
7.576
7.152
1.288
23.728
1.288
21.676
21.44
7.564
18.584
15.352
21.872
1.54
21.86
15.628
12.616
15.904
7.576
35.164
27.952
21.04
30.928
1.288
14.116
21.304
8.392
7.208
20.728
21.472
32.304
21.44
15.428
15.416
13.44
1.444
29.016
15.232
7.704
20.892
14.152
7.98
32.983
14.544
21.44
15.152
7.576
7.152
26.34
15.528
7.716
14.44
1.288
15.376
17.164
1.288
21.47
7.658
7.152
15.24
24.016
15.828
28.016
25.228
27.304
18.592
15.152
26.84
34.304
21.44
25.028
21.716
15.456
15.152
18.44
15.152
1.34
34.304
15.428
20.216
1.904
26.792
1.58
23.728
21.44
1.516
24.44
15.604
7.628
1.492
35.07
20.958
1.288
21.44
14.476
15.364
15.152
23.84
13.44
19.928
14.628
18.116
25.16
21.44
16.148
22.028
15.236
12.224
7.576
16.728
21.664
1.416
12.152
21.44
15.152
7.576
7.152
21.44
12.24
14.328
21.928
1.288
15.976
19.264
7.552
32.304
15.152
16.728
26.616
25.104
20.44
25.016
21.628
21.728
27.716
12.152
7.576
21.44
12.184
18.772
23.86
21.44
15.152
26.021
7.576
1.288
16.876
1.288
21.44
15.676
7.628
1.288
13.316
14.176
7.308
22.132
21.44
15.728
14.44
17.816
21.928
15.404
30.016
21.004
16.728
13.792
21.816
12.152
14.44
1.528
19.216
17.404
1.492
1.288
22.016
7.604
1.288
21.728
25.636
1.324
14.512
15.44
18.44
7.152
21.728
7.916
15.44
22.004
22.148
1.288
27.836
13.424
34.412
19.728
19.1
15.44
21.488
22.928
28.916
34.592
7.604
21.68
38.492
13.868
2.18
16.268
7.576
2.456
21.44
17.3
21.488
7.576
20.276
21.44
14.44
13.184
15.628
15.316
7.576
21.964
7.576
18.664
21.952
12.152
14.44
15.152
21.44
28.304
15.152
14.24
31.304
1.628
7.616
7.576
14.152
22.264
7.852
27.304
7.84
1.492
21.628
15.58
7.816
14.704
15.424
8.092
15.412
22.48
7.6
21.44
26.728
15.016
7.204
22.044
15.152
7.576
26.464
15.152
15.296
13.44
23.928
16.728
7.576
1.288
7.152
17.64
32.592
14.328
20.58
7.152
1.44
7.576
1.288
21.064
15.376
13.252
16.864
7.84
1.552
15.94
21.44
15.152
15.728
13.44
7.576
15.152
1.34
13.44
21.728
1.288
21.716
14.176
7.604
13.44
21.528
16.728
26.616
8.004
16.728
19.092
15.44
21.336
7.152
8.424
21.24
30.912
1.288
24.304
7.576
15.728
14.44
1.316
7.576
7.576
7.576
12.152
7.34
21.44
24.128
21.716
7.904
20.728
21.616
7.576
1.288
15.376
21.44
21.44
21.44
21.584
1.288
19.876
16.728
7.576
1.416
21.44
15.804
21.492
22.728
15.152
7.576
7.34
21.964
14.44
13.44
12.184
14.272
16.96
7.576
7.576
21.064
7.152
21.44
7.152
15.24
7.152
7.576
15.44
15.428
15.44
7.576
15.428
1.616
7.576
15.404
18.664
30.352
22.084
7.672
28.06
23.548
27.728
25.016
21.44
15.152
1.34
13.184
31.472
1.288
21.728
1.288
21.016
12.376
21.604
1.564
14.692
14.44
7.576
21.664
17.172
7.576
7.152
13.564
15.24
29.016
1.428
24.504
20.892
22.38
23.868
15.152
15.152
15.152
1.344
20.728
19.728
7.152
32.392
24.44
1.288
15.376
18.964
25.016
15.652
20.728
14.44
21.728
7.316
7.576
18.728
15.416
14.728
17.44
1.528
21.44
7.628
16.44
7.616
24.228
7.604
7.416
7.152
7.576
21.664
23.152
13.54
13.528
1.288
21.728
15.152
7.616
1.34
25.304
22.016
13.304
20.792
15.152
13.44
15.152
21.44
18.728
28.016
21.44
7.576
1.288
21.44
35.228
24.44
1.288
23.728
15.152
7.672
25.016
22.06
15.404
14.792
21.016
32.304
15.604
14.44
15.328
7.576
7.516
21.664
7.576
15.152
1.288
1.288
15.676
1.564
20.728
16.728
7.576
21.064
14.728
7.852
14.44
7.576
16.728
30.016
12.216
7.804
15.204
21.016
20.44
24.592
15.152
14.44
7.828
7.152
7.816
26.404
28.492
1.344
22.18
7.332
21.868
15.42
25.456
15.152
21.44
26.384
21.44
1.288
29.476
21.728
14.764
14.452
1.84
12.928
15.728
19.916
18.44
7.628
21.116
14.152
12.34
1.288
13.152
20.44
7.576
15.152
16.728
15.216
13.44
23.728
29.628
1.288
30.216
15.676
1.564
12.352
7.576
15.64
15.628
15.316
19.028
7.576
16.832
1.52
7.576
15.908
26.396
7.576
15.884
27.728
15.872
26.016
28.304
21.44
34.628
37.88
12.152
25.016
15.152
22.928
1.34
13.616
21.704
15.152
7.576
18.728
15.416
12.404
21.092
1.288
14.516
21.544
13.152
14.44
21.728
22.016
7.576
15.44
13.44
1.288
7.152
27.728
31.316
1.288
25.016
20.44
15.152
24.016
25.504
14.44
15.152
7.576
26.592
18.44
15.18
13.628
1.368
21.728
17.556
21.872
25.592
21.86
20.948
13.44
1.288
15.676
7.576
17.728
7.576
7.576
16.728
21.732
1.288
34.32
22.876
14.508
21.364
7.596
21.952
7.584
12.34
13.44
27.028
7.728
1.516
13.444
15.904
35.632
15.892
22.12
2.08
8.008
27.268
28.096
14.44
22.228
1.288
21.616
18.976
7.804
12.364
7.792
21.652
27.88
25.168
15.152
20.812
1.288
21.7
22.288
15.194
21.44
7.576
13.264
15.44
21.759
14.152
15.152
7.34
1.328
7.576
1.316
15.728
13.44
15.152
28.304
18.728
7.592
15.416
21.68
24.104
17.948
21.44
14.636
15.524
7.576
7.576
1.288
1.288
30.016
7.152
20.692
30.704
13.44
7.576
21.44
18.728
13.152
15.152
1.34
15.152
21.44
33.592
1.344
7.576
16.032
21.664
17.82
7.576
1.608
22.864
23.752
1.288
20.74
15.152
8.284
17.728
23.872
1.288
8.26
22.348
15.152
26.24
15.152
13.44
16.94
14.628
23.316
7.152
22.404
1.288
7.992
26.016
25.104
18.44
15.516
15.204
1.392
21.728
21.44
13.347
25.016
1.288
35.88
21.468
1.288
7.576
16.876
21.964
17.152
7.576
1.84
21.664
17.128
14.716
16.204
13.152
23.092
13.152
1.288
28.576
1.564
15.952
26.74
19.228
7.576
15.916
21.664
1.504
13.552
20.596
1.288
21.484
1.288
15.676
15.664
25.016
1.552
14.74
7.576
7.576
7.576
26.464
15.152
21.44
24.44
18.728
16.916
7.576
21.404
7.592
1.288
15.152
7.576
13.564
15.152
18.74
7.576
13.152
22.016
21.104
1.288
21.692
24.447
14.152
20.535
26.028
7.576
28.016
21.704
7.152
21.44
21.84
23.928
7.576
7.576
24.016
7.576
1.288
16.728
1.288
21.44
15.152
14.54
16.728
7.576
15.152
14.44
7.828
21.916
15.728
19.016
7.632
15.152
7.576
15.152
16.728
7.576
1.288
1.288
23.728
1.516
21.728
16.504
22.916
15.892
7.904
7.48
13.152
1.768
16.156
32.344
28.304
7.152
13.152
7.576
23.728
1.288
7.276
1.288
22.016
7.576
20.96
1.564
7.576
15.44
34.735
22.728
15.152
16.44
15.228
7.576
26.728
21.964
14.152
21.44
15.34
13.628
1.528
22.316
30.104
15.772
7.892
15.76
31.28
8.168
22.556
22.244
7.988
21.476
7.576
15.44
21.728
24.592
7.576
19.728
7.416
1.404
14.292
7.576
1.38
24.304
31.192
1.288
7.576
7.576
7.576
16.44
1.428
32.304
13.392
7.152
7.98
7.152
14.496
26.304
7.284
7.692
20.58
14.44
21.44
25.016
16.004
15.992
21.44
12.152
7.628
1.288
24.592
23.304
7.576
22.728
1.288
28.016
16.876
7.632
1.288
1.288
7.576
12.152
21.44
7.628
1.288
7.152
7.576
18.44
30.128
21.716
27.728
26.304
7.616
16.992
1.68
20.728
1.288
12.152
15.258
1.446
7.576
1.288
20.464
15.976
1.288
27.304
7.792
14.68
21.868
14.152
32.956
14.944
21.532
21.44
15.152
1.34
27.728
21.44
1.288
16.728
13.44
14.628
15.152
7.716
22.104
21.792
22.38
16.728
13.668
22.356
22.2
33.304
7.576
1.288
20.44
15.376
15.152
20.24
7.628
7.152
15.152
7.576
15.152
30.628
15.44
7.576
34.592
7.576
7.576
7.152
21.664
16.74
22.728
20.016
13.44
15.204
7.576
16.44
21.44
18.728
23.884
13.44
7.152
24.016
14.44
1.288
1.288
7.576
15.376
21.44
1.288
26.304
21.948
21.44
20.528
1.288
23.728
13.516
16.728
21.44
18.44
23.828
7.616
12.152
13.152
15.152
18.728
13.484
22.728
13.416
12.152
14.904
21.792
29.88
7.668
21.756
13.152
21.54
21.728
16.76
7.576
20.464
16.928
15.416
21.44
23.804
21.44
15.152
24.74
24.728
15.572
15.56
7.576
20.764
7.852
21.94
1.288
32.728
1.288
14.272
1.288
7.152
22.016
14.44
18.704
12.328
18.692
22.216
17.104
16.492
21.44
2.08
27.568
1.756
25.016
14.644
1.288
21.44
16.928
27.304
15.416
17.804
32.304
21.392
12.98
21.44
12.368
20.728
7.816
15.152
21.904
12.152
7.576
16.728
15.816
1.288
7.576
21.664
20.752
21.44
15.44
15.428
7.576
7.152
20.464
15.24
7.852
21.64
1.288
13.44
7.576
15.152
21.964
7.852
15.152
19.24
8.128
18.616
21.44
15.152
22.028
21.44
13.628
7.916
15.544
12.232
15.52
21.44
1.408
31.304
15.152
24.092
35.683
13.736
15.571
13.724
26.059
22.112
29.3
14.44
13.44
7.728
21.44
15.152
34.592
36.88
13.58
1.468
19.756
26.016
1.288
15.152
7.152
15.152
1.288
13.44
7.576
7.576
15.728
7.576
26.216
18.104
14.192
21.44
15.98
12.368
1.556
15.644
13.44
21.528
22.804
16.728
7.576
15.152
21.44
15.44
24.592
21.728
1.48
24.716
13.152
15.152
7.74
24.228
14.152
13.716
21.504
7.692
13.152
20.94
21.828
8.016
15.152
21.44
7.34
25.328
15.152
27.44
14.828
7.576
21.664
16.732
21.652
33.34
13.228
21.44
13.628
16.728
28.172
24.816
32.66
1.704
7.748
15.492
20.728
7.38
14.568
14.44
27.928
15.152
7.576
1.288
24.44
12.152
21.728
15.152
7.576
15.152
13.42
22.108
7.696
24.016
15.604
7.576
7.152
21.44
7.152
15.728
7.576
1.288
21.664
18.976
16.564
1.552
7.576
21.664
1.288
21.652
26.728
15.152
29.016
15.447
34.704
14.44
30.016
26.016
7.576
7.576
20.944
21.532
7.72
19.108
15.152
21.796
20.884
23.728
15.596
7.816
16.784
15.152
13.44
27.528
26.592
28.116
24.18
19.104
15.168
7.692
1.356
21.44
7.628
7.616
21.728
7.152
7.576
13.564
7.852
18.94
1.288
1.288
21.44
19.876
13.152
7.74
7.152
21.828
1.44
1.428
28.016
15.516
28.016
29.904
7.604
31.016
15.44
23.204
21.016
21.692
13.58
16.732
21.968
1.42
21.728
23.728
21.44
7.576
13.564
23.783
13.552
1.288
15.976
1.288
1.288
19.876
18.44
1.564
21.728
17.152
16.84
1.444
1.288
7.576
1.288
7.576
15.676
15.44
26.828
21.44
7.628
24.44
17.44
15.328
7.576
7.516
20.764
1.804
26.992
1.288
7.576
14.728
21.664
14.44
13.528
22.216
32.704
7.576
25.016
22.728
7.716
21.804
15.152
7.576
1.34
22.216
16.44
18.304
21.44
1.288
13.44
26.016
23.304
32.304
7.576
21.44
1.328
29.732
15.44
31.016
21.44
1.288
18.304
7.576
27.964
1.288
16.616
15.26
21.44
30.428
18.728
20.44
13.528
21.728
7.816
1.316
15.404
7.96
12.392
13.948
1.58
30.736
15.668
8.524
15.656
14.212
1.844
8.5
13.44
1.288
14.476
32.304
14.152
16.872
22.016
15.36
21.704
14.492
21.728
7.88
7.868
7.856
1.288
21.44
30.016
1.288
15.376
21.728
15.364
13.44
14.152
7.576
17.44
38.128
28.304
1.816
25.016
1.804
24.704
14.152
21.992
15.64
13.88
7.228
7.576
30.064
1.288
15.376
7.576
21.44
13.328
14.816
15.44
7.904
13.292
7.58
15.152
7.576
25.016
21.44
32.528
7.616
15.44
7.328
7.576
21.964
15.152
7.152
15.44
21.128
1.288
7.272
26.16
7.576
13.564
19.728
21.44
18.728
14.152
7.152
21.728
16.74
16.804
21.728
14.692
15.88
24.592
20.98
12.152
7.768
15.44
12.428
21.44
1.316
14.44
7.576
15.328
24.44
22.028
13.316
13.152
1.288
21.44
17.032
22.016
21.104
15.152
16.728
20.728
16.716
1.404
7.632
12.492
17.28
14.44
15.468
21.033
14.44
15.44
7.828
15.152
21.44
12.152
15.296
7.576
26.084
18.872
7.576
7.576
21.82
21.508
1.288
12.416
7.576
15.495
21.664
17.728
17.44
7.576
15.728
21.44
1.288
7.576
18.728
7.576
15.716
7.576
14.204
21.664
1.592
22.252
15.68
33.34
15.668
22.228
21.616
8.704
14.152
25.016
24.44
1.288
31.628
1.432
15.44
21.44
7.152
21.44
18.884
23.372
21.44
16.44
7.628
15.528
14.816
1.288
23.804
27.728
1.288
7.152
15.44
15.428
22.016
15.728
7.316
20.728
21.616
7.576
1.288
12.376
14.44
7.564
15.652
7.576
15.64
21.44
1.528
18.44
16.972
15.46
1.348
21.44
23.728
14.44
1.516
1.504
7.152
28.016
7.604
1.288
21.692
17.476
21.68
15.364
27.668
15.152
12.152
7.632
21.44
26.728
34.328
24.916
7.152
14.44
1.288
21.628
14.176
7.816
13.504
20.44
16.44
21.928
23.628
29.116
14.152
18.444
7.632
15.44
1.288
21.44
16.728
14.528
28.116
7.616
7.604
16.728
16.728
21.216
24.44
12.204
13.44
1.288
7.728
26.176
12.364
15.652
7.24
18.44
13.628
15.152
7.34
1.628
21.44
15.716
18.728
30.416
13.304
14.44
8.192
7.58
15.152
20.728
7.816
7.804
1.288
7.792
14.152
15.308
21.44
18.704
16.44
1.288
32.404
15.152
21.44
16.94
1.628
17.216
15.88
21.728
15.152
12.44
12.428
37.316
13.44
1.904
27.304
17.048
14.936
35.624
2.012
21.016
1.7
12.188
1.376
14.564
7.576
7.152
22.016
20.504
18.728
16.916
16.728
14.44
21.728
15.716
7.576
1.288
27.728
14.728
14.416
15.604
1.792
15.152
7.34
13.44
17.828
20.44
24.028
21.916
21.904
20.992
13.78
15.152
7.644
15.152
1.34
15.428
34.616
13.152
21.54
7.152
15.54
21.228
21.508
15.44
21.44
23.304
1.392
26.28
1.288
1.288
15.376
13.44
17.164
30.016
1.852
1.288
21.496
21.232
1.42
7.152
16.728
13.44
1.416
30.016
1.288
7.804
25.276
13.792
15.152
23.728
7.576
20.764
22.552
1.288
22.24
16.876
21.928
24.364
13.816
16.552
23.44
13.44
21.44
25.128
15.428
7.716
1.616
14.804
15.992
7.576
13.264
12.428
21.44
21.44
16.728
7.628
7.616
16.44
21.016
7.804
15.728
24.716
21.44
21.44
21.44
14.44
15.68
23.728
18.44
7.152
28.328
15.152
15.74
7.576
1.328
13.44
22.128
1.288
1.288
23.476
15.364
7.576
33.595
30.016
21.44
1.444
15.832
7.576
15.52
7.408
13.496
21.584
15.152
22.016
18.44
14.528
1.288
21.716
21.104
31.592
1.288
21.44
21.532
7.576
14.728
13.264
20.452
14.44
18.44
17.016
1.404
1.288
15.152
7.576
23.728
18.44
1.516
7.504
20.728
25.016
15.152
21.704
15.152
23.648
15.152
18.44
25.34
21.44
15.44
21.44
7.576
21.664
25.552
15.152
28.94
7.576
15.728
14.516
7.576
12.404
15.728
21.44
27.428
14.728
20.516
7.604
1.288
23.792
1.288
18.44
15.152
13.44
13.152
21.859
21.547
23.728
23.728
25.016
7.604
1.288
7.576
18.664
14.752
21.34
1.288
16.728
7.576
26.916
19.728
13.44
15.728
25.316
22.728
14.44
16.728
21.44
35.608
17.016
13.696
12.208
1.288
30.359
15.976
26.728
7.576
22.264
28.016
7.852
7.152
21.94
17.64
7.828
21.616
13.204
15.44
27.892
8.08
14.728
25.468
22.156
23.728
19.444
1.288
23.032
35.32
7.152
8.008
21.796
22.384
23.728
12.316
15.604
17.092
19.18
14.668
7.576
16.156
22.016
13.559
24.016
20.728
20.44
14.152
7.576
31.304
20.728
15.152
13.44
1.288
14.776
7.24
24.44
23.728
27.428
1.516
7.616
14.44
15.728
18.628
23.516
7.816
15.152
25.016
23.84
15.152
13.44
7.728
19.728
21.816
7.416
8.004
25.692
21.728
7.576
7.576
15.44
20.464
15.152
14.44
15.728
7.576
15.152
21.44
12.44
1.628
22.728
17.816
15.404
21.692
15.152
7.576
15.74
7.72
7.152
21.508
7.152
20.596
15.152
22.984
24.547
7.576
13.264
15.152
27.728
22.728
7.576
23.916
15.66
15.648
21.444
1.836
13.332
7.92
21.44
17.728
12.152
16.04
1.328
12.152
17.016
7.576
1.288
15.44
20.44
12.428
14.216
21.484
12.152
7.152
21.44
37.88
30.728
21.728
13.152
7.74
21.828
7.152
21.816
26.94
8.004
1.728
21.492
1.872
7.26
21.016
7.248
15.336
20.124
14.44
15.612
12.3
7.576
15.152
18.44
7.628
21.071
15.359
1.288
21.44
15.44
13.44
21.528
1.288
15.152
25.04
12.428
7.576
19.916
7.576
13.152
1.288
23.94
7.276
7.728
24.016
13.44
20.728
22.016
7.152
15.24
26.928
7.576
15.516
22.264
14.904
7.852
25.392
18.728
16.916
7.604
22.016
1.592
18.704
15.68
20.792
12.668
26.456
15.644
1.288
18.976
7.576
15.44
1.328
1.316
21.44
15.704
7.576
13.44
16.728
7.576
18.304
14.208
20.728
15.258
1.446
15.534
18.44
14.44
31.328
23.304
14.592
15.88
26.728
7.576
1.516
13.264
1.504
20.728
1.288
7.576
7.576
1.288
16.576
21.44
15.44
7.184
14.44
15.572
18.628
15.26
30.616
18.848
15.236
7.576
15.152
21.44
14.54
22.028
1.628
13.316
27.116
23.204
7.304
13.592
14.792
1.58
25.268
32.592
27.056
21.644
14.732
1.82
21.608
14.44
15.152
7.828
32.716
7.804
17.504
14.152
14.152
13.44
21.528
13.152
25.828
15.152
7.576
7.576
25.016
31.304
21.44
14.44
21.628
25.016
26.172
13.44
14.46
21.648
7.236
7.576
20.728
1.288
15.152
13.152
1.34
12.152
1.34
20.44
7.828
1.288
26.116
12.676
15.152
7.576
21.664
21.44
15.783
15.728
21.116
7.576
13.564
21.652
7.576
21.44
13.628
14.516
25.304
14.44
16.728
26.916
7.576
14.604
24.44
13.628
15.152
1.34
31.492
25.328
21.58
22.168
8.056
7.744
29.416
34.804
7.576
21.44
16.728
25.016
21.86
13.152
24.54
18.728
7.728
16.016
26.316
15.704
8.004
1.592
13.992
16.58
22.08
8.268
7.956
7.152
7.644
20.832
16.728
18.44
21.44
30.128
24.716
21.728
30.116
7.904
34.316
21.596
21.44
27.004
21.44
7.152
21.44
1.288
21.44
22.928
21.716
15.516
31.304
13.892
15.44
21.68
21.368
15.728
15.416
34.592
12.152
21.68
15.152
22.016
22.004
7.892
18.98
15.152
21.968
17.44
7.576
16.528
12.772
26.016
13.44
14.152
7.576
21.364
28.304
15.392
28.304
15.728
21.44
13.152
23.468
15.656
22.016
1.544
15.632
7.576
21.62
7.576
13.564
14.728
20.752
13.54
1.288
22.94
21.728
1.288
18.716
15.152
23.304
15.152
30.944
1.34
15.152
21.44
7.228
21.44
31.628
1.288
35.88
16.876
7.668
25.356
1.288
22.044
15.676
7.788
15.364
24.352
15.64
17.428
1.516
15.604
13.152
23.392
15.88
7.576
1.768
13.44
15.152
20.728
16.44
24.44
7.152
21.728
20.516
15.152
22.292
15.152
33.592
1.288
7.576
16.876
1.288
20.44
15.376
1.564
15.352
7.396
20.704
24.292
31.14
16.016
7.728
7.152
12.24
15.528
15.216
15.804
26.172
19.728
7.576
24.216
12.34
7.632
21.44
15.152
7.628
1.288
28.316
17.476
22.004
33.064
7.592
14.48
21.968
15.152
26.016
15.296
30.016
15.182
7.804
1.37
28.192
16.058
8.08
7.576
20.62
7.576
1.288
19.876
24.304
17.44
1.528
1.516
7.204
15.44
13.44
15.152
21.228
15.152
25.192
14.152
28.24
7.576
1.288
20.728
14.716
23.104
1.288
14.44
7.828
1.288
21.916
21.676
20.704
15.664
21.892
15.152
7.34
1.628
35.216
14.804
7.576
1.892
34.592
15.152
15.884
14.44
18.628
23.728
15.152
21.44
1.288
12.376
26.016
13.44
7.728
18.816
7.704
21.492
1.288
15.376
29.016
17.164
14.452
22.016
13.304
23.304
34.692
16.728
7.68
7.416
19.728
7.576
15.152
21.664
1.34
28.928
32.304
15.44
7.576
25.628
14.464
13.252
1.288
21.44
14.44
25.228
22.016
7.604
18.44
16.44
7.628
28.728
21.44
1.288
21.844
21.44
7.432
14.528
12.52
1.708
14.896
1.984
13.372
8.26
25.348
2.536
13.44
17.224
7.576
7.312
21.664
21.652
1.288
25.016
14.44
16.496
15.284
7.576
15.272
18.86
7.732
22.42
22.408
7.576
1.288
21.676
12.364
32.321
7.709
15.728
26.216
18.44
12.152
17.096
1.784
16.472
22.016
21.704
7.592
7.576
15.152
21.44
1.288
15.376
7.264
15.152
30.88
15.44
21.44
21.44
15.152
25.028
14.728
1.516
7.504
24.292
22.069
15.28
15.152
27.304
7.792
1.288
15.676
7.152
21.728
35.88
15.416
26.268
1.604
13.44
15.692
21.528
17.48
13.716
15.968
7.704
15.056
21.492
18.944
7.98
2.132
19.068
16.22
21.756
2.408
18.744
2.096
7.932
29.084
24.572
1.46
13.44
7.576
15.228
13.564
1.288
7.152
15.544
1.288
18.44
1.288
15.376
21.44
15.152
13.152
1.288
23.776
1.564
22.016
15.652
22.728
28.84
30.016
7.152
22.204
24.592
8.08
1.288
22.168
15.152
7.756
1.34
16.928
21.44
22.328
15.152
15.152
22.758
21.44
15.152
7.576
12.152
22.016
20.44
21.44
16.44
7.428
15.816
15.44
22.016
1.288
34.604
7.576
25.36
7.576
15.152
21.016
13.532
21.92
15.728
14.516
14.204
23.728
15.152
1.34
21.44
29.016
15.152
22.172
1.288
7.76
16.876
25.448
21.104
25.436
21.381
1.288
1.288
7.576
7.152
7.152
22.728
15.54
13.716
17.328
13.404
14.892
21.18
13.44
7.728
13.416
20.016
21.804
26.904
20.892
1.392
7.98
15.728
14.44
16.728
18.628
13.816
21.004
7.792
15.152
21.44
32.828
15.44
7.328
15.416
7.576
22.264
15.728
7.316
23.804
13.44
7.576
1.288
12.152
17.54
14.44
1.328
21.628
7.316
26.204
7.576
14.492
25.28
7.576
26.164
15.152
7.576
13.44
13.152
7.152
1.44
21.016
14.704
19.784
13.792
24.016
21.728
1.504
1.288
7.576
25.02
1.288
15.376
15.364
1.288
7.276
15.664
20.44
15.152
21.44
16.44
26.728
36.935
7.576
16.823
1.288
15.376
16.864
13.44
1.288
20.928
15.152
21.816
31.704
19.728
7.576
15.372
7.26
21.44
14.44
14.44
21.928
13.672
16.728
21.46
7.648
7.152
1.288
13.152
12.152
7.576
28.34
20.464
7.852
15.152
24.304
27.892
20.98
1.288
7.768
14.476
34.756
7.152
1.288
7.576
21.076
26.164
1.288
7.576
26.592
7.576
24.304
1.288
7.644
15.976
14.532
23.764
7.92
14.808
8.196
22.284
18.972
8.16
15.152
8.148
21.44
25.536
1.328
31.524
24.612
21.9
15.152
7.788
12.74
30.016
13.44
26.028
15.152
13.716
20.728
1.288
25.276
24.44
24.064
7.708
15.496
21.184
20.44
1.672
7.576
14.86
27.964
7.152
7.576
7.576
15.732
32.764
15.42
1.288
15.152
13.44
1.34
25.016
15.316
15.304
27.016
7.492
29.072
33.58
13.44
22.128
14.728
21.44
7.576
14.152
7.576
7.24
7.576
21.328
23.764
31.552
1.288
15.152
1.34
1.328
21.44
12.152
21.44
30.128
20.728
1.288
7.816
15.152
21.904
21.44
14.44
26.058
1.288
15.676
13.716
1.288
21.44
31.304
1.288
21.992
23.78
23.728
7.868
21.956
1.288
15.676
7.264
1.552
15.64
15.628
22.016
24.44
15.152
15.44
26.528
13.152
20.216
30.08
24.104
15.728
35.88
7.308
21.168
1.296
21.44
31.028
15.152
21.716
21.704
21.016
15.604
7.576
17.992
15.58
7.576
26.968
17.056
21.496
1.288
16.876
15.664
12.352
13.44
7.152
14.94
16.728
7.576
23.916
31.304
7.404
22.292
1.692
1.38
18.44
7.576
15.152
27.364
21.44
7.152
14.44
12.152
15.44
1.288
7.576
1.288
15.676
23.164
24.016
21.44
30.171
1.288
7.659
26.735
18.44
15.923
24.311
7.576
7.499
13.44
1.487
14.444
15.152
35.016
7.704
13.44
1.288
7.728
15.376
1.564
13.44
7.728
15.152
25.116
14.44
15.928
15.616
24.004
7.576
23.728
23.164
13.252
18.728
1.316
31.304
7.304
1.288
17.044
7.576
15.532
32.464
7.42
1.708
7.576
24.496
27.664
17.584
20.459
14.572
26.033
20.44
31.428
7.152
1.44
16.728
7.576
15.152
7.576
1.34
15.428
16.616
34.88
12.404
1.592
14.44
7.576
20.016
24.664
21.952
1.288
13.84
15.152
7.828
1.496
7.816
21.904
23.992
1.288
35.38
15.676
21.844
1.288
15.376
24.016
13.152
21.928
7.816
27.604
14.728
21.892
15.616
7.576
1.288
31.046
7.276
22.728
22.016
13.304
7.892
19.884
21.44
22.028
17.016
1.404
23.304
7.576
7.152
15.54
1.428
14.745
21.44
7.152
30.016
7.96
16.481
1.469
12.557
14.152
21.44
22.928
12.152
22.016
1.34
14.504
21.692
21.44
14.728
21.44
1.328
15.416
7.576
20.204
7.592
21.44
1.88
21.44
15.068
15.056
15.944
12.632
13.152
22.14
1.444
31.016
15.152
15.152
7.152
31.88
28.74
1.288
22.016
15.495
15.208
12.152
13.44
14.44
7.576
14.464
1.288
18.44
1.288
1.288
25.016
13.44
16.728
26.528
31.016
15.44
1.288
15.44
13.44
1.288
22.016
26.016
7.576
1.404
28.992
28.016
25.38
1.668
15.756
15.744
27.332
1.332
21.44
7.576
7.152
1.44
14.44
15.152
21.628
7.34
13.816
24.128
13.504
17.516
23.992
17.44
1.528
26.016
32.904
18.44
30.304
23.728
24.448
24.316
21.136
21.724
1.288
24.44
30.128
7.152
32.304
17.64
25.016
22.728
7.576
1.288
21.664
13.852
35.74
8.284
8.272
26.86
7.152
8.548
8.536
7.152
24.424
23.512
23.2
24.688
13.576
1.288
21.964
15.544
12.532
7.576
16.44
13.564
1.428
13.552
21.216
7.576
1.288
28.876
1.564
21.44
13.328
7.916
19.004
21.728
26.792
21.68
1.288
26.016
1.288
7.704
27.076
30.064
28.132
16.252
20.92
21.508
28.096
27.304
26.016
13.152
15.44
7.74
16.844
15.332
24.016
19.804
21.44
13.44
30.016
16.44
14.704
21.828
7.792
13.44
1.288
7.728
15.152
18.44
14.516
15.928
7.576
25.516
21.664
13.152
7.152
21.54
14.152
20.728
1.288
13.216
15.232
7.804
16.44
21.892
7.152
17.44
15.328
13.44
16.216
15.004
7.884
18.972
27.96
13.848
12.152
27.936
13.524
14.152
21.312
15.152
27.6
7.788
32.076
14.152
28.164
16.728
7.752
32.304
13.152
15.152
7.576
20.44
15.152
1.34
7.328
17.44
7.576
1.528
27.304
15.172
16.728
7.576
7.72
26.608
7.696
1.288
15.376
26.016
7.576
21.664
34.552
7.152
7.84
23.728
1.288
20.728
15.376
13.44
26.592
7.728
7.152
21.44
15.24
7.576
21.44
15.152
15.152
15.44
21.128
22.804
20.992
23.728
8.08
19.168
26.016
23.056
23.2
27.688
15.728
22.276
9.364
1.288
23.152
27.64
15.328
1.288
14.716
1.288
7.576
25.016
7.76
25.448
24.304
1.288
7.792
22.18
22.168
15.44
22.156
13.444
13.44
15.152
21.528
13.44
19.728
7.576
15.728
1.316
21.859
1.288
1.288
23.728
15.376
22.816
1.288
15.376
21.44
1.288
7.576
15.152
7.152
7.208
25.032
19.728
7.576
22.116
21.44
26.204
32.528
25.616
18.728
21.44
15.416
22.728
1.604
15.692
21.44
14.528
1.436
15.824
13.44
21.812
27.2
15.152
15.152
20.728
7.152
21.616
1.44
23.128
23.728
21.616
1.516
13.804
19.204
1.492
13.44
16.78
13.152
7.74
1.288
7.576
16.876
13.152
7.576
26.828
13.564
25.016
15.152
7.604
15.152
23.492
22.728
24.68
14.44
1.288
37.987
21.759
1.288
13.596
31.284
15.44
23.728
21.44
13.328
18.716
15.152
15.152
13.44
21.44
7.576
12.428
14.728
16.816
7.576
21.016
7.576
1.288
12.376
21.44
1.288
30.128
7.616
15.728
1.288
15.152
12.44
28.928
27.044
7.832
14.44
15.02
1.528
26.708
8.096
1.288
7.576
21.076
20.764
12.364
15.152
21.44
26.016
20.44
28.728
16.44
32.928
15.152
7.576
7.152
7.576
21.728
21.016
21.716
15.604
7.576
28.016
16.904
21.44
15.692
25.436
7.576
7.424
15.212
21.44
7.644
19.928
13.332
15.716
21.44
1.288
26.228
7.576
21.44
21.44
16.728
7.628
16.872
21.716
7.732
1.288
13.44
21.528
15.152
32.616
1.34
1.328
1.316
13.44
7.304
1.592
7.576
21.44
7.576
15.152
17.24
25.016
15.152
22.004
21.44
15.152
13.328
1.288
28.316
22.004
29.592
21.44
1.288
12.376
21.44
15.664
17.152
7.576
2.14
21.44
16.228
7.576
21.664
16.728
30.052
7.152
7.576
1.44
22.016
16.728
20.728
26.728
21.44
7.152
1.288
14.44
1.288
7.576
34.876
13.264
24.304
12.152
21.592
1.288
21.44
28.728
18.728
1.288
7.616
7.604
14.928
21.092
20.016
28.304
21.728
21.44
15.428
15.416
18.44
15.152
28.016
24.44
7.628
21.44
13.628
21.716
1.288
15.376
14.44
15.964
7.576
15.728
15.416
21.82
14.872
20.728
14.44
7.576
15.728
13.152
12.152
7.576
29.816
23.304
7.152
23.892
14.44
34.828
13.816
8.104
8.092
14.44
1.288
7.828
15.376
7.576
1.42
15.208
14.596
13.152
1.684
1.288
28.223
1.288
22.211
21.676
14.699
21.44
23.528
34.628
25.016
15.152
21.704
13.152
27.54
8.028
20.616
15.152
1.34
15.44
18.596
21.584
7.772
30.016
1.288
1.288
21.728
15.376
18.716
1.564
14.452
13.44
7.24
21.44
29.016
24.204
15.152
13.392
22.236
15.024
18.304
8.712
16.44
14.44
27.928
1.288
18.616
15.676
13.204
21.964
13.44
13.428
20.532
15.152
7.576
22.728
20.916
8.004
22.992
15.74
13.68
15.428
16.016
1.604
25.592
13.152
15.536
7.74
7.724
2.012
20.728
14.6
7.816
1.688
28.204
7.676
20.848
13.44
1.288
28.876
12.152
7.576
15.44
15.428
14.44
15.152
7.576
14.464
18.952
21.104
15.152
7.576
35.016
7.576
19.784
22.864
14.44
7.828
18.728
14.54
12.428
1.288
16.576
7.264
7.576
28.852
27.04
7.576
16.828
21.44
1.516
13.628
16.44
7.152
14.728
1.288
13.152
25.14
15.152
19.728
18.44
23.304
15.152
7.576
7.576
7.152
15.24
26.328
15.216
13.44
25.304
22.728
15.848
26.016
16.728
13.44
16.728
15.483
13.244
1.288
15.728
21.44
15.152
7.576
7.576
21.44
13.628
7.152
13.44
14.64
16.728
1.416
31.304
1.288
21.44
15.676
15.152
7.576
7.152
15.44
26.592
12.244
21.44
15.182
21.44
15.152
32.968
17.016
14.44
20.728
7.235
13.516
26.728
20.44
13.44
13.152
1.288
27.832
16.876
21.52
12.152
1.34
18.496
14.728
24.44
15.316
7.628
21.716
15.152
7.604
7.152
1.296
22.728
27.304
25.192
21.016
34.592
15.304
13.58
22.144
1.288
13.732
15.676
15.664
7.576
25.016
21.664
14.504
20.752
15.392
21.68
14.468
15.356
1.288
31.016
13.44
21.44
1.288
21.004
18.304
1.492
21.44
18.728
14.44
15.416
24.628
13.516
26.404
1.288
18.616
31.592
7.804
15.152
22.016
27.404
7.748
15.152
16.64
21.016
7.576
14.764
15.152
21.052
21.04
15.152
1.288
14.44
23.776
14.164
15.652
21.732
18.72
26.592
1.38
12.468
7.356
7.344
7.332
7.152
7.152
16.728
13.152
1.288
21.44
21.44
26.128
1.288
25.028
21.716
7.904
15.728
30.392
15.416
13.28
16.004
8.468
1.592
22.856
15.68
22.844
9.032
8.42
35.108
23.696
29.684
21.572
14.66
16.728
21.848
1.288
18.44
21.728
15.152
21.716
1.288
31.304
17.744
15.152
7.576
7.576
7.344
24.592
1.332
27.58
7.576
21.664
7.576
1.288
14.728
35.016
14.152
21.504
1.54
21.192
16.228
14.416
19.204
7.576
15.892
21.664
17.68
21.652
15.868
32.304
15.556
7.692
1.444
14.88
25.068
14.556
7.944
35.532
21.44
7.152
7.628
21.716
7.576
7.576
26.592
22.884
15.18
24.44
13.44
7.576
7.152
7.576
7.576
17.44
20.44
1.288
15.152
21.44
21.016
14.704
7.576
1.288
18.44
1.288
21.728
26.776
20.816
15.364
14.504
7.252
30.992
22.28
8.468
7.856
15.44
28.244
1.328
22.232
12.152
21.92
13.808
1.288
18.44
15.152
14.24
33.128
15.296
7.576
14.44
15.152
14.44
7.828
1.288
31.816
15.376
21.44
7.576
7.152
15.24
15.828
27.304
15.152
17.744
1.532
14.44
13.528
15.152
20.728
15.74
1.328
18.44
14.44
13.628
28.016
31.716
21.404
18.728
13.44
7.728
12.152
7.152
1.288
7.152
28.204
1.288
1.288
30.016
21.604
15.44
15.428
21.44
1.288
20.596
1.288
15.376
25.304
1.292
21.44
1.288
21.44
15.152
7.152
7.576
14.464
7.576
22.728
7.576
16.716
21.664
15.204
7.852
1.392
34.84
15.18
21.628
25.016
1.304
21.016
21.44
22.728
23.916
7.152
13.404
7.992
24.792
22.08
7.38
15.168
7.576
24.016
18.664
18.004
22.252
15.152
1.34
7.576
7.576
1.288
1.288
18.659
23.728
20.728
15.152
7.576
1.34
7.576
21.664
1.288
21.652
15.376
21.64
15.364
32.728
23.752
15.04
21.928
15.152
15.152
26.24
30.092
23.728
14.48
7.576
13.264
16.728
33.052
13.44
7.152
13.44
1.44
1.428
22.916
15.152
7.152
15.24
18.44
12.528
21.728
21.216
18.44
15.504
7.628
21.716
31.516
15.44
21.604
15.44
1.288
7.576
15.152
7.34
14.728
7.576
7.216
7.576
14.44
7.576
15.64
14.728
22.023
14.572
13.44
16.96
21.728
22.884
13.316
13.904
17.016
14.904
21.728
16.44
26.728
15.772
14.86
1.288
7.576
13.44
15.152
14.44
7.576
15.44
20.44
1.288
7.576
15.244
13.564
15.232
13.552
18.64
1.288
15.152
7.576
13.42
12.152
21.44
14.152
18.44
7.576
32.464
7.152
14.452
13.84
1.288
23.304
37.88
19.868
29.592
1.288
13.68
1.288
7.668
7.576
1.288
21.664
1.288
21.652
7.84
21.928
35.716
15.152
22.204
34.64
19.492
26.528
1.616
26.016
16.004
21.504
15.692
22.58
13.152
1.568
15.656
17.44
15.928
21.44
19.728
21.44
15.884
7.628
1.288
15.376
26.304
7.152
21.44
12.152
23.528
34.692
14.728
23.88
14.716
16.804
7.576
14.464
15.152
15.152
34.88
1.288
27.428
1.288
15.676
1.564
1.408
13.152
21.796
20.44
1.288
22.016
7.604
1.288
18.395
27.728
15.728
19.871
16.859
7.632
15.152
21.728
7.34
21.44
13.628
13.616
15.152
21.44
15.152
26.84
7.576
26.592
7.576
32.592
14.728
21.728
7.616
15.728
15.152
16.728
7.576
15.216
7.576
1.288
21.44
20.828
7.152
21.716
7.576
1.288
24.44
15.152
7.576
1.34
18.728
1.316
18.604
1.288
28.348
7.936
22.624
1.288
21.44
27.304
1.288
15.892
13.44
15.152
1.288
17.023
18.44
1.411
7.576
13.596
22.884
7.328
15.44
30.592
27.88
22.468
13.756
24.544
21.232
25.42
33.808
7.996
14.152
7.984
15.34
21.472
12.628
14.56
1.516
7.648
7.576
20.764
21.728
26.016
21.728
1.404
7.576
21.016
7.152
21.004
8.092
22.78
1.288
13.468
7.756
1.288
22
22.016
22.728
28.116
12.152
13.152
15.152
13.44
7.576
15.152
7.72
7.576
25.328
24.064
21.952
23.14
35.128
21.016
21.604
29.592
15.152
20.728
1.496
15.728
7.316
14.44
1.604
7.592
15.98
25.868
14.756
7.576
15.644
21.664
1.288
7.576
27.54
21.44
1.288
24.44
1.288
1.288
22.016
15.152
17.84
34.592
1.628
22.28
1.616
7.576
1.604
20.192
24.38
13.44
2.168
22.428
1.856
26.016
21.06
13.44
13.152
15.152
13.74
16.64
16.728
13.44
14.152
12.181
20.44
20.44
15.152
21.928
21.44
23.728
20.828
21.44
21.44
15.728
24.44
29.228
1.288
14.776
15.664
7.576
15.152
21.664
7.852
13.84
1.288
13.44
7.576
7.576
15.728
15.716
19.004
21.44
29.348
7.628
24.592
21.716
13.604
18.704
16.44
7.748
21.016
14.728
1.516
15.44
13.152
1.288
1.288
22.016
12.376
16.564
1.288
17.728
26.728
7.576
7.576
7.576
1.288
1.288
1.288
7.576
15.152
7.576
1.444
21.664
14.332
7.852
7.576
14.464
7.852
1.288
21.196
1.288
15.376
21.064
23.728
21.728
1.288
21.44
22.728
15.152
20.916
12.152
26.016
17.728
7.576
1.516
24.064
7.504
7.852
1.792
20.44
31.78
7.468
23.304
18.44
21.728
25.04
21.716
21.704
26.592
32.192
13.88
1.288
19.876
14.764
7.576
18.304
7.576
1.288
30.032
21.928
21.016
28.592
28.504
21.016
18.728
1.288
1.288
20.728
15.22
7.816
17.008
20.704
20.692
15.652
24.016
33.04
13.204
17.44
26.016
16.728
13.86
14.748
7.836
13.524
7.576
21.664
7.852
21.94
21.928
21.547
7.735
21.44
15.728
16.616
30.132
7.92
15.44
13.152
7.74
14.44
1.528
7.576
21.728
1.288
20.816
7.904
7.892
17.044
27.728
1.288
20.44
7.828
21.44
7.576
19.728
13.152
1.416
19.104
7.692
27.304
1.98
24.468
1.956
21.44
1.944
23.532
15.44
26.016
15.428
12.152
1.34
30.016
7.576
21.928
20.44
1.288
7.576
7.276
21.664
14.164
14.228
16.016
18.44
27.428
21.728
21.44
7.576
21.44
20.684
7.152
21.572
16.728
20.728
27.916
15.152
30.304
18.44
1.288
15.376
1.288
18.44
7.152
13.152
21.016
1.504
22.728
15.892
1.288
1.288
26.728
16.816
1.288
25.028
35.216
14.06
21.848
27.836
12.152
18.592
27.304
1.288
21.892
1.288
1.288
7.276
21.44
28.028
21.44
27.728
8.072
7.576
15.828
21.664
21.44
15.152
1.34
21.44
30.192
14.816
16.904
20.192
22.016
15.08
7.604
22.016
23.624
15.512
1.7
18.188
1.676
13.152
21.44
14.24
7.628
7.328
23.216
26.816
22.904
16.004
26.192
7.292
30.38
8.168
1.288
22.256
21.044
18.728
25.832
15.416
30.02
25.304
7.808
15.152
18.896
20.44
27.783
15.44
16.928
7.576
18.44
14.152
7.576
21.664
7.852
15.152
12.152
29.304
12.296
15.584
14.44
1.288
15.152
13.44
21.528
7.716
21.804
32.304
13.44
7.728
18.516
21.44
15.152
13.44
15.44
15.44
27.304
7.792
25.016
7.576
15.152
35.164
15.296
15.284
7.576
1.288
15.152
23.884
13.428
15.172
20.616
22.404
15.152
15.532
14.44
33.22
26.148
21.636
7.208
7.824
22.069
1.288
13.44
16.876
16.864
15.352
34.592
12.34
21.68
13.44
1.288
7.728
21.516
23.728
17.044
26.728
22.016
1.516
21.44
14.528
15.152
7.916
1.34
25.004
14.528
22.292
12.152
26.84
19.928
21.44
21.44
15.152
7.34
14.44
13.228
14.44
21.628
7.816
1.288
21.604
13.492
21.88
1.288
21.868
15.376
1.564
21.44
1.288
7.576
15.676
21.664
14.728
21.052
21.64
26.016
13.152
21.54
16.782
16.64
18.44
1.288
15.376
1.564
20.728
16.928
1.316
1.288
20.016
15.204
14.44
1.392
7.576
21.44
13.628
7.328
18.44
7.316
16.904
19.592
1.88
23.768
21.44
26.756
15.344
30.304
1.344
15.152
21.016
22.804
15.152
13.152
1.288
7.576
20.44
1.288
21.728
15.376
20.816
1.288
21.704
21.016
34.504
13.792
7.78
1.288
21.568
18.728
30.132
15.152
18.72
14.44
15.44
26.828
1.616
1.304
14.792
14.18
21.728
7.576
1.288
22.264
26.776
15.064
15.952
15.34
7.576
1.288
31.304
15.376
31.016
20.516
15.44
7.604
15.428
15.416
7.576
14.271
7.576
29.164
14.152
27.728
27.304
7.616
23.992
22.004
21.58
21.992
18.44
15.152
15.74
26.633
15.428
20.621
14.516
8.009
22.097
33.304
19.685
7.576
1.288
15.376
12.364
7.576
15.352
21.44
13.44
29.628
16.728
7.576
15.216
20.304
7.576
15.58
7.576
21.064
7.152
1.44
15.228
7.576
16.728
15.216
29.016
1.344
13.704
15.44
24.192
14.528
22.08
29.592
27.304
18.728
1.316
14.444
15.404
7.592
21.44
16.88
15.152
24.736
7.576
7.576
1.288
13.152
15.676
21.44
7.628
21.44
13.328
17.016
1.288
13.152
1.288
16.876
15.364
1.552
15.152
7.576
27.304
15.152
14.44
18.44
16.783
1.288
28.876
26.764
1.552
15.34
7.576
21.664
26.304
29.452
15.792
23.308
21.016
18.332
25.22
24.44
14.152
7.628
16.728
21.728
15.216
26.304
15.192
13.44
1.68
18.44
1.368
15.728
1.288
22.016
35.204
15.152
1.34
23.828
21.016
1.288
1.288
21.44
18.976
15.664
21.44
1.552
16.44
26.016
16.44
21.804
25.392
15.152
31.304
15.152
16.64
1.628
15.716
20.728
1.604
22.292
15.98
8.168
7.576
1.856
18.44
16.244
21.44
1.532
15.32
14.44
12.152
21.728
21.716
15.44
13.304
27.304
18.728
22.844
22.116
21.504
1.288
18.704
14.776
13.592
7.264
21.44
16.728
21.016
13.204
7.152
8.092
21.58
13.468
15.152
21.44
32.304
23.828
13.692
7.152
7.576
22.264
7.576
7.576
20.464
15.728
21.652
7.576
16.728
25.264
12.216
24.652
7.84
18.728
18.628
7.972
22.06
8.248
1.288
7.636
15.376
1.288
21.44
18.304
7.576
7.576
15.728
1.316
15.704
21.44
12.692
13.484
17.18
21.016
7.804
7.792
7.576
21.44
7.152
23.528
7.576
21.664
20.728
7.152
14.64
15.528
13.44
16.416
7.728
20.604
14.592
7.576
23.88
16.068
14.44
21.44
15.308
20.44
14.44
1.528
15.728
1.288
7.576
1.288
22.016
15.152
16.94
7.628
1.616
1.304
7.292
20.516
1.288
13.44
7.728
12.152
14.616
7.704
24.016
7.576
15.152
13.152
7.596
15.728
1.316
1.288
31.016
17.016
20.547
14.304
1.692
21.44
15.18
1.368
14.44
1.288
18.44
22.876
15.44
1.328
18.44
1.288
1.288
1.288
20.909
15.152
7.576
21.44
16.44
7.628
15.528
7.616
17.616
25.016
15.504
7.604
13.592
15.152
31.304
7.592
21.728
20.728
7.152
1.44
1.428
24.44
15.64
13.44
31.304
20.016
7.152
22.016
7.576
1.288
13.152
21.496
33.304
20.44
1.288
13.528
1.288
21.616
13.804
7.152
13.948
21.44
7.152
23.528
23.216
13.44
15.308
26.696
1.484
23.728
1.472
20.44
15.86
15.848
2.036
7.424
21.512
7.4
1.688
21.176
35.016
12.164
28.404
1.352
7.576
7.576
1.288
13.483
15.728
18.44
16.728
21.44
1.288
7.628
15.728
21.44
21.44
15.44
20.016
14.584
7.404
35.272
15.492
1.38
16.968
1.656
7.576
1.644
7.632
21.72
21.44
26.808
30.128
13.44
7.884
7.152
25.304
15.44
15.428
13.152
26.204
21.44
1.288
24.016
21.44
7.628
13.616
15.44
21.744
7.632
22.02
21.44
20.508
1.328
17.816
30.016
14.728
7.576
13.564
20.752
1.288
20.74
15.376
1.288
15.376
14.44
15.152
21.44
20.528
13.616
32.504
7.592
17.016
7.58
20.768
15.152
7.152
7.576
15.24
13.44
20.928
15.152
13.44
14.44
21.728
1.288
15.916
17.104
13.152
15.892
18.44
21.44
21.44
15.152
22.928
7.152
7.576
7.576
15.44
20.464
23.828
21.052
1.472
23.304
1.46
13.44
15.848
1.736
21.016
15.152
30.044
7.207
13.152
16.64
17.728
15.316
7.576
18.664
1.288
15.676
17.464
15.052
26.016
25.032
20.52
22.135
7.576
15.152
1.34
7.576
15.44
18.664
15.428
21.652
16.616
25.24
15.404
21.928
1.748
27.316
27.236
13.804
7.424
21.44
1.288
7.576
7.152
24.44
15.24
1.428
13.44
19.116
21.528
1.288
26.016
15.152
7.576
18.44
14.44
1.528
12.316
1.504
7.576
15.152
14.464
32.452
15.44
24.04
19.928
24.628
14.116
22.804
22.492
23.728
8.38
21.868
25.016
13.756
29.344
8.188
15.44
21.676
1.328
7.864
1.316
21.652
7.84
21.44
12.152
30.592
29.08
15.152
20.728
21.616
12.152
7.804
7.34
7.948
35.536
21.44
17.44
18.44
21.728
18.716
14.504
27.304
1.288
7.576
1.288
18.976
28.864
21.728
18.716
14.504
23.304
1.288
1.288
14.476
14.44
16.864
15.352
16.84
1.828
12.916
15.604
13.192
20.832
2.08
29.068
7.576
23.956
7.576
13.444
14.44
1.288
15.676
1.72
7.576
19.408
7.576
16.996
31.564
27.784
14.872
24.46
15.748
1.336
15.152
16.44
14.152
1.54
7.576
26.728
18.664
16.816
7.576
24.728
15.716
14.504
30.092
7.58
1.288
21.668
19.876
21.656
24.064
27.052
7.576
33.304
7.192
25.016
20.116
21.44
7.204
13.152
18.795
15.183
13.44
7.576
13.564
1.288
15.152
21.44
1.34
13.328
21.728
29.016
15.152
7.576
1.288
21.064
7.576
33.128
7.316
1.304
21.016
21.44
22.928
7.916
15.152
22.004
7.152
21.992
1.44
28.58
13.44
1.288
21.228
18.516
1.288
13.44
21.44
12.152
17.24
21.44
17.44
30.592
21.58
15.728
12.416
15.404
21.44
15.152
1.34
7.328
20.728
7.816
14.704
23.392
21.44
25.016
14.44
1.288
15.376
12.364
23.452
7.576
1.54
25.264
1.684
22.016
1.372
15.216
16.704
7.644
1.692
21.44
12.18
7.576
7.576
1.288
22.016
7.604
7.592
22.016
13.604
13.292
1.288
15.376
13.44
1.288
27.304
35.016
15.152
21.804
20.916
22.834
7.704
1.522
15.91
20.728
7.576
13.564
22.016
1.288
7.576
15.676
22.264
21.652
7.576
35.164
18.808
27.796
31.304
24.016
31.304
14.404
15.592
18.44
7.576
15.44
13.264
14.728
30.352
1.516
18.64
15.728
21.44
13.44
15.44
7.576
28.069
7.152
7.576
14.34
35.164
1.288
1.432
13.44
15.22
14.308
12.496
7.152
7.576
1.288
15.152
7.576
31.564
17.016
21.44
15.152
12.152
1.34
21.44
31.328
28.316
15.728
1.316
19.16
35.804
7.592
21.44
33.68
7.568
14.756
15.344
18.632
15.02
7.576
29.764
15.728
21.44
15.152
15.152
27.835
18.74
14.44
21.728
21.716
15.152
23.804
23.728
21.728
1.288
7.576
1.288
19.728
21.44
13.628
15.152
22.021
16.728
21.709
21.016
13.297
8.185
1.288
7.576
15.728
23.764
21.44
17.728
13.628
21.716
20.104
7.604
1.288
21.692
15.376
7.88
7.576
1.288
21.44
14.828
7.916
7.604
15.584
1.472
7.576
25.328
16.016
7.576
1.304
18.392
1.58
22.804
21.668
22.856
1.544
21.728
20.816
14.152
13.44
1.288
21.44
7.276
25.12
21.44
21.44
27.859
21.14
15.428
23.016
1.316
14.44
21.44
13.44
7.728
22.116
21.204
31.992
24.304
18.44
16.728
29.228
1.416
12.504
7.772
1.692
13.76
15.78
7.968
27.156
25.016
15.744
18.704
21.44
7.152
21.44
1.288
7.576
13.564
15.152
7.644
15.152
22.728
15.152
22.116
13.404
21.792
7.152
17.44
15.728
7.576
21.664
1.288
21.728
30.116
7.152
21.86
14.152
34.671
32.559
23.247
7.576
7.576
28.028
16.016
21.44
15.704
7.576
1.288
14.152
28.304
20.516
15.728
21.44
7.316
18.584
21.404
15.692
7.576
21.44
7.152
7.628
1.288
1.288
21.44
23.304
7.576
7.152
21.728
16.728
13.44
14.44
7.728
15.328
20.116
7.576
7.504
13.152
17.028
7.576
14.916
1.704
7.392
1.68
21.624
25.016
1.812
14.4
7.576
21.664
18.952
7.152
25.016
7.152
1.44
35.016
1.428
15.516
13.44
15.152
13.44
21.528
35.316
8.004
14.692
22.092
7.208
7.98
14.44
21.624
7.228
26.112
31.88
1.288
15.728
7.576
14.216
7.576
1.304
18.728
31.304
1.316
30.992
14.504
29.792
1.436
13.44
7.728
14.271
7.716
23.559
25.647
25.044
25.016
17.016
1.404
1.288
14.476
34.304
15.152
21.44
20.44
15.152
7.576
15.152
23.84
1.328
25.316
14.152
15.34
7.528
7.576
15.772
7.152
1.44
21.44
12.528
26.916
7.576
1.404
21.016
1.288
26.304
16.728
12.216
7.576
15.804
16.992
13.44
15.48
18.44
15.468
1.656
15.744
7.576
21.44
15.44
23.528
13.44
26.216
17.44
7.576
7.152
24.24
21.44
13.628
7.152
1.596
7.576
1.288
13.564
15.376
15.44
1.288
21.728
17.176
13.616
18.44
29.228
1.288
1.288
16.576
1.564
22.252
20.44
1.288
12.152
14.44
12.152
31.304
7.592
21.44
24.44
15.152
14.44
34.592
15.152
14.44
15.152
21.628
22.216
14.152
23.26
21.448
15.152
22.036
15.152
21.44
26.228
15.516
1.404
26.292
21.44
20.528
7.616
7.604
17.44
7.152
7.576
1.44
15.828
16.716
21.44
18.44
1.288
15.44
7.576
1.484
16.782
7.576
14.37
21.44
15.258
21.44
7.576
16.728
17.316
21.44
15.504
26.728
18.44
14.528
7.152
21.44
15.84
22.028
14.152
21.44
13.628
13.44
31.328
15.152
23.304
12.192
16.728
21.44
1.288
13.628
33.676
22.016
15.152
12.152
7.576
7.196
21.664
14.44
17.44
14.152
1.54
7.228
21.728
7.576
24.44
7.628
23.728
13.616
1.288
7.604
15.376
12.664
7.576
15.152
13.564
15.74
22.016
1.288
15.676
15.664
13.44
15.652
22.728
1.54
7.716
1.528
22.404
1.516
7.692
1.504
27.304
22.033
7.152
33.395
21.44
15.152
21.44
7.628
13.44
25.016
24.704
18.44
12.152
14.44
1.288
21.44
15.152
21.44
7.152
13.328
16.872
21.016
15.44
18.44
7.152
21.728
19.728
21.44
1.416
26.528
13.44
15.44
7.576
7.576
1.288
26.332
15.22
1.288
7.276
20.728
15.44
1.328
21.44
13.44
7.152
21.728
15.54
20.516
21.828
13.44
21.44
15.152
18.632
14.44
15.728
21.44
21.44
15.152
1.34
32.304
1.288
13.44
13.44
21.971
15.659
7.576
21.44
23.984
1.288
7.772
1.288
28.76
1.288
8.048
19.876
23.336
7.264
8.324
19.852
15.94
15.628
16.816
15.604
1.792
7.48
1.768
25.016
27.256
21.728
15.544
21.716
14.44
21.44
16.728
21.44
15.728
1.316
16.604
15.44
15.428
21.44
15.152
15.152
18.44
16.94
27.128
13.316
7.904
21.992
15.44
21.68
7.868
21.656
12.152
15.152
13.44
16.44
7.576
1.288
14.464
1.288
15.676
7.732
7.576
1.288
32.304
7.692
21.48
1.288
12.676
22.728
14.44
7.576
14.464
7.152
21.952
21.94
17.44
7.576
15.152
12.152
7.576
15.44
29.62
15.152
12.152
21.44
15.152
22.028
25.016
7.576
15.152
23.164
1.34
13.552
1.328
21.44
7.628
15.728
21.716
7.316
1.304
7.152
17.44
21.44
7.628
15.44
13.616
21.704
15.152
1.34
15.152
7.152
32.94
25.428
20.016
27.728
15.44
13.44
21.528
15.44
14.616
19.104
15.44
23.892
1.328
13.152
12.152
15.44
21.44
13.628
15.728
18.716
26.216
13.904
16.004
1.292
1.288
7.576
1.288
21.44
18.44
13.152
15.482
13.152
15.44
18.728
7.576
7.576
7.576
14.496
13.584
15.44
1.328
27.728
16.728
14.44
1.288
21.44
15.152
7.784
7.34
1.628
20.216
15.704
25.292
7.576
7.28
12.152
16.728
24.304
21.74
13.152
18.54
23.728
14.416
21.984
16.804
13.152
24.18
21.44
21.016
21.44
7.152
15.152
7.576
12.44
29.764
7.852
30.016
7.152
15.54
21.44
16.728
26.016
16.728
1.416
12.204
15.744
14.44
16.932
15.728
13.44
26.016
27.304
24.304
15.44
1.328
7.576
32.816
7.604
15.152
7.592
26.016
14.44
23.728
22.016
1.516
15.904
1.792
29.08
1.768
16.156
7.576
24.244
21.664
28.432
13.852
23.02
15.808
15.796
26.884
15.472
7.576
28.96
24.44
16.728
14.316
19.104
22.728
15.792
21.44
13.496
12.348
21.44
7.576
21.44
7.628
7.576
1.288
23.728
1.288
7.276
21.172
14.764
21.76
1.552
28.348
25.54
22.636
14.224
17.44
8.212
15.328
28.3
22.288
7.152
29.776
21.44
17.704
1.288
21.44
1.288
15.44
13.44
17.44
27.728
22.016
18.899
19.728
20.987
16.728
24.016
7.576
1.288
15.376
1.564
7.576
14.44
15.152
27.328
14.716
7.804
1.288
21.892
17.728
7.576
15.152
14.44
15.152
7.576
21.804
1.288
7.692
1.288
21.728
13.44
16.64
31.728
7.716
12.292
7.704
27.492
15.483
7.152
13.44
1.288
1.288
21.44
27.428
21.44
24.592
21.44
26.38
14.668
12.152
34.592
24.38
21.44
14.44
21.628
1.288
21.44
23.728
1.516
1.288
21.44
18.728
7.916
14.504
29.592
7.576
23.728
13.44
15.152
13.152
1.288
7.74
15.676
22.428
15.664
25.416
17.452
7.704
15.04
1.528
7.576
21.016
15.152
21.44
15.152
1.288
12.376
14.764
13.152
21.54
14.628
18.516
13.404
27.792
8.28
19.368
18.795
23.304
28.304
21.44
1.288
14.44
21.628
12.152
26.016
7.576
18.664
13.852
8.14
30.016
1.288
1.288
7.576
1.288
17.176
7.576
1.288
13.532
16.728
7.152
7.152
21.44
1.44
15.528
12.816
21.44
12.504
27.304
17.44
26.016
21.804
21.44
23.728
20.44
1.288
13.528
15.152
21.44
30.128
1.288
7.616
25.304
20.44
15.152
21.44
22.028
13.616
7.208
26.096
21.44
15.44
15.428
26.516
1.304
7.292
1.288
15.676
1.444
21.728
26.332
24.116
7.604
25.057
18.445
7.576
19.728
21.664
21.508
1.288
14.176
15.152
16.728
18.728
26.304
1.316
1.304
20.728
26.728
16.816
7.576
23.728
21.532
16.516
13.152
15.304
1.492
15.28
1.288
21.44
1.288
7.628
21.716
14.152
13.152
7.576
21.016
13.564
22.852
1.288
34.304
7.592
7.152
21.68
1.44
21.524
20.912
27.804
16.494
26.016
1.288
21.728
15.44
20.228
21.728
14.152
31.304
23.74
21.44
1.528
7.628
15.616
15.004
13.44
17.092
21.528
15.152
1.34
7.576
7.576
23.016
7.152
20.728
31.592
7.28
1.568
12.656
22.244
27.332
2.12
7.576
16.808
21.664
17.996
2.084
13.328
28.172
1.46
7.576
15.548
18.664
7.152
23.304
1.44
18.492
15.528
26.916
7.576
28.404
1.392
7.72
15.48
18.808
1.368
18.496
19.956
7.152
29.304
21.492
21.992
13.44
13.44
12.152
15.74
1.288
21.44
14.528
1.288
13.916
8.204
12.152
21.692
1.34
7.88
24.128
21.44
31.028
15.152
21.532
23.02
14.008
21.196
1.288
7.684
23.272
14.152
14.152
16.84
7.576
28.016
7.576
7.152
1.288
15.152
26.016
25.26
18.948
16.728
13.836
15.516
7.824
24.312
20.116
7.8
14.688
7.152
16.74
14.44
7.576
18.664
7.576
21.44
15.152
12.152
25.64
13.44
14.44
21.016
21.292
1.344
1.288
20.728
26.176
7.576
13.564
14.44
15.328
21.44
21.44
15.152
13.44
7.576
15.44
1.288
7.576
18.664
23.452
18.728
13.44
28.304
7.728
21.816
13.404
30.792
25.016
12.404
18.44
1.448
7.628
28.736
1.288
1.288
21.744
1.288
21.44
1.288
21.076
21.44
23.728
1.516
24.004
22.192
7.576
1.78
14.464
14.968
21.952
7.84
21.728
18.44
21.44
15.54
28.728
15.216
22.728
33.616
21.44
14.152
15.64
13.44
25.828
21.016
24.316
21.604
14.704
24.292
16.192
2.08
26.368
16.156
7.576
13.564
14.308
30.352
15.196
7.84
21.928
7.576
22.264
13.852
21.016
19.24
23.728
30.016
21.604
14.152
32.692
7.78
19.728
26.728
15.152
31.304
12.44
26.192
15.152
7.88
13.152
15.152
27.44
26.304
23.592
18.728
21.78
14.64
17.44
21.44
15.728
20.904
15.44
15.44
15.152
20.44
14.44
18.44
21.44
1.288
1.288
13.44
7.576
1.288
13.152
14.64
7.728
28.346
1.334
21.44
15.44
15.428
14.516
7.576
14.504
1.748
21.44
21.44
21.128
15.152
7.152
15.54
20.328
22.016
1.416
21.44
1.404
13.628
7.616
14.804
21.44
13.44
7.728
14.152
24.04
21.44
13.328
7.152
15.152
15.152
24.44
15.152
21.016
15.304
26.392
23.728
18.616
1.288
7.576
1.288
21.728
7.276
21.44
15.152
21.728
18.716
15.152
24.86
24.548
26.336
7.152
8.024
15.54
14.44
26.016
7.828
20.004
15.152
21.44
30.016
15.152
13.504
22.728
7.152
7.576
18.916
30.016
16.728
22.228
15.152
14.44
24.44
15.44
7.628
15.428
1.772
22.46
1.748
15.836
17.624
15.212
12.2
15.188
15.776
23.728
7.576
15.152
7.576
15.728
15.152
26.24
1.328
16.616
13.152
24.104
14.44
16.44
16.728
13.44
27.304
26.692
15.152
21.728
7.576
7.576
15.152
7.576
16.728
15.44
21.44
25.016
33.592
12.404
27.728
21.716
18.704
21.992
15.44
7.58
17.016
14.304
16.728
15.216
20.728
26.728
21.44
20.728
15.152
25.028
22.016
15.152
27.404
22.892
20.78
21.368
27.956
15.44
21.5
15.44
21.488
15.44
35.016
21.44
20.44
25.016
21.44
22.928
23.728
21.44
26.016
24.044
24.592
34.592
