19.016
14.152
16.44
12.576
14.152
15.44
22.304
14.44
15.152
22.016
17.728
27.616
14.44
12.576
12.576
22.016
12.576
23.016
12.576
24.592
24.592
30.88
23.016
21.304
23.304
20.44
14.152
14.152
23.016
13.704
13.44
27.592
32.456
13.44
16.152
18.44
16.152
14.44
17.728
17.728
20.304
16.152
14.44
23.304
22.016
16.152
14.152
12.576
24.592
24.592
12.88
28.104
22.392
13.44
14.152
22.016
22.304
13.152
15.44
20.016
17.728
30.88
32.456
14.152
23.456
22.016
19.728
12.576
14.152
20.304
12.576
20.44
28.88
20.44
32.456
24.592
20.016
23.016
14.152
14.152
22.016
14.152
20.44
14.152
16.44
14.152
13.44
13.152
22.304
22.304
14.152
15.44
14.152
21.304
18.44
32.456
14.152
22.016
13.44
23.328
22.016
23.304
12.576
24.592
32.456
12.576
12.864
24.592
13.44
24.016
17.728
12.576
17.728
24.592
14.152
20.016
13.152
17.728
27.88
16.152
12.576
14.152
22.016
12.704
13.44
21.016
12.576
14.152
12.576
13.44
23.016
22.016
22.304
20.016
12.576
14.152
20.016
20.016
19.016
15.592
20.44
12.576
14.44
13.44
30.88
18.44
22.304
17.728
14.44
14.152
24.016
23.104
28.88
12.576
14.152
20.44
20.304
18.44
22.016
13.44
22.304
24.592
14.152
13.152
24.592
26.08
20.368
22.304
12.576
24.592
20.44
17.728
14.44
22.304
20.016
31.104
20.016
14.152
14.152
21.016
22.016
22.016
20.304
16.152
15.44
19.728
14.152
12.576
14.152
15.44
25.592
21.304
12.576
17.728
27.616
22.016
22.016
20.44
18.44
22.016
21.016
14.152
23.168
22.256
14.152
12.576
12.864
24.592
12.88
14.44
22.016
12.576
13.152
19.304
25.592
19.152
13.152
14.44
23.016
32.456
23.304
12.576
22.304
20.44
12.576
20.016
25.592
14.152
12.864
25.88
27.88
23.016
13.704
19.304
20.728
23.016
20.016
12.576
22.016
13.44
13.152
24.592
14.44
13.152
15.44
15.44
25.592
13.152
30.88
12.576
21.304
23.016
22.304
14.192
12.576
23.016
21.016
20.016
13.44
18.44
16.152
29.88
14.44
16.152
22.016
28.88
14.152
14.152
22.304
32.456
14.152
22.016
18.44
12.576
24.592
22.016
20.016
14.152
23.016
18.44
22.016
30.88
14.152
23.168
12.864
25.592
17.728
24.016
21.016
12.576
14.152
14.304
14.152
22.304
12.576
27.88
22.016
19.904
24.992
13.28
14.152
20.44
13.44
24.016
14.152
12.576
24.592
21.016
27.592
12.576
20.44
12.576
12.576
21.304
18.44
12.576
14.152
30.88
14.152
22.016
14.152
29.88
20.44
23.304
28.88
23.016
17.728
14.44
24.592
14.152
18.44
21.304
13.152
12.576
27.592
12.864
25.88
22.304
14.152
20.44
14.44
19.728
14.152
15.64
12.576
24.592
27.88
16.168
21.304
20.016
14.44
12.864
24.592
28.88
13.568
18.728
13.152
12.576
13.152
24.592
23.016
24.592
24.592
19.016
13.304
24.592
13.152
29.168
28.168
15.44
29.88
22.016
16.152
23.016
23.016
22.016
19.728
23.016
12.576
20.016
13.152
12.576
20.44
12.576
23.016
24.592
22.016
13.152
12.576
32.456
20.016
12.576
24.592
20.44
22.016
16.152
20.44
12.576
24.592
19.728
16.416
25.592
12.576
15.44
16.152
30.168
13.304
20.016
20.016
15.44
25.592
21.08
20.44
17.728
17.728
12.576
19.016
24.592
23.016
24.592
27.88
12.576
12.576
27.592
23.08
12.576
12.864
12.576
24.592
24.592
14.44
20.016
16.704
19.392
22.016
14.152
28.168
15.44
12.576
18.44
20.44
23.016
14.44
21.304
22.016
14.44
28.88
22.016
20.016
22.016
27.88
14.152
17.728
12.576
19.88
17.768
17.728
22.016
14.152
13.304
19.592
14.152
17.728
23.016
12.576
14.44
13.44
15.44
24.592
12.576
24.592
14.152
12.576
20.016
28.168
12.576
17.728
20.44
12.576
14.152
13.304
12.864
24.592
13.44
12.576
25.592
13.304
21.016
22.016
20.016
24.592
14.152
13.152
23.016
12.576
17.728
20.44
23.304
22.304
14.152
14.152
18.44
24.304
23.304
14.152
22.016
17.728
12.576
32.456
15.152
14.152
14.152
12.576
22.016
31.168
20.44
14.44
14.152
27.88
15.44
22.016
23.016
20.016
21.304
12.576
31.168
22.304
14.152
14.152
18.44
14.152
14.152
28.88
22.016
20.016
21.304
14.44
12.576
14.152
14.44
13.152
14.152
13.152
24.592
14.152
28.88
12.576
12.576
27.88
17.728
14.44
14.152
24.592
22.304
22.016
13.592
14.152
13.152
20.016
27.88
14.152
15.44
13.328
30.88
14.152
23.016
29.304
15.44
18.44
14.152
17.728
12.576
20.016
22.016
19.728
22.016
19.304
14.152
25.592
18.44
22.304
24.016
17.728
24.592
13.152
25.592
22.28
22.016
12.576
20.016
12.576
24.592
13.152
12.576
23.016
14.152
13.44
14.152
13.44
20.44
13.44
20.304
19.304
14.152
14.152
12.576
30.88
12.576
18.44
12.864
22.016
13.44
12.576
20.44
20.016
13.44
13.152
24.592
17.728
13.216
22.016
21.304
12.576
20.016
13.44
22.016
15.44
12.576
18.44
14.152
21.016
22.016
20.016
14.152
14.152
22.016
19.728
21.016
12.576
14.152
23.016
23.016
25.704
23.016
16.152
12.576
20.44
13.152
21.304
12.576
14.44
28.88
13.44
24.592
12.864
14.152
12.576
23.016
21.304
15.592
13.44
12.576
32.456
25.592
14.152
18.44
12.728
14.216
22.304
17.728
17.728
20.44
30.88
16.152
12.576
12.576
14.152
14.592
29.88
12.576
25.88
13.44
22.304
16.152
24.84
19.016
18.44
28.168
12.576
16.152
12.576
23.304
27.592
13.152
23.016
20.304
23.304
15.44
20.016
12.576
23.016
23.016
16.152
14.152
12.576
22.464
14.352
28.88
14.152
22.016
12.864
22.016
13.44
14.152
13.44
15.44
19.728
15.44
30.88
14.152
27.592
30.28
14.152
22.304
20.44
14.152
14.152
22.016
25.592
23.016
12.576
23.016
24.592
14.152
12.576
18.44
14.152
21.304
14.152
12.576
20.44
28.88
28.168
24.592
12.576
14.152
19.728
15.44
14.44
18.44
14.152
24.016
22.016
30.88
21.568
12.576
16.152
14.152
20.44
18.44
13.44
18.44
27.88
23.016
16.304
14.152
13.152
21.304
30.88
15.568
27.88
20.016
17.904
14.152
13.44
16.152
24.592
12.576
18.44
13.152
14.152
18.44
13.152
12.576
14.44
23.304
14.152
18.44
12.576
14.152
12.576
23.304
20.304
30.88
28.88
12.576
19.016
25.88
22.016
22.304
16.152
12.576
14.152
22.016
21.016
30.88
16.152
22.304
12.576
27.88
16.168
12.576
12.576
24.592
22.48
14.152
22.104
16.152
12.576
21.304
12.576
20.016
18.44
22.016
20.016
22.016
12.576
23.304
17.728
20.016
23.016
27.88
13.152
14.152
24.592
13.44
28.128
13.152
23.016
23.304
23.304
24.592
21.304
24.592
20.44
23.016
14.152
14.152
13.44
24.592
23.016
25.592
14.152
20.44
23.304
15.44
32.456
16.152
19.728
20.304
17.728
18.44
27.88
20.44
25.88
21.368
15.44
14.152
23.016
17.728
29.88
20.304
24.592
13.152
22.016
20.304
28.168
22.456
24.592
17.728
22.016
14.152
13.152
22.304
16.152
12.576
23.304
17.728
16.152
14.44
12.576
14.44
22.104
15.44
25.88
14.152
27.592
21.304
14.152
13.152
14.152
13.44
12.576
32.456
12.576
13.152
20.016
20.44
13.152
22.016
22.016
22.016
12.576
23.016
14.44
30.88
22.016
23.016
17.728
12.576
28.88
24.592
21.28
14.152
20.304
15.44
23.016
19.728
23.016
18.44
23.016
22.304
25.88
17.728
12.576
24.592
14.152
18.44
22.016
25.592
24.68
19.304
12.576
14.44
16.152
12.576
14.152
30.88
22.016
24.592
20.016
14.152
23.016
17.728
27.592
14.152
13.152
14.152
23.304
12.576
24.592
12.576
18.44
13.44
23.016
32.456
14.44
21.016
14.152
12.576
15.44
18.44
13.44
14.152
22.016
18.728
18.44
14.152
22.304
18.728
18.44
15.592
23.016
14.152
21.016
18.44
24.592
22.304
14.152
22.304
24.592
20.08
23.016
25.592
14.152
12.576
22.304
17.792
12.576
24.592
14.152
14.152
14.44
19.728
23.016
15.152
14.152
13.44
25.592
23.016
14.152
23.304
23.304
21.016
12.576
14.152
22.016
13.152
14.152
14.44
16.152
14.44
22.016
12.576
14.152
14.152
21.016
14.152
23.016
14.152
23.304
14.152
20.016
28.88
23.168
13.44
23.304
14.152
16.152
14.152
22.304
22.304
22.016
14.152
14.152
14.152
20.304
14.152
13.152
32.456
16.152
24.592
14.152
22.016
30.168
13.656
14.152
12.576
14.152
32.456
20.016
14.152
20.44
14.592
14.152
20.44
20.016
15.44
14.152
14.152
20.304
20.44
23.304
22.016
20.016
20.44
24.592
20.44
22.016
14.44
19.728
18.44
22.016
23.304
23.016
12.864
20.728
23.416
14.152
21.304
20.44
16.152
12.576
18.44
19.304
13.44
15.44
30.88
14.44
24.592
17.728
32.456
18.44
29.168
14.152
21.016
28.88
23.168
22.016
15.44
14.528
21.304
15.44
25.592
28.88
23.168
20.304
23.144
18.44
16.232
19.016
29.168
13.152
23.04
24.592
12.576
23.016
19.728
14.152
12.864
14.152
18.44
22.304
20.44
14.152
12.576
14.152
14.152
12.576
25.592
22.28
19.304
12.576
12.576
20.44
23.432
13.152
13.152
13.44
23.304
15.44
13.44
25.592
15.44
12.728
16.152
15.44
20.44
13.44
18.44
21.304
32.456
15.44
27.592
20.44
19.304
16.152
19.304
14.152
13.44
23.016
12.576
19.728
23.016
14.152
23.016
12.576
18.44
19.304
14.152
28.88
25.88
19.016
21.304
12.576
14.152
23.016
14.152
24.592
32.456
18.44
27.88
18.44
20.016
17.728
20.016
22.304
21.304
19.88
12.576
12.576
20.016
22.304
13.44
16.152
24.84
14.152
12.576
14.152
20.016
28.88
14.152
23.016
14.152
12.576
14.44
12.576
20.016
12.576
22.304
12.992
20.304
12.576
24.592
18.44
24.592
24.592
13.152
15.152
14.152
13.152
19.88
20.44
23.304
16.392
22.016
20.016
25.88
13.152
27.88
12.576
22.016
19.904
24.592
20.016
18.44
14.152
22.016
14.152
14.152
13.152
22.016
12.704
20.44
22.304
20.016
24.592
14.152
12.576
22.016
21.304
19.728
14.44
18.44
32.456
12.576
16.152
28.88
22.304
14.152
18.44
14.152
20.44
12.576
23.016
20.304
19.304
19.304
12.576
12.576
25.88
20.44
14.44
14.152
12.576
21.016
14.152
14.592
12.576
21.304
12.576
14.152
12.576
25.88
20.016
22.016
16.152
16.152
22.016
12.576
24.592
17.728
19.728
13.016
12.576
15.44
19.016
14.152
13.152
14.44
20.016
14.152
24.592
14.152
14.152
14.152
13.152
22.304
14.44
16.152
23.64
13.44
22.104
20.016
14.152
12.576
13.44
22.016
12.576
24.592
22.168
12.576
24.016
20.016
18.44
23.016
14.44
27.592
12.576
14.152
25.88
13.44
16.152
12.576
30.88
14.152
13.44
25.592
24.592
12.576
24.016
18.44
12.576
22.304
20.44
23.016
19.728
20.016
20.016
12.576
15.44
24.016
17.728
23.304
14.152
16.152
15.44
19.304
21.016
19.016
28.168
14.152
13.152
18.44
15.152
12.576
12.576
20.016
15.44
12.576
16.152
12.576
12.576
17.728
24.592
32.456
25.88
18.968
25.592
19.728
24.816
15.44
21.304
15.152
23.016
14.152
12.864
17.728
20.304
20.016
14.152
14.152
20.016
15.44
13.152
18.44
22.304
20.728
14.152
17.728
14.152
14.152
19.728
12.576
24.816
14.152
23.016
20.016
12.576
12.576
24.592
14.152
17.728
14.44
22.016
14.152
28.88
13.152
24.592
24.592
12.576
20.44
20.44
12.576
25.592
12.576
20.304
30.88
14.152
16.44
24.016
23.016
19.728
14.152
22.016
14.152
13.304
24.592
25.592
24.592
12.728
25.88
14.152
24.304
19.304
13.44
20.304
16.152
12.576
19.016
15.44
15.44
22.304
17.728
14.44
12.576
22.304
22.016
24.592
18.44
14.152
18.44
13.44
21.304
13.152
24.304
23.056
23.016
12.576
23.016
22.168
29.168
30.88
12.576
12.864
19.728
12.576
13.152
16.152
28.168
24.592
13.152
12.576
12.576
23.016
14.152
32.456
13.544
12.576
14.152
13.152
12.576
16.152
16.152
28.44
20.016
24.016
19.304
21.016
30.168
12.576
14.152
23.016
21.304
20.44
14.152
14.152
13.44
24.016
22.016
23.304
20.304
18.44
18.44
13.44
17.728
14.152
14.152
20.016
14.152
20.304
13.152
12.576
12.576
19.728
15.44
12.576
30.88
19.728
14.152
30.88
13.44
12.576
14.152
27.88
20.016
22.016
20.44
32.456
13.44
20.304
24.592
24.592
24.592
14.152
24.592
21.304
15.44
14.152
20.44
14.728
19.728
12.576
19.728
19.016
14.152
14.152
12.576
29.88
20.44
16.152
20.44
14.152
18.44
14.152
22.016
18.704
12.576
17.728
32.456
13.152
16.44
20.016
16.44
14.44
18.44
14.152
12.576
25.592
22.016
24.592
21.28
14.152
23.304
21.304
13.152
22.016
14.152
12.576
22.016
12.576
12.576
12.576
19.728
28.88
20.304
14.592
13.152
12.576
18.44
14.152
22.016
20.728
17.728
12.576
14.44
20.44
32.456
23.144
16.152
25.88
32.456
13.44
18.44
12.864
20.44
13.152
23.304
20.016
30.88
16.152
14.152
12.864
22.304
12.576
13.152
18.44
24.592
18.44
14.152
12.576
21.304
17.992
16.44
14.152
18.728
13.44
18.44
25.88
21.368
18.056
13.152
32.456
12.576
19.728
14.44
30.88
19.304
12.576
15.44
20.016
16.152
14.44
16.152
13.152
16.152
14.152
14.152
14.152
13.152
16.44
12.576
14.152
25.88
14.152
13.152
13.152
12.576
22.016
12.576
20.304
23.304
14.152
14.152
20.44
22.304
14.152
22.304
19.728
22.016
14.152
13.152
14.152
24.592
13.152
12.576
23.016
20.016
23.016
17.728
18.44
17.728
12.576
16.304
14.152
19.728
25.592
21.304
14.392
25.88
20.016
23.304
24.592
22.016
12.704
12.576
22.016
14.152
23.016
14.152
23.016
14.152
24.592
20.016
22.016
16.44
14.152
14.152
28.88
22.016
22.304
20.304
14.152
14.152
21.304
14.152
20.44
22.304
13.152
14.152
12.576
29.88
24.592
14.152
14.44
12.576
32.456
15.44
13.192
30.88
12.864
14.152
14.152
12.864
12.576
20.44
18.44
27.592
13.48
15.44
22.304
19.728
14.152
22.016
20.44
24.304
13.152
20.016
19.728
14.44
22.016
13.152
20.016
23.016
12.576
21.304
22.016
12.704
29.168
22.304
24.592
12.576
18.44
15.44
32.456
23.168
22.016
24.592
20.44
14.152
21.016
20.016
14.152
13.152
19.768
12.576
15.44
13.152
20.44
23.016
13.44
21.304
15.44
16.152
13.44
22.304
14.152
13.152
23.304
14.152
19.728
18.44
23.016
18.44
12.728
23.016
13.44
18.44
22.016
24.592
14.152
20.016
14.152
16.44
17.928
15.44
24.592
14.152
12.576
16.592
13.152
23.016
18.44
21.016
14.44
19.728
16.152
24.84
14.152
12.864
23.304
13.44
12.576
14.44
23.016
13.704
20.016
21.304
20.44
17.728
22.016
23.016
20.44
12.576
22.464
13.304
23.304
20.016
18.44
13.152
24.592
13.152
18.44
13.152
23.04
13.44
20.304
18.44
16.152
12.728
13.152
22.304
29.168
12.576
14.152
20.44
12.728
12.576
23.304
28.88
22.304
19.016
14.44
22.016
22.016
13.44
21.304
18.44
12.576
15.616
13.152
24.592
13.152
14.152
14.152
30.168
21.016
12.576
12.576
15.44
21.304
29.88
14.152
12.576
28.168
12.864
29.952
30.88
23.016
20.016
16.152
14.44
27.88
12.576
22.016
28.168
23.016
14.152
23.016
22.304
16.304
20.192
15.44
15.152
28.88
12.576
12.576
19.016
13.44
14.152
20.016
15.44
13.152
12.864
22.304
13.44
19.728
24.016
14.152
13.44
23.016
14.152
22.304
22.016
14.44
24.592
14.152
23.304
20.44
20.304
22.016
23.504
22.016
32.456
22.016
14.152
20.016
14.152
21.304
14.152
14.44
19.304
23.016
20.016
28.88
12.576
23.016
15.44
13.152
23.016
24.592
13.44
13.152
32.456
20.44
16.152
20.304
12.576
14.152
12.576
15.44
21.304
23.016
24.592
15.44
20.44
22.016
14.152
13.152
14.44
20.016
20.016
21.304
12.576
14.152
28.88
18.44
20.016
14.152
17.904
24.016
14.152
12.576
14.152
13.152
23.04
13.152
23.04
12.576
14.152
20.304
12.576
20.44
20.016
31.168
24.592
19.728
25.592
21.304
13.192
15.44
20.304
14.152
13.152
12.864
17.952
14.152
12.576
12.576
21.016
15.44
18.728
21.304
12.576
14.152
23.304
29.168
14.152
22.304
14.152
27.592
14.152
28.88
15.44
14.152
14.152
12.864
14.152
22.016
19.728
27.592
13.48
16.152
20.04
21.304
15.88
17.728
27.88
13.44
24.856
14.152
19.304
23.016
20.44
13.44
22.304
18.728
25.88
18.44
17.728
12.576
16.304
21.304
21.304
25.592
13.304
18.44
20.016
24.592
15.44
21.016
22.016
14.152
32.456
19.728
24.592
19.016
15.44
21.304
24.592
13.44
20.016
14.152
14.152
12.576
12.576
13.44
28.128
15.152
13.44
23.304
12.864
14.44
28.88
12.864
12.576
12.576
12.576
12.576
15.592
19.016
14.152
24.592
17.728
14.152
20.016
17.728
20.016
18.44
24.592
14.152
25.88
20.016
23.016
14.152
18.728
13.152
16.152
21.304
24.592
14.152
18.728
21.304
23.016
14.152
16.152
23.016
17.728
13.216
14.44
14.44
12.576
22.304
18.44
12.576
21.016
12.576
12.576
22.016
12.704
21.016
14.152
14.44
30.168
13.152
14.152
24.592
22.016
12.576
13.152
18.44
12.576
19.304
12.576
12.576
25.88
23.304
12.576
28.88
13.568
23.016
19.728
22.016
14.152
17.728
14.152
22.016
22.016
19.728
12.864
14.44
21.016
12.576
20.016
32.456
32.456
21.016
14.152
22.016
19.728
14.152
13.152
14.152
20.304
13.152
23.016
17.728
12.576
21.304
12.728
14.44
22.016
22.016
32.456
14.152
23.016
13.704
16.152
14.152
18.44
12.576
22.016
13.152
19.728
20.44
22.016
24.592
16.152
29.168
14.44
17.728
14.152
23.016
20.44
12.576
17.728
30.88
17.728
12.576
14.44
24.592
13.152
32.64
18.44
20.016
24.016
12.728
12.576
12.576
20.016
17.728
19.016
22.016
15.152
12.576
24.592
20.08
24.592
13.152
13.152
23.016
22.016
18.704
19.016
22.304
22.016
19.728
20.016
14.152
13.152
14.44
13.44
20.016
23.016
20.304
13.44
30.88
23.016
12.576
12.576
27.592
22.016
14.152
23.016
15.44
24.592
24.592
24.592
20.44
14.728
23.016
27.592
14.152
25.592
22.016
13.152
24.016
29.168
25.88
13.152
20.016
18.44
24.592
18.44
12.576
20.304
20.016
14.152
18.44
16.152
25.592
21.304
14.152
16.152
13.152
22.304
18.44
12.728
13.152
16.152
20.016
12.864
29.952
17.84
20.44
14.152
15.64
20.016
22.304
22.016
19.904
12.576
16.44
22.304
22.304
20.016
14.152
14.152
17.728
14.152
20.304
14.44
14.152
12.576
17.728
15.152
22.016
20.016
14.152
18.44
13.44
14.152
18.44
14.304
12.576
14.152
15.64
25.592
22.304
18.44
14.592
12.576
27.592
25.88
13.44
20.44
12.576
12.864
17.728
14.152
20.016
19.728
12.576
12.864
15.552
20.44
14.152
12.576
30.168
13.152
19.728
14.152
12.576
12.576
22.016
13.44
13.44
19.304
23.192
20.016
19.728
20.016
30.168
14.152
16.152
24.592
12.576
24.592
24.592
16.152
23.016
25.704
20.016
23.016
20.016
13.44
24.592
23.016
20.016
20.44
16.152
24.592
14.152
15.64
21.304
23.016
18.44
23.016
24.592
22.48
14.152
24.592
13.44
22.304
14.304
14.44
23.016
22.304
20.192
15.616
17.728
24.592
14.152
24.592
17.728
16.152
17.728
20.728
14.152
19.728
23.016
12.576
17.728
23.016
25.704
17.728
20.016
14.152
14.152
15.44
13.44
15.44
14.152
32.456
22.016
22.304
14.44
12.576
23.016
12.576
21.304
23.016
12.576
22.304
14.152
20.304
16.152
12.576
14.44
23.016
19.016
12.576
12.576
13.44
25.728
12.576
20.016
31.104
25.592
24.592
23.016
12.576
14.152
12.576
24.592
13.152
22.304
14.152
28.168
12.576
14.152
14.152
30.88
12.576
19.304
18.728
14.152
13.592
28.88
22.256
21.344
12.576
21.016
19.728
25.88
12.576
17.728
30.88
20.44
14.152
23.016
14.44
25.88
12.864
14.152
12.864
15.44
24.592
15.28
15.44
23.016
14.152
23.016
23.016
22.016
12.704
25.88
13.152
22.016
20.304
15.44
12.576
13.592
21.304
14.152
20.44
28.88
12.576
20.44
14.44
14.152
13.152
22.016
27.88
14.44
25.88
12.968
18.056
13.44
14.152
20.304
14.592
32.456
14.152
12.576
22.016
18.44
12.576
15.44
14.152
14.152
27.592
29.08
14.152
12.576
23.016
13.44
22.304
15.44
12.576
24.592
13.44
25.592
14.44
14.152
27.592
17.728
18.44
12.728
14.216
23.016
14.152
19.304
12.576
23.016
18.44
14.152
28.88
18.44
13.152
12.576
22.016
16.304
24.592
29.88
24.592
18.44
12.728
20.016
14.44
22.016
14.152
21.304
19.192
32.456
23.016
14.152
28.88
12.576
21.016
25.592
14.152
22.304
14.152
22.016
14.152
22.016
19.728
12.576
14.44
21.24
12.576
24.592
12.88
23.016
12.576
21.304
19.728
24.816
16.152
24.84
12.576
19.016
13.152
12.576
19.016
23.016
19.728
18.44
14.152
23.016
15.44
18.44
12.728
23.016
19.016
32.456
15.44
23.016
23.016
20.016
14.152
22.304
19.016
22.304
24.016
22.016
14.152
23.304
16.392
18.44
25.88
12.576
22.016
23.504
13.44
23.016
19.304
12.576
16.44
20.016
14.152
13.152
18.44
14.152
16.152
20.44
14.152
19.88
14.152
28.104
14.152
24.592
14.152
20.44
13.44
12.576
23.016
14.152
13.44
25.88
32.456
14.152
16.152
28.88
12.576
14.44
22.304
21.016
20.44
27.88
19.016
32.456
18.44
12.576
24.592
15.44
19.728
20.016
13.44
12.576
19.304
24.592
14.152
18.728
21.304
14.152
22.016
17.728
25.592
23.304
12.576
23.016
12.576
17.728
24.592
17.728
16.152
26.04
15.44
23.016
20.44
18.44
19.016
21.016
14.152
20.016
15.504
18.44
22.016
14.152
14.44
21.016
20.104
23.016
22.104
16.392
31.08
24.592
20.304
23.016
12.576
20.016
22.304
22.016
14.44
18.44
22.056
23.016
28.88
20.016
20.016
15.44
14.152
14.152
12.576
21.016
12.576
14.44
17.728
18.44
14.44
13.152
20.44
22.016
18.704
28.88
20.44
20.016
13.44
20.928
15.152
20.44
14.152
21.016
14.152
22.016
20.016
14.152
22.304
14.44
23.304
12.576
13.44
17.728
27.592
20.44
20.44
17.728
12.576
23.016
22.104
19.016
14.152
20.016
15.44
16.152
12.576
21.304
13.192
21.304
18.44
24.592
17.728
32.456
20.016
14.152
21.304
12.576
23.016
19.728
20.016
17.904
30.88
14.152
23.016
14.152
17.728
24.592
12.88
20.016
12.576
22.016
32.456
16.152
13.304
13.44
24.592
18.88
27.592
13.152
12.576
16.152
12.576
22.016
24.592
16.152
22.016
23.016
23.016
14.44
16.152
24.84
25.592
19.728
16.152
23.456
14.44
24.592
20.016
21.504
12.576
14.152
22.392
23.016
12.576
20.016
18.44
20.016
22.304
20.016
14.152
18.44
22.328
24.592
14.152
28.88
15.152
27.592
13.48
12.576
20.016
21.504
28.88
14.44
23.016
20.44
12.576
20.016
20.016
14.152
19.016
22.016
13.152
12.576
12.728
17.728
29.168
14.44
14.152
28.88
22.016
19.304
13.592
22.304
12.992
31.28
29.168
14.152
17.728
14.152
24.592
28.88
23.168
17.728
14.152
12.576
12.576
21.016
14.44
27.592
14.44
23.304
15.44
24.592
13.44
22.016
24.592
25.592
14.44
24.592
24.592
22.016
15.152
20.44
14.152
27.592
23.304
13.44
22.304
19.728
12.576
14.152
29.304
22.392
13.44
14.44
19.728
14.152
13.152
27.592
16.152
19.016
25.592
19.304
20.304
14.44
21.016
24.592
21.28
14.152
13.152
12.576
12.576
14.152
13.152
14.152
19.304
23.304
23.016
16.152
20.44
28.168
19.728
18.44
22.168
29.168
23.016
16.304
14.152
22.016
13.44
22.016
21.016
16.152
19.304
14.44
14.152
20.44
14.152
13.152
14.152
15.152
20.44
23.016
19.016
18.44
14.152
15.64
25.592
22.016
22.016
12.576
27.592
16.44
14.152
30.88
14.152
24.792
15.44
18.44
28.168
12.864
18.44
15.44
20.016
14.152
20.44
22.016
18.44
20.44
24.592
20.016
19.728
22.304
20.016
17.728
32.456
14.152
14.152
22.016
14.152
13.44
22.016
12.704
14.152
14.152
13.152
22.304
13.44
32.456
19.728
18.44
21.016
20.44
12.576
28.88
12.864
30.88
22.304
16.152
12.576
24.84
20.328
23.304
18.44
12.728
25.592
13.152
14.152
21.304
20.728
14.44
20.44
14.152
16.592
25.592
30.88
22.016
12.576
23.016
14.44
22.304
25.592
31.168
25.592
18.44
23.016
20.016
16.44
24.592
14.152
20.44
24.592
12.576
16.152
12.576
17.728
14.152
23.016
13.152
20.016
13.44
20.016
22.016
19.016
18.44
12.576
12.576
24.592
21.304
14.152
23.304
25.88
24.592
22.016
20.304
24.592
14.152
12.576
24.592
20.44
20.44
14.152
28.88
14.44
23.016
29.88
13.152
12.576
22.016
21.016
12.576
15.152
12.576
16.152
25.88
14.152
12.576
20.44
22.016
14.152
30.168
22.016
14.152
13.152
13.152
15.152
30.168
23.256
12.576
12.576
28.168
12.576
21.304
23.016
19.728
12.576
13.44
13.152
12.576
25.592
21.08
24.592
15.152
13.152
12.576
18.44
12.576
14.152
13.152
15.44
13.328
24.592
25.592
14.152
14.44
14.152
20.304
19.304
14.152
14.152
21.304
20.44
27.88
12.576
13.44
14.152
20.44
12.576
28.88
25.592
23.016
12.576
14.152
22.016
24.592
20.44
14.152
13.152
13.44
18.44
16.304
18.44
20.304
28.88
12.576
14.152
14.152
12.576
12.576
23.016
29.88
14.152
12.576
24.592
30.88
12.864
22.016
13.44
22.304
13.44
22.016
13.016
19.304
30.88
19.88
20.016
24.304
14.44
17.728
13.44
30.88
14.152
20.304
13.44
31.168
13.152
24.592
22.304
22.016
18.44
12.728
20.44
32.456
29.88
18.44
14.152
27.88
19.728
13.152
20.44
13.152
24.592
14.44
21.304
14.392
14.152
13.44
12.576
13.152
13.44
25.592
20.304
12.576
22.304
14.44
27.88
22.304
14.152
12.576
12.576
12.576
29.88
27.88
14.152
13.44
28.88
28.168
30.88
22.016
14.44
23.016
21.304
21.016
13.152
24.592
20.08
22.768
24.592
23.016
13.152
13.152
20.016
15.44
23.016
23.304
14.152
15.64
13.152
24.592
25.88
13.152
23.304
19.992
13.08
24.592
24.592
20.016
19.728
14.44
23.016
24.592
20.44
12.576
21.016
23.304
14.152
16.152
13.44
24.592
21.304
13.192
22.304
14.44
14.152
13.152
20.016
25.592
14.152
19.016
12.576
31.168
20.016
20.44
23.256
14.152
22.016
14.152
24.592
12.576
24.592
12.864
24.592
28.168
23.144
18.44
22.016
21.304
20.016
14.152
14.152
14.44
13.44
31.168
16.152
22.016
14.44
23.016
14.152
19.016
23.016
21.016
20.304
20.304
12.576
14.152
20.168
19.016
24.592
23.016
14.152
18.44
12.576
20.064
14.152
12.576
29.144
24.592
19.304
27.992
13.44
18.44
17.728
12.576
14.152
28.88
23.304
12.864
19.016
13.152
27.88
20.304
14.152
22.016
12.704
20.168
23.304
22.392
16.152
16.152
12.576
17.728
14.152
20.44
14.44
13.152
14.44
18.44
18.44
13.152
15.44
14.152
16.504
14.152
17.728
13.216
30.168
21.304
15.44
14.44
19.304
24.592
13.44
28.128
14.152
22.304
20.44
12.864
23.016
24.592
15.44
23.304
14.152
14.152
17.728
13.216
23.104
14.152
13.152
12.576
12.576
25.592
12.576
14.44
20.44
27.88
13.44
12.576
14.44
12.576
15.44
14.152
13.44
28.88
25.592
16.152
12.576
23.016
12.904
24.592
20.44
14.152
14.152
27.88
20.016
23.304
14.152
14.152
13.44
14.152
12.576
23.016
23.016
13.152
16.44
12.576
22.016
12.704
13.152
14.152
23.016
14.152
14.44
19.304
13.152
30.88
21.304
14.44
19.728
24.304
16.192
19.728
16.152
14.152
18.44
15.44
23.016
22.016
14.152
20.016
23.016
20.016
14.44
17.728
22.016
25.904
14.152
12.576
24.592
16.152
24.592
24.592
22.304
21.304
24.016
18.44
14.152
17.728
14.44
24.592
22.016
31.168
20.44
24.592
14.152
22.016
12.864
27.592
20.44
22.016
20.016
12.576
22.016
13.44
14.152
23.304
22.392
12.576
17.792
20.304
29.168
20.016
23.016
17.728
27.616
25.592
18.44
24.592
22.304
22.304
20.016
23.016
32.456
14.152
28.88
23.168
22.016
25.88
21.304
29.168
16.256
14.152
23.016
25.88
13.152
12.576
22.304
12.576
14.152
19.304
24.592
12.576
12.576
14.44
14.152
13.44
20.44
32.456
18.44
31.168
12.576
16.152
18.44
12.728
12.576
12.576
24.592
23.016
23.016
20.44
22.304
12.576
20.44
13.44
22.304
19.728
13.304
23.016
14.152
12.576
25.592
16.152
23.016
19.728
13.152
32.456
15.44
12.576
14.152
12.576
23.168
23.304
14.152
17.728
14.152
24.592
27.88
12.576
14.152
20.016
24.016
21.304
20.44
14.44
23.016
32.456
22.304
17.728
22.016
24.592
12.704
32.456
20.016
13.592
13.152
27.84
25.592
23.016
19.728
14.152
18.44
20.016
20.44
16.152
12.576
20.44
14.152
20.016
22.016
13.152
22.304
20.44
23.304
25.88
14.152
17.768
32.456
12.576
16.152
22.304
21.24
18.44
14.152
24.592
14.152
16.152
16.152
12.864
14.152
13.44
13.152
21.304
23.016
20.44
19.016
16.44
12.576
20.728
14.44
22.016
13.152
30.168
14.152
24.592
20.44
16.152
24.592
13.44
19.728
14.152
13.44
14.44
17.728
30.88
12.576
32.456
28.168
27.88
12.576
23.304
19.304
12.576
19.304
24.592
22.016
14.152
23.304
14.152
14.152
24.592
16.152
22.304
15.24
13.44
16.152
12.576
13.152
24.592
24.592
20.304
14.152
12.576
14.152
23.016
27.88
12.576
24.592
27.88
13.152
21.304
24.592
24.592
20.016
23.016
12.864
21.016
23.016
14.152
32.456
22.304
22.016
21.304
19.192
32.68
25.592
12.576
30.88
24.592
13.44
24.592
24.592
13.152
14.44
24.016
25.88
32.456
23.016
14.44
20.44
20.304
24.592
14.44
22.304
16.152
21.304
24.016
20.44
14.152
23.016
14.152
32.456
24.592
27.88
14.152
22.304
27.88
22.016
16.152
21.304
20.44
14.152
20.44
15.44
28.88
30.88
16.152
23.304
14.44
25.88
20.168
25.592
31.168
20.44
17.728
14.152
13.44
20.44
20.44
14.44
14.152
12.576
13.44
22.304
29.168
14.152
23.016
19.304
17.728
22.016
14.152
18.44
14.152
12.576
13.152
14.152
15.44
16.304
22.016
28.88
12.576
20.44
12.576
22.304
16.44
28.88
24.304
14.152
24.792
23.016
14.152
14.44
22.016
20.304
32.456
15.44
13.44
22.304
21.304
12.576
14.152
27.88
24.592
20.08
18.44
12.864
23.016
30.88
24.592
17.728
20.44
28.88
15.44
13.44
23.016
30.88
14.152
13.44
14.44
24.592
15.44
12.576
12.576
19.016
13.152
15.592
12.576
12.576
15.44
14.44
16.44
23.016
22.016
22.016
14.152
14.152
12.864
21.304
28.88
16.44
22.304
17.792
28.88
20.44
14.44
32.456
19.728
22.016
16.304
14.44
13.44
19.152
28.88
25.88
14.44
19.728
22.016
17.728
23.016
12.576
19.304
18.44
20.304
23.016
13.44
18.44
23.304
24.792
13.08
28.968
24.592
14.152
13.152
24.304
28.88
21.016
25.88
14.304
20.016
14.44
30.168
14.152
14.152
20.728
22.456
12.864
14.592
18.48
20.016
14.44
18.44
14.152
24.016
14.44
19.728
23.016
17.728
14.44
22.016
14.152
18.44
22.48
13.44
24.592
13.44
23.016
21.304
12.576
24.592
21.304
12.576
27.592
22.016
27.88
23.016
25.88
14.152
13.44
22.016
21.104
18.44
14.152
17.728
14.152
28.88
22.304
20.016
16.152
12.576
20.016
24.592
27.592
13.44
12.576
23.016
20.44
14.44
28.88
14.152
22.304
18.44
12.576
22.304
22.304
13.592
16.28
23.304
19.728
17.728
24.592
17.728
21.016
24.592
28.88
20.44
13.44
12.576
19.016
14.152
22.304
14.152
20.44
22.016
14.44
22.016
16.152
12.576
28.88
14.44
16.44
22.016
23.504
19.728
13.152
24.016
22.016
12.576
20.016
18.44
12.576
13.152
22.304
12.576
21.016
23.016
23.016
28.104
16.152
24.592
12.576
16.152
12.576
22.016
23.304
12.576
18.44
12.576
15.44
14.44
22.016
18.44
30.992
12.576
15.44
21.304
14.392
13.152
21.304
27.592
20.44
14.152
22.016
12.576
15.44
14.152
16.152
16.192
31.168
17.728
23.304
23.016
20.016
23.304
14.152
24.856
14.152
13.152
23.016
15.44
20.528
23.304
18.44
21.016
13.152
14.152
32.456
24.592
22.016
14.152
13.152
24.592
23.016
12.576
22.016
14.152
30.88
15.44
12.576
32.456
20.44
12.576
24.592
19.728
14.44
23.016
14.152
22.304
14.44
23.016
12.576
12.576
14.152
12.576
15.152
20.24
13.152
12.576
18.728
24.592
12.576
15.44
19.304
14.152
23.016
14.152
14.44
14.152
23.016
14.152
14.44
25.592
14.152
20.016
13.44
20.304
17.728
12.864
15.44
18.44
20.016
12.576
23.016
16.44
15.44
14.44
14.192
19.304
23.016
13.44
30.168
19.728
23.304
14.152
20.304
13.152
32.456
25.592
23.48
14.152
16.152
22.304
24.304
20.016
14.152
14.152
14.152
13.152
23.304
23.016
22.304
20.016
14.152
13.152
20.728
24.304
20.44
28.88
20.016
14.152
13.44
14.152
22.016
13.44
13.44
16.152
13.152
23.304
24.304
15.152
24.016
13.44
20.44
15.44
28.88
22.304
20.192
13.152
18.44
21.016
25.592
22.016
22.304
14.192
13.152
22.304
20.44
14.152
16.152
29.88
14.44
12.576
20.016
32.456
16.44
14.152
19.304
13.44
27.592
12.576
16.592
19.728
14.44
27.88
13.44
24.592
13.44
18.44
22.016
24.592
24.592
15.44
13.152
23.304
14.152
13.152
27.88
19.728
14.152
19.304
15.44
25.592
12.576
13.152
25.592
17.728
16.152
20.44
20.016
21.304
14.152
14.304
21.304
13.44
12.864
22.016
20.016
18.44
23.304
28.88
30.368
21.304
28.88
22.016
12.704
12.576
24.592
22.48
12.576
24.592
23.016
25.592
19.88
12.864
21.552
23.304
19.728
14.152
23.016
19.728
13.152
27.88
22.304
18.728
12.576
24.592
15.44
20.44
12.576
24.592
30.88
14.152
23.016
12.576
12.576
24.592
23.016
18.44
19.728
12.576
12.576
14.152
28.88
15.44
18.44
16.304
14.152
12.576
22.304
14.152
14.152
20.016
13.152
25.592
15.44
32.456
32.456
13.44
27.592
14.152
18.728
14.44
19.728
29.88
12.576
23.304
14.152
14.152
14.152
22.016
15.44
14.152
13.152
29.88
22.304
14.152
12.576
14.152
21.304
21.304
16.152
13.152
22.016
32.456
15.24
23.016
24.592
14.44
23.016
23.016
20.44
23.016
18.44
16.152
19.728
12.576
22.304
22.016
28.88
14.152
24.592
18.44
12.864
12.576
24.016
14.152
20.44
27.88
13.152
12.576
20.44
25.88
14.152
13.152
29.04
17.728
28.88
14.152
16.152
27.88
24.592
30.88
12.864
22.016
12.576
24.592
28.168
26.056
23.304
12.576
14.152
23.016
22.304
14.152
14.152
21.016
12.576
22.304
14.152
32.456
14.152
22.016
12.576
14.152
22.016
24.592
19.304
19.304
12.576
23.304
13.152
12.576
19.728
28.88
27.968
14.152
14.152
12.576
19.304
27.992
12.576
19.728
17.728
14.44
12.576
23.016
20.44
12.864
12.576
15.44
24.592
23.016
22.104
14.152
14.44
14.152
18.44
23.016
15.44
23.168
21.304
14.44
23.016
18.44
14.152
15.592
24.592
22.016
20.016
13.104
12.576
14.44
23.016
19.728
14.152
19.016
14.152
12.576
14.152
12.576
23.016
15.44
13.44
15.44
22.016
25.592
13.152
28.88
16.152
14.152
24.592
13.304
20.016
21.016
25.592
23.016
28.88
19.728
12.576
25.88
22.016
25.592
28.88
28.88
22.016
24.592
12.576
16.152
22.016
23.304
23.304
23.016
18.44
12.728
13.152
27.592
16.152
22.44
15.592
12.576
14.152
29.168
14.152
16.152
28.88
12.576
20.016
14.152
24.592
20.08
12.576
24.592
22.016
24.704
14.152
14.44
25.88
29.88
22.016
18.704
20.44
14.728
12.576
12.576
32.456
12.576
23.304
23.016
20.016
12.576
22.016
14.152
14.44
19.728
24.816
24.016
12.864
23.016
14.152
27.88
14.152
20.016
17.728
14.152
28.88
14.152
30.168
24.016
20.016
24.016
19.016
27.88
14.152
16.152
12.576
22.016
21.304
13.192
24.592
21.016
30.88
13.168
21.016
13.152
13.44
12.576
20.44
17.728
14.152
14.152
13.44
18.44
12.864
25.592
12.576
14.152
13.152
19.728
18.44
28.88
14.152
18.44
14.152
22.016
30.88
17.968
22.016
12.576
14.152
18.44
12.576
19.728
15.44
12.576
22.304
12.576
30.992
24.592
14.152
19.016
22.304
22.016
14.152
19.304
24.592
22.056
20.44
12.576
30.88
14.152
29.168
13.44
25.592
22.016
13.44
20.016
20.016
14.152
20.304
18.44
28.88
17.728
22.016
23.016
24.592
14.44
13.152
15.44
13.44
22.304
20.44
12.576
22.016
25.88
14.152
24.304
21.304
12.576
25.592
13.152
12.576
28.168
24.592
14.152
12.576
20.44
27.88
30.88
13.016
21.304
30.88
16.152
12.576
18.44
14.152
22.016
22.304
14.152
23.016
24.592
14.152
25.592
17.728
14.152
24.592
23.016
14.152
20.44
17.728
14.44
13.44
19.728
23.016
13.44
15.44
14.152
14.152
28.88
23.016
17.728
20.44
15.44
19.328
19.304
20.728
23.016
14.44
12.576
12.576
23.016
14.152
28.88
19.568
14.152
14.152
22.016
23.304
15.152
18.44
14.152
17.728
24.304
27.592
15.44
24.592
20.44
16.152
20.168
12.576
14.152
23.304
12.576
23.016
22.304
20.44
19.728
20.016
23.016
16.44
12.576
12.576
12.576
19.304
22.016
19.728
14.152
19.016
13.592
17.728
19.728
23.016
20.016
24.592
24.592
12.576
12.576
14.44
23.304
12.576
14.152
16.152
19.016
14.304
13.44
14.152
25.592
13.152
14.152
13.152
24.632
23.016
13.44
20.016
20.016
21.304
14.44
12.576
18.728
28.168
14.44
12.576
18.44
30.88
12.576
15.44
22.016
20.016
14.152
12.864
12.576
14.152
16.152
17.728
20.304
14.44
19.016
16.152
28.88
13.568
13.152
12.576
28.168
24.856
14.152
14.152
14.152
13.44
25.592
12.576
23.304
13.152
14.44
14.44
14.152
13.44
25.728
24.592
14.152
13.152
14.152
24.592
22.304
14.152
24.592
20.44
12.576
20.016
24.592
17.728
19.216
15.44
22.016
14.152
13.152
22.304
15.44
24.592
14.152
20.44
18.44
14.152
24.592
13.44
13.152
22.016
18.44
14.152
13.44
14.152
22.016
14.152
18.44
20.016
12.576
20.44
24.592
14.152
17.728
25.88
12.864
30.88
25.88
18.44
30.88
22.304
14.592
14.44
20.44
22.016
20.016
25.88
22.016
14.152
18.44
14.152
22.304
15.44
18.44
17.728
17.728
17.728
14.152
20.44
27.88
23.368
24.856
20.44
20.44
23.016
12.576
14.152
12.576
12.576
25.88
28.88
20.44
12.576
15.44
21.016
13.44
14.152
21.016
14.152
14.152
12.576
13.44
30.168
23.304
12.576
20.016
14.44
19.016
14.44
23.016
14.152
12.576
13.152
14.152
27.88
24.592
22.016
28.88
24.592
14.152
13.44
22.016
25.88
24.592
19.304
13.44
20.016
14.44
13.44
22.016
21.016
14.152
19.016
23.304
12.576
28.88
23.016
18.44
22.016
13.152
12.576
14.44
28.168
15.44
19.304
14.152
20.016
13.44
17.728
14.152
14.44
14.152
14.152
18.44
12.576
13.44
25.88
14.152
13.152
12.576
14.152
13.44
24.592
14.152
16.152
27.88
14.152
13.44
21.016
14.152
24.592
20.016
29.168
13.152
24.592
23.016
21.304
23.056
15.44
12.576
24.592
19.728
12.576
18.44
22.304
14.44
32.456
20.304
20.016
12.576
13.44
22.016
20.44
32.456
21.304
27.88
18.44
21.016
18.44
13.44
17.728
23.304
15.44
14.152
23.016
13.152
24.592
14.44
14.152
12.576
23.304
21.304
12.864
12.576
16.44
19.728
14.44
16.44
14.152
13.152
21.304
22.304
32.456
23.304
14.152
14.152
24.016
24.016
18.44
20.016
15.592
24.592
13.152
16.152
12.576
20.44
12.576
27.88
12.576
27.88
14.152
15.44
24.016
14.44
14.152
22.016
20.016
15.44
14.152
13.44
14.152
13.44
13.44
24.592
13.152
13.44
19.728
24.592
28.88
22.304
23.304
20.304
23.016
18.44
19.728
23.016
20.016
21.304
14.44
20.44
22.016
23.016
16.44
12.576
23.016
14.152
24.016
20.44
12.576
22.016
16.152
13.44
18.44
12.864
20.016
14.152
15.44
23.016
24.592
14.592
14.152
12.576
25.592
12.576
28.28
12.576
12.576
13.152
20.44
12.576
15.44
13.152
20.016
23.016
13.44
14.152
24.592
13.152
12.576
23.016
24.592
14.44
13.152
22.016
14.152
21.304
14.392
14.152
32.456
14.152
30.88
12.576
14.152
14.152
23.016
16.152
12.576
18.44
24.592
13.152
22.304
17.792
12.864
14.152
12.576
14.152
12.576
13.152
23.04
19.728
20.016
14.152
23.304
14.152
20.016
22.304
14.152
20.304
19.728
12.576
23.304
27.592
22.016
20.304
12.576
25.592
18.44
32.456
13.44
23.016
23.016
14.44
15.44
12.576
20.016
27.88
25.592
22.016
19.728
12.704
21.392
17.728
20.44
23.016
12.576
12.576
20.016
14.152
32.456
24.592
14.44
24.592
14.44
18.44
23.016
14.152
20.016
12.576
14.152
12.576
23.304
25.592
12.576
18.44
20.016
14.152
14.152
14.152
20.44
18.44
22.016
12.576
20.44
24.592
20.44
12.864
19.016
14.152
14.152
23.016
20.016
12.576
20.44
19.728
30.88
17.968
23.304
17.728
25.592
20.016
23.016
22.016
21.304
14.152
20.016
14.44
23.016
18.44
14.152
17.728
13.216
23.016
13.44
21.016
20.016
18.44
24.592
19.016
21.304
14.152
22.304
28.168
14.152
14.44
21.304
14.152
23.304
16.152
14.44
13.44
12.576
24.592
20.08
14.152
27.88
14.152
22.304
28.168
17.928
13.152
19.304
14.152
12.576
23.016
21.016
20.44
21.016
17.728
13.216
21.304
20.016
29.88
24.592
15.44
25.592
21.304
13.44
20.016
12.576
19.728
21.304
20.304
25.88
19.728
13.44
13.152
12.576
13.44
23.304
23.304
32.456
20.016
14.152
12.576
22.304
14.152
20.016
31.104
18.44
15.44
13.152
12.576
19.304
20.016
17.904
32.592
12.576
21.304
14.152
15.44
22.304
23.304
17.728
14.152
18.44
23.016
12.576
25.592
27.592
12.576
24.592
14.152
25.592
14.152
12.576
24.592
19.728
30.88
20.016
17.728
14.152
17.728
14.152
13.44
14.152
31.168
22.304
14.192
15.68
13.152
14.44
19.304
23.304
15.44
14.44
14.152
12.576
18.44
20.44
24.592
20.016
27.88
24.592
22.016
24.592
24.592
22.304
22.016
20.016
29.88
12.576
13.152
20.44
24.592
24.592
23.016
13.704
18.44
15.152
20.44
12.576
14.152
22.016
27.592
22.016
12.576
22.304
20.016
13.152
23.016
22.104
13.152
20.728
21.304
32.456
22.016
18.704
18.44
19.016
20.44
16.152
18.44
28.168
22.304
22.016
14.44
12.576
22.304
13.152
29.04
23.016
16.152
12.576
25.88
20.304
13.44
12.576
13.44
25.88
14.152
25.592
23.016
12.576
13.152
14.152
13.152
14.44
12.576
24.592
17.728
20.016
13.152
19.728
14.152
18.44
24.592
14.152
12.576
13.152
16.152
22.304
20.304
23.016
14.152
23.304
21.304
20.016
25.88
23.016
17.728
12.576
24.592
22.016
19.728
20.016
14.152
20.44
20.304
22.304
14.152
23.016
13.44
15.44
22.016
24.704
15.44
23.056
22.304
15.44
23.016
22.016
18.44
19.016
14.152
24.592
14.44
13.44
22.016
18.704
22.304
13.152
15.44
24.592
14.152
12.576
23.016
16.152
13.152
22.016
24.592
28.88
14.152
27.88
14.152
13.44
24.592
17.728
14.152
20.016
15.44
12.576
22.304
28.88
18.44
13.152
24.592
21.304
14.152
13.592
12.864
28.168
13.152
12.576
19.304
20.792
19.304
21.016
16.152
14.152
17.728
23.016
20.304
18.44
16.152
14.152
13.152
20.44
12.576
24.592
20.08
22.768
14.152
28.88
28.88
22.016
24.592
17.728
13.44
22.016
14.44
23.304
22.304
13.152
15.44
13.328
12.576
15.44
14.152
22.304
17.792
12.576
24.592
20.08
14.44
17.728
13.44
21.016
14.152
23.016
14.592
16.152
23.016
23.016
14.152
13.44
14.152
28.168
20.056
23.016
14.152
23.016
23.016
22.016
16.152
15.44
21.304
22.016
12.576
25.592
21.304
14.152
24.592
18.44
13.152
18.44
22.304
17.792
23.016
12.576
24.592
13.44
23.304
14.152
25.592
19.304
14.152
20.016
24.016
22.016
14.152
15.64
22.016
20.016
25.88
24.592
19.016
19.728
15.44
24.592
12.576
25.88
20.016
16.152
17.728
19.728
13.44
12.576
18.44
12.728
30.88
14.44
29.88
23.016
14.152
20.728
12.728
20.216
29.168
22.256
14.152
13.152
13.152
22.016
20.304
13.44
23.016
22.016
14.152
18.44
12.728
14.216
25.592
22.016
14.152
19.728
12.576
14.152
14.152
14.152
23.016
14.152
12.576
12.576
14.152
13.592
28.28
20.304
22.016
14.44
22.016
22.304
19.728
32.456
28.88
19.016
14.152
12.728
14.216
20.504
19.728
14.152
21.016
28.88
28.88
21.016
25.592
12.576
20.016
15.44
14.152
22.016
21.016
14.152
20.016
16.704
14.44
13.152
12.576
23.016
16.152
23.016
13.44
23.304
12.576
15.44
14.44
20.304
14.592
13.152
23.304
20.304
27.592
21.016
18.44
22.016
12.704
20.192
14.152
15.64
12.576
25.592
14.152
13.152
22.304
22.304
14.192
22.016
12.704
19.016
14.152
14.152
20.016
15.44
25.88
12.576
21.304
25.592
14.152
12.576
12.576
13.44
30.88
14.152
22.016
14.152
22.016
24.592
14.152
13.44
14.152
13.44
24.592
24.592
29.88
22.016
18.44
24.592
24.592
21.016
