12.576
12.664
12.752
12.84
12.928
13.016
13.104
13.192
13.28
13.368
13.456
13.544
13.632
13.72
13.808
13.896
13.984
14.072
14.16
14.248
14.336
14.424
14.512
14.6
14.688
14.776
14.864
14.952
15.04
15.128
15.216
15.304
15.392
15.48
15.568
15.656
15.744
15.832
15.92
16.008
16.096
16.184
16.272
16.36
16.448
16.536
16.624
16.712
16.8
16.888
16.976
17.064
17.152
17.24
17.328
17.416
17.504
17.592
17.68
17.768
17.856
17.944
18.032
18.12
18.208
18.296
18.384
18.472
18.56
18.648
18.736
18.824
18.912
19
19.088
19.176
19.264
19.352
19.44
19.528
19.616
19.704
19.792
19.88
19.968
20.056
20.144
20.232
20.32
20.408
20.496
20.584
20.672
20.76
20.848
20.936
21.024
21.112
21.2
21.288
21.376
21.464
21.552
21.64
21.728
21.816
21.904
21.992
22.08
22.168
22.256
22.344
22.432
22.52
22.608
22.696
22.784
22.872
22.96
23.048
23.136
23.224
23.312
23.4
23.488
23.576
23.664
23.752
23.84
23.928
24.016
24.104
24.192
24.28
24.368
24.456
24.544
24.632
24.72
24.808
24.896
24.984
25.072
25.16
25.248
25.336
25.424
25.512
25.6
25.688
25.776
25.864
25.952
26.04
26.128
26.216
26.304
26.392
26.48
26.568
26.656
26.744
26.832
26.92
27.008
27.096
27.184
27.272
27.36
27.448
27.536
27.624
27.712
27.8
27.888
27.976
28.064
28.152
28.24
28.328
28.416
28.504
28.592
28.68
28.768
28.856
28.944
29.032
29.12
29.208
29.296
29.384
29.472
29.56
29.648
29.736
29.824
29.912
30
30.088
30.176
30.264
30.352
30.44
30.528
30.616
30.704
30.792
30.88
30.968
31.056
31.144
31.232
31.32
31.408
31.496
31.584
31.672
31.76
31.848
31.936
32.024
32.112
32.2
32.288
32.376
32.464
32.552
32.64
32.728
32.816
32.904
32.992
33.08
33.168
33.256
33.344
33.432
33.52
33.608
33.696
33.784
33.872
33.96
34.048
34.136
34.224
34.312
34.4
34.488
34.576
34.664
34.752
34.84
34.928
35.016
35.104
35.192
35.28
35.368
35.456
35.544
35.632
35.72
35.808
35.896
35.984
36.072
36.16
36.248
36.336
36.424
36.512
36.6
36.688
36.776
36.864
36.952
37.04
37.128
37.216
37.304
37.392
37.48
37.568
37.656
37.744
37.832
37.92
38.008
38.096
38.184
38.272
38.36
38.448
38.536
38.624
38.712
38.8
38.888
38.976
39.064
39.152
39.24
39.328
39.416
39.504
39.592
39.68
39.768
39.856
39.944
40.032
40.12
40.208
40.296
40.384
40.472
40.56
40.648
40.736
40.824
40.912
41
41.088
41.176
41.264
41.352
41.44
41.528
41.616
41.704
41.792
41.88
41.968
42.056
42.144
42.232
42.32
42.408
42.496
42.584
42.672
42.76
42.848
42.936
43.024
43.112
43.2
43.288
43.376
43.464
43.552
43.64
43.728
43.816
43.904
43.992
44.08
44.168
44.256
44.344
44.432
44.52
44.608
44.696
44.784
44.872
44.96
45.048
45.136
45.224
45.312
45.4
45.488
45.576
45.664
45.752
45.84
45.928
46.016
46.104
46.192
46.28
46.368
46.456
46.544
46.632
46.72
46.808
46.896
46.984
47.072
47.16
47.248
47.336
47.424
47.512
47.6
47.688
47.776
47.864
47.952
48.04
48.128
48.216
48.304
48.392
48.48
48.568
48.656
48.744
48.832
48.92
49.008
49.096
49.184
49.272
49.36
49.448
49.536
49.624
49.712
49.8
49.888
49.976
50.064
50.152
50.24
50.328
50.416
50.504
50.592
50.68
50.768
50.856
50.944
51.032
51.12
51.208
51.296
51.384
51.472
51.56
51.648
51.736
51.824
51.912
52
52.088
52.176
52.264
52.352
52.44
52.528
52.616
52.704
52.792
52.88
52.968
53.056
53.144
53.232
53.32
53.408
53.496
53.584
53.672
53.76
53.848
53.936
54.024
54.112
54.2
54.288
54.376
54.464
54.552
54.64
54.728
54.816
54.904
54.992
55.08
55.168
55.256
55.344
55.432
55.52
55.608
55.696
55.784
55.872
55.96
56.048
56.136
56.224
56.312
56.4
56.488
56.576
56.664
56.752
56.84
56.928
57.016
57.104
57.192
57.28
57.368
57.456
57.544
57.632
57.72
57.808
57.896
57.984
58.072
58.16
58.248
58.336
58.424
58.512
58.6
58.688
58.776
58.864
58.952
59.04
59.128
59.216
59.304
59.392
59.48
59.568
59.656
59.744
59.832
59.92
60.008
60.096
60.184
60.272
60.36
60.448
60.536
60.624
60.712
60.8
60.888
60.976
61.064
61.152
61.24
61.328
61.416
61.504
61.592
61.68
61.768
61.856
61.944
62.032
62.12
62.208
62.296
62.384
62.472
62.56
62.648
62.736
62.824
62.912
63
63.088
63.176
63.264
63.352
63.44
63.528
63.616
63.704
63.792
63.88
63.968
64.056
64.144
64.232
64.32
64.408
64.496
64.584
64.672
64.76
64.848
64.936
65.024
65.112
65.2
65.288
65.376
65.464
65.552
65.64
65.728
65.816
65.904
65.992
66.08
66.168
66.256
66.344
66.432
66.52
66.608
66.696
66.784
66.872
66.96
67.048
67.136
67.224
67.312
67.4
67.488
67.576
67.664
67.752
67.84
67.928
68.016
68.104
68.192
68.28
68.368
68.456
68.544
68.632
68.72
68.808
68.896
68.984
69.072
69.16
69.248
69.336
69.424
69.512
69.6
69.688
69.776
69.864
69.952
70.04
70.128
70.216
70.304
70.392
70.48
70.568
70.656
70.744
70.832
70.92
71.008
71.096
71.184
71.272
71.36
71.448
71.536
71.624
71.712
71.8
71.888
71.976
72.064
72.152
72.24
72.328
72.416
72.504
72.592
72.68
72.768
72.856
72.944
73.032
73.12
73.208
73.296
73.384
73.472
73.56
73.648
73.736
73.824
73.912
74
74.088
74.176
74.264
74.352
74.44
74.528
74.616
74.704
74.792
74.88
74.968
75.056
75.144
75.232
75.32
75.408
75.496
75.584
75.672
75.76
75.848
75.936
76.024
76.112
76.2
76.288
76.376
76.464
76.552
76.64
76.728
76.816
76.904
76.992
77.08
77.168
77.256
77.344
77.432
77.52
77.608
77.696
77.784
77.872
77.96
78.048
78.136
78.224
78.312
78.4
78.488
78.576
78.664
78.752
78.84
78.928
79.016
79.104
79.192
79.28
79.368
79.456
79.544
79.632
79.72
79.808
79.896
79.984
80.072
80.16
80.248
80.336
80.424
80.512
80.6
80.688
80.776
80.864
80.952
81.04
81.128
81.216
81.304
81.392
81.48
81.568
81.656
81.744
81.832
81.92
82.008
82.096
82.184
82.272
82.36
82.448
82.536
82.624
82.712
82.8
82.888
82.976
83.064
83.152
83.24
83.328
83.416
83.504
83.592
83.68
83.768
83.856
83.944
84.032
84.12
84.208
84.296
84.384
84.472
84.56
84.648
84.736
84.824
84.912
85
85.088
85.176
85.264
85.352
85.44
85.528
85.616
85.704
85.792
85.88
85.968
86.056
86.144
86.232
86.32
86.408
86.496
86.584
86.672
86.76
86.848
86.936
87.024
87.112
87.2
87.288
87.376
87.464
87.552
87.64
87.728
87.816
87.904
87.992
88.08
88.168
88.256
88.344
88.432
88.52
88.608
88.696
88.784
88.872
88.96
89.048
89.136
89.224
89.312
89.4
89.488
89.576
89.664
89.752
89.84
89.928
90.016
90.104
90.192
90.28
90.368
90.456
90.544
90.632
90.72
90.808
90.896
90.984
91.072
91.16
91.248
91.336
91.424
91.512
91.6
91.688
91.776
91.864
91.952
92.04
92.128
92.216
92.304
92.392
92.48
92.568
92.656
92.744
92.832
92.92
93.008
93.096
93.184
93.272
93.36
93.448
93.536
93.624
93.712
93.8
93.888
93.976
94.064
94.152
94.24
94.328
94.416
94.504
94.592
94.68
94.768
94.856
94.944
95.032
95.12
95.208
95.296
95.384
95.472
95.56
95.648
95.736
95.824
95.912
96
96.088
96.176
96.264
96.352
96.44
96.528
96.616
96.704
96.792
96.88
96.968
97.056
97.144
97.232
97.32
97.408
97.496
97.584
97.672
97.76
97.848
97.936
98.024
98.112
98.2
98.288
98.376
98.464
98.552
98.64
98.728
98.816
98.904
98.992
99.08
99.168
99.256
99.344
99.432
99.52
99.608
99.696
99.784
99.872
99.96
100.048
100.136
100.224
100.312
100.4
100.488
100.576
100.664
100.752
100.84
100.928
101.016
101.104
101.192
101.28
101.368
101.456
101.544
101.632
101.72
101.808
101.896
101.984
102.072
102.16
102.248
102.336
102.424
102.512
102.6
102.688
102.776
102.864
102.952
103.04
103.128
103.216
103.304
103.392
103.48
103.568
103.656
103.744
103.832
103.92
104.008
104.096
104.184
104.272
104.36
104.448
104.536
104.624
104.712
104.8
104.888
104.976
105.064
105.152
105.24
105.328
105.416
105.504
105.592
105.68
105.768
105.856
105.944
106.032
106.12
106.208
106.296
106.384
106.472
106.56
106.648
106.736
106.824
106.912
107
107.088
107.176
107.264
107.352
107.44
107.528
107.616
107.704
107.792
107.88
107.968
108.056
108.144
108.232
108.32
108.408
108.496
108.584
108.672
108.76
108.848
108.936
109.024
109.112
109.2
109.288
109.376
109.464
109.552
109.64
109.728
109.816
109.904
109.992
110.08
110.168
110.256
110.344
110.432
110.52
110.608
110.696
110.784
110.872
110.96
111.048
111.136
111.224
111.312
111.4
111.488
111.576
111.664
111.752
111.84
111.928
112.016
112.104
112.192
112.28
112.368
112.456
112.544
112.632
112.72
112.808
112.896
112.984
113.072
113.16
113.248
113.336
113.424
113.512
113.6
113.688
113.776
113.864
113.952
114.04
114.128
114.216
114.304
114.392
114.48
114.568
114.656
114.744
114.832
114.92
115.008
115.096
115.184
115.272
115.36
115.448
115.536
115.624
115.712
115.8
115.888
115.976
116.064
116.152
116.24
116.328
116.416
116.504
116.592
116.68
116.768
116.856
116.944
117.032
117.12
117.208
117.296
117.384
117.472
117.56
117.648
117.736
117.824
117.912
118
118.088
118.176
118.264
118.352
118.44
118.528
118.616
118.704
118.792
118.88
118.968
119.056
119.144
119.232
119.32
119.408
119.496
119.584
119.672
119.76
119.848
119.936
120.024
120.112
120.2
120.288
120.376
120.464
120.552
120.64
120.728
120.816
120.904
120.992
121.08
121.168
121.256
121.344
121.432
121.52
121.608
121.696
121.784
121.872
121.96
122.048
122.136
122.224
122.312
122.4
122.488
122.576
122.664
122.752
122.84
122.928
123.016
123.104
123.192
123.28
123.368
123.456
123.544
123.632
123.72
123.808
123.896
123.984
124.072
124.16
124.248
124.336
124.424
124.512
124.6
124.688
124.776
124.864
124.952
125.04
125.128
125.216
125.304
125.392
125.48
125.568
125.656
125.744
125.832
125.92
126.008
126.096
126.184
126.272
126.36
126.448
126.536
126.624
126.712
126.8
126.888
126.976
127.064
127.152
127.24
127.328
127.416
127.504
127.592
127.68
127.768
127.856
127.944
128.032
128.12
128.208
128.296
128.384
128.472
128.56
128.648
128.736
128.824
128.912
129
129.088
129.176
129.264
129.352
129.44
129.528
129.616
129.704
129.792
129.88
129.968
130.056
130.144
130.232
130.32
130.408
130.496
130.584
130.672
130.76
130.848
130.936
131.024
131.112
131.2
131.288
131.376
131.464
131.552
131.64
131.728
131.816
131.904
131.992
132.08
132.168
132.256
132.344
132.432
132.52
132.608
132.696
132.784
132.872
132.96
133.048
133.136
133.224
133.312
133.4
133.488
133.576
133.664
133.752
133.84
133.928
134.016
134.104
134.192
134.28
134.368
134.456
134.544
134.632
134.72
134.808
134.896
134.984
135.072
135.16
135.248
135.336
135.424
135.512
135.6
135.688
135.776
135.864
135.952
136.04
136.128
136.216
136.304
136.392
136.48
136.568
136.656
136.744
136.832
136.92
137.008
137.096
137.184
137.272
137.36
137.448
137.536
137.624
137.712
137.8
137.888
137.976
138.064
138.152
138.24
138.328
138.416
138.504
138.592
138.68
138.768
138.856
138.944
139.032
139.12
139.208
139.296
139.384
139.472
139.56
139.648
139.736
139.824
139.912
140
140.088
140.176
140.264
140.352
140.44
140.528
140.616
140.704
140.792
140.88
140.968
141.056
141.144
141.232
141.32
141.408
141.496
141.584
141.672
141.76
141.848
141.936
142.024
142.112
142.2
142.288
142.376
142.464
142.552
142.64
142.728
142.816
142.904
142.992
143.08
143.168
143.256
143.344
143.432
143.52
143.608
143.696
143.784
143.872
143.96
144.048
144.136
144.224
144.312
144.4
144.488
144.576
144.664
144.752
144.84
144.928
145.016
145.104
145.192
145.28
145.368
145.456
145.544
145.632
145.72
145.808
145.896
145.984
146.072
146.16
146.248
146.336
146.424
146.512
146.6
146.688
146.776
146.864
146.952
147.04
147.128
147.216
147.304
147.392
147.48
147.568
147.656
147.744
147.832
147.92
148.008
148.096
148.184
148.272
148.36
148.448
148.536
148.624
148.712
148.8
148.888
148.976
149.064
149.152
149.24
149.328
149.416
149.504
149.592
149.68
149.768
149.856
149.944
150.032
150.12
150.208
150.296
150.384
150.472
150.56
150.648
150.736
150.824
150.912
151
151.088
151.176
151.264
151.352
151.44
151.528
151.616
151.704
151.792
151.88
151.968
152.056
152.144
152.232
152.32
152.408
152.496
152.584
152.672
152.76
152.848
152.936
153.024
153.112
153.2
153.288
153.376
153.464
153.552
153.64
153.728
153.816
153.904
153.992
154.08
154.168
154.256
154.344
154.432
154.52
154.608
154.696
154.784
154.872
154.96
155.048
155.136
155.224
155.312
155.4
155.488
155.576
155.664
155.752
155.84
155.928
156.016
156.104
156.192
156.28
156.368
156.456
156.544
156.632
156.72
156.808
156.896
156.984
157.072
157.16
157.248
157.336
157.424
157.512
157.6
157.688
157.776
157.864
157.952
158.04
158.128
158.216
158.304
158.392
158.48
158.568
158.656
158.744
158.832
158.92
159.008
159.096
159.184
159.272
159.36
159.448
159.536
159.624
159.712
159.8
159.888
159.976
160.064
160.152
160.24
160.328
160.416
160.504
160.592
160.68
160.768
160.856
160.944
161.032
161.12
161.208
161.296
161.384
161.472
161.56
161.648
161.736
161.824
161.912
162
162.088
162.176
162.264
162.352
162.44
162.528
162.616
162.704
162.792
162.88
162.968
163.056
163.144
163.232
163.32
163.408
163.496
163.584
163.672
163.76
163.848
163.936
164.024
164.112
164.2
164.288
164.376
164.464
164.552
164.64
164.728
164.816
164.904
164.992
165.08
165.168
165.256
165.344
165.432
165.52
165.608
165.696
165.784
165.872
165.96
166.048
166.136
166.224
166.312
166.4
166.488
166.576
166.664
166.752
166.84
166.928
167.016
167.104
167.192
167.28
167.368
167.456
167.544
167.632
167.72
167.808
167.896
167.984
168.072
168.16
168.248
168.336
168.424
168.512
168.6
168.688
168.776
168.864
168.952
169.04
169.128
169.216
169.304
169.392
169.48
169.568
169.656
169.744
169.832
169.92
170.008
170.096
170.184
170.272
170.36
170.448
170.536
170.624
170.712
170.8
170.888
170.976
171.064
171.152
171.24
171.328
171.416
171.504
171.592
171.68
171.768
171.856
171.944
172.032
172.12
172.208
172.296
172.384
172.472
172.56
172.648
172.736
172.824
172.912
173
173.088
173.176
173.264
173.352
173.44
173.528
173.616
173.704
173.792
173.88
173.968
174.056
174.144
174.232
174.32
174.408
174.496
174.584
174.672
174.76
174.848
174.936
175.024
175.112
175.2
175.288
175.376
175.464
175.552
175.64
175.728
175.816
175.904
175.992
176.08
176.168
176.256
176.344
176.432
176.52
176.608
176.696
176.784
176.872
176.96
177.048
177.136
177.224
177.312
177.4
177.488
177.576
177.664
177.752
177.84
177.928
178.016
178.104
178.192
178.28
178.368
178.456
178.544
178.632
178.72
178.808
178.896
178.984
179.072
179.16
179.248
179.336
179.424
179.512
179.6
179.688
179.776
179.864
179.952
180.04
180.128
180.216
180.304
180.392
180.48
180.568
180.656
180.744
180.832
180.92
181.008
181.096
181.184
181.272
181.36
181.448
181.536
181.624
181.712
181.8
181.888
181.976
182.064
182.152
182.24
182.328
182.416
182.504
182.592
182.68
182.768
182.856
182.944
183.032
183.12
183.208
183.296
183.384
183.472
183.56
183.648
183.736
183.824
183.912
184
184.088
184.176
184.264
184.352
184.44
184.528
184.616
184.704
184.792
184.88
184.968
185.056
185.144
185.232
185.32
185.408
185.496
185.584
185.672
185.76
185.848
185.936
186.024
186.112
186.2
186.288
186.376
186.464
186.552
186.64
186.728
186.816
186.904
186.992
187.08
187.168
187.256
187.344
187.432
187.52
187.608
187.696
187.784
187.872
187.96
188.048
188.136
188.224
188.312
188.4
188.488
188.576
188.664
188.752
188.84
188.928
189.016
189.104
189.192
189.28
189.368
189.456
189.544
189.632
189.72
189.808
189.896
189.984
190.072
190.16
190.248
190.336
190.424
190.512
190.6
190.688
190.776
190.864
190.952
191.04
191.128
191.216
191.304
191.392
191.48
191.568
191.656
191.744
191.832
191.92
192.008
192.096
192.184
192.272
192.36
192.448
192.536
192.624
192.712
192.8
192.888
192.976
193.064
193.152
193.24
193.328
193.416
193.504
193.592
193.68
193.768
193.856
193.944
194.032
194.12
194.208
194.296
194.384
194.472
194.56
194.648
194.736
194.824
194.912
195
195.088
195.176
195.264
195.352
195.44
195.528
195.616
195.704
195.792
195.88
195.968
196.056
196.144
196.232
196.32
196.408
196.496
196.584
196.672
196.76
196.848
196.936
197.024
197.112
197.2
197.288
197.376
197.464
197.552
197.64
197.728
197.816
197.904
197.992
198.08
198.168
198.256
198.344
198.432
198.52
198.608
198.696
198.784
198.872
198.96
199.048
199.136
199.224
199.312
199.4
199.488
199.576
199.664
199.752
199.84
199.928
200.016
200.104
200.192
200.28
200.368
200.456
200.544
200.632
200.72
200.808
200.896
200.984
201.072
201.16
201.248
201.336
201.424
201.512
201.6
201.688
201.776
201.864
201.952
202.04
202.128
202.216
202.304
202.392
202.48
202.568
202.656
202.744
202.832
202.92
203.008
203.096
203.184
203.272
203.36
203.448
203.536
203.624
203.712
203.8
203.888
203.976
204.064
204.152
204.24
204.328
204.416
204.504
204.592
204.68
204.768
204.856
204.944
205.032
205.12
205.208
205.296
205.384
205.472
205.56
205.648
205.736
205.824
205.912
206
206.088
206.176
206.264
206.352
206.44
206.528
206.616
206.704
206.792
206.88
206.968
207.056
207.144
207.232
207.32
207.408
207.496
207.584
207.672
207.76
207.848
207.936
208.024
208.112
208.2
208.288
208.376
208.464
208.552
208.64
208.728
208.816
208.904
208.992
209.08
209.168
209.256
209.344
209.432
209.52
209.608
209.696
209.784
209.872
209.96
210.048
210.136
210.224
210.312
210.4
210.488
210.576
210.664
210.752
210.84
210.928
211.016
211.104
211.192
211.28
211.368
211.456
211.544
211.632
211.72
211.808
211.896
211.984
212.072
212.16
212.248
212.336
212.424
212.512
212.6
212.688
212.776
212.864
212.952
213.04
213.128
213.216
213.304
213.392
213.48
213.568
213.656
213.744
213.832
213.92
214.008
214.096
214.184
214.272
214.36
214.448
214.536
214.624
214.712
214.8
214.888
214.976
215.064
215.152
215.24
215.328
215.416
215.504
215.592
215.68
215.768
215.856
215.944
216.032
216.12
216.208
216.296
216.384
216.472
216.56
216.648
216.736
216.824
216.912
217
217.088
217.176
217.264
217.352
217.44
217.528
217.616
217.704
217.792
217.88
217.968
218.056
218.144
218.232
218.32
218.408
218.496
218.584
218.672
218.76
218.848
218.936
219.024
219.112
219.2
219.288
219.376
219.464
219.552
219.64
219.728
219.816
219.904
219.992
220.08
220.168
220.256
220.344
220.432
220.52
220.608
220.696
220.784
220.872
220.96
221.048
221.136
221.224
221.312
221.4
221.488
221.576
221.664
221.752
221.84
221.928
222.016
222.104
222.192
222.28
222.368
222.456
222.544
222.632
222.72
222.808
222.896
222.984
223.072
223.16
223.248
223.336
223.424
223.512
223.6
223.688
223.776
223.864
223.952
224.04
224.128
224.216
224.304
224.392
224.48
224.568
224.656
224.744
224.832
224.92
225.008
225.096
225.184
225.272
225.36
225.448
225.536
225.624
225.712
225.8
225.888
225.976
226.064
226.152
226.24
226.328
226.416
226.504
226.592
226.68
226.768
226.856
226.944
227.032
227.12
227.208
227.296
227.384
227.472
227.56
227.648
227.736
227.824
227.912
228
228.088
228.176
228.264
228.352
228.44
228.528
228.616
228.704
228.792
228.88
228.968
229.056
229.144
229.232
229.32
229.408
229.496
229.584
229.672
229.76
229.848
229.936
230.024
230.112
230.2
230.288
230.376
230.464
230.552
230.64
230.728
230.816
230.904
230.992
231.08
231.168
231.256
231.344
231.432
231.52
231.608
231.696
231.784
231.872
231.96
232.048
232.136
232.224
232.312
232.4
232.488
232.576
232.664
232.752
232.84
232.928
233.016
233.104
233.192
233.28
233.368
233.456
233.544
233.632
233.72
233.808
233.896
233.984
234.072
234.16
234.248
234.336
234.424
234.512
234.6
234.688
234.776
234.864
234.952
235.04
235.128
235.216
235.304
235.392
235.48
235.568
235.656
235.744
235.832
235.92
236.008
236.096
236.184
236.272
236.36
236.448
236.536
236.624
236.712
236.8
236.888
236.976
237.064
237.152
237.24
237.328
237.416
237.504
237.592
237.68
237.768
237.856
237.944
238.032
238.12
238.208
238.296
238.384
238.472
238.56
238.648
238.736
238.824
238.912
239
239.088
239.176
239.264
239.352
239.44
239.528
239.616
239.704
239.792
239.88
239.968
240.056
240.144
240.232
240.32
240.408
240.496
240.584
240.672
240.76
240.848
240.936
241.024
241.112
241.2
241.288
241.376
241.464
241.552
241.64
241.728
241.816
241.904
241.992
242.08
242.168
242.256
242.344
242.432
242.52
242.608
242.696
242.784
242.872
242.96
243.048
243.136
243.224
243.312
243.4
243.488
243.576
243.664
243.752
243.84
243.928
244.016
244.104
244.192
244.28
244.368
244.456
244.544
244.632
244.72
244.808
244.896
244.984
245.072
245.16
245.248
245.336
245.424
245.512
245.6
245.688
245.776
245.864
245.952
246.04
246.128
246.216
246.304
246.392
246.48
246.568
246.656
246.744
246.832
246.92
247.008
247.096
247.184
247.272
247.36
247.448
247.536
247.624
247.712
247.8
247.888
247.976
248.064
248.152
248.24
248.328
248.416
248.504
248.592
248.68
248.768
248.856
248.944
249.032
249.12
249.208
249.296
249.384
249.472
249.56
249.648
249.736
249.824
249.912
250
250.088
250.176
250.264
250.352
250.44
250.528
250.616
250.704
250.792
250.88
250.968
251.056
251.144
251.232
251.32
251.408
251.496
251.584
251.672
251.76
251.848
251.936
252.024
252.112
252.2
252.288
252.376
252.464
252.552
252.64
252.728
252.816
252.904
252.992
253.08
253.168
253.256
253.344
253.432
253.52
253.608
253.696
253.784
253.872
253.96
254.048
254.136
254.224
254.312
254.4
254.488
254.576
254.664
254.752
254.84
254.928
255.016
255.104
255.192
255.28
255.368
255.456
255.544
255.632
255.72
255.808
255.896
255.984
256.072
256.16
256.248
256.336
256.424
256.512
256.6
256.688
256.776
256.864
256.952
257.04
257.128
257.216
257.304
257.392
257.48
257.568
257.656
257.744
257.832
257.92
258.008
258.096
258.184
258.272
258.36
258.448
258.536
258.624
258.712
258.8
258.888
258.976
259.064
259.152
259.24
259.328
259.416
259.504
259.592
259.68
259.768
259.856
259.944
260.032
260.12
260.208
260.296
260.384
260.472
260.56
260.648
260.736
260.824
260.912
261
261.088
261.176
261.264
261.352
261.44
261.528
261.616
261.704
261.792
261.88
261.968
262.056
262.144
262.232
262.32
262.408
262.496
262.584
262.672
262.76
262.848
262.936
263.024
263.112
263.2
263.288
263.376
263.464
263.552
263.64
263.728
263.816
263.904
263.992
264.08
264.168
264.256
264.344
264.432
264.52
264.608
264.696
264.784
264.872
264.96
265.048
265.136
265.224
265.312
265.4
265.488
265.576
265.664
265.752
265.84
265.928
266.016
266.104
266.192
266.28
266.368
266.456
266.544
266.632
266.72
266.808
266.896
266.984
267.072
267.16
267.248
267.336
267.424
267.512
267.6
267.688
267.776
267.864
267.952
268.04
268.128
268.216
268.304
268.392
268.48
268.568
268.656
268.744
268.832
268.92
269.008
269.096
269.184
269.272
269.36
269.448
269.536
269.624
269.712
269.8
269.888
269.976
270.064
270.152
270.24
270.328
270.416
270.504
270.592
270.68
270.768
270.856
270.944
271.032
271.12
271.208
271.296
271.384
271.472
271.56
271.648
271.736
271.824
271.912
272
272.088
272.176
272.264
272.352
272.44
272.528
272.616
272.704
272.792
272.88
272.968
273.056
273.144
273.232
273.32
273.408
273.496
273.584
273.672
273.76
273.848
273.936
274.024
274.112
274.2
274.288
274.376
274.464
274.552
274.64
274.728
274.816
274.904
274.992
275.08
275.168
275.256
275.344
275.432
275.52
275.608
275.696
275.784
275.872
275.96
276.048
276.136
276.224
276.312
276.4
276.488
276.576
276.664
276.752
276.84
276.928
277.016
277.104
277.192
277.28
277.368
277.456
277.544
277.632
277.72
277.808
277.896
277.984
278.072
278.16
278.248
278.336
278.424
278.512
278.6
278.688
278.776
278.864
278.952
279.04
279.128
279.216
279.304
279.392
279.48
279.568
279.656
279.744
279.832
279.92
280.008
280.096
280.184
280.272
280.36
280.448
280.536
280.624
280.712
280.8
280.888
280.976
281.064
281.152
281.24
281.328
281.416
281.504
281.592
281.68
281.768
281.856
281.944
282.032
282.12
282.208
282.296
282.384
282.472
282.56
282.648
282.736
282.824
282.912
283
283.088
283.176
283.264
283.352
283.44
283.528
283.616
283.704
283.792
283.88
283.968
284.056
284.144
284.232
284.32
284.408
284.496
284.584
284.672
284.76
284.848
284.936
285.024
285.112
285.2
285.288
285.376
285.464
285.552
285.64
285.728
285.816
285.904
285.992
286.08
286.168
286.256
286.344
286.432
286.52
286.608
286.696
286.784
286.872
286.96
287.048
287.136
287.224
287.312
287.4
287.488
287.576
287.664
287.752
287.84
287.928
288.016
288.104
288.192
288.28
288.368
288.456
288.544
288.632
288.72
288.808
288.896
288.984
289.072
289.16
289.248
289.336
289.424
289.512
289.6
289.688
289.776
289.864
289.952
290.04
290.128
290.216
290.304
290.392
290.48
290.568
290.656
290.744
290.832
290.92
291.008
291.096
291.184
291.272
291.36
291.448
291.536
291.624
291.712
291.8
291.888
291.976
292.064
292.152
292.24
292.328
292.416
292.504
292.592
292.68
292.768
292.856
292.944
293.032
293.12
293.208
293.296
293.384
293.472
293.56
293.648
293.736
293.824
293.912
294
294.088
294.176
294.264
294.352
294.44
294.528
294.616
294.704
294.792
294.88
294.968
295.056
295.144
295.232
295.32
295.408
295.496
295.584
295.672
295.76
295.848
295.936
296.024
296.112
296.2
296.288
296.376
296.464
296.552
296.64
296.728
296.816
296.904
296.992
297.08
297.168
297.256
297.344
297.432
297.52
297.608
297.696
297.784
297.872
297.96
298.048
298.136
298.224
298.312
298.4
298.488
298.576
298.664
298.752
298.84
298.928
299.016
299.104
299.192
299.28
299.368
299.456
299.544
299.632
299.72
299.808
299.896
299.984
300.072
300.16
300.248
300.336
300.424
300.512
300.6
300.688
300.776
300.864
300.952
301.04
301.128
301.216
301.304
301.392
301.48
301.568
301.656
301.744
301.832
301.92
302.008
302.096
302.184
302.272
302.36
302.448
302.536
302.624
302.712
302.8
302.888
302.976
303.064
303.152
303.24
303.328
303.416
303.504
303.592
303.68
303.768
303.856
303.944
304.032
304.12
304.208
304.296
304.384
304.472
304.56
304.648
304.736
304.824
304.912
305
305.088
305.176
305.264
305.352
305.44
305.528
305.616
305.704
305.792
305.88
305.968
306.056
306.144
306.232
306.32
306.408
306.496
306.584
306.672
306.76
306.848
306.936
307.024
307.112
307.2
307.288
307.376
307.464
307.552
307.64
307.728
307.816
307.904
307.992
308.08
308.168
308.256
308.344
308.432
308.52
308.608
308.696
308.784
308.872
308.96
309.048
309.136
309.224
309.312
309.4
309.488
309.576
309.664
309.752
309.84
309.928
310.016
310.104
310.192
310.28
310.368
310.456
310.544
310.632
310.72
310.808
310.896
310.984
311.072
311.16
311.248
311.336
311.424
311.512
311.6
311.688
311.776
311.864
311.952
312.04
312.128
312.216
312.304
312.392
312.48
312.568
312.656
312.744
312.832
312.92
313.008
313.096
313.184
313.272
313.36
313.448
313.536
313.624
313.712
313.8
313.888
313.976
314.064
314.152
314.24
314.328
314.416
314.504
314.592
314.68
314.768
314.856
314.944
315.032
315.12
315.208
315.296
315.384
315.472
315.56
315.648
315.736
315.824
315.912
316
316.088
316.176
316.264
316.352
316.44
316.528
316.616
316.704
316.792
316.88
316.968
317.056
317.144
317.232
317.32
317.408
317.496
317.584
317.672
317.76
317.848
317.936
318.024
318.112
318.2
318.288
318.376
318.464
318.552
318.64
318.728
318.816
318.904
318.992
319.08
319.168
319.256
319.344
319.432
319.52
319.608
319.696
319.784
319.872
319.96
320.048
320.136
320.224
320.312
320.4
320.488
320.576
320.664
320.752
320.84
320.928
321.016
321.104
321.192
321.28
321.368
321.456
321.544
321.632
321.72
321.808
321.896
321.984
322.072
322.16
322.248
322.336
322.424
322.512
322.6
322.688
322.776
322.864
322.952
323.04
323.128
323.216
323.304
323.392
323.48
323.568
323.656
323.744
323.832
323.92
324.008
324.096
324.184
324.272
324.36
324.448
324.536
324.624
324.712
324.8
324.888
324.976
325.064
325.152
325.24
325.328
325.416
325.504
325.592
325.68
325.768
325.856
325.944
326.032
326.12
326.208
326.296
326.384
326.472
326.56
326.648
326.736
326.824
326.912
327
327.088
327.176
327.264
327.352
327.44
327.528
327.616
327.704
327.792
327.88
327.968
328.056
328.144
328.232
328.32
328.408
328.496
328.584
328.672
328.76
328.848
328.936
329.024
329.112
329.2
329.288
329.176
329.264
329.352
329.24
329.328
329.216
329.304
329.192
329.28
329.368
329.256
329.344
329.232
329.32
329.208
329.296
329.184
329.272
329.36
329.248
329.336
329.224
329.312
329.2
329.288
329.176
329.264
329.352
329.24
329.328
329.216
329.304
329.192
329.28
329.368
329.256
329.344
329.232
329.32
329.208
329.296
329.184
329.272
329.36
329.248
329.336
329.224
329.312
329.2
329.288
329.176
329.264
329.352
329.24
329.328
329.216
329.304
329.192
329.28
329.368
329.256
329.344
329.232
329.32
329.208
329.296
329.184
329.272
329.36
329.248
329.336
329.224
329.312
329.2
329.288
329.176
329.264
329.352
329.24
329.328
329.216
329.304
329.192
329.28
329.368
329.256
329.344
329.232
329.32
329.208
329.296
329.184
329.272
329.36
329.248
329.336
329.224
329.312
329.2
329.288
329.176
329.264
329.352
329.24
329.328
329.216
329.304
329.192
329.28
329.368
329.256
329.344
329.232
329.32
329.208
329.296
329.184
329.272
329.36
329.248
329.336
329.224
329.312
329.2
329.288
329.176
329.264
329.352
329.24
329.328
329.216
329.304
329.192
329.28
329.368
329.256
329.344
329.232
329.32
329.208
329.296
329.184
329.272
329.36
329.248
329.336
329.224
329.312
329.2
329.288
329.176
329.264
329.352
329.24
329.328
329.216
329.304
329.192
329.28
329.368
329.256
329.344
329.232
329.32
329.208
329.296
329.184
329.272
329.36
329.248
329.336
329.224
329.312
329.2
329.288
329.176
329.264
329.352
329.24
329.328
329.216
329.304
329.192
329.28
329.368
329.256
329.344
329.232
329.32
329.208
329.296
329.184
329.272
329.36
329.248
329.336
329.224
329.312
329.2
329.288
329.176
329.264
329.352
329.24
329.328
329.216
329.304
329.192
329.28
329.368
329.256
329.344
329.232
329.32
329.208
329.296
329.184
329.272
329.36
329.248
329.336
329.224
329.312
329.2
329.288
329.176
329.264
329.352
329.24
329.328
329.216
329.304
329.192
329.28
329.368
329.256
329.344
329.232
329.32
329.208
329.296
329.184
329.272
329.36
329.248
329.336
329.224
329.312
329.2
329.288
329.176
329.264
329.352
329.24
329.328
329.216
329.304
329.192
329.28
329.368
329.256
329.344
329.232
329.32
329.208
329.296
329.184
329.272
329.36
329.248
329.336
329.224
329.312
329.2
329.288
329.176
329.264
329.352
329.24
329.328
329.216
329.304
329.192
329.28
329.368
329.256
329.344
329.232
329.32
329.208
329.296
329.184
329.272
329.36
329.248
329.336
329.224
329.312
329.2
329.288
329.176
329.264
329.352
329.24
329.328
329.216
329.304
329.192
329.28
329.368
329.256
329.344
329.232
329.32
329.208
329.296
329.184
329.272
329.36
329.248
329.336
329.224
329.312
329.2
329.288
329.176
329.264
329.352
329.24
329.328
329.216
329.304
329.192
329.28
329.368
329.256
329.344
329.232
329.32
329.208
329.296
329.184
329.272
329.36
329.248
329.336
329.224
329.312
329.2
329.288
329.176
329.264
329.352
329.24
329.328
329.216
329.304
329.192
329.28
329.368
329.256
329.344
329.232
329.32
329.208
329.296
329.184
329.272
329.36
329.248
329.336
329.224
329.312
329.2
329.288
329.176
329.264
329.352
329.24
329.328
329.216
329.304
329.192
329.28
329.368
329.256
329.344
329.232
329.32
329.208
329.296
329.184
329.272
329.36
329.248
329.336
329.224
329.312
329.2
329.288
329.176
329.264
329.352
329.24
329.328
329.216
329.304
329.192
329.28
329.368
329.256
329.344
329.232
329.32
329.208
329.296
329.184
329.272
329.36
329.248
329.336
329.224
329.312
329.2
329.288
329.176
329.264
329.352
329.24
329.328
329.216
329.304
329.192
329.28
329.368
329.256
329.344
329.232
329.32
329.208
329.296
329.184
329.272
329.36
329.248
329.336
329.224
329.312
329.2
329.288
329.176
329.264
329.352
329.24
329.328
329.216
329.304
329.192
329.28
329.368
329.256
329.344
329.232
329.32
329.208
329.296
329.184
329.272
329.36
329.248
329.336
329.224
329.312
329.2
329.288
329.176
329.264
329.352
329.24
329.328
329.216
329.304
329.192
329.28
329.368
329.256
329.344
329.232
329.32
329.208
329.296
329.184
329.272
329.36
329.248
329.336
329.224
329.312
329.2
329.288
329.176
329.264
329.352
329.24
329.328
329.216
329.304
329.192
329.28
329.368
329.256
329.344
329.232
329.32
329.208
329.296
329.184
329.272
329.36
329.248
329.336
329.224
329.312
329.2
329.288
329.176
329.264
329.352
329.24
329.328
329.216
329.304
329.192
329.28
329.368
329.256
329.344
329.232
329.32
329.208
329.296
329.184
329.272
329.36
329.248
329.336
329.224
329.312
329.2
329.288
329.176
329.264
329.352
329.24
329.328
329.216
329.304
329.192
329.28
329.368
329.256
329.344
329.232
329.32
329.208
329.296
329.184
329.272
329.36
329.248
329.336
329.224
329.312
329.2
329.288
329.176
329.264
329.352
329.24
329.328
329.216
329.304
329.192
329.28
329.368
329.256
329.344
329.232
329.32
329.208
329.296
329.184
329.272
329.36
329.248
329.336
329.224
329.312
329.2
329.288
329.176
329.264
329.352
329.24
329.328
329.216
329.304
329.192
329.28
329.368
329.256
329.344
329.232
329.32
329.208
329.296
329.184
329.272
329.36
329.248
329.336
329.224
329.312
329.2
329.288
329.176
329.264
329.352
329.24
329.328
329.216
329.304
329.192
329.28
329.368
329.256
329.344
329.232
329.32
329.208
329.296
329.184
329.272
329.36
329.248
329.336
329.224
329.312
329.2
329.288
329.176
329.264
329.352
329.24
329.328
329.216
329.304
329.192
329.28
329.368
329.256
329.344
329.232
329.32
329.208
329.296
329.184
329.272
329.36
329.248
329.336
329.224
329.312
329.2
329.288
329.176
329.264
329.352
329.24
329.328
329.216
329.304
329.192
329.28
329.368
329.256
329.344
329.232
329.32
329.208
329.296
329.184
329.272
329.36
329.248
329.336
329.224
329.312
329.2
329.288
329.176
329.264
329.352
329.24
329.328
329.216
329.304
329.192
329.28
329.368
329.256
329.344
329.232
329.32
329.208
329.296
329.184
329.272
329.36
329.248
329.336
329.224
329.312
329.2
329.288
329.176
329.264
329.352
329.24
329.328
329.216
329.304
329.192
329.28
329.368
329.256
329.344
329.232
329.32
329.208
329.296
329.184
329.272
329.36
329.248
329.336
329.224
329.312
329.2
329.288
329.176
329.264
329.352
329.24
329.328
329.216
329.304
329.192
329.28
329.368
329.256
329.344
329.232
329.32
329.208
329.296
329.184
329.272
329.36
329.248
329.336
329.224
329.312
329.2
329.288
329.176
329.264
329.352
329.24
329.328
329.216
329.304
329.192
329.28
329.368
329.256
329.344
329.232
329.32
329.208
329.296
329.184
329.272
329.36
329.248
329.336
329.224
329.312
329.2
329.288
329.176
329.264
329.352
329.24
329.328
329.216
329.304
329.192
329.28
329.368
329.256
329.344
329.232
329.32
329.208
329.296
329.184
329.272
329.36
329.248
329.336
329.224
329.312
329.2
329.288
329.176
329.264
329.352
329.24
329.328
329.216
329.304
329.192
329.28
329.368
329.256
329.344
329.232
329.32
329.208
329.296
329.184
329.272
329.36
329.248
329.336
329.224
329.312
329.2
329.288
329.176
329.264
329.352
329.24
329.328
329.216
329.304
329.192
329.28
329.368
329.256
329.344
329.232
329.32
329.208
329.296
329.184
329.272
329.36
329.248
329.336
329.224
329.312
329.2
329.288
329.176
329.264
329.352
329.24
329.328
329.216
329.304
329.192
329.28
329.368
329.256
329.344
329.232
329.32
329.208
329.296
329.184
329.272
329.36
329.248
329.336
329.224
329.312
329.2
329.288
329.176
329.264
329.352
329.24
329.328
329.216
329.304
329.192
329.28
329.368
329.256
329.344
329.232
329.32
329.208
329.296
329.184
329.272
329.36
329.248
329.336
329.224
329.312
329.2
329.288
329.176
329.264
329.352
329.24
329.328
329.216
329.304
329.192
329.28
329.368
329.256
329.344
329.232
329.32
329.208
329.296
329.184
329.272
329.36
329.248
329.336
329.224
329.312
329.2
329.288
329.176
329.264
329.352
329.24
329.328
329.216
329.304
329.192
329.28
329.368
329.256
329.344
329.232
329.32
329.208
329.296
329.184
329.272
329.36
329.248
329.336
329.224
329.312
329.2
329.288
329.176
329.264
329.352
329.24
329.328
329.216
329.304
329.192
329.28
329.368
329.256
329.344
329.232
329.32
329.208
329.296
329.184
329.272
329.36
329.248
329.336
329.224
329.312
329.2
329.288
329.176
329.264
329.352
329.24
329.328
329.216
329.304
329.192
329.28
329.368
329.256
329.344
329.232
329.32
329.208
329.296
329.184
329.272
329.36
329.248
329.336
329.224
329.312
329.2
329.288
329.176
329.264
329.352
329.24
329.328
329.216
329.304
329.192
329.28
329.368
329.256
329.344
329.232
329.32
329.208
329.296
329.184
329.272
329.36
329.248
329.336
329.224
329.312
329.2
329.288
329.176
329.264
329.352
329.24
329.328
329.216
329.304
329.192
329.28
329.368
329.256
329.344
329.232
329.32
329.208
329.296
329.184
329.272
329.36
329.248
329.336
329.224
329.312
329.2
329.288
329.176
329.264
329.352
329.24
329.328
329.216
329.304
329.192
329.28
329.368
329.256
329.344
329.232
329.32
329.208
329.296
329.184
329.272
329.36
329.248
329.336
329.224
329.312
329.2
329.288
329.176
329.264
329.352
329.24
329.328
329.216
329.304
329.192
329.28
329.368
329.256
329.344
329.232
329.32
329.208
329.296
329.184
329.272
329.36
329.248
329.336
329.224
329.312
329.2
329.288
329.176
329.264
329.352
329.24
329.328
329.216
329.304
329.192
329.28
329.368
329.256
329.344
329.232
329.32
329.208
329.296
329.184
329.272
329.36
329.248
329.336
329.224
329.312
329.2
329.288
329.176
329.264
329.352
329.24
329.328
329.216
329.304
329.192
329.28
329.368
329.256
329.344
329.232
329.32
329.208
329.296
329.184
329.272
329.36
329.248
329.336
329.224
329.312
329.2
329.288
329.176
329.264
329.352
329.24
329.328
329.216
329.304
329.192
329.28
329.368
329.256
329.344
329.232
329.32
329.208
329.296
329.184
329.272
329.36
329.248
329.336
329.224
329.312
329.2
329.288
329.176
329.264
329.352
329.24
329.328
329.216
329.304
329.192
329.28
329.368
329.256
329.344
329.232
329.32
329.208
329.296
329.184
329.272
329.36
329.248
329.336
329.224
329.312
329.2
329.288
329.176
329.264
329.352
329.24
329.328
329.216
329.304
329.192
329.28
329.368
329.256
329.344
329.232
329.32
329.208
329.296
329.184
329.272
329.36
329.248
329.336
329.224
329.312
329.2
329.288
329.176
329.264
329.352
329.24
329.328
329.216
329.304
329.192
329.28
329.368
329.256
329.344
329.232
329.32
329.208
329.296
329.184
329.272
329.36
329.248
329.336
329.224
329.312
329.2
329.288
329.176
329.264
329.352
329.24
329.328
329.216
329.304
329.192
329.28
329.368
329.256
329.344
329.232
329.32
329.208
329.296
329.184
329.272
329.36
329.248
329.336
329.224
329.312
329.2
329.288
329.176
329.264
329.352
329.24
329.328
329.216
329.304
329.192
329.28
329.368
329.256
329.344
329.232
329.32
329.208
329.296
329.184
329.272
329.36
329.248
329.336
329.224
329.312
329.2
329.288
329.176
329.264
329.352
329.24
329.328
329.216
329.304
329.192
329.28
329.368
329.256
329.344
329.232
329.32
329.208
329.296
329.184
329.272
329.36
329.248
329.336
329.224
329.312
329.2
329.288
329.176
329.264
329.352
329.24
329.328
329.216
329.304
329.192
329.28
329.368
329.256
329.344
329.232
329.32
329.208
329.296
329.184
329.272
329.36
329.248
329.336
329.224
329.312
329.2
329.288
329.176
329.264
329.352
329.24
329.328
329.216
329.304
329.192
329.28
329.368
329.256
329.344
329.232
329.32
329.208
329.296
329.184
329.272
329.36
329.248
329.336
329.224
329.312
329.2
329.288
329.176
329.264
329.352
329.24
329.328
329.216
329.304
329.192
329.28
329.368
329.256
329.344
329.232
329.32
329.208
329.296
329.184
329.272
329.36
329.248
329.336
329.224
329.312
329.2
329.288
329.176
329.264
329.352
329.24
329.328
329.216
329.304
329.192
329.28
329.368
329.256
329.344
329.232
329.32
329.208
329.296
329.184
329.272
329.36
329.248
329.336
329.224
329.312
329.2
329.288
329.176
329.264
329.352
329.24
329.328
329.216
329.304
329.192
329.28
329.368
329.256
329.344
329.232
329.32
329.208
329.296
329.184
329.272
329.36
329.248
329.336
329.224
329.312
329.2
329.288
329.176
329.264
329.352
329.24
329.328
329.216
329.304
329.192
329.28
329.368
329.256
329.344
329.232
329.32
329.208
329.296
329.184
329.272
329.36
329.248
329.336
329.224
329.312
329.2
329.288
329.176
329.264
329.352
329.24
329.328
329.216
329.304
329.192
329.28
329.368
329.256
329.344
329.232
329.32
329.208
329.296
329.184
329.272
329.36
329.248
329.336
329.224
329.312
329.2
329.288
329.176
329.264
329.352
329.24
329.328
329.216
329.304
329.192
329.28
329.368
329.256
329.344
329.232
329.32
329.208
329.296
329.184
329.272
329.36
329.248
329.336
329.224
329.312
329.2
329.288
329.176
329.264
329.352
329.24
329.328
329.216
329.304
329.192
329.28
329.368
329.256
329.344
329.232
329.32
329.208
329.296
329.184
329.272
329.36
329.248
329.336
329.224
329.312
329.2
329.288
329.176
329.264
329.352
329.24
329.328
329.216
329.304
329.192
329.28
329.368
329.256
329.344
329.232
329.32
329.208
329.296
329.184
329.272
329.36
329.248
329.336
329.224
329.312
329.2
329.288
329.176
329.264
329.352
329.24
329.328
329.216
329.304
329.192
329.28
329.368
329.256
329.344
329.232
329.32
329.208
329.296
329.184
329.272
329.36
329.248
329.336
329.224
329.312
329.2
329.288
329.176
329.264
329.352
329.24
329.328
329.216
329.304
329.192
329.28
329.368
329.256
329.344
329.232
329.32
329.208
329.296
329.184
329.272
329.36
329.248
329.336
329.224
329.312
329.2
329.288
329.176
329.264
329.352
329.24
329.328
329.216
329.304
329.192
329.28
329.368
329.256
329.344
329.232
329.32
329.208
329.296
329.184
329.272
329.36
329.248
329.336
329.224
329.312
329.2
329.288
329.176
329.264
329.352
329.24
329.328
329.216
329.304
329.192
329.28
329.368
329.256
329.344
329.232
329.32
329.208
329.296
329.184
329.272
329.36
329.248
329.336
329.224
329.312
329.2
329.288
329.176
329.264
329.352
329.24
329.328
329.216
329.304
329.192
329.28
329.368
329.256
329.344
329.232
329.32
329.208
329.296
329.184
329.272
329.36
329.248
329.336
329.224
329.312
329.2
329.288
329.176
329.264
329.352
329.24
329.328
329.216
329.304
329.192
329.28
329.368
329.256
329.344
329.232
329.32
329.208
329.296
329.184
329.272
329.36
329.248
329.336
329.224
329.312
329.2
329.288
329.176
329.264
329.352
329.24
329.328
329.216
329.304
329.192
329.28
329.368
329.256
329.344
329.232
329.32
329.208
329.296
329.184
329.272
329.36
329.248
329.336
329.224
329.312
329.2
329.288
329.176
329.264
329.352
329.24
329.328
329.216
329.304
329.192
329.28
329.368
329.256
329.344
329.232
329.32
329.208
329.296
329.184
329.272
329.36
329.248
329.336
329.224
329.312
329.2
329.288
329.176
329.264
329.352
329.24
329.328
329.216
329.304
329.192
329.28
329.368
329.256
329.344
329.232
329.32
329.208
329.296
329.184
329.272
329.36
329.248
329.336
329.224
329.312
329.2
329.288
329.176
329.264
329.352
329.24
329.328
329.216
329.304
329.192
329.28
329.368
329.256
329.344
329.232
329.32
329.208
329.296
329.184
329.272
329.36
329.248
329.336
329.224
329.312
329.2
329.288
329.176
329.264
329.352
329.24
329.328
329.216
329.304
329.192
329.28
329.368
329.256
329.344
329.232
329.32
329.208
329.296
329.184
329.272
329.36
329.248
329.336
329.224
329.312
329.2
329.288
329.176
329.264
329.352
329.24
329.328
329.216
329.304
329.192
329.28
329.368
329.256
329.344
329.232
329.32
329.208
329.296
329.184
329.272
329.36
329.248
329.336
329.224
329.312
329.2
329.288
329.176
329.264
329.352
329.24
329.328
329.216
329.304
329.192
329.28
329.368
329.256
329.344
329.232
329.32
329.208
329.296
329.184
329.272
329.36
329.248
329.336
329.224
329.312
329.2
329.288
329.176
329.264
329.352
329.24
329.328
329.216
329.304
329.192
329.28
329.368
329.256
329.344
329.232
329.32
329.208
329.296
329.184
329.272
329.36
329.248
329.336
329.224
329.312
329.2
329.288
329.176
329.264
329.352
329.24
329.328
329.216
329.304
329.192
329.28
329.368
329.256
329.344
329.232
329.32
329.208
329.296
329.184
329.272
329.36
329.248
329.336
329.224
329.312
329.2
329.288
329.176
329.264
329.352
329.24
329.328
329.216
329.304
329.192
329.28
329.368
329.256
329.344
329.232
329.32
329.208
329.296
329.184
329.272
329.36
329.248
329.336
329.224
329.312
329.2
329.288
329.176
329.264
329.352
329.24
329.328
329.216
329.304
329.192
329.28
329.368
329.256
329.344
329.232
329.32
329.208
329.296
329.184
329.272
329.36
329.248
329.336
329.224
329.312
329.2
329.288
329.176
329.264
329.352
329.24
329.328
329.216
329.304
329.192
329.28
329.368
329.256
329.344
329.232
329.32
329.208
329.296
329.184
329.272
329.36
329.248
329.336
329.224
329.312
329.2
329.288
329.176
329.264
329.352
329.24
329.328
329.216
329.304
329.192
329.28
329.368
329.256
329.344
329.232
329.32
329.208
329.296
329.184
329.272
329.36
329.248
329.336
329.224
329.312
329.2
329.288
329.176
329.264
329.352
329.24
329.328
329.216
329.304
329.192
329.28
329.368
329.256
329.344
329.232
329.32
329.208
329.296
329.184
329.272
329.36
329.248
329.336
329.224
329.312
329.2
329.288
329.176
329.264
329.352
329.24
329.328
329.216
329.304
329.192
329.28
329.368
329.256
329.344
329.232
329.32
329.208
329.296
329.184
329.272
329.36
329.248
329.336
329.224
329.312
329.2
329.288
329.176
329.264
329.352
329.24
329.328
329.216
329.304
329.192
329.28
329.368
329.256
329.344
329.232
329.32
329.208
329.296
329.184
329.272
329.36
329.248
329.336
329.224
329.312
329.2
329.288
329.176
329.264
329.352
329.24
329.328
329.216
329.304
329.192
329.28
329.368
329.256
329.344
329.232
329.32
329.208
329.296
329.184
329.272
329.36
329.248
329.336
329.224
329.312
329.2
329.288
329.176
329.264
329.352
329.24
329.328
329.216
329.304
329.192
329.28
329.368
329.256
329.344
329.232
329.32
329.208
329.296
329.184
329.272
329.36
329.248
329.336
329.224
329.312
329.2
329.288
329.176
329.264
329.352
329.24
329.328
329.216
329.304
329.192
329.28
329.368
329.256
329.344
329.232
329.32
329.208
329.296
329.184
329.272
329.36
329.248
329.336
329.224
329.312
329.2
329.288
329.176
329.264
329.352
329.24
329.328
329.216
329.304
329.192
329.28
329.368
329.256
329.344
329.232
329.32
329.208
329.296
329.184
329.272
329.36
329.248
329.336
329.224
329.312
329.2
329.288
329.176
329.264
329.352
329.24
329.328
329.216
329.304
329.192
329.28
329.368
329.256
329.344
329.232
329.32
329.208
329.296
329.184
329.272
329.36
329.248
329.336
329.224
329.312
329.2
329.288
329.176
329.264
329.352
329.24
329.328
329.216
329.304
329.192
329.28
329.368
329.256
329.344
329.232
329.32
329.208
329.296
329.184
329.272
329.36
329.248
329.336
329.224
329.312
329.2
329.288
329.176
329.264
329.352
329.24
329.328
329.216
329.304
329.192
329.28
329.368
329.256
329.344
329.232
329.32
329.208
329.296
329.184
329.272
329.36
329.248
329.336
329.224
329.312
329.2
329.288
329.176
329.264
329.352
329.24
329.328
329.216
329.304
329.192
329.28
329.368
329.256
329.344
329.232
329.32
329.208
329.296
329.184
329.272
329.36
329.248
329.336
329.224
329.312
329.2
329.288
329.176
329.264
329.352
329.24
329.328
329.216
329.304
329.192
329.28
329.368
329.256
329.344
329.232
329.32
329.208
329.296
329.184
329.272
329.36
329.248
329.336
329.224
329.312
329.2
329.288
329.176
329.264
329.352
329.24
329.328
329.216
329.304
329.192
329.28
329.368
329.256
329.344
329.232
329.32
329.208
329.296
329.184
329.272
329.36
329.248
329.336
329.224
329.312
329.2
329.288
329.176
329.264
329.352
329.24
329.328
329.216
329.304
329.192
329.28
329.368
329.256
329.344
329.232
329.32
329.208
329.296
329.184
329.272
329.36
329.248
329.336
329.224
329.312
329.2
329.288
329.176
329.264
329.352
329.24
329.328
329.216
329.304
329.192
329.28
329.368
329.256
329.344
329.232
329.32
329.208
329.296
329.184
329.272
329.36
329.248
329.336
329.224
329.312
329.2
329.288
329.176
329.264
329.352
329.24
329.328
329.216
329.304
329.192
329.28
329.368
329.256
329.344
329.232
329.32
329.208
329.296
329.184
329.272
329.36
329.248
329.336
329.224
329.312
329.2
329.288
329.176
329.264
329.352
329.24
329.328
329.216
329.304
329.192
329.28
329.368
329.256
329.344
329.232
329.32
329.208
329.296
329.184
329.272
329.36
329.248
329.336
329.224
329.312
329.2
329.288
329.176
329.264
329.352
329.24
329.328
329.216
329.304
329.192
329.28
329.368
329.256
329.344
329.232
329.32
329.208
329.296
329.184
329.272
329.36
329.248
329.336
329.224
329.312
329.2
329.288
329.176
329.264
329.352
329.24
329.328
329.216
329.304
329.192
329.28
329.368
329.256
329.344
329.232
329.32
329.208
329.296
329.184
329.272
329.36
329.248
329.336
329.224
329.312
329.2
329.288
329.176
329.264
329.352
329.24
329.328
329.216
329.304
329.192
329.28
329.368
329.256
329.344
329.232
329.32
329.208
329.296
329.184
329.272
329.36
329.248
329.336
329.224
329.312
329.2
329.288
329.176
329.264
329.352
329.24
329.328
329.216
329.304
329.192
329.28
329.368
329.256
329.344
329.232
329.32
329.208
329.296
329.184
329.272
329.36
329.248
329.336
329.224
329.312
329.2
329.288
329.176
329.264
329.352
329.24
329.328
329.216
329.304
329.192
329.28
329.368
329.256
329.344
329.232
329.32
329.208
329.296
329.184
329.272
329.36
329.248
329.336
329.224
329.312
329.2
329.288
329.176
329.264
329.352
329.24
329.328
329.216
329.304
329.192
329.28
329.368
329.256
329.344
329.232
329.32
329.208
329.296
329.184
329.272
329.36
329.248
329.336
329.224
329.312
329.2
329.288
329.176
329.264
329.352
329.24
329.328
329.216
329.304
329.192
329.28
329.368
329.256
329.344
329.232
329.32
329.208
329.296
329.184
329.272
329.36
329.248
329.336
329.224
329.312
329.2
329.288
329.176
329.264
329.352
329.24
329.328
329.216
329.304
329.192
329.28
329.368
329.256
329.344
329.232
329.32
329.208
329.296
329.184
329.272
329.36
329.248
329.336
329.224
329.312
329.2
329.288
329.176
329.264
329.352
329.24
329.328
329.216
329.304
329.192
329.28
329.368
329.256
329.344
329.232
329.32
329.208
329.296
329.184
329.272
329.36
329.248
329.336
329.224
329.312
329.2
329.288
329.176
329.264
329.352
329.24
329.328
329.216
329.304
329.192
329.28
329.368
329.256
329.344
329.232
329.32
329.208
329.296
329.184
329.272
329.36
329.248
329.336
329.224
329.312
329.2
329.288
329.176
329.264
329.352
329.24
329.328
329.216
329.304
329.192
329.28
329.368
329.256
329.344
329.232
329.32
329.208
329.296
329.184
329.272
329.36
329.248
329.336
329.224
329.312
329.2
329.288
329.176
329.264
329.352
329.24
329.328
329.216
329.304
329.192
329.28
329.368
329.256
329.344
329.232
329.32
329.208
329.296
329.184
329.272
329.36
329.248
329.336
329.224
329.312
329.2
329.288
329.176
329.264
329.352
329.24
329.328
329.216
329.304
329.192
329.28
329.368
329.256
329.344
329.232
329.32
329.208
329.296
329.184
329.272
329.36
329.248
329.336
329.224
329.312
329.2
329.288
329.176
329.264
329.352
329.24
329.328
329.216
329.304
329.192
329.28
329.368
329.256
329.344
329.232
329.32
329.208
329.296
329.184
329.272
329.36
329.248
329.336
329.224
329.312
329.2
329.288
329.176
329.264
329.352
329.24
329.328
329.216
329.304
329.192
329.28
329.368
329.256
329.344
329.232
329.32
329.208
329.296
329.184
329.272
329.36
329.248
329.336
329.224
329.312
329.2
329.288
329.176
329.264
329.352
329.24
329.328
329.216
329.304
329.192
329.28
329.368
329.256
329.344
329.232
329.32
329.208
329.296
329.184
329.272
329.36
329.248
329.336
329.224
329.312
329.2
329.288
329.176
329.264
329.352
329.24
329.328
329.216
329.304
329.192
329.28
329.368
329.256
329.344
329.232
329.32
329.208
329.296
329.184
329.272
329.36
329.248
329.336
329.224
329.312
329.2
329.288
329.176
329.264
329.352
329.24
329.328
329.216
329.304
329.192
329.28
329.368
329.256
329.344
329.232
329.32
329.208
329.296
329.184
329.272
329.36
329.248
329.336
329.224
329.312
329.2
329.288
329.176
329.264
329.352
329.24
329.328
329.216
329.304
329.192
329.28
329.368
329.256
329.344
329.232
329.32
329.208
329.296
329.184
329.272
329.36
329.248
329.336
329.224
329.312
329.2
329.288
329.176
329.264
329.352
329.24
329.328
329.216
329.304
329.192
329.28
329.368
329.256
329.344
329.232
329.32
329.208
329.296
329.184
329.272
329.36
329.248
329.336
329.224
329.312
329.2
329.288
329.176
329.264
329.352
329.24
329.328
329.216
329.304
329.192
329.28
329.368
329.256
329.344
329.232
329.32
329.208
329.296
329.184
329.272
329.36
329.248
329.336
329.224
329.312
329.2
329.288
329.176
329.264
329.352
329.24
329.328
329.216
329.304
329.192
329.28
329.368
329.256
329.344
329.232
329.32
329.208
329.296
329.184
329.272
329.36
329.248
329.336
329.224
329.312
329.2
329.288
329.176
329.264
329.352
329.24
329.328
329.216
329.304
329.192
329.28
329.368
329.256
329.344
329.232
329.32
329.208
329.296
329.184
329.272
329.36
329.248
329.336
329.224
329.312
329.2
329.288
329.176
329.264
329.352
329.24
329.328
329.216
329.304
329.192
329.28
329.368
329.256
329.344
329.232
329.32
329.208
329.296
329.184
329.272
329.36
329.248
329.336
329.224
329.312
329.2
329.288
329.176
329.264
329.352
329.24
329.328
329.216
329.304
329.192
329.28
329.368
329.256
329.344
329.232
329.32
329.208
329.296
329.184
329.272
329.36
329.248
329.336
329.224
329.312
329.2
329.288
329.176
329.264
329.352
329.24
329.328
329.216
329.304
329.192
329.28
329.368
329.256
329.344
329.232
329.32
329.208
329.296
329.184
329.272
329.36
329.248
329.336
329.224
329.312
329.2
329.288
329.176
329.264
329.352
329.24
329.328
329.216
329.304
329.192
329.28
329.368
329.256
329.344
329.232
329.32
329.208
329.296
329.184
329.272
329.36
329.248
329.336
329.224
329.312
329.2
329.288
329.176
329.264
329.352
329.24
329.328
329.216
329.304
329.192
329.28
329.368
329.256
329.344
329.232
329.32
329.208
329.296
329.184
329.272
329.36
329.248
329.336
329.224
329.312
329.2
329.288
329.176
329.264
329.352
329.24
329.328
329.216
329.304
329.192
329.28
329.368
329.256
329.344
329.232
329.32
329.208
329.296
329.184
329.272
329.36
329.248
329.336
329.224
329.312
329.2
329.288
329.176
329.264
329.352
329.24
329.328
329.216
329.304
329.192
329.28
329.368
329.256
329.344
329.232
329.32
329.208
329.296
329.184
329.272
329.36
329.248
329.336
329.224
329.312
329.2
329.288
329.176
329.264
329.352
329.24
329.328
329.216
329.304
329.192
329.28
329.368
329.256
329.344
329.232
329.32
329.208
329.296
329.184
329.272
329.36
329.248
329.336
329.224
329.312
329.2
329.288
329.176
329.264
329.352
329.24
329.328
329.216
329.304
329.192
329.28
329.368
329.256
329.344
329.232
329.32
329.208
329.296
329.184
329.272
329.36
329.248
329.336
329.224
329.312
329.2
329.288
329.176
329.264
329.352
329.24
329.328
329.216
329.304
329.192
329.28
329.368
329.256
329.344
329.232
329.32
329.208
329.296
329.184
329.272
329.36
329.248
329.336
329.224
329.312
329.2
329.288
329.176
329.264
329.352
329.24
329.328
329.216
329.304
329.192
329.28
329.368
329.256
329.344
329.232
329.32
329.208
329.296
329.184
329.272
329.36
329.248
329.336
329.224
329.312
329.2
329.288
329.176
329.264
329.352
329.24
329.328
329.216
329.304
329.192
329.28
329.368
329.256
329.344
329.232
329.32
329.208
329.296
329.184
329.272
329.36
329.248
329.336
329.224
329.312
329.2
329.288
329.176
329.264
329.352
329.24
329.328
329.216
329.304
329.192
329.28
329.368
329.256
329.344
329.232
329.32
329.208
329.296
329.184
329.272
329.36
329.248
329.336
329.224
329.312
329.2
329.288
329.176
329.264
329.352
329.24
329.328
329.216
329.304
329.192
329.28
329.368
329.256
329.344
329.232
329.32
329.208
329.296
329.184
329.272
329.36
329.248
329.336
329.224
329.312
329.2
329.288
329.176
329.264
329.352
329.24
329.328
329.216
329.304
329.192
329.28
329.368
329.256
329.344
329.232
329.32
329.208
329.296
329.184
329.272
329.36
329.248
329.336
329.224
329.312
329.2
329.288
329.176
329.264
329.352
329.24
329.328
329.216
329.304
329.192
329.28
329.368
329.256
329.344
329.232
329.32
329.208
329.296
329.184
329.272
329.36
329.248
329.336
329.224
329.312
329.2
329.288
329.176
329.264
329.352
329.24
329.328
329.216
329.304
329.192
329.28
329.368
329.256
329.344
329.232
329.32
329.208
329.296
329.184
329.272
329.36
329.248
329.336
329.224
329.312
329.2
329.288
329.176
329.264
329.352
329.24
329.328
329.216
329.304
329.192
329.28
329.368
329.256
329.344
329.232
329.32
329.208
329.296
329.184
329.272
329.36
329.248
329.336
329.224
329.312
329.2
329.288
329.176
329.264
329.352
329.24
329.328
329.216
329.304
329.192
329.28
329.368
329.256
329.344
329.232
329.32
329.208
329.296
329.184
329.272
329.36
329.248
329.336
329.224
329.312
329.2
329.288
329.176
329.264
329.352
329.24
329.328
329.216
329.304
329.192
329.28
329.368
329.256
329.344
329.232
329.32
329.208
329.296
329.184
329.272
329.36
329.248
329.336
329.224
329.312
329.2
329.288
329.176
329.264
329.352
329.24
329.328
329.216
329.304
329.192
329.28
329.368
329.256
329.344
329.232
329.32
329.208
329.296
329.184
329.272
329.36
329.248
329.336
329.224
329.312
329.2
329.288
329.176
329.264
329.352
329.24
329.328
329.216
329.304
329.192
329.28
329.368
329.256
329.344
329.232
329.32
329.208
329.296
329.184
329.272
329.36
329.248
329.336
329.224
329.312
329.2
329.288
329.176
329.264
329.352
329.24
329.328
329.216
329.304
329.192
329.28
329.368
329.256
329.344
329.232
329.32
329.208
329.296
329.184
329.272
329.36
329.248
329.336
329.224
329.312
329.2
329.288
329.176
329.264
329.352
329.24
329.328
329.216
329.304
329.192
329.28
329.368
329.256
329.344
329.232
329.32
329.208
329.296
329.184
329.272
329.36
329.248
329.336
329.224
329.312
329.2
329.288
329.176
329.264
329.352
329.24
329.328
329.216
329.304
329.192
329.28
329.368
329.256
329.344
329.232
329.32
329.208
329.296
329.184
329.272
329.36
329.248
329.336
329.224
329.312
329.2
329.288
329.176
329.264
329.352
329.24
329.328
329.216
329.304
329.192
329.28
329.368
329.256
329.344
329.232
329.32
329.208
329.296
329.184
329.272
329.36
329.248
329.336
329.224
329.312
329.2
329.288
329.176
329.264
329.352
329.24
329.328
329.216
329.304
329.192
329.28
329.368
329.256
329.344
329.232
329.32
329.208
329.296
329.184
329.272
329.36
329.248
329.336
329.224
329.312
329.2
329.288
329.176
329.264
329.352
329.24
329.328
329.216
329.304
329.192
329.28
329.368
329.256
329.344
329.232
329.32
329.208
329.296
329.184
329.272
329.36
329.248
329.336
329.224
329.312
329.2
329.288
329.176
329.264
329.352
329.24
329.328
329.216
329.304
329.192
329.28
329.368
329.256
329.344
329.232
329.32
329.208
329.296
329.184
329.272
329.36
329.248
329.336
329.224
329.312
329.2
329.288
329.176
329.264
329.352
329.24
329.328
329.216
329.304
329.192
329.28
329.368
329.256
329.344
329.232
329.32
329.208
329.296
329.184
329.272
329.36
329.248
329.336
329.224
329.312
329.2
329.288
329.176
329.264
329.352
329.24
329.328
329.216
329.304
329.192
329.28
329.368
329.256
329.344
329.232
329.32
329.208
329.296
329.184
329.272
329.36
329.248
329.336
329.224
329.312
329.2
329.288
329.176
329.264
329.352
329.24
329.328
329.216
329.304
329.192
329.28
329.368
329.256
329.344
329.232
329.32
329.208
329.296
329.184
329.272
329.36
329.248
329.336
329.224
329.312
329.2
329.288
329.176
329.264
329.352
329.24
329.328
329.216
329.304
329.192
329.28
329.368
329.256
329.344
329.232
329.32
329.208
329.296
329.184
329.272
329.36
329.248
329.336
329.224
329.312
329.2
329.288
329.176
329.264
329.352
329.24
329.328
329.216
329.304
329.192
329.28
329.368
329.256
329.344
329.232
329.32
329.208
329.296
329.184
329.272
329.36
329.248
329.336
329.224
329.312
329.2
329.288
329.176
329.264
329.352
329.24
329.328
329.216
329.304
329.192
329.28
329.368
329.256
329.344
329.232
329.32
329.208
329.296
329.184
329.272
329.36
329.248
329.336
329.224
329.312
329.2
329.288
329.176
329.264
329.352
329.24
329.328
329.216
329.304
329.192
329.28
329.368
329.256
329.344
329.232
329.32
329.208
329.296
329.184
329.272
329.36
329.248
329.336
329.224
329.312
329.2
329.288
329.176
329.264
329.352
329.24
329.328
329.216
329.304
329.192
329.28
329.368
329.256
329.344
329.232
329.32
329.208
329.296
329.184
329.272
329.36
329.248
329.336
329.224
329.312
329.2
329.288
329.176
329.264
329.352
329.24
329.328
329.216
329.304
329.192
329.28
329.368
329.256
329.344
329.232
329.32
329.208
329.296
329.184
329.272
329.36
329.248
329.336
329.224
329.312
329.2
329.288
329.176
329.264
329.352
329.24
329.328
329.216
329.304
329.192
329.28
329.368
329.256
329.344
329.232
329.32
329.208
329.296
329.184
329.272
329.36
329.248
329.336
329.224
329.312
329.2
329.288
329.176
329.264
329.352
329.24
329.328
329.216
329.304
329.192
329.28
329.368
329.256
329.344
329.232
329.32
329.208
329.296
329.184
329.272
329.36
329.248
329.336
329.224
329.312
329.2
329.288
329.176
329.264
329.352
329.24
329.328
329.216
329.304
329.192
329.28
329.368
329.256
329.344
329.232
329.32
329.208
329.296
329.184
329.272
329.36
329.248
329.336
329.224
329.312
329.2
329.288
329.176
329.264
329.352
329.24
329.328
329.216
329.304
329.192
329.28
329.368
329.256
329.344
329.232
329.32
329.208
329.296
329.184
329.272
329.36
329.248
329.336
329.224
329.312
329.2
329.288
329.176
329.264
329.352
329.24
329.328
329.216
329.304
329.192
329.28
329.368
329.256
329.344
329.232
329.32
329.208
329.296
329.184
329.272
329.36
329.248
329.336
329.224
329.312
329.2
329.288
329.176
329.264
329.352
329.24
329.328
329.216
329.304
329.192
329.28
329.368
329.256
329.344
329.232
329.32
329.208
329.296
329.184
329.272
329.36
329.248
329.336
329.224
329.312
329.2
329.288
329.176
329.264
329.352
329.24
329.328
329.216
329.304
329.192
329.28
329.368
329.256
329.344
329.232
329.32
329.208
329.296
329.184
329.272
329.36
329.248
329.336
329.224
329.312
329.2
329.288
329.176
329.264
329.352
329.24
329.328
329.216
329.304
329.192
329.28
329.368
329.256
329.344
329.232
329.32
329.208
329.296
329.184
329.272
329.36
329.248
329.336
329.224
329.312
329.2
329.288
329.176
329.264
329.352
329.24
329.328
329.216
329.304
329.192
329.28
329.368
329.256
329.344
329.232
329.32
329.208
329.296
329.184
329.272
329.36
329.248
329.336
329.224
329.312
329.2
329.288
329.176
329.264
329.352
329.24
329.328
329.216
329.304
329.192
329.28
329.368
329.256
329.344
329.232
329.32
329.208
329.296
329.184
329.272
329.36
329.248
329.336
329.224
329.312
329.2
329.288
329.176
329.264
329.352
329.24
329.328
329.216
329.304
329.192
329.28
329.368
329.256
329.344
329.232
329.32
329.208
329.296
329.184
329.272
329.36
329.248
329.336
329.224
329.312
329.2
329.288
329.176
329.264
329.352
329.24
329.328
329.216
329.304
329.192
329.28
329.368
329.256
329.344
329.232
329.32
329.208
329.296
329.184
329.272
329.36
329.248
329.336
329.224
329.312
329.2
329.288
329.176
329.264
329.352
329.24
329.328
329.216
329.304
329.192
329.28
329.368
329.256
329.344
329.232
329.32
329.208
329.296
329.184
329.272
329.36
329.248
329.336
329.224
329.312
329.2
329.288
329.176
329.264
329.352
329.24
329.328
329.216
329.304
329.192
329.28
329.368
329.256
329.344
329.232
329.32
329.208
329.296
329.184
329.272
329.36
329.248
329.336
329.224
329.312
329.2
329.288
329.176
329.264
329.352
329.24
329.328
329.216
329.304
329.192
329.28
329.368
329.256
329.344
329.232
329.32
329.208
329.296
329.184
329.272
329.36
329.248
329.336
329.224
329.312
329.2
329.288
329.176
329.264
329.352
329.24
329.328
329.216
329.304
329.192
329.28
329.368
329.256
329.344
329.232
329.32
329.208
329.296
329.184
329.272
329.36
329.248
329.336
329.224
329.312
329.2
329.288
329.176
329.264
329.352
329.24
329.328
329.216
329.304
329.192
329.28
329.368
329.256
329.344
329.232
329.32
329.208
329.296
329.184
329.272
329.36
