24.44
24.44
33.464
32.552
31.64
30.728
29.816
28.904
27.992
27.08
26.168
27.144
26.232
28.152
30.072
29.16
31.08
30.168
32.088
31.176
30.264
32.184
31.272
33.192
32.28
34.2
33.288
35.208
34.296
36.216
38.136
37.224
39.144
38.232
37.32
39.24
41.16
40.248
42.168
41.256
43.176
42.264
44.184
43.272
45.192
44.28
46.2
45.288
47.208
46.296
48.216
47.304
49.224
51.144
50.232
52.152
51.24
53.16
52.248
54.168
53.256
55.176
54.264
56.184
55.272
57.192
56.28
58.2
57.288
59.208
61.128
60.216
62.136
61.224
63.144
62.232
64.152
63.24
65.16
64.248
66.168
65.256
67.176
69.096
68.184
70.104
69.192
71.112
70.2
72.12
71.208
73.128
72.216
74.136
73.224
75.144
74.232
76.152
78.072
77.16
79.08
78.168
80.088
79.176
81.096
80.184
82.104
81.192
83.112
85.032
84.12
83.208
85.128
84.216
86.136
88.056
87.144
89.064
88.152
90.072
89.16
91.08
90.168
92.088
91.176
93.096
92.184
94.104
96.024
95.112
97.032
96.12
98.04
97.128
99.048
98.136
100.056
99.144
101.064
100.152
102.072
101.16
103.08
105
104.088
106.008
105.096
107.016
106.104
108.024
107.112
109.032
108.12
110.04
111.96
111.048
112.968
112.056
111.144
113.064
114.984
114.072
115.992
115.08
117
116.088
118.008
117.096
119.016
118.104
120.024
121.944
121.032
120.12
122.04
123.96
123.048
124.968
124.056
125.976
125.064
126.984
126.072
127.992
127.08
129
128.088
130.008
131.928
131.016
132.936
132.024
133.944
133.032
134.952
134.04
135.96
135.048
136.968
138.888
137.976
139.896
138.984
138.072
139.992
141.912
141
142.92
142.008
143.928
143.016
144.936
144.024
145.944
145.032
146.952
148.872
147.96
149.88
148.968
150.888
149.976
151.896
150.984
152.904
151.992
153.912
153
154.92
154.008
155.928
155.016
156.936
158.856
157.944
159.864
158.952
160.872
159.96
161.88
160.968
162.888
161.976
163.896
165.816
164.904
166.824
165.912
167.832
166.92
168.84
167.928
169.848
168.936
170.856
169.944
171.864
170.952
172.872
171.96
173.88
175.8
174.888
176.808
175.896
177.816
176.904
178.824
177.912
179.832
178.92
180.84
179.928
181.848
180.936
182.856
181.944
183.864
185.784
184.872
186.792
185.88
187.8
186.888
188.808
187.896
189.816
188.904
190.824
192.744
191.832
193.752
192.84
194.76
193.848
195.768
194.856
196.776
195.864
197.784
196.872
198.792
200.712
199.8
198.888
200.808
202.728
201.816
203.736
202.824
204.744
203.832
205.752
204.84
206.76
205.848
207.768
209.688
208.776
207.864
209.784
208.872
210.792
212.712
211.8
213.72
212.808
214.728
213.816
215.736
214.824
216.744
215.832
217.752
219.672
218.76
220.68
219.768
221.688
220.776
222.696
221.784
223.704
222.792
224.712
223.8
225.72
224.808
226.728
225.816
227.736
229.656
228.744
230.664
229.752
231.672
230.76
232.68
231.768
233.688
232.776
234.696
236.616
235.704
237.624
236.712
235.8
237.72
239.64
238.728
240.648
239.736
241.656
240.744
242.664
241.752
243.672
242.76
244.68
246.6
245.688
247.608
246.696
248.616
247.704
249.624
248.712
250.632
249.72
251.64
250.728
252.648
251.736
253.656
255.576
254.664
256.584
255.672
257.592
256.68
258.6
257.688
259.608
258.696
260.616
259.704
261.624
263.544
262.632
264.552
263.64
262.728
264.648
266.568
265.656
267.576
266.664
268.584
267.672
269.592
268.68
270.6
269.688
271.608
273.528
272.616
274.536
273.624
275.544
274.632
276.552
275.64
277.56
276.648
278.568
277.656
279.576
281.496
280.584
282.504
281.592
283.512
282.6
284.52
283.608
285.528
284.616
286.536
285.624
287.275
286.363
287.262
289.067
288.155
289.054
288.142
289.041
288.129
289.028
288.116
289.016
288.104
289.003
289.902
288.99
288.078
288.977
288.065
288.964
289.864
288.952
290.756
289.844
290.744
289.832
290.731
289.819
290.718
289.806
290.705
291.604
290.692
289.78
290.68
289.768
290.667
291.566
290.654
291.553
290.641
291.54
290.628
292.433
291.521
292.42
291.508
292.408
293.307
292.395
293.294
292.382
293.281
292.369
293.268
292.356
293.256
292.344
293.243
294.142
293.23
294.129
293.217
292.305
294.11
295.009
294.097
294.996
294.084
294.984
294.072
294.971
294.059
294.958
294.046
294.945
295.844
294.932
294.02
294.92
295.819
294.907
296.712
295.8
296.699
295.787
296.686
295.774
296.673
295.761
296.66
295.748
296.648
297.547
296.635
297.534
296.622
297.521
296.609
297.508
296.596
297.496
296.584
298.388
297.476
298.376
299.275
298.363
297.451
298.35
299.249
298.337
299.236
298.324
299.224
298.312
299.211
298.299
299.198
298.286
299.185
300.084
299.172
300.977
300.065
300.964
300.052
300.952
300.04
300.939
300.027
300.926
300.014
300.913
300.001
300.9
299.988
300.888
301.787
300.875
301.774
300.862
302.667
301.755
302.654
301.742
302.641
301.729
302.628
303.528
302.616
303.515
302.603
303.502
302.59
303.489
302.577
303.476
302.564
303.464
302.552
303.451
302.539
304.344
303.432
304.331
305.23
304.318
305.217
304.305
303.393
304.292
305.192
304.28
305.179
304.267
305.166
304.254
305.153
304.241
305.14
304.228
305.128
306.932
306.02
306.92
306.008
306.907
305.995
306.894
305.982
306.881
305.969
306.868
307.768
306.856
307.755
306.843
307.742
306.83
307.729
306.817
308.622
307.71
308.609
307.697
308.596
307.684
308.584
307.672
308.571
309.47
308.558
309.457
308.545
309.444
308.532
309.432
308.52
309.419
308.507
309.406
311.211
310.299
309.387
310.286
309.374
310.273
311.172
310.26
311.16
310.248
311.147
310.235
311.134
310.222
311.121
310.209
311.108
310.196
311.096
310.184
311.083
311.982
311.07
310.158
311.057
310.145
311.044
311.944
311.032
311.931
311.019
311.918
311.006
311.905
310.993
311.892
310.98
311.88
310.968
311.867
310.955
311.854
310.942
311.841
310.929
311.828
310.916
311.816
310.904
311.803
312.702
311.79
310.878
311.777
310.865
311.764
312.664
311.752
312.651
311.739
312.638
311.726
312.625
311.713
312.612
311.7
312.6
311.688
312.587
311.675
312.574
311.662
312.561
311.649
312.548
311.636
312.536
313.435
312.523
313.422
312.51
313.409
312.497
313.396
312.484
313.384
312.472
313.371
312.459
313.358
312.446
313.345
312.433
313.332
312.42
313.32
312.408
313.307
312.395
313.294
312.382
313.281
312.369
313.268
312.356
313.256
312.344
313.243
312.331
313.23
312.318
313.217
312.305
313.204
312.292
313.192
312.28
313.179
314.078
313.166
314.065
313.153
314.052
313.14
314.04
313.128
314.027
313.115
314.014
313.102
314.001
313.089
313.988
313.076
313.976
313.064
313.963
313.051
313.95
313.038
313.937
313.025
313.924
313.012
313.912
313
313.899
312.987
313.886
312.974
313.873
312.961
313.86
312.948
313.848
314.747
313.835
314.734
313.822
314.721
313.809
314.708
313.796
314.696
313.784
314.683
313.771
314.67
315.569
314.657
315.556
314.644
315.544
314.632
315.531
314.619
315.518
314.606
315.505
314.593
315.492
314.58
315.48
314.568
315.467
314.555
315.454
314.542
315.441
314.529
315.428
314.516
315.416
314.504
315.403
314.491
315.39
314.478
315.377
314.465
315.364
314.452
315.352
314.44
315.339
316.238
315.326
316.225
315.313
316.212
315.3
316.2
315.288
316.187
315.275
316.174
315.262
316.161
315.249
316.148
315.236
316.136
315.224
316.123
315.211
316.11
315.198
316.097
315.185
316.084
315.172
316.072
315.16
316.059
315.147
316.046
315.134
316.033
315.121
316.02
315.108
316.008
315.096
315.995
315.083
315.982
316.881
315.969
316.868
315.956
316.856
315.944
316.843
315.931
316.83
315.918
316.817
315.905
316.804
315.892
316.792
315.88
316.779
315.867
316.766
315.854
316.753
315.841
316.74
315.828
316.728
315.816
316.715
315.803
316.702
317.601
316.689
317.588
316.676
317.576
316.664
317.563
316.651
317.55
316.638
317.537
316.625
317.524
316.612
317.512
316.6
317.499
316.587
317.486
316.574
317.473
316.561
317.46
316.548
317.448
316.536
317.435
316.523
317.422
316.51
317.409
316.497
317.396
316.484
317.384
316.472
317.371
316.459
317.358
316.446
317.345
316.433
317.332
316.42
317.32
316.408
317.307
316.395
317.294
316.382
317.281
316.369
317.268
316.356
317.256
316.344
317.243
316.331
317.23
316.318
317.217
316.305
317.204
316.292
317.192
316.28
317.179
316.267
317.166
316.254
317.153
316.241
317.14
316.228
317.128
316.216
317.115
316.203
317.102
316.19
317.089
316.177
317.076
316.164
317.064
316.152
317.051
316.139
317.038
316.126
317.025
316.113
317.012
317.912
317
317.899
316.987
317.886
316.974
317.873
316.961
317.86
316.948
317.848
316.936
317.835
316.923
317.822
316.91
317.809
316.897
317.796
316.884
317.784
316.872
317.771
316.859
317.758
316.846
317.745
316.833
317.732
316.82
317.72
316.808
317.707
316.795
317.694
316.782
317.681
316.769
317.668
316.756
317.656
316.744
317.643
316.731
317.63
316.718
317.617
316.705
317.604
316.692
317.592
316.68
317.579
316.667
317.566
318.465
317.553
318.452
317.54
318.44
317.528
318.427
317.515
318.414
317.502
318.401
317.489
318.388
317.476
318.376
317.464
318.363
317.451
318.35
317.438
318.337
317.425
318.324
317.412
318.312
317.4
318.299
317.387
318.286
317.374
318.273
317.361
318.26
317.348
318.248
317.336
318.235
317.323
318.222
317.31
318.209
317.297
318.196
317.284
318.184
317.272
318.171
317.259
318.158
317.246
318.145
317.233
318.132
317.22
318.12
317.208
318.107
317.195
318.094
317.182
318.081
317.169
318.068
317.156
318.056
317.144
318.043
317.131
318.03
317.118
318.017
317.105
318.004
317.092
317.992
317.08
317.979
317.067
317.966
317.054
317.953
317.041
317.94
317.028
317.928
317.016
317.915
317.003
317.902
316.99
317.889
316.977
317.876
316.964
317.864
316.952
317.851
318.75
317.838
318.737
317.825
318.724
317.812
318.712
317.8
318.699
317.787
318.686
317.774
318.673
317.761
318.66
317.748
318.648
317.736
318.635
317.723
318.622
317.71
318.609
317.697
318.596
317.684
318.584
317.672
318.571
317.659
318.558
317.646
318.545
317.633
318.532
317.62
318.52
317.608
318.507
317.595
318.494
317.582
318.481
317.569
318.468
317.556
318.456
317.544
318.443
317.531
318.43
317.518
318.417
317.505
318.404
317.492
318.392
317.48
318.379
317.467
318.366
317.454
318.353
317.441
318.34
317.428
318.328
317.416
318.315
317.403
318.302
317.39
318.289
317.377
318.276
317.364
318.264
317.352
318.251
317.339
318.238
317.326
318.225
317.313
318.212
317.3
318.2
317.288
318.187
317.275
318.174
317.262
318.161
317.249
318.148
317.236
318.136
317.224
318.123
317.211
318.11
319.009
318.097
318.996
318.084
318.984
318.072
318.971
318.059
318.958
318.046
318.945
318.033
318.932
318.02
318.92
318.008
318.907
317.995
318.894
317.982
318.881
317.969
318.868
317.956
318.856
317.944
318.843
317.931
318.83
317.918
318.817
317.905
318.804
317.892
318.792
317.88
318.779
317.867
318.766
317.854
318.753
317.841
318.74
317.828
318.728
317.816
318.715
317.803
318.702
317.79
318.689
317.777
318.676
317.764
318.664
317.752
318.651
317.739
318.638
317.726
318.625
317.713
318.612
317.7
318.6
317.688
318.587
317.675
318.574
317.662
318.561
317.649
318.548
317.636
318.536
317.624
318.523
317.611
318.51
317.598
318.497
317.585
318.484
317.572
318.472
317.56
318.459
317.547
318.446
317.534
318.433
317.521
318.42
317.508
318.408
317.496
318.395
317.483
318.382
317.47
318.369
317.457
318.356
317.444
318.344
317.432
318.331
317.419
318.318
317.406
318.305
317.393
318.292
317.38
318.28
317.368
318.267
317.355
318.254
317.342
318.241
317.329
318.228
317.316
318.216
317.304
318.203
317.291
318.19
317.278
318.177
317.265
318.164
317.252
318.152
317.24
318.139
319.038
318.126
319.025
318.113
319.012
318.1
319
318.088
318.987
318.075
318.974
318.062
318.961
318.049
318.948
318.036
318.936
318.024
318.923
318.011
318.91
317.998
318.897
317.985
318.884
317.972
318.872
317.96
318.859
317.947
318.846
317.934
318.833
317.921
318.82
317.908
318.808
317.896
318.795
317.883
318.782
317.87
318.769
317.857
318.756
317.844
318.744
317.832
318.731
317.819
318.718
317.806
318.705
317.793
318.692
317.78
318.68
317.768
318.667
317.755
318.654
317.742
318.641
317.729
318.628
317.716
318.616
317.704
318.603
317.691
318.59
317.678
318.577
317.665
318.564
317.652
318.552
317.64
318.539
317.627
318.526
317.614
318.513
317.601
318.5
317.588
318.488
317.576
318.475
317.563
318.462
317.55
318.449
317.537
318.436
317.524
318.424
317.512
318.411
317.499
318.398
317.486
318.385
317.473
318.372
317.46
318.36
317.448
318.347
317.435
318.334
317.422
318.321
317.409
318.308
317.396
318.296
319.195
318.283
319.182
318.27
319.169
318.257
319.156
318.244
319.144
318.232
319.131
318.219
319.118
318.206
319.105
318.193
319.092
318.18
319.08
318.168
319.067
318.155
319.054
318.142
319.041
318.129
319.028
318.116
319.016
318.104
319.003
318.091
318.99
318.078
318.977
318.065
318.964
318.052
318.952
318.04
318.939
318.027
318.926
318.014
318.913
318.001
318.9
317.988
318.888
317.976
318.875
317.963
318.862
317.95
318.849
317.937
318.836
317.924
318.824
317.912
318.811
317.899
318.798
317.886
318.785
317.873
318.772
317.86
318.76
317.848
318.747
317.835
318.734
317.822
318.721
317.809
318.708
317.796
318.696
317.784
318.683
317.771
318.67
317.758
318.657
317.745
318.644
317.732
318.632
317.72
318.619
317.707
318.606
317.694
318.593
317.681
318.58
317.668
318.568
317.656
318.555
317.643
318.542
317.63
318.529
317.617
318.516
317.604
318.504
317.592
318.491
317.579
318.478
317.566
318.465
317.553
318.452
317.54
318.44
317.528
318.427
317.515
318.414
317.502
318.401
317.489
318.388
317.476
318.376
317.464
318.363
317.451
318.35
317.438
318.337
317.425
318.324
319.224
318.312
319.211
318.299
319.198
318.286
319.185
318.273
319.172
318.26
319.16
318.248
319.147
318.235
319.134
318.222
319.121
318.209
319.108
318.196
319.096
318.184
319.083
318.171
319.07
318.158
319.057
318.145
319.044
318.132
319.032
318.12
319.019
318.107
319.006
318.094
318.993
318.081
318.98
318.068
318.968
318.056
318.955
318.043
318.942
318.03
318.929
318.017
318.916
318.004
318.904
317.992
318.891
317.979
318.878
317.966
318.865
317.953
318.852
317.94
318.84
317.928
318.827
317.915
318.814
317.902
318.801
317.889
318.788
317.876
318.776
317.864
318.763
317.851
318.75
317.838
318.737
317.825
318.724
317.812
318.712
317.8
318.699
317.787
318.686
317.774
318.673
317.761
318.66
317.748
318.648
317.736
318.635
317.723
318.622
317.71
318.609
317.697
318.596
317.684
318.584
317.672
318.571
317.659
318.558
317.646
318.545
317.633
318.532
317.62
318.52
317.608
318.507
317.595
318.494
317.582
318.481
317.569
318.468
317.556
318.456
317.544
318.443
317.531
318.43
319.329
318.417
319.316
318.404
319.304
318.392
319.291
318.379
319.278
318.366
319.265
318.353
319.252
318.34
319.24
318.328
319.227
318.315
319.214
318.302
319.201
318.289
319.188
318.276
319.176
318.264
319.163
318.251
319.15
318.238
319.137
318.225
319.124
318.212
319.112
318.2
319.099
318.187
319.086
318.174
319.073
318.161
319.06
318.148
319.048
318.136
319.035
318.123
319.022
318.11
319.009
318.097
318.996
318.084
318.984
318.072
318.971
318.059
318.958
318.046
318.945
318.033
318.932
318.02
318.92
318.008
318.907
317.995
318.894
317.982
318.881
317.969
318.868
317.956
318.856
317.944
318.843
317.931
318.83
317.918
318.817
317.905
318.804
317.892
318.792
317.88
318.779
317.867
318.766
317.854
318.753
317.841
318.74
317.828
318.728
317.816
318.715
317.803
318.702
317.79
318.689
317.777
318.676
317.764
318.664
317.752
318.651
317.739
318.638
317.726
318.625
317.713
318.612
317.7
318.6
317.688
318.587
317.675
318.574
317.662
318.561
317.649
318.548
317.636
318.536
317.624
318.523
317.611
318.51
317.598
318.497
317.585
318.484
317.572
318.472
317.56
318.459
317.547
318.446
317.534
318.433
319.332
318.42
319.32
318.408
319.307
318.395
319.294
318.382
319.281
318.369
319.268
318.356
319.256
318.344
319.243
318.331
319.23
318.318
319.217
318.305
319.204
318.292
319.192
318.28
319.179
318.267
319.166
318.254
319.153
318.241
319.14
318.228
319.128
318.216
319.115
318.203
319.102
318.19
319.089
318.177
319.076
318.164
319.064
318.152
319.051
318.139
319.038
318.126
319.025
318.113
319.012
318.1
319
318.088
318.987
318.075
318.974
318.062
318.961
318.049
318.948
318.036
318.936
318.024
318.923
318.011
318.91
317.998
318.897
317.985
318.884
317.972
318.872
317.96
318.859
317.947
318.846
317.934
318.833
317.921
318.82
317.908
318.808
317.896
318.795
317.883
318.782
317.87
318.769
317.857
318.756
317.844
318.744
317.832
318.731
317.819
318.718
317.806
318.705
317.793
318.692
317.78
318.68
317.768
318.667
317.755
318.654
317.742
318.641
317.729
318.628
317.716
318.616
317.704
318.603
317.691
318.59
317.678
318.577
317.665
318.564
317.652
318.552
317.64
318.539
317.627
318.526
317.614
318.513
317.601
318.5
317.588
318.488
317.576
318.475
317.563
318.462
317.55
318.449
317.537
318.436
319.336
318.424
319.323
318.411
319.31
318.398
319.297
318.385
319.284
318.372
319.272
318.36
319.259
318.347
319.246
318.334
319.233
318.321
319.22
318.308
319.208
318.296
319.195
318.283
319.182
318.27
319.169
318.257
319.156
318.244
319.144
318.232
319.131
318.219
319.118
318.206
319.105
318.193
319.092
318.18
319.08
318.168
319.067
318.155
319.054
318.142
319.041
318.129
319.028
318.116
319.016
318.104
319.003
318.091
318.99
318.078
318.977
318.065
318.964
318.052
318.952
318.04
318.939
318.027
318.926
318.014
318.913
318.001
318.9
317.988
318.888
317.976
318.875
317.963
318.862
317.95
318.849
317.937
318.836
317.924
318.824
317.912
318.811
317.899
318.798
317.886
318.785
317.873
318.772
317.86
318.76
317.848
318.747
317.835
318.734
317.822
318.721
317.809
318.708
317.796
318.696
317.784
318.683
317.771
318.67
317.758
318.657
317.745
318.644
317.732
318.632
317.72
318.619
317.707
318.606
317.694
318.593
317.681
318.58
317.668
318.568
317.656
318.555
317.643
318.542
317.63
318.529
317.617
318.516
317.604
318.504
317.592
318.491
317.579
318.478
317.566
318.465
317.553
318.452
317.54
318.44
317.528
318.427
319.326
318.414
319.313
318.401
319.3
318.388
319.288
318.376
319.275
318.363
319.262
318.35
319.249
318.337
319.236
318.324
319.224
318.312
319.211
318.299
319.198
318.286
319.185
318.273
319.172
318.26
319.16
318.248
319.147
318.235
319.134
318.222
319.121
318.209
319.108
318.196
319.096
318.184
319.083
318.171
319.07
318.158
319.057
318.145
319.044
318.132
319.032
318.12
319.019
318.107
319.006
318.094
318.993
318.081
318.98
318.068
318.968
318.056
318.955
318.043
318.942
318.03
318.929
318.017
318.916
318.004
318.904
317.992
318.891
317.979
318.878
317.966
318.865
317.953
318.852
317.94
318.84
317.928
318.827
317.915
318.814
317.902
318.801
317.889
318.788
317.876
318.776
317.864
318.763
317.851
318.75
317.838
318.737
317.825
318.724
317.812
318.712
317.8
318.699
317.787
318.686
317.774
318.673
317.761
318.66
317.748
318.648
317.736
318.635
317.723
318.622
317.71
318.609
317.697
318.596
317.684
318.584
317.672
318.571
317.659
318.558
317.646
318.545
317.633
318.532
317.62
318.52
317.608
318.507
317.595
318.494
317.582
318.481
317.569
318.468
317.556
318.456
317.544
318.443
317.531
318.43
319.329
318.417
319.316
318.404
319.304
318.392
319.291
318.379
319.278
318.366
319.265
318.353
319.252
318.34
319.24
318.328
319.227
318.315
319.214
318.302
319.201
318.289
319.188
318.276
319.176
318.264
319.163
318.251
319.15
318.238
319.137
318.225
319.124
318.212
319.112
318.2
319.099
318.187
319.086
318.174
319.073
318.161
319.06
318.148
319.048
318.136
319.035
318.123
319.022
318.11
319.009
318.097
318.996
318.084
318.984
318.072
318.971
318.059
318.958
318.046
318.945
318.033
318.932
318.02
318.92
318.008
318.907
317.995
318.894
317.982
318.881
317.969
318.868
317.956
318.856
317.944
318.843
317.931
318.83
317.918
318.817
317.905
318.804
317.892
318.792
317.88
318.779
317.867
318.766
317.854
318.753
317.841
318.74
317.828
318.728
317.816
318.715
317.803
318.702
317.79
318.689
317.777
318.676
317.764
318.664
317.752
318.651
317.739
318.638
317.726
318.625
317.713
318.612
317.7
318.6
317.688
318.587
317.675
318.574
317.662
318.561
317.649
318.548
317.636
318.536
317.624
318.523
317.611
318.51
317.598
318.497
317.585
318.484
317.572
318.472
317.56
318.459
317.547
318.446
317.534
318.433
319.332
318.42
319.32
318.408
319.307
318.395
319.294
318.382
319.281
318.369
319.268
318.356
319.256
318.344
319.243
318.331
319.23
318.318
319.217
318.305
319.204
318.292
319.192
318.28
319.179
318.267
319.166
318.254
319.153
318.241
319.14
318.228
319.128
318.216
319.115
318.203
319.102
318.19
319.089
318.177
319.076
318.164
319.064
318.152
319.051
318.139
319.038
318.126
319.025
318.113
319.012
318.1
319
318.088
318.987
318.075
318.974
318.062
318.961
318.049
318.948
318.036
318.936
318.024
318.923
318.011
318.91
317.998
318.897
317.985
318.884
317.972
318.872
317.96
318.859
317.947
318.846
317.934
318.833
317.921
318.82
317.908
318.808
317.896
318.795
317.883
318.782
317.87
318.769
317.857
318.756
317.844
318.744
317.832
318.731
317.819
318.718
317.806
318.705
317.793
318.692
317.78
318.68
317.768
318.667
317.755
318.654
317.742
318.641
317.729
318.628
317.716
318.616
317.704
318.603
317.691
318.59
317.678
318.577
317.665
318.564
317.652
318.552
317.64
318.539
317.627
318.526
317.614
318.513
317.601
318.5
317.588
318.488
317.576
318.475
317.563
318.462
317.55
318.449
317.537
318.436
319.336
318.424
319.323
318.411
319.31
318.398
319.297
318.385
319.284
318.372
319.272
318.36
319.259
318.347
319.246
318.334
319.233
318.321
319.22
318.308
319.208
318.296
319.195
318.283
319.182
318.27
319.169
318.257
319.156
318.244
319.144
318.232
319.131
318.219
319.118
318.206
319.105
318.193
319.092
318.18
319.08
318.168
319.067
318.155
319.054
318.142
319.041
318.129
319.028
318.116
319.016
318.104
319.003
318.091
318.99
318.078
318.977
318.065
318.964
318.052
318.952
318.04
318.939
318.027
318.926
318.014
318.913
318.001
318.9
317.988
318.888
317.976
318.875
317.963
318.862
317.95
318.849
317.937
318.836
317.924
318.824
317.912
318.811
317.899
318.798
317.886
318.785
317.873
318.772
317.86
318.76
317.848
318.747
317.835
318.734
317.822
318.721
317.809
318.708
317.796
318.696
317.784
318.683
317.771
318.67
317.758
318.657
317.745
318.644
317.732
318.632
317.72
318.619
317.707
318.606
317.694
318.593
317.681
318.58
317.668
318.568
317.656
318.555
317.643
318.542
317.63
318.529
317.617
318.516
317.604
318.504
317.592
318.491
317.579
318.478
317.566
318.465
317.553
318.452
317.54
318.44
317.528
318.427
319.326
318.414
319.313
318.401
319.3
318.388
319.288
318.376
319.275
318.363
319.262
318.35
319.249
318.337
319.236
318.324
319.224
318.312
319.211
318.299
319.198
318.286
319.185
318.273
319.172
318.26
319.16
318.248
319.147
318.235
319.134
318.222
319.121
318.209
319.108
318.196
319.096
318.184
319.083
318.171
319.07
318.158
319.057
318.145
319.044
318.132
319.032
318.12
319.019
318.107
319.006
318.094
318.993
318.081
318.98
318.068
318.968
318.056
318.955
318.043
318.942
318.03
318.929
318.017
318.916
318.004
318.904
317.992
318.891
317.979
318.878
317.966
318.865
317.953
318.852
317.94
318.84
317.928
318.827
317.915
318.814
317.902
318.801
317.889
318.788
317.876
318.776
317.864
318.763
317.851
318.75
317.838
318.737
317.825
318.724
317.812
318.712
317.8
318.699
317.787
318.686
317.774
318.673
317.761
318.66
317.748
318.648
317.736
318.635
317.723
318.622
317.71
318.609
317.697
318.596
317.684
318.584
317.672
318.571
317.659
318.558
317.646
318.545
317.633
318.532
317.62
318.52
317.608
318.507
317.595
318.494
317.582
318.481
317.569
318.468
317.556
318.456
317.544
318.443
317.531
318.43
319.329
318.417
319.316
318.404
319.304
318.392
319.291
318.379
319.278
318.366
319.265
318.353
319.252
318.34
319.24
318.328
319.227
318.315
319.214
318.302
319.201
318.289
319.188
318.276
319.176
318.264
319.163
318.251
319.15
318.238
319.137
318.225
319.124
318.212
319.112
318.2
319.099
318.187
319.086
318.174
319.073
318.161
319.06
318.148
319.048
318.136
319.035
318.123
319.022
318.11
319.009
318.097
318.996
318.084
318.984
318.072
318.971
318.059
318.958
318.046
318.945
318.033
318.932
318.02
318.92
318.008
318.907
317.995
318.894
317.982
318.881
317.969
318.868
317.956
318.856
317.944
318.843
317.931
318.83
317.918
318.817
317.905
318.804
317.892
318.792
317.88
318.779
317.867
318.766
317.854
318.753
317.841
318.74
317.828
318.728
317.816
318.715
317.803
318.702
317.79
318.689
317.777
318.676
317.764
318.664
317.752
318.651
317.739
318.638
317.726
318.625
317.713
318.612
317.7
318.6
317.688
318.587
317.675
318.574
317.662
318.561
317.649
318.548
317.636
318.536
317.624
318.523
317.611
318.51
317.598
318.497
317.585
318.484
317.572
318.472
317.56
318.459
317.547
318.446
317.534
318.433
319.332
318.42
319.32
318.408
319.307
318.395
319.294
318.382
319.281
318.369
319.268
318.356
319.256
318.344
319.243
318.331
319.23
318.318
319.217
318.305
319.204
318.292
319.192
318.28
319.179
318.267
319.166
318.254
319.153
318.241
319.14
318.228
319.128
318.216
319.115
318.203
319.102
318.19
319.089
318.177
319.076
318.164
319.064
318.152
319.051
318.139
319.038
318.126
319.025
318.113
319.012
318.1
319
318.088
318.987
318.075
318.974
318.062
318.961
318.049
318.948
318.036
318.936
318.024
318.923
318.011
318.91
317.998
318.897
317.985
318.884
317.972
318.872
317.96
318.859
317.947
318.846
317.934
318.833
317.921
318.82
317.908
318.808
317.896
318.795
317.883
318.782
317.87
318.769
317.857
318.756
317.844
318.744
317.832
318.731
317.819
318.718
317.806
318.705
317.793
318.692
317.78
318.68
317.768
318.667
317.755
318.654
317.742
318.641
317.729
318.628
317.716
318.616
317.704
318.603
317.691
318.59
317.678
318.577
317.665
318.564
317.652
318.552
317.64
318.539
317.627
318.526
317.614
318.513
317.601
318.5
317.588
318.488
317.576
318.475
317.563
318.462
317.55
318.449
317.537
318.436
319.336
318.424
319.323
318.411
319.31
318.398
319.297
318.385
319.284
318.372
319.272
318.36
319.259
318.347
319.246
318.334
319.233
318.321
319.22
318.308
319.208
318.296
319.195
318.283
319.182
318.27
319.169
318.257
319.156
318.244
319.144
318.232
319.131
318.219
319.118
318.206
319.105
318.193
319.092
318.18
319.08
318.168
319.067
318.155
319.054
318.142
319.041
318.129
319.028
318.116
319.016
318.104
319.003
318.091
318.99
318.078
318.977
318.065
318.964
318.052
318.952
318.04
318.939
318.027
318.926
318.014
318.913
318.001
318.9
317.988
318.888
317.976
318.875
317.963
318.862
317.95
318.849
317.937
318.836
317.924
318.824
317.912
318.811
317.899
318.798
317.886
318.785
317.873
318.772
317.86
318.76
317.848
318.747
317.835
318.734
317.822
318.721
317.809
318.708
317.796
318.696
317.784
318.683
317.771
318.67
317.758
318.657
317.745
318.644
317.732
318.632
317.72
318.619
317.707
318.606
317.694
318.593
317.681
318.58
317.668
318.568
317.656
318.555
317.643
318.542
317.63
318.529
317.617
318.516
317.604
318.504
317.592
318.491
317.579
318.478
317.566
318.465
317.553
318.452
317.54
318.44
317.528
318.427
319.326
318.414
319.313
318.401
319.3
318.388
319.288
318.376
319.275
318.363
319.262
318.35
319.249
318.337
319.236
318.324
319.224
318.312
319.211
318.299
319.198
318.286
319.185
318.273
319.172
318.26
319.16
318.248
319.147
318.235
319.134
318.222
319.121
318.209
319.108
318.196
319.096
318.184
319.083
318.171
319.07
318.158
319.057
318.145
319.044
318.132
319.032
318.12
319.019
318.107
319.006
318.094
318.993
318.081
318.98
318.068
318.968
318.056
318.955
318.043
318.942
318.03
318.929
318.017
318.916
318.004
318.904
317.992
318.891
317.979
318.878
317.966
318.865
317.953
318.852
317.94
318.84
317.928
318.827
317.915
318.814
317.902
318.801
317.889
318.788
317.876
318.776
317.864
318.763
317.851
318.75
317.838
318.737
317.825
318.724
317.812
318.712
317.8
318.699
317.787
318.686
317.774
318.673
317.761
318.66
317.748
318.648
317.736
318.635
317.723
318.622
317.71
318.609
317.697
318.596
317.684
318.584
317.672
318.571
317.659
318.558
317.646
318.545
317.633
318.532
317.62
318.52
317.608
318.507
317.595
318.494
317.582
318.481
317.569
318.468
317.556
318.456
317.544
318.443
317.531
318.43
319.329
318.417
319.316
318.404
319.304
318.392
319.291
318.379
319.278
318.366
319.265
318.353
319.252
318.34
319.24
318.328
319.227
318.315
319.214
318.302
319.201
318.289
319.188
318.276
319.176
318.264
319.163
318.251
319.15
318.238
319.137
318.225
319.124
318.212
319.112
318.2
319.099
318.187
319.086
318.174
319.073
318.161
319.06
318.148
319.048
318.136
319.035
318.123
319.022
318.11
319.009
318.097
318.996
318.084
318.984
318.072
318.971
318.059
318.958
318.046
318.945
318.033
318.932
318.02
318.92
318.008
318.907
317.995
318.894
317.982
318.881
317.969
318.868
317.956
318.856
317.944
318.843
317.931
318.83
317.918
318.817
317.905
318.804
317.892
318.792
317.88
318.779
317.867
318.766
317.854
318.753
317.841
318.74
317.828
318.728
317.816
318.715
317.803
318.702
317.79
318.689
317.777
318.676
317.764
318.664
317.752
318.651
317.739
318.638
317.726
318.625
317.713
318.612
317.7
318.6
317.688
318.587
317.675
318.574
317.662
318.561
317.649
318.548
317.636
318.536
317.624
318.523
317.611
318.51
317.598
318.497
317.585
318.484
317.572
318.472
317.56
318.459
317.547
318.446
317.534
318.433
319.332
318.42
319.32
318.408
319.307
318.395
319.294
318.382
319.281
318.369
319.268
318.356
319.256
318.344
319.243
318.331
319.23
318.318
319.217
318.305
319.204
318.292
319.192
318.28
319.179
318.267
319.166
318.254
319.153
318.241
319.14
318.228
319.128
318.216
319.115
318.203
319.102
318.19
319.089
318.177
319.076
318.164
319.064
318.152
319.051
318.139
319.038
318.126
319.025
318.113
319.012
318.1
319
318.088
318.987
318.075
318.974
318.062
318.961
318.049
318.948
318.036
318.936
318.024
318.923
318.011
318.91
317.998
318.897
317.985
318.884
317.972
318.872
317.96
318.859
317.947
318.846
317.934
318.833
317.921
318.82
317.908
318.808
317.896
318.795
317.883
318.782
317.87
318.769
317.857
318.756
317.844
318.744
317.832
318.731
317.819
318.718
317.806
318.705
317.793
318.692
317.78
318.68
317.768
318.667
317.755
318.654
317.742
318.641
317.729
318.628
317.716
318.616
317.704
318.603
317.691
318.59
317.678
318.577
317.665
318.564
317.652
318.552
317.64
318.539
317.627
318.526
317.614
318.513
317.601
318.5
317.588
318.488
317.576
318.475
317.563
318.462
317.55
318.449
317.537
318.436
319.336
318.424
319.323
318.411
319.31
318.398
319.297
318.385
319.284
318.372
319.272
318.36
319.259
318.347
319.246
318.334
319.233
318.321
319.22
318.308
319.208
318.296
319.195
318.283
319.182
318.27
319.169
318.257
319.156
318.244
319.144
318.232
319.131
318.219
319.118
318.206
319.105
318.193
319.092
318.18
319.08
318.168
319.067
318.155
319.054
318.142
319.041
318.129
319.028
318.116
319.016
318.104
319.003
318.091
318.99
318.078
318.977
318.065
318.964
318.052
318.952
318.04
318.939
318.027
318.926
318.014
318.913
318.001
318.9
317.988
318.888
317.976
318.875
317.963
318.862
317.95
318.849
317.937
318.836
317.924
318.824
317.912
318.811
317.899
318.798
317.886
318.785
317.873
318.772
317.86
318.76
317.848
318.747
317.835
318.734
317.822
318.721
317.809
318.708
317.796
318.696
317.784
318.683
317.771
318.67
317.758
318.657
317.745
318.644
317.732
318.632
317.72
318.619
317.707
318.606
317.694
318.593
317.681
318.58
317.668
318.568
317.656
318.555
317.643
318.542
317.63
318.529
317.617
318.516
317.604
318.504
317.592
318.491
317.579
318.478
317.566
318.465
317.553
318.452
317.54
318.44
317.528
318.427
319.326
318.414
319.313
318.401
319.3
318.388
319.288
318.376
319.275
318.363
319.262
318.35
319.249
318.337
319.236
318.324
319.224
318.312
319.211
318.299
319.198
318.286
319.185
318.273
319.172
318.26
319.16
318.248
319.147
318.235
319.134
318.222
319.121
318.209
319.108
318.196
319.096
318.184
319.083
318.171
319.07
318.158
319.057
318.145
319.044
318.132
319.032
318.12
319.019
318.107
319.006
318.094
318.993
318.081
318.98
318.068
318.968
318.056
318.955
318.043
318.942
318.03
318.929
318.017
318.916
318.004
318.904
317.992
318.891
317.979
318.878
317.966
318.865
317.953
318.852
317.94
318.84
317.928
318.827
317.915
318.814
317.902
318.801
317.889
318.788
317.876
318.776
317.864
318.763
317.851
318.75
317.838
318.737
317.825
318.724
317.812
318.712
317.8
318.699
317.787
318.686
317.774
318.673
317.761
318.66
317.748
318.648
317.736
318.635
317.723
318.622
317.71
318.609
317.697
318.596
317.684
318.584
317.672
318.571
317.659
318.558
317.646
318.545
317.633
318.532
317.62
318.52
317.608
318.507
317.595
318.494
317.582
318.481
317.569
318.468
317.556
318.456
317.544
318.443
317.531
318.43
319.329
318.417
319.316
318.404
319.304
318.392
319.291
318.379
319.278
318.366
319.265
318.353
319.252
318.34
319.24
318.328
319.227
318.315
319.214
318.302
319.201
318.289
319.188
318.276
319.176
318.264
319.163
318.251
319.15
318.238
319.137
318.225
319.124
318.212
319.112
318.2
319.099
318.187
319.086
318.174
319.073
318.161
319.06
318.148
319.048
318.136
319.035
318.123
319.022
318.11
319.009
318.097
318.996
318.084
318.984
318.072
318.971
318.059
318.958
318.046
318.945
318.033
318.932
318.02
318.92
318.008
318.907
317.995
318.894
317.982
318.881
317.969
318.868
317.956
318.856
317.944
318.843
317.931
318.83
317.918
318.817
317.905
318.804
317.892
318.792
317.88
318.779
317.867
318.766
317.854
318.753
317.841
318.74
317.828
318.728
317.816
318.715
317.803
318.702
317.79
318.689
317.777
318.676
317.764
318.664
317.752
318.651
317.739
318.638
317.726
318.625
317.713
318.612
317.7
318.6
317.688
318.587
317.675
318.574
317.662
318.561
317.649
318.548
317.636
318.536
317.624
318.523
317.611
318.51
317.598
318.497
317.585
318.484
317.572
318.472
317.56
318.459
317.547
318.446
317.534
318.433
319.332
318.42
319.32
318.408
319.307
318.395
319.294
318.382
319.281
318.369
319.268
318.356
319.256
318.344
319.243
318.331
319.23
318.318
319.217
318.305
319.204
318.292
319.192
318.28
319.179
318.267
319.166
318.254
319.153
318.241
319.14
318.228
319.128
318.216
319.115
318.203
319.102
318.19
319.089
318.177
319.076
318.164
319.064
318.152
319.051
318.139
319.038
318.126
319.025
318.113
319.012
318.1
319
318.088
318.987
318.075
318.974
318.062
318.961
318.049
318.948
318.036
318.936
318.024
318.923
318.011
318.91
317.998
318.897
317.985
318.884
317.972
318.872
317.96
318.859
317.947
318.846
317.934
318.833
317.921
318.82
317.908
318.808
317.896
318.795
317.883
318.782
317.87
318.769
317.857
318.756
317.844
318.744
317.832
318.731
317.819
318.718
317.806
318.705
317.793
318.692
317.78
318.68
317.768
318.667
317.755
318.654
317.742
318.641
317.729
318.628
317.716
318.616
317.704
318.603
317.691
318.59
317.678
318.577
317.665
318.564
317.652
318.552
317.64
318.539
317.627
318.526
317.614
318.513
317.601
318.5
317.588
318.488
317.576
318.475
317.563
318.462
317.55
318.449
317.537
318.436
319.336
318.424
319.323
318.411
319.31
318.398
319.297
318.385
319.284
318.372
319.272
318.36
319.259
318.347
319.246
318.334
319.233
318.321
319.22
318.308
319.208
318.296
319.195
318.283
319.182
318.27
319.169
318.257
319.156
318.244
319.144
318.232
319.131
318.219
319.118
318.206
319.105
318.193
319.092
318.18
319.08
318.168
319.067
318.155
319.054
318.142
319.041
318.129
319.028
318.116
319.016
318.104
319.003
318.091
318.99
318.078
318.977
318.065
318.964
318.052
318.952
318.04
318.939
318.027
318.926
318.014
318.913
318.001
318.9
317.988
318.888
317.976
318.875
317.963
318.862
317.95
318.849
317.937
318.836
317.924
318.824
317.912
318.811
317.899
318.798
317.886
318.785
317.873
318.772
317.86
318.76
317.848
318.747
317.835
318.734
317.822
318.721
317.809
318.708
317.796
318.696
317.784
318.683
317.771
318.67
317.758
318.657
317.745
318.644
317.732
318.632
317.72
318.619
317.707
318.606
317.694
318.593
317.681
318.58
317.668
318.568
317.656
318.555
317.643
318.542
317.63
318.529
317.617
318.516
317.604
318.504
317.592
318.491
317.579
318.478
317.566
318.465
317.553
318.452
317.54
318.44
317.528
318.427
319.326
318.414
319.313
318.401
319.3
318.388
319.288
318.376
319.275
318.363
319.262
318.35
319.249
318.337
319.236
318.324
319.224
318.312
319.211
318.299
319.198
318.286
319.185
318.273
319.172
318.26
319.16
318.248
319.147
318.235
319.134
318.222
319.121
318.209
319.108
318.196
319.096
318.184
319.083
318.171
319.07
318.158
319.057
318.145
319.044
318.132
319.032
318.12
319.019
318.107
319.006
318.094
318.993
318.081
318.98
318.068
318.968
318.056
318.955
318.043
318.942
318.03
318.929
318.017
318.916
318.004
318.904
317.992
318.891
317.979
318.878
317.966
318.865
317.953
318.852
317.94
318.84
317.928
318.827
317.915
318.814
317.902
318.801
317.889
318.788
317.876
318.776
317.864
318.763
317.851
318.75
317.838
318.737
317.825
318.724
317.812
318.712
317.8
318.699
317.787
318.686
317.774
318.673
317.761
318.66
317.748
318.648
317.736
318.635
317.723
318.622
317.71
318.609
317.697
318.596
317.684
318.584
317.672
318.571
317.659
318.558
317.646
318.545
317.633
318.532
317.62
318.52
317.608
318.507
317.595
318.494
317.582
318.481
317.569
318.468
317.556
318.456
317.544
318.443
317.531
318.43
319.329
318.417
319.316
318.404
319.304
318.392
319.291
318.379
319.278
318.366
319.265
318.353
319.252
318.34
319.24
318.328
319.227
318.315
319.214
318.302
319.201
318.289
319.188
318.276
319.176
318.264
319.163
318.251
319.15
318.238
319.137
318.225
319.124
318.212
319.112
318.2
319.099
318.187
319.086
318.174
319.073
318.161
319.06
318.148
319.048
318.136
319.035
318.123
319.022
318.11
319.009
318.097
318.996
318.084
318.984
318.072
318.971
318.059
318.958
318.046
318.945
318.033
318.932
318.02
318.92
318.008
318.907
317.995
318.894
317.982
318.881
317.969
318.868
317.956
318.856
317.944
318.843
317.931
318.83
317.918
318.817
317.905
318.804
317.892
318.792
317.88
318.779
317.867
318.766
317.854
318.753
317.841
318.74
317.828
318.728
317.816
318.715
317.803
318.702
317.79
318.689
317.777
318.676
317.764
318.664
317.752
318.651
317.739
318.638
317.726
318.625
317.713
318.612
317.7
318.6
317.688
318.587
317.675
318.574
317.662
318.561
317.649
318.548
317.636
318.536
317.624
318.523
317.611
318.51
317.598
318.497
317.585
318.484
317.572
318.472
317.56
318.459
317.547
318.446
317.534
318.433
319.332
318.42
319.32
318.408
319.307
318.395
319.294
318.382
319.281
318.369
319.268
318.356
319.256
318.344
319.243
318.331
319.23
318.318
319.217
318.305
319.204
318.292
319.192
318.28
319.179
318.267
319.166
318.254
319.153
318.241
319.14
318.228
319.128
318.216
319.115
318.203
319.102
318.19
319.089
318.177
319.076
318.164
319.064
318.152
319.051
318.139
319.038
318.126
319.025
318.113
319.012
318.1
319
318.088
318.987
318.075
318.974
318.062
318.961
318.049
318.948
318.036
318.936
318.024
318.923
318.011
318.91
317.998
318.897
317.985
318.884
317.972
318.872
317.96
318.859
317.947
318.846
317.934
318.833
317.921
318.82
317.908
318.808
317.896
318.795
317.883
318.782
317.87
318.769
317.857
318.756
317.844
318.744
317.832
318.731
317.819
318.718
317.806
318.705
317.793
318.692
317.78
318.68
317.768
318.667
317.755
318.654
317.742
318.641
317.729
318.628
317.716
318.616
317.704
318.603
317.691
318.59
317.678
318.577
317.665
318.564
317.652
318.552
317.64
318.539
317.627
318.526
317.614
318.513
317.601
318.5
317.588
318.488
317.576
318.475
317.563
318.462
317.55
318.449
317.537
318.436
319.336
318.424
319.323
318.411
319.31
318.398
319.297
318.385
319.284
318.372
319.272
318.36
319.259
318.347
319.246
318.334
319.233
318.321
319.22
318.308
319.208
318.296
319.195
318.283
319.182
318.27
319.169
318.257
319.156
318.244
319.144
318.232
319.131
318.219
319.118
318.206
319.105
318.193
319.092
318.18
319.08
318.168
319.067
318.155
319.054
318.142
319.041
318.129
319.028
318.116
319.016
318.104
319.003
318.091
318.99
318.078
318.977
318.065
318.964
318.052
318.952
318.04
318.939
318.027
318.926
318.014
318.913
318.001
318.9
317.988
318.888
317.976
318.875
317.963
318.862
317.95
318.849
317.937
318.836
317.924
318.824
317.912
318.811
317.899
318.798
317.886
318.785
317.873
318.772
317.86
318.76
317.848
318.747
317.835
318.734
317.822
318.721
317.809
318.708
317.796
318.696
317.784
318.683
317.771
318.67
317.758
318.657
317.745
318.644
317.732
318.632
317.72
318.619
317.707
318.606
317.694
318.593
317.681
318.58
317.668
318.568
317.656
318.555
317.643
318.542
317.63
318.529
317.617
318.516
317.604
318.504
317.592
318.491
317.579
318.478
317.566
318.465
317.553
318.452
317.54
318.44
317.528
318.427
319.326
318.414
319.313
318.401
319.3
318.388
319.288
318.376
319.275
318.363
319.262
318.35
319.249
318.337
319.236
318.324
319.224
318.312
319.211
318.299
319.198
318.286
319.185
318.273
319.172
318.26
319.16
318.248
319.147
318.235
319.134
318.222
319.121
318.209
319.108
318.196
319.096
318.184
319.083
318.171
319.07
318.158
319.057
318.145
319.044
318.132
319.032
318.12
319.019
318.107
319.006
318.094
318.993
318.081
318.98
318.068
318.968
318.056
318.955
318.043
318.942
318.03
318.929
318.017
318.916
318.004
318.904
317.992
318.891
317.979
318.878
317.966
318.865
317.953
318.852
317.94
318.84
317.928
318.827
317.915
318.814
317.902
318.801
317.889
318.788
317.876
318.776
317.864
318.763
317.851
318.75
317.838
318.737
317.825
318.724
317.812
318.712
317.8
318.699
317.787
318.686
317.774
318.673
317.761
318.66
317.748
318.648
317.736
318.635
317.723
318.622
317.71
318.609
317.697
318.596
317.684
318.584
317.672
318.571
317.659
318.558
317.646
318.545
317.633
318.532
317.62
318.52
317.608
318.507
317.595
318.494
317.582
318.481
317.569
318.468
317.556
318.456
317.544
318.443
317.531
318.43
319.329
318.417
319.316
318.404
319.304
318.392
319.291
318.379
319.278
318.366
319.265
318.353
319.252
318.34
319.24
318.328
319.227
318.315
319.214
318.302
319.201
318.289
319.188
318.276
319.176
318.264
319.163
318.251
319.15
318.238
319.137
318.225
319.124
318.212
319.112
318.2
319.099
318.187
319.086
318.174
319.073
318.161
319.06
318.148
319.048
318.136
319.035
318.123
319.022
318.11
319.009
318.097
318.996
318.084
318.984
318.072
318.971
318.059
318.958
318.046
318.945
318.033
318.932
318.02
318.92
318.008
318.907
317.995
318.894
317.982
318.881
317.969
318.868
317.956
318.856
317.944
318.843
317.931
318.83
317.918
318.817
317.905
318.804
317.892
318.792
317.88
318.779
317.867
318.766
317.854
318.753
317.841
318.74
317.828
318.728
317.816
318.715
317.803
318.702
317.79
318.689
317.777
318.676
317.764
318.664
317.752
318.651
317.739
318.638
317.726
318.625
317.713
318.612
317.7
318.6
317.688
318.587
317.675
318.574
317.662
318.561
317.649
318.548
317.636
318.536
317.624
318.523
317.611
318.51
317.598
318.497
317.585
318.484
317.572
318.472
317.56
318.459
317.547
318.446
317.534
318.433
319.332
318.42
319.32
318.408
319.307
318.395
319.294
318.382
319.281
318.369
319.268
318.356
319.256
318.344
319.243
318.331
319.23
318.318
319.217
318.305
319.204
318.292
319.192
318.28
319.179
318.267
319.166
318.254
319.153
318.241
319.14
318.228
319.128
318.216
319.115
318.203
319.102
318.19
319.089
318.177
319.076
318.164
319.064
318.152
319.051
318.139
319.038
318.126
319.025
318.113
319.012
318.1
319
318.088
318.987
318.075
318.974
318.062
318.961
318.049
318.948
318.036
318.936
318.024
318.923
318.011
318.91
317.998
318.897
317.985
318.884
317.972
318.872
317.96
318.859
317.947
318.846
317.934
318.833
317.921
318.82
317.908
318.808
317.896
318.795
317.883
318.782
317.87
318.769
317.857
318.756
317.844
318.744
317.832
318.731
317.819
318.718
317.806
318.705
317.793
318.692
317.78
318.68
317.768
318.667
317.755
318.654
317.742
318.641
317.729
318.628
317.716
318.616
317.704
318.603
317.691
318.59
317.678
318.577
317.665
318.564
317.652
318.552
317.64
318.539
317.627
318.526
317.614
318.513
317.601
318.5
317.588
318.488
317.576
318.475
317.563
318.462
317.55
318.449
317.537
318.436
319.336
318.424
319.323
318.411
319.31
318.398
319.297
318.385
319.284
318.372
319.272
318.36
319.259
318.347
319.246
318.334
319.233
318.321
319.22
318.308
319.208
318.296
319.195
318.283
319.182
318.27
319.169
318.257
319.156
318.244
319.144
318.232
319.131
318.219
319.118
318.206
319.105
318.193
319.092
318.18
319.08
318.168
319.067
318.155
319.054
318.142
319.041
318.129
319.028
318.116
319.016
318.104
319.003
318.091
318.99
318.078
318.977
318.065
318.964
318.052
318.952
318.04
318.939
318.027
318.926
318.014
318.913
318.001
318.9
317.988
318.888
317.976
318.875
317.963
318.862
317.95
318.849
317.937
318.836
317.924
318.824
317.912
318.811
317.899
318.798
317.886
318.785
317.873
318.772
317.86
318.76
317.848
318.747
317.835
318.734
317.822
318.721
317.809
318.708
317.796
318.696
317.784
318.683
317.771
318.67
317.758
318.657
317.745
318.644
317.732
318.632
317.72
318.619
317.707
318.606
317.694
318.593
317.681
318.58
317.668
318.568
317.656
318.555
317.643
318.542
317.63
318.529
317.617
318.516
317.604
318.504
317.592
318.491
317.579
318.478
317.566
318.465
317.553
318.452
317.54
318.44
317.528
318.427
319.326
318.414
319.313
318.401
319.3
318.388
319.288
318.376
319.275
318.363
319.262
318.35
319.249
318.337
319.236
318.324
319.224
318.312
319.211
318.299
319.198
318.286
319.185
318.273
319.172
318.26
319.16
318.248
319.147
318.235
319.134
318.222
319.121
318.209
319.108
318.196
319.096
318.184
319.083
318.171
319.07
318.158
319.057
318.145
319.044
318.132
319.032
318.12
319.019
318.107
319.006
318.094
318.993
318.081
318.98
318.068
318.968
318.056
318.955
318.043
318.942
318.03
318.929
318.017
318.916
318.004
318.904
317.992
318.891
317.979
318.878
317.966
318.865
317.953
318.852
317.94
318.84
317.928
318.827
317.915
318.814
317.902
318.801
317.889
318.788
317.876
318.776
317.864
318.763
317.851
318.75
317.838
318.737
317.825
318.724
317.812
318.712
317.8
318.699
317.787
318.686
317.774
318.673
317.761
318.66
317.748
318.648
317.736
318.635
317.723
318.622
317.71
318.609
317.697
318.596
317.684
318.584
317.672
318.571
317.659
318.558
317.646
318.545
317.633
318.532
317.62
318.52
317.608
318.507
317.595
318.494
317.582
318.481
317.569
318.468
317.556
318.456
317.544
318.443
317.531
318.43
319.329
318.417
319.316
318.404
319.304
318.392
319.291
318.379
319.278
318.366
319.265
318.353
319.252
318.34
319.24
318.328
319.227
318.315
319.214
318.302
319.201
318.289
319.188
318.276
319.176
318.264
319.163
318.251
319.15
318.238
319.137
318.225
319.124
318.212
319.112
318.2
319.099
318.187
319.086
318.174
319.073
318.161
319.06
318.148
319.048
318.136
319.035
318.123
319.022
318.11
319.009
318.097
318.996
318.084
318.984
318.072
318.971
318.059
318.958
318.046
318.945
318.033
318.932
318.02
318.92
318.008
318.907
317.995
318.894
317.982
318.881
317.969
318.868
317.956
318.856
317.944
318.843
317.931
318.83
317.918
318.817
317.905
318.804
317.892
318.792
317.88
318.779
317.867
318.766
317.854
318.753
317.841
318.74
317.828
318.728
317.816
318.715
317.803
318.702
317.79
318.689
317.777
318.676
317.764
318.664
317.752
318.651
317.739
318.638
317.726
318.625
317.713
318.612
317.7
318.6
317.688
318.587
317.675
318.574
317.662
318.561
317.649
318.548
317.636
318.536
317.624
318.523
317.611
318.51
317.598
318.497
317.585
318.484
317.572
318.472
317.56
318.459
317.547
318.446
317.534
318.433
319.332
318.42
319.32
318.408
319.307
318.395
319.294
318.382
319.281
318.369
319.268
318.356
319.256
318.344
319.243
318.331
319.23
318.318
319.217
318.305
319.204
318.292
319.192
318.28
319.179
318.267
319.166
318.254
319.153
318.241
319.14
318.228
319.128
318.216
319.115
318.203
319.102
318.19
319.089
318.177
319.076
318.164
319.064
318.152
319.051
318.139
319.038
318.126
319.025
318.113
319.012
318.1
319
318.088
318.987
318.075
318.974
318.062
318.961
318.049
318.948
318.036
318.936
318.024
318.923
318.011
318.91
317.998
318.897
317.985
318.884
317.972
318.872
317.96
318.859
317.947
318.846
317.934
318.833
317.921
318.82
317.908
318.808
317.896
318.795
317.883
318.782
317.87
318.769
317.857
318.756
317.844
318.744
317.832
318.731
317.819
318.718
317.806
318.705
317.793
318.692
317.78
318.68
317.768
318.667
317.755
318.654
317.742
318.641
317.729
318.628
317.716
318.616
317.704
318.603
317.691
318.59
317.678
318.577
317.665
318.564
317.652
318.552
317.64
318.539
317.627
318.526
317.614
318.513
317.601
318.5
317.588
318.488
317.576
318.475
317.563
318.462
317.55
318.449
317.537
318.436
319.336
318.424
319.323
318.411
319.31
318.398
319.297
318.385
319.284
318.372
319.272
318.36
319.259
318.347
319.246
318.334
319.233
318.321
319.22
318.308
319.208
318.296
319.195
318.283
319.182
318.27
319.169
318.257
319.156
318.244
319.144
318.232
319.131
318.219
319.118
318.206
319.105
318.193
319.092
318.18
319.08
318.168
319.067
318.155
319.054
318.142
319.041
318.129
319.028
318.116
319.016
318.104
319.003
318.091
318.99
318.078
318.977
318.065
318.964
318.052
318.952
318.04
318.939
318.027
318.926
318.014
318.913
318.001
318.9
317.988
318.888
317.976
318.875
317.963
318.862
317.95
318.849
317.937
318.836
317.924
318.824
317.912
318.811
317.899
318.798
317.886
318.785
317.873
318.772
317.86
318.76
317.848
318.747
317.835
318.734
317.822
318.721
317.809
318.708
317.796
318.696
317.784
318.683
317.771
318.67
317.758
318.657
317.745
318.644
317.732
318.632
317.72
318.619
317.707
318.606
317.694
318.593
317.681
318.58
317.668
318.568
317.656
318.555
317.643
318.542
317.63
318.529
317.617
318.516
317.604
318.504
317.592
318.491
317.579
318.478
317.566
318.465
317.553
318.452
317.54
318.44
317.528
318.427
319.326
318.414
319.313
318.401
319.3
318.388
319.288
318.376
319.275
318.363
319.262
318.35
319.249
318.337
319.236
318.324
319.224
318.312
319.211
318.299
319.198
318.286
319.185
318.273
319.172
318.26
319.16
318.248
319.147
318.235
319.134
318.222
319.121
318.209
319.108
318.196
319.096
318.184
319.083
318.171
319.07
318.158
319.057
318.145
319.044
318.132
319.032
318.12
319.019
318.107
319.006
318.094
318.993
318.081
318.98
318.068
318.968
318.056
318.955
318.043
318.942
318.03
318.929
318.017
318.916
318.004
318.904
317.992
318.891
317.979
318.878
317.966
318.865
317.953
318.852
317.94
318.84
317.928
318.827
317.915
318.814
317.902
318.801
317.889
318.788
317.876
318.776
317.864
318.763
317.851
318.75
317.838
318.737
317.825
318.724
317.812
318.712
317.8
318.699
317.787
318.686
317.774
318.673
317.761
318.66
317.748
318.648
317.736
318.635
317.723
318.622
317.71
318.609
317.697
318.596
317.684
318.584
317.672
318.571
317.659
318.558
317.646
318.545
317.633
318.532
317.62
318.52
317.608
318.507
317.595
318.494
317.582
318.481
317.569
318.468
317.556
318.456
317.544
318.443
317.531
318.43
319.329
318.417
319.316
318.404
319.304
318.392
319.291
318.379
319.278
318.366
319.265
318.353
319.252
318.34
319.24
318.328
319.227
318.315
319.214
318.302
319.201
318.289
319.188
318.276
319.176
318.264
319.163
318.251
319.15
318.238
319.137
318.225
319.124
318.212
319.112
318.2
319.099
318.187
319.086
318.174
319.073
318.161
319.06
318.148
319.048
318.136
319.035
318.123
319.022
318.11
319.009
318.097
318.996
318.084
318.984
318.072
318.971
318.059
318.958
318.046
318.945
318.033
318.932
318.02
318.92
318.008
318.907
317.995
318.894
317.982
318.881
317.969
318.868
317.956
318.856
317.944
318.843
317.931
318.83
317.918
318.817
317.905
318.804
317.892
318.792
317.88
318.779
317.867
318.766
317.854
318.753
317.841
318.74
317.828
318.728
317.816
318.715
317.803
318.702
317.79
318.689
317.777
318.676
317.764
318.664
317.752
318.651
317.739
318.638
317.726
318.625
317.713
318.612
317.7
318.6
317.688
318.587
317.675
318.574
317.662
318.561
317.649
318.548
317.636
318.536
317.624
318.523
317.611
318.51
317.598
318.497
317.585
318.484
317.572
318.472
317.56
318.459
317.547
318.446
317.534
318.433
319.332
318.42
319.32
318.408
319.307
318.395
319.294
318.382
319.281
318.369
319.268
318.356
319.256
318.344
319.243
318.331
319.23
318.318
319.217
318.305
319.204
318.292
319.192
318.28
319.179
318.267
319.166
318.254
319.153
318.241
319.14
318.228
319.128
318.216
319.115
318.203
319.102
318.19
319.089
318.177
319.076
318.164
319.064
318.152
319.051
318.139
319.038
318.126
319.025
318.113
319.012
318.1
319
318.088
318.987
318.075
318.974
318.062
318.961
318.049
318.948
318.036
318.936
318.024
318.923
318.011
318.91
317.998
318.897
317.985
318.884
317.972
318.872
317.96
318.859
317.947
318.846
317.934
318.833
317.921
318.82
317.908
318.808
317.896
318.795
317.883
318.782
317.87
318.769
317.857
318.756
317.844
318.744
317.832
318.731
317.819
318.718
317.806
318.705
317.793
318.692
317.78
318.68
317.768
318.667
317.755
318.654
317.742
318.641
317.729
318.628
317.716
318.616
317.704
318.603
317.691
318.59
317.678
318.577
317.665
318.564
317.652
318.552
317.64
318.539
317.627
318.526
317.614
318.513
317.601
318.5
317.588
318.488
317.576
318.475
317.563
318.462
317.55
318.449
317.537
318.436
319.336
318.424
319.323
318.411
319.31
318.398
319.297
318.385
319.284
318.372
319.272
318.36
319.259
318.347
319.246
318.334
319.233
318.321
319.22
318.308
319.208
318.296
319.195
318.283
319.182
318.27
319.169
318.257
319.156
318.244
319.144
318.232
319.131
318.219
319.118
318.206
319.105
318.193
319.092
318.18
319.08
318.168
319.067
318.155
319.054
318.142
319.041
318.129
319.028
318.116
319.016
318.104
319.003
318.091
318.99
318.078
318.977
318.065
318.964
318.052
318.952
318.04
318.939
318.027
318.926
318.014
318.913
318.001
318.9
317.988
318.888
317.976
318.875
317.963
318.862
317.95
318.849
317.937
318.836
317.924
318.824
317.912
318.811
317.899
318.798
317.886
318.785
317.873
318.772
317.86
318.76
317.848
318.747
317.835
318.734
317.822
318.721
317.809
318.708
317.796
318.696
317.784
318.683
317.771
318.67
317.758
318.657
317.745
318.644
317.732
318.632
317.72
318.619
317.707
318.606
317.694
318.593
317.681
318.58
317.668
318.568
317.656
318.555
317.643
318.542
317.63
318.529
317.617
318.516
317.604
318.504
317.592
318.491
317.579
318.478
317.566
318.465
317.553
318.452
317.54
318.44
317.528
318.427
319.326
318.414
319.313
318.401
319.3
318.388
319.288
318.376
319.275
318.363
319.262
318.35
319.249
318.337
319.236
318.324
319.224
318.312
319.211
318.299
319.198
318.286
319.185
318.273
319.172
318.26
319.16
318.248
319.147
318.235
319.134
318.222
319.121
318.209
319.108
318.196
319.096
318.184
319.083
318.171
319.07
318.158
319.057
318.145
319.044
318.132
319.032
318.12
319.019
318.107
319.006
318.094
318.993
318.081
318.98
318.068
318.968
318.056
318.955
318.043
318.942
318.03
318.929
318.017
318.916
318.004
318.904
317.992
318.891
317.979
318.878
317.966
318.865
317.953
318.852
317.94
318.84
317.928
318.827
317.915
318.814
317.902
318.801
317.889
318.788
317.876
318.776
317.864
318.763
317.851
318.75
317.838
318.737
317.825
318.724
317.812
318.712
317.8
318.699
317.787
318.686
317.774
318.673
317.761
318.66
317.748
318.648
317.736
318.635
317.723
318.622
317.71
318.609
317.697
318.596
317.684
318.584
317.672
318.571
317.659
318.558
317.646
318.545
317.633
318.532
317.62
318.52
317.608
318.507
317.595
318.494
317.582
318.481
317.569
318.468
317.556
318.456
317.544
318.443
317.531
318.43
319.329
318.417
319.316
318.404
319.304
318.392
319.291
318.379
319.278
318.366
319.265
318.353
319.252
318.34
319.24
318.328
319.227
318.315
319.214
318.302
319.201
318.289
319.188
318.276
319.176
318.264
319.163
318.251
319.15
318.238
319.137
318.225
319.124
318.212
319.112
318.2
319.099
318.187
319.086
318.174
319.073
318.161
319.06
318.148
319.048
318.136
319.035
318.123
319.022
318.11
319.009
318.097
318.996
318.084
318.984
318.072
318.971
318.059
318.958
318.046
318.945
318.033
318.932
318.02
318.92
318.008
318.907
317.995
318.894
317.982
318.881
317.969
318.868
317.956
318.856
317.944
318.843
317.931
318.83
317.918
318.817
317.905
318.804
317.892
318.792
317.88
318.779
317.867
318.766
317.854
318.753
317.841
318.74
317.828
318.728
317.816
318.715
317.803
318.702
317.79
318.689
317.777
318.676
317.764
318.664
317.752
318.651
317.739
318.638
317.726
318.625
317.713
318.612
317.7
318.6
317.688
318.587
317.675
318.574
317.662
318.561
317.649
318.548
317.636
318.536
317.624
318.523
317.611
318.51
317.598
318.497
317.585
318.484
317.572
318.472
317.56
318.459
317.547
318.446
317.534
318.433
319.332
318.42
319.32
318.408
319.307
318.395
319.294
318.382
319.281
318.369
319.268
318.356
319.256
318.344
319.243
318.331
319.23
318.318
319.217
318.305
319.204
318.292
319.192
318.28
319.179
318.267
319.166
318.254
319.153
318.241
319.14
318.228
319.128
318.216
319.115
318.203
319.102
318.19
319.089
318.177
319.076
318.164
319.064
318.152
319.051
318.139
319.038
318.126
319.025
318.113
319.012
318.1
319
318.088
318.987
318.075
318.974
318.062
318.961
318.049
318.948
318.036
318.936
318.024
318.923
318.011
318.91
317.998
318.897
317.985
318.884
317.972
318.872
317.96
318.859
317.947
318.846
317.934
318.833
317.921
318.82
317.908
318.808
317.896
318.795
317.883
318.782
317.87
318.769
317.857
318.756
317.844
318.744
317.832
318.731
317.819
318.718
317.806
318.705
317.793
318.692
317.78
318.68
317.768
318.667
317.755
318.654
317.742
318.641
317.729
318.628
317.716
318.616
317.704
318.603
317.691
318.59
317.678
318.577
317.665
318.564
317.652
318.552
317.64
318.539
317.627
318.526
317.614
318.513
317.601
318.5
317.588
318.488
317.576
318.475
317.563
318.462
317.55
318.449
317.537
318.436
319.336
318.424
319.323
318.411
319.31
318.398
319.297
318.385
319.284
318.372
319.272
318.36
319.259
318.347
319.246
318.334
319.233
318.321
319.22
318.308
319.208
318.296
319.195
318.283
319.182
318.27
319.169
318.257
319.156
318.244
319.144
318.232
319.131
318.219
319.118
318.206
319.105
318.193
319.092
318.18
319.08
318.168
319.067
318.155
319.054
318.142
319.041
318.129
319.028
318.116
319.016
318.104
319.003
318.091
318.99
318.078
318.977
318.065
318.964
318.052
318.952
318.04
318.939
318.027
318.926
318.014
318.913
318.001
318.9
317.988
318.888
317.976
318.875
317.963
318.862
317.95
318.849
317.937
318.836
317.924
318.824
317.912
318.811
317.899
318.798
317.886
318.785
317.873
318.772
317.86
318.76
317.848
318.747
317.835
318.734
317.822
318.721
317.809
318.708
317.796
318.696
317.784
318.683
317.771
318.67
317.758
318.657
317.745
318.644
317.732
318.632
317.72
318.619
317.707
318.606
317.694
318.593
317.681
318.58
317.668
318.568
317.656
318.555
317.643
318.542
317.63
318.529
317.617
318.516
317.604
318.504
317.592
318.491
317.579
318.478
317.566
318.465
317.553
318.452
317.54
318.44
317.528
318.427
319.326
318.414
319.313
318.401
319.3
318.388
319.288
318.376
319.275
318.363
319.262
318.35
319.249
318.337
319.236
318.324
319.224
318.312
319.211
318.299
319.198
318.286
319.185
318.273
319.172
318.26
319.16
318.248
319.147
318.235
319.134
318.222
319.121
318.209
319.108
318.196
319.096
318.184
319.083
318.171
319.07
318.158
319.057
318.145
319.044
318.132
319.032
318.12
319.019
318.107
319.006
318.094
318.993
318.081
318.98
318.068
318.968
318.056
318.955
318.043
318.942
318.03
318.929
318.017
318.916
318.004
318.904
317.992
318.891
317.979
318.878
317.966
318.865
317.953
318.852
317.94
318.84
317.928
318.827
317.915
318.814
317.902
318.801
317.889
318.788
317.876
318.776
317.864
318.763
317.851
318.75
317.838
318.737
317.825
318.724
317.812
318.712
317.8
318.699
317.787
318.686
317.774
318.673
317.761
318.66
317.748
318.648
317.736
318.635
317.723
318.622
317.71
318.609
317.697
318.596
317.684
318.584
317.672
318.571
317.659
318.558
317.646
318.545
317.633
318.532
317.62
318.52
317.608
318.507
317.595
318.494
317.582
318.481
317.569
318.468
317.556
318.456
317.544
318.443
317.531
318.43
319.329
318.417
319.316
318.404
319.304
318.392
319.291
318.379
319.278
318.366
319.265
318.353
319.252
318.34
319.24
318.328
319.227
318.315
319.214
318.302
319.201
318.289
319.188
318.276
319.176
318.264
319.163
318.251
319.15
318.238
319.137
318.225
319.124
318.212
319.112
318.2
319.099
318.187
319.086
318.174
319.073
318.161
319.06
318.148
319.048
318.136
319.035
318.123
319.022
318.11
319.009
318.097
318.996
318.084
318.984
318.072
318.971
318.059
318.958
318.046
318.945
318.033
318.932
318.02
318.92
318.008
318.907
317.995
318.894
317.982
318.881
317.969
318.868
317.956
318.856
317.944
318.843
317.931
318.83
317.918
318.817
317.905
318.804
317.892
318.792
317.88
318.779
317.867
318.766
317.854
318.753
317.841
318.74
317.828
318.728
317.816
318.715
317.803
318.702
317.79
318.689
317.777
318.676
317.764
318.664
317.752
318.651
317.739
318.638
317.726
318.625
317.713
318.612
317.7
318.6
317.688
318.587
317.675
318.574
317.662
318.561
317.649
318.548
317.636
318.536
317.624
318.523
317.611
318.51
317.598
318.497
317.585
318.484
317.572
318.472
317.56
318.459
317.547
318.446
317.534
318.433
319.332
318.42
319.32
318.408
319.307
318.395
319.294
318.382
319.281
318.369
319.268
318.356
319.256
318.344
319.243
318.331
319.23
318.318
319.217
318.305
319.204
318.292
319.192
318.28
319.179
318.267
319.166
318.254
319.153
318.241
319.14
318.228
319.128
318.216
319.115
318.203
319.102
318.19
319.089
318.177
319.076
318.164
319.064
318.152
319.051
318.139
319.038
318.126
319.025
318.113
319.012
318.1
319
318.088
318.987
318.075
318.974
318.062
318.961
318.049
318.948
318.036
318.936
318.024
318.923
318.011
318.91
317.998
318.897
317.985
318.884
317.972
318.872
317.96
318.859
317.947
318.846
317.934
318.833
317.921
318.82
317.908
318.808
317.896
318.795
317.883
318.782
317.87
318.769
317.857
318.756
317.844
318.744
317.832
318.731
317.819
318.718
317.806
318.705
317.793
318.692
317.78
318.68
317.768
318.667
317.755
318.654
317.742
318.641
317.729
318.628
317.716
318.616
317.704
318.603
317.691
318.59
317.678
318.577
317.665
318.564
317.652
318.552
317.64
318.539
317.627
318.526
317.614
318.513
317.601
318.5
317.588
318.488
317.576
318.475
317.563
318.462
317.55
318.449
317.537
318.436
319.336
318.424
319.323
318.411
319.31
318.398
319.297
318.385
319.284
318.372
319.272
318.36
319.259
318.347
319.246
318.334
319.233
318.321
319.22
318.308
319.208
318.296
319.195
318.283
319.182
318.27
319.169
318.257
319.156
318.244
319.144
318.232
319.131
318.219
319.118
318.206
319.105
318.193
319.092
318.18
319.08
318.168
319.067
318.155
319.054
318.142
319.041
318.129
319.028
318.116
319.016
318.104
319.003
318.091
318.99
318.078
318.977
318.065
318.964
318.052
318.952
318.04
318.939
318.027
318.926
318.014
318.913
318.001
318.9
317.988
318.888
317.976
318.875
317.963
318.862
317.95
318.849
317.937
318.836
317.924
318.824
317.912
318.811
317.899
318.798
317.886
318.785
317.873
318.772
317.86
318.76
317.848
318.747
317.835
318.734
317.822
318.721
317.809
318.708
317.796
318.696
317.784
318.683
317.771
318.67
317.758
318.657
317.745
318.644
317.732
318.632
317.72
318.619
317.707
318.606
317.694
318.593
317.681
318.58
317.668
318.568
317.656
318.555
317.643
318.542
317.63
318.529
317.617
318.516
317.604
318.504
317.592
318.491
317.579
318.478
317.566
318.465
317.553
318.452
317.54
318.44
317.528
318.427
319.326
318.414
319.313
318.401
319.3
318.388
319.288
318.376
319.275
318.363
319.262
318.35
319.249
318.337
319.236
318.324
319.224
318.312
319.211
318.299
319.198
318.286
319.185
318.273
319.172
318.26
319.16
318.248
319.147
318.235
319.134
318.222
319.121
318.209
319.108
318.196
319.096
318.184
319.083
318.171
319.07
318.158
319.057
318.145
319.044
318.132
319.032
318.12
319.019
318.107
319.006
318.094
318.993
318.081
318.98
318.068
318.968
318.056
318.955
318.043
318.942
318.03
318.929
318.017
318.916
318.004
318.904
317.992
318.891
317.979
318.878
317.966
318.865
317.953
318.852
317.94
318.84
317.928
318.827
317.915
318.814
317.902
318.801
317.889
318.788
317.876
318.776
317.864
318.763
317.851
318.75
317.838
318.737
317.825
318.724
317.812
318.712
317.8
318.699
317.787
318.686
317.774
318.673
317.761
318.66
317.748
318.648
317.736
318.635
317.723
318.622
317.71
318.609
317.697
318.596
317.684
318.584
317.672
318.571
317.659
318.558
317.646
318.545
317.633
318.532
317.62
318.52
317.608
318.507
317.595
318.494
317.582
318.481
317.569
318.468
317.556
318.456
317.544
318.443
317.531
318.43
319.329
318.417
319.316
318.404
319.304
318.392
319.291
318.379
319.278
318.366
319.265
318.353
319.252
318.34
319.24
318.328
319.227
318.315
319.214
318.302
319.201
318.289
319.188
318.276
319.176
318.264
319.163
318.251
319.15
318.238
319.137
318.225
319.124
318.212
319.112
318.2
319.099
318.187
319.086
318.174
319.073
318.161
319.06
318.148
319.048
318.136
319.035
318.123
319.022
318.11
319.009
318.097
318.996
318.084
318.984
318.072
318.971
318.059
318.958
318.046
318.945
318.033
318.932
318.02
318.92
318.008
318.907
317.995
318.894
317.982
318.881
317.969
318.868
317.956
318.856
317.944
318.843
317.931
318.83
317.918
318.817
317.905
318.804
317.892
318.792
317.88
318.779
317.867
318.766
317.854
318.753
317.841
318.74
317.828
318.728
317.816
318.715
317.803
318.702
317.79
318.689
317.777
318.676
317.764
318.664
317.752
318.651
317.739
318.638
317.726
318.625
317.713
318.612
317.7
318.6
317.688
318.587
317.675
318.574
317.662
318.561
317.649
318.548
317.636
318.536
317.624
318.523
317.611
318.51
317.598
318.497
317.585
318.484
317.572
318.472
317.56
318.459
317.547
318.446
317.534
318.433
319.332
318.42
319.32
318.408
319.307
318.395
319.294
318.382
319.281
318.369
319.268
318.356
319.256
318.344
319.243
318.331
319.23
318.318
319.217
318.305
319.204
318.292
319.192
318.28
319.179
318.267
319.166
318.254
319.153
318.241
319.14
318.228
319.128
318.216
319.115
318.203
319.102
318.19
319.089
318.177
319.076
318.164
319.064
318.152
319.051
318.139
319.038
318.126
319.025
318.113
319.012
318.1
319
318.088
318.987
318.075
318.974
318.062
318.961
318.049
318.948
318.036
318.936
318.024
318.923
318.011
318.91
317.998
318.897
317.985
318.884
317.972
318.872
317.96
318.859
317.947
318.846
317.934
318.833
317.921
318.82
317.908
318.808
317.896
318.795
317.883
318.782
317.87
318.769
317.857
318.756
317.844
318.744
317.832
318.731
317.819
318.718
317.806
318.705
317.793
318.692
317.78
318.68
317.768
318.667
317.755
318.654
317.742
318.641
317.729
318.628
317.716
318.616
317.704
318.603
317.691
318.59
317.678
318.577
317.665
318.564
317.652
318.552
317.64
318.539
317.627
318.526
317.614
318.513
317.601
318.5
317.588
318.488
317.576
318.475
317.563
318.462
317.55
318.449
317.537
318.436
319.336
318.424
319.323
318.411
319.31
318.398
319.297
318.385
319.284
318.372
319.272
318.36
319.259
318.347
319.246
318.334
319.233
318.321
319.22
318.308
319.208
318.296
319.195
318.283
319.182
318.27
319.169
318.257
319.156
318.244
319.144
318.232
319.131
318.219
319.118
318.206
319.105
318.193
319.092
318.18
319.08
318.168
319.067
318.155
319.054
318.142
319.041
318.129
319.028
318.116
319.016
318.104
319.003
318.091
318.99
318.078
318.977
318.065
318.964
318.052
318.952
318.04
318.939
318.027
318.926
318.014
318.913
318.001
318.9
317.988
318.888
317.976
318.875
317.963
318.862
317.95
318.849
317.937
318.836
317.924
318.824
317.912
318.811
317.899
318.798
317.886
318.785
317.873
318.772
317.86
318.76
317.848
318.747
317.835
318.734
317.822
318.721
317.809
318.708
317.796
318.696
317.784
318.683
317.771
318.67
317.758
318.657
317.745
318.644
317.732
318.632
317.72
318.619
317.707
318.606
317.694
318.593
317.681
318.58
317.668
318.568
317.656
318.555
317.643
318.542
317.63
318.529
317.617
318.516
317.604
318.504
317.592
318.491
317.579
318.478
317.566
318.465
317.553
318.452
317.54
318.44
317.528
318.427
319.326
318.414
319.313
318.401
319.3
318.388
319.288
318.376
319.275
318.363
319.262
318.35
319.249
318.337
319.236
318.324
319.224
318.312
319.211
318.299
319.198
318.286
319.185
318.273
319.172
318.26
319.16
318.248
319.147
318.235
319.134
318.222
319.121
318.209
319.108
318.196
319.096
318.184
319.083
318.171
319.07
318.158
319.057
318.145
319.044
318.132
319.032
318.12
319.019
318.107
319.006
318.094
318.993
318.081
318.98
318.068
318.968
318.056
318.955
318.043
318.942
318.03
318.929
318.017
318.916
318.004
318.904
317.992
318.891
317.979
318.878
317.966
318.865
317.953
318.852
317.94
318.84
317.928
318.827
317.915
318.814
317.902
318.801
317.889
318.788
317.876
318.776
317.864
318.763
317.851
318.75
317.838
318.737
317.825
318.724
317.812
318.712
317.8
318.699
317.787
318.686
317.774
318.673
317.761
318.66
317.748
318.648
317.736
318.635
317.723
318.622
317.71
318.609
317.697
318.596
317.684
318.584
317.672
318.571
317.659
318.558
317.646
318.545
317.633
318.532
317.62
318.52
317.608
318.507
317.595
318.494
317.582
318.481
317.569
318.468
317.556
318.456
317.544
318.443
317.531
318.43
319.329
318.417
319.316
318.404
319.304
318.392
319.291
318.379
319.278
318.366
319.265
318.353
319.252
318.34
319.24
318.328
319.227
318.315
319.214
318.302
319.201
318.289
319.188
318.276
319.176
318.264
319.163
318.251
319.15
318.238
319.137
318.225
319.124
318.212
319.112
318.2
319.099
318.187
319.086
318.174
319.073
318.161
319.06
318.148
319.048
318.136
319.035
318.123
319.022
318.11
319.009
318.097
318.996
318.084
318.984
318.072
318.971
318.059
318.958
318.046
318.945
318.033
318.932
318.02
318.92
318.008
318.907
317.995
318.894
317.982
318.881
317.969
318.868
317.956
318.856
317.944
318.843
317.931
318.83
317.918
318.817
317.905
318.804
317.892
318.792
317.88
318.779
317.867
318.766
317.854
318.753
317.841
318.74
317.828
318.728
317.816
318.715
317.803
318.702
317.79
318.689
317.777
318.676
317.764
318.664
317.752
318.651
317.739
318.638
317.726
318.625
317.713
318.612
317.7
318.6
317.688
318.587
317.675
318.574
317.662
318.561
317.649
318.548
317.636
318.536
317.624
318.523
317.611
318.51
317.598
318.497
317.585
318.484
317.572
318.472
317.56
318.459
317.547
318.446
317.534
318.433
319.332
318.42
319.32
318.408
319.307
318.395
319.294
318.382
319.281
318.369
319.268
318.356
319.256
318.344
319.243
318.331
319.23
318.318
319.217
318.305
319.204
318.292
319.192
318.28
319.179
318.267
319.166
318.254
319.153
318.241
319.14
318.228
319.128
318.216
319.115
318.203
319.102
318.19
319.089
318.177
319.076
318.164
319.064
318.152
319.051
318.139
319.038
318.126
319.025
318.113
319.012
318.1
319
318.088
318.987
318.075
318.974
318.062
318.961
318.049
318.948
318.036
318.936
318.024
318.923
318.011
318.91
317.998
318.897
317.985
318.884
317.972
318.872
317.96
318.859
317.947
318.846
317.934
318.833
317.921
318.82
317.908
318.808
317.896
318.795
317.883
318.782
317.87
318.769
317.857
318.756
317.844
318.744
317.832
318.731
317.819
318.718
317.806
318.705
317.793
318.692
317.78
318.68
317.768
318.667
317.755
318.654
317.742
318.641
317.729
318.628
317.716
318.616
317.704
318.603
317.691
318.59
317.678
318.577
317.665
318.564
317.652
318.552
317.64
318.539
317.627
318.526
317.614
318.513
317.601
318.5
317.588
318.488
317.576
318.475
317.563
318.462
317.55
318.449
317.537
318.436
319.336
318.424
319.323
318.411
319.31
318.398
319.297
318.385
319.284
318.372
319.272
318.36
319.259
318.347
319.246
318.334
319.233
318.321
319.22
318.308
319.208
318.296
319.195
318.283
319.182
318.27
319.169
318.257
319.156
318.244
319.144
318.232
319.131
318.219
319.118
318.206
319.105
318.193
319.092
318.18
319.08
318.168
319.067
318.155
319.054
318.142
319.041
318.129
319.028
318.116
319.016
318.104
319.003
318.091
318.99
318.078
318.977
318.065
318.964
318.052
318.952
318.04
318.939
318.027
318.926
318.014
318.913
318.001
318.9
317.988
318.888
317.976
318.875
317.963
318.862
317.95
318.849
317.937
318.836
317.924
318.824
317.912
318.811
317.899
318.798
317.886
318.785
317.873
318.772
317.86
318.76
317.848
318.747
317.835
318.734
317.822
318.721
317.809
318.708
317.796
318.696
317.784
318.683
317.771
318.67
317.758
318.657
317.745
318.644
317.732
318.632
317.72
318.619
317.707
318.606
317.694
318.593
317.681
318.58
317.668
318.568
317.656
318.555
317.643
318.542
317.63
318.529
317.617
318.516
317.604
318.504
317.592
318.491
317.579
318.478
317.566
318.465
317.553
318.452
317.54
318.44
317.528
318.427
319.326
318.414
319.313
318.401
319.3
318.388
319.288
318.376
319.275
318.363
319.262
318.35
319.249
318.337
319.236
318.324
319.224
318.312
319.211
318.299
319.198
318.286
319.185
318.273
319.172
318.26
319.16
318.248
319.147
318.235
319.134
318.222
319.121
318.209
319.108
318.196
319.096
318.184
319.083
318.171
319.07
318.158
319.057
318.145
319.044
318.132
319.032
318.12
319.019
318.107
319.006
318.094
318.993
318.081
318.98
318.068
318.968
318.056
318.955
318.043
318.942
318.03
318.929
318.017
318.916
318.004
318.904
317.992
318.891
317.979
318.878
317.966
318.865
317.953
318.852
317.94
318.84
317.928
318.827
317.915
318.814
317.902
318.801
317.889
318.788
317.876
318.776
317.864
318.763
317.851
318.75
317.838
318.737
317.825
318.724
317.812
318.712
317.8
318.699
317.787
318.686
317.774
318.673
317.761
318.66
317.748
318.648
317.736
318.635
317.723
318.622
317.71
318.609
317.697
318.596
317.684
318.584
317.672
318.571
317.659
318.558
317.646
318.545
317.633
318.532
317.62
318.52
317.608
318.507
317.595
318.494
317.582
318.481
317.569
318.468
317.556
318.456
317.544
318.443
317.531
318.43
319.329
318.417
319.316
318.404
319.304
318.392
319.291
318.379
319.278
318.366
319.265
318.353
319.252
318.34
319.24
318.328
319.227
318.315
319.214
318.302
319.201
318.289
319.188
318.276
319.176
318.264
319.163
318.251
319.15
318.238
319.137
318.225
319.124
318.212
319.112
318.2
319.099
318.187
319.086
318.174
319.073
318.161
319.06
318.148
319.048
318.136
319.035
318.123
319.022
318.11
319.009
318.097
318.996
318.084
318.984
318.072
318.971
318.059
318.958
318.046
318.945
318.033
318.932
318.02
318.92
318.008
318.907
317.995
318.894
317.982
318.881
317.969
318.868
317.956
318.856
317.944
318.843
317.931
318.83
317.918
318.817
317.905
318.804
317.892
318.792
317.88
318.779
317.867
318.766
317.854
318.753
317.841
318.74
317.828
318.728
317.816
318.715
317.803
318.702
317.79
318.689
317.777
318.676
317.764
318.664
317.752
318.651
317.739
318.638
317.726
318.625
317.713
318.612
317.7
318.6
317.688
318.587
317.675
318.574
317.662
318.561
317.649
318.548
317.636
318.536
317.624
318.523
317.611
318.51
317.598
318.497
317.585
318.484
317.572
318.472
317.56
318.459
317.547
318.446
317.534
318.433
319.332
318.42
319.32
318.408
319.307
318.395
319.294
318.382
319.281
318.369
319.268
318.356
319.256
318.344
319.243
318.331
319.23
318.318
319.217
318.305
319.204
318.292
319.192
318.28
319.179
318.267
319.166
318.254
319.153
318.241
319.14
318.228
319.128
318.216
319.115
318.203
319.102
318.19
319.089
318.177
319.076
318.164
319.064
318.152
319.051
318.139
319.038
318.126
319.025
318.113
319.012
318.1
319
318.088
318.987
318.075
318.974
318.062
318.961
318.049
318.948
318.036
318.936
318.024
318.923
318.011
318.91
317.998
318.897
317.985
318.884
317.972
318.872
317.96
318.859
317.947
318.846
317.934
318.833
317.921
318.82
317.908
318.808
317.896
318.795
317.883
318.782
317.87
318.769
317.857
318.756
317.844
318.744
317.832
318.731
317.819
318.718
317.806
318.705
317.793
318.692
317.78
318.68
317.768
318.667
317.755
318.654
317.742
318.641
317.729
318.628
317.716
318.616
317.704
318.603
317.691
318.59
317.678
318.577
317.665
318.564
317.652
318.552
317.64
318.539
317.627
318.526
317.614
318.513
317.601
318.5
317.588
318.488
317.576
318.475
317.563
318.462
317.55
318.449
317.537
318.436
319.336
318.424
319.323
318.411
319.31
318.398
319.297
318.385
319.284
318.372
319.272
318.36
319.259
318.347
319.246
318.334
319.233
318.321
319.22
318.308
319.208
318.296
319.195
318.283
319.182
318.27
319.169
318.257
319.156
318.244
319.144
318.232
319.131
318.219
319.118
318.206
319.105
318.193
319.092
318.18
319.08
318.168
319.067
318.155
319.054
318.142
319.041
318.129
319.028
318.116
319.016
318.104
319.003
318.091
318.99
318.078
318.977
318.065
318.964
318.052
318.952
318.04
318.939
318.027
318.926
318.014
318.913
318.001
318.9
317.988
318.888
317.976
318.875
317.963
318.862
317.95
318.849
317.937
318.836
317.924
318.824
317.912
318.811
317.899
318.798
317.886
318.785
317.873
318.772
317.86
318.76
317.848
318.747
317.835
318.734
317.822
318.721
317.809
318.708
317.796
318.696
317.784
318.683
317.771
318.67
317.758
318.657
317.745
318.644
317.732
318.632
317.72
318.619
317.707
318.606
317.694
318.593
317.681
318.58
317.668
318.568
317.656
318.555
317.643
318.542
317.63
318.529
317.617
318.516
317.604
318.504
317.592
318.491
317.579
318.478
317.566
318.465
317.553
318.452
317.54
318.44
317.528
318.427
319.326
318.414
319.313
318.401
319.3
318.388
319.288
318.376
319.275
318.363
319.262
318.35
319.249
318.337
319.236
318.324
319.224
318.312
319.211
318.299
319.198
318.286
319.185
318.273
319.172
318.26
319.16
318.248
319.147
318.235
319.134
318.222
319.121
318.209
319.108
318.196
319.096
318.184
319.083
318.171
319.07
318.158
319.057
318.145
319.044
318.132
319.032
318.12
319.019
318.107
319.006
318.094
318.993
318.081
318.98
318.068
318.968
318.056
318.955
318.043
318.942
318.03
318.929
318.017
318.916
318.004
318.904
317.992
318.891
317.979
318.878
317.966
318.865
317.953
318.852
317.94
318.84
317.928
318.827
317.915
318.814
317.902
318.801
317.889
318.788
317.876
318.776
317.864
318.763
317.851
318.75
317.838
318.737
317.825
318.724
317.812
318.712
317.8
318.699
317.787
318.686
317.774
318.673
317.761
318.66
317.748
318.648
317.736
318.635
317.723
318.622
317.71
318.609
317.697
318.596
317.684
318.584
317.672
318.571
317.659
318.558
317.646
318.545
317.633
318.532
317.62
318.52
317.608
318.507
317.595
318.494
317.582
318.481
317.569
318.468
317.556
318.456
317.544
318.443
317.531
318.43
319.329
318.417
319.316
318.404
319.304
318.392
319.291
318.379
319.278
318.366
319.265
318.353
319.252
318.34
319.24
318.328
319.227
318.315
319.214
318.302
319.201
318.289
319.188
318.276
319.176
318.264
319.163
318.251
319.15
318.238
319.137
318.225
319.124
318.212
319.112
318.2
319.099
318.187
319.086
318.174
319.073
318.161
319.06
318.148
319.048
318.136
319.035
318.123
319.022
318.11
319.009
318.097
318.996
318.084
318.984
318.072
318.971
318.059
318.958
318.046
318.945
318.033
318.932
318.02
318.92
318.008
318.907
317.995
318.894
317.982
318.881
317.969
318.868
317.956
318.856
317.944
318.843
317.931
318.83
317.918
318.817
317.905
318.804
317.892
318.792
317.88
318.779
317.867
318.766
317.854
318.753
317.841
318.74
317.828
318.728
317.816
318.715
317.803
318.702
317.79
318.689
317.777
318.676
317.764
318.664
317.752
318.651
317.739
318.638
317.726
318.625
317.713
318.612
317.7
318.6
317.688
318.587
317.675
318.574
317.662
318.561
317.649
318.548
317.636
318.536
317.624
318.523
317.611
318.51
317.598
318.497
317.585
318.484
317.572
318.472
317.56
318.459
317.547
318.446
317.534
318.433
319.332
318.42
319.32
318.408
319.307
318.395
319.294
318.382
319.281
318.369
319.268
318.356
319.256
318.344
319.243
318.331
319.23
318.318
319.217
318.305
319.204
318.292
319.192
318.28
319.179
318.267
319.166
318.254
319.153
318.241
319.14
318.228
319.128
318.216
319.115
318.203
319.102
318.19
319.089
318.177
319.076
318.164
319.064
318.152
319.051
318.139
319.038
318.126
319.025
318.113
319.012
318.1
319
318.088
318.987
318.075
318.974
318.062
318.961
318.049
318.948
318.036
318.936
318.024
318.923
318.011
318.91
317.998
318.897
317.985
318.884
317.972
318.872
317.96
318.859
317.947
318.846
317.934
318.833
317.921
318.82
317.908
318.808
317.896
318.795
317.883
318.782
317.87
318.769
317.857
318.756
317.844
318.744
317.832
318.731
317.819
318.718
317.806
318.705
317.793
318.692
317.78
318.68
317.768
318.667
317.755
318.654
317.742
318.641
317.729
318.628
317.716
318.616
317.704
318.603
317.691
318.59
317.678
318.577
317.665
318.564
317.652
318.552
317.64
318.539
317.627
318.526
