26.44
31.016
31.016
28.44
33.016
28.44
28.44
35.728
31.016
26.44
32.728
51.016
40.304
37.016
34.728
42.016
35.104
29.728
44.592
35.728
30.728
38.016
28.44
32.456
32.304
50.304
39.592
38.56
30.44
34.304
32.016
37.104
36.016
34.088
37.728
28.152
41.76
30.44
26.152
39.048
35.736
30.664
38.304
33.792
29.728
47.144
34.904
36.304
39.728
30.44
36.304
104.792
56.016
30.44
32.016
36.016
44.864
29.304
30.752
33.016
63.456
30.728
32.504
32.016
32.44
51.112
37.304
27.152
104.808
29.496
92.184
90.224
80.592
37.016
103.744
41.344
56.032
28.728
32.304
67.744
35.288
39.304
30.44
31.928
39.304
97.936
40.304
52.456
39.544
49.88
37.016
29.728
40.016
27.152
57.304
40.016
41.304
28.152
40.728
35.304
39.728
38.304
31.016
36.44
39.304
28.984
34.728
26.44
145.984
40.304
39.304
35.016
28.152
39.44
36.592
33.304
33.304
40.016
43.016
97.616
113.616
37.304
31.192
42.816
45.728
31.728
139.936
86.648
44.592
39.304
68.88
29.728
26.152
56.304
83.688
38.016
29.44
32.016
35.728
84.104
32.016
55.728
26.152
44.592
44.592
59.88
36.304
34.304
32.016
39.904
107.984
39.016
56.456
30.44
34.728
40.304
37.304
35.728
30.016
29.104
65.592
39.904
70.88
89.832
94.28
63.168
35.744
43.768
38.016
36.016
31.016
29.44
31.016
41.728
93.088
26.152
97.168
42.592
27.152
32.016
29.44
37.016
39.704
30.016
39.016
91.888
29.728
31.728
29.728
68.872
28.44
30.44
46.592
44.304
70.32
28.44
105.528
32.616
63.168
41.016
28.728
55.592
26.44
31.44
27.152
31.728
66.744
34.728
31.728
87.512
37.184
37.728
34.808
82.592
29.728
141.024
54.912
44.304
27.728
66.768
29.44
40.528
42.016
38.416
46.72
62.872
36.304
28.728
33.016
38.016
39.304
36.728
37.44
31.728
51.168
37.304
26.44
34.304
33.728
49.616
28.304
32.728
26.152
32.016
26.44
29.44
63.728
47.592
44.88
26.152
51.168
31.44
29.44
29.44
28.528
37.016
85.024
64.88
40.304
29.728
82.072
53.016
39.728
31.728
29.616
37.104
36.304
35.904
94.456
31.144
42.672
32.728
31.816
47.456
30.904
30.44
40.328
29.816
83.592
44.016
36.016
41.104
83.544
36.24
56.168
43.168
29.056
32.016
32.016
41.592
40.304
40.304
55.016
88.688
45.816
34.728
40.304
30.728
44.304
36.192
30.728
30.728
38.016
53.304
26.152
39.728
32.304
34.016
48.88
32.44
46.304
30.44
33.016
38.344
37.304
30.728
62.216
30.728
81.4
81.304
30.728
35.728
27.728
41.632
55.88
26.152
28.728
38.016
36.2
88.072
73.96
38.304
37.344
34.304
30.728
29.44
37.016
32.816
56.456
61.592
28.44
50.592
29.44
40.016
90.32
32.016
31.728
29.616
37.016
46.304
82.592
28.44
43.304
34.304
36.016
32.44
31.768
33.016
29.728
32.304
44.592
28.44
30.44
95.816
29.016
45.592
37.016
40.016
32.016
29.728
31.728
26.152
37.016
32.68
43.304
41.968
30.44
32.016
98.984
40.728
32.304
49.16
80.64
29.44
40.64
43.592
26.152
39.016
38.304
32.016
26.152
41.304
37.728
36.728
35.016
34.016
42.736
47.592
35.544
30.44
27.44
39.304
35.728
44.592
33.016
40.504
35.728
43.592
29.728
50.216
35.016
38.592
41.456
59.456
29.44
37.016
42.016
29.44
43.592
31.728
40.168
39.728
47.304
46.304
40.36
33.016
30.728
37.016
118.904
40.304
31.016
26.504
32.016
34.016
28.728
41.728
48.512
43.8
36.728
29.016
81.528
42.88
32.728
31.016
28.728
39.816
44.016
33.728
28.44
39.592
35.016
71.168
35.416
31.728
83.544
27.152
38.016
39.304
68.48
105.088
29.016
41.376
27.264
26.152
88.976
30.44
38.016
29.44
43.016
46.304
26.152
30.728
28.44
44.304
90.568
49.304
38.304
41.592
30.44
35.304
56.28
30.728
30.728
86.264
54.168
47.592
89.128
28.44
29.728
30.44
47.528
38.592
30.728
81.416
55.592
45.016
39.016
34.016
30.44
31.904
38.016
54.336
32.016
95.904
55.392
30.728
32.44
53.128
74.296
71.056
37.744
32.304
28.44
42.016
36.016
26.152
31.016
37.016
53.592
39.728
32.728
29.44
29.44
34.728
43.336
27.44
33.728
32.728
41.48
33.016
47.672
26.152
52.76
28.44
26.328
30.728
35.728
26.44
29.128
48.488
67.592
33.856
100.032
31.016
97.432
81.032
29.72
26.44
32.016
57.168
53.456
97.096
42.016
29.728
47.32
36.304
44.592
32.304
29.728
38.016
28.728
47.88
32.44
30.728
46.592
54.08
35.168
95.736
28.44
27.44
45.016
28.728
47.88
39.728
30.728
57.416
44.304
36.304
47.304
80.688
39.064
84.024
30.728
29.44
38.304
30.44
37.016
27.728
31.016
58.904
32.792
31.016
30.728
50.832
31.728
44.416
82.784
34.016
32.728
79.496
30.728
39.304
95.696
28.728
44.592
32.016
38.304
65.168
30.656
30.728
41.304
39.016
80.688
26.44
83.736
65.496
80.448
54.456
40.344
33.728
39.592
38.304
31.016
35.728
30.44
54.016
30.44
37.304
38.792
29.728
27.44
55.168
37.016
51.304
62.728
35.728
28.816
37.304
51.904
59.456
34.728
34.016
30.44
68.016
44.592
37.016
30.728
42.392
39.016
27.152
28.44
31.728
27.152
47.592
30.44
130.736
48.304
31.792
29.728
48.208
29.728
64.592
112.888
48.88
71.016
28.152
49.304
65.016
84.36
28.44
45.88
48.88
37.016
59.88
39.592
29.304
36.792
29.44
85.928
32.44
48.592
85.6
40.016
44.88
28.44
36.44
103.112
29.728
37.216
36.728
33.728
35.016
41.728
106.576
31.216
34.728
41.016
30.504
36.728
29.728
35.728
37.016
76.616
44.504
30.44
44.016
32.44
31.016
43.016
37.016
30.44
49.88
40.016
74.456
39.784
30.656
37.592
30.68
34.304
110.168
27.44
45.832
35.728
40.312
59.928
33.304
97.544
26.44
31.08
63.592
51.88
35.44
29.44
38.016
36.928
42.304
33.016
45.792
40.264
219.256
31.728
34.592
106.368
32.44
32.016
30.44
31.728
29.616
40.792
48.592
40.304
32.192
82.784
30.728
28.728
50.936
80.744
46.224
34.304
83.736
32.304
36.728
42.88
26.368
30.728
46.416
26.44
30.44
26.44
41.304
30.728
30.728
89.656
33.304
33.728
45.592
30.728
50.216
62.76
30.44
61.016
34.304
39.728
44.016
41.848
35.44
30.728
34.304
57.304
67.456
38.304
70.168
63.288
50.456
158.816
31.728
29.44
34.304
29.728
32.016
43.016
30.44
50.88
26.44
35.44
50.304
40.016
29.728
45.568
29.44
51.76
37.592
51.168
47.592
28.44
32.304
34.592
48.856
55.88
28.44
31.728
49.592
30.728
83.928
31.728
48.592
57.304
37.016
52.296
90.816
29.784
35.728
39.728
29.032
34.016
37.016
29.728
40.728
37.304
32.304
52.168
69.304
62.168
30.728
44.592
30.44
43.96
55.056
44.104
30.44
29.44
26.44
81.496
36.304
40.304
50.304
35.016
49.112
29.728
38.128
34.728
93.816
62.16
51.648
29.016
32.016
28.152
28.728
31.728
88.416
45.728
28.728
41.304
44.92
63.88
36.568
122.48
43.88
32.168
28.728
44.88
107.68
26.368
33.856
28.728
31.016
35.728
26.44
44.728
38.016
31.016
76.072
29.728
28.728
95.032
33.016
38.016
165.688
30.44
67.928
32.44
26.728
80.544
96.368
45.728
179.016
32.728
123.568
103.2
34.016
29.968
48.592
30.728
38.216
30.728
26.216
90.224
37.44
33.88
55.168
37.44
32.016
28.44
32.304
37.016
32.44
30.728
50.632
49.112
31.016
29.728
86.928
32.016
32.728
37.016
55.016
54.104
47.304
26.44
46.016
30.44
52.592
33.728
30.728
37.304
26.44
31.304
31.016
51.704
81.744
38.592
30.728
29.816
36.016
29.44
57.832
29.44
41.304
30.44
54.592
42.304
30.44
29.528
40.016
26.152
53.312
43.592
28.44
30.728
38.304
43.88
74.656
40.168
173.776
62.368
32.656
57.304
26.152
30.728
72.272
29.44
186.96
45.88
26.152
38.016
53.416
32.016
44.304
26.152
32.304
92.44
40.88
57.848
26.152
54.88
40.304
37.304
30.728
27.152
34.592
37.304
29.44
44.88
77.136
30.44
52.32
63.168
32.304
30.728
69.168
32.016
36.728
32.016
38.728
30.616
26.152
40.304
65.568
34.592
45.016
30.728
29.728
35.016
61.76
66.856
31.016
26.152
32.44
26.44
32.44
90.512
56.376
56.016
105.272
46.88
30.728
43.304
43.592
37.016
59.168
82.544
32.432
29.44
27.44
51.168
28.152
38.016
83.904
36.592
64.904
30.728
38.016
38.168
37.256
42.304
48.592
53.808
58.88
31.728
30.728
81.416
38.504
55.24
38.016
45.592
29.304
42.592
29.44
40.168
41.656
101.512
40.592
27.44
40.016
83.592
28.152
38.04
37.016
38.304
33.016
35.44
27.44
34.88
32.016
37.304
52.456
30.728
52.728
56.304
27.44
31.728
43.304
42.392
40.304
30.992
52.728
108.56
36.728
76.88
28.152
31.016
30.728
29.016
46.592
83.736
41.304
32.44
26.44
82.544
116.56
31.88
39.304
37.304
101.32
30.728
48.04
32.304
26.152
83.592
38.304
26.44
38.016
31.016
66.144
34.016
28.152
65.032
32.016
37.032
56.032
83.32
26.152
32.728
30.44
67.928
38.592
38.016
47.992
56.568
31.728
31.016
29.016
32.728
34.016
64.304
66.992
31.728
31.016
52.616
30.728
60.192
34.08
60.304
55.24
37.304
26.152
38.304
33.792
98.88
29.568
38.592
38.44
89.256
70.624
39.016
32.016
125.192
102.96
43.592
34.728
56.392
59.016
34.016
31.016
75.96
168.416
43.88
32.168
29.44
47.88
72.064
56.016
39.016
30.728
41.304
30.728
28.44
115.312
33.016
69.312
30.728
35.728
29.44
61.216
39.728
36.728
38.216
36.728
30.728
91.312
57.168
39.728
41.304
32.016
34.016
27.152
84.976
40.016
33.016
64.304
45.592
42.592
45.304
32.44
40.304
39.016
29.728
34.304
38.304
38.016
89.456
31.016
34.016
83.784
33.016
34.592
44.304
32.44
27.68
43.528
69.168
26.256
136.944
45.304
30.44
88.88
32.768
35.728
30.44
60.592
29.44
54.304
42.592
49.88
32.304
37.016
32.016
74.456
31.016
54.168
120.56
33.728
29.016
33.016
32.304
36.728
32.304
31.728
29.728
36.728
30.728
34.592
28.44
38.328
26.152
62.304
80.784
35.304
26.216
50.304
71.168
57.944
34.728
57.672
46.016
49.912
28.6
27.44
60.344
26.152
84.072
37.88
34.592
83.64
30.728
30.44
51.168
57.256
66.592
45.28
54.016
61.304
42.392
33.08
29.768
84.072
37.592
31.016
35.016
38.304
103.392
28.152
30.728
41.592
59.88
29.44
28.152
51.544
31.728
38.016
26.152
31.016
30.728
67.168
30.016
79.504
26.152
54.456
70.344
55.592
91.632
60.264
28.152
41.728
43.304
60.12
111.016
30.728
98.216
35.44
42.88
26.152
56.6
29.44
79.904
38.016
59.08
49.592
83.64
30.728
33.728
33.88
42.592
28.44
30.728
26.152
111.264
56.08
28.728
61.416
66.368
92.008
28.728
38.304
44.016
63.76
31.728
54.328
30.44
42.592
30.728
58.848
42.592
30.728
53.168
31.728
31.728
29.728
31.728
39.304
71.168
53.728
31.016
30.44
40.88
70.88
35.728
32.304
31.016
41.304
38.016
40.016
37.016
31.304
29.016
54.504
127.288
39.016
27.728
112.456
68.048
26.44
35.44
29.728
27.44
32.304
38.44
49.304
75.168
32.728
31.728
45.88
66.296
29.44
73.536
57.864
29.08
86.448
31.728
42.304
41.592
33.016
30.728
35.816
64.968
74.88
31.968
45.592
67.496
30.584
47.304
64.968
29.44
29.44
32.304
65.64
32.016
35.016
34.304
32.016
61.16
129.848
30.44
45.592
41.304
32.016
31.104
115.392
38.88
81.352
32.44
28.728
63.448
32.44
44.304
47.88
62.784
30.44
67.304
36.728
32.728
44.592
33.728
36.728
34.016
37.016
27.728
117.968
138.144
77.392
37.016
134.632
32.016
40.92
29.44
31.728
28.152
30.728
32.44
30.44
28.152
32.016
27.44
31.728
46.592
67.592
52.592
32.016
163.48
32.016
73.104
39.016
36.728
87.792
38.016
44.304
35.728
40.016
34.304
79.4
37.592
79.304
41.304
30.44
59.528
28.728
32.728
26.152
32.016
98.168
68.456
56.592
31.016
81.84
29.44
113.056
31.728
28.728
33.816
30.728
94.408
45.016
34.304
31.016
35.016
30.504
154.184
32.016
68.88
41.304
36.768
31.016
63.456
28.728
67.408
97.288
57.544
65.832
28.92
28.44
82.312
26.2
28.44
71.744
38.44
30.728
28.728
30.44
88.224
31.728
144.744
26.44
29.44
57.592
64.592
37.016
26.504
30.728
57.4
28.728
92.616
50.88
32.016
57.544
31.728
28.728
51.592
48.88
38.44
69.168
32.016
26.152
56.744
32.728
30.816
38.592
46.304
27.728
84.936
31.728
43.304
40.016
123.312
45.88
34.168
63.592
70.168
61.016
35.44
30.44
32.016
34.728
34.728
32.016
67.88
83.928
47.88
30.728
26.44
47.016
26.44
35.728
56.88
60.688
43.016
55.88
77.032
31.016
67.304
37.592
44.728
39.304
61.496
71.456
40.544
34.016
63.304
44.592
28.44
33.016
39.304
32.304
36.728
49.168
34.304
32.44
68.88
31.016
30.728
57.168
74.552
58.88
37.016
37.304
28.728
49.168
35.304
35.728
49.168
67.312
61.784
28.472
32.728
31.016
32.504
86.792
49.592
86.024
50.304
98.592
42.304
38.016
34.016
45.592
56.88
60.784
95.896
56.304
32.584
72.744
37.304
48.392
29.48
28.568
33.016
42.592
48.592
30.44
26.44
37.016
34.592
55.168
26.152
71.408
61.4
94.496
31.728
29.616
83.08
30.728
27.152
40.728
116.872
101.832
38.592
27.44
42.304
94.448
61.304
66.736
27.44
35.728
62.456
50.592
37.304
26.44
127.608
54.592
32.016
33.304
32.728
85.168
49.168
76.84
32.728
67.592
38.304
142.584
28.152
27.152
32.016
56.456
47.88
26.44
40.728
58.016
114.704
28.44
69.592
36.728
38.304
61.544
29.728
38.016
29.728
26.44
30.44
83.88
56.016
32.304
41.016
60.304
63.832
34.592
28.44
63.688
33.976
29.44
32.44
110.728
63.016
38.016
29.728
63.976
26.152
28.728
29.44
32.44
38.592
48.88
30.728
66.168
64.024
32.016
33.016
37.304
99.832
31.016
85.752
28.152
30.728
31.728
32.016
62.216
57.704
61.168
90.024
30.728
32.216
69.704
37.592
53.016
29.016
35.44
118.304
51.592
32.728
49.88
30.728
37.016
34.016
34.016
43.88
36.088
37.304
34.016
39.104
83.792
43.016
27.44
33.728
62.688
51.304
37.56
57.352
96.04
31.44
26.44
100.84
41.304
33.728
30.44
74.176
31.016
30.44
33.304
31.192
60.592
44.592
85.504
43.304
89.88
29.032
27.44
89.032
27.152
63.64
91.8
37.016
178.12
83.88
29.44
26.152
33.728
65.928
71.696
27.728
35.016
44.304
90.08
26.44
55.016
57.784
35.728
38.88
58.592
30.44
32.016
82.784
82.224
28.152
140.408
46.016
33.728
46.304
32.016
37.304
34.304
41.304
29.304
35.016
117.736
35.728
70.592
54.304
64.024
31.728
32.304
30.72
41.016
38.016
163.088
40.016
79.32
44.88
59.88
44.016
30.728
28.728
63.832
26.44
92.84
83.88
35.728
32.016
71.168
37.016
42.88
107.056
49.304
39.728
30.44
31.928
26.152
30.728
36.304
126.592
32.08
26.44
46.016
57.304
75.744
28.152
30.728
57.304
29.016
56.88
71.304
45.456
118.256
60.304
30.728
38.216
30.104
81.032
45.392
42.08
47.304
29.44
28.44
43.592
96.32
43.304
35.728
32.304
184.352
65.216
73.456
32.944
40.432
38.32
28.44
72.312
39.728
38.816
33.016
37.304
30.44
49.928
48.664
30.728
41.592
33.016
35.728
30.44
72.552
66.552
26.152
37.016
34.728
49.592
26.44
34.728
47.304
32.016
83.32
66.024
57.88
38.728
32.016
26.44
102.792
26.44
31.016
34.016
70.88
32.768
27.44
27.152
68.832
36.304
27.728
28.152
35.728
37.592
35.016
70.976
37.016
65.216
32.016
33.728
29.728
63.88
32.304
74.552
27.152
91.128
60.016
41.304
33.728
31.728
59.616
76.704
30.728
38.304
93.608
130.552
63.592
26.68
38.44
43.304
84.888
60.032
29.68
60.016
53.104
63.456
52.016
30.728
33.016
41.304
31.728
30.44
42.592
30.88
65.168
33.728
37.728
30.44
33.128
29.816
41.304
52.456
57.544
31.016
34.304
26.152
31.016
124.472
42.592
30.728
29.44
32.128
29.44
33.592
43.592
72.456
29.44
30.928
57.344
42.016
30.728
37.016
30.72
26.152
38.304
55.216
31.728
29.016
30.728
56.216
35.728
38.568
67.168
28.728
32.728
37.032
69.416
29.44
34.016
30.44
89.272
32.016
131.904
38.728
33.728
60.352
26.152
46.88
30.44
32.44
26.728
39.592
66.88
41.016
86.904
57.688
126.376
30.728
29.44
41.304
32.44
34.728
80.888
40.016
28.152
110.896
52.88
29.728
37.304
29.016
35.44
63.64
29.44
52.592
29.304
127.664
65.744
45.632
28.152
151.224
26.44
40.728
52.168
34.728
39.016
39.592
30.728
26.152
55.24
40.304
44.592
82.544
37.304
46.304
63.024
39.592
51.88
35.44
31.016
42.592
26.152
30.728
32.216
66.104
32.016
39.304
49.592
59.64
31.016
80.784
49.928
63.592
32.016
36.016
28.44
62.328
72.264
32.44
30.728
28.616
37.016
30.728
34.592
28.616
32.504
57.592
42.304
27.44
138.008
34.304
32.016
63.88
68.976
31.016
74.592
30.44
61.68
63.072
34.592
32.44
66.552
26.44
28.44
128.352
118.968
30.44
42.304
34.304
28.44
96.888
63.688
33.016
30.728
32.304
29.44
68.456
57.688
68.032
42.592
40.728
37.016
38.504
65.12
37.304
71.928
29.44
39.592
55.744
38.168
30.44
29.44
64.928
26.44
29.016
33.592
37.304
63.928
37.728
32.016
26.304
34.992
26.152
81.44
81.032
26.152
56.016
38.016
27.44
31.016
70.88
37.304
31.016
93.792
64.688
62.592
30.44
29.528
69.312
26.44
60.304
26.152
31.016
51.88
37.016
83.216
30.728
33.728
84.32
31.016
61.304
69.992
34.304
30.728
33.016
30.728
42.304
44.88
31.728
63.592
62.784
31.728
30.816
38.304
30.44
29.304
72.6
63.024
30.728
37.304
30.44
33.728
41.304
45.728
29.44
29.728
82.816
68.592
68.784
41.592
42.016
35.104
66.456
83.736
51.592
31.016
40.48
38.016
30.44
35.44
31.928
30.728
47.592
28.44
82.736
121.824
30.44
39.304
30.44
52.88
32.728
68.736
79.856
68.504
31.016
28.728
35.304
72.168
41.592
83.64
29.44
30.928
36.016
47.168
26.44
150.544
70.88
34.728
29.728
39.728
64.024
73.832
32.016
30.44
82.64
29.44
38.44
28.728
35.016
42.304
89.608
42.016
39.304
111.688
41.592
31.016
36.88
82.312
32.016
33.016
128.28
28.152
90.032
81.984
61.256
66.688
110.392
164.872
29.56
82.784
50.728
42.88
41.304
83.544
29.016
104.8
36.728
29.728
57.416
68.216
33.728
42.592
26.152
44.304
45.88
63.704
31.016
61.352
95.448
38.304
48.592
63.832
35.728
34.016
105.52
29.728
37.016
62.64
37.016
27.728
48.032
30.44
31.016
70.976
38.44
91.168
26.152
50.168
37.304
72.216
26.152
40.792
83.168
30.44
70.168
40.728
69.264
39.304
29.44
81.168
34.728
29.016
87.176
32.264
34.952
64.264
44.304
33.016
64.024
76.608
37.296
68.784
27.44
65.88
80.88
32.016
60.016
26.152
31.24
68.32
57.544
127.504
43.592
47.016
62.928
48.816
28.704
31.392
28.728
67.168
29.44
28.152
35.728
30.44
57.736
29.728
26.152
41.304
89.88
31.728
48.816
83.976
29.728
68.552
64.744
33.016
29.44
30.904
40.016
51.592
38.016
87.456
69.552
26.152
38.88
47.304
29.44
57.496
37.304
49.592
30.68
39.368
28.856
37.016
120.736
35.224
46.168
60.544
32.304
68.88
49.968
26.152
30.44
40.328
32.016
28.728
27.152
40.728
30.44
99.864
103.136
31.016
39.304
57.592
61.592
44.88
124.48
32.016
35.304
134.112
35.728
61.352
63.688
43.592
82.024
71.264
30.44
62.832
93.216
29.44
30.728
45.88
30.44
40.096
41.304
90.816
62.832
29.52
64.744
62.304
30.44
33.128
64.88
42.592
30.44
55.016
31.304
30.832
75.032
39.728
137.544
84.032
57.592
68.6
57.256
30.728
35.728
38.304
33.728
41.304
36.016
70.408
99.072
75.744
30.728
30.728
26.216
36.104
81.976
30.44
119.656
27.44
40.304
26.192
66.832
30.728
112.768
30.44
33.728
65.832
38.304
40.304
36.728
27.44
33.016
38.016
185.36
38.728
32.728
26.152
57.688
34.304
63.832
67.216
30.728
83.88
43.168
29.728
85.216
42.304
26.44
31.304
81.992
32.304
32.016
28.44
73.552
29.44
63.024
129.496
41.304
26.44
44.728
106.472
143.912
52.016
30.728
30.44
88.608
48.592
72.88
32.016
118.448
30.728
46.304
32.016
29.904
43.88
69.264
37.304
61.592
30.44
75.936
29.44
33.016
71.552
26.152
27.44
76.84
29.44
36.016
68.36
30.728
49.168
55.192
31.016
45.592
26.44
29.728
38.728
45.88
34.168
84.928
46.304
33.016
30.44
63.056
28.44
37.304
57.744
37.744
32.016
43.304
30.44
34.016
59.304
144.568
44.88
39.304
39.304
29.016
30.504
26.152
65.928
30.44
37.016
54.104
66.832
28.72
92.68
69.36
97.992
57.256
39.48
29.944
36.928
29.44
30.928
29.44
26.44
55.168
31.728
31.44
114.344
26.152
38.016
28.704
61.64
38.016
32.44
45.88
33.016
38.016
30.44
32.304
27.728
30.728
32.304
30.728
60.352
68.168
30.728
83.736
65.976
28.824
35.112
63.304
83.08
30.728
26.216
177.88
39.016
36.44
30.728
84.928
37.016
39.016
29.44
34.304
51.592
37.592
30.728
39.592
66.928
34.016
27.152
32.016
79.528
31.728
27.44
43.016
273.872
64.592
40.304
145.888
30.728
51.376
29.816
187.96
52.016
48.592
28.152
30.44
176.504
71.072
28.44
30.44
38.016
63.592
35.016
30.44
33.728
31.728
30.44
30.728
55.592
39.304
171.392
31.728
63.592
185.232
59.016
35.016
54.504
30.728
26.216
85.304
62.64
31.016
29.44
41.728
30.44
29.44
42.592
46.304
29.728
39.304
36.728
57.496
32.728
34.728
32.016
33.728
99.576
30.728
42.304
35.44
28.44
28.152
35.728
27.616
66.88
79.4
30.728
59.544
73.024
36.304
39.016
31.136
32.016
39.592
26.152
37.728
35.44
45.016
39.304
122.688
85.512
46.016
39.728
30.44
37.44
28.152
41.64
37.128
71.88
29.016
107.776
28.728
49.88
46.016
41.592
37.176
39.88
81.88
38.016
26.304
49.88
38.168
32.304
84.072
100.472
33.016
30.728
28.616
54.104
65.88
29.728
35.44
32.44
27.728
118.256
148.832
50.72
35.728
31.728
54.016
37.504
38.992
26.152
67.408
33.592
28.152
32.44
39.928
45.016
35.44
40.304
43.016
63.592
30.728
110.584
30.472
29.44
29.44
40.304
78.84
44.304
80.64
66.592
32.08
31.176
30.44
28.328
39.416
43.88
30.44
34.304
105.304
57.592
29.44
28.44
30.728
65.832
29.44
32.44
28.44
39.592
30.728
26.216
57.592
30.016
38.592
28.728
61.304
42.592
26.44
34.016
71.6
81.648
59.744
30.44
26.44
42.304
29.728
32.016
35.728
35.016
30.728
43.016
30.44
30.728
35.728
30.728
45.88
72.568
99.256
31.016
32.016
28.728
30.728
42.304
32.728
122.992
35.728
95.848
32.016
30.728
35.728
43.408
69.32
53.88
125.592
38.016
32.728
107.704
34.304
55.168
39.304
32.016
26.152
37.728
62.544
27.728
46.08
38.592
92.896
26.152
122.496
43.584
45.072
32.016
126.888
65.976
49.592
30.728
39.728
32.728
26.152
57.736
42.88
32.728
43.584
124.696
38.592
62.976
31.016
131.08
33.016
29.704
38.016
28.44
37.128
28.44
26.328
82.688
128.784
28.44
66.456
31.016
33.728
30.728
60.784
32.216
28.728
140.504
35.192
54.88
36.728
35.728
49.216
29.44
32.016
61.592
39.304
32.304
34.728
30.728
59.304
68.928
40.304
32.016
35.016
26.44
71.6
27.44
26.152
75.64
56.168
38.304
34.016
71.648
30.728
29.816
34.304
118.448
44.88
28.728
30.728
46.592
57.544
108.232
32.92
65.36
58.168
36.728
32.216
47.592
30.44
29.728
31.016
36.104
30.44
32.304
170.832
36.304
137.392
35.392
30.728
39.016
78.032
27.152
30.728
83.816
32.504
37.016
35.016
41.592
43.304
54.592
109.568
28.44
26.328
30.728
38.592
63.88
68.736
30.728
35.44
31.44
27.152
29.728
34.016
99.744
83.512
28.728
76.168
29.016
40.256
37.304
43.592
40.304
35.728
28.728
38.416
50.704
77.168
180.552
34.304
32.728
34.304
57.256
58.88
39.016
76.552
35.728
75.744
30.44
38.016
30.304
36.728
32.44
85.832
28.44
57.64
30.44
30.728
51.168
26.152
33.456
42.592
26.152
42.304
71.6
30.728
45.728
27.44
83.88
61.64
30.728
42.016
115.68
26.152
32.016
65.88
129.168
32.44
66.552
43.016
32.016
28.728
33.304
31.016
37.304
64.072
26.44
29.44
31.44
65.168
64.88
93.312
35.728
30.728
32.216
123.704
54.304
62.992
28.44
32.016
68.736
57.736
31.016
38.592
26.152
56.304
33.728
26.152
37.24
33.928
28.728
43.016
32.304
46.88
35.304
29.44
36.728
32.016
31.016
80.792
124.448
83.936
108.128
31.728
30.728
26.152
26.152
41.304
57.64
32.728
39.304
32.392
34.304
31.44
33.016
69.12
83.808
85.072
43.016
90.744
47.592
35.016
53.168
30.728
55.016
38.304
32.592
31.728
106.704
66.784
29.728
30.68
38.88
47.304
51.168
158.448
32.728
56.88
31.016
31.016
30.728
48.88
29.968
60.256
34.016
30.728
37.728
29.728
32.016
49.168
30.44
46.016
31.728
39.728
33.728
61.304
66.168
39.992
31.88
29.44
34.592
28.728
43.592
100.848
68.264
32.728
85.936
31.728
82.816
97.176
44.016
35.728
26.304
29.016
68.88
41.304
47.304
65.88
30.44
32.304
30.44
40.304
47.88
30.728
35.816
46.592
42.592
30.88
29.44
65.072
35.304
114.792
93.408
74.6
83.976
29.44
32.016
38.304
69.168
45.456
105.224
40.016
33.728
35.728
29.44
42.016
92.456
27.728
58.072
91.224
39.016
35.728
30.728
28.44
38.328
93.04
47.168
37.44
82.216
29.728
37.016
33.728
60.168
90.104
63.928
127.592
82.216
47.504
30.44
34.728
42.592
31.016
30.728
99.744
30.44
32.728
48.616
32.728
82.032
48.88
34.016
31.728
124.944
28.728
59.016
46.88
32.016
75.504
67.392
37.728
31.728
62.976
185.352
89.608
41.016
34.304
31.728
28.416
66.36
35.44
34.016
30.728
32.304
26.592
58.168
36.728
26.44
74.552
36.728
34.592
69.264
68.352
33.728
35.44
30.728
112.624
61.8
37.016
67.024
33.728
58.016
36.704
40.304
66.784
37.016
32.304
40.016
73.6
30.44
33.304
110.392
37.48
94.552
73.84
38.128
66.016
43.592
28.44
65.832
36.728
55.304
32.016
94.4
32.016
54.592
29.44
64.456
116.728
31.016
37.304
52.016
36.016
32.728
175.816
63.88
34.016
37.592
30.728
57.168
29.016
64.784
32.728
35.016
26.152
35.016
35.016
31.016
67.304
28.44
31.304
44.304
30.728
38.304
39.728
77.368
37.016
42.104
32.792
32.728
97.608
28.152
31.016
88.608
32.304
69.88
61.4
31.016
34.016
75.6
63.888
31.776
123.448
95.928
166.272
90.504
28.152
33.304
32.304
121.112
39.592
43.88
30.968
76.888
29.016
57.784
31.016
30.728
42.304
29.728
59.304
38.304
30.728
39.968
28.152
34.592
62.64
30.44
76.456
27.44
35.304
32.304
31.304
41.304
28.44
46.88
28.728
57.544
130.904
91.416
42.592
30.728
48.88
127.168
51.856
37.016
27.44
29.728
43.144
28.44
64.88
66.592
36.016
90.088
63.904
38.44
29.016
44.592
29.728
118.872
26.152
43.68
37.016
32.504
76.792
85.832
67.024
32.016
55.456
36.728
32.816
29.44
45.104
68.176
131.088
29.016
44.592
46.168
29.656
34.728
37.016
55.744
45.232
44.32
30.728
39.016
29.728
117.544
31.44
29.44
42.304
30.44
29.728
65.168
29.728
38.016
30.44
44.88
40.304
63.928
36.304
36.728
89.88
30.728
32.016
89.816
29.44
44.016
63.544
39.168
75.552
185.048
30.728
38.216
32.304
30.44
29.528
34.728
45.592
60.28
48.592
56.08
34.016
36.592
29.016
28.152
36.728
31.016
33.016
69.024
32.016
57.168
64.024
30.44
28.152
29.728
31.216
33.016
35.728
51.88
65.736
31.728
57.456
54.016
35.728
28.44
43.304
55.168
62.168
32.456
29.44
38.128
44.416
33.304
31.728
26.44
29.728
29.44
38.728
41.304
73.88
57.368
27.728
30.44
32.016
47.592
29.728
40.592
30.44
29.728
44.304
27.44
34.016
155.328
30.44
40.728
46.592
71.552
30.728
36.728
31.016
115.4
61.688
35.728
82.544
37.44
61.456
50.168
37.304
30.728
46.168
37.728
37.592
37.016
33.728
54.304
38.016
43.104
81.32
60.256
29.44
40.528
32.016
37.016
32.504
108.176
42.592
26.152
83.64
32.016
38.304
26.592
43.88
122.224
88.544
39.592
42.592
127.848
30.936
38.016
36.016
151.944
49.032
58.88
35.592
44.88
44.016
50.168
57.64
31.016
35.016
59.304
32.016
27.44
44.016
35.728
43.304
34.728
32.44
50.728
30.616
83.736
57.304
26.392
63.072
56.16
27.44
31.728
74.552
31.016
28.728
30.44
44.016
100.608
129.024
29.44
38.016
48.592
47.592
60.304
100.032
69.368
32.456
30.44
30.48
115.368
42.304
67.984
38.272
32.56
26.152
39.304
47.992
58.056
28.344
73.032
38.592
30.44
28.44
26.152
29.44
28.528
28.44
92.504
38.016
35.728
26.152
199.592
32.016
26.44
30.44
30.728
32.016
95.792
28.44
151.776
48.592
39.728
30.44
67.312
28.152
38.592
98.08
68.168
33.728
31.016
71.6
79.656
72.744
34.016
95.088
28.728
73.936
49.456
56.88
87.32
26.152
44.88
28.152
40.016
33.016
39.728
30.44
73.032
59.168
27.44
38.016
26.304
35.728
33.592
38.304
70.168
27.44
30.728
36.304
37.88
30.44
47.304
36.728
68.832
30.728
65.168
28.728
68.976
33.728
37.728
67.36
41.304
140.36
34.016
29.728
37.216
63.072
36.016
31.728
62.688
35.304
94.64
44.304
29.44
42.016
62.64
32.728
36.728
42.016
37.304
26.312
28.728
66.504
42.88
52.88
65.168
35.728
37.304
36.728
50.456
79.544
41.592
29.728
57.688
32.304
49.392
126.264
34.08
62.952
38.016
61.352
28.728
30.728
38.016
37.304
87.104
29.728
122.712
102.096
57.784
34.072
32.016
30.44
137.528
44.216
65.12
29.44
30.928
63.688
68.312
33.016
47.88
75.592
61.64
30.728
43.592
34.592
46.88
40.416
30.728
27.672
52.88
27.728
27.44
39.592
57.544
61.688
39.88
29.44
38.304
121.872
38.016
29.44
59.304
81.448
69.736
46.304
63.168
29.728
32.304
26.44
42.592
30.88
26.44
31.728
33.728
32.016
66.12
61.592
50.168
94.4
73.976
35.728
26.152
56.88
46.016
84.6
57.496
32.584
38.44
33.016
40.504
44.392
61.544
119.448
29.736
32.44
83.592
43.08
105.184
32.016
29.44
69.312
48.88
59.592
32.016
48.88
30.44
35.728
109.016
29.016
30.504
32.016
48.304
42.304
47.304
31.728
26.152
30.44
32.304
30.44
35.44
38.016
30.44
33.728
45.728
83.168
30.44
57.736
35.44
140.64
93.848
30.528
30.504
29.44
33.192
30.44
88.224
28.44
45.304
40.016
83.976
34.016
26.152
75.64
89.832
67.12
57.592
74.552
37.728
37.304
30.728
62.928
27.728
57.64
34.016
43.304
30.728
82.744
29.744
91.36
29.44
39.304
64.784
44.592
26.672
29.44
33.016
26.152
31.728
26.44
31.728
30.44
42.304
29.44
31.016
50.88
212.408
36.728
62.688
32.016
36.44
34.328
41.816
61.256
62.072
31.016
56.016
136.144
28.44
100.992
26.152
81.36
82.168
44.88
32.728
29.44
44.304
34.016
32.44
46.592
41.592
40.304
32.016
57.496
30.44
33.728
39.592
28.44
52.592
77.984
34.728
28.44
106.008
42.592
37.016
28.728
64.456
66.456
31.016
77.128
42.304
53.456
27.44
32.44
30.728
26.44
146.456
38.44
26.152
37.016
36.728
31.016
83.744
60.456
29.728
35.728
48.304
57.64
100.8
65.36
43.88
57.368
50.592
54.168
30.456
37.016
28.728
38.016
45.88
48.88
57.168
96.272
30.728
74.072
52.304
28.44
32.728
62.928
30.728
38.216
82.904
44.016
175.736
31.824
44.016
26.152
58.072
38.016
28.728
45.88
36.016
29.728
32.504
107.232
31.016
32.728
28.44
67.928
37.592
31.728
28.44
43.016
38.304
30.44
73.928
59.304
57.544
30.728
58.072
37.016
91.32
35.016
30.44
28.728
30.44
35.44
92.704
76.504
29.44
30.728
57.416
40.168
44.168
53.688
53.168
29.728
37.216
32.728
98.608
69.408
32.016
27.44
45.592
33.016
42.016
65.12
38.016
50.168
113.992
32.304
39.016
43.304
44.88
35.016
32.016
31.728
51.88
31.728
46.016
37.728
28.728
30.44
32.304
31.016
30.44
29.728
49.88
30.968
28.152
67.88
32.168
47.304
64.736
43.424
33.016
31.016
58.304
37.304
39.728
30.44
80.032
66.544
29.728
28.152
30.728
146.56
42.592
30.44
40.016
30.728
26.216
34.728
34.728
29.44
85.168
33.728
49.592
35.592
31.016
77.984
36.104
28.44
30.44
28.44
60.304
39.216
30.728
112.44
30.44
53.456
29.528
36.44
119.832
39.304
27.44
34.304
33.592
49.48
142.072
27.44
34.304
43.304
34.968
46.592
35.728
30.728
42.016
30.44
32.016
56.456
42.304
31.728
35.728
29.728
97.896
34.304
28.728
81.832
37.016
47.304
76.168
31.016
42.592
38.08
35.016
61.544
59.88
26.568
30.728
47.88
31.016
27.44
35.44
39.016
32.016
42.304
29.44
38.44
31.44
44.592
30.728
28.728
86.88
90.768
28.656
31.344
28.44
91.36
34.728
34.016
29.504
83.08
30.728
30.552
67.552
81.496
31.016
34.592
31.728
45.456
29.016
30.44
41.528
62.592
29.44
32.568
40.304
30.44
100.272
50.16
55.304
34.968
28.728
48.592
37.728
35.304
38.304
47.304
61.88
135.928
38.016
79.648
115.936
61.592
71.88
30.44
58.032
34.728
31.44
26.152
31.728
29.44
32.016
37.304
29.728
73.504
31.792
98.232
56.88
97.688
110.176
66.264
93.648
89.56
36.016
26.44
34.728
39.016
125.656
45.592
63.736
35.016
34.016
30.728
34.728
39.728
37.728
31.728
88.416
29.44
47.304
65.88
29.728
258.384
30.672
30.728
38.016
85.744
30.44
83.784
30.728
64.64
60.88
63.88
49.88
28.568
38.728
34.304
33.728
39.016
57.352
57.592
144.648
28.44
82.688
40.976
113.4
38.304
29.016
27.992
57.928
41.304
29.728
65.592
46.68
38.304
70.928
120.656
26.152
49.168
118.12
37.016
44.504
98.512
39.032
52.88
38.592
32.88
32.016
27.44
74.552
29.728
117.984
62.168
139.296
29.016
61.704
41.016
42.504
34.592
61.784
29.728
27.44
65.168
60.496
92.744
28.44
55.616
63.88
46.592
37.016
73.928
68.264
45.728
34.016
39.104
60.736
46.88
35.728
30.44
29.728
111.696
28.44
57.304
28.152
66.36
83.256
36.728
45.592
92.6
57.88
32.016
44.304
40.016
46.016
30.728
83.88
38.592
115.728
30.728
29.816
48.168
41.016
30.44
59.528
75.776
80.696
58.024
69.408
62.544
31.888
34.592
38.592
30.728
73.888
26.152
38.304
34.992
27.44
44.304
31.016
36.592
60.88
46.592
31.728
29.728
99.656
44.88
41.88
30.44
26.152
47.304
28.728
31.016
62.592
37.728
26.44
123.016
32.44
32.728
76.456
45.592
43.304
72.456
57.992
66.88
26.152
45.456
30.728
38.88
42.592
103.176
38.016
73.608
43.304
30.728
32.016
30.44
41.592
37.016
44.88
96.32
31.728
69.024
34.304
66.928
83.784
61.832
28.152
37.016
42.88
28.152
37.016
89.936
44.016
57.928
71.168
40.304
43.304
37.304
87.128
31.016
57.88
69.456
83.736
32.304
86.032
45.304
27.52
83.216
50.88
77.032
44.168
40.32
39.304
30.44
40.592
38.48
67.592
28.44
105.272
28.44
32.44
26.152
26.44
32.728
40.216
107.704
29.992
31.44
35.44
46.304
44.304
30.304
56.168
58.592
48.056
85.392
34.016
66.48
54.704
28.44
31.016
102.024
43.304
40.728
37.592
80.032
31.016
30.728
28.616
28.44
28.44
37.728
26.152
71.168
30.728
46.304
41.016
35.728
26.152
33.728
32.44
26.152
34.016
28.44
173.048
47.88
65.744
30.728
39.728
63.304
31.728
30.728
28.44
147.6
26.152
26.44
29.728
34.592
34.016
26.152
43.24
88.128
31.728
48.88
74.504
45.016
26.152
89.832
35.728
61.304
68.832
26.44
30.44
35.304
30.728
73.504
82.688
31.728
39.016
37.016
39.016
62.64
55.168
35.016
38.016
27.44
42.304
37.728
36.728
49.304
39.304
31.192
61.592
34.28
66.024
43.304
29.44
31.016
31.016
65.168
30.44
60.496
30.728
27.44
30.44
33.016
37.016
27.44
31.728
57.496
30.44
28.44
30.728
39.304
52.88
57.744
58.88
29.016
32.304
42.88
29.728
26.152
31.728
57.352
30.728
39.728
29.44
39.304
82.736
92.896
30.728
49.016
58.168
28.44
31.728
88.456
38.016
28.704
120.192
38.016
43.104
146.32
136.168
33.256
30.728
35.728
32.44
30.44
88.328
35.304
29.44
57.592
37.728
71.592
29.88
35.016
42.592
171.016
83.592
50.304
37.016
33.728
35.016
33.016
29.44
83.456
26.152
57.64
31.728
36.016
29.44
57.64
41.304
45.592
27.728
43.616
129.144
30.44
29.728
29.44
57.328
47.592
28.728
29.44
28.528
38.44
39.928
56.016
29.016
89.728
84.936
35.304
31.016
32.304
27.792
30.728
26.152
30.728
32.016
37.016
59.456
81.352
31.016
34.016
31.016
29.016
84.848
32.304
38.592
72.48
174.584
58.472
34.016
36.728
57.592
34.304
26.152
35.016
31.44
29.44
30.44
56.032
47.016
29.44
43.592
130.232
32.728
29.44
44.016
68.216
30.728
48.88
108.8
26.152
34.304
35.728
57.784
62.928
29.016
44.016
54.016
29.44
38.304
81.616
42.304
43.88
28.152
41.592
31.016
32.728
58.304
30.44
28.44
82.12
79.304
30.44
151.072
32.44
26.152
40.304
38.016
37.104
29.016
30.44
36.728
83.88
45.88
50.856
60.592
31.016
36.104
38.016
75.744
44.256
28.44
33.728
35.304
32.016
28.152
30.44
81.256
35.728
74.504
42.016
61.304
32.016
32.016
51.168
58.016
35.016
38.016
37.104
42.304
32.728
36.728
37.016
114.872
32.44
33.888
56.016
87.224
104.512
43.464
31.728
33.216
31.104
234.776
51.592
32.728
79.176
29.44
30.928
47.592
87.032
32.016
30.44
38.016
44.88
61.256
34.016
57.104
41.592
39.728
30.728
32.016
114.136
181.352
35.304
61.304
50.304
32.304
39.792
55.392
40.016
78.744
28.44
102.08
36.016
34.728
101.616
48.88
29.016
41.304
85.656
39.728
124.408
33.728
29.44
62.688
33.016
31.016
71.216
46.304
37.016
30.728
64.616
34.016
87.104
30.728
30.728
36.728
28.728
33.016
30.904
28.44
35.44
26.152
26.152
56.728
86.024
61.4
38.016
64.592
27.68
30.44
83.36
119.872
42.016
32.44
28.152
52.88
32.016
28.728
39.304
45.016
90.28
30.44
51.128
35.304
30.792
35.728
50.304
34.728
125.088
40.016
30.728
37.304
63.592
30.728
42.304
59.304
55.016
31.304
65.744
90.104
44.32
40.304
39.728
34.592
26.48
65.832
32.304
28.152
32.016
26.152
52.592
49.88
28.44
39.592
28.728
39.016
94.128
37.016
50.592
48.592
30.728
97.288
38.016
57.64
30.304
37.728
29.728
31.016
37.728
32.304
32.016
30.728
26.504
30.44
85.936
155.344
145.896
46.592
35.016
30.44
74.264
42.88
35.728
60.592
36.016
31.44
35.728
45.88
32.016
26.152
40.016
67.024
39.728
29.016
28.728
38.304
61.64
38.304
40.992
34.08
52.368
34.016
63.976
36.304
85.168
114.536
29.728
41.304
42.016
49.88
30.728
42.592
37.304
32.016
55.304
31.44
73.264
111.744
35.016
31.016
30.44
28.44
46.728
30.44
57.304
26.152
207.176
81.44
68.312
26.6
30.44
26.152
38.016
46.016
66.64
36.728
31.016
82.784
77.168
32.016
57.688
73.864
29.44
34.728
40.728
35.016
34.728
29.44
44.304
63.792
30.44
28.44
35.728
74.408
30.728
34.016
35.44
65.904
65.12
62.976
97.888
46.456
43.016
26.152
69.312
36.016
32.704
99.72
36.592
94.896
124.032
39.12
36.728
36.728
29.728
31.44
90.32
99.216
26.44
31.728
29.616
54.016
27.728
42.592
38.592
31.728
60.592
37.304
76.168
34.016
66.032
38.72
34.016
38.016
32.016
38.304
27.44
61.928
49.016
26.504
37.304
69.168
48.592
47.304
33.728
31.728
33.728
30.728
39.728
48.88
91.696
28.44
32.328
30.44
67.12
32.728
29.44
30.728
32.44
27.728
71.648
37.304
28.44
32.304
60.4
70.592
100.936
29.728
62.784
66.408
28.728
34.304
38.016
54.168
29.728
37.016
43.016
29.44
29.728
80.528
28.44
28.728
33.016
69.312
110.632
44.304
32.016
30.44
33.728
91.208
66.168
62.88
28.728
40.016
30.728
42.592
39.304
55.592
34.304
28.44
27.44
93.528
55.168
28.152
37.016
49.592
30.728
44.304
35.016
84.12
28.152
26.152
30.44
32.016
45.816
31.728
32.016
27.152
65.832
44.52
87.512
70.928
59.216
58.304
33.392
36.728
30.728
238.976
36.304
27.152
28.44
46.168
28.44
31.728
74.936
81.416
52.216
26.152
31.016
35.016
42.304
26.44
50.728
34.304
68.264
43.88
30.44
28.44
35.928
45.816
32.904
138.792
80.88
85.12
38.304
64.12
44.016
61.016
29.016
30.728
36.016
26.704
28.44
44.88
52.32
37.016
39.016
28.152
33.728
28.44
35.728
30.728
33.016
89.552
69.312
43.016
42.016
35.728
51.168
31.728
156.816
43.304
43.304
29.44
42.592
36.728
38.592
29.44
38.016
51.88
45.304
33.016
30.728
29.44
43.168
75.128
42.304
32.992
40.304
34.304
54.016
117.064
30.952
29.016
32.816
39.728
42.304
34.728
30.728
26.216
32.504
30.728
45.592
151.48
29.728
30.728
29.728
26.44
56.016
53.168
56.88
37.304
30.728
30.728
91.656
75.744
41.304
33.728
33.728
67.592
111.032
26.152
133.04
32.304
86.08
34.304
30.728
38.216
35.592
31.08
30.44
63.88
31.016
29.016
26.44
30.728
44.88
128.048
35.016
62.784
28.152
78.512
36.728
93.416
35.44
38.016
33.016
57.736
50.824
30.712
128.2
84.088
82.104
37.016
32.728
34.304
40.728
33.304
74.84
30.728
30.304
45.016
83.544
68.232
37.304
41.728
46.592
89.992
33.88
61.768
67.456
31.016
26.44
29.44
71.408
120.752
38.592
64.88
30.728
111.04
29.44
115.112
46.168
33.256
44.592
37.592
57.592
112.392
44.304
29.44
49.304
38.592
65.976
59.592
26.28
36.168
87.08
54.304
31.016
38.504
29.44
29.728
38.304
26.44
69.072
44.304
39.592
83.312
31.728
54.304
26.152
65.12
30.728
57.744
45.592
27.44
30.728
40.304
30.44
93.128
56.168
44.592
74.744
26.152
35.728
28.816
31.728
39.016
69.168
57.688
38.016
28.728
56.88
30.728
39.728
34.016
64.024
83.368
52.728
29.016
40.304
26.152
30.44
29.728
29.44
27.328
39.728
46.304
68.552
29.728
32.44
41.304
27.44
47.304
50.88
158.176
57.544
30.728
28.728
47.016
29.728
75.552
60.592
26.44
58.016
33.016
29.728
67.592
31.016
39.28
69.88
45.88
58.168
48.856
32.44
33.728
39.728
30.44
39.128
35.44
37.016
120.104
32.304
31.728
68.12
32.304
40.016
30.44
32.44
38.728
57.304
77.168
30.728
31.016
128.712
44.304
81.4
110.776
44.016
81.416
59.352
42.592
28.44
29.928
178.504
32.44
69.024
32.016
29.728
43.104
95.04
47.592
50.88
53.592
30.44
53.592
38.016
84.936
44.424
27.728
29.44
32.128
34.304
27.728
41.592
104.464
41.304
50.168
28.152
29.44
29.728
37.016
26.152
32.44
29.44
55.592
82.544
83.784
82.736
74.456
67.648
28.336
42.304
49.016
91.944
38.232
30.44
57.4
32.32
34.016
31.016
31.016
118.112
61.544
34.016
38.304
37.592
111.08
57.448
34.016
29.504
54.592
28.152
30.728
28.728
54.592
29.44
26.44
52.88
37.016
113.176
26.44
35.728
32.016
56.168
60.352
30.728
37.016
26.152
28.44
40.728
83.928
60.304
67.984
26.272
30.44
87.32
116.04
37.592
40.304
29.016
71.32
71.12
26.152
84.04
71.128
29.44
37.728
33.016
36.728
123.408
66.096
30.44
83.928
69.88
31.728
38.016
156.632
32.016
61.544
57.976
28.992
119.592
36.016
57.976
32.728
73.928
27.704
37.728
34.304
38.592
26.152
38.304
31.728
49.88
95.536
80.224
27.44
42.304
36.928
85.216
29.44
32.728
28.152
46.592
34.88
40.304
32.728
71.312
33.728
75.648
31.728
29.44
66.312
34.728
39.816
41.304
43.992
65.168
51.88
32.968
41.592
31.728
29.728
64.744
64.168
30.44
31.928
43.016
63.88
30.728
84.184
65.168
69.072
29.728
52.592
40.304
124.096
65.976
30.44
34.304
45.592
57.88
31.728
29.728
27.44
31.728
57.688
47.304
39.192
44.016
31.016
74.032
92.04
126.032
37.304
30.728
34.88
66.12
57.168
32.304
39.304
83.928
30.44
47.304
30.88
26.152
32.016
40.728
84.928
168.68
30.728
81.64
35.44
28.44
35.44
39.304
53.88
48.88
37.168
66.648
35.728
32.728
56.88
76.216
88.368
26.152
26.152
93.496
75.64
30.44
73.696
52.88
44.016
73.168
30.728
40.016
63.928
28.44
196.592
28.728
35.728
26.416
35.016
26.152
132.04
32.728
31.816
39.168
32.256
29.44
53.728
61.168
63.168
33.592
48.304
30.592
30.44
27.44
66.264
36.728
32.304
29.728
26.152
62.88
37.016
47.592
29.728
32.304
81.816
31.728
31.056
57.976
28.728
53.168
48.88
29.44
28.44
28.44
32.304
33.728
126.416
26.152
169.08
42.016
31.504
30.728
29.44
51.592
61.744
137.208
45.304
26.152
35.304
62.592
98.88
36.016
64.592
30.728
65.832
26.52
33.728
34.016
92.408
60.168
42.592
39.728
37.016
36.016
32.728
47.168
32.016
29.44
27.152
27.44
38.728
32.016
36.016
71.168
38.44
30.44
30.728
28.152
39.728
26.152
36.728
38.016
60.016
39.728
38.016
30.728
29.728
35.016
51.88
30.44
30.728
35.816
28.44
33.304
32.728
57.976
30.728
82.84
195.192
28.44
29.44
65.784
43.016
36.016
29.44
33.328
29.728
61.592
30.728
44.592
32.016
30.44
31.928
26.152
88.616
64.072
40.728
56.216
31.304
66.312
32.016
140.504
30.728
44.216
86.32
30.728
34.304
28.44
29.016
32.728
28.44
27.528
83.88
31.016
30.44
31.728
28.328
30.728
50.168
46.592
41.056
31.016
35.304
28.152
39.88
35.728
38.416
83.104
29.44
62.128
40.304
33.728
36.44
37.304
29.44
28.152
39.016
27.728
52.016
37.304
34.88
40.016
45.592
66.456
38.304
37.016
48.304
30.44
55.592
65.88
67.368
38.856
34.728
31.728
26.152
30.016
32.728
36.728
30.728
64.024
36.728
31.016
26.152
33.016
47.88
32.016
35.016
120.504
57.256
26.152
31.016
82.816
38.728
27.616
28.992
35.304
27.152
38.44
78.792
45.592
29.728
45.016
28.44
117.88
31.016
34.728
28.728
42.304
65.736
31.016
43.016
32.504
184.664
76.12
52.88
32.44
30.44
43.928
32.304
68.928
29.728
38.416
31.728
44.016
100.136
29.304
99.992
81.496
32.584
30.728
30.728
57.64
40.016
29.44
30.928
37.592
125.48
30.728
37.304
31.016
32.016
88.272
40.304
66.36
26.152
29.728
26.152
33.728
30.728
61.976
28.44
30.44
28.44
86.224
46.88
29.44
79.552
34.592
29.44
38.304
57.496
28.728
66.648
30.728
30.44
37.016
121.608
28.152
64.072
33.016
40.016
56.168
65.024
86.456
32.016
26.44
63.928
117.496
26.152
30.728
32.456
63.456
30.44
29.728
65.976
40.304
56.456
54.28
51.944
56.016
39.304
89.904
43.304
30.44
91.56
39.304
38.304
32.304
34.016
104.168
32.304
31.296
57.592
30.304
40.304
30.728
32.216
30.44
35.44
30.728
29.304
31.728
119.64
29.016
88.56
31.016
30.44
29.728
81.32
75.744
79.704
27.44
43.304
66.456
61.544
32.016
67.6
44.592
55.016
34.904
36.728
32.304
29.44
28.528
29.44
38.304
26.152
29.728
33.592
42.592
35.728
66.264
61.592
30.728
30.728
60.08
32.44
37.528
27.152
123.472
34.304
29.44
26.44
71.216
64.592
83.544
44.304
56.48
37.456
62.976
27.152
26.152
33.728
31.016
93.704
50.88
31.728
30.304
67.888
37.016
29.44
85.88
61.528
33.728
67.88
35.44
69.328
36.016
31.016
29.44
37.016
38.592
62.592
30.768
41.304
30.728
107.816
31.016
52.904
35.728
64.688
37.88
72.832
30.44
87.6
30.44
40.016
30.728
119.16
30.44
84.272
43.88
52.304
90.792
38.192
32.016
30.728
49.592
39.016
29.704
26.152
39.016
47.304
38.304
30.44
69.128
38.016
53.168
46.256
29.44
32.728
61.304
42.304
32.016
32.016
56.592
45.016
32.016
34.592
31.28
36.304
93.968
41.168
115.928
171.416
28.152
26.44
83.168
87.36
37.592
30.68
35.728
34.568
179.264
101.744
128.712
32.016
66.216
58.168
26.152
31.728
31.616
36.016
91.752
30.304
29.728
34.592
118.216
62.072
28.44
28.728
44.728
57.688
29.44
39.728
33.728
39.176
47.304
30.728
61.88
35.728
29.44
43.592
31.016
32.504
28.728
91.416
66.408
38.016
55.456
32.944
29.44
30.44
36.728
30.44
48.728
26.44
38.168
29.44
189.328
57.592
44.304
37.016
77.888
35.728
32.304
34.728
30.728
37.304
33.728
68.816
36.016
30.728
79.224
47.304
118.112
57.688
29.728
37.304
28.44
60.592
38.016
90.648
52.168
27.152
37.016
129.76
57.592
71.216
70.328
38.016
110.392
70.6
66.36
35.44
34.592
43.88
39.728
39.016
33.016
40.568
35.016
60.168
44.016
71.264
35.728
37.016
31.216
62.88
46.304
57.544
27.152
119.832
38.592
32.016
39.592
47.304
48.168
30.44
30.44
43.928
55.88
33.016
32.016
45.88
34.728
84.744
57.736
72.456
46.88
30.728
31.304
42.304
32.728
30.728
46.28
43.016
41.304
46.88
30.728
29.44
36.928
66.12
39.728
30.44
32.728
32.016
74.168
64.856
26.44
32.304
29.016
35.304
145.912
83.544
40.728
75.312
29.728
68.6
50.456
30.728
136.616
73.744
66.024
29.016
35.728
42.592
64.48
30.44
62.928
145.392
56.016
52.88
109.472
38.728
140.456
33.728
31.728
45.592
30.728
29.728
44.416
33.728
84.104
61.592
42.68
39.768
29.728
43.304
30.44
79.744
39.016
30.728
30.728
42.304
70.88
59.304
156.92
63.64
41.304
30.728
38.016
32.304
34.016
38.016
82.592
144.504
69.704
32.44
118.896
34.016
28.304
33.728
47.592
32.304
35.016
31.728
26.152
74.696
28.44
32.016
45.592
74.264
29.44
26.152
66.592
41.68
29.968
58.072
46.36
53.016
107.472
38.304
44.304
28.152
34.304
29.64
129.136
30.44
45.592
30.792
26.44
94.416
44.592
69.168
33.728
64.016
35.44
31.728
70.744
33.728
28.152
114.672
39.304
28.44
42.016
26.44
30.44
36.016
29.104
112.848
48.592
54.456
30.44
79.496
27.44
69.592
48.456
43.128
35.304
90.984
32.016
30.44
27.728
88.144
43.592
61.592
37.016
74.168
62.736
49.824
34.304
174.592
35.44
64.64
57.88
93.832
43.016
31.016
117.688
42.728
28.44
32.304
104.592
30.728
43.016
89.08
29.44
64.072
59.544
33.728
27.152
32.44
70.032
75.456
56.304
161.936
30.728
32.728
59.304
40.728
32.728
26.44
30.44
31.728
46.592
243.992
29.728
65.736
33.728
28.152
57.592
30.728
83.832
91.8
81.352
41.088
49.168
32.728
61.544
37.592
35.728
57.168
30.44
34.304
29.016
32.016
80.4
30.44
85.832
60.88
44.016
98.416
104.328
26.44
87.744
32.304
83.928
61.416
47.304
32.728
28.44
31.016
38.016
29.728
44.416
32.728
46.792
38.44
49.168
35.016
40.728
32.44
41.728
32.304
67.216
40.304
44.304
28.992
31.728
148.24
82.528
37.304
42.592
33.728
34.016
52.592
36.44
36.304
119.416
30.44
139.928
42.304
29.44
29.44
60.016
29.104
86.504
39.016
43.88
39.304
52.88
43.568
62.88
36.768
128.832
34.728
37.016
85.264
116.776
30.984
101.52
30.728
110.208
39.592
26.44
128.072
37.016
37.016
110.584
65.168
32.016
38.016
30.728
35.728
80.792
30.44
57.256
35.44
57.4
38.488
44.568
32.016
32.016
30.44
64.024
30.728
38.304
39.88
97.528
63.168
28.44
35.728
35.44
34.304
29.44
65.88
38.016
40.728
45.592
40.304
83.688
31.016
38.016
81.032
39.016
32.016
32.016
37.016
40.016
32.728
29.728
113.992
47.592
37.304
85.12
232.848
30.728
57.592
95.64
57.544
74.168
40.016
50.88
46.88
38.016
37.104
45.88
30.728
51.456
56.744
34.016
44.304
27.44
42.304
36.728
31.016
39.016
33.728
49.592
32.728
101.416
50.456
30.44
26.44
66.832
35.728
44.304
63.792
31.728
46.304
30.728
63.736
93.36
28.728
32.728
41.016
40.016
36.728
39.728
65.216
57.88
30.728
37.016
66.08
59.592
32.016
33.504
43.88
28.728
37.592
36.728
62.592
26.44
61.744
28.152
52.168
29.44
41.728
59.168
61.304
39.992
39.728
61.744
70.744
29.728
28.728
48.592
32.304
52.88
92.768
45.168
32.44
59.168
31.44
42.592
45.28
27.44
97.328
35.216
32.44
37.728
50.304
37.592
31.016
73.168
37.728
39.016
28.44
32.728
76.504
30.44
84.032
119.688
31.016
30.304
40.016
99.104
40.728
69.392
37.016
32.728
30.44
29.728
47.304
30.44
40.304
163.384
30.44
30.44
26.44
29.44
29.44
41.016
39.304
95.696
31.184
155.608
108.936
34.304
32.728
72.456
29.544
34.728
58.024
39.88
33.016
30.44
101.888
68.408
34.592
44.016
41.304
30.728
87.224
42.592
49.88
30.728
42.016
37.728
31.016
70.12
26.152
38.44
45.016
38.728
44.016
121.16
63.304
35.016
37.016
89.216
32.016
42.304
34.48
32.44
65.128
46.304
35.728
29.792
32.016
107.056
39.592
66.024
30.728
54.592
31.016
28.44
26.328
29.728
44.88
40.304
28.44
30.728
30.728
64.592
31.016
42.592
32.016
65.744
45.88
33.728
55.456
40.016
91.84
61.88
29.768
30.592
103.392
30.44
36.304
29.44
29.016
38.904
26.152
65.88
34.728
63.456
39.592
60.448
30.728
37.016
31.304
37.304
30.728
67.016
65.592
104.912
87.416
28.44
64.384
61.64
82.696
42.016
34.016
59.456
36.944
38.432
31.016
85.304
30.44
84.168
30.44
46.304
74.312
29.728
95.408
44.592
58.304
69.168
92.744
57.88
38.016
37.016
29.44
34.304
40.304
37.016
30.728
32.304
31.728
32.016
28.44
55.016
32.304
121.392
49.016
30.44
125.952
53.728
67.216
28.44
71.312
93.16
30.728
44.304
30.728
65.168
33.224
84.928
29.44
165.448
58.936
32.824
97.272
57.688
64.168
117.256
77.984
99.04
28.528
45.616
33.968
48.592
34.88
32.768
31.856
42.592
28.728
124.608
42.304
57.976
33.728
40.728
31.728
38.016
32.728
34.304
122.816
42.016
30.44
29.728
29.44
28.152
36.84
42.592
86.456
31.016
37.304
35.304
55.456
29.44
33.016
38.104
36.016
29.44
35.792
80.352
72.264
86.832
30.72
177.408
29.44
35.016
34.728
35.304
53.416
106.408
29.896
32.728
70.456
61.544
79.552
47.592
33.016
26.152
31.728
28.44
38.304
76.88
26.152
38.304
40.304
91.608
102.608
37.304
32.016
41.592
32.28
40.968
32.728
30.728
74.12
30.88
40.728
34.016
30.44
29.016
64.12
56.304
63.792
28.152
35.44
102.752
28.44
37.016
73.304
53.168
29.44
37.016
31.728
28.44
86.552
26.592
26.44
39.016
51.168
33.016
65.64
35.016
42.592
35.44
29.728
31.216
43.304
54.88
83.544
43.592
30.728
34.304
38.88
100.504
41.304
215.672
37.728
31.728
38.304
64.992
30.48
43.016
30.728
37.016
31.016
30.44
40.304
26.44
57.256
26.44
83.88
61.304
32.016
37.104
37.304
32.304
28.728
30.728
28.44
32.016
29.728
104.176
78.928
30.44
46.592
28.728
30.728
38.304
41.592
30.728
32.304
36.192
30.728
55.88
74.312
36.352
30.728
31.016
38.016
74.304
28.152
35.728
53.88
26.152
93.184
69.304
33.016
26.44
93.928
59.016
84.984
31.016
156.072
28.44
27.728
45.88
26.44
208.008
29.44
77.168
145.984
37.072
63.76
37.016
59.352
29.44
30.928
88.784
58.024
53.168
38.304
40.016
49.592
32.728
154.48
73.312
36.728
64.12
63.784
36.728
31.016
32.504
43.592
73.648
38.304
72.192
30.48
31.968
30.728
28.152
31.016
30.992
26.44
30.728
34.728
34.304
63.024
31.728
43.016
62.168
38.016
37.016
29.44
32.304
46.88
30.728
79.408
42.304
30.592
62.592
30.44
79.504
35.728
121.824
44.304
26.44
65.168
121.792
33.728
65.88
28.152
34.016
36.728
52.168
62.304
42.304
35.44
32.728
61.592
37.304
65.744
32.016
38.728
93.016
29.728
34.592
75.696
32.016
50.168
55.88
31.304
133.728
30.728
35.728
62.88
68.976
29.728
30.44
116.608
33.016
31.016
42.016
46.592
41.304
36.792
28.728
35.016
124.4
30.44
37.304
75.456
59.352
26.152
39.016
76.744
30.592
58.592
29.016
36.728
44.216
42.592
75.408
35.728
65.976
28.728
31.728
59.592
40.016
28.152
37.592
66.68
40.016
38.016
57.744
30.728
57.352
44.592
35.728
101.04
30.44
33.016
62.88
26.152
34.304
38.016
126.984
33.728
83.736
43.592
37.016
26.504
37.016
56.88
30.44
46.592
27.44
41.592
65.88
35.016
46.592
32.44
87.104
34.016
40.304
30.728
34.304
42.88
37.016
218.728
33.728
30.304
41.304
31.016
29.44
36.728
26.152
83.784
39.304
28.728
36.016
32.016
26.152
37.016
26.44
105.76
62.88
30.768
72.504
32.016
30.44
28.44
30.44
89.928
26.152
28.728
41.016
33.016
66.024
26.152
27.44
84.168
34.056
29.44
27.152
32.016
27.44
28.728
30.728
40.136
99.576
37.592
46.28
36.728
28.728
74.616
34.728
28.152
63.784
29.728
30.44
70.408
30.728
38.496
37.592
27.44
33.728
36.016
135.096
122.456
31.728
38.016
38.016
32.728
31.816
55.304
65.544
168.568
27.44
30.728
36.728
29.816
45.304
84.416
28.304
45.304
28.44
39.728
60.416
29.728
28.44
48.88
32.304
51.592
30.728
30.44
41.592
30.44
29.44
38.304
28.44
47.88
45.304
242.216
86.888
31.016
31.728
26.152
29.304
30.792
33.592
28.44
27.44
38.328
31.728
44.592
63.032
30.728
26.44
91.36
107.8
29.44
149.552
45.592
35.304
29.016
71.216
26.44
34.728
31.728
40.728
37.728
29.44
37.304
29.44
57.328
26.36
34.016
172.44
64.544
53.728
35.016
32.016
32.016
56.592
115.744
71.36
64.592
68.216
57.68
37.44
75.88
27.44
31.728
35.016
34.016
38.304
57.736
59.168
62.744
43.592
39.032
35.304
34.016
28.44
31.128
39.016
28.504
37.304
80.032
28.728
67.928
39.416
38.504
32.792
28.44
26.328
61.416
59.448
36.728
39.728
27.44
57.592
32.936
83.592
36.304
42.88
59.744
80.64
26.152
31.728
39.216
27.728
127.16
31.728
31.728
67.168
29.728
122.88
26.152
34.304
40.016
39.304
55.88
35.768
32.728
80.176
40.592
45.168
37.304
31.728
35.728
37.016
27.44
81.448
34.304
32.304
117.208
68.592
50.304
30.44
84.728
46.88
38.016
38.016
68.168
30.44
33.016
32.104
64.592
37.28
40.728
28.44
37.128
29.44
119.08
29.728
29.728
35.016
29.44
30.728
29.016
100.104
80.032
28.44
42.304
29.44
38.792
38.592
34.016
35.28
31.44
29.44
31.728
30.728
28.152
68.04
38.328
27.44
28.728
33.016
43.592
79.944
28.152
46.304
64.832
30.728
91.016
29.016
28.728
61.416
41.304
30.728
133.96
29.728
56.168
80.688
32.016
65.12
31.016
172.296
94.368
44.168
55.88
30.728
28.44
32.216
31.304
37.44
28.44
32.44
28.44
31.016
29.928
32.504
26.44
57.784
29.44
125.688
52.592
30.44
141.616
32.728
90.024
64.216
31.016
37.88
31.016
64.592
60.592
123.408
62.832
67.88
30.44
30.728
34.728
132.224
42.304
85.832
40.016
38.304
26.44
83.552
28.64
38.304
34.016
48.704
164.784
33.304
61.88
30.728
32.728
35.016
35.728
29.44
34.728
27.152
40.304
26.44
58.88
29.728
32.44
46.304
93.392
26.48
30.44
42.728
39.592
61.592
29.44
64.88
120.496
27.44
65.928
41.304
92.264
31.728
29.728
57.616
29.728
55.512
28.728
31.016
32.728
62.928
97.88
92.8
40.016
30.728
48.88
33.728
31.44
55.728
34.104
30.728
32.304
32.016
51.304
34.728
39.304
61.4
67.072
44.592
26.44
32.728
30.728
42.304
33.016
38.016
28.44
44.304
145.96
40.304
45.728
40.016
29.504
67.264
85.312
37.728
113.44
30.928
29.728
42.016
30.44
34.304
57.392
42.304
96.08
32.016
51.168
88.64
26.152
38.88
69.168
44.304
119.112
73.976
29.864
32.44
38.016
26.304
33.016
42.304
152.896
42.304
28.44
30.728
35.44
30.016
65.024
40.728
105.176
26.152
30.728
47.016
29.44
56.128
26.152
30.728
39.304
30.44
67.312
41.304
45.016
32.016
28.44
37.128
75.408
30.728
37.016
32.728
30.728
37.016
32.44
89.416
28.44
32.728
40.216
64.504
28.728
31.192
107.08
37.592
73.888
57.304
76.552
31.728
42.304
52.592
38.592
42.304
32.728
53.168
57.544
30.728
32.44
35.128
29.728
28.152
61.592
30.728
74.032
34.728
29.728
27.152
94.408
75.6
29.088
26.44
126.328
61.816
29.728
54.456
61.4
56.416
30.44
53.304
33.728
34.728
34.568
70.88
33.728
52.456
52.168
29.44
30.44
35.016
34.016
30.704
26.44
62.728
30.728
140.216
51.728
33.728
35.728
90.648
56.016
48.88
26.304
32.592
39.592
38.592
32.728
67.928
27.44
101.568
27.44
62.592
61.736
40.592
37.016
37.016
30.44
30.728
37.44
37.304
51.88
30.728
64.312
38.2
31.288
90.376
29.016
39.016
29.728
41.304
36.728
29.728
32.728
30.728
74.696
120.784
118.792
66.64
44.128
63.792
31.728
139.776
39.304
60.88
34.728
34.728
26.44
29.44
176.176
35.728
29.44
43.592
28.44
52.592
30.44
88.32
30.728
64.304
62.592
50.728
47.592
79.544
34.728
32.728
79.168
30.728
143.544
49.88
27.152
35.44
32.016
33.728
30.728
32.216
38.304
70.032
46.592
28.44
30.728
34.728
30.728
79.448
26.44
36.728
129.256
30.44
28.44
37.728
36.728
32.016
129.928
63.976
73.888
62.544
70.456
26.44
84.36
92.944
32.44
29.44
38.592
37.592
34.728
30.728
44.216
28.728
32.016
30.44
40.304
32.016
37.104
46.88
26.592
130.08
27.152
30.896
38.592
106.896
42.304
36.728
63.88
34.016
36.728
45.304
36.728
35.728
28.44
33.728
101.792
42.728
29.728
32.016
35.44
29.44
41.304
33.016
68.08
29.728
49.88
99.224
53.88
65.816
44.304
37.304
34.016
29.44
31.016
31.728
26.152
65.88
30.728
47.592
26.44
37.016
44.304
65.976
57.64
43.304
32.016
31.728
40.304
54.304
59.592
29.44
54.016
85.264
33.728
57.352
35.016
85.216
42.88
38.304
36.016
29.44
29.272
42.592
34.728
29.44
47.016
92.272
128.736
66.832
34.304
68.08
45.88
27.152
67.016
89.024
30.44
51.456
38.304
34.056
30.728
37.016
72.168
61.304
31.016
45.592
44.88
34.016
26.152
32.304
35.728
55.216
63.904
74.032
33.728
29.016
84.552
39.304
62.304
32.728
49.168
70.456
41.304
28.152
87.36
36.048
66.88
29.44
39.728
65.592
28.68
34.016
46.304
29.728
65.36
26.152
28.728
40.168
80.744
29.728
58.024
45.016
32.728
26.44
62.688
31.728
32.304
41.592
31.016
30.728
43.592
63.832
69.88
28.168
41.592
42.592
30.88
56.456
26.152
39.728
37.016
54.104
33.728
32.728
29.44
68.128
43.016
83.88
89.168
46.016
29.44
30.728
70.168
54.88
34.592
65.36
27.152
46.016
44.016
36.728
27.44
69.072
120.352
32.016
34.304
28.592
32.016
119.92
47.016
39.728
30.728
66.168
45.88
30.728
36.728
49.168
31.728
30.44
32.016
56.304
64.12
28.704
57.448
40.016
27.728
30.44
33.304
36.728
38.016
119.256
52.304
30.44
30.44
29.44
64.072
27.152
86.928
83.744
32.304
261.4
32.304
33.904
64.192
27.44
35.728
31.728
37.016
57.688
33.016
47.592
35.304
31.992
100.68
37.304
43.592
30.728
29.816
61.832
26.44
63.688
32.728
30.44
39.592
30.304
42.592
78.456
30.744
28.632
40.304
51.304
73.744
43.304
28.152
32.304
35.304
28.44
39.728
30.728
37.168
30.728
32.016
37.016
42.304
47.88
52.768
36.728
63.928
89.368
26.152
63.736
30.44
45.016
84.904
60.016
27.152
31.016
42.016
40.728
32.016
26.44
83.36
29.44
26.152
42.304
30.728
27.152
28.728
66.312
37.304
50.88
42.304
57.784
57.456
87.12
92.256
27.152
42.304
32.44
57.736
32.728
26.152
36.016
41.592
26.44
31.728
32.016
68.832
32.304
46.592
46.592
57.68
130.696
61.904
47.592
31.016
144.648
30.728
32.304
66.168
29.44
31.744
30.44
46.368
31.728
46.304
30.728
30.728
61.304
57.736
41.304
51.88
46.016
34.08
34.304
77.84
30.728
30.44
38.592
42.304
32.016
30.728
26.44
63.88
30.728
30.728
30.44
45.016
98.84
84.976
63.736
85.072
33.76
33.016
33.016
66.64
30.928
140.488
45.016
35.728
32.728
56.016
44.016
32.304
28.728
32.44
29.016
57.928
37.016
38.016
74.32
32.016
32.728
42.592
36.792
29.728
82.816
41.104
26.152
36.016
37.728
92.504
57.4
37.288
49.592
29.44
47.728
37.016
57.616
71.168
42.304
72.36
61.88
30.728
28.728
32.728
62.504
37.592
38.304
45.88
32.728
30.568
99.04
32.016
37.44
29.44
31.728
34.728
54.304
52.592
63.88
76.36
35.016
30.44
113.528
75.416
30.44
63.072
41.592
37.016
28.904
39.88
30.44
66.88
75.168
88.216
29.44
46.592
31.016
30.44
42.728
30.728
27.44
42.592
35.592
29.44
64.88
29.44
46.016
39.592
30.728
29.44
146.056
27.44
67.504
64.312
47.168
80.304
32.464
81.216
31.728
44.016
39.728
30.992
34.016
28.44
28.44
30.44
62.592
29.44
52.88
43.304
57.88
105.792
32.728
32.728
44.88
88.544
30.728
32.728
35.728
42.88
89.84
134.104
26.392
32.016
44.304
30.44
35.44
79.368
35.016
41.016
68.688
31.016
32.504
33.992
37.728
39.728
58.016
91.176
31.728
35.728
28.44
70.592
82.88
57.968
37.88
28.44
30.44
32.016
37.016
40.016
44.592
35.728
43.016
68.544
30.728
39.304
28.152
33.728
31.616
26.152
33.728
76.88
67.024
49.704
39.728
30.44
42.744
30.728
55.016
42.304
44.992
28.728
26.152
45.016
30.728
39.016
73.168
31.304
30.728
30.728
67.312
38.8
47.488
46.744
32.016
29.728
49.304
132.632
72.944
26.152
31.728
62.744
30.728
50
28.616
33.728
66.312
40.08
36.728
56.304
65.88
169.256
30.728
29.728
32.728
92.944
30.44
29.728
42.304
34.728
44.016
31.44
28.728
26.152
68.264
66.456
27.152
45.592
56.68
27.44
44.88
37.016
42.592
28.728
26.44
45.304
55.592
28.728
38.304
44.304
37.016
38.88
32.304
63.832
29.44
27.44
26.44
30.44
39.016
39.304
30.44
26.44
29.44
30.728
33.728
49.592
30.68
28.44
146.016
50.416
37.728
36.728
30.44
67.32
32.728
89.896
82.816
32.728
29.44
32.128
34.304
29.728
120.92
63.544
34.016
40.016
33.016
38.304
105.024
40.728
34.016
61.688
38.016
28.728
61.544
63.88
34.32
26.44
38.728
33.304
37.016
29.44
37.728
32.016
67.104
28.44
62.328
39.816
32.44
56.168
97.28
38.728
30.728
59.688
31.728
30.816
86.888
38.016
28.704
88.84
30.728
28.44
37.88
38.304
30.728
57.256
32.728
118.256
140.976
28.44
37.056
70.456
39.728
29.728
47.304
39.728
73.264
59.456
65.928
36.016
49.304
95.368
26.152
46.592
45.728
69.896
29.728
38.416
34.304
66.024
42.592
41.592
40.728
28.44
55.016
30.728
35.728
40.728
100.272
29.728
30.96
26.448
53.168
51.672
41.304
61.256
30.728
61.688
33.016
32.016
33.016
29.728
33.728
121.616
57.592
35.728
27.44
57.168
49.456
35.44
39.304
189.88
32.016
29.728
28.816
57.592
27.152
37.304
61.592
39.592
75.168
32.016
30.728
37.304
31.304
30.728
32.016
30.728
30.44
38.016
133.024
37.304
54.304
33.728
30.44
38.88
35.44
53.88
31.728
75.744
45.592
30.728
29.504
86.504
31.016
35.016
38.016
34.728
57.784
44.016
27.44
33.728
44.88
52.304
65.592
55.08
34.728
39.728
36.728
41.728
26.44
32.728
104.12
81.928
95.688
31.728
37.016
39.728
28.728
65.928
28.728
35.304
36.792
28.44
38.304
27.44
28.44
51.592
31.48
44.88
29.728
30.44
30.728
28.152
46.304
73.936
32.016
27.44
93.32
39.88
28.44
92.176
30.896
28.152
72.84
26.44
51.168
26.44
55.592
43.016
42.304
149.504
66.072
33.016
40.304
39.016
64.592
30.728
34.616
85.264
30.44
84.664
87.128
37.016
28.152
42.88
33.304
29.016
28.728
75.84
33.016
37.016
70.88
35.168
52.256
88.272
30.728
51.168
68.784
152.2
35.304
34.016
117.736
37.592
29.48
57.4
32.304
26.488
37.576
28.728
30.44
85.744
26.44
32.728
41.592
42.168
28.152
43.88
33.016
30.44
66.88
37.304
27.152
29.728
29.44
83.816
57.64
77.456
30.944
52.744
29.304
95.616
29.728
96.368
35.016
31.016
113.84
76.456
35.728
54.304
85.656
116.992
83.736
28.152
31.44
41.592
43.016
61.528
54.016
31.44
43.016
26.152
46.016
30.728
33.792
49.68
28.728
64.88
32.016
45.168
26.44
50.88
33.728
60.448
44.016
62.784
50.88
57.256
145.36
32.848
29.728
28.728
32.728
29.016
32.016
30.44
28.152
140.84
31.016
28.728
50.744
54.632
28.52
61.304
44.728
32.016
38.016
26.152
31.728
30.44
35.016
36.728
69.36
47.136
83.176
30.728
44.304
71.168
30.656
37.304
29.44
38.016
29.44
31.016
110.344
90.32
30.728
26.216
76.032
29.44
119.688
32.44
62.36
39.848
27.728
28.44
26.152
34.84
30.44
30.728
27.44
31.728
45.592
30.44
34.728
29.44
30.728
28.616
96.104
100.176
67.36
30.728
32.304
42.592
32.016
42.44
29.728
29.728
61.784
36.728
41.304
35.016
61.976
31.728
39.592
30.728
82.016
66.12
37.016
44.592
58.168
30.44
79.928
33.728
59.592
35.728
38.016
30.44
61.016
33.728
28.728
34.016
38.016
32.728
170.616
32.016
29.44
52.88
32.016
28.44
75.744
54.456
43.592
42.88
69.216
39.016
42.88
51.304
35.992
30.44
32.016
29.44
40.728
30.016
82.024
38.016
95.4
39.016
31.728
32.728
36.016
40.016
42.88
29.728
29.728
91.56
29.44
67.888
61.592
42.88
61.304
30.728
47.304
34.592
28.44
30.304
35.016
37.592
28.728
29.44
28.728
43.728
27.44
26.528
85.024
87.36
41.728
38.416
37.256
59.016
102.528
84.936
66.976
60.592
68.88
99.96
28.44
37.304
55.592
28.152
87.616
26.44
33.016
46.016
42.704
36.44
41.528
29.728
61.64
26.152
30.44
27.152
30.44
59.528
47.592
89.032
37.016
63.976
37.44
31.728
34.304
32.016
130.032
31.728
26.152
31.016
70.904
32.792
43.016
57.64
35.44
97.12
64.312
82.104
31.728
30.728
30.728
30.44
68.976
78.84
28.728
131.144
55.168
26.152
29.016
40.592
62.88
35.728
51.88
30.728
97.512
42.304
32.016
42.592
68.216
26.504
31.728
59.456
29.744
26.152
31.016
66.312
28.44
59.032
35.44
51.592
32.016
32.44
31.728
58.304
33.728
30.728
55.016
43.592
57.544
83.216
31.728
29.728
93.616
34.728
28.44
30.728
27.152
32.728
29.44
40.528
60.304
26.44
63.976
39.728
26.152
26.44
30.728
33.016
36.728
39.304
36.592
31.016
29.44
31.44
96.016
31.728
29.44
66.312
26.44
132.384
37.016
37.304
42.88
33.728
56.016
34.304
45.728
79.408
32.728
30.728
26.152
49.016
39.704
59.64
41.728
48.016
30.304
100.496
46.016
130.328
26.152
30.728
42.304
27.728
38.016
29.44
40.016
57.688
26.44
46.304
38.304
29.728
44.168
47.592
90.032
39.728
35.728
32.304
33.728
83.216
27.152
42.592
63.032
130.072
88.784
35.44
26.152
57.304
32.728
37.016
26.152
30.728
49.168
38.456
84.6
29.728
28.728
89.32
33.016
87.304
30.728
30.728
29.44
36.928
30.728
29.44
92.408
32.016
57.304
79.168
62.784
30.728
27.152
28.152
30.728
51.376
75.456
26.152
42.592
69.168
53.456
30.944
34.016
30.44
61.592
92.08
29.44
128
50.168
41.304
32.016
43.304
38.304
84.192
44.88
26.44
44.592
35.016
66.392
32.44
39.728
36.728
27.44
45.88
42.304
57.256
63.08
50.592
41.504
39.304
30.44
35.44
57.256
30.728
39.88
43.304
30.728
34.728
46.592
28.44
31.728
34.304
38.592
34.592
66.36
30.648
32.304
38.592
28.44
129.496
32.728
61.816
30.44
41.304
37.016
38.304
88.32
55.304
36.592
34.728
32.304
39.792
54.592
34.016
32.016
38.016
42.592
56.08
30.728
35.44
76.472
37.16
79.648
44.304
34.728
33.016
31.016
28.728
31.728
28.44
41.304
52.456
123.648
28.44
28.44
51.728
61.352
40.016
38.84
30.728
32.304
39.728
138.296
51.168
26.152
46.88
50.304
43.88
30.728
31.016
110.824
37.016
34.016
64.072
38.016
29.44
32.016
37.104
26.592
65.832
29.44
41.016
34.88
29.44
30.928
34.728
63.592
37.728
30.728
69.456
63.688
89.12
37.576
71.464
30.952
49.592
34.28
26.168
32.016
63.592
33.016
28.728
33.728
69.456
47.88
37.016
87.744
49.592
37.304
28.44
100.32
38.016
39.88
31.728
34.416
31.016
69.744
44.88
31.016
44.304
30.728
26.216
30.728
89.128
94.6
51.456
35.44
78.504
30.728
61.784
63.272
29.96
30.728
96.936
27.44
29.44
43.592
35.728
37.016
51.304
56.304
34.016
30.44
32.016
36.728
136.24
35.728
27.44
31.728
32.304
91.304
74.024
26.152
37.016
41.016
61.592
38.176
38.304
27.44
78.888
79.032
31.016
43.016
103.136
42.88
105.408
38.304
32.728
37.016
30.728
33.728
41.016
43.592
57.456
87.264
32.304
35.016
29.016
65.976
29.728
29.728
66.168
116.776
40.304
83.592
106.6
35.728
37.216
46.592
28.44
61.592
69.168
42.304
35.304
87.504
68.32
60.528
71.072
40.392
38.304
29.728
44.592
36.728
35.816
39.592
30.44
61.88
39.304
45.592
57.304
32.304
37.192
44.88
37.016
30.728
26.152
62.592
44.304
96.704
38.016
32.304
84.192
64.592
32.016
28.728
30.728
90.504
119.16
51.048
46.304
110.616
31.728
47.016
30.728
35.016
74.168
33.728
28.728
48.592
28.48
26.392
61.304
33.728
55.592
51.168
40.016
121.968
30.44
60.592
41.592
28.728
31.728
41.592
31.08
30.728
115.016
29.44
84.984
63.168
35.016
58.456
30.44
34.304
28.44
131.192
31.88
27.44
31.728
55.016
26.44
26.152
40.016
31.016
34.728
29.44
46.016
148.304
62.544
26.152
29.44
81.448
98.272
75.408
85.36
38.304
71.072
28.152
60.592
62.168
28.152
33.728
39.728
34.016
152.656
28.44
34.304
27.728
58.456
32.016
35.304
56.016
35.016
44.304
45.728
57.592
36.728
28.44
38.592
60.456
100.68
38.592
38.592
60.032
33.016
34.88
71.264
38.88
30.44
61.928
32.216
26.44
56.728
91.656
57.688
28.44
50.728
30.616
28.44
27.728
34.304
42.88
33.728
41.592
68.456
100.688
66.928
34.728
71.456
56.304
102.32
39.304
65.072
38.304
71.456
38.144
62.88
32.728
66.456
29.544
32.232
38.592
38.016
30.44
27.44
62.12
50.408
44.304
66.168
49.592
32.728
30.44
43.304
66.392
42.728
29.016
69.264
44.304
59.448
32.016
27.44
30.728
74.032
37.728
45.304
28.44
57.304
81.4
53.592
38.304
42.016
37.304
51.816
71.648
41.304
28.44
35.304
37.016
40.728
53.016
33.728
109.792
68.08
83.88
38.592
29.44
82.072
36.76
28.152
32.728
26.152
37.016
82.072
57.64
74.456
33.728
30.728
26.152
37.728
32.728
121.448
29.44
151.368
62.216
66.616
73.456
93.12
31.008
40.728
27.728
29.44
33.728
56.88
75.408
39.592
86.968
28.456
57.304
28.728
64.832
34.592
56.744
30.728
29.728
31.728
61.928
43.592
91.464
37.016
34.304
32.192
60.016
28.44
36.728
77.168
55.456
82.592
43.016
28.152
38.016
30.84
54.016
32.016
35.728
26.44
32.016
31.104
71.68
61.592
64.168
129.648
43.304
30.44
88.264
38.016
115.272
30.728
26.216
28.728
88.816
75.84
30.728
37.016
38.504
31.728
65.168
38.88
28.44
31.728
77.792
30.44
35.016
35.016
40.104
59.48
46.88
33.728
70.216
161.536
67.024
29.728
29.016
54.168
44.016
31.728
40.304
94.32
115.112
30.44
105.272
28.44
37.728
47.88
30.728
36.016
33.728
51.88
39.728
32.44
30.44
29.728
63.88
67.264
91.6
30.44
29.528
48.536
114.728
36.304
57.688
31.016
29.44
56.168
26.456
28.728
46.592
39.728
63.736
26.152
29.016
63.168
94.608
30.728
39.016
91.32
30.44
28.44
81.4
95.456
32.304
28.152
50.04
59.168
31.728
42.816
36.016
31.016
143.496
38.184
95.84
31.728
38.016
30.728
46.304
26.152
63.976
31.864
27.44
42.304
38.016
34.592
38.016
32.728
29.728
50.416
54.304
29.016
41.28
32.016
32.016
30.44
65.032
41.304
31.016
78.744
30.44
28.728
32.728
46.304
44.304
29.728
39.592
35.728
65.88
30.44
30.728
35.44
32.016
29.44
46.304
41.592
36.016
72.6
41.304
126.952
28.44
39.592
49.304
37.016
31.016
78.504
44.304
60.304
36.728
26.152
49.88
148.56
57.368
29.728
37.016
53.456
26.152
30.44
61.88
39.304
54.304
37.016
91.848
110.648
39.728
33.016
37.016
31.728
32.44
42.304
31.792
69.456
30.728
40.728
35.728
51.168
32.304
35.016
36.728
83.544
48.88
41.304
30.792
38.016
58.456
57.832
31.016
38.304
80.168
53.304
38.304
35.304
31.016
30.44
91.272
90.36
34.728
58.592
84.072
49.304
44.016
39.016
38.016
33.728
28.152
29.64
92.704
32.016
49.88
44.304
36.728
43.304
33.016
28.44
57.736
37.016
40.92
55.168
38.304
32.728
55.016
34.728
125.544
38.304
37.728
81.448
29.44
42.88
29.016
28.44
61.352
31.016
95.896
38.88
54.768
44.256
84.408
30.728
57.784
35.696
137.36
27.248
32.304
82.544
30.728
59.168
154.256
32.016
62.304
40.992
44.304
53.88
39.728
60.168
32.44
65.12
34.304
118.496
31.728
29.016
37.592
59.544
55.304
35.304
28.392
30.44
47.592
30.728
67.504
36.728
33.016
30.904
30.44
31.728
30.728
40.304
31.44
68.456
30.728
30.728
148.488
28.616
43.304
95.192
37.304
39.728
30.728
40.304
32.016
28.704
60.88
36.304
97.84
45.304
73.456
72.168
58.056
43.944
40.304
31.016
33.016
83.704
30.728
97.36
30.44
62.928
37.016
97.88
29.44
71.456
48.016
43.592
67.88
64.072
34.728
61.64
121.68
65.592
28.68
40.304
47.88
45.592
111.768
44.856
38.016
65.88
44.728
35.728
30.728
35.016
33.016
32.44
56.016
28.728
60.784
38.44
32.44
53.168
81.448
31.016
28.904
56.016
32.016
29.016
51.88
30.44
64.744
104.744
84.88
45.728
62.88
85.968
49.304
26.152
30.44
48.88
97.168
39.728
57.736
72.6
32.016
40.728
62.544
46.168
80.056
41.592
27.44
38.44
39.928
29.44
29.728
37.304
33.992
36.728
39.016
28.728
30.304
33.304
37.304
36.728
64.616
38.728
34.216
32.104
34.568
28.44
125.136
37.304
72.168
31.728
70.88
38.592
81.168
26.44
30.728
26.44
39.592
28.152
37.728
66.552
42.592
78.88
85.168
46.304
107.792
57.688
30.016
107.8
97.84
49.592
35.728
38.88
42.304
36.728
55.08
42.592
46.592
33.728
32.728
39.304
30.44
81.4
55.288
73.6
30.44
26.152
80.256
57.456
33.744
30.44
38.016
45.592
70.456
45.168
51.728
30.44
26.152
32.44
34.592
33.728
29.44
42.592
38.44
31.016
37.592
29.728
35.728
63.736
97.896
102.12
33.016
31.728
30.816
97.016
135.704
34.304
79.744
31.728
26.44
31.728
177.072
29.44
74.168
34.728
70.928
32.304
44.592
28.152
29.64
29.44
32.016
50.728
36.728
41.592
62.28
73.12
39.808
117.4
41.304
29.728
30.44
38.304
44.592
72.32
34.728
30.728
83.88
41.016
46.592
28.44
44.304
51.88
27.152
66.08
30.728
39.704
38.016
45.592
31.728
56.168
62.456
29.44
49.592
43.592
30.44
26.152
36.304
30.728
61.456
28.44
45.016
39.592
117.688
95.84
74.504
38.016
31.016
28.152
32.304
44.304
29.44
33.016
42.592
98.52
51.168
122.592
30.728
104.072
34.016
30.44
72.456
29.728
34.592
33.592
37.48
30.728
32.216
30.728
44.216
68.592
28.44
29.44
32.304
36.728
46.304
31.016
65.264
89.832
40.304
69.304
33.728
36.016
30.728
29.728
28.728
37.016
37.016
32.304
44.304
30.728
35.728
39.592
66.016
59.544
61.88
53.88
55.304
60.592
57.4
69.88
57.352
115.776
64.152
75.696
82.032
153.136
