27.2
26.152
26.152
29.016
26.152
26.152
26.152
31.888
26.176
26.152
26.152
26.152
33.76
26.152
26.152
26.152
26.152
26.152
26.152
26.152
36.688
26.176
26.152
26.152
26.152
26.152
26.152
26.152
26.152
26.152
26.152
40.784
26.152
26.152
26.152
26.152
26.152
26.152
45.184
26.272
26.152
47.056
26.152
47.4
26.152
26.152
26.152
50.272
26.152
26.152
53.2
26.152
26.152
26.152
55.6
54.416
26.152
26.152
56.232
57.576
26.152
26.152
26.152
26.152
61.504
26.152
26.152
62.44
62.136
64.48
26.152
26.152
66.04
26.152
66.64
65.456
26.152
26.152
67.272
67.088
26.152
26.152
26.152
26.152
70.432
26.32
26.152
70.304
26.152
26.152
26.152
26.152
73.648
26.152
26.152
26.152
74.992
73.808
26.152
26.152
76.624
75.44
26.152
78.84
26.152
79.656
26.152
26.152
80.472
26.152
26.152
26.152
82.872
26.152
82.688
26.152
83.504
26.152
26.152
26.152
85.136
86.44
26.152
26.152
87.952
26.152
26.152
26.152
26.152
26.152
89.408
26.152
26.152
92.224
26.152
26.152
26.152
26.152
94.68
26.152
26.152
97.552
26.152
26.152
26.152
26.152
26.152
100.064
26.152
26.152
101.408
26.152
104.224
103.04
104.856
26.152
26.152
106.672
106.488
26.152
26.152
26.152
107.36
26.152
26.152
26.152
26.152
26.152
109.232
26.152
26.152
26.152
26.152
26.152
113.632
26.32
114.448
26.152
26.152
114.848
26.152
26.152
26.152
26.152
26.152
26.152
26.152
119.248
26.152
119.12
26.152
26.152
26.152
26.152
122.464
123.864
26.152
26.152
26.152
126.736
26.152
128.136
26.152
26.152
128.48
26.152
131.296
26.152
26.152
132.112
26.152
132.928
26.416
26.152
132.272
26.152
26.152
26.152
134.616
26.152
26.152
136.488
26.152
136.304
26.152
26.152
137.12
26.152
139.992
26.152
140.808
26.152
26.152
141.68
26.152
26.152
26.152
145.24
26.152
145.84
26.152
145.184
26.152
146
26.152
26.152
147.816
26.152
26.152
148.688
149.504
26.152
26.152
26.152
26.152
26.152
26.152
26.152
26.152
26.152
156.128
26.152
156.944
26.152
26.152
26.152
26.152
26.152
160.344
160.16
26.152
26.152
162.032
26.152
26.152
164.96
26.152
26.152
168.36
26.152
169.176
26.152
170.048
26.152
26.152
26.152
26.152
26.152
173.448
174.264
26.152
175.08
26.152
175.896
26.152
177.712
177.528
26.152
179.344
26.152
26.152
180.744
180.56
26.152
26.152
181.376
26.152
184.72
26.152
26.152
186.592
185.936
26.152
26.152
188.752
26.152
26.152
26.152
190.736
26.152
26.152
26.152
26.152
26.152
195.664
195.48
26.152
26.152
26.152
197.88
197.696
26.152
26.152
200.04
199.856
200.672
26.152
202.544
26.152
26.152
26.152
205.36
26.152
26.152
26.152
26.152
205.76
26.152
26.152
208.576
26.152
210.976
26.152
26.152
26.152
213.376
213.192
26.152
26.152
26.152
214.536
26.152
215.88
26.152
26.152
216.752
218.568
26.152
219.384
26.152
26.152
221.2
222.544
26.152
26.152
223.944
26.152
224.76
26.152
225.632
26.152
226.448
229.848
26.152
26.152
26.152
26.152
232.776
233.592
26.152
26.152
233.936
26.152
26.152
26.152
236.28
26.152
238.096
238.912
26.152
26.152
26.152
240.784
239.6
26.272
26.152
241.416
241.232
242.048
26.152
26.152
26.152
244.92
246.736
246.552
26.152
247.368
26.152
26.152
248.712
250.056
26.152
26.152
250.872
250.688
26.152
26.152
26.152
252.032
26.152
26.152
26.152
26.152
256.96
26.152
258.04
26.152
26.152
258.12
26.152
26.152
259.992
26.152
26.152
26.152
261.808
260.624
262.44
26.152
26.152
26.152
263.312
26.152
264.128
26.152
26.152
267.472
267.288
26.152
26.152
26.152
270.16
26.152
271.24
26.152
271.32
272.136
26.152
26.152
273.952
26.152
26.152
274.84
26.152
26.152
276.64
26.152
277.456
26.152
278.8
280.144
26.152
279.488
26.152
26.152
282.832
283.648
283.464
26.152
285.28
26.368
26.152
285.152
285.968
26.152
287.312
26.152
26.152
290.656
26.152
291.528
26.152
292.344
26.152
26.152
26.152
295.24
296.032
26.152
26.152
295.904
26.152
298.84
26.152
26.152
299.064
26.152
26.152
300.88
26.368
300.696
26.152
301.512
301.328
26.152
26.152
302.672
26.152
305.488
26.152
26.152
26.152
26.152
26.152
26.152
310.528
26.416
26.152
310.872
26.152
312.216
312.032
26.152
313.848
26.152
26.152
314.664
316.48
315.296
317.168
26.152
26.152
319.512
26.152
26.152
26.152
26.152
26.152
321.44
26.152
26.152
324.256
26.152
325.24
26.152
326.944
26.152
26.152
327.76
327.576
328.392
26.152
328.208
26.152
26.152
26.152
26.152
26.152
26.152
332.608
26.152
26.152
332.24
333.64
26.152
26.152
333.584
335.928
26.152
26.152
337.744
337.56
26.152
26.152
339.904
26.152
26.152
341.248
340.064
341.408
26.152
341.936
26.152
26.152
343.888
26.152
26.152
341.936
26.152
343.936
343.888
26.176
26.152
26.152
26.152
26.152
341.936
26.152
343.888
26.152
26.152
26.152
26.152
26.152
26.152
26.152
26.152
26.152
26.152
26.152
342.936
341.888
26.152
26.152
26.152
343.936
342.888
26.152
26.152
26.152
342.936
26.152
26.152
26.152
26.152
26.152
26.152
343.936
342.888
26.152
26.152
26.152
342.936
26.152
343.888
26.176
26.152
26.152
343.888
26.152
342.936
26.152
342.888
26.152
26.152
26.152
26.152
342.888
26.152
26.152
26.152
26.152
26.152
343.888
26.152
26.152
343.936
343.936
26.152
26.152
26.152
342.888
26.152
26.152
26.152
342.936
26.152
341.888
26.152
342.936
26.152
342.888
26.152
26.152
26.152
26.152
26.152
343.936
26.224
26.152
26.152
343.888
26.176
26.152
341.936
26.152
341.888
26.152
26.152
26.152
26.152
26.152
26.152
26.152
26.152
26.152
26.152
26.152
26.152
341.936
26.152
342.888
26.152
26.152
26.152
341.936
26.152
26.152
26.152
26.152
26.152
26.152
26.152
342.936
26.152
341.888
26.152
26.152
26.152
343.936
342.888
26.152
26.152
26.152
26.152
26.152
26.152
343.936
342.888
26.152
26.152
26.152
26.152
26.152
26.152
26.152
26.152
26.152
26.152
26.152
342.888
26.152
26.152
26.152
26.152
26.152
26.152
26.152
26.152
341.936
26.152
341.888
26.152
26.152
26.152
26.152
342.888
26.152
26.152
26.152
342.888
26.152
26.152
26.152
26.152
341.936
342.888
26.152
26.152
26.152
26.152
26.152
343.888
26.152
343.888
26.176
26.152
26.152
26.152
343.888
26.152
26.152
26.152
341.936
26.152
26.152
26.152
26.152
26.152
341.936
26.152
342.888
26.152
26.152
26.152
343.936
343.888
26.152
341.888
26.152
26.152
26.152
26.152
26.152
343.936
26.224
26.152
26.152
342.936
342.888
26.152
26.152
341.936
26.152
26.152
343.888
26.176
342.936
26.152
26.152
26.152
26.152
26.152
342.936
26.152
342.888
26.152
26.152
26.152
26.152
343.888
26.152
26.152
26.152
26.152
26.152
341.936
26.152
26.152
26.152
341.936
26.152
26.152
343.888
26.176
26.152
26.152
343.936
26.224
343.888
26.152
26.152
26.152
26.152
26.152
26.152
26.152
26.152
26.152
343.888
26.152
26.152
26.152
26.152
26.152
26.152
26.152
343.888
26.152
26.152
342.888
26.152
26.152
26.152
26.152
26.152
26.152
26.152
26.152
26.152
26.152
26.152
26.152
26.152
26.152
26.152
341.888
26.152
26.152
26.152
26.152
26.152
26.152
342.936
342.888
26.152
26.152
26.152
341.888
26.152
26.152
341.936
26.152
343.888
26.176
26.152
26.152
26.152
342.888
26.152
26.152
26.152
342.936
341.888
26.152
26.152
26.152
26.152
26.152
26.152
342.888
26.152
26.152
341.936
342.888
26.152
26.152
26.152
26.152
341.888
26.152
26.152
26.152
26.152
26.152
26.152
26.152
341.888
26.152
26.152
26.152
26.152
341.888
26.152
342.936
26.152
26.152
26.152
26.152
341.936
26.152
342.888
26.152
26.152
343.936
26.152
26.152
26.152
341.888
26.152
26.152
26.152
26.152
26.152
26.152
342.888
26.152
26.152
343.888
26.152
26.152
341.936
26.152
26.152
26.152
26.152
26.152
343.936
342.888
26.224
26.152
26.152
26.152
26.152
26.152
26.152
26.152
26.152
343.888
26.176
26.152
26.152
26.152
26.152
26.152
341.936
26.152
26.152
26.152
26.152
26.152
26.152
26.152
26.152
26.152
26.152
341.936
26.152
26.152
26.152
26.152
26.152
26.152
341.936
26.152
26.152
26.152
342.936
26.152
26.152
26.152
26.152
26.152
343.888
26.152
26.152
26.152
343.888
26.152
26.152
342.936
343.936
26.224
26.152
26.152
26.152
343.936
26.224
343.888
26.176
26.152
26.152
26.152
26.152
26.152
26.152
341.936
26.152
26.152
26.152
26.152
26.152
26.152
26.152
341.888
26.152
26.152
26.152
26.152
342.936
26.152
26.152
26.152
26.152
342.936
26.152
343.888
26.152
26.152
343.888
26.176
26.152
26.152
26.152
26.152
343.936
26.224
26.152
26.152
26.152
343.888
26.176
26.152
26.152
342.936
26.152
341.888
26.152
26.152
26.152
26.152
26.152
342.888
26.152
26.152
342.936
26.152
341.888
26.152
26.152
26.152
26.152
26.152
26.152
26.152
26.152
343.936
26.224
26.152
26.152
342.936
26.152
26.152
26.152
342.936
341.888
26.152
26.152
26.152
341.936
26.152
342.888
26.152
26.152
26.152
26.152
26.152
26.152
343.936
26.224
343.888
26.176
343.936
26.152
26.152
26.152
26.152
26.152
341.888
26.152
26.152
26.152
341.936
26.152
341.888
26.152
26.152
341.936
342.888
26.152
26.152
26.152
26.152
341.936
26.152
343.888
26.152
341.936
26.152
342.888
26.152
26.152
26.152
343.936
26.224
26.152
26.152
26.152
343.936
26.224
26.152
343.936
26.224
26.152
26.152
26.152
26.152
26.152
341.888
26.152
26.152
26.152
343.936
342.888
26.224
26.152
26.152
26.152
26.152
26.152
26.152
26.152
26.152
343.888
26.176
26.152
26.152
341.936
26.152
343.888
26.152
26.152
343.936
342.888
26.152
26.152
26.152
26.152
26.152
26.152
26.152
343.936
26.152
26.152
343.888
26.152
26.152
26.152
26.152
26.152
26.152
26.152
26.152
26.152
26.152
342.888
26.152
26.152
26.152
341.936
26.152
342.888
26.152
26.152
26.152
341.936
26.152
26.152
26.152
26.152
26.152
342.936
26.152
26.152
26.152
26.152
26.152
26.152
26.152
26.152
343.888
26.152
341.936
26.152
26.152
26.152
341.936
26.152
26.152
26.152
26.152
343.936
26.152
26.152
26.152
26.152
26.152
26.152
26.152
26.152
26.152
26.152
26.152
26.152
26.152
26.152
26.152
26.152
26.152
26.152
26.152
26.152
26.152
342.936
26.152
342.888
26.152
26.152
26.152
26.152
26.152
26.152
26.152
26.152
26.152
26.152
26.152
26.152
26.152
341.936
26.152
26.152
343.888
26.176
26.152
26.152
26.152
26.152
26.152
26.152
343.888
26.152
26.152
343.936
26.224
26.152
26.152
26.152
342.888
26.152
26.152
343.936
26.224
26.152
26.152
26.152
26.152
26.152
26.152
341.888
26.152
26.152
26.152
341.936
26.152
26.152
26.152
26.152
26.152
26.152
26.152
26.152
26.152
26.152
26.152
341.936
26.152
26.152
341.936
343.888
26.152
342.888
26.152
26.152
343.888
26.152
26.152
342.888
26.152
26.152
26.152
341.936
26.152
343.888
26.176
341.936
26.152
26.152
26.152
341.888
26.152
26.152
26.152
26.152
26.152
26.152
343.888
342.888
26.152
26.152
341.936
26.152
26.152
26.152
26.152
342.936
26.152
26.152
343.888
26.176
26.152
26.152
26.152
341.936
26.152
26.152
341.936
26.152
26.152
26.152
26.152
26.152
342.936
343.888
26.152
26.152
26.152
26.152
26.152
26.152
341.888
26.152
26.152
26.152
26.152
26.152
26.152
341.936
26.152
342.888
26.152
26.152
26.152
26.152
26.152
26.152
341.888
26.152
26.152
26.152
26.152
26.152
26.152
26.152
341.936
26.152
26.152
26.152
26.152
342.888
26.152
26.152
341.936
26.152
26.152
26.152
26.152
26.152
26.152
26.152
26.152
26.152
26.152
26.152
26.152
26.152
26.152
342.936
26.152
342.888
26.152
26.152
26.152
26.152
341.888
26.152
26.152
26.152
341.936
26.152
26.152
26.152
26.152
342.888
26.152
26.152
342.936
26.152
342.888
26.152
26.152
26.152
342.936
26.152
26.152
26.152
26.152
26.152
343.936
342.936
341.888
26.152
26.152
26.152
26.152
26.152
26.152
26.152
26.152
343.936
342.888
26.152
26.152
26.152
26.152
343.936
343.888
26.152
26.152
26.152
343.936
343.888
26.152
342.936
343.888
26.152
342.936
26.152
342.888
26.152
26.152
341.936
341.888
26.152
26.152
26.152
342.936
26.152
26.152
343.888
26.152
26.152
341.888
26.152
26.152
342.936
26.152
342.888
26.152
26.152
26.152
342.888
26.152
26.152
26.152
26.152
26.152
26.152
26.152
26.152
343.888
26.176
26.152
26.152
343.936
342.888
26.224
26.152
26.152
26.152
341.888
341.936
342.888
26.152
26.152
26.152
26.152
26.152
26.152
26.152
26.152
343.936
26.224
26.152
26.152
26.152
341.888
26.152
26.152
26.152
26.152
26.152
26.152
341.888
343.936
26.224
26.152
26.152
26.152
26.152
26.152
26.152
26.152
26.152
26.152
26.152
26.152
26.152
26.152
341.936
26.152
26.152
343.936
26.224
26.152
343.936
26.152
26.152
26.152
26.152
342.888
26.152
26.152
26.152
341.936
343.888
26.152
342.936
26.152
26.152
26.152
26.152
26.152
342.888
26.152
26.152
26.152
26.152
26.152
26.152
26.152
26.152
342.888
26.152
26.152
26.152
341.888
26.152
26.152
26.152
343.936
26.152
26.152
26.152
342.888
26.152
26.152
26.152
26.152
26.152
343.936
343.888
26.152
26.152
342.936
341.888
26.152
26.152
26.152
342.936
26.152
26.152
26.152
341.936
26.152
342.888
26.152
26.152
26.152
26.152
26.152
341.936
26.152
342.888
26.152
26.152
341.888
341.936
343.888
26.152
26.152
26.152
26.152
341.936
26.152
26.152
26.152
26.152
26.152
26.152
341.936
26.152
26.152
26.152
26.152
342.888
26.152
26.152
26.152
26.152
26.152
26.152
26.152
343.888
26.176
26.152
26.152
26.152
26.152
26.152
26.152
26.152
26.152
343.888
26.176
26.152
343.936
342.888
26.224
26.152
26.152
26.152
26.152
26.152
26.152
26.152
26.152
26.152
26.152
26.152
26.152
26.152
26.152
26.152
342.888
26.152
26.152
26.152
26.152
26.152
342.936
26.152
342.888
341.936
26.152
26.152
342.936
342.888
26.152
26.152
26.152
341.936
26.152
343.888
26.152
26.152
342.936
26.152
26.152
26.152
26.152
343.936
26.224
26.152
26.152
26.152
342.936
26.152
341.888
26.152
26.152
26.152
343.888
26.176
26.152
26.152
26.152
342.936
341.888
26.152
26.152
341.936
26.152
26.152
26.152
26.152
342.888
26.152
26.152
26.152
341.936
342.888
26.152
26.152
342.888
26.152
26.152
26.152
26.152
343.936
26.152
26.152
341.936
26.152
26.152
26.152
26.152
342.888
26.152
26.152
26.152
341.888
26.152
26.152
26.152
26.152
26.152
26.152
26.152
26.152
342.888
26.152
341.936
26.152
26.152
342.936
26.152
26.152
26.152
26.152
26.152
343.888
26.176
26.152
341.936
26.152
26.152
26.152
26.152
26.152
26.152
26.152
341.888
343.936
26.224
26.152
341.936
26.152
342.888
26.152
342.936
26.152
26.152
26.152
342.936
26.152
26.152
26.152
26.152
26.152
26.152
26.152
26.152
26.152
26.152
26.152
26.152
26.152
342.936
26.152
26.152
26.152
342.888
26.152
26.152
26.152
343.888
26.152
26.152
26.152
343.936
343.888
26.176
26.152
26.152
342.936
341.888
26.152
26.152
26.152
26.152
26.152
26.152
26.152
341.888
26.152
26.152
26.152
26.152
26.152
26.152
26.152
26.152
342.936
341.888
26.152
26.152
26.152
26.152
343.936
26.224
26.152
26.152
26.152
26.152
343.888
26.152
26.152
343.936
26.224
343.888
26.152
26.152
343.936
26.224
26.152
26.152
342.936
26.152
26.152
26.152
26.152
26.152
343.888
26.176
26.152
342.936
26.152
26.152
26.152
26.152
26.152
343.936
342.888
26.152
26.152
26.152
341.888
343.936
26.224
26.152
26.152
26.152
342.888
26.152
26.152
26.152
343.936
26.224
343.888
26.152
343.936
26.224
26.152
26.152
26.152
341.936
341.888
26.152
341.936
26.152
26.152
26.152
26.152
341.936
341.888
26.152
26.152
26.152
26.152
26.152
26.152
26.152
343.888
26.176
26.152
342.936
26.152
343.888
26.152
26.152
26.152
26.152
341.936
26.152
343.888
342.936
26.152
342.888
26.152
26.152
26.152
341.888
26.152
342.936
26.152
26.152
342.936
26.152
26.152
26.152
26.152
342.936
26.152
343.888
26.152
26.152
26.152
26.152
342.888
26.152
26.152
26.152
26.152
26.152
26.152
26.152
26.152
26.152
341.888
26.152
343.888
26.152
341.888
26.152
26.152
26.152
343.936
26.224
343.888
26.176
26.152
26.152
343.888
26.152
26.152
342.936
26.152
342.888
26.152
26.152
343.936
26.224
26.152
26.152
26.152
26.152
26.152
26.152
26.152
26.152
26.152
341.888
26.152
26.152
26.152
26.152
26.152
26.152
343.936
26.152
26.152
341.936
26.152
26.152
26.152
26.152
26.152
26.152
26.152
26.152
26.152
26.152
26.152
26.152
26.152
26.152
341.936
26.152
26.152
26.152
26.152
26.152
26.152
26.152
26.152
26.152
343.888
26.176
26.152
26.152
341.936
26.152
342.888
26.152
26.152
343.936
342.888
26.152
26.152
342.888
26.152
341.888
343.936
26.224
26.152
26.152
26.152
341.936
26.152
26.152
343.936
342.888
26.224
26.152
26.152
26.152
341.936
26.152
26.152
26.152
26.152
342.936
26.152
26.152
341.936
26.152
26.152
26.152
26.152
26.152
26.152
26.152
341.936
26.152
343.888
26.176
26.152
342.936
26.152
26.152
26.152
26.152
343.936
26.152
26.152
342.936
26.152
26.152
26.152
26.152
26.152
26.152
341.888
26.152
26.152
26.152
343.936
343.888
26.176
26.152
26.152
26.152
343.888
26.176
26.152
26.152
26.152
26.152
26.152
26.152
342.936
26.152
26.152
26.152
26.152
341.936
26.152
26.152
26.152
26.152
26.152
26.152
26.152
26.152
26.152
343.936
342.888
26.152
342.936
26.152
343.888
26.176
26.152
26.152
26.152
26.152
26.152
342.936
26.152
343.888
26.152
26.152
343.936
343.888
26.152
26.152
26.152
26.152
26.152
26.152
26.152
26.152
26.152
26.152
26.152
342.888
26.152
26.152
26.152
343.936
26.224
26.152
26.152
341.888
26.152
26.152
26.152
26.152
26.152
26.152
343.936
26.224
26.152
26.152
26.152
26.152
341.888
26.152
26.152
26.152
26.152
26.152
342.888
26.152
26.152
26.152
26.152
26.152
343.936
26.152
343.936
343.888
26.152
26.152
26.152
341.888
26.152
26.152
341.888
26.152
26.152
26.152
341.888
26.152
26.152
26.152
342.888
26.152
26.152
342.936
341.888
343.888
26.152
26.152
26.152
26.152
26.152
26.152
342.936
341.888
26.152
26.152
26.152
343.936
26.224
26.152
26.152
341.936
26.152
26.152
26.152
26.152
341.936
26.152
341.888
26.152
26.152
26.152
343.888
26.152
26.152
26.152
341.936
26.152
342.888
26.152
26.152
26.152
343.936
342.888
26.224
342.936
26.152
26.152
26.152
342.888
26.152
26.152
26.152
26.152
26.152
26.152
26.152
341.888
26.152
26.152
26.152
341.936
26.152
343.888
26.176
26.152
342.888
26.152
26.152
342.936
26.152
341.888
26.152
26.152
26.152
26.152
26.152
26.152
26.152
26.152
342.888
26.152
26.152
26.152
26.152
26.152
341.888
26.152
26.152
26.152
342.888
26.152
26.152
341.936
341.888
26.152
26.152
26.152
341.936
26.152
26.152
342.936
26.152
26.152
26.152
26.152
26.152
341.888
343.936
26.152
26.152
26.152
26.152
341.888
26.152
26.152
26.152
26.152
26.152
26.152
26.152
341.936
26.152
26.152
26.152
26.152
26.152
341.936
26.152
26.152
26.152
26.152
26.152
26.152
26.152
26.152
26.152
342.888
26.152
26.152
26.152
26.152
26.152
26.152
26.152
26.152
26.152
26.152
26.152
26.152
26.152
26.152
26.152
342.936
26.152
26.152
342.936
26.152
342.888
26.152
26.152
26.152
342.936
342.888
26.152
26.152
26.152
26.152
26.152
26.152
26.152
343.936
26.224
26.152
26.152
26.152
342.888
26.152
26.152
26.152
26.152
26.152
26.152
26.152
26.152
341.936
342.888
26.152
26.152
342.936
26.152
26.152
343.888
26.152
341.888
26.152
26.152
341.936
26.152
26.152
26.152
26.152
26.152
26.152
26.152
26.152
26.152
26.152
343.888
26.176
26.152
26.152
343.888
26.176
26.152
26.152
26.152
26.152
26.152
26.152
342.888
26.152
26.152
343.936
26.152
342.936
26.152
342.888
26.152
26.152
26.152
26.152
342.936
26.152
26.152
26.152
343.888
26.176
26.152
26.152
26.152
26.152
26.152
26.152
26.152
343.888
26.176
26.152
26.152
341.888
26.152
26.152
26.152
26.152
26.152
26.152
26.152
343.936
342.888
26.152
26.152
26.152
342.888
343.936
26.152
26.152
26.152
341.936
26.152
26.152
343.888
26.152
342.936
26.152
26.152
26.152
26.152
341.936
26.152
342.936
26.152
343.888
26.152
341.888
26.152
26.152
343.936
26.152
26.152
26.152
26.152
26.152
341.936
26.152
26.152
26.152
26.152
343.888
26.176
26.152
26.152
26.152
342.936
26.152
26.152
26.152
26.152
26.152
341.888
26.152
26.152
26.152
26.152
343.888
26.176
26.152
26.152
341.936
26.152
342.888
26.152
26.152
26.152
26.152
343.888
26.176
26.152
26.152
26.152
342.936
26.152
26.152
26.152
342.936
26.152
26.152
26.152
26.152
26.152
26.152
26.152
341.936
26.152
26.152
342.936
26.152
26.152
341.936
26.152
26.152
26.152
26.152
26.152
342.888
26.152
26.152
26.152
26.152
26.152
26.152
26.152
26.152
26.152
343.936
343.888
26.176
341.888
26.152
343.936
26.224
343.888
26.176
342.936
26.152
343.888
26.152
342.936
26.152
26.152
26.152
26.152
26.152
343.936
26.224
26.152
342.936
26.152
26.152
26.152
342.936
26.152
26.152
26.152
341.888
343.936
26.152
26.152
26.152
342.936
26.152
26.152
26.152
343.936
342.888
26.152
26.152
26.152
26.152
26.152
26.152
26.152
342.936
26.152
26.152
26.152
26.152
341.888
26.152
26.152
342.936
26.152
342.888
26.152
26.152
26.152
342.888
26.152
26.152
26.152
342.936
342.888
26.152
26.152
26.152
26.152
26.152
26.152
343.936
26.224
343.888
26.152
26.152
26.152
342.888
26.152
26.152
26.152
26.152
343.888
26.176
26.152
26.152
343.888
26.152
341.888
343.936
26.152
26.152
342.936
26.152
341.888
26.152
26.152
26.152
343.936
26.224
343.888
26.152
26.152
26.152
343.936
342.888
26.152
26.152
26.152
26.152
26.152
342.936
26.152
341.888
26.152
26.152
26.152
26.152
342.936
26.152
26.152
26.152
26.152
342.936
26.152
26.152
26.152
343.936
26.152
26.152
26.152
26.152
26.152
341.888
26.152
26.152
26.152
342.888
26.152
26.152
26.152
26.152
342.888
26.152
26.152
26.152
26.152
26.152
26.152
26.152
341.936
26.152
26.152
26.152
26.152
343.888
26.176
26.152
26.152
342.936
26.152
341.888
26.152
26.152
26.152
26.152
26.152
26.152
343.936
26.224
26.152
26.152
26.152
26.152
342.936
26.152
26.152
26.152
26.152
26.152
26.152
342.936
26.152
342.888
26.152
26.152
26.152
342.936
26.152
343.888
26.152
26.152
341.936
26.152
26.152
26.152
26.152
26.152
343.888
26.176
26.152
341.936
26.152
26.152
343.936
26.152
26.152
26.152
341.936
26.152
26.152
26.152
26.152
26.152
26.152
341.888
343.936
26.152
26.152
26.152
26.152
341.936
26.152
342.888
26.152
26.152
342.936
26.152
342.888
26.152
26.152
26.152
26.152
341.888
26.152
26.152
26.152
343.888
26.176
26.152
26.152
343.936
342.888
26.152
26.152
26.152
342.936
26.152
26.152
26.152
26.152
26.152
26.152
26.152
26.152
341.888
343.936
26.152
26.152
26.152
341.888
343.936
26.224
26.152
26.152
341.888
26.152
26.152
26.152
26.152
26.152
26.152
26.152
341.936
342.888
26.152
342.888
26.152
26.152
26.152
341.888
26.152
26.152
342.936
341.888
26.152
26.152
26.152
341.888
26.152
26.152
26.152
341.936
26.152
26.152
26.152
26.152
341.888
26.152
341.888
26.152
26.152
26.152
26.152
341.888
26.152
26.152
342.936
26.152
26.152
26.152
26.152
342.936
26.152
26.152
26.152
26.152
26.152
342.888
26.152
342.888
26.152
26.152
26.152
342.888
26.152
26.152
26.152
343.936
26.152
26.152
26.152
26.152
343.888
26.152
26.152
26.152
26.152
26.152
342.888
26.152
26.152
342.936
343.888
26.176
26.152
26.152
26.152
26.152
26.152
26.152
26.152
26.152
26.152
26.152
26.152
26.152
343.936
26.224
343.888
26.152
342.888
26.152
26.152
341.888
26.152
26.152
26.152
26.152
26.152
342.936
26.152
341.888
26.152
26.152
341.936
26.152
26.152
341.936
26.152
26.152
26.152
26.152
343.936
26.152
26.152
26.152
341.936
26.152
343.888
26.176
26.152
26.152
26.152
26.152
26.152
26.152
26.152
26.152
343.888
26.176
26.152
26.152
26.152
342.888
26.152
26.152
26.152
26.152
343.888
26.152
26.152
26.152
343.888
26.176
26.152
26.152
342.888
26.152
26.152
341.936
26.152
341.888
26.152
26.152
26.152
341.936
26.152
342.888
26.152
26.152
341.888
26.152
26.152
26.152
26.152
26.152
26.152
341.936
343.888
26.152
26.152
26.152
26.152
343.936
26.224
26.152
26.152
26.152
26.152
343.888
26.152
341.936
26.152
26.152
26.152
26.152
341.888
343.936
26.224
26.152
26.152
26.152
26.152
26.152
343.936
26.224
26.152
26.152
342.936
26.152
26.152
26.152
26.152
26.152
26.152
26.152
26.152
26.152
343.888
26.152
26.152
26.152
343.936
26.224
26.152
26.152
26.152
26.152
26.152
26.152
26.152
26.152
343.936
26.224
26.152
26.152
342.888
26.152
26.152
26.152
26.152
342.888
26.152
26.152
341.936
26.152
343.888
26.152
26.152
26.152
26.152
26.152
341.936
341.888
26.152
341.936
26.152
26.152
26.152
26.152
26.152
26.152
341.936
26.152
343.888
26.176
26.152
26.152
342.936
26.152
26.152
343.888
26.176
26.152
26.152
26.152
26.152
343.888
26.176
26.152
342.936
341.888
26.152
26.152
26.152
26.152
26.152
26.152
26.152
342.936
26.152
342.888
26.152
26.152
26.152
26.152
26.152
341.888
26.152
26.152
26.152
26.152
341.936
26.152
26.152
342.936
26.152
26.152
26.152
26.152
341.888
343.936
26.224
26.152
26.152
26.152
26.152
343.936
26.224
26.152
26.152
26.152
26.152
26.152
26.152
343.888
26.176
26.152
26.152
26.152
26.152
341.936
26.152
26.152
26.152
26.152
342.936
26.152
343.888
26.176
26.152
26.152
26.152
26.152
26.152
26.152
26.152
26.152
26.152
342.888
26.152
26.152
26.152
342.936
26.152
343.888
26.152
26.152
26.152
26.152
342.936
341.888
26.152
26.152
26.152
342.936
341.888
26.152
26.152
26.152
26.152
26.152
341.936
26.152
26.152
26.152
342.888
26.152
26.152
26.152
341.936
26.152
26.152
341.936
26.152
26.152
26.152
26.152
26.152
26.152
26.152
26.152
341.888
343.936
26.152
342.888
26.152
26.152
26.152
341.888
26.152
26.152
26.152
26.152
342.936
26.152
26.152
343.888
26.152
26.152
26.152
26.152
26.152
341.888
343.936
26.152
26.152
26.152
26.152
26.152
341.936
26.152
26.152
26.152
26.152
343.936
26.224
26.152
342.936
26.152
26.152
342.936
26.152
343.888
26.176
342.936
26.152
343.888
26.152
26.152
26.152
341.888
26.152
26.152
342.936
26.152
26.152
343.888
26.152
26.152
342.888
26.152
26.152
343.936
26.152
26.152
26.152
343.936
26.224
26.152
26.152
342.936
26.152
26.152
343.888
26.176
26.152
26.152
26.152
341.888
26.152
26.152
341.888
26.152
26.152
26.152
26.152
343.888
26.176
26.152
26.152
26.152
26.152
341.936
26.152
26.152
26.152
26.152
342.888
26.152
341.936
26.152
26.152
26.152
26.152
26.152
26.152
26.152
26.152
343.888
26.176
26.152
342.936
26.152
26.152
26.152
26.152
26.152
341.888
26.152
26.152
26.152
342.936
26.152
26.152
26.152
26.152
341.936
26.152
342.888
26.152
26.152
26.152
26.152
343.936
26.224
26.152
342.936
342.888
26.152
26.152
26.152
342.936
342.888
26.152
342.936
26.152
26.152
342.888
26.152
26.152
26.152
26.152
26.152
26.152
26.152
342.888
26.152
26.152
26.152
343.936
26.224
26.152
342.936
26.152
26.152
26.152
343.888
26.152
341.936
26.152
343.888
26.152
26.152
26.152
26.152
26.152
26.152
26.152
26.152
26.152
343.888
26.152
342.936
343.888
26.152
26.152
26.152
341.936
26.152
26.152
26.152
26.152
26.152
343.888
26.176
26.152
341.936
26.152
26.152
343.936
26.224
26.152
26.152
26.152
342.936
26.152
26.152
26.152
342.936
26.152
26.152
341.888
26.152
26.152
26.152
26.152
342.936
26.152
343.888
26.176
26.152
26.152
26.152
26.152
26.152
343.888
26.176
342.936
342.888
26.152
26.152
26.152
26.152
26.152
26.152
26.152
26.152
26.152
26.152
343.888
26.152
26.152
26.152
342.936
26.152
26.152
26.152
342.888
26.152
26.152
26.152
26.152
343.936
26.224
26.152
26.152
26.152
342.888
26.152
26.152
26.152
342.936
26.152
26.152
26.152
26.152
26.152
26.152
26.152
342.888
26.152
26.152
26.152
341.936
26.152
342.888
26.152
26.152
26.152
26.152
26.152
26.152
343.936
26.224
343.888
26.176
26.152
26.152
26.152
341.936
26.152
341.888
26.152
26.152
342.936
26.152
343.888
26.152
26.152
26.152
26.152
26.152
342.936
343.888
26.152
341.936
26.152
26.152
341.936
26.152
342.936
26.152
26.152
26.152
26.152
26.152
26.152
342.936
26.152
343.888
26.176
26.152
26.152
26.152
26.152
341.888
343.936
26.224
26.152
26.152
26.152
341.936
26.152
26.152
26.152
26.152
26.152
26.152
343.936
26.152
26.152
343.888
26.176
26.152
342.936
26.152
26.152
26.152
342.936
26.152
26.152
26.152
26.152
26.152
341.936
26.152
343.888
26.152
342.936
26.152
26.152
342.936
26.152
26.152
26.152
26.152
26.152
342.936
26.152
343.888
26.152
342.936
26.152
26.152
26.152
341.888
26.152
26.152
341.936
26.152
342.888
26.152
26.152
26.152
343.888
26.176
26.152
26.152
342.936
342.888
26.152
26.152
26.152
343.936
26.224
26.152
26.152
26.152
343.936
26.224
26.152
26.152
26.152
26.152
342.888
26.152
26.152
343.936
26.224
343.888
26.176
26.152
26.152
26.152
26.152
342.888
26.152
26.152
26.152
342.936
26.152
26.152
342.936
26.152
342.888
26.152
26.152
26.152
341.888
343.936
26.224
26.152
26.152
26.152
26.152
341.888
26.152
26.152
26.152
26.152
26.152
343.936
26.224
26.152
26.152
341.888
343.936
26.224
26.152
26.152
26.152
26.152
343.936
26.224
26.152
26.152
342.936
26.152
26.152
342.936
341.888
26.152
26.152
26.152
26.152
26.152
342.936
341.888
341.936
26.152
341.888
26.152
26.152
26.152
342.888
26.152
341.888
26.152
26.152
26.152
26.152
341.936
342.888
26.152
26.152
343.936
342.888
26.224
26.152
26.152
26.152
26.152
343.936
342.888
26.224
26.152
26.152
342.888
26.152
26.152
26.152
26.152
341.888
26.152
26.152
26.152
341.888
26.152
26.152
26.152
26.152
343.936
342.888
26.152
26.152
26.152
26.152
26.152
26.152
343.936
26.224
26.152
26.152
342.888
26.152
26.152
26.152
343.888
26.176
26.152
341.936
26.152
26.152
26.152
26.152
26.152
26.152
26.152
26.152
26.152
343.888
26.176
26.152
26.152
343.936
342.888
26.224
26.152
26.152
341.936
26.152
26.152
26.152
26.152
26.152
342.936
26.152
26.152
26.152
26.152
26.152
343.936
342.888
26.224
26.152
342.888
26.152
26.152
26.152
26.152
26.152
26.152
342.936
26.152
26.152
26.152
341.936
26.152
26.152
26.152
26.152
26.152
342.936
26.152
26.152
26.152
343.936
26.152
343.888
26.176
26.152
26.152
26.152
341.888
26.152
26.152
343.888
26.176
26.152
26.152
26.152
26.152
26.152
26.152
341.936
26.152
26.152
342.888
26.152
26.152
26.152
341.936
341.888
26.152
26.152
26.152
26.152
26.152
26.152
26.152
341.936
26.152
26.152
26.152
26.152
26.152
26.152
26.152
26.152
26.152
341.936
26.152
341.888
26.152
26.152
341.936
26.152
342.888
26.152
26.152
26.152
342.936
341.888
26.152
343.936
342.888
26.152
342.936
26.152
26.152
26.152
26.152
341.936
341.888
26.152
26.152
341.888
26.152
26.152
341.936
26.152
26.152
26.152
26.152
26.152
26.152
343.936
26.224
26.152
26.152
26.152
341.936
26.152
26.152
26.152
26.152
26.152
26.152
26.152
343.936
26.224
26.152
26.152
26.152
26.152
26.152
26.152
341.936
26.152
26.152
26.152
342.936
342.888
26.152
26.152
26.152
26.152
26.152
26.152
341.936
26.152
26.152
26.152
341.888
343.936
26.224
26.152
26.152
26.152
26.152
342.888
26.152
26.152
26.152
341.936
341.936
26.152
26.152
26.152
26.152
26.152
26.152
26.152
26.152
342.936
26.152
26.152
26.152
26.152
26.152
343.888
26.152
26.152
26.152
26.152
26.152
26.152
343.888
26.152
26.152
343.888
26.152
26.152
26.152
26.152
26.152
26.152
26.152
343.888
26.152
343.888
26.176
26.152
342.936
26.152
342.888
26.152
26.152
26.152
342.936
26.152
26.152
343.888
26.176
341.888
26.152
26.152
26.152
26.152
341.888
26.152
26.152
26.152
342.888
26.152
26.152
26.152
26.152
343.936
343.888
26.152
342.936
26.152
26.152
26.152
26.152
26.152
26.152
26.152
26.152
26.152
26.152
26.152
26.152
26.152
343.936
26.152
26.152
26.152
26.152
26.152
26.152
26.152
26.152
26.152
342.936
26.152
341.888
26.152
26.152
341.888
26.152
26.152
26.152
341.888
26.152
26.152
26.152
341.936
342.888
26.152
26.152
342.888
26.152
26.152
26.152
26.152
26.152
26.152
26.152
343.936
343.888
26.152
26.152
26.152
26.152
26.152
26.152
26.152
343.936
26.152
26.152
26.152
343.936
26.152
343.936
26.224
342.936
26.152
26.152
26.152
342.888
26.152
26.152
343.936
26.152
26.152
343.936
342.888
26.224
26.152
26.152
343.936
26.224
26.152
342.936
26.152
26.152
26.152
26.152
341.936
26.152
26.152
26.152
26.152
343.936
343.888
26.176
26.152
26.152
26.152
26.152
342.888
26.152
343.936
26.224
26.152
26.152
26.152
26.152
26.152
26.152
26.152
343.888
26.176
26.152
26.152
26.152
342.936
341.888
26.152
26.152
26.152
26.152
342.936
26.152
26.152
26.152
341.936
26.152
26.152
343.888
26.152
26.152
26.152
26.152
343.888
26.152
26.152
26.152
26.152
26.152
26.152
343.936
26.224
26.152
26.152
26.152
341.936
26.152
26.152
343.888
26.176
26.152
341.936
26.152
342.888
26.152
26.152
26.152
342.936
26.152
341.888
26.152
26.152
342.888
26.152
26.152
26.152
26.152
26.152
26.152
26.152
26.152
26.152
26.152
341.936
26.152
342.888
26.152
26.152
26.152
26.152
342.888
26.152
26.152
26.152
26.152
26.152
26.152
26.152
26.152
343.888
26.176
26.152
26.152
26.152
342.936
26.152
26.152
26.152
342.936
26.152
26.152
26.152
342.936
26.152
26.152
26.152
26.152
26.152
341.936
26.152
26.152
26.152
26.152
342.936
26.152
26.152
26.152
342.936
26.152
343.888
26.176
26.152
26.152
341.888
26.152
26.152
26.152
341.888
26.152
26.152
26.152
26.152
26.152
343.888
26.152
26.152
342.888
26.152
26.152
26.152
26.152
26.152
26.152
26.152
26.152
341.888
343.936
26.224
26.152
26.152
26.152
26.152
26.152
342.936
341.888
26.152
26.152
26.152
342.936
26.152
26.152
26.152
26.152
26.152
26.152
26.152
26.152
342.936
341.888
26.152
26.152
26.152
343.888
26.152
26.152
343.888
26.152
26.152
26.152
343.888
26.176
26.152
26.152
26.152
342.936
26.152
26.152
26.152
26.152
26.152
26.152
26.152
26.152
343.936
26.152
26.152
343.936
342.888
26.152
26.152
26.152
341.936
26.152
26.152
26.152
26.152
26.152
26.152
26.152
341.936
341.888
26.152
26.152
342.936
26.152
343.888
26.152
26.152
26.152
26.152
343.888
26.152
26.152
342.936
26.152
26.152
26.152
26.152
26.152
343.936
26.224
26.152
26.152
26.152
26.152
26.152
26.152
26.152
343.888
26.176
26.152
26.152
26.152
26.152
343.888
26.176
26.152
26.152
343.936
26.224
26.152
26.152
343.888
26.152
26.152
26.152
26.152
26.152
26.152
343.936
26.152
341.936
26.152
26.152
26.152
26.152
26.152
26.152
26.152
343.936
26.152
26.152
26.152
26.152
26.152
26.152
26.152
26.152
26.152
26.152
26.152
26.152
26.152
26.152
26.152
343.936
26.224
26.152
26.152
343.936
342.888
26.224
26.152
26.152
26.152
26.152
26.152
343.888
26.176
26.152
26.152
26.152
26.152
26.152
343.936
26.224
26.152
26.152
26.152
26.152
26.152
26.152
341.936
26.152
342.936
26.152
26.152
26.152
26.152
26.152
26.152
26.152
26.152
26.152
342.936
26.152
342.936
26.152
26.152
26.152
26.152
343.888
26.152
342.936
26.152
26.152
26.152
343.888
26.152
26.152
26.152
26.152
26.152
26.152
341.936
26.152
26.152
342.936
26.152
341.888
342.936
342.888
26.152
26.152
341.936
26.152
26.152
26.152
26.152
26.152
26.152
343.888
26.152
26.152
26.152
26.152
343.936
343.888
26.176
26.152
26.152
343.888
26.176
26.152
342.936
343.888
26.176
26.152
342.936
26.152
26.152
26.152
26.152
343.936
26.152
26.152
341.936
26.152
26.152
26.152
341.936
26.152
26.152
26.152
26.152
26.152
343.888
26.176
26.152
343.936
26.224
26.152
26.152
26.152
342.936
342.888
26.152
26.152
26.152
341.936
26.152
26.152
343.888
26.176
26.152
26.152
343.888
26.152
26.152
26.152
26.152
26.152
26.152
26.152
342.888
26.152
26.152
26.152
26.152
343.936
26.224
26.152
26.152
26.152
26.152
26.152
26.152
341.936
342.888
26.152
26.152
26.152
26.152
26.152
26.152
343.936
26.224
26.152
26.152
341.936
26.152
26.152
26.152
26.152
342.888
26.152
26.152
26.152
342.936
26.152
26.152
26.152
26.152
341.936
26.152
342.888
26.152
26.152
341.888
26.152
26.152
341.936
26.152
26.152
26.152
342.936
342.888
26.152
26.152
26.152
26.152
26.152
341.936
26.152
343.888
26.176
26.152
26.152
343.888
26.176
26.152
26.152
26.152
342.888
26.152
26.152
26.152
26.152
26.152
26.152
343.936
26.152
26.152
26.152
342.936
26.152
26.152
26.152
26.152
26.152
343.936
342.888
26.152
26.152
26.152
341.888
343.936
26.224
26.152
26.152
342.888
26.152
26.152
26.152
341.936
26.152
26.152
341.936
26.152
26.152
26.152
26.152
26.152
26.152
343.888
26.152
341.936
26.152
26.152
26.152
26.152
26.152
26.152
26.152
342.888
26.152
26.152
26.152
341.888
26.152
341.888
343.936
26.224
26.152
26.152
26.152
342.936
26.152
343.888
26.152
26.152
26.152
26.152
26.152
343.888
26.152
341.936
341.888
26.152
26.152
26.152
26.152
342.888
26.152
26.152
26.152
341.936
341.888
26.152
26.152
26.152
26.152
26.152
26.152
26.152
26.152
26.152
26.152
343.936
26.152
26.152
343.936
26.152
26.152
26.152
26.152
26.152
26.152
341.936
341.888
26.152
26.152
26.152
343.936
342.888
26.152
26.152
26.152
342.888
26.152
26.152
26.152
26.152
26.152
26.152
26.152
26.152
26.152
26.152
26.152
342.936
26.152
26.152
342.936
26.152
26.152
343.888
26.176
26.152
26.152
26.152
26.152
341.936
26.152
341.888
26.152
26.152
26.152
26.152
26.152
342.888
26.152
26.152
26.152
26.152
343.888
26.176
26.152
26.152
26.152
26.152
26.152
26.152
342.888
26.152
26.152
26.152
26.152
343.888
26.152
26.152
26.152
26.152
26.152
342.936
341.888
26.152
26.152
26.152
341.936
26.152
26.152
26.152
26.152
26.152
343.888
26.152
342.936
26.152
26.152
26.152
26.152
26.152
26.152
26.152
343.888
26.176
26.152
26.152
26.152
26.152
341.936
26.152
341.888
26.152
26.152
26.152
342.936
26.152
343.888
26.176
26.152
26.152
26.152
26.152
26.152
26.152
342.936
26.152
26.152
26.152
26.152
341.936
26.152
26.152
26.152
26.152
26.152
26.152
343.888
26.152
26.152
26.152
26.152
26.152
26.152
26.152
26.152
343.888
26.152
26.152
341.936
341.936
26.152
343.888
26.152
26.152
26.152
26.152
342.888
26.152
343.936
26.152
26.152
343.888
26.176
26.152
26.152
26.152
26.152
26.152
342.936
341.888
26.152
26.152
26.152
26.152
26.152
26.152
342.936
26.152
342.888
26.152
26.152
26.152
343.936
26.224
26.152
26.152
26.152
341.888
26.152
26.152
26.152
26.152
26.152
342.888
26.152
26.152
342.936
26.152
26.152
343.936
26.224
343.936
342.888
26.152
26.152
26.152
343.888
342.936
26.152
26.152
26.152
26.152
26.152
26.152
343.936
26.152
343.936
26.152
26.152
26.152
26.152
343.936
26.152
26.152
26.152
26.152
26.152
26.152
26.152
343.888
26.152
26.152
26.152
26.152
26.152
26.152
26.152
26.152
26.152
26.152
26.152
26.152
343.936
26.152
341.936
26.152
26.152
26.152
26.152
26.152
343.936
342.888
26.224
26.152
26.152
26.152
342.936
26.152
26.152
343.888
343.936
342.888
26.224
26.152
26.152
26.152
341.936
26.152
26.152
26.152
341.936
26.152
343.936
342.888
26.224
26.152
26.152
26.152
342.888
26.152
26.152
26.152
26.152
26.152
342.888
26.152
26.152
26.152
26.152
26.152
341.936
26.152
26.152
26.152
26.152
26.152
26.152
341.888
342.936
26.152
26.152
26.152
26.152
26.152
343.888
26.152
342.936
26.152
26.152
26.152
26.152
26.152
26.152
26.152
26.152
26.152
342.936
342.888
26.152
26.152
343.936
26.152
26.152
342.888
26.152
342.888
26.152
26.152
26.152
342.936
26.152
26.152
343.888
26.152
26.152
341.936
26.152
341.888
26.152
26.152
341.936
26.152
26.152
26.152
26.152
26.152
343.936
26.224
26.152
26.152
26.152
26.152
26.152
26.152
26.152
26.152
341.888
26.152
26.152
26.152
26.152
26.152
26.152
26.152
26.152
26.152
26.152
341.936
26.152
26.152
26.152
26.152
343.936
342.888
26.152
26.152
26.152
341.936
26.152
26.152
26.152
26.152
342.888
26.152
26.152
26.152
26.152
342.936
26.152
341.888
26.152
26.152
26.152
342.936
26.152
343.888
26.176
26.152
26.152
26.152
26.152
26.152
26.152
26.152
26.152
342.888
26.152
26.152
342.936
26.152
26.152
26.152
26.152
26.152
26.152
342.888
26.152
26.152
26.152
26.152
26.152
341.888
26.152
26.152
26.152
341.888
26.152
26.152
341.888
26.152
26.152
26.152
26.152
26.152
26.152
26.152
341.936
26.152
26.152
26.152
26.152
342.936
26.152
26.152
26.152
26.152
341.936
26.152
343.888
26.152
26.152
26.152
341.936
26.152
26.152
342.936
26.152
26.152
26.152
26.152
26.152
26.152
26.152
26.152
341.936
26.152
26.152
26.152
26.152
26.152
341.936
341.888
26.152
26.152
26.152
26.152
26.152
26.152
26.152
343.936
343.888
26.176
26.152
26.152
26.152
26.152
26.152
343.888
26.152
26.152
26.152
26.152
26.152
26.152
26.152
26.152
26.152
343.936
26.224
26.152
26.152
343.936
342.888
26.152
26.152
26.152
26.152
26.152
342.888
26.152
341.936
26.152
26.152
26.152
26.152
26.152
26.152
341.888
26.152
26.152
26.152
26.152
26.152
26.152
26.152
26.152
342.936
26.152
342.888
26.152
26.152
26.152
26.152
26.152
26.152
26.152
26.152
26.152
342.936
343.888
26.176
26.152
26.152
26.152
26.152
341.888
343.936
26.224
26.152
26.152
26.152
26.152
341.888
343.936
26.152
26.152
26.152
26.152
342.888
26.152
342.936
26.152
26.152
26.152
26.152
26.152
26.152
343.888
26.176
341.888
26.152
341.936
26.152
343.888
26.152
26.152
26.152
26.152
26.152
26.152
26.152
341.936
26.152
26.152
26.152
26.152
26.152
341.936
26.152
342.888
26.152
26.152
26.152
343.936
342.888
26.152
26.152
343.888
26.176
343.936
342.888
26.224
26.152
343.888
26.152
26.152
26.152
26.152
343.888
26.152
26.152
342.936
26.152
26.152
26.152
342.936
26.152
26.152
343.888
26.176
26.152
342.936
26.152
343.888
26.152
26.152
26.152
26.152
26.152
26.152
26.152
26.152
341.936
342.888
26.152
26.152
26.152
26.152
342.936
26.152
26.152
26.152
341.936
26.152
343.888
26.176
26.152
26.152
343.888
26.176
26.152
26.152
341.936
26.152
26.152
26.152
26.152
341.936
342.888
26.152
26.152
26.152
342.936
26.152
26.152
26.152
26.152
26.152
26.152
26.152
342.936
26.152
341.888
26.152
26.152
26.152
26.152
342.888
26.152
26.152
342.888
26.152
26.152
26.152
26.152
341.936
26.152
26.152
26.152
26.152
26.152
26.152
343.888
26.176
26.152
341.936
341.888
26.152
26.152
26.152
26.152
26.152
26.152
341.888
26.152
26.152
26.152
26.152
26.152
343.936
342.888
26.152
26.152
343.936
343.888
26.176
26.152
26.152
343.936
26.224
343.888
26.176
26.152
341.936
26.152
341.888
26.152
26.152
26.152
343.936
26.224
26.152
341.936
342.888
26.152
26.152
26.152
26.152
26.152
26.152
26.152
26.152
341.936
26.152
26.152
26.152
26.152
26.152
26.152
26.152
26.152
26.152
26.152
26.152
343.936
26.224
343.888
26.176
26.152
342.888
26.152
26.152
26.152
26.152
26.152
26.152
26.152
26.152
341.936
26.152
26.152
342.888
26.152
26.152
26.152
341.888
26.152
26.152
26.152
342.936
26.152
343.888
341.936
26.152
343.888
26.176
26.152
26.152
342.936
26.152
26.152
26.152
26.152
26.152
342.936
26.152
341.888
26.152
26.152
26.152
26.152
26.152
26.152
341.888
26.152
26.152
26.152
26.152
26.152
26.152
26.152
342.936
26.152
26.152
341.936
26.152
26.152
26.152
26.152
26.152
341.888
26.152
26.152
26.152
341.936
342.888
26.152
26.152
26.152
26.152
341.888
26.152
341.936
26.152
26.152
26.152
26.152
26.152
26.152
343.936
26.152
342.936
26.152
26.152
26.152
26.152
343.936
26.152
26.152
26.152
342.936
26.152
26.152
26.152
26.152
26.152
26.152
26.152
343.936
342.888
26.224
26.152
26.152
26.152
26.152
26.152
26.152
26.152
26.152
341.888
26.152
26.152
26.152
26.152
341.936
26.152
342.888
26.152
26.152
26.152
26.152
26.152
26.152
26.152
343.888
26.176
26.152
343.936
26.152
26.152
342.888
26.152
26.152
342.936
26.152
341.888
26.152
26.152
26.152
342.936
26.152
26.152
26.152
342.936
26.152
341.936
26.152
26.152
26.152
26.152
341.888
26.152
26.152
26.152
26.152
343.936
26.224
26.152
26.152
26.152
26.152
341.888
26.152
26.152
26.152
26.152
26.152
341.936
26.152
26.152
26.152
26.152
26.152
342.936
342.888
26.152
342.936
26.152
26.152
26.152
343.936
26.152
26.152
26.152
341.936
26.152
26.152
26.152
26.152
341.936
26.152
26.152
26.152
26.152
26.152
26.152
341.936
341.888
26.152
343.936
26.152
342.936
343.888
26.176
342.888
26.152
26.152
26.152
26.152
26.152
341.936
26.152
26.152
26.152
26.152
342.936
26.152
26.152
343.888
26.176
26.152
341.888
343.936
26.224
342.936
26.152
26.152
26.152
341.936
26.152
342.888
26.152
26.152
26.152
26.152
341.888
343.936
26.224
26.152
26.152
341.888
343.936
26.224
26.152
26.152
26.152
26.152
26.152
342.936
26.152
341.888
26.152
26.152
26.152
26.152
26.152
343.936
26.152
343.936
26.224
26.152
26.152
26.152
26.152
26.152
26.152
26.152
341.888
26.152
26.152
26.152
341.936
26.152
342.888
26.152
26.152
26.152
341.888
26.152
26.152
26.152
26.152
341.888
26.152
26.152
341.936
342.888
26.152
26.152
26.152
26.152
341.936
26.152
341.888
26.152
26.152
342.936
26.152
26.152
26.152
26.152
26.152
26.152
26.152
26.152
342.936
26.152
26.152
26.152
26.152
342.888
26.152
26.152
26.152
26.152
341.888
343.936
26.224
26.152
26.152
26.152
342.936
341.888
26.152
342.936
26.152
342.888
26.152
26.152
26.152
26.152
26.152
343.936
26.224
26.152
26.152
26.152
343.936
26.224
26.152
26.152
26.152
343.888
26.152
26.152
342.936
341.936
343.888
26.152
341.888
26.152
26.152
26.152
342.936
26.152
26.152
343.888
26.152
26.152
26.152
342.936
26.152
343.888
26.176
26.152
26.152
343.936
342.888
26.224
26.152
26.152
342.888
26.152
343.888
26.176
26.152
26.152
26.152
342.936
26.152
341.888
26.152
26.152
342.888
26.152
26.152
343.936
26.224
342.936
26.152
341.888
26.152
26.152
26.152
341.888
343.936
26.224
26.152
26.152
26.152
26.152
343.936
26.224
26.152
26.152
342.888
26.152
26.152
26.152
26.152
343.936
26.152
26.152
26.152
26.152
26.152
341.936
26.152
26.152
26.152
343.936
26.224
26.152
26.152
26.152
26.152
26.152
26.152
26.152
26.152
26.152
26.152
342.936
26.152
26.152
26.152
26.152
341.888
26.152
26.152
26.152
343.888
26.176
26.152
26.152
341.936
26.152
341.888
26.152
26.152
26.152
26.152
342.888
26.152
26.152
341.936
26.152
26.152
26.152
26.152
26.152
26.152
26.152
26.152
26.152
341.888
26.152
26.152
26.152
26.152
342.936
26.152
26.152
26.152
26.152
343.936
26.224
26.152
26.152
342.936
26.152
26.152
26.152
341.888
26.152
342.888
26.152
26.152
26.152
26.152
341.936
26.152
341.936
26.152
26.152
26.152
26.152
342.888
26.152
26.152
26.152
26.152
26.152
26.152
341.936
26.152
26.152
26.152
26.152
26.152
26.152
26.152
26.152
26.152
26.152
26.152
343.936
26.224
26.152
26.152
26.152
26.152
26.152
343.936
342.888
26.152
26.152
342.936
342.888
26.152
26.152
26.152
26.152
342.936
26.152
26.152
26.152
26.152
26.152
342.936
26.152
26.152
26.152
26.152
341.936
26.152
26.152
26.152
341.888
343.936
26.224
26.152
26.152
26.152
26.152
343.936
342.888
342.888
26.152
26.152
26.152
26.152
26.152
342.936
26.152
26.152
26.152
26.152
343.936
26.224
26.152
26.152
26.152
26.152
26.152
26.152
26.152
342.936
26.152
26.152
26.152
26.152
26.152
26.152
26.152
26.152
26.152
26.152
341.888
343.936
26.224
26.152
26.152
26.152
343.936
26.224
26.152
26.152
341.936
26.152
26.152
26.152
343.936
342.888
26.152
26.152
26.152
26.152
26.152
26.152
26.152
341.888
343.936
26.224
26.152
26.152
26.152
26.152
26.152
342.936
26.152
26.152
26.152
26.152
26.152
342.936
26.152
26.152
26.152
26.152
26.152
343.888
26.152
26.152
26.152
26.152
26.152
343.888
26.176
26.152
26.152
26.152
341.936
26.152
26.152
343.936
343.888
26.152
26.152
343.936
26.224
343.888
26.176
26.152
26.152
341.936
26.152
26.152
343.888
26.176
26.152
26.152
26.152
26.152
341.888
26.152
26.152
26.152
26.152
343.888
26.152
341.936
26.152
26.152
26.152
26.152
26.152
26.152
26.152
26.152
26.152
341.936
26.152
26.152
26.152
26.152
26.152
26.152
26.152
26.152
342.936
343.888
26.176
26.152
26.152
26.152
342.936
26.152
26.152
342.888
26.152
26.152
26.152
26.152
341.936
26.152
26.152
341.888
26.152
341.936
26.152
26.152
26.152
26.152
343.888
26.176
26.152
342.936
26.152
26.152
26.152
341.936
342.888
26.152
26.152
26.152
342.936
26.152
26.152
26.152
342.936
26.152
26.152
26.152
26.152
26.152
26.152
26.152
26.152
341.888
26.152
26.152
26.152
26.152
26.152
26.152
343.888
26.176
26.152
26.152
341.936
26.152
26.152
26.152
26.152
26.152
343.936
26.152
342.936
26.152
26.152
26.152
26.152
26.152
26.152
342.888
26.152
26.152
341.936
26.152
26.152
26.152
341.936
26.152
26.152
26.152
342.936
26.152
26.152
26.152
342.888
26.152
26.152
26.152
26.152
342.888
26.152
26.152
26.152
341.936
26.152
341.936
26.152
26.152
341.888
26.152
26.152
26.152
26.152
341.888
26.152
26.152
26.152
341.936
26.152
341.888
26.152
26.152
26.152
26.152
26.152
26.152
341.936
342.888
26.152
26.152
26.152
341.888
26.152
26.152
26.152
26.152
342.888
26.152
26.152
26.152
341.936
26.152
26.152
26.152
26.152
26.152
26.152
26.152
26.152
343.888
26.152
342.936
341.888
26.152
26.152
342.936
26.152
26.152
26.152
342.936
26.152
26.152
26.152
26.152
26.152
26.152
341.888
26.152
26.152
26.152
26.152
26.152
26.152
26.152
26.152
26.152
26.152
26.152
26.152
26.152
343.936
26.224
343.888
26.152
341.936
26.152
26.152
26.152
26.152
26.152
26.152
342.936
26.152
26.152
26.152
26.152
342.936
26.152
26.152
26.152
26.152
26.152
343.936
343.888
26.152
341.936
26.152
341.888
26.152
26.152
26.152
341.936
26.152
341.888
26.152
26.152
26.152
341.936
341.888
26.152
342.936
26.152
341.888
26.152
26.152
26.152
26.152
343.936
26.224
26.152
26.152
341.936
26.152
342.888
26.152
26.152
26.152
26.152
26.152
26.152
343.936
342.888
26.224
26.152
26.152
26.152
26.152
26.152
26.152
26.152
26.152
26.152
26.152
26.152
342.936
342.888
26.152
26.152
26.152
341.888
26.152
26.152
343.936
26.224
343.888
26.176
26.152
26.152
342.936
26.152
26.152
343.888
26.152
26.152
26.152
26.152
26.152
26.152
342.936
26.152
26.152
26.152
26.152
343.888
26.152
26.152
26.152
341.888
26.152
26.152
26.152
26.152
26.152
26.152
26.152
342.936
343.888
26.176
26.152
341.936
26.152
343.888
26.176
26.152
26.152
342.936
26.152
26.152
26.152
26.152
341.888
26.152
26.152
26.152
26.152
26.152
26.152
26.152
26.152
342.936
343.888
26.176
26.152
26.152
26.152
343.888
26.152
26.152
26.152
26.152
26.152
26.152
26.152
26.152
342.936
26.152
343.888
26.152
26.152
26.152
26.152
26.152
26.152
26.152
343.936
342.888
26.224
26.152
341.888
26.152
26.152
26.152
26.152
342.936
26.152
26.152
26.152
26.152
26.152
26.152
343.936
26.152
26.152
341.936
26.152
343.888
26.176
26.152
26.152
343.936
26.152
26.152
26.152
26.152
26.152
26.152
26.152
26.152
26.152
26.152
26.152
26.152
26.152
26.152
26.152
26.152
26.152
343.936
343.888
26.176
26.152
26.152
342.888
26.152
26.152
26.152
26.152
26.152
26.152
26.152
26.152
342.936
26.152
26.152
343.888
26.152
26.152
26.152
26.152
26.152
26.152
26.152
26.152
26.152
342.936
26.152
342.888
26.152
26.152
26.152
26.152
342.936
26.152
26.152
26.152
26.152
26.152
342.888
26.152
26.152
26.152
26.152
343.888
26.176
26.152
342.936
342.888
26.152
26.152
26.152
26.152
26.152
343.936
26.152
26.152
341.888
26.152
26.152
26.152
26.152
26.152
26.152
26.152
26.152
341.936
26.152
26.152
26.152
26.152
343.888
26.176
26.152
26.152
343.888
26.152
26.152
342.936
26.152
26.152
341.936
26.152
26.152
26.152
342.936
26.152
342.888
342.936
26.152
26.152
26.152
26.152
342.936
342.888
26.152
26.152
26.152
341.936
341.888
26.152
343.936
26.224
26.152
341.936
26.152
342.888
26.152
343.888
26.152
26.152
26.152
26.152
343.888
342.888
342.888
341.936
341.888
341.888
343.888
342.936
342.936
341.936
343.936
341.888
341.936
342.888
341.936
342.936
343.888
342.936
343.936
343.888
343.888
343.936
343.888
342.888
342.936
341.888
342.936
342.888
341.888
341.936
342.888
343.936
342.888
341.936
342.888
341.936
341.936
342.888
342.936
342.888
342.936
343.888
343.936
343.888
343.936
342.888
341.936
343.888
