10.864
13.864
13.864
10.864
13.864
8.67
13.864
8.576
10.864
8.576
13.864
8.576
9.864
17.152
13.864
8.576
11.152
10.864
8.576
17.152
10.864
17.152
8.576
10.864
11.152
28.152
13.44
14.328
10.864
17.152
13.864
28.44
14.152
9.864
13.864
33.016
13.152
13.864
13.864
13.44
8.576
13.864
13.152
9.864
8.576
13.44
19.152
13.152
17.152
20.532
27.44
17.152
13.864
11.152
30.04
13.864
40.016
8.576
14.232
14.152
10.864
13.864
28.44
17.152
10.864
12.152
26.016
8.576
32.728
29.44
41.304
35.728
17.152
13.864
44.168
54.328
13.152
11.04
14.328
21.728
8.576
10.956
27.444
16.44
24.728
34.016
10.864
11.152
10.24
33.728
40.528
17.152
29.44
28.44
35.152
11.152
13.24
10.864
38.152
24.728
27.152
36.016
23.016
8.576
24.728
8.576
33.016
12.152
8.576
62.264
32.728
19.216
20.704
17.152
22.904
41.592
9.864
42.88
37.728
33.016
13.864
17.152
34.07
33.094
28.582
20.44
13.864
13.152
13.864
32.728
79.016
13.864
24.104
24.728
28.592
10.864
13.864
17.152
10.864
8.576
13.864
10.958
19.244
11.152
36.016
13.864
28.444
33.592
10.864
28.48
10.864
17.152
20.44
22.728
19.416
28.152
10.87
41.592
47.88
13.152
8.576
36.016
27.152
8.576
11.326
13.864
9.864
17.152
20.44
34.44
8.576
32.304
36.728
28.44
10.128
19.152
47.168
13.864
8.576
27.464
62.744
27.44
28.44
17.152
34.44
13.152
24.192
9.864
19.152
28.152
20.64
14.152
28.752
17.152
27.152
12.152
13.864
11.152
21.44
8.576
9.864
25.016
20.44
28.44
22.769
9.864
21.44
12.152
17.152
28.64
13.864
27.244
17.152
13.152
17.152
9.864
13.864
21.728
56.168
8.576
28.44
8.576
28.152
13.864
28.152
46.592
13.864
10.864
13.864
27.44
20.44
13.864
53.504
20.44
13.528
9.864
14.152
13.864
11.244
10.864
17.152
49.88
9.864
17.152
28.752
29.44
13.304
25.304
8.576
13.864
17.152
9.864
8.576
8.576
9.864
13.152
13.864
12.152
8.576
19.152
19.152
19.152
33.016
28.728
13.158
10.864
17.152
11.152
28.84
9.928
50.881
16.44
10.864
8.576
39.304
20.616
13.44
11.328
13.864
10.864
17.152
8.576
10.864
14.152
43.592
35.304
28.152
8.576
36.016
56.456
28.728
28.152
29.64
11.152
13.864
28.152
13.864
13.864
28.444
13.881
9.864
27.152
33.016
22.728
10.864
13.864
8.752
13.864
28.152
13.864
29.64
8.576
28.44
13.864
49.592
37.728
12.152
8.576
17.152
28.152
8.576
64.168
28.152
11.152
13.864
8.668
40.016
17.152
28.152
33.304
17.152
29.793
11.481
34.44
29.44
20.44
9.928
47.416
17.152
10.864
17.152
27.152
45.88
31.016
14.152
28.728
19.152
13.864
28.732
12.193
40.016
10.928
8.576
25.016
11.152
20.44
40.304
17.152
21.822
13.864
20.44
51.592
11.393
14.152
31.016
30.016
28.152
39.304
11.152
21.728
8.576
13.616
28.152
27.44
37.016
39.016
21.44
21.44
13.864
11.152
13.244
13.152
8.576
35.04
34.728
14.152
13.864
22.992
34.728
13.864
28.795
8.576
8.576
12.152
28.44
20.44
27.44
8.576
8.576
38.264
17.152
38.304
13.864
20.47
27.358
22.728
13.864
32.728
13.864
40.304
10.864
9.864
32.728
11.152
80.456
14.152
40.24
41.016
9.864
10.864
37.728
27.216
69.32
28.728
13.864
8.576
20.44
13.152
13.864
8.576
10.328
42.88
28.152
9.956
27.44
14.152
59.032
32.928
13.864
28.728
29.64
13.44
11.328
12.152
11.304
8.576
10.992
10.881
22.728
36.016
28.728
8.576
9.864
9.864
29.44
13.864
19.152
28.152
28.752
35.728
9.864
27.44
17.152
13.864
17.152
27.44
13.864
52.28
13.152
8.576
8.576
29.728
10.864
13.864
13.864
29.728
13.864
13.864
21.728
8.576
32.728
8.576
14.152
8.576
9.956
13.864
8.576
17.152
20.44
17.152
28.152
8.576
10.864
11.152
19.152
10.864
9.864
13.152
46.44
10.864
8.576
33.352
21.64
11.128
13.864
13.881
10.864
28.44
32.732
13.864
13.44
17.152
17.152
34.016
28.44
9.864
21.44
10.864
33.016
13.864
13.864
21.44
17.152
36.352
11.152
27.44
13.864
11.152
20.44
21.44
13.864
13.28
10.864
60.704
13.864
11.152
13.956
28.44
10.128
14.152
10.864
8.752
28.44
10.864
8.752
24.016
20.44
8.576
17.152
34.52
44.408
27.296
10.864
8.576
19.152
8.64
40.016
8.576
28.152
13.864
9.864
13.44
33.016
8.576
41.358
12.152
8.576
29.728
8.576
39.592
28.44
8.576
28.152
8.576
10.864
10.864
8.752
21.44
52.168
8.576
33.016
28.728
20.44
13.864
40.304
86.192
14.152
10.864
22.728
13.864
8.67
22.758
28.152
8.576
13.864
11.152
17.152
13.864
13.864
10.864
28.152
28.44
39.216
36.016
8.576
20.47
10.864
17.152
14.152
14.192
13.152
8.576
34.681
22.728
28.793
33.728
13.44
17.152
14.152
39.016
29.728
45.88
9.864
9.864
19.152
24.728
54.24
17.152
8.668
59.744
13.152
28.44
19.152
13.864
28.44
28.152
27.44
40.24
28.152
20.44
20.44
12.152
11.152
17.152
13.864
8.576
12.152
10.04
27.152
17.152
13.152
20.44
32.832
17.169
10.864
27.352
32.616
14.152
28.44
14.328
17.152
8.576
13.864
13.152
10.864
27.152
13.152
8.576
11.04
10.864
43.016
20.504
17.152
35.304
34.728
13.864
17.152
27.152
86.84
38.016
25.304
36.728
13.864
33.592
8.576
10.864
34.016
10.864
14.152
13.864
13.864
17.152
10.864
9.864
10.864
21.728
14.152
21.64
8.576
28.728
27.152
23.108
13.196
11.396
17.152
49.592
31.016
27.152
9.864
40.096
17.152
13.864
10.864
13.864
8.576
13.864
21.728
22.728
11.016
14.152
8.904
10.193
10.864
46.304
21.44
19.152
50.128
13.864
10.864
8.752
9.956
13.864
10.864
21.728
27.152
28.44
17.152
34.016
39.016
12.152
10.864
44.592
9.864
17.152
28.558
39.016
28.44
28.152
27.152
32.304
20.592
13.864
8.576
10.864
12.152
28.728
28.44
11.328
20.44
24.728
8.728
19.152
8.64
17.152
10.864
27.152
28.44
27.152
28.728
13.864
28.44
13.44
13.864
13.864
10.864
13.864
16.44
10.864
21.728
10.864
13.956
8.752
13.864
34.904
47.88
36.536
28.152
20.44
12.152
34.47
33.728
10.864
39.304
14.152
13.44
32.928
28.44
25.016
39.104
13.44
11.152
21.88
33.592
8.576
17.152
19.169
20.44
8.576
37.064
29.44
8.576
16.528
10.04
46.88
27.152
34.728
14.152
11.152
35.728
24.016
10.864
13.152
20.44
10.864
11.152
53.168
30.056
13.864
10.956
8.576
20.44
42.304
28.152
35.304
22.728
13.864
41.592
10.864
8.576
32.752
34.016
21.728
8.576
34.664
27.752
17.152
28.732
17.152
28.44
33.016
11.104
22.792
13.864
41.304
11.152
12.152
22.728
27.44
8.576
10.864
13.864
21.44
8.576
11.152
33.016
22.728
13.864
13.44
27.44
11.328
8.576
28.152
8.576
20.44
22.728
36.016
11.244
38.592
11.28
10.864
8.576
10.864
9.864
28.152
38.192
34.44
28.44
17.152
51.481
29.728
21.616
13.792
42.016
14.152
14.152
28.44
10.864
13.864
12.193
10.081
17.152
28.152
13.864
17.152
13.864
8.576
13.864
75.456
34.728
13.864
59.592
13.864
45.592
24.033
10.864
34.44
9.864
13.864
10.864
20.44
13.864
17.152
13.864
8.576
20.44
53.456
11.152
45.592
13.864
12.416
17.152
40.304
10.864
37.016
26.016
28.152
11.04
32.304
10.864
49.992
28.44
10.864
13.864
48.592
12.152
27.152
57.456
35.728
40.304
20.44
29.728
27.152
21.44
8.576
11.152
27.152
9.864
29.728
28.728
10.864
10.864
13.864
8.576
11.152
10.864
9.864
28.752
27.44
28.44
9.864
8.668
37.756
26.016
13.864
10.864
17.152
22.728
12.152
8.616
30.016
10.864
29.752
19.152
28.44
28.44
52.168
32.728
37.304
33.728
13.152
33.121
28.44
17.152
8.576
38.304
13.864
10.864
13.881
34.44
13.864
17.152
56.408
28.728
28.152
13.864
54.704
13.864
8.576
14.152
10.864
8.576
8.576
13.864
27.44
13.864
17.152
21.728
41.592
12.152
8.576
28.44
57.88
17.152
34.728
13.864
36.728
8.576
10.956
17.152
13.864
28.728
33.016
10.864
8.576
10.864
8.576
44.304
40.016
21.728
8.576
32.728
17.152
25.216
21.44
12.152
28.444
13.881
9.864
37.016
8.576
14.152
34.728
13.152
37.44
46.592
14.152
22.84
13.152
22.904
17.152
13.864
20.44
11.128
28.152
17.152
32.728
13.864
34.016
36.592
8.576
10.864
13.864
33.304
43.304
13.864
13.44
23.032
43.016
21.44
28.44
22.728
11.016
13.152
13.864
8.576
32.728
21.44
17.152
27.44
28.152
13.864
8.71
13.864
11.152
77.032
10.864
27.152
23.24
10.864
13.152
8.576
16.44
31.016
22.728
30.016
69.904
13.864
11.152
20.44
11.152
17.152
8.576
17.152
11.152
51.88
25.168
8.576
9.864
29.44
9.864
17.152
19.152
40.592
20.44
26.016
8.576
13.864
17.152
12.152
32.728
17.152
10.864
11.152
13.24
31.016
13.864
8.67
27.152
12.304
13.152
48.972
13.864
20.532
28.304
28.44
10.864
28.44
13.864
28.152
17.152
10.864
10.864
22.87
28.728
40.016
13.864
10.864
42.592
10.864
40.371
32.44
16.44
13.44
10.864
8.576
34.44
28.44
62.128
22.816
10.864
8.576
14.152
13.864
27.152
16.44
32.44
51.304
14.152
34.728
8.576
13.864
13.956
13.864
19.152
8.64
13.44
28.152
37.168
39.592
9.864
28.48
52.168
8.576
38.304
13.169
40.046
8.576
32.304
10.992
17.18
27.44
20.44
17.152
11.152
27.152
9.864
21.44
10.864
9.864
27.44
13.864
10.864
36.728
19.152
8.64
31.128
13.152
40.016
8.576
32.44
29.728
11.152
9.864
40.016
34.44
13.864
22.728
10.864
13.864
17.152
13.864
13.956
8.576
17.244
33.032
28.728
33.016
12.152
61.273
14.152
28.152
27.152
9.864
39.304
27.44
13.864
13.881
29.728
9.864
9.864
13.864
32.47
13.864
10.864
27.152
13.864
48.88
19.152
41.592
28.44
17.152
10.864
29.44
8.576
11.152
14.152
10.864
38.016
10.864
8.576
34.664
28.758
21.728
17.152
13.864
81.744
11.244
9.864
17.152
29.952
14.152
20.44
11.016
17.152
36.592
33.608
27.152
28.728
13.864
40.304
8.576
39.192
8.576
20.864
13.881
19.352
34.44
12.152
32.408
35.728
17.152
12.152
37.84
13.864
19.152
52.456
28.44
11.152
58.592
13.864
17.152
28.728
10.864
14.296
10.984
9.864
29.44
19.152
8.64
10.864
13.864
32.728
34.44
25.016
85.032
10.904
20.52
30.08
31.016
17.152
28.232
8.576
14.152
27.44
13.864
39.128
13.864
9.864
19.152
32.304
12.152
48.934
35.304
13.864
28.44
13.881
11.152
13.152
13.864
41.592
60.168
13.864
34.44
11.152
11.152
11.152
34.732
11.02
17.152
10.016
30.104
21.992
27.152
29.728
17.152
14.152
10.864
28.152
28.752
41.016
38.016
10.864
36.67
21.44
34.728
17.152
11.152
10.864
14.152
13.152
11.04
20.44
9.864
13.864
10.956
28.44
22.728
17.152
34.44
13.864
12.152
27.44
10.958
8.576
17.152
9.864
13.864
8.576
13.864
10.864
9.864
11.152
44.44
20.44
37.016
22.904
9.864
32.47
83.032
37.016
10.904
13.864
28.44
13.864
9.864
32.728
28.152
32.728
12.152
19.152
8.64
10.864
13.864
21.728
28.728
34.44
10.91
13.44
28.758
20.44
11.152
20.44
8.576
35.728
40.616
8.576
10.864
23.016
17.152
10.864
8.576
28.44
20.44
8.728
39.123
8.811
22.904
12.152
13.864
8.576
30.016
8.576
28.152
19.152
13.864
19.152
29.532
41.88
13.152
13.864
8.576
17.152
14.152
24.745
8.576
13.864
41.172
35.304
33.016
20.44
8.728
28.44
13.152
8.576
35.728
13.864
37.728
16.44
9.864
13.864
28.728
8.576
13.44
17.152
28.152
39.016
11.04
9.864
8.704
20.44
8.728
36.016
20.44
11.128
9.958
8.576
9.864
8.576
19.152
48.592
10.864
35.371
27.244
17.152
41.88
13.864
40.304
40.368
39.304
13.864
27.44
19.328
11.216
32.728
8.576
17.152
27.44
19.328
20.44
8.576
17.152
13.864
27.47
8.576
29.728
13.864
27.44
40.552
11.152
21.822
9.956
40.592
22.728
10.016
20.44
13.864
12.152
9.864
40.016
19.152
13.864
9.864
8.576
8.67
21.728
26.016
13.616
17.152
13.864
29.558
10.864
38.016
35.016
8.576
14.232
28.32
13.864
17.152
8.576
20.44
28.44
36.158
42.304
11.246
13.864
8.576
28.44
9.864
13.864
28.44
11.152
27.44
20.528
11.152
11.152
8.668
13.864
44.592
28.728
27.152
27.44
8.576
9.864
17.152
13.864
11.152
19.152
29.728
28.216
10.864
8.752
14.152
20.44
10.864
29.732
8.752
41.304
9.864
11.152
20.44
29.832
42.168
10.864
8.576
38.152
44.958
14.152
27.152
13.864
19.152
14.152
41.304
28.44
8.576
10.104
13.152
13.864
17.152
40.016
28.304
39.392
13.864
21.728
28.44
8.576
28.44
8.576
10.864
13.864
32.728
16.44
22.728
8.576
10.864
12.152
13.864
13.864
9.864
13.44
28.558
9.864
34.728
27.444
57.592
11.08
8.968
53.504
25.304
45.392
8.576
14.152
28.728
10.864
54.168
34.44
28.752
10.864
8.576
66.88
13.864
10.864
34.728
14.152
9.864
34.728
28.44
13.864
27.152
29.728
13.864
13.504
8.576
10.864
26.016
13.44
29.904
21.728
28.392
8.576
14.152
13.864
28.728
41.396
13.864
53.168
24.728
33.032
13.864
75.585
17.244
13.44
13.864
41.592
13.864
35.728
21.44
8.576
13.881
34.44
8.576
8.576
20.44
13.864
13.864
8.576
28.44
8.576
28.152
27.152
20.44
10.864
28.44
22.728
38.016
17.152
27.44
21.728
17.152
29.816
8.576
9.864
10.864
40.393
28.44
19.152
10.864
17.152
45.04
8.668
19.152
8.64
13.864
13.864
17.152
13.864
28.728
10.864
13.864
21.728
33.952
8.576
39.592
9.88
14.304
27.44
13.864
10.04
13.192
36.728
8.576
11.08
32.968
10.864
21.44
16.44
10.864
8.576
38.264
8.576
28.152
36.016
17.152
14.152
13.304
8.576
9.864
35.728
13.864
8.576
14.152
20.44
8.576
10.864
12.152
41.592
33.016
36.904
27.44
28.728
10.864
13.864
8.576
21.728
13.864
8.576
13.864
13.864
14.152
37.24
13.864
26.08
39.568
13.457
10.864
10.864
8.752
20.44
51.328
35.728
9.016
13.864
10.864
8.576
38.059
14.152
32.728
22.728
32.352
17.152
13.864
19.152
41.016
11.04
35.728
32.728
17.152
38.016
13.864
20.44
8.576
12.152
29.84
19.152
10.864
8.64
21.728
8.576
37.321
12.152
19.152
50.304
22.728
8.616
10.864
8.934
10.864
12.152
28.152
37.016
47.972
22.728
20.616
17.152
13.44
10.864
28.728
32.728
28.152
27.44
46.88
29.44
13.864
59.032
34.44
48.592
87.28
17.152
8.968
19.152
13.864
11.04
52.88
8.576
10.864
32.82
14.152
32.304
17.152
8.576
28.44
13.152
13.864
40.016
8.576
13.44
13.864
12.152
27.44
14.152
10.864
39.016
12.152
32.704
11.24
10.328
28.152
10.864
8.576
9.864
32.728
31.016
13.864
22.728
9.864
92.387
11.152
13.44
17.152
31.016
37.016
35.504
11.152
22.728
13.864
11.016
46.592
10.88
16.568
13.864
9.864
47.88
13.864
21.728
12.416
38.504
51.168
17.152
9.864
9.864
8.668
35.084
14.152
27.152
20.44
14.152
34.528
10.864
8.752
48.456
17.152
22.728
29.728
9.864
10.864
21.44
26.016
47.684
28.152
17.152
10.864
51.88
10.864
8.576
28.732
13.881
11.152
10.864
8.576
45.88
13.864
32.304
68.969
11.057
17.18
22.728
8.616
27.44
28.44
10.128
16.44
9.864
34.728
20.44
45.928
36.304
40.016
10.864
8.576
10.864
19.152
8.576
34.664
13.864
13.864
38.016
11.016
35.016
8.576
9.864
11.152
33.016
9.956
8.576
20.44
38.233
28.44
9.864
28.44
13.864
27.44
17.152
12.152
13.864
63.168
8.856
27.44
36.016
13.864
37.928
27.152
34.083
13.864
48.88
12.152
17.169
17.152
27.152
28.152
11.04
13.864
10.864
27.152
8.576
13.864
17.152
19.152
28.152
10.864
10.864
17.152
28.44
8.576
37.064
35.728
30.016
10.956
27.152
31.016
21.792
29.44
13.864
39.328
27.616
13.216
34.44
10.864
12.169
23.016
24.728
20.44
27.44
39.128
13.152
16.44
8.576
13.864
39.304
34.792
29.44
13.864
10.864
34.44
11.152
28.152
33.304
66.033
11.121
13.864
8.576
39.592
9.88
28.44
27.44
22.728
34.728
46.304
8.792
28.844
14.152
10.864
32.752
22.84
11.152
28.84
9.928
28.44
14.244
40.016
20.44
39.304
34.47
28.728
10.864
9.864
45.88
28.152
8.576
20.508
42.304
12.193
8.576
20.44
13.864
40.304
8.576
17.169
36.016
13.864
32.47
33.958
8.576
10.864
88.896
54.168
9.864
20.44
17.152
21.616
39.016
30.304
28.152
13.864
20.504
17.152
28.752
8.576
40.016
8.576
9.864
38.016
21.44
53.568
8.668
8.576
17.152
17.152
8.576
34.728
11.152
8.576
13.864
21.728
8.67
11.152
8.576
28.728
17.152
20.44
8.576
9.864
30.016
26.016
27.44
29.44
39.432
56.032
8.576
10.864
37.728
13.864
11.016
8.904
27.792
87.67
16.481
52.769
35.728
13.44
29.928
11.328
11.198
22.728
9.864
10.864
35.016
8.752
66.88
8.576
10.864
20.44
67.128
16.44
9.864
10.864
8.576
28.552
20.864
32.304
10.952
69.168
62.456
38.304
13.864
10.956
8.576
28.728
37.728
9.864
14.152
19.152
13.864
10.864
13.864
73.185
45.304
29.44
13.864
13.169
14.152
13.24
43.304
29.732
13.152
8.576
13.864
11.152
28.44
9.864
13.864
9.864
8.576
8.576
27.464
40.422
30.016
32.44
8.728
19.216
9.864
20.704
22.792
8.68
28.44
31.016
8.576
10.864
42.969
28.44
10.864
8.752
8.576
21.44
13.864
28.728
26.016
17.152
8.576
28.44
8.576
20.44
13.864
8.576
13.152
8.67
19.152
20.616
28.44
10.864
17.152
28.552
28.44
11.152
8.576
12.152
34.728
40.416
11.152
14.152
12.152
13.864
13.44
21.44
8.576
13.152
13.864
58.456
17.244
20.44
8.728
13.864
9.864
34.728
13.864
27.216
29.728
37.728
13.864
34.728
32.745
20.616
51.88
27.504
29.968
13.152
10.864
23.12
8.576
41.88
19.152
32.728
23.016
17.152
28.152
29.64
20.44
11.128
14.152
11.152
13.864
28.728
14.152
13.864
8.576
8.576
27.532
13.864
29.728
13.864
8.576
17.152
13.864
13.864
39.304
27.152
14.152
19.152
27.44
13.864
10.928
36.728
8.816
13.864
37.016
35.016
28.44
20.44
64.168
37.033
28.728
19.152
8.64
41.304
8.576
13.864
8.576
10.864
44.152
20.44
34.016
21.44
34.904
38.016
42.88
17.152
34.44
30.083
9.864
36.304
8.576
14.152
17.169
27.44
8.576
24.08
10.864
13.864
10.864
8.576
38.016
28.44
29.82
27.152
13.864
10.864
9.864
16.44
8.576
14.152
17.152
27.47
9.864
39.88
39.304
28.44
14.328
13.864
35.016
46.592
8.576
32.864
8.576
28.44
20.44
14.152
13.864
41.016
9.864
21.728
23.216
17.152
11.152
8.576
35.016
10.864
43.592
10.881
28.44
36.969
33.592
37.857
8.576
17.152
13.864
14.152
13.864
8.576
28.44
40.592
14.328
8.576
14.152
10.864
28.44
10.864
27.152
33.352
8.84
13.864
10.864
22.728
8.576
29.44
9.864
11.416
41.304
8.576
9.864
14.152
10.864
8.576
40.016
10.904
28.44
20.44
8.728
32.44
8.576
21.44
8.576
27.464
8.67
16.532
28.22
8.576
27.464
32.552
47.88
28.152
10.864
49.304
8.792
10.88
39.104
8.576
17.152
10.864
17.152
13.864
13.864
27.152
10.864
8.752
13.864
26.016
33.304
16.44
49.094
13.864
27.152
17.152
8.84
9.864
51.168
27.44
34.928
8.576
39.016
13.864
20.44
46.304
39.392
32.728
13.864
13.152
39.84
10.864
13.864
10.864
29.728
17.152
9.864
10.864
20.44
20.532
8.82
14.246
10.934
19.152
10.864
9.864
10.864
28.552
9.864
34.152
13.864
8.576
36.24
31.016
34.904
36.368
8.576
40.592
33.016
28.152
14.152
14.416
44.88
20.44
52.512
13.864
9.864
27.152
8.576
22.734
11.022
28.44
13.864
34.728
8.576
32.728
17.152
20.44
8.576
27.152
11.08
39.016
13.864
9.864
42.169
9.864
8.576
14.152
17.152
10.864
54.792
27.152
21.82
10.864
35.016
28.44
30.02
9.908
21.728
8.576
61.168
34.44
29.728
39.528
8.576
28.728
8.576
17.152
8.576
13.864
17.152
11.152
34.016
10.864
9.864
19.152
10.864
44.752
13.864
27.44
19.328
9.864
8.816
10.904
9.864
13.44
8.576
13.864
35.728
10.956
8.576
9.864
10.864
41.592
13.864
31.016
8.576
9.864
8.576
38.016
28.152
40.016
13.864
10.881
10.864
33.016
8.576
11.152
26.016
13.864
52.456
17.152
8.576
40.304
34.44
13.152
12.152
34.444
40.016
10.904
8.576
17.152
13.864
8.576
17.152
10.864
11.216
13.864
54.744
17.152
10.864
8.752
8.576
13.864
27.44
13.864
34.44
13.864
32.728
28.44
13.864
10.864
12.152
8.576
10.04
8.576
13.864
17.152
13.864
28.44
27.152
10.864
8.576
28.444
14.246
13.152
50.88
28.728
39.016
13.864
45.456
13.864
28.728
13.864
8.576
14.152
10.864
17.152
14.152
16.44
10.864
11.152
34.728
29.44
10.864
35.82
10.864
13.864
19.152
17.152
32.44
21.728
10.016
28.728
13.864
14.152
10.864
17.152
14.152
24.016
17.152
13.956
10.864
48.952
8.576
22.728
29.616
11.304
27.507
19.395
38.192
10.864
12.152
11.086
8.576
10.864
12.152
9.864
17.152
46.304
11.152
8.792
49.88
8.576
8.576
22.728
10.864
42.592
34.728
13.864
28.304
51.88
20.44
10.864
29.44
22.728
13.864
11.016
13.864
13.864
10.864
28.44
11.152
13.864
19.152
40.304
10.864
8.576
13.864
28.44
20.44
34.528
14.152
46.592
10.864
12.152
22.728
32.728
35.728
10.864
13.881
8.752
33.728
8.576
40.592
28.728
9.864
13.864
13.864
8.576
9.864
35.728
10.864
31.016
39.016
13.864
20.704
10.864
36.728
41.081
10.864
32.87
29.44
31.358
8.846
27.152
9.864
8.84
28.152
11.152
21.44
8.576
17.152
17.152
10.864
72.785
24.822
39.304
40.304
28.592
13.28
33.016
21.728
34.728
13.864
10.864
8.576
44.88
13.881
50.88
8.576
9.864
8.576
20.44
9.928
34.44
10.864
36.732
59.972
27.152
8.576
34.728
8.576
14.152
11.304
28.24
29.728
27.152
32.82
12.152
53.168
27.44
44.88
27.152
17.152
14.328
28.152
8.576
10.864
12.152
8.576
27.44
9.864
73.456
17.152
35.304
44.633
28.44
32.44
10.864
17.152
13.864
8.576
28.507
31.016
13.864
13.44
38.016
28.728
13.864
46.592
44.616
9.864
19.152
28.728
13.864
29.728
13.864
27.244
29.728
34.728
13.864
10.864
13.864
22.728
8.576
23.086
69.574
34.728
22.728
52.193
21.44
17.152
33.016
28.648
21.728
40.304
13.864
9.864
13.864
29.44
13.864
50.592
8.668
10.864
20.592
29.728
13.864
13.864
10.864
13.864
23.016
13.152
8.576
11.04
8.576
13.152
13.864
13.416
31.016
28.152
34.44
10.864
24.952
10.864
27.152
8.84
32.44
11.152
42.304
32.304
28.728
14.152
8.576
19.152
13.152
8.576
28.44
28.44
13.864
17.152
35.816
19.152
13.864
10.864
50.168
28.152
8.576
26.016
44.864
12.152
11.24
10.864
8.576
17.152
21.728
28.728
21.504
35.304
32.44
43.592
8.576
29.44
64.88
13.864
8.576
17.152
13.864
28.44
42.304
9.864
34.016
29.728
17.152
44.592
10.864
29.728
69.88
41.592
13.864
35.728
17.152
12.152
71.456
8.576
27.44
22.728
13.864
10.928
22.728
8.616
28.44
11.152
27.44
11.152
37.881
9.864
28.44
13.864
38.108
10.864
10.864
17.152
22.728
8.576
8.576
27.464
38.592
12.244
8.576
13.864
28.232
13.52
28.152
8.67
8.576
35.84
27.152
13.864
10.864
8.576
10.864
44.304
16.44
14.152
28.24
10.864
22.728
23.192
13.864
10.864
17.152
40.446
24.728
11.152
14.216
13.152
14.152
19.152
17.152
41.304
33.016
8.576
28.432
50.32
28.44
22.728
17.152
10.864
13.864
8.752
13.864
17.152
20.616
9.864
14.152
19.152
8.576
13.864
8.576
13.44
11.152
28.795
13.152
8.576
28.728
67.744
11.032
17.152
49.88
33.728
8.576
19.152
13.864
17.18
9.864
28.152
13.864
28.152
12.152
65.88
51.952
37.216
20.44
100.251
13.864
8.576
19.152
13.152
17.152
21.44
13.864
13.152
11.04
10.864
20.44
37.304
100.032
13.864
29.752
11.152
39.016
45.168
20.44
17.152
11.152
19.152
39.304
10.864
32.752
12.152
13.956
87.032
48.88
13.864
28.44
17.152
8.576
8.67
20.44
13.864
17.152
17.152
32.44
9.864
17.152
13.44
40.304
28.44
14.152
19.152
28.728
28.152
13.864
13.864
34.44
10.864
9.864
10.864
8.576
10.864
28.44
8.752
10.864
22.728
27.152
33.304
32.745
21.728
13.864
10.864
17.152
24.728
13.864
8.576
10.864
13.864
68.88
28.368
17.152
17.152
28.44
11.152
28.728
17.244
8.576
8.576
9.864
40.592
28.152
36.728
17.152
8.816
13.864
17.152
8.576
20.481
40.592
39.304
13.864
10.864
8.576
10.864
20.44
8.728
67.592
40.24
13.864
52.456
8.576
40.308
17.152
14.152
38.016
27.504
10.864
21.728
28.152
17.152
32.44
44.256
17.152
10.864
8.752
8.576
38.304
13.864
17.152
12.152
13.392
13.864
33.728
10.864
20.44
29.64
13.44
10.881
38.016
28.44
36.016
27.152
9.864
51.88
50.88
14.152
35.016
14.152
13.158
35.728
14.152
20.44
13.864
9.864
22.728
12.152
46.528
37.04
33.108
42.016
35.016
34.704
8.576
13.864
36.016
13.864
11.152
22.728
22.728
13.416
36.08
17.152
28.52
27.152
10.864
33.016
9.904
50.88
35.992
39.304
28.507
17.152
28.44
17.152
11.328
20.532
30.016
41.88
9.864
41.48
17.152
29.768
13.864
8.576
28.44
19.152
21.44
10.928
49.592
41.304
13.864
9.864
10.864
8.576
8.576
8.576
36.016
37.016
25.016
14.152
24.033
13.864
34.44
10.864
33.616
10.864
32.44
17.152
27.152
9.864
9.864
14.152
44.304
29.728
13.864
39.592
34.44
20.44
28.728
10.864
46.592
32.728
14.152
17.152
32.44
13.864
11.128
17.152
13.44
9.864
28.152
13.881
13.864
44.67
11.358
8.576
28.44
17.152
13.864
29.44
13.864
28.532
91.744
12.152
47.84
10.328
31.016
28.44
19.152
21.728
20.504
11.192
9.992
27.152
19.152
41.596
8.64
13.864
31.016
13.864
10.864
10.864
34.728
9.864
8.576
44.592
17.152
10.864
20.592
8.576
22.728
8.616
50.904
20.44
8.576
29.44
8.576
17.152
28.44
13.864
13.44
8.576
14.216
13.864
10.904
10.864
63.056
39.592
10.864
27.44
8.576
42.88
20.44
13.864
29.728
40.686
11.286
34.974
13.864
8.576
28.44
11.328
13.864
19.152
9.864
14.152
57.456
8.576
13.864
17.152
34.82
13.864
8.576
21.44
23.216
13.864
28.304
32.44
13.864
11.328
10.864
9.864
44.88
13.864
17.152
10.016
11.152
27.152
22.728
13.864
19.152
17.152
10.864
9.864
13.881
8.576
37.016
65.592
20.44
10.864
13.864
32.304
28.152
13.152
21.44
10.864
46.304
17.152
13.864
34.44
13.864
13.44
10.864
8.752
34.84
13.864
27.152
9.864
13.44
33.728
10.864
27.44
28.728
13.864
10.864
13.864
9.956
8.576
33.046
11.193
8.576
13.864
32.44
13.864
20.728
9.864
17.152
10.864
27.534
27.222
9.864
9.958
21.44
13.864
8.576
42.88
8.576
8.576
9.864
20.44
13.864
8.576
35.728
32.304
13.864
9.864
40.304
33.308
13.864
42.592
21.728
19.152
21.728
81.32
29.44
9.864
13.864
13.864
10.864
8.576
13.864
17.152
19.152
10.04
34.44
17.152
13.864
23.016
11.304
22.728
13.864
10.864
8.576
29.728
45.016
11.104
12.152
9.864
10.864
9.864
8.67
13.864
9.864
28.152
12.152
24.016
9.904
28.152
13.864
9.864
29.732
10.864
8.576
9.864
13.864
95.608
17.152
34.728
12.152
8.576
10.04
8.576
28.728
9.864
13.152
34.532
24.728
49.88
34.728
12.152
10.04
20.71
13.864
24.016
21.728
8.576
13.152
29.728
29.44
13.864
44.592
22.728
13.864
35.12
20.44
10.864
28.44
28.44
34.728
16.728
11.246
19.244
13.864
12.152
10.864
12.152
17.152
13.152
23.04
10.864
8.576
28.44
28.152
17.152
25.016
83.032
33.728
61.456
20.52
9.864
10.864
27.44
40.304
20.44
21.44
28.152
13.864
17.152
20.44
28.44
22.728
11.304
22.728
10.956
9.864
19.152
13.864
16.44
17.152
39.592
13.864
17.152
13.864
29.728
27.44
8.576
13.44
17.152
14.152
14.152
8.576
9.864
64.697
24.185
28.673
10.361
49.88
39.016
22.728
28.728
17.152
10.864
12.152
49.592
10.04
13.864
32.304
13.864
10.864
27.44
23.152
11.152
13.864
8.576
12.152
19.152
10.864
8.576
28.44
9.864
57.88
41.304
8.576
9.864
20.44
12.152
10.864
27.44
32.728
9.864
35.033
34.44
20.44
13.864
27.152
10.864
36.016
10.864
13.864
10.864
8.934
10.864
10.864
27.352
14.192
19.152
19.152
11.152
32.832
36.04
13.864
8.576
11.152
31.016
10.904
10.864
19.152
28.44
10.864
8.752
21.846
33.328
8.576
21.728
11.216
8.576
14.152
31.064
13.864
10.952
9.864
20.44
14.152
8.576
20.44
34.44
13.152
12.152
28.152
14.152
8.576
17.152
28.44
13.864
13.864
16.44
12.152
10.864
29.752
64.382
17.244
91.968
17.152
14.152
9.864
8.576
17.152
13.152
13.864
8.576
9.864
25.016
53.504
20.44
25.016
14.152
19.152
28.24
9.864
10.864
32.304
13.864
13.152
17.152
13.864
12.152
13.864
10.864
52.257
8.576
14.152
20.44
28.44
35.304
21.792
10.864
34.016
14.233
13.864
9.864
17.152
28.44
33.192
37.304
17.244
14.416
13.864
13.864
13.864
28.444
19.152
8.576
36.304
28.152
30.016
13.864
29.64
19.152
24.728
10.864
37.728
21.822
27.44
11.152
8.576
14.152
11.152
34.664
10.864
27.152
20.44
38.016
27.152
8.576
12.152
8.576
17.152
20.518
59.774
16.44
9.864
32.728
8.576
8.576
11.152
39.016
33.016
28.728
13.44
22.728
8.616
32.728
27.504
34.992
34.08
19.368
8.576
39.592
39.473
13.361
26.016
51.328
20.44
10.864
10.864
28.44
27.44
41.88
10.864
8.576
17.152
28.152
8.576
10.864
60.168
52.168
13.864
8.576
38.056
43.168
57.049
16.537
29.44
8.576
8.576
28.728
19.152
74.622
39.358
41.592
17.152
33.016
17.152
9.956
34.44
14.152
29.728
19.152
34.016
8.576
13.152
9.864
21.528
11.352
38.016
13.152
10.864
9.864
9.864
11.352
39.304
8.576
9.864
39.304
13.864
68.88
13.864
28.152
36.016
25.512
28.44
22.88
28.568
34.728
10.864
13.864
34.016
13.864
10.864
17.152
43.056
41.304
8.576
29.728
32.416
27.152
8.84
36.592
33.592
21.768
16.48
27.152
20.44
13.864
58.592
21.44
9.864
58.832
20.44
21.52
29.92
27.152
10.864
13.864
17.152
28.728
10.881
9.864
17.152
8.769
9.864
8.576
20.532
26.232
20.481
9.864
17.152
9.864
8.576
17.18
13.152
42.592
27.44
11.152
9.864
13.864
9.864
36.88
8.576
13.44
41.947
34.592
9.864
13.864
30.016
9.904
11.152
40.016
14.152
11.152
28.24
10.864
39.352
8.576
37.145
20.656
10.864
34.033
29.728
10.956
38.016
9.864
26.244
11.152
28.152
56.64
13.152
8.576
22.744
73.32
13.152
8.576
9.864
13.864
21.728
12.416
8.576
28.44
27.152
8.84
45.816
10.864
12.152
13.864
16.44
8.576
20.44
13.864
21.457
13.864
20.44
13.864
8.728
13.864
13.864
10.864
10.864
17.152
13.864
28.44
22.728
13.864
22.728
8.576
8.576
13.864
51.168
13.864
39.304
28.44
13.864
9.864
17.152
10.864
13.864
12.152
8.576
41.592
10.864
41.304
8.576
8.576
28.152
13.881
8.576
8.576
8.576
34.795
37.568
10.864
14.152
28.728
13.864
17.152
61.88
17.152
14.152
8.576
20.44
59.128
13.864
41.016
34.44
33.504
66.192
27.44
13.864
8.576
9.864
9.928
13.864
35.016
17.152
17.152
10.04
34.44
58.233
9.864
22.728
8.576
11.152
16.44
10.864
28.152
42.592
11.152
31.016
37.728
10.958
20.616
17.152
27.44
22.728
14.152
11.152
8.576
13.864
61.856
13.152
38.304
34.728
13.392
37.08
10.968
13.864
32.728
12.152
10.864
29.44
27.152
17.152
10.864
13.864
17.152
10.864
13.864
17.152
11.152
13.864
48.697
36.016
39.304
11.152
14.152
13.152
33.24
11.328
33.046
11.134
42.396
10.864
13.244
32.44
17.152
8.576
9.864
8.576
9.864
28.44
37.304
44.88
27.156
45.04
10.864
27.152
26.016
28.152
8.576
13.864
10.864
8.576
13.864
37.728
9.864
8.576
17.152
10.864
8.752
13.864
29.44
8.576
12.152
13.864
8.576
20.44
13.152
8.576
42.47
8.576
34.44
29.758
34.728
40.592
13.864
40.304
13.44
12.152
49.88
29.44
13.864
10.864
27.152
20.44
13.864
8.576
37.304
8.576
34.728
41.304
11.152
38.44
13.864
33.592
10.881
20.532
9.864
11.352
41.88
29.444
41.304
11.42
21.44
13.864
28.728
32.304
9.864
9.864
23.352
13.864
25.016
17.152
13.864
10.864
27.152
8.84
57.592
8.576
22.728
8.576
20.44
8.576
10.864
8.576
17.152
28.728
19.152
13.864
13.44
8.576
20.44
8.728
28.152
20.44
16.44
8.728
13.864
27.152
13.956
28.728
13.864
44.592
10.08
13.864
8.576
20.44
13.864
12.152
10.881
8.576
10.864
28.44
40.104
35.304
11.152
19.152
13.864
8.64
21.558
8.576
12.152
13.152
8.576
17.152
8.576
17.152
34.728
57.304
10.864
20.44
13.152
20.44
32.728
11.152
14.152
13.864
9.864
58.592
28.752
8.576
10.016
20.44
8.728
8.576
26.016
13.864
10.864
11.152
19.152
9.864
27.44
39.016
13.864
40.304
8.576
9.864
10.864
10.864
41.88
28.44
10.864
9.864
36.02
13.864
49.508
21.44
59.456
13.864
9.864
34.681
20.44
9.928
39.304
10.864
11.152
50.44
10.864
13.864
13.152
17.152
28.44
19.152
39.24
9.864
11.352
8.576
65.097
20.504
8.576
39.016
12.244
37.728
11.152
27.152
8.576
17.152
28.728
10.864
20.44
39.304
34.592
35.016
11.198
13.574
10.864
50.152
13.152
12.152
20.44
17.152
28.44
13.864
12.152
35.728
10.864
8.576
51.88
46.592
8.576
34.016
28.44
17.152
13.864
14.152
8.576
17.152
17.152
13.864
8.576
37.728
13.864
33.816
17.152
29.728
8.668
28.152
20.44
8.576
13.864
17.152
28.728
9.864
28.152
28.728
14.152
11.416
19.152
8.576
13.864
10.864
8.752
13.864
10.864
11.152
65.88
13.864
31.016
27.44
41.304
46.304
12.158
21.44
51.456
10.864
13.864
10.864
13.864
20.44
34.016
20.44
40.304
39.328
37.216
13.864
12.304
10.864
17.152
13.864
34.88
21.968
34.728
11.456
13.864
37.728
27.44
13.864
51.168
13.864
11.152
39.016
75.168
10.864
28.558
10.958
12.152
17.152
28.64
20.532
14.152
11.208
13.152
13.864
36.016
11.104
8.576
12.216
10.104
14.152
27.152
10.928
21.728
9.864
39.304
19.192
21.92
33.016
51.88
17.152
12.152
29.728
13.64
78.72
12.152
38.313
35.001
27.489
8.576
50.88
13.864
13.864
19.152
8.576
16.44
11.328
10.864
13.864
36.728
8.576
61.664
42.304
33.016
9.864
11.152
17.152
22.728
27.44
28.752
9.864
19.152
36.728
10.864
13.864
74.168
36.016
14.152
33.04
13.864
27.152
8.576
32.44
20.44
13.864
9.928
13.864
14.152
21.64
29.104
28.44
27.44
23.11
34.728
9.864
8.576
14.152
13.864
39.016
11.104
13.864
10.864
8.576
17.152
10.864
21.728
39.304
10.864
10.864
28.44
67.744
24.728
28.44
36.592
21.728
10.864
21.44
28.328
9.864
16.616
11.352
14.504
11.192
87.68
11.152
10.864
41.304
17.152
8.576
20.532
13.881
13.864
20.44
8.728
10.864
10.87
33.016
13.864
9.864
21.558
28.528
10.864
13.152
8.576
34.664
10.864
24.728
21.44
14.152
30.016
8.576
14.152
19.246
13.864
28.44
44.304
9.864
28.752
9.956
56.792
9.864
13.864
28.44
17.152
28.44
10.233
17.152
33.32
14.152
20.44
10.864
13.864
14.152
44.592
27.44
13.152
34.928
17.152
8.816
19.304
27.392
10.88
13.864
42.897
11.152
17.169
39.304
40.659
14.152
29.44
13.864
28.44
34.016
14.152
8.576
21.44
35.072
16.76
8.576
29.44
13.864
11.152
77.744
8.576
29.728
63.016
13.864
8.576
21.44
19.152
27.24
13.864
28.44
11.328
13.864
19.152
9.864
27.44
39.304
13.864
10.864
34.728
12.216
28.728
20.532
17.152
34.728
11.016
9.864
8.576
9.864
46.609
13.864
32.728
28.728
33.016
19.152
22.728
8.576
19.152
10.864
9.864
27.44
38.304
37.928
13.504
8.816
13.864
19.152
13.864
19.152
10.864
20.44
11.128
9.016
10.864
17.152
14.152
13.24
57.921
17.152
9.956
34.44
28.44
42.304
42.304
13.864
10.864
34.528
8.576
32.728
10.864
8.576
10.864
17.152
41.592
33.928
17.152
10.216
26.016
8.576
10.864
13.864
28.152
33.592
11.04
76.168
8.576
28.44
20.457
13.864
44.168
17.152
32.304
12.192
13.864
9.864
27.44
46.384
10.864
24.832
13.864
33.016
10.864
11.152
10.864
28.44
17.152
21.44
10.864
26.016
9.864
13.864
39.382
28.152
11.04
39.072
10.864
8.576
10.864
28.44
22.728
35.016
9.958
10.864
9.864
17.152
20.44
9.864
20.44
28.152
13.864
51.88
38.592
11.28
17.152
14.152
13.864
8.576
22.728
28.532
32.44
12.152
20.44
20.44
8.728
19.152
17.152
12.152
28.728
53.592
9.864
13.44
40.728
14.152
13.864
13.152
11.244
9.864
14.152
27.152
14.152
27.152
14.152
13.864
11.152
13.864
8.576
9.864
34.44
28.728
29.44
32.44
10.864
10.864
8.576
29.44
27.152
16.528
43.168
39.016
10.864
8.704
26.152
19.192
13.864
13.864
29.728
13.864
8.576
17.152
60.952
11.152
8.576
27.44
33.728
27.44
8.576
42.832
61.168
32.728
30.016
29.728
17.152
76.744
14.416
13.864
28.728
14.152
10.864
10.956
52.456
38.016
21.728
8.576
9.864
28.44
34.728
13.864
8.616
36.728
17.152
8.816
8.576
14.304
8.576
8.576
22.728
13.881
33.592
28.44
29.728
21.616
39.07
22.728
12.158
13.864
28.728
13.864
22.728
8.576
28.44
13.864
99.744
17.152
47.304
22.728
13.864
17.152
13.864
21.44
46.304
13.864
35.728
13.864
12.198
44.334
40.304
11.022
13.592
21.44
32.44
20.44
27.152
8.576
44.67
11.193
31.016
13.864
17.152
13.864
17.244
44.88
13.932
13.864
37.728
30.016
13.864
13.864
10.864
28.44
14.152
10.864
8.576
19.152
9.864
28.44
28.152
27.152
13.864
10.864
36.952
17.152
9.864
29.44
10.864
9.864
12.152
27.44
8.576
14.328
13.416
19.152
8.64
11.152
13.44
29.928
10.864
29.016
13.152
28.44
13.152
28.44
17.152
28.152
12.152
13.864
8.576
35.152
49.88
39.32
10.864
17.152
9.864
29.44
17.244
28.152
17.152
27.152
10.864
23.016
11.152
39.016
11.152
22.728
19.169
20.44
16.44
10.864
14.152
27.44
8.576
14.152
10.864
22.728
27.216
40.552
10.864
13.864
10.864
27.152
28.44
19.152
20.64
17.152
19.152
13.864
8.64
13.864
28.152
24.84
29.44
34.016
20.44
13.864
11.504
17.152
41.304
11.152
27.152
10.864
8.576
46.304
17.152
21.958
10.864
17.152
21.44
37.016
9.864
10.864
28.44
13.44
19.152
13.864
8.576
11.04
9.864
20.44
10.864
10.864
35.016
8.576
34.664
33.016
10.864
19.152
13.864
20.44
32.745
33.904
8.576
27.152
14.152
32.44
27.44
13.864
39.016
17.152
34.44
17.152
8.576
17.152
23.168
13.864
13.864
40.616
28.44
52.728
34.44
9.864
16.656
46.728
8.616
14.152
37.168
9.864
31.016
28.152
8.576
13.864
10.864
39.016
33.016
13.864
9.864
22.728
8.576
76.744
10.864
28.82
28.508
47.622
22.728
22.745
11.152
10.864
14.152
28.24
17.152
12.152
19.152
13.864
27.47
37.728
28.728
39.304
23.016
17.152
12.152
13.864
39.592
29.728
14.416
10.864
13.864
13.532
8.576
20.44
10.864
9.928
13.864
32.728
8.576
27.152
9.958
13.864
29.795
8.576
17.152
44.864
57.752
14.152
29.732
10.864
8.752
10.87
8.576
17.152
8.576
10.864
27.44
34.016
32.504
29.44
9.864
27.44
13.864
10.864
20.44
11.128
17.152
21.44
9.016
11.072
28.44
36.016
14.152
8.576
9.864
10.864
44.304
19.152
28.728
32.304
46.88
17.152
33.368
33.728
8.576
33.016
28.44
9.864
17.152
13.864
12.169
8.576
14.152
27.152
14.152
28.152
13.864
10.864
20.592
27.44
41.304
24.728
28.82
10.864
29.752
13.864
17.152
10.864
29.728
17.152
13.864
32.728
12.152
13.864
34.44
36.592
33.016
20.44
13.44
10.864
20.44
9.864
34.016
29.44
31.304
8.576
9.864
17.152
48.969
8.576
19.152
31.016
12.152
29.44
17.152
10.864
13.152
28.44
29.928
10.864
13.864
8.752
40.304
13.864
19.152
29.752
31.016
8.576
41.592
35.728
14.28
13.864
9.864
28.152
9.864
14.152
32.728
34.592
29.44
8.576
17.152
22.728
14.152
22.84
39.328
37.728
29.44
11.416
33.016
13.864
10.864
13.864
41.108
8.576
28.44
20.44
13.532
13.152
13.864
13.44
21.728
27.152
27.44
8.576
21.728
12.416
39.016
8.576
28.504
35.728
32.846
22.934
8.576
17.152
45.168
14.152
27.44
13.864
9.864
35.352
13.158
13.152
37.728
8.616
27.152
28.44
11.152
8.84
8.576
10.864
8.576
28.44
81.904
17.152
21.44
19.152
28.152
28.44
8.668
41.592
36.728
8.576
39.304
8.576
34.44
11.152
27.152
9.958
34.728
13.864
40.416
9.864
8.576
13.864
21.616
30.016
14.152
10.864
20.616
34.44
12.504
19.152
8.64
43.592
27.528
64.168
29.732
16.44
28.728
13.864
33.016
13.864
44.168
13.864
13.864
32.728
17.152
27.152
12.152
28.456
55.185
35.304
10.864
12.168
8.576
11.152
10.24
10.864
48.88
34.016
40.168
8.576
20.44
20.616
20.44
13.864
10.864
8.576
17.152
29.44
9.864
10.864
93.608
48.88
17.152
8.576
34.728
34.44
14.152
9.864
36.016
8.576
28.728
10.864
13.864
20.44
21.944
17.152
27.44
38.304
34.728
28.728
41.422
39.12
28.44
11.152
13.864
39.304
13.864
8.576
31.28
17.152
34.684
28.44
8.576
13.864
9.864
22.792
13.864
10.864
21.44
39.016
11.152
13.864
23.12
21.44
32.728
13.44
8.67
10.864
8.576
17.152
34.44
34.728
38.304
13.864
8.576
17.152
8.576
35.728
13.216
13.864
43.88
30.12
8.576
13.864
44.304
32.592
29.88
10.864
13.864
38.016
28.44
12.216
37.728
11.152
10.864
8.576
28.152
34.82
11.108
79.032
13.864
85.608
10.864
33.016
8.576
28.152
36.24
9.864
31.168
21.993
28.152
8.576
34.664
39.752
64.744
8.632
17.152
8.576
32.864
10.864
29.44
27.44
45.728
8.816
13.864
22.904
8.576
50.072
17.152
27.464
8.576
8.576
36.304
9.864
8.576
28.44
21.44
22.728
28.728
79.168
13.864
28.532
9.864
13.864
22.728
20.44
32.728
28.44
9.864
35.457
10.864
13.864
10.864
79.032
29.728
13.864
8.576
39.304
20.44
50.592
8.576
13.44
13.864
32.728
21.44
10.864
38.016
28.704
19.152
14.152
58.811
12.152
28.44
14.152
35.016
14.304
13.864
8.576
12.193
28.152
13.864
28.152
12.152
9.864
28.752
10.864
13.864
8.752
16.44
11.152
13.152
10.864
28.44
11.328
10.864
32.82
34.44
17.152
29.728
12.152
14.152
10.864
17.152
10.864
10.864
8.576
9.956
52.456
30.016
21.44
26.016
13.864
54.168
12.152
17.152
10.04
20.44
42.88
8.576
41.64
13.44
17.152
65.592
49.433
55.168
13.864
27.44
28.44
65.928
13.864
28.728
8.576
42.88
20.44
13.864
21.728
8.576
17.152
34.728
8.576
9.864
17.152
27.44
13.44
13.864
40.304
22.728
19.152
13.416
20.44
38.016
19.152
13.152
8.64
28.44
34.728
22.992
28.44
64.88
17.152
61.168
52.168
8.576
28.44
10.128
86.456
32.44
50.884
13.864
17.152
9.864
8.67
13.44
20.44
8.728
21.44
8.576
9.864
8.576
16.44
20.864
20.44
17.152
29.44
11.128
9.864
21.44
9.864
40.016
8.576
28.44
13.864
51.168
32.728
8.856
13.864
13.864
10.864
37.792
10.864
12.152
41.592
17.152
41.304
36.108
8.576
10.864
10.04
10.864
8.576
17.152
13.864
20.44
16.44
28.728
35.016
27.44
10.104
14.097
10.185
8.576
70.473
54.88
33.016
20.544
9.864
34.728
40.016
10.864
28.152
9.864
20.532
8.82
13.881
11.152
20.44
13.864
10.033
37.808
13.864
20.44
11.152
14.152
8.576
17.152
10.864
34.016
45.496
9.864
29.44
12.152
8.576
13.864
8.576
13.864
17.152
13.864
10.864
13.864
13.864
10.928
8.576
10.864
24.728
34.728
8.576
12.244
42.016
28.44
39.369
28.44
11.328
10.864
38.616
8.752
13.864
28.48
17.152
33.446
11.246
8.576
20.44
10.864
13.864
29.832
41.52
28.152
19.152
28.152
76.27
19.152
29.752
13.24
21.44
20.44
12.152
10.864
17.152
13.864
11.152
19.152
20.64
29.728
10.864
13.152
29.64
10.864
11.616
10.864
14.152
8.576
9.864
30.016
12.304
22.728
28.44
21.728
8.576
9.864
13.864
11.152
28.84
20.44
11.152
34.728
104.032
17.152
46.416
13.881
13.864
29.728
8.576
17.18
13.868
33.12
8.576
10.008
17.152
14.152
14.152
24.158
65.246
9.864
11.352
10.864
10.864
28.728
17.152
8.576
33.728
29.728
13.216
20.44
45.304
8.728
28.44
17.152
10.864
28.728
10.864
39.352
28.44
17.152
36.016
17.152
13.864
10.864
8.576
8.576
58.664
13.864
8.576
28.44
52.46
11.348
8.576
71.636
8.67
17.244
17.152
28.728
39.592
28.48
13.864
8.576
28.44
13.864
33.728
32.728
10.864
28.152
33.728
28.44
23.046
16.44
21.728
74.456
29.44
21.44
31.016
22.728
28.44
20.44
8.728
17.152
41.304
9.956
13.864
20.44
21.728
10.016
13.864
12.152
8.576
14.152
22.728
28.44
8.576
28.507
20.44
21.728
32.728
37.304
9.864
13.864
27.44
36.304
40.304
13.864
28.152
35.304
33.016
8.576
14.152
40.592
13.864
33.728
17.152
48.88
13.864
9.864
32.44
10.864
27.328
20.44
43.416
17.152
28.152
33.016
10.864
17.152
33.016
9.864
17.152
14.481
9.864
17.152
17.152
14.152
8.576
10.864
12.152
8.576
28.44
8.576
46.592
38.016
32.728
27.152
36.304
13.152
27.152
28.44
11.328
33.016
38.616
10.864
41.592
8.576
20.704
11.246
13.864
17.152
20.44
8.728
10.864
9.864
17.152
22.82
19.152
8.64
29.728
28.44
30.072
9.864
62.88
13.864
10.864
20.44
11.128
13.864
27.152
8.84
10.864
21.728
8.576
26.096
13.864
21.44
8.576
10.864
13.864
13.152
58.198
8.686
17.152
33.728
17.152
36.016
17.152
14.152
28.44
19.152
58.172
29.728
33.016
13.881
8.576
28.728
8.576
11.152
8.576
25.396
14.152
14.152
13.24
10.864
28.728
8.576
36.216
11.304
40.192
39.592
28.728
28.304
13.864
9.864
27.44
13.864
13.44
10.864
13.864
32.934
11.152
33.016
10.864
8.576
13.44
27.152
32.84
14.152
37.592
54.456
36.592
10.864
28.152
13.864
8.67
17.244
39.016
13.864
38.304
17.152
13.864
20.616
13.864
28.44
10.864
69.168
28.44
13.864
43.304
10.864
10.87
34.44
48.88
40.659
55.456
39.544
13.864
20.632
32.44
9.864
35.457
95.76
13.864
21.728
8.576
28.44
11.328
33.016
17.152
14.152
28.152
20.44
11.04
13.152
8.576
10.864
64.304
8.576
10.864
37.728
13.956
9.864
36.304
29.44
28.44
8.67
11.152
40.128
19.158
11.016
33.304
28.152
16.44
29.44
37.728
10.864
8.576
17.152
51.168
11.152
33.016
40.752
17.152
8.576
17.152
13.864
34.44
14.152
30.016
27.152
33.016
48.304
13.864
10.864
8.576
41.308
13.152
40.304
17.152
31.016
73.168
11.152
11.152
8.576
44.864
39.152
28.44
8.576
13.956
20.44
8.576
38.264
28.152
30.016
13.864
17.152
20.44
17.152
38.304
8.91
10.864
8.576
8.576
13.864
17.152
10.864
13.864
32.44
27.328
28.444
17.152
32.44
8.728
34.728
43.88
8.576
8.576
41.592
17.152
32.728
46.456
10.864
9.864
32.304
13.864
44.592
31.016
11.152
38.304
46.304
8.576
8.576
8.576
11.04
13.44
30.216
27.152
28.152
27.152
24.728
27.152
8.84
8.576
28.44
39.016
9.864
14.244
13.864
9.864
40.016
17.152
23.192
31.016
9.864
27.44
10.864
28.152
12.152
8.576
16.44
34.664
9.864
10.864
34.728
8.576
29.728
8.576
28.44
17.152
33.732
10.864
12.158
13.864
10.864
8.752
34.728
8.576
10.864
17.152
34.592
10.864
44.752
28.84
13.864
28.528
13.152
19.152
19.152
21.44
45.128
10.864
35.793
12.152
20.44
38.304
13.956
27.44
8.576
10.864
13.864
19.152
10.864
28.552
34.44
14.152
10.864
8.576
28.152
9.864
17.152
51.193
28.44
46.632
28.728
8.576
10.864
22.728
13.864
28.44
9.864
13.864
9.864
8.576
8.576
12.152
29.728
11.104
13.504
17.152
49.592
50.392
22.88
20.68
19.568
13.864
8.576
28.728
10.864
13.152
28.44
37.016
8.576
39.016
14.152
19.152
12.152
13.864
27.152
27.152
8.84
20.44
37.11
40.304
13.864
13.44
20.44
20.616
28.152
20.44
8.728
14.152
32.384
28.728
13.864
13.152
13.152
9.864
20.44
50.592
13.152
8.576
28.44
17.152
20.44
33.016
17.152
19.152
12.152
10.04
13.864
10.864
10.864
13.864
17.152
41.88
14.152
32.304
34.84
39.396
12.152
8.576
11.152
21.44
13.864
8.576
33.016
13.956
10.864
14.152
36.016
9.904
11.392
33.728
41.592
36.48
39.304
14.152
21.728
13.864
28.752
14.152
35.304
28.24
38.016
17.152
10.864
16.552
13.864
10.864
20.44
8.728
21.822
17.152
27.44
40.304
13.864
8.576
20.44
8.728
28.44
33.352
13.864
10.864
13.864
22.728
10.864
28.728
8.668
8.576
28.44
31.016
13.864
28.44
8.576
20.44
8.728
27.152
66.32
39.44
8.71
28.728
28.304
10.864
13.864
20.44
13.864
10.864
17.152
29.728
28.728
27.152
28.44
83.11
17.152
8.576
14.152
38.016
28.44
40.304
14.192
13.864
28.28
32.768
28.256
13.864
11.152
14.152
8.576
38.016
21.44
13.864
13.44
12.152
8.576
51.409
13.64
10.864
20.44
8.576
28.528
8.576
29.728
28.728
20.44
27.44
9.864
39.016
20.44
22.832
8.576
36.016
10.864
14.216
8.576
39.304
13.864
13.881
11.216
9.864
9.864
28.44
28.728
11.152
42.88
10.864
54.744
8.576
32.304
14.152
41.88
13.864
10.864
34.44
33.108
13.44
28.596
34.016
59.592
33.48
10.864
13.864
9.864
22.152
29.728
10.864
34.728
10.864
30.016
20.44
17.152
22.768
13.152
28.44
28.152
9.864
9.864
9.864
13.864
8.576
10.864
19.152
22.728
13.881
17.152
14.152
28.44
42.88
9.864
44.64
47.928
8.576
8.576
13.864
28.44
32.728
52.24
13.864
28.728
13.152
8.576
28.44
10.864
9.864
28.752
28.545
39.016
22.728
9.864
40.304
17.152
51.592
39.108
11.152
13.864
10.956
69.456
28.728
40.304
28.728
32.44
29.728
27.44
13.864
11.152
13.864
14.152
20.44
9.864
34.728
13.864
29.728
13.864
13.152
20.44
13.864
11.016
35.016
51.592
28.44
17.152
27.44
10.864
8.576
32.472
34.87
11.152
10.864
17.152
33.016
53.88
9.864
13.864
28.44
9.864
13.152
44.168
73.168
19.152
21.728
10.864
28.345
14.233
27.44
13.864
44.592
33.016
21.44
28.328
12.152
14.368
34.44
25.304
22.728
10.864
14.152
20.44
13.864
14.152
37.728
10.958
9.864
13.864
9.864
28.152
43.304
42.88
13.864
11.152
40.016
11.152
8.576
10.864
8.752
8.576
20.44
8.728
29.616
17.152
10.864
8.576
41.304
10.864
38.046
13.864
34.108
9.864
37.152
8.576
13.864
52.704
13.864
10.864
17.152
33.352
32.304
35.44
48.88
36.728
22.734
10.864
32.728
27.152
13.864
10.04
10.864
8.752
20.44
74.456
10.864
36.016
20.44
11.246
19.244
10.864
34.728
13.864
12.152
13.152
41.592
40.592
14.232
10.92
10.864
8.576
11.152
33.592
34.732
28.304
9.864
11.352
8.576
17.152
11.152
11.152
28.152
20.44
8.728
11.152
63.592
21.44
27.152
32.84
8.576
9.864
9.864
72.945
33.016
10.864
10.956
36.592
20.44
9.864
29.68
44.304
13.864
8.576
27.464
21.728
21.44
8.576
13.864
11.04
13.44
28.44
10.864
13.864
47.592
10.864
13.864
37.016
13.864
27.44
9.864
10.864
12.152
27.44
10.87
51.358
31.016
27.44
12.152
10.864
8.576
14.152
20.44
10.864
10.864
35.728
49.592
28.921
38.016
14.152
19.152
27.24
26.262
8.576
34.44
13.864
19.152
9.864
27.44
13.864
10.956
29.844
17.152
17.152
20.44
13.864
13.864
17.152
39.304
8.576
8.576
13.864
39.016
22.728
14.246
9.864
88.032
10.864
28.44
13.864
19.152
36.728
32.64
27.528
11.016
38.304
8.576
10.864
13.864
8.576
11.152
8.576
37.02
28.308
13.864
27.44
19.328
17.152
24.016
29.728
35.016
27.152
28.728
12.152
13.152
9.864
13.864
17.152
21.728
20.48
9.968
11.193
12.152
10.864
13.864
29.44
44.88
17.244
14.152
23.016
31.032
9.864
48.88
44.592
26.016
30.016
13.864
33.02
13.864
20.44
37.728
19.416
17.152
19.152
13.864
9.864
11.352
34.728
52.88
13.864
35.304
19.152
9.864
29.44
28.44
19.152
13.864
20.64
13.864
10.864
34.158
28.44
19.152
19.152
10.864
13.864
38.016
11.328
36.016
8.576
21.816
8.576
37.304
36.016
13.864
8.67
17.152
8.576
39.592
37.728
34.52
13.864
17.152
37.016
28.44
8.576
36.88
31.016
28.44
33.728
17.152
27.416
13.864
10.864
21.728
14.152
9.864
13.864
9.864
8.576
8.576
29.728
27.464
13.864
38.016
10.864
14.152
37.728
11.016
29.728
29.728
28.152
39.016
8.576
27.464
27.44
36.728
12.152
73.168
13.152
28.728
31.016
8.576
13.956
8.576
14.152
25.48
8.67
13.864
8.576
8.576
17.152
29.795
30.016
20.44
9.928
17.152
20.44
25.304
28.728
44.592
13.864
12.152
39.304
29.752
11.152
28.84
11.04
34.44
10.864
23.016
10.864
14.152
10.864
28.44
13.864
22.728
21.728
32.616
29.816
17.152
9.864
21.44
13.864
28.44
12.152
8.576
13.152
13.864
11.328
8.576
21.44
8.576
9.864
28.752
10.864
17.152
10.864
17.152
40.304
8.576
28.728
34.728
12.152
14.152
49.592
27.152
27.344
10.864
21.44
68.632
10.864
29.752
27.152
8.84
45.304
13.192
40.371
72.456
16.659
64.032
17.152
13.864
9.864
13.44
43.304
17.152
8.576
13.152
8.576
13.152
20.616
27.686
17.152
43.304
12.152
27.44
11.24
28.928
33.016
20.44
8.576
30.016
19.152
24.728
12.152
13.956
8.576
41.592
28.152
10.864
13.864
13.152
12.152
43.592
26.016
11.152
10.24
9.928
13.864
8.576
17.152
11.152
17.18
13.868
28.152
46.392
27.44
13.864
20.44
9.928
16.44
13.152
33.24
33.592
39.016
13.48
11.368
13.864
20.44
10.864
28.728
8.576
30.216
10.864
28.758
40.592
20.44
13.864
28.44
11.152
10.864
13.864
13.864
8.576
10.864
19.152
8.64
10.864
13.864
28.152
42.592
26.016
8.576
9.864
9.864
19.152
29.44
13.864
37.998
17.152
39.016
20.704
9.864
12.152
14.152
28.64
13.864
13.864
8.576
34.664
69.704
40.016
13.864
27.152
10.864
8.576
10.864
38.304
10.864
28.44
13.152
8.668
16.44
19.152
10.864
48.304
32.44
38.016
53.168
28.44
34.016
20.44
9.864
22.728
28.304
9.864
11.457
20.745
27.44
8.576
13.44
17.152
13.864
9.864
10.864
14.246
28.44
13.864
13.864
43.88
13.864
10.864
9.864
19.152
13.864
8.576
13.864
17.152
20.44
13.864
9.864
9.864
8.576
9.864
28.752
36.016
14.152
27.44
22.728
32.44
11.128
48.198
8.886
10.864
8.576
17.152
9.864
11.04
13.44
44.304
21.816
17.152
19.152
44.64
28.44
10.864
8.67
20.44
8.728
10.864
29.44
10.864
13.864
28.44
31.016
16.44
9.864
23.016
11.304
14.152
41.88
10.864
13.152
40.44
73.456
8.576
17.152
8.576
17.152
61.608
10.04
27.44
8.576
10.864
17.152
33.108
12.152
16.44
20.44
59.456
33.016
29.752
11.152
10.864
11.152
20.44
8.576
17.152
80.456
11.144
22.728
17.152
8.576
8.576
39.304
13.864
8.576
29.44
12.152
21.44
8.576
14.152
16.532
49.22
16.508
11.152
35.304
13.152
22.728
10.864
8.616
8.576
43.393
13.152
13.864
11.04
29.728
10.864
8.752
8.576
14.152
8.576
32.864
19.352
11.24
10.864
43.304
9.864
27.44
17.152
8.576
17.152
11.152
27.152
27.152
40.592
26.016
20.44
20.44
33.016
9.864
8.576
9.864
16.44
42.592
19.152
20.44
29.44
11.128
13.864
13.864
13.864
10.864
29.728
8.576
21.728
10.016
27.44
13.864
10.928
16.457
13.152
13.864
9.864
8.576
28.152
42.592
27.244
10.864
8.752
28.152
13.864
27.152
37.04
34.44
10.864
13.864
37.304
9.864
20.44
27.47
10.864
34.016
13.864
28.904
8.668
10.864
42.304
34.728
8.616
14.328
13.864
13.864
13.152
30.016
9.904
28.152
20.44
41.304
22.728
13.864
16.44
10.864
28.44
13.881
10.864
10.864
8.576
19.152
13.44
17.152
8.576
22.87
29.728
20.758
13.864
33.728
13.864
36.016
10.864
29.728
9.864
41.016
12.152
9.864
70.744
13.864
34.016
13.152
13.864
27.152
17.152
28.152
10.864
12.152
28.44
35.016
27.44
26.016
8.576
8.576
13.864
19.152
8.64
8.576
13.864
40.304
11.086
28.44
22.728
34.736
19.152
21.82
8.576
13.864
19.152
36.592
13.864
13.864
9.864
8.576
17.152
40.304
19.152
22.758
28.44
9.864
17.152
32.728
13.864
17.152
22.728
32.728
48.056
17.152
17.152
13.864
10.864
34.633
10.864
28.44
21.44
33.304
11.152
12.152
8.576
42.592
45.168
12.152
46.304
23.016
20.44
10.864
8.576
31.297
10.864
13.864
25.304
16.656
39.304
44.304
9.864
31.016
28.152
21.728
13.864
21.728
8.576
30.016
20.44
8.728
34.944
97.761
70.744
17.152
28.728
13.864
14.152
33.04
13.864
13.44
33.016
28.44
42.982
36.728
8.816
10.904
13.864
10.864
30.016
14.152
10.864
10.864
13.864
28.44
44.592
10.864
28.44
13.864
13.152
35.728
34.728
8.798
34.886
41.304
8.576
28.152
35.128
10.216
32.44
13.864
13.864
39.016
24.728
44.304
10.992
10.864
39.48
36.308
10.196
8.576
35.016
8.576
37.728
10.864
8.616
20.904
36.016
28.44
23.016
20.44
13.864
25.304
8.576
27.152
21.728
31.016
34.44
33.728
32.304
11.152
13.864
38.016
17.152
27.44
81.993
13.864
57.744
74.548
22.728
35.016
28.728
20.44
22.728
33.016
68.032
28.728
33.192
43.592
56.456
51.592
81.412
72.592
87.625
