8.576
8.912
8.84
9.008
10.864
9.176
9.44
11.032
9.608
10.632
10.04
13.864
14.124
11.112
13.768
9.584
14.385
14.313
12.064
14.604
12.16
10.2
14.46
8.672
12.168
12.544
12.936
10.032
10.864
13.864
8.792
10.864
8.84
14.032
13.312
10.224
17.8
11.008
17.94
13.696
14.268
12.8
14.436
8.624
18.204
11.2
17.172
14.46
8.576
10.864
14.536
14.584
13.44
14.44
8.576
10.128
17.04
21.488
17.704
13.648
14.148
18.036
8.912
13.152
19.608
11.136
17.92
10.864
22.776
12.24
14.392
11.2
17.2
11.128
13.744
28.152
20.632
13.68
13.728
12.2
10.896
17.368
11.064
13.936
14.32
21.024
13.864
10.388
11.032
23.856
14.152
20.44
14.08
11.22
14.248
8.744
21.556
14.344
8.792
17.632
27.68
14.212
9.008
11.14
11.26
11.936
10.108
9.104
17.536
20.596
8.792
14.704
21.488
19.64
28.496
8.888
28.184
14.968
20.936
27.584
9.152
17.704
21.32
17.412
9.872
13.5
8.744
14.868
22.976
21.68
14.244
10.864
34.728
18.208
27.508
28.872
29.784
17.668
27.44
14.472
8.888
13.908
13.8
20.216
11.088
39.064
28.896
20.512
30.384
10.12
19.72
17.7
22.392
28.824
39.448
14.028
11.582
14.112
35.176
8.824
14.176
35.016
12.352
11.544
33.28
17.46
9.568
14.268
14.152
29.52
32.176
14.316
14.08
10.473
9.784
14.484
29.008
30.081
20.752
17.172
14.7
29.956
17.508
17.436
22.732
27.488
10.3
19.616
14.98
11.788
39.944
22.756
14.404
8.624
11.092
21.652
14.7
33.992
22.06
10.9
8.96
11.548
35.528
14.348
25.584
11.336
14.396
41.64
10.752
14.892
35.04
35.446
17.968
14.012
11.568
23.974
14.18
11.422
28.388
21.31
18.112
40.436
43.558
17.892
14.564
21.728
40.144
34.776
10.864
14.032
21.832
34.752
25.72
9.864
28.368
8.624
37.416
32.072
13.864
30.184
9.984
11.6
18.352
31.032
9.128
30.4
14.2
28.92
24.536
15.088
14.248
10.248
8.864
28.936
14.296
20.672
28.624
17.464
30.184
9.2
34.192
13.864
21.577
35.048
24.04
21.176
13.864
36.3
28.44
33.224
14.032
22.188
9.272
11.316
28.536
35.84
14.368
27.848
25.332
40.496
11.624
39.712
11.28
11.1
11.608
35.028
14.628
30.016
10.984
28.504
8.576
39.832
11.512
11.44
33.64
21.112
46.772
8.68
32.98
8.848
11.068
17.752
41.88
10.912
28.838
17.884
14.68
27.4
11.152
26.932
17.82
9.088
13.864
19.704
25.52
18.352
38.112
14.536
18.16
8.88
13.384
18.208
8.928
40.432
28.96
12.694
8.888
11.728
23.782
28.816
13.15
11.464
13.921
28.486
17.569
20.108
28.608
21.454
34.896
13.68
28.584
14.176
10.872
14.344
33.592
9.864
27.392
23.68
21.444
8.576
30.192
33.6
8.912
13.98
10.912
54.68
13.908
9.008
14.076
28.848
11.368
19.32
22.936
40.744
12.112
13.864
20.512
28.536
10.224
11.142
16.944
13.96
14.352
17.368
14.16
8.744
11.176
12.648
34.472
12.336
19.296
11.272
21.984
13.864
27.984
38.472
8.88
13.576
10.08
33.168
10.864
9.216
9.864
34.728
29.156
11.736
16.724
14.224
27.656
33.808
13.96
9.464
29.416
9.632
13.864
21.08
10.844
9.728
14.08
37.172
35.456
14.233
34.34
21.014
14.401
28.628
34.982
14.569
11.862
12.27
17.344
28.752
60.798
11.88
69.366
17.44
11.32
28.488
29.574
38.728
14.752
19.456
28.832
36.812
35.944
39.952
28.56
28.868
56.44
11.208
13.96
10.316
9.088
15.096
14.128
10.364
21.856
23.904
33.792
8.576
11.88
17.776
11.806
45.288
17.944
8.854
14.256
14.512
27.862
11.032
28.03
27.838
28.56
9.166
40.128
12.656
21.694
17.376
14.368
11.504
21.742
30.864
14.536
39.55
28.752
14.464
28.798
11.4
10.304
17.392
41.086
11.328
76.912
21.512
14.44
39.694
29.256
17.608
9.982
28.704
36.672
14.704
29.04
8.836
14.872
14.808
11.776
12.096
12.784
17.608
32.752
11.664
29.032
34.272
27.488
11.56
15
8.696
29.248
13.912
31.128
27.944
22.936
23.616
11.312
23.089
30.864
9.2
11.617
49.152
26.185
37.736
38.88
11.713
21.704
40.608
21.841
9.152
38.736
31.249
23.48
17.848
30.984
38.017
33.128
12.576
30.745
8.576
14.664
14.473
47.316
28.632
14.161
33.204
46.92
13.96
12.169
20.292
23.257
13.368
9.3
13.864
12.385
11.833
11.248
19.851
23.281
11.139
14.128
8.787
14.176
12.158
14.344
27.608
11.488
41.024
41.176
11.646
71.488
8.744
9.864
11.814
42.256
27.512
11.622
9.2
26.31
17.32
11.288
51.918
9.656
15.248
21.44
11.076
14.032
23.964
17.32
10.932
28.488
11.448
21.66
28.896
35.016
17.152
21.16
12.849
11.368
10.864
51.777
21.856
13.96
29.385
34.024
10.864
30.153
30.321
17.704
14.608
11.409
34.016
21.256
13.84
67.144
21.232
29.512
13.096
14.148
19.6
25.72
10.624
17.196
35.248
10.552
19.816
17.2
49.256
10.032
11.51
29.864
14.268
20.918
28.832
17.436
9.086
53.24
14.124
38.294
11.152
11.942
17.532
9.71
30.112
14.264
21.518
14.312
14.556
12.446
14.604
11.278
8.836
28.2
27.364
17.412
8.812
17.58
32.896
11.512
22.888
41.56
9.016
14.608
10.172
27.664
12.26
37.912
14.268
11.392
14.436
17.228
18.084
8.576
37.076
14.772
12.176
34.664
10.964
21.272
17.372
27.8
20.648
28.488
14.032
19.748
11.296
18.04
32.728
20.772
10.864
14.368
28.576
29.728
18.016
11.032
38.176
40.144
28.384
27.232
11.272
20.92
11.32
11.32
11.248
11.032
31.272
13.912
23.112
9
17.32
11.4
8.808
16.532
9.038
11.606
17.196
22.728
8.774
12.816
27.902
11.184
13.864
20.87
38.678
39.64
39.88
21.326
53.848
21.296
12.614
25.696
14.248
9.662
14.296
10.032
12.11
17.464
19.412
28.368
14.752
10.368
28.776
21.712
9.16
14.608
38.424
40.672
12.448
14.776
11.112
28.72
40.096
36.72
33.568
9.904
28.072
11.616
10.36
24.208
29.473
14.328
12.136
21.424
13.728
11.256
40.752
15.024
13.032
27.32
10.8
11.288
8.816
26.944
20.44
11.152
28.72
14.032
11.08
29.92
8.848
15.856
9.912
47.056
11.64
18.4
23.224
10.248
14.128
38.814
11.976
37.28
87.342
9.27
39.318
9.486
11.424
14.032
50.574
28.752
28.88
53.382
11.16
9.99
21.918
40.608
13.864
28.44
28.446
11.808
42.592
27.894
28.776
8.862
13.912
10.584
42.014
8.91
17.44
43.872
41.582
8.958
17.488
11.166
10
51.28
12.806
8.912
34.862
30.782
79.504
11.63
12.112
9.953
36.878
9.16
10.121
29.126
12.929
31.456
23.897
30.902
21.304
8.992
29.678
14.8
14.296
39.4
42.926
14.344
9.088
31.094
28.934
23.536
14.772
29.63
35.488
33.016
17.34
39.256
8.824
15.108
23.216
27.712
14.916
12.224
14.964
14.152
29.846
17.2
27.59
11.32
14.728
19.478
17.656
37.886
22.824
15.064
8.774
34.632
14.152
15.232
27.542
14.2
27.608
22.736
11.038
9.864
13.864
8.908
36.432
22.996
11.374
10.08
24.244
10.008
18.06
32.572
28.06
12.152
41.806
11.6
8.576
17.652
22.184
42.262
30.502
8.912
33.79
28.152
14.28
13.912
12.152
37.248
12.32
33.576
8.576
12.008
40.944
29.232
75.278
28.721
15
13.96
45.528
10.864
34.875
79.792
37.683
16.84
13.44
19.491
28.44
31.016
8.624
11.134
9.864
39.752
14.08
34.76
14.248
30.696
11.59
9.008
17.416
11.038
35.456
14.704
14.152
8.792
14.08
8.96
34.088
14.056
39.352
17.224
14.512
10.246
10.864
11.734
17.2
9.232
9.04
28.44
36.654
36.648
14.248
34.846
28.296
14.176
32.734
13.944
8.576
28.44
11.832
28.68
17.416
11.928
27.536
25.656
17.2
34.776
25.806
13.686
14.128
19.464
16.854
28.854
27.792
17.32
14.846
35.16
34.488
9.864
28.536
35.424
9.96
23.392
9.672
14.08
29.088
14.68
40.08
17.368
25.168
12.768
39.304
14.148
42.544
12.936
14.272
11.008
28.704
10.3
48.616
35.112
10.468
13.32
14.58
11.716
11.272
29.208
14.628
10.324
40.72
21.696
17.2
29.544
16.868
10.08
17.152
44.472
11.396
13.56
39.764
13.728
29.972
15.348
41.66
21.038
20.464
91.148
9.566
14.876
47.574
15.492
33.254
31.004
10.182
15.66
9.662
32.012
39.51
49.55
22.94
28.478
53.108
29.496
35.256
43.796
15.372
12.868
13.244
16.6
13.6
19.772
18.468
34.848
53.67
29.708
11.856
14.598
8.784
26.406
29.352
66.792
24.174
54.6
12.102
9.288
11.67
14.724
8.856
11.784
14.646
22.566
14.334
14.508
33.616
14.862
18.876
60.76
39.424
45.87
19.044
12.448
8.752
14.958
11.56
23.406
14.94
36.688
19.188
27.616
15.582
14.769
46.23
18.177
14.152
18.225
8.576
29.32
9.864
41.096
15.688
14.961
8.576
12.376
24.948
8.624
14.824
14.632
27.152
24.606
16.12
14.313
39.894
15.448
14.416
41.328
17.916
37.444
31.864
14.004
42.232
14.172
8.672
14.34
11.248
36.624
35.612
33.993
80.06
29.52
30.681
35.708
24.768
24.729
51.576
24.476
12.356
12.284
28.652
28.772
46.712
15.5
14.08
37.388
11.364
11.292
15.404
8.94
11.492
8.988
14.54
34.716
13.864
11.708
37.536
20.604
17.632
44.636
42.404
9.012
41.7
17.944
20.697
9.228
14.272
11.032
51.156
14.32
9.444
14.58
13.624
38.532
29.032
20.1
10.96
20.944
27.948
14.028
9.996
14.196
24.564
29.968
11.488
10.092
14.296
21.136
17.2
21.18
14.128
20.388
17.536
10.716
14.152
14.584
13.36
14.632
20.667
11.728
8.715
21.963
43.596
9.864
23.931
28.704
41.019
33.192
12.088
47.787
11.16
13.864
9.435
28.848
48.603
39.216
9.051
30.504
11.272
8.68
17.724
14.896
11.728
14.172
21.976
28.324
8.944
13.864
22.312
17.152
20.2
34.824
78.504
17.152
35.248
10.392
38.536
33.184
29.865
28.2
17.32
8.576
29.553
50.328
14.488
38.016
10.104
34.44
30.192
27.888
14.536
29.728
36.496
9.096
11.08
29.752
14.052
17.488
9.344
29.44
10.2
27.512
17.368
38.36
40.64
59.288
13.864
28.928
38.664
19.976
14.032
10.184
13.864
21.872
11.736
40.416
17.872
25.384
54.862
13.96
11.12
13.792
35.71
12.368
10.318
14.296
45.416
47.686
11.416
17.268
29.926
28.174
14.676
23.614
11.766
37.702
21.142
11.23
9.238
13.47
27.646
38.494
29.134
13.686
9.982
11.694
21.07
39.064
15.342
64.918
13.864
21.232
52.71
10.726
29.08
10.894
64.8
38.008
9.876
31.488
21.976
21.084
17.848
12.784
11.924
13.864
22.057
28.172
9.588
18.112
12.865
12.02
17.44
34.513
21.908
9.084
14.248
22.201
12.356
9.252
14.176
10.849
60.764
10.98
10.897
53.545
19.896
14.516
17.152
9.024
12.404
14.08
14.248
20.44
35.728
21.84
40.808
17.176
28.288
10.096
9.256
13.416
29.256
14.032
13.584
29.548
37.036
27.44
38.624
10.804
30.272
8.744
30.744
13.152
47.712
34.656
28.2
41.4
40.344
29.928
9.192
13.536
25.776
38.4
10.944
14.2
22.128
35.688
10.872
9.336
10.68
9.504
28.272
28.44
14.032
14.54
9.84
10.368
17.2
14.468
24.048
12.576
13.912
50.996
38.976
29.924
9.984
29.352
28.772
13.864
12.312
14.42
10.412
10.2
40.58
41.088
23.92
14.128
10.416
35.094
10.464
28.542
22.216
14.224
10.392
12.304
12.36
75.352
9.888
40.369
47.496
17.152
36
9.624
17.147
23.328
34.392
9.36
9.864
23.208
8.976
11.152
19.944
20.92
40.272
17.344
30.208
28.44
9.36
24.736
13.864
9.288
23.344
9.638
13.96
64.88
11.416
32.726
28.68
27.854
11.032
13.968
11.702
10.296
9.23
11.918
14.2
38.352
14.248
27.44
17.176
41.148
33.472
8.576
13.912
10.284
10.96
52.304
36.132
9.032
14.128
28.74
33.08
10.788
17.416
21.488
10.716
21.896
14.392
10.644
13.464
9.464
17.8
33.552
9.512
21.72
23.84
28.368
9.608
41.808
13.984
9.536
37.016
13.864
19.904
28.952
17.248
8.96
35.048
21.44
13.876
9.056
9.224
11.544
19.592
28.608
36.528
13.864
20.72
92.376
11.976
17.401
20.048
29.304
8.816
37.512
27.944
43.32
9.152
37.128
13.864
11.856
19.488
44.064
8.856
11.512
29.112
27.504
29.68
48.24
11.592
13.408
32.4
33.888
22.896
9.336
41.736
9.504
17.2
10.864
36.504
28.392
14.032
34.56
40.248
29.944
28.536
33.384
13.152
13.96
28.752
9.98
10.864
13.888
12.12
11.032
12.488
9.768
13.912
37.232
19.896
22.1
11.24
9.744
11.168
28.616
13.864
28.553
11.264
14.032
11.681
42.992
19.32
11.129
17.152
39.408
35.777
13.188
8.736
10.505
19.344
41.016
11.112
11.664
16.737
28.752
27.44
40.689
12.488
21.008
11.577
13.864
28.752
61.88
8.768
22.28
40.472
8.816
10.088
13.864
17.24
11.144
33.536
14.032
21.224
21.168
70.472
68.384
11.296
33.56
13.936
28.024
10.864
13.864
61.456
8.888
24.646
29.656
14.008
29.614
14.344
11.152
8.716
14.032
10.864
8.576
14.2
14.128
11.08
36.928
14.224
30.496
8.792
29.224
14.56
39.56
30.472
23.288
11.244
17.248
19.736
13.692
64.572
9.824
29.276
10.196
28.352
33.524
9.68
30.753
12.128
30.756
9.896
13.864
26.964
35.024
29.276
14.032
14.892
9.872
14.2
29.58
22.16
12.628
14.128
9.968
12.796
28.46
10.136
17.536
11.252
39.344
17.584
11.6
34.1
34.712
40.592
10.448
45.548
28.88
14.292
10.296
34.556
12.248
17.608
29.064
40.844
22.496
22.152
29.012
28.784
17.344
37.92
30.5
11.014
15.548
27.862
34.996
46.796
50.008
13.912
28.32
39.736
10.492
16.848
8.944
8.872
11.32
20.654
47.488
53.728
30.736
35.9
12.664
8.948
14.512
14.656
17.152
12.28
30.064
47.654
35.248
10.912
14.08
29.896
40.72
14.128
8.576
10.744
13.312
14.344
8.792
14.512
8.84
37.408
28.444
14.32
13.216
21.664
27.32
23.152
11.768
28.72
9.176
14.152
12.104
10.873
71.648
25.424
20.872
20.608
42.74
28.816
61.16
28.928
11.004
29.696
10.296
11.172
14.68
11.504
42.092
13.224
44.82
14.46
23.336
35.148
11.504
28.712
8.84
13.436
34.916
8.744
20.608
8.974
28.44
17.824
10.624
28.488
17.632
8.648
11.152
14.616
20.576
14.08
83.544
30.432
11.128
12
27.616
12.512
8.824
13.864
41
32.868
11.56
13.96
10.116
8.608
33.016
8.656
11.224
27.664
17.484
27.484
10.912
8.812
13.96
41.2
20.38
8.788
35.472
11.596
22.116
17.2
11.764
41.364
14.728
9.052
22.768
39.732
8.648
14.268
34.668
33.176
40.352
17.464
39.344
11.912
14.56
22.636
23.097
14.428
8.576
26.236
14.484
19.304
14.532
9.032
14.241
9.08
11.889
14.508
31.208
21.537
22.336
9.296
28.608
11.376
9.2
20.664
18.016
41.784
39.872
33.552
11.2
11.04
27.608
9.656
21.11
13.838
13.176
9.488
37.104
20.936
14.152
17.724
28.48
10.736
9.872
12.208
36.704
14.104
40.816
12.424
29.24
39.82
14.44
25.432
10.108
23.716
17.652
28.236
32.404
37.176
23.212
12.144
27.416
11.888
17.488
36.776
27.752
14.056
8.84
10.289
14.224
12.084
17.512
28.92
11.272
37.016
38.505
13.864
8.576
37.088
8.744
13.864
13.724
8.792
10.916
60.74
40.604
14.128
22.748
39.984
16.412
14.464
42.144
20.848
8.624
41.896
38.688
59.344
33.096
17.152
36.712
23.064
25.444
31.24
14.464
12.448
13.176
52.664
14.512
24.856
8.912
33.56
17.248
26.464
46.928
41.304
11.448
22.496
17.584
14.736
28.776
9.944
30.384
12.272
28.752
34.632
9.8
13.44
13.864
28.328
28.502
39.176
17.824
44.744
23.192
35.84
28.868
17.608
10.088
10.136
28.488
13.864
10.304
11.152
26.256
13.912
41.312
10.056
39.184
23.6
29.304
13.864
41.288
29.112
14.152
20.936
21.12
13.72
33.464
29.008
35.912
11.896
49.152
9.56
9.96
19.448
14.32
11.208
8.936
28.168
19.904
35.176
36.668
33.032
13.384
10.076
11.512
8.792
28.72
27.808
9.142
66.736
27.91
11.944
10.032
11.758
35.512
43.726
23.488
53.624
39.88
9.454
13.96
10.416
38.422
39.504
35.59
14.152
28.752
50.638
14.224
10.8
10.126
12.168
32.134
28.436
29.136
28.222
11.766
24.504
9.79
31.992
21.838
14.344
29.28
9.886
10.968
11.254
16.704
12.216
27.982
17.32
19.63
11.8
10.198
23.686
11.974
32.944
44.302
17.32
38.4
45.31
14.128
11.492
35.638
35.06
11.566
17.584
28.896
30.096
20.854
38.784
12.024
55.702
17.2
12.432
10.99
17.368
29.04
12.358
14.056
13.488
11.446
13.8
11.014
29.208
21.022
30.764
15.3
10.99
13.172
17.152
11.038
12.14
10.606
42.428
15.564
10.054
12.356
9.502
29.684
30.208
13.652
9.732
37.472
9.9
52.504
14.032
24.228
29.316
11.152
40.932
13.864
36.084
15.9
10.452
30.736
11.388
13.912
10.38
13.068
11.224
14.008
30.276
17.752
11.124
36.492
10.14
11.536
9.588
14.608
35.196
21.952
20.484
11.56
14.704
10.332
12.448
10.38
30.376
12.468
12.064
36.516
30.044
30.924
42.16
11.252
40.812
17.18
10.38
10.172
36.188
12.948
11.796
14.368
34.796
40.956
32.844
14.564
10.884
30.972
10.452
12.18
37.14
14.364
40.952
20.268
10.116
10.864
34.692
50.364
65.632
37.38
23.652
10.864
29.988
37.02
26.872
54.876
10.908
30.88
12.924
30.276
17.488
11.368
11.244
45.596
13.864
29.968
30.972
10.336
28.58
37.62
29.944
25.068
24.828
9.864
43.116
28.956
14.176
33.072
31.524
17.944
37.452
14.392
12.248
14.7
41.688
14.56
38.388
28.728
14.728
23.139
12.147
14.475
21.44
30.723
25.731
10.504
17.488
38.208
11.619
10.672
13.936
11.667
13.96
26.115
38.148
45.24
26.283
29.916
13.864
29.688
46.011
28.644
36.099
13.864
9.747
11.152
54.315
10.12
14.032
21.003
60.568
17.56
28.488
29.331
14.008
29.856
29.019
10.827
14.3
11.2
22.395
13.868
14.488
10.683
44.028
14.036
33.256
22.491
28.384
11.464
43.539
29.872
10.467
14.56
42.915
43.288
10.803
17.152
11.032
10.731
14.32
21.339
10.827
42.564
54.195
11.163
12.158
11.331
38.654
11.681
13.864
11.849
25.697
11.992
11.825
28.608
49.913
17.56
12.281
11.04
14.08
22.728
11.729
20.897
17.152
11.345
79.224
13.96
29.153
14.68
29.321
33.689
11.896
11.249
14.032
53.537
51.92
11.465
28.568
92.694
11.633
29.801
28.841
21.776
58.769
17.32
11.729
22.036
11.777
33.617
12.364
11.228
35.345
13.912
15.172
10.673
22.78
14.052
10.636
12.572
12.108
34.684
33.636
11.092
17.209
41.592
29.964
11.26
12.732
11.428
20.44
15.78
27.992
13.068
14.032
11.24
17.2
36.016
13.264
11.59
11.638
40.84
21.046
29.448
25.048
11.494
50.136
33.022
13.704
29.11
29.952
12.644
58.44
9.844
42.168
11.572
41.016
9.58
16.704
29.952
28.276
13.56
28.084
47.568
37.876
28.012
13.536
14.032
13.944
14.2
9.433
34.568
17.112
9.601
14.28
14.176
9.769
31.068
11.377
30.396
12.876
19.585
12.324
14.44
22.153
10.441
17.152
12.54
36.169
17.2
11.868
12.108
10.777
13.912
29.676
29.796
10.825
29.484
11.364
10.993
24.492
13.98
60.841
29.684
11.209
10.897
38.76
30.14
14.364
11.065
17.772
12.152
36.433
39.232
10.921
12.76
40.009
27.208
10.777
39.376
12.729
23.425
13.864
28.488
10.096
29.82
11.704
40.308
10.432
17.436
10.6
13.864
33.208
29.563
11.865
34.531
49.976
11.539
27.704
14.032
23.672
27.92
21.216
22.928
42.188
69.596
41.052
13.004
14.032
9.67
16.292
73.744
42.38
9.646
29.108
13.268
38.494
26.876
10.102
23.798
9.91
22.886
22.532
17.152
32.998
12.74
11.206
29.222
14.468
42.836
12.836
11.056
12.044
46.624
14.344
12.566
32.972
10.192
32.92
38.932
17.368
15.472
29.98
10.864
14.028
29.068
14.961
14.032
38.06
11.654
9.308
12.616
17.32
9.476
14.128
11.324
30.112
17.536
11.372
25.734
13.864
12.342
20.44
9.443
56.177
11.91
39.011
28.878
9.179
39.606
9.107
13.912
11.934
41.814
28.595
33.702
19.763
29.79
45.851
29.958
38.339
16.686
23.128
39.947
16.374
20.315
14.2
28.608
17.382
9.683
13.92
24.03
28.811
14.296
10.608
16.038
28.379
17.152
20.856
51.984
9.467
14.2
28.704
28.715
14.248
10.152
48.323
14.52
9.491
14.416
13.488
9.539
17.464
9.707
14.392
12.152
23.315
17.68
40.64
28.283
14.248
48.385
9.491
14.416
29.728
22.379
17.704
14.536
9.827
9.995
25.656
14.552
29.243
39.264
13.884
11.48
39.731
30.792
14.145
52.619
12.12
29.072
13.187
76.88
14.388
14.352
21.155
29.168
17.56
30.48
42.304
10.763
28.728
14.152
24.011
11.2
34.619
38.488
11.027
25.936
37.715
10.683
14.316
11.944
11.363
13.984
10.931
42.072
29.392
66.024
69.899
14.46
11.116
30.064
41.644
10.609
17.508
9.817
14.108
23.035
14.484
37.705
28.344
12.883
9.433
30.072
35.041
12.36
14.328
10.208
17.676
33.576
8.624
51.656
49.88
12.504
17.412
27.835
68.784
23.267
40.963
27.432
13.864
48.8
15.091
17.916
22.08
35.539
15.236
34.014
13.864
13.752
10.964
8.576
14.08
8.624
14.248
10.864
38.256
17.776
10.944
13.984
14.219
27.792
11.147
9.24
22.355
27.408
9.96
16.883
14.032
47.928
11.291
34.056
76.859
15.491
35.112
9.176
14.939
13.864
14.027
27.152
22.475
33.563
21.03
11.152
29.051
13.864
43.278
11.339
14.032
11.507
11.675
38.304
11.603
14.176
8.952
28.704
9.12
42.976
9.048
12.192
10.864
10.2
29.328
14.152
19.152
34.68
51.88
25.584
21.432
37.728
34.44
16.8
29.776
24.916
13.912
10.884
13.864
9.012
10.92
17.152
11.568
8.576
17.32
27.704
33.321
21.44
45.032
14.408
11.24
28.728
19.808
11.616
20.816
29.184
27.152
11.832
36.24
19.248
33.168
11.032
8.856
56.32
21.704
9.864
28.352
8.576
15.68
11.24
29.288
46.576
15.776
19.384
13.864
39.592
75.104
9.174
28.232
14.2
29.328
47.262
42.592
14.249
17.368
8.91
28.577
14.296
40.625
11.393
14.152
8.576
35.696
10.864
17.2
8.744
14.128
28.94
10.96
14.176
28.252
17.464
8.86
14.632
27.868
21.196
36.208
9.364
10.216
28.94
13.864
41.64
11.692
13.912
16.84
39.94
12.232
14.08
32.608
29.105
13.921
8.576
14.089
29.348
85.784
14.137
30.356
40.844
14.032
11.252
11.032
42.972
17.92
33.98
20.608
8.92
14.468
24.116
14.924
10.072
25.052
22.137
27.704
10.104
8.912
28.488
14.768
11.416
10.056
30.384
23.39
14.128
19.358
11.368
47.416
29.184
14.224
11.464
29.352
29.992
14.264
37.24
8.84
35.912
11.048
50.534
33.2
13.864
10.864
15.008
8.632
29.816
17.152
14.32
8.792
32.92
11.24
29.968
28.928
13.696
26.704
11.752
11.656
8.792
17.68
30.28
11.584
19.4
14.008
25.528
33.952
29.768
17.152
73.336
31.36
21.296
30.424
10.288
11.624
14.032
15.112
12.616
19.712
17.32
11.92
30.424
46.76
35.248
9.368
10.777
14.08
29.176
38.696
39.865
9.584
11.593
43.206
20.672
11.161
17.2
36.054
8.6
14.329
14.248
11.982
12.937
34.945
14.574
31.662
12.108
29.196
8.576
17.152
24.784
15.204
8.624
23.272
14.628
41.172
39.632
11.58
31.98
27.8
40.788
10.548
9.19
14.292
12.996
36.238
36.204
40.52
23.566
9.694
28.44
12.502
14.568
9.67
28.896
50.916
33.478
17.424
40.366
34.632
9.574
11.88
35.302
14.604
33.31
17.036
17.532
9.118
13.724
15.06
49.726
11.132
14.148
9.094
29.372
17.916
11.412
29.468
22.728
43.248
12.716
17.46
20.824
28.896
17.508
19.552
10.864
14.316
14.632
14.292
54.856
8.624
14.152
41.072
38.24
30.228
14.364
28.208
38.216
13.201
17.652
33.324
21.224
11.172
20.192
14.601
14.46
9.08
17.676
28.788
33.848
30.256
11.436
9.176
14.985
29.124
37.728
40.492
36.252
13.92
28.98
12.67
72.768
8.878
22.132
14.817
57.286
29.376
39.82
17.985
37.344
15.028
15.153
39.184
10.752
29.476
8.872
41.756
10.92
14.524
18.057
8.744
15.945
22.388
44.352
9.24
37.396
9.864
9.168
18.177
35.884
13.632
20.016
15.345
24.172
34.704
15.513
14.38
9.432
18.561
12.116
27.836
23.76
12.768
14.464
23.132
9.576
18.945
10.7
38.304
12.548
20.592
14.841
12.236
10.796
9.48
19.329
42.928
11.684
16.724
31.608
14.612
40.536
15.225
24.438
9.264
15.393
54.486
27.672
29.214
11.556
10.782
10.59
29.238
38.632
15.393
40.086
36.4
35.064
14.574
44.756
18.582
11.084
13.95
9.092
18.558
18.606
10.2
8.75
18.729
26.304
11.798
33.192
8.726
18.825
40.094
33.4
11.056
18.993
10.288
8.576
28.152
30.496
13.864
11.024
11.28
13.024
17.19
23.088
14.368
24.332
42.952
17.296
8.9
14.2
28.408
17.152
40.676
8.684
26.92
28.608
53.644
17.152
8.576
11.004
13.912
16.812
8.744
27.488
36.776
13.864
32.58
13.248
9.228
13.864
12.036
29.016
11.964
37.104
11.092
72.552
9.008
28.78
14.668
8.912
29.14
14.188
47.136
20.44
11.68
28.44
10.888
11.808
10.576
14.56
14.736
8.67
17.248
14.416
8.576
17.152
17.152
11.056
14.08
28.848
14.584
23.688
22.286
17.704
14.728
23.424
13.864
10.022
9.072
34.31
58.32
75.52
30.278
52.408
41.88
37.046
75.736
36.734
10.862
13.864
13.416
8.86
28.704
17.2
39.628
11.1
14.296
28.184
11.028
37.236
14.512
13.088
21.924
36.176
11.652
22.26
40.422
17.152
34.44
47.748
15.04
9.528
11.556
12.276
17.608
20.616
25.884
34.644
40.808
15.256
20.784
11.532
10.932
38.232
50.94
10.92
14.508
11.868
11.988
14.676
15.036
29.196
8.812
12.204
8.86
17.752
40.108
13.12
33.204
9.316
45.208
12.492
35.044
10.576
11.46
14.076
38.452
28.984
11.148
9.94
41.752
29.872
14.052
9.211
13.168
34.219
21.427
48.592
30.184
49.435
30.28
36.592
37.768
38.396
18.012
21.856
11.444
14.22
45.224
11.744
27.932
57.752
10.952
14.224
37.34
33.56
18.112
34.628
29.288
14.68
27.956
13.182
15.656
14.368
8.804
25.71
11.864
14.416
34.998
22.712
14.104
27.964
12.126
11.572
60.294
22.448
14.2
8.792
36.222
25.976
71.36
11.67
39.104
11.408
30.318
9.176
28.152
14.392
40.472
38.964
22.302
14.368
9.012
18.016
11.152
23.64
14.224
35.32
9.288
28.632
11.976
11.4
14.292
12.144
36.072
28.752
9.84
29.8
21.888
17.704
65.496
14.392
24.016
14.416
39.024
14.56
11.824
28.864
24.912
17.848
28.432
40.192
9.6
14.416
21.88
96.88
33.648
41.368
30.008
23.078
14.292
11.816
27.806
14.46
19.934
17.508
36.06
9.422
11.56
11.988
36.11
14.604
14.902
45.396
9.278
14.652
73.644
27.926
14.1
30.492
9.374
25.064
30.42
11.942
12.632
9.11
33.208
14.032
73.08
35.558
10.096
14.08
9.326
13.024
28.176
22.694
36.112
14.056
9.662
21.752
37.48
57.23
29.84
85.288
17.724
33.278
15.608
10.886
11.576
14.128
42.624
10.632
14.296
27.44
23.505
52.104
8.768
28.953
14.632
22.496
14.812
49.304
11.676
14.248
27.7
9.152
13.532
14.296
9.2
67.296
44.048
11.304
13.884
11.576
41.993
10.392
46.552
37.784
13.86
17.368
9.632
22.668
40.28
13.864
10.476
11.888
25.044
17.752
20.216
22.304
34.406
13.864
9.032
48.08
9.864
19.99
14.272
35.878
28.558
11.2
22.486
10.006
38.614
9.864
9.262
22.392
13.864
34.27
23.4
23.998
14.416
29.448
9.526
13.984
17.2
14.496
30.232
11.056
14.128
12.984
28.84
27.464
30.072
14.104
13.888
14.296
30.688
53.928
11.104
8.976
10.784
13.888
32.664
29.664
24.504
8.832
10.632
45.48
13.68
9.168
10.488
11.376
8.672
13.161
36.969
44.937
8.576
30.105
36.753
44.58
27.44
32.976
29.408
14.02
11.184
23.576
31.66
17.428
17.248
22.056
79.68
11.688
23
14.452
66.456
10.328
28.584
14.788
11.232
10.864
14.52
14.764
40.848
27.46
17.212
11.616
8.576
28.824
11.752
33.224
28.392
11.8
19.592
17.476
11.76
10.888
14.044
29.088
10.696
15.456
30.384
14.128
12.552
18.016
8.912
12.342
25.68
14.344
27.648
18.112
9.128
11.136
21.056
28.344
13.734
18.192
17.596
32.728
20.862
11.76
9.616
12.87
16.776
13.921
12.064
29.118
11.32
11.646
11.368
14.032
33.264
11.214
23.862
11.43
31.072
14.04
10.36
43.008
11.584
28.416
14.752
42.924
33.144
9.152
11.92
12.072
71.12
29.848
11.408
12.016
12.16
22.616
13.864
42.928
38.624
12.232
15.204
24.032
12.304
9.2
10.776
28.672
21.728
10.344
14.508
12.536
28.632
21.808
9.944
67.936
21.512
20.24
68.224
10.456
11.272
13.27
14.388
28.744
28.798
14.436
39.406
13.54
10.894
11.518
11.062
33.07
20.656
36.118
11.248
14.206
28.456
23.134
11.104
17.652
29.542
36.79
15.228
13.438
38.926
21.934
21.64
46.942
14.58
35.184
28.768
34.99
28.872
18.108
14.158
14.916
10.966
18.444
37.054
33.476
15.132
13.582
14.684
28.848
18.66
41.47
14.508
9.838
36.046
9.08
30.016
8.576
17.94
28.2
10.384
14.148
35.088
8.792
14.316
29.616
24.08
39.744
14.416
21.728
33.304
29.592
11.64
9.912
13.864
58.71
28.488
11.728
17.992
9.558
28.896
24.616
52.584
10.504
8.768
28.872
17.385
37.432
8.816
30.48
44.264
22.728
10.936
11.616
25.504
42.024
10.864
14.712
13.422
28.68
11.448
23.496
20.728
13.086
11.664
11.032
10.542
31.84
10.59
40.288
8.968
8.576
17.152
21.728
32.264
10.912
9.08
13.36
28.72
9.128
10.168
39.808
22.384
9.616
20.44
70.264
30.286
14.368
11.272
11.032
27.52
12.432
10.048
11.64
9.032
11.208
17.152
19.4
30.576
27.368
22.224
30.192
10.68
9.07
8.576
23.352
28.248
32.728
27.736
17.196
28.32
8.944
17.364
28.192
14.052
8.576
14.22
8.744
14.872
11.656
28.472
13.864
9.2
13.912
24.368
24.552
28.016
15.424
9.464
13.656
19.592
15.144
9.532
35.112
10.388
21.22
26.76
41.174
9.748
21.888
43.396
14.616
14.152
21.244
11.664
17.2
10.012
29.952
20.86
11.52
10.916
10.108
21.768
10.844
14.464
42.692
30.164
10.324
12.158
29.692
14.246
10.864
21.572
13.694
38.344
23.324
33.232
13.884
12.356
12.476
64.724
17.488
10.42
48.092
32.54
13.96
33.88
19.488
12.308
17.728
52.168
10.564
30.476
40.816
13.844
19.992
17.728
29.588
10.68
17.656
24.512
20.448
30.08
13.628
11.376
13.676
13.796
39.384
32.324
35.444
10.992
13.892
36.532
29.5
38.06
13.864
12.416
37.376
13.904
39.104
11.912
99.704
14.6
8.672
13.955
13.912
23.408
11.488
13.931
9.96
44.416
16.619
13.936
8.84
30.227
33.107
14.315
14.152
8.936
10.043
29.969
14.185
20.64
27.649
41.068
14.176
10.473
16.652
14.344
12.561
26.555
14.272
30.969
14.32
13.017
24.785
8.624
15
11.393
28.232
42.161
8.96
14.992
35.729
15.04
19.152
11.771
23.777
15.088
35.099
14.705
8.744
17.416
62.147
29.873
8.792
15.544
68.315
38.801
8.84
11.123
38.489
15.251
40.937
34.59
30.659
31.625
42.558
15.228
11.387
46.193
27.726
37.481
37.014
18.112
33.897
42.822
15.16
14.745
28.23
45.012
42.568
12.438
45.488
36.966
25.228
14.916
30.776
11.264
8.576
15.012
32.912
45.464
10.4
11.072
11.24
15.156
76.088
19.449
9.296
18.444
29.728
42.824
18.252
42.272
48.033
25.66
9.8
21.488
9.656
11.152
13.864
28.544
28.72
10.112
13.28
18.108
53.648
18.276
44.06
34.616
14.484
44.899
28.656
13.784
14.568
10.712
17.46
36.08
14.8
36.248
11.336
14.76
15.016
28.152
76.664
54.84
23.432
9.912
14.208
22.16
15.324
21.72
10.688
40.777
36.896
17.488
12.216
43.424
36.512
17.824
28.675
23
17.752
42.488
14.32
11.392
10.678
23.488
10.606
28.576
13.864
22.054
14.944
11.776
28.822
73.489
41.152
14.08
23.23
17.32
17.608
12.718
17.248
10.246
11.896
22.392
14.224
36.094
48.544
10.56
22.702
41.392
14.32
22.87
29.08
12.006
22.438
27.808
28.614
10.966
15.256
13.782
13.984
27.454
15.064
61.822
11.752
44.59
17.32
39.718
11.844
14.248
9.886
14.296
10.364
16.728
10.054
14.856
14.152
27.862
29.728
11.664
35.71
13.872
28.198
14.76
35.926
13.916
12.408
51.694
10.892
11.976
28.462
22.27
40.128
13.864
28.918
12.336
13.912
38.326
33.864
10.894
15.432
10.942
12.504
12.36
10.39
28.488
30.088
8.998
12.136
13.864
11.268
22.192
21.036
38.148
10.12
9.324
12.568
17.152
21.012
14.08
76.683
9.44
14.248
14.416
23.158
14.344
28.44
11.326
14.392
22.248
46.342
11.494
17.44
28.656
10.704
10.872
9.508
29.16
11.116
13.008
12.334
23.044
30.816
14.032
28.252
12.864
37.016
42.88
10.18
23.112
9.988
11.28
14.446
28.156
50.088
41.374
10.084
11.496
41.542
21.772
31.704
28.66
74.952
14.158
10.708
13.864
35.025
21.646
24.556
11.553
11.164
17.152
30.982
48.172
13.864
29.02
10.588
17.604
40.352
22.996
14.82
12.484
13.864
14.988
10.972
11.484
22.54
20.548
28.728
51.196
11.628
11.868
33.964
21.036
11.092
13.864
28.524
23.5
13.864
12.252
12.612
40.828
14.22
24.676
12.948
75.612
11.587
11.916
13.864
23.275
40.764
33.763
13.051
28.248
37.459
45.936
12.547
12.156
30.235
29.604
23.683
10.052
39.732
13.291
12.625
10.819
9.864
21.307
38.556
13.872
23.395
17.296
11.004
13.8
25.363
9.691
53.473
45.12
9.739
15.468
14.104
9.787
13.432
17.392
23.155
58.704
22.003
34.272
41.016
39.952
11.368
42
39.16
14.152
9.976
9.208
14.392
28.984
44.992
17.32
11.032
11.92
14.488
29.248
11.032
14.536
21.64
29.112
8.576
41.76
34.664
14.652
28.968
8.792
17.248
29.736
22.944
13.864
21.468
17.752
28.728
14.2
18.208
11.464
18.016
13.152
27.352
13.984
9.864
11.8
17.964
22.408
9.864
8.908
29.728
83.228
51.556
13.864
9.244
41.592
13.539
13.912
9.172
28.608
27.58
35.475
10.296
9.628
11.523
14.296
24.504
9.796
9.844
28.372
14.761
20.74
14.689
28.824
38.308
14.497
12.436
28.152
14.425
46.084
13.32
24.172
12.672
9.34
17.368
21.508
12.076
14.104
22.396
35.884
32.092
11.136
9.46
32.984
33.508
28.952
39.08
20.476
13.88
11.04
20.164
10.808
12.172
10.376
17.56
28.44
13.184
14.176
22.336
28.488
60.064
36.988
14.512
22.672
10.188
37.728
10.864
14.488
10.419
17.508
20.44
30.238
10.136
9.292
30.459
28.707
14.224
14.032
28.443
9.724
14.128
40.016
11.464
21.172
14.296
44.752
10.18
19.708
10.896
17.392
11.356
28.8
11.904
49.804
11.568
22.632
14.248
35.332
29.04
8.74
14.088
14.584
27.748
53.376
8.836
13.809
29.656
8.884
41.577
14.584
28.012
30.345
12.832
9.34
21.268
14.616
11.304
11.488
36.792
19.576
29.536
17.593
31.504
32.776
21.168
9.352
14.032
23.92
9.808
14.248
9.856
40.888
13.56
28.264
35.208
14.152
21.294
11.376
52.969
17.44
63.102
13.824
29.857
54.75
13.752
9.198
21.006
16.096
30.304
21.638
11.224
21.982
14.368
20.643
23.59
37.438
12.182
29.806
11.27
14.512
32.728
35.558
29.44
24.446
11.128
8.576
13.912
22.576
35.024
11.344
27.752
29.064
28.552
9.32
22.032
9.368
13.368
21.42
11.016
20.688
14.152
30.264
17.704
15.552
21.024
8.576
17.752
8.624
34.368
13.864
24.152
62.376
10.128
8.84
41.904
21.336
35.048
26.232
14.544
38.096
17.42
10.752
28.344
14.108
30.72
22.392
71.152
17.409
51.408
14.097
9.936
45.264
14.032
13.28
8.912
22.392
13.864
8.96
47.968
12.6
31.688
21.416
37.024
14.008
28.944
9.766
33.52
58.504
28.414
21.742
14.032
42.936
29.44
8.912
68
9.128
23.414
14.494
50.576
13.502
19.664
11.75
10.864
9.392
28.718
13.96
28.04
14.56
17.488
37.84
9.128
14.176
35.488
43.616
11.656
39.704
28.32
58.264
27.872
14.208
12.112
9.2
11.856
21.28
33.488
15.144
14.728
38.816
30.912
20.776
9.584
15.6
14.272
9.272
38.088
21.68
26.376
10.008
28.448
40.584
17.296
22.136
12.792
10.184
12.84
12.2
9.752
14.004
39.44
17.985
11.104
50.768
13.953
10.136
40.84
22.12
20.144
13.864
10.232
17.512
20.36
17.728
28.808
14.176
11.776
10.736
28.368
11.584
28.904
14.376
20.552
10.824
33.064
12.022
13.864
28.51
10.878
17.272
9.238
10.206
11.944
8.806
29.214
28.584
24.574
22.782
21.27
25.168
9.004
14.296
29.176
27.652
60.304
13.264
17.224
39.832
11.334
14.032
14.68
30.03
8.576
13.864
21.078
10.864
30.006
33.112
11.214
8.84
62.32
17.32
28.768
8.624
28.696
11.944
20.484
20.536
8.772
14.224
12.44
13.864
41.64
38.768
28.776
17.392
39.496
12.176
9.864
28.664
35.432
33.276
9.96
14.96
33.684
17.152
37.728
31.208
9.492
14.08
10.416
27.42
13.04
14.248
10.464
9.468
13.208
9.516
12.536
44.024
59.432
14.84
37.8
54.728
14.032
9.864
12.536
14.2
21.184
41.624
34.688
14.248
9.352
20.816
28.704
45.208
11.032
27.736
10.534
24.502
13.864
12.358
13.398
43.441
14.92
42.592
17.152
47.608
11.896
21.19
12.064
13.864
26.272
41.859
31.016
17.152
19.544
10.864
13.888
27.632
28.432
36.824
24.59
40.472
77.078
8.72
27.728
13.824
14.08
10.864
35.216
9.864
17.152
10.864
38.744
14.44
25.312
9.512
15.52
8.84
35.608
13.328
78.736
28.136
15.088
66.976
9.224
39.27
15.564
8.576
10.032
11.032
15.732
34.784
15.66
9.032
15.828
35.112
28.76
15.84
22.15
17.872
15.768
20.518
80.856
37.726
18.208
17.972
34.054
12.192
19.702
16.236
30.36
11.52
19.75
16.284
30.71
40.318
16.212
13.606
10.368
16.38
13.294
11.616
9.022
10.584
16.596
22.15
29.592
16.764
30.59
20.878
40.08
33.278
13.606
23.328
16.02
14.366
50.854
29.976
19.428
11.534
14.062
30.144
19.356
53.23
72.912
9.598
15
14.326
30.648
10.96
57.334
30.216
28.408
9.502
12.744
41.592
22.936
8.95
10.617
33.568
27.958
15.732
30.825
9.046
40.4
30.033
19.5
8.576
13.041
41.889
67.929
10.737
33.808
12.345
14.145
40.376
14.824
29.024
18.708
29.032
37.992
84.401
10.96
36.688
43.592
15.016
28.44
14.824
19.188
11.152
15.156
15.16
11.817
19.404
19.332
31.216
15.3
23.344
8.84
10.296
15.468
11.152
11.2
8.576
23.848
20.624
15.585
10.2
33.272
13.128
55.52
36.336
42.606
18.081
28.088
12.384
63.896
13.512
14.262
21.824
12.12
27.63
21.272
13.008
9.8
14.601
29.824
9.968
26.216
18.897
10.008
36.344
10.864
9.992
10.16
13.881
21.728
18.729
33.16
12.536
18.897
10.424
29.192
14.248
36.24
28.64
22.608
10.568
33.576
10.616
11.904
28.544
14.2
39.528
21.752
14.368
28.776
46.52
34.224
56.768
12.672
13.864
11.816
14.032
47.904
57.744
28.064
17.32
13.272
27.632
17.368
17.536
27.742
14.44
45
11.83
12.888
40.198
29.713
22.896
20.566
10.944
22.054
11.592
10.702
11.128
43.089
14.2
10.15
12.902
9.838
12.83
38.926
29.318
14.224
44.854
11.44
9.262
83.368
14.32
11.47
36.728
36.118
10.616
9.406
14.464
11.264
22.054
49.836
17.752
37.472
9.742
14.56
11.22
35.48
11.23
17.488
10.808
8.998
29.096
39.166
29.144
8.734
19.462
32.11
13.656
8.998
10.104
23.206
29.112
14.248
9.094
40.44
40.248
10.864
33.016
17.92
29.064
27.712
66.904
21.4
17.152
42.808
29.048
57.856
24.176
36.064
41.024
27.832
10.592
37.36
17.2
37.16
11.08
30.008
21.27
13.864
30.536
9.318
60.464
9.126
22.832
33.414
13.864
9.462
28.44
33.63
17.22
38.448
65.718
11.152
14.856
21.846
14.032
29.214
13.2
10.062
17.152
36.15
13.864
10.864
29.66
29.118
35.16
51.606
13.96
13.316
10.494
29.204
23.262
10.652
33.03
10.912
10.878
17.152
29.948
10.566
34.374
10.302
29.873
22.83
17.488
23.838
28.44
11.708
21.726
24.768
42.876
11.156
28.374
14.248
13.656
10.724
33.702
14.176
17.184
38.91
11.592
38.718
45.84
14.244
21.246
22.008
36.168
17.8
9.054
11.88
9.102
11.808
11.55
20.592
17.584
11.856
9.318
30.984
11.766
30.192
38.334
30.72
9.164
15.768
10.176
14.032
30.504
14.08
32.488
8.896
13.608
39.184
34.304
8.872
10.112
14.2
33.04
27.64
29.84
17.368
25.048
101.968
29.048
13.696
11.166
8.576
12.534
47.392
27.944
11.08
40.472
28.204
10.232
28.648
13.864
22.096
8.936
8.624
14.152
26.152
11.192
25.24
34.612
48.352
11.04
17.224
11.208
28.016
25.896
19.544
11.312
20.44
53.016
9.08
33.328
37.344
12.192
8.696
31.56
33.648
10.48
27.44
14.88
28.656
14.196
71.648
32.328
26.064
14.244
11.816
32.376
11.472
17.772
11.144
14.04
21.152
37.128
9.32
28.776
14.316
36.008
10.344
14.364
11.816
10.152
9.824
14.58
9.752
14.628
28.152
21.502
29.992
33.344
20.71
28.592
40.318
17.24
66.976
27.886
21.968
8.974
11.216
13.864
12.32
30.704
8.576
28.832
11.024
54.2
19.712
9.924
17.82
11.288
8.96
28.812
29.936
46.688
39.06
43.736
21.44
42.688
28.664
37.328
9.152
21.628
39.92
13.864
35.448
30.681
21.12
30.352
17.32
28.6
8.576
17.296
19.664
13.984
11.312
25.268
51.312
14.152
24.44
28.916
8.576
14.1
30.12
11.348
39.488
17.169
40.796
28.616
29.564
14.244
39.464
29.52
11.552
14.32
13.864
38.328
19.52
45.128
11.2
17.2
21.776
29.352
8.926
29.16
10.864
20.448
8.576
13.864
11.024
30.64
9.032
14.032
11.608
11.12
9.248
13.158
14.368
9.296
34.112
13.864
23.264
23.24
28.832
17.32
30.702
36.128
9.8
10.736
52.168
9.82
12.104
13.912
27.628
59.432
17.44
19.996
11
10.324
14.048
22.728
28.012
45.536
44.5
10.108
43.756
22.176
29.153
33.964
8.932
10.508
65.832
14.248
12.956
12.72
29.204
11.08
35.856
12.096
8.848
30.384
20.776
10.16
13.864
35.344
29.888
17.176
39.712
11.8
13.864
34.888
17.152
10.472
10.928
20.656
13.864
41.12
36.184
22.208
9.232
9.864
40.96
28.872
11.608
14.248
28.398
14.104
10.086
39.456
34.494
26.232
13.704
10.422
10.35
12.664
29.118
28.412
11.512
21.966
11.66
13.014
20.856
14.032
12.942
13.96
12.896
11.56
29.07
34.904
10.518
28.952
10.864
24.366
14.344
10.614
10.182
28.796
11.172
29.43
10.124
28.5
34.278
36.496
9.606
28.704
9.904
28.494
11.232
13.912
24.102
40.32
20.55
37.304
9.918
32.766
14.176
29.094
28.824
9.864
54.942
11.112
28.632
14.004
40.47
10.518
13.152
35.646
21.336
17.824
12.294
9.102
28.632
10.032
17.56
23.19
36.48
14.248
10.368
14.296
43.352
11.152
14.056
53.048
10.512
17.152
38.336
16.44
33.24
20.44
30.072
13.992
17.22
13.56
8.672
14.584
28.776
11.256
19.152
30.744
40.344
52.8
14.832
60.888
11.64
33.456
10.358
17.296
11.808
23.664
28.776
13.912
27.848
13.584
17.56
42.76
29.232
38.012
14.04
10.292
9.5
29.568
11.42
15.096
9.532
10.268
11.664
9.508
17.584
17.728
45.736
28.276
9.964
14.694
10.012
34.136
11.502
14.032
10.18
15.03
17.56
36.016
9.508
53.958
14.128
9.556
15.246
14.08
28.444
12.414
9.892
31.062
10.06
11.392
17.656
14.07
28.348
12.88
41.808
14.022
19.876
14.032
13.59
10.684
22.508
43.972
40.601
11.084
9.316
41.729
17.2
11.044
37.016
37.672
9.532
29.728
52.78
14.032
12.256
9.508
10.598
17.44
48.424
21.206
14.488
42.472
59.294
14.416
35.328
11.8
9.216
25.528
12.024
20.44
67.528
31.518
10.768
30.616
11.166
64.216
12.184
9.414
14.176
28.46
39.462
14.224
31.36
36.428
8.576
14.392
12.328
20.892
14.56
10.68
14.608
28.728
13.384
8.6
17.776
24.096
48.832
35.648
40.944
29.92
14.032
10.032
28.408
8.984
12.24
33.856
11.224
17.248
11.056
10.473
41.032
34.624
28.72
28.776
8.864
14.032
12.744
9.032
10.392
9.08
15.352
42.888
29.4
27.608
14.56
11.688
73.48
75.096
13.888
8.792
11.704
17.536
45.8
28.672
11.528
13.152
35.336
9.824
10.32
13.368
42.288
10.054
28.896
36.096
53.062
25.224
23.544
10.27
43.272
13.864
24.672
27.958
27.24
17.392
23.16
22.366
52.128
45.768
50.976
11.032
14.272
33.28
30.326
11.92
38.848
14.032
17.008
14.08
12.256
10.984
9.08
9.864
14.296
41.832
21.44
46.08
21.44
9.584
20.44
17.2
21.776
29.088
11.144
79.836
10.704
11.312
11.48
17.152
43.939
35.776
13.507
10.024
12.115
17.536
28.792
14.032
11.176
28.96
17.32
21.064
16.44
11.176
27.832
14.22
34.352
39.88
28.992
21.448
10.864
9.256
12.512
28.152
40.52
17.488
9.92
14.032
45.376
17.44
10.864
14.368
8.624
28.824
17.776
38.672
14.248
20.72
28.336
68.816
17.46
39.488
30.064
9.056
17.676
10.238
21.024
36.304
8.576
29.872
27.488
8.764
14.032
27.172
13.152
13.864
21.1
19.604
11.152
27.812
74.18
40.304
13.864
19.388
11.124
16.932
17.32
10.184
14.58
14.128
10.352
36.948
70.996
11.24
74.196
9.244
11.364
28.913
39.652
13.864
28.961
9.34
10.936
9.388
14.08
11.104
28.776
32.836
11.152
12.984
9.724
28.24
10.992
27.772
11.608
10.696
19.18
78.664
28.488
12.952
13.296
9.848
21.44
17.32
26.288
11.224
28.736
11.272
17.32
8.768
56.476
17.296
28.488
8.576
17.344
48.576
27.824
28.944
21.032
17.364
12.312
8.96
14.532
17.82
11.44
65.216
38.248
13.864
39.328
28.664
22.696
28.916
11.257
13.912
17.408
42.592
9.025
46.513
12.569
17.344
11.521
9.289
13.864
9.344
17.632
36.473
65.32
13.96
10.769
28.44
39.064
14.568
14.496
58.688
28.824
19.616
16.992
56.976
11.64
34.224
9.864
25.008
13.864
11.976
28.448
9.864
31.376
13.152
17.32
29.144
10.952
30.648
70.785
17.296
8.72
17.193
36.576
39.92
29.481
28.568
37.209
13.864
11.577
36.6
21.4
17.752
29.745
13.728
22.048
14.08
21.216
21.856
10.864
14.08
29.632
29.286
10.912
30.04
28.963
25.2
8.731
55.608
19.819
47.592
30.216
13.864
8.947
33.984
8.755
10.392
14.296
14.08
12
10.848
13.864
14.512
12.096
13.912
13.36
31.464
8.908
13.864
11.368
36.552
36.616
49.32
9.004
16.984
13.632
38.452
29.752
9.22
31.72
17.248
11.172
21.028
11.128
14.176
9.316
14.032
11.388
57.364
17.44
11.436
9.412
8.86
8.576
28.152
36.24
21.344
21.032
41.352
35.118
13.956
11.526
8.792
74.688
23.454
28.776
39.976
40.936
17.249
36.064
10.032
49.44
38.904
8.576
29.752
23.144
41.56
9.032
12.328
11.248
14.032
14.296
55.462
11.704
8.576
11.032
13.864
17.152
10.296
8.644
17.152
39.312
11.128
17.2
44.64
14.296
11.808
49.296
70.936
14.2
30.308
8.744
14.512
14.416
58.952
21.488
40.476
17.2
33.616
37.764
11.268
14.601
10.932
30.036
14.769
22.92
36.433
10.864
9.44
29.761
17.152
13.672
50.888
17.32
29.32
34.288
9.224
14.296
22.456
10.952
43.476
29.824
19.28
12.352
9.128
17.9
15.04
9.176
17.828
12.568
38.864
44.312
12.88
10.964
8.84
32.488
29.132
17.632
19.568
14.896
13.96
9.056
25.024
33.704
13.552
36.632
15.4
12.784
41.248
40.942
37.312
26.896
11.83
38.224
10.264
36.718
93.592
37.726
11.536
39.52
29.734
30.304
35.128
36.382
10.432
13.864
16.096
9.55
47.598
17.392
33.904
20.278
20.326
12.2
9.454
11.152
29.302
10.864
10.48
40.63
11.998
54.208
9.646
13.984
29.416
21.694
17.392
11.224
10.102
16.552
41.95
12.835
13.864
28.678
60.403
35.686
14.08
29.014
12.619
11.08
12.022
10.747
17.2
36.31
11.758
10.843
50.326
29.851
34.412
44.734
11.779
13.864
24.502
10.627
12.07
24.235
14.2
9.238
16.8
10.843
22.606
31.044
37.651
9.214
28.572
30.259
11.902
62.58
12.667
9.43
41.028
11.755
17.584
20.398
14.556
14.632
28.366
12.084
20.734
38.172
20.902
28.86
15.468
9.972
14.08
32.916
12.54
12.804
29.4
20.748
15.612
51.636
15.66
11.736
23.844
13.864
28.788
25.584
29.412
18.112
30.636
23.34
25.884
10.548
39.63
14.652
10.356
29.34
37.164
13.864
11.508
13.212
13.956
10.74
81.564
20.608
10.908
42.372
11.536
10.836
52.598
52.5
13.044
46.068
34.432
11.052
29.076
21.52
11.22
42.684
29.028
28.753
14.412
58.596
50.161
14.536
28.38
11.604
11.569
28.788
40.452
14.257
14.752
14.556
21.3
17.004
11.148
34.275
28.956
14.656
33.924
17.584
11.652
28.452
14.992
11.7
34.539
47.22
13.932
22.068
28.44
18.06
41.076
11.244
11.364
17.776
27.564
10.131
43.092
11.34
49.441
14.2
42.296
19.851
51.908
13.864
10.184
8.576
39.993
15.44
51.824
14.121
28.448
28.112
13.864
36.009
11.216
14.032
29.097
51.824
16.832
17.152
30.016
11.36
14.875
8.788
13.864
63.4
17.512
30.448
20.012
33.064
8.632
10.84
38.064
14.032
53.32
13.152
27.568
14.185
14.4
8.776
41.088
11.584
28.44
21.832
41.44
35.2
20.608
10.864
13.864
11.848
44.776
25.552
14.032
9.256
22.864
11.032
24.304
51.592
14.44
9.472
10.12
13.98
65.848
11.32
17.241
14.056
28.528
53.28
9.136
12.168
14.968
14.256
17.416
41.296
23.612
8.648
53.9
61.988
30.428
52.99
28.676
29.256
11.158
15.164
22.944
40.246
28.652
13.864
35.832
11.3
14.032
22.68
8.576
11.568
11.384
21.736
27.152
11.464
30.304
11.12
21.952
9.128
11.336
41.592
38.296
9.584
10.216
14.824
14.032
9.512
68.224
13.912
35.152
15.04
14.248
24.4
29.128
34.896
11.008
34.696
21.136
8.576
37.744
27.704
16.072
54.844
21.272
16.12
28.852
28.648
11.98
10.936
47.672
11.12
13.864
8.672
36.744
39.8
13.864
11.608
19.152
28.696
17.344
10.264
22.224
39.792
11.596
13.864
11.764
30.864
13.864
10.032
29.16
13.588
11.928
30.816
17.32
30.256
12.024
10.864
28.896
28.944
13.864
37.984
29.112
10.392
12.84
13.96
13.888
11.03
13.864
10.238
42.809
28.704
14.032
20.486
27.248
11.592
17.152
11.336
28.152
14.32
11.296
10.92
11.224
8.992
28.584
33.792
10.032
23.624
11.192
14.081
10.864
28.796
27.656
33.584
20.912
11.536
17.704
9.32
14.152
33.488
11.484
30.324
42.904
38.336
17.152
14.652
35.624
14.58
21.392
12.108
33.48
9.2
12.156
13.864
11.528
30.564
9.176
41.052
28.572
13.864
39.552
13.864
33.568
28.8
37.216
43.968
11.944
22.536
11.632
11.184
35.19
15.16
9.078
10.136
12.088
9.006
14.264
41.656
8.576
34.952
11.224
13.864
10.88
20.8
15.352
22.328
34.408
41.56
20.816
10.888
14.248
10.606
43.264
14.416
11.049
37.504
46.294
9.297
17.152
26.752
30.622
9.465
14.08
10.953
13.656
23.016
43.096
29.544
10.824
46.566
22.392
36.574
10.014
30.72
11.782
20.982
16.968
10.87
28.83
13.864
29.256
38.998
17.512
11.326
31.152
14.134
9.1
37.32
11.422
34.992
31.008
12.67
9.36
34.296
29.624
23.568
37.704
11.376
12.312
23.424
28.844
11.772
72.312
9.96
28.728
28.608
12.096
21.228
28.584
31.368
28.256
10.385
9.316
13.864
34.548
9.484
17.272
13.32
35.572
13.864
11.364
39.34
38.777
33.748
14.08
15.417
11.7
9.979
11.388
13.188
34.627
11.436
13.864
20.609
28.555
21.804
14.032
22.603
40.051
24.66
9.019
15.228
8.707
28.956
8.875
14.124
8.803
50.292
19.291
26.523
45.072
27.051
34.521
36.276
13.864
21.168
22.587
42.867
9.096
14.032
42.054
11.032
16.929
43.182
34.12
14.097
10.47
8.848
26.265
20.958
13.912
27.376
14.553
13.864
22.041
11.512
27.152
11.529
36.76
8.744
13.96
13.617
34.71
29.238
11.248
13.916
21.136
17.324
10.614
11.704
10.864
17.345
46.542
33.352
14.153
46.24
10.864
21.808
17.152
9.016
14.344
10.864
11.464
28.912
21.608
8.63
12.536
21.038
27.806
10.112
74.32
58.334
14.584
36.8
37.982
13.912
29.288
21.856
34.91
30.656
9.038
17.494
29.264
51.206
28.952
17.704
36.014
11.08
19.982
41.376
28.43
36.984
40.118
23.126
17.488
10.214
14.032
29.342
38.112
14.2
29.15
57.02
28.958
20.708
35.016
14.296
11.516
17.464
10.124
26.392
11.372
27.728
14.32
11.32
45.5
24.328
15.016
20.454
34.44
14.464
14.152
21.408
14.632
104.196
33.936
17.32
11.004
9.024
14.368
29.392
28.332
21.912
14.028
39.6
11.248
8.688
10.456
10.864
10.864
11.344
8.632
13.96
8.576
20.44
11.224
8.744
9.912
19.416
14.152
14.032
27.926
13.96
28.488
9.014
21.44
30.12
11.582
21.488
8.87
13.864
28.752
8.918
17.632
13.152
68.966
17.2
20.294
35.448
8.942
11.376
20.27
17.296
9.984
84.512
48.878
52.816
22.152
11.48
8.846
28.68
43.328
14.248
22.28
39.232
12.248
38.56
13.296
12.296
8.728
14.392
10.944
8.576
37.352
13.864
9.08
33.128
29.112
9.536
10.912
11.16
11.504
28.6
10.248
13.888
20.504
28.896
35.176
28.112
17.464
12.384
21.664
8.96
10.752
29.032
32.048
13.94
9.056
17.488
54.643
28.424
13.936
29.251
48.032
13.864
38.96
11.56
36.008
65.692
39.656
9.224
29.04
38.552
13.152
34.272
9.44
11.04
28.8
17.22
28.488
9.55
30.456
21.216
9.118
11.664
28.486
42.792
28.534
24.12
35.542
14.208
29.219
19.39
17.296
10.235
61
8.892
17.464
14.843
11.46
42.304
14.512
13.451
11.628
10.259
9.396
24.827
14.152
8.892
29.126
36.16
28.02
47.414
43.768
8.988
30.302
15.496
10.67
14.128
14.918
31.838
31.184
17.656
39.086
8.576
14.464
12.494
11.264
17.752
12.302
22.79
29.318
27.412
38.688
31.766
20.86
18.016
29.036
57.614
10.948
14.752
15.662
12.662
8.576
15.83
9.864
27.584
14.94
12.672
29.702
10.32
27.152
42.35
14.556
30.288
19.88
15.398
10.776
35.528
23.606
53.544
34.574
14.34
15.672
31.862
21.888
14.99
8.744
18.064
27.536
14.492
17.992
13.46
14.32
8.768
14.248
9.864
14.416
11.472
14.272
29.664
13.944
8.884
12.312
32.44
10.44
30.182
28.288
28.91
13.912
40.576
10.32
79.238
9.664
25.904
11.872
14.432
25
13.912
11.6
11.968
14.08
52.088
30.488
9.736
10.376
9.904
14.624
9.472
14.104
34.352
39.4
12.08
41.6
9.328
72.792
28.928
10.568
33.736
17.152
71.096
27.664
77.201
9.352
10.529
14.312
8.92
10.097
27.448
20.536
30.16
9.064
49.04
13.912
12.728
47.798
33.064
22.016
20.486
10.544
9.254
11.032
13.864
28.36
14.032
11.08
14.248
39.27
28.584
14.296
11.536
9.198
16.44
10.744
11.406
17.152
10.432
9.104
14.56
33.576
14.368
20.44
44.644
19.768
14.16
28.944
34.656
31.944
11.486
20.536
11.054
9.304
28.152
37.022
9.352
21.848
9.16
14.576
12.912
40.168
17.632
11.504
9.616
13.864
11.072
19.624
33.44
11.528
28.7
11.196
11.696
9.204
17.272
40.784
48.252
56.056
33.512
24.544
9.292
14.6
17.536
14.137
11.14
22.825
54.028
26.68
9.916
11.848
33.724
11.952
14.232
34.728
28.608
11.928
19.416
41.852
10.536
9.984
12.144
49.752
33.496
17.152
9.96
17.32
27.888
53.488
11.016
13.912
52.584
42.592
11.832
66.312
9.556
17.152
14.04
27.724
42.192
12.288
8.875
11.443
32.904
14.304
17.436
21.331
28.187
65.918
14.004
40.099
15.035
11.126
17.532
35.603
34.334
30.851
10.262
19.488
12.659
12.83
14.867
28.478
17.315
42.686
8.744
13.403
10.094
8.672
35.291
58.86
32.84
24.419
8.888
15.3
22.016
12.348
9.224
12.59
31.43
24.272
41.798
28.958
28.28
56.481
14.486
9.968
35.534
28.976
17.152
25.064
17.152
21.988
9.752
13.864
23.84
10.032
14.032
12.968
10.2
14.2
38.336
13.724
22.784
10.056
9.872
13.704
14.34
9.44
12.008
14.604
14.152
19.496
29.728
23.384
10.192
14.252
27.872
12.2
14.916
40.264
32.408
9.864
29.872
44.216
14.892
11.2
12.704
12.872
14.268
28.728
10.4
13.956
10.176
33.488
14.124
29.096
11.152
20.68
20.566
13.772
12.694
14.316
10.222
29.44
13.03
11.128
9.912
23.878
38.536
11.806
24.904
14.508
33.454
10.864
9.262
41.11
13.316
10.152
14.292
47.518
14.46
20.806
27.934
28.44
11.208
12.94
11.256
8.576
14.22
23.232
14.388
11.169
17.916
14.22
28.152
11.152
57.304
11.152
14.344
8.576
33.472
14.457
22.728
8.576
17.412
28.896
44.504
28.304
17.132
31.712
14.66
9.32
50.312
29.948
28.448
14.505
29.136
34.792
14.673
30.384
22.48
14.841
12.297
10.96
8.576
11.128
9.864
27.58
14.536
8.668
29.944
11.457
14.752
15.657
21.76
43.048
15.345
8.576
14.728
17.793
14.536
14.956
27.944
29.044
19.712
70.852
18.177
39.68
11.38
28.708
18.393
14.596
14.529
8.576
18.777
28.993
18.945
21.04
9.961
14.673
28.44
22.489
12.817
35.232
12.025
21.64
9.24
13.864
11.713
28.168
22.801
30.256
13.884
35.449
32.44
63.088
37.537
13.864
50.905
11.44
8.744
22.393
8.912
13.912
14.161
20.72
11.449
9.248
13.512
13.888
22.897
27.176
17.416
29.905
37.873
35.064
9.864
13.864
23.52
14.2
41.51
11.032
16.72
11.558
28.768
68.606
48.88
32.728
13.864
24.256
13.2
54.424
30.168
31.8
26.944
64.696
13.864
31.633
13.96
16.84
20.488
27.496
35.112
28.728
33.064
20.736
27.272
70.224
41.214
49.782
17.152
36.28
28.512
34.824
28.584
21.728
20.856
29.872
20.576
32.784
40.888
27.944
28.576
65.176
40.8
53.216
28.968
21.28
89.312
22.398
23.848
50.536
49.864
23.04
30.518
29.904
29.041
29.76
32.689
30.32
42.592
28.3
43.064
34.448
41.184
29.9
30.668
39.472
35.64
28.608
30.804
28.536
30.012
35.308
37.096
32.336
37.624
40.4
39
74.174
36.168
63.576
33.732
71.544
44.049
39.764
39.86
38.468
36.592
68.876
34.248
35.588
44.636
39.14
57.976
45.664
45.416
59.056
52.168
44.788
56.456
42.788
43.572
94.486
64.76
45.692
55.48
73.92
65.214
66.98
97.648
