26.152
26.29
26.428
26.566
26.704
26.842
26.98
27.118
27.256
27.394
27.532
27.67
27.808
27.946
28.084
28.222
28.36
28.498
28.636
28.774
28.912
29.05
29.188
29.326
29.464
29.602
29.74
29.878
30.016
30.154
30.292
30.43
30.568
30.706
30.844
30.982
31.12
31.258
31.396
31.534
31.672
31.81
31.948
32.086
32.224
32.362
32.5
32.638
32.776
32.914
33.052
33.19
33.328
33.466
33.604
33.742
33.88
34.018
34.156
34.294
34.432
34.57
34.708
34.846
34.984
35.122
35.26
35.398
35.536
35.674
35.812
35.95
36.088
36.226
36.364
36.502
36.64
36.778
36.916
37.054
37.192
37.33
37.468
37.606
37.744
37.882
38.02
38.158
38.296
38.434
38.572
38.71
38.848
38.986
39.124
39.262
39.4
39.538
39.676
39.814
39.952
40.09
40.228
40.366
40.504
40.642
40.78
40.918
41.056
41.194
41.332
41.47
41.608
41.746
41.884
42.022
42.16
42.298
42.436
42.574
42.712
42.85
42.988
43.126
43.264
43.402
43.54
43.678
43.816
43.954
44.092
44.23
44.368
44.506
44.644
44.782
44.92
45.058
45.196
45.334
45.472
45.61
45.748
45.886
46.024
46.162
46.3
46.438
46.576
46.714
46.852
46.99
47.128
47.266
47.404
47.542
47.68
47.818
47.956
48.094
48.232
48.37
48.508
48.646
48.784
48.922
49.06
49.198
49.336
49.474
49.612
49.75
49.888
50.026
50.164
50.302
50.44
50.578
50.716
50.854
50.992
51.13
51.268
51.406
51.544
51.682
51.82
51.958
52.096
52.234
52.372
52.51
52.648
52.786
52.924
53.062
53.2
53.338
53.476
53.614
53.752
53.89
54.028
54.166
54.304
54.442
54.58
54.718
54.856
54.994
55.132
55.27
55.408
55.546
55.684
55.822
55.96
56.098
56.236
56.374
56.512
56.65
56.788
56.926
57.064
57.202
57.34
57.478
57.616
57.754
57.892
58.03
58.168
58.306
58.444
58.582
58.72
58.858
58.996
59.134
59.272
59.41
59.548
59.686
59.824
59.962
60.1
60.238
60.376
60.514
60.652
60.79
60.928
61.066
61.204
61.342
61.48
61.618
61.756
61.894
62.032
62.17
62.308
62.446
62.584
62.722
62.86
62.998
63.136
63.274
63.412
63.55
63.688
63.826
63.964
64.102
64.24
64.378
64.516
64.654
64.792
64.93
65.068
65.206
65.344
65.482
65.62
65.758
65.896
66.034
66.172
66.31
66.448
66.586
66.724
66.862
67
67.138
67.276
67.414
67.552
67.69
67.828
67.966
68.104
68.242
68.38
68.518
68.656
68.794
68.932
69.07
69.208
69.346
69.484
69.622
69.76
69.898
70.036
70.174
70.312
70.45
70.588
70.726
70.864
71.002
71.14
71.278
71.416
71.554
71.692
71.83
71.968
72.106
72.244
72.382
72.52
72.658
72.796
72.934
73.072
73.21
73.348
73.486
73.624
73.762
73.9
74.038
74.176
74.314
74.452
74.59
74.728
74.866
75.004
75.142
75.28
75.418
75.556
75.694
75.832
75.97
76.108
76.246
76.384
76.522
76.66
76.798
76.936
77.074
77.212
77.35
77.488
77.626
77.764
77.902
78.04
78.178
78.316
78.454
78.592
78.73
78.868
79.006
79.144
79.282
79.42
79.558
79.696
79.834
79.972
80.11
80.248
80.386
80.524
80.662
80.8
80.938
81.076
81.214
81.352
81.49
81.628
81.766
81.904
82.042
82.18
82.318
82.456
82.594
82.732
82.87
83.008
83.146
83.284
83.422
83.56
83.698
83.836
83.974
84.112
84.25
84.388
84.526
84.664
84.802
84.94
85.078
85.216
85.354
85.492
85.63
85.768
85.906
86.044
86.182
86.32
86.458
86.596
86.734
86.872
87.01
87.148
87.286
87.424
87.562
87.7
87.838
87.976
88.114
88.252
88.39
88.528
88.666
88.804
88.942
89.08
89.218
89.356
89.494
89.632
89.77
89.908
90.046
90.184
90.322
90.46
90.598
90.736
90.874
91.012
91.15
91.288
91.426
91.564
91.702
91.84
91.978
92.116
92.254
92.392
92.53
92.668
92.806
92.944
93.082
93.22
93.358
93.496
93.634
93.772
93.91
94.048
94.186
94.324
94.462
94.6
94.738
94.876
95.014
95.152
95.29
95.428
95.566
95.704
95.842
95.98
96.118
96.256
96.394
96.532
96.67
96.808
96.946
97.084
97.222
97.36
97.498
97.636
97.774
97.912
98.05
98.188
98.326
98.464
98.602
98.74
98.878
99.016
99.154
99.292
99.43
99.568
99.706
99.844
99.982
100.12
100.258
100.396
100.534
100.672
100.81
100.948
101.086
101.224
101.362
101.5
101.638
101.776
101.914
102.052
102.19
102.328
102.466
102.604
102.742
102.88
103.018
103.156
103.294
103.432
103.57
103.708
103.846
103.984
104.122
104.26
104.398
104.536
104.674
104.812
104.95
105.088
105.226
105.364
105.502
105.64
105.778
105.916
106.054
106.192
106.33
106.468
106.606
106.744
106.882
107.02
107.158
107.296
107.434
107.572
107.71
107.848
107.986
108.124
108.262
108.4
108.538
108.676
108.814
108.952
109.09
109.228
109.366
109.504
109.642
109.78
109.918
110.056
110.194
110.332
110.47
110.608
110.746
110.884
111.022
111.16
111.298
111.436
111.574
111.712
111.85
111.988
112.126
112.264
112.402
112.54
112.678
112.816
112.954
113.092
113.23
113.368
113.506
113.644
113.782
113.92
114.058
114.196
114.334
114.472
114.61
114.748
114.886
115.024
115.162
115.3
115.438
115.576
115.714
115.852
115.99
116.128
116.266
116.404
116.542
116.68
116.818
116.956
117.094
117.232
117.37
117.508
117.646
117.784
117.922
118.06
118.198
118.336
118.474
118.612
118.75
118.888
119.026
119.164
119.302
119.44
119.578
119.716
119.854
119.992
120.13
120.268
120.406
120.544
120.682
120.82
120.958
121.096
121.234
121.372
121.51
121.648
121.786
121.924
122.062
122.2
122.338
122.476
122.614
122.752
122.89
123.028
123.166
123.304
123.442
123.58
123.718
123.856
123.994
124.132
124.27
124.408
124.546
124.684
124.822
124.96
125.098
125.236
125.374
125.512
125.65
125.788
125.926
126.064
126.202
126.34
126.478
126.616
126.754
126.892
127.03
127.168
127.306
127.444
127.582
127.72
127.858
127.996
128.134
128.272
128.41
128.548
128.686
128.824
128.962
129.1
129.238
129.376
129.514
129.652
129.79
129.928
130.066
130.204
130.342
130.48
130.618
130.756
130.894
131.032
131.17
131.308
131.446
131.584
131.722
131.86
131.998
132.136
132.274
132.412
132.55
132.688
132.826
132.964
133.102
133.24
133.378
133.516
133.654
133.792
133.93
134.068
134.206
134.344
134.482
134.62
134.758
134.896
135.034
135.172
135.31
135.448
135.586
135.724
135.862
136
136.138
136.276
136.414
136.552
136.69
136.828
136.966
137.104
137.242
137.38
137.518
137.656
137.794
137.932
138.07
138.208
138.346
138.484
138.622
138.76
138.898
139.036
139.174
139.312
139.45
139.588
139.726
139.864
140.002
140.14
140.278
140.416
140.554
140.692
140.83
140.968
141.106
141.244
141.382
141.52
141.658
141.796
141.934
142.072
142.21
142.348
142.486
142.624
142.762
142.9
143.038
143.176
143.314
143.452
143.59
143.728
143.866
144.004
144.142
144.28
144.418
144.556
144.694
144.832
144.97
145.108
145.246
145.384
145.522
145.66
145.798
145.936
146.074
146.212
146.35
146.488
146.626
146.764
146.902
147.04
147.178
147.316
147.454
147.592
147.73
147.868
148.006
148.144
148.282
148.42
148.558
148.696
148.834
148.972
149.11
149.248
149.386
149.524
149.662
149.8
149.938
150.076
150.214
150.352
150.49
150.628
150.766
150.904
151.042
151.18
151.318
151.456
151.594
151.732
151.87
152.008
152.146
152.284
152.422
152.56
152.698
152.836
152.974
153.112
153.25
153.388
153.526
153.664
153.802
153.94
154.078
154.216
154.354
154.492
154.63
154.768
154.906
155.044
155.182
155.32
155.458
155.596
155.734
155.872
156.01
156.148
156.286
156.424
156.562
156.7
156.838
156.976
157.114
157.252
157.39
157.528
157.666
157.804
157.942
158.08
158.218
158.356
158.494
158.632
158.77
158.908
159.046
159.184
159.322
159.46
159.598
159.736
159.874
160.012
160.15
160.288
160.426
160.564
160.702
160.84
160.978
161.116
161.254
161.392
161.53
161.668
161.806
161.944
162.082
162.22
162.358
162.496
162.634
162.772
162.91
163.048
163.186
163.324
163.462
163.6
163.738
163.876
164.014
164.152
164.29
164.428
164.566
164.704
164.842
164.98
165.118
165.256
165.394
165.532
165.67
165.808
165.946
166.084
166.222
166.36
166.498
166.636
166.774
166.912
167.05
167.188
167.326
167.464
167.602
167.74
167.878
168.016
168.154
168.292
168.43
168.568
168.706
168.844
168.982
169.12
169.258
169.396
169.534
169.672
169.81
169.948
170.086
170.224
170.362
170.5
170.638
170.776
170.914
171.052
171.19
171.328
171.466
171.604
171.742
171.88
172.018
172.156
172.294
172.432
172.57
172.708
172.846
172.984
173.122
173.26
173.398
173.536
173.674
173.812
173.95
174.088
174.226
174.364
174.502
174.64
174.778
174.916
175.054
175.192
175.33
175.468
175.606
175.744
175.882
176.02
176.158
176.296
176.434
176.572
176.71
176.848
176.986
177.124
177.262
177.4
177.538
177.676
177.814
177.952
178.09
178.228
178.366
178.504
178.642
178.78
178.918
179.056
179.194
179.332
179.47
179.608
179.746
179.884
180.022
180.16
180.298
180.436
180.574
180.712
180.85
180.988
181.126
181.264
181.402
181.54
181.678
181.816
181.954
182.092
182.23
182.368
182.506
182.644
182.782
182.92
183.058
183.196
183.334
183.472
183.61
183.748
183.886
184.024
184.162
184.3
184.438
184.576
184.714
184.852
184.99
185.128
185.266
185.404
185.542
185.68
185.818
185.956
186.094
186.232
186.37
186.508
186.646
186.784
186.922
187.06
187.198
187.336
187.474
187.612
187.75
187.888
188.026
188.164
188.302
188.44
188.578
188.716
188.854
188.992
189.13
189.268
189.406
189.544
189.682
189.82
189.958
190.096
190.234
190.372
190.51
190.648
190.786
190.924
191.062
191.2
191.338
191.476
191.614
191.752
191.89
192.028
192.166
192.304
192.442
192.58
192.718
192.856
192.994
193.132
193.27
193.408
193.546
193.684
193.822
193.96
194.098
194.236
194.374
194.512
194.65
194.788
194.926
195.064
195.202
195.34
195.478
195.616
195.754
195.892
196.03
196.168
196.306
196.444
196.582
196.72
196.858
196.996
197.134
197.272
197.41
197.548
197.686
197.824
197.962
198.1
198.238
198.376
198.514
198.652
198.79
198.928
199.066
199.204
199.342
199.48
199.618
199.756
199.894
200.032
200.17
200.308
200.446
200.584
200.722
200.86
200.998
201.136
201.274
201.412
201.55
201.688
201.826
201.964
202.102
202.24
202.378
202.516
202.654
202.792
202.93
203.068
203.206
203.344
203.482
203.62
203.758
203.896
204.034
204.172
204.31
204.448
204.586
204.724
204.862
205
205.138
205.276
205.414
205.552
205.69
205.828
205.966
206.104
206.242
206.38
206.518
206.656
206.794
206.932
207.07
207.208
207.346
207.484
207.622
207.76
207.898
208.036
208.174
208.312
208.45
208.588
208.726
208.864
209.002
209.14
209.278
209.416
209.554
209.692
209.83
209.968
210.106
210.244
210.382
210.52
210.658
210.796
210.934
211.072
211.21
211.348
211.486
211.624
211.762
211.9
212.038
212.176
212.314
212.452
212.59
212.728
212.866
213.004
213.142
213.28
213.418
213.556
213.694
213.832
213.97
214.108
214.246
214.384
214.522
214.66
214.798
214.936
215.074
215.212
215.35
215.488
215.626
215.764
215.902
216.04
216.178
216.316
216.454
216.592
216.73
216.868
217.006
217.144
217.282
217.42
217.558
217.696
217.834
217.972
218.11
218.248
218.386
218.524
218.662
218.8
218.938
219.076
219.214
219.352
219.49
219.628
219.766
219.904
220.042
220.18
220.318
220.456
220.594
220.732
220.87
221.008
221.146
221.284
221.422
221.56
221.698
221.836
221.974
222.112
222.25
222.388
222.526
222.664
222.802
222.94
223.078
223.216
223.354
223.492
223.63
223.768
223.906
224.044
224.182
224.32
224.458
224.596
224.734
224.872
225.01
225.148
225.286
225.424
225.562
225.7
225.838
225.976
226.114
226.252
226.39
226.528
226.666
226.804
226.942
227.08
227.218
227.356
227.494
227.632
227.77
227.908
228.046
228.184
228.322
228.46
228.598
228.736
228.874
229.012
229.15
229.288
229.426
229.564
229.702
229.84
229.978
230.116
230.254
230.392
230.53
230.668
230.806
230.944
231.082
231.22
231.358
231.496
231.634
231.772
231.91
232.048
232.186
232.324
232.462
232.6
232.738
232.876
233.014
233.152
233.29
233.428
233.566
233.704
233.842
233.98
234.118
234.256
234.394
234.532
234.67
234.808
234.946
235.084
235.222
235.36
235.498
235.636
235.774
235.912
236.05
236.188
236.326
236.464
236.602
236.74
236.878
237.016
237.154
237.292
237.43
237.568
237.706
237.844
237.982
238.12
238.258
238.396
238.534
238.672
238.81
238.948
239.086
239.224
239.362
239.5
239.638
239.776
239.914
240.052
240.19
240.328
240.466
240.604
240.742
240.88
241.018
241.156
241.294
241.432
241.57
241.708
241.846
241.984
242.122
242.26
242.398
242.536
242.674
242.812
242.95
243.088
243.226
243.364
243.502
243.64
243.778
243.916
244.054
244.192
244.33
244.468
244.606
244.744
244.882
245.02
245.158
245.296
245.434
245.572
245.71
245.848
245.986
246.124
246.262
246.4
246.538
246.676
246.814
246.952
247.09
247.228
247.366
247.504
247.642
247.78
247.918
248.056
248.194
248.332
248.47
248.608
248.746
248.884
249.022
249.16
249.298
249.436
249.574
249.712
249.85
249.988
250.126
250.264
250.402
250.54
250.678
250.816
250.954
251.092
251.23
251.368
251.506
251.644
251.782
251.92
252.058
252.196
252.334
252.472
252.61
252.748
252.886
253.024
253.162
253.3
253.438
253.576
253.714
253.852
253.99
254.128
254.266
254.404
254.542
254.68
254.818
254.956
255.094
255.232
255.37
255.508
255.646
255.784
255.922
256.06
256.198
256.336
256.474
256.612
256.75
256.888
257.026
257.164
257.302
257.44
257.578
257.716
257.854
257.992
258.13
258.268
258.406
258.544
258.682
258.82
258.958
259.096
259.234
259.372
259.51
259.648
259.786
259.924
260.062
260.2
260.338
260.476
260.614
260.752
260.89
261.028
261.166
261.304
261.442
261.58
261.718
261.856
261.994
262.132
262.27
262.408
262.546
262.684
262.822
262.96
263.098
263.236
263.374
263.512
263.65
263.788
263.926
264.064
264.202
264.34
264.478
264.616
264.754
264.892
265.03
265.168
265.306
265.444
265.582
265.72
265.858
265.996
266.134
266.272
266.41
266.548
266.686
266.824
266.962
267.1
267.238
267.376
267.514
267.652
267.79
267.928
268.066
268.204
268.342
268.48
268.618
268.756
268.894
269.032
269.17
269.308
269.446
269.584
269.722
269.86
269.998
270.136
270.274
270.412
270.55
270.688
270.826
270.964
271.102
271.24
271.378
271.516
271.654
271.792
271.93
272.068
272.206
272.344
272.482
272.62
272.758
272.896
273.034
273.172
273.31
273.448
273.586
273.724
273.862
274
274.138
274.276
274.414
274.552
274.69
274.828
274.966
275.104
275.242
275.38
275.518
275.656
275.794
275.932
276.07
276.208
276.346
276.484
276.622
276.76
276.898
277.036
277.174
277.312
277.45
277.588
277.726
277.864
278.002
278.14
278.278
278.416
278.554
278.692
278.83
278.968
279.106
279.244
279.382
279.52
279.658
279.796
279.934
280.072
280.21
280.348
280.486
280.624
280.762
280.9
281.038
281.176
281.314
281.452
281.59
281.728
281.866
282.004
282.142
282.28
282.418
282.556
282.694
282.832
282.97
283.108
283.246
283.384
283.522
283.66
283.798
283.936
284.074
284.212
284.35
284.488
284.626
284.764
284.902
285.04
285.178
285.316
285.454
285.592
285.73
285.868
286.006
286.144
286.282
286.42
286.558
286.696
286.834
286.972
287.11
287.248
287.386
287.524
287.662
287.8
287.938
288.076
288.214
288.352
288.49
288.628
288.766
288.904
289.042
289.18
289.318
289.456
289.594
289.732
289.87
290.008
290.146
290.284
290.422
290.56
290.698
290.836
290.974
291.112
291.25
291.388
291.526
291.664
291.802
291.94
292.078
292.216
292.354
292.492
292.63
292.768
292.906
293.044
293.182
293.32
293.458
293.596
293.734
293.872
294.01
294.148
294.286
294.424
294.562
294.7
294.838
294.976
295.114
295.252
295.39
295.528
295.666
295.804
295.942
296.08
296.218
296.356
296.494
296.632
296.77
296.908
297.046
297.184
297.322
297.46
297.598
297.736
297.874
298.012
298.15
298.288
298.426
298.564
298.702
298.84
298.978
299.116
299.254
299.392
299.53
299.668
299.806
299.944
300.082
300.22
300.358
300.496
300.634
300.772
300.91
301.048
301.186
301.324
301.462
301.6
301.738
301.876
302.014
302.152
302.29
302.428
302.566
302.704
302.842
302.98
303.118
303.256
303.394
303.532
303.67
303.808
303.946
304.084
304.222
304.36
304.498
304.636
304.774
304.912
305.05
305.188
305.326
305.464
305.602
305.74
305.878
306.016
306.154
306.292
306.43
306.568
306.706
306.844
306.982
307.12
307.258
307.396
307.534
307.672
307.81
307.948
308.086
308.224
308.362
308.5
308.638
308.776
308.914
309.052
309.19
309.328
309.466
309.604
309.742
309.88
310.018
310.156
310.294
310.432
310.57
310.708
310.846
310.984
311.122
311.26
311.398
311.536
311.674
311.812
311.95
312.088
312.226
312.364
312.502
312.64
312.778
312.916
313.054
313.192
313.33
313.468
313.606
313.744
313.882
314.02
314.158
314.296
314.434
314.572
314.71
314.848
314.986
315.124
315.262
315.4
315.538
315.676
315.814
315.952
316.09
316.228
316.366
316.504
316.642
316.78
316.918
317.056
317.194
317.332
317.47
317.608
317.746
317.884
318.022
318.16
318.298
318.436
318.574
318.712
318.85
318.988
319.126
319.264
319.402
319.54
319.678
319.816
319.954
320.092
320.23
320.368
320.506
320.644
320.782
320.92
321.058
321.196
321.334
321.472
321.61
321.748
321.886
322.024
322.162
322.3
322.438
322.576
322.714
322.852
322.99
323.128
323.266
323.404
323.542
323.68
323.818
323.956
324.094
324.232
324.37
324.508
324.646
324.784
324.922
325.06
325.198
325.336
325.474
325.612
325.75
325.888
326.026
326.164
326.302
326.44
326.578
326.716
326.854
326.992
327.13
327.268
327.406
327.544
327.682
327.82
327.958
328.096
328.234
328.372
328.51
328.648
328.786
328.924
329.062
329.2
329.338
329.476
329.614
329.752
329.89
330.028
330.166
330.304
330.442
330.58
330.718
330.856
330.994
331.132
331.27
331.408
331.546
331.684
331.822
331.96
332.098
332.236
332.374
332.512
332.65
332.788
332.926
333.064
333.202
333.34
333.478
333.616
333.754
333.892
334.03
334.168
334.306
334.444
334.582
334.72
334.858
334.996
335.134
335.272
335.41
335.548
335.686
335.824
335.962
336.1
336.238
336.376
336.514
336.652
336.79
336.928
337.066
337.204
337.342
337.48
337.618
337.756
337.894
338.032
338.17
338.308
338.446
338.584
338.722
338.86
338.998
339.136
339.274
339.412
339.55
339.688
339.826
339.964
340.102
340.24
340.378
340.516
340.654
340.792
340.93
341.068
341.206
341.344
341.482
341.62
341.758
341.896
342.034
342.172
342.31
342.448
342.586
342.724
342.862
342.85
342.838
342.826
342.814
342.802
342.94
342.928
342.916
342.904
342.892
342.88
342.868
342.856
342.844
342.832
342.82
342.808
342.946
342.934
342.922
342.91
342.898
342.886
342.874
342.862
342.85
342.838
342.826
342.814
342.802
342.94
342.928
342.916
342.904
342.892
342.88
342.868
342.856
342.844
342.832
342.82
342.808
342.946
342.934
342.922
342.91
342.898
342.886
342.874
342.862
342.85
342.838
342.826
342.814
342.802
342.94
342.928
342.916
342.904
342.892
342.88
342.868
342.856
342.844
342.832
342.82
342.808
342.946
342.934
342.922
342.91
342.898
342.886
342.874
342.862
342.85
342.838
342.826
342.814
342.802
342.94
342.928
342.916
342.904
342.892
342.88
342.868
342.856
342.844
342.832
342.82
342.808
342.946
342.934
342.922
342.91
342.898
342.886
342.874
342.862
342.85
342.838
342.826
342.814
342.802
342.94
342.928
342.916
342.904
342.892
342.88
342.868
342.856
342.844
342.832
342.82
342.808
342.946
342.934
342.922
342.91
342.898
342.886
342.874
342.862
342.85
342.838
342.826
342.814
342.802
342.94
342.928
342.916
342.904
342.892
342.88
342.868
342.856
342.844
342.832
342.82
342.808
342.946
342.934
342.922
342.91
342.898
342.886
342.874
342.862
342.85
342.838
342.826
342.814
342.802
342.94
342.928
342.916
342.904
342.892
342.88
342.868
342.856
342.844
342.832
342.82
342.808
342.946
342.934
342.922
342.91
342.898
342.886
342.874
342.862
342.85
342.838
342.826
342.814
342.802
342.94
342.928
342.916
342.904
342.892
342.88
342.868
342.856
342.844
342.832
342.82
342.808
342.946
342.934
342.922
342.91
342.898
342.886
342.874
342.862
342.85
342.838
342.826
342.814
342.802
342.94
342.928
342.916
342.904
342.892
342.88
342.868
342.856
342.844
342.832
342.82
342.808
342.946
342.934
342.922
342.91
342.898
342.886
342.874
342.862
342.85
342.838
342.826
342.814
342.802
342.94
342.928
342.916
342.904
342.892
342.88
342.868
342.856
342.844
342.832
342.82
342.808
342.946
342.934
342.922
342.91
342.898
342.886
342.874
342.862
342.85
342.838
342.826
342.814
342.802
342.94
342.928
342.916
342.904
342.892
342.88
342.868
342.856
342.844
342.832
342.82
342.808
342.946
342.934
342.922
342.91
342.898
342.886
342.874
342.862
342.85
342.838
342.826
342.814
342.802
342.94
342.928
342.916
342.904
342.892
342.88
342.868
342.856
342.844
342.832
342.82
342.808
342.946
342.934
342.922
342.91
342.898
342.886
342.874
342.862
342.85
342.838
342.826
342.814
342.802
342.94
342.928
342.916
342.904
342.892
342.88
342.868
342.856
342.844
342.832
342.82
342.808
342.946
342.934
342.922
342.91
342.898
342.886
342.874
342.862
342.85
342.838
342.826
342.814
342.802
342.94
342.928
342.916
342.904
342.892
342.88
342.868
342.856
342.844
342.832
342.82
342.808
342.946
342.934
342.922
342.91
342.898
342.886
342.874
342.862
342.85
342.838
342.826
342.814
342.802
342.94
342.928
342.916
342.904
342.892
342.88
342.868
342.856
342.844
342.832
342.82
342.808
342.946
342.934
342.922
342.91
342.898
342.886
342.874
342.862
342.85
342.838
342.826
342.814
342.802
342.94
342.928
342.916
342.904
342.892
342.88
342.868
342.856
342.844
342.832
342.82
342.808
342.946
342.934
342.922
342.91
342.898
342.886
342.874
342.862
342.85
342.838
342.826
342.814
342.802
342.94
342.928
342.916
342.904
342.892
342.88
342.868
342.856
342.844
342.832
342.82
342.808
342.946
342.934
342.922
342.91
342.898
342.886
342.874
342.862
342.85
342.838
342.826
342.814
342.802
342.94
342.928
342.916
342.904
342.892
342.88
342.868
342.856
342.844
342.832
342.82
342.808
342.946
342.934
342.922
342.91
342.898
342.886
342.874
342.862
342.85
342.838
342.826
342.814
342.802
342.94
342.928
342.916
342.904
342.892
342.88
342.868
342.856
342.844
342.832
342.82
342.808
342.946
342.934
342.922
342.91
342.898
342.886
342.874
342.862
342.85
342.838
342.826
342.814
342.802
342.94
342.928
342.916
342.904
342.892
342.88
342.868
342.856
342.844
342.832
342.82
342.808
342.946
342.934
342.922
342.91
342.898
342.886
342.874
342.862
342.85
342.838
342.826
342.814
342.802
342.94
342.928
342.916
342.904
342.892
342.88
342.868
342.856
342.844
342.832
342.82
342.808
342.946
342.934
342.922
342.91
342.898
342.886
342.874
342.862
342.85
342.838
342.826
342.814
342.802
342.94
342.928
342.916
342.904
342.892
342.88
342.868
342.856
342.844
342.832
342.82
342.808
342.946
342.934
342.922
342.91
342.898
342.886
342.874
342.862
342.85
342.838
342.826
342.814
342.802
342.94
342.928
342.916
342.904
342.892
342.88
342.868
342.856
342.844
342.832
342.82
342.808
342.946
342.934
342.922
342.91
342.898
342.886
342.874
342.862
342.85
342.838
342.826
342.814
342.802
342.94
342.928
342.916
342.904
342.892
342.88
342.868
342.856
342.844
342.832
342.82
342.808
342.946
342.934
342.922
342.91
342.898
342.886
342.874
342.862
342.85
342.838
342.826
342.814
342.802
342.94
342.928
342.916
342.904
342.892
342.88
342.868
342.856
342.844
342.832
342.82
342.808
342.946
342.934
342.922
342.91
342.898
342.886
342.874
342.862
342.85
342.838
342.826
342.814
342.802
342.94
342.928
342.916
342.904
342.892
342.88
342.868
342.856
342.844
342.832
342.82
342.808
342.946
342.934
342.922
342.91
342.898
342.886
342.874
342.862
342.85
342.838
342.826
342.814
342.802
342.94
342.928
342.916
342.904
342.892
342.88
342.868
342.856
342.844
342.832
342.82
342.808
342.946
342.934
342.922
342.91
342.898
342.886
342.874
342.862
342.85
342.838
342.826
342.814
342.802
342.94
342.928
342.916
342.904
342.892
342.88
342.868
342.856
342.844
342.832
342.82
342.808
342.946
342.934
342.922
342.91
342.898
342.886
342.874
342.862
342.85
342.838
342.826
342.814
342.802
342.94
342.928
342.916
342.904
342.892
342.88
342.868
342.856
342.844
342.832
342.82
342.808
342.946
342.934
342.922
342.91
342.898
342.886
342.874
342.862
342.85
342.838
342.826
342.814
342.802
342.94
342.928
342.916
342.904
342.892
342.88
342.868
342.856
342.844
342.832
342.82
342.808
342.946
342.934
342.922
342.91
342.898
342.886
342.874
342.862
342.85
342.838
342.826
342.814
342.802
342.94
342.928
342.916
342.904
342.892
342.88
342.868
342.856
342.844
342.832
342.82
342.808
342.946
342.934
342.922
342.91
342.898
342.886
342.874
342.862
342.85
342.838
342.826
342.814
342.802
342.94
342.928
342.916
342.904
342.892
342.88
342.868
342.856
342.844
342.832
342.82
342.808
342.946
342.934
342.922
342.91
342.898
342.886
342.874
342.862
342.85
342.838
342.826
342.814
342.802
342.94
342.928
342.916
342.904
342.892
342.88
342.868
342.856
342.844
342.832
342.82
342.808
342.946
342.934
342.922
342.91
342.898
342.886
342.874
342.862
342.85
342.838
342.826
342.814
342.802
342.94
342.928
342.916
342.904
342.892
342.88
342.868
342.856
342.844
342.832
342.82
342.808
342.946
342.934
342.922
342.91
342.898
342.886
342.874
342.862
342.85
342.838
342.826
342.814
342.802
342.94
342.928
342.916
342.904
342.892
342.88
342.868
342.856
342.844
342.832
342.82
342.808
342.946
342.934
342.922
342.91
342.898
342.886
342.874
342.862
342.85
342.838
342.826
342.814
342.802
342.94
342.928
342.916
342.904
342.892
342.88
342.868
342.856
342.844
342.832
342.82
342.808
342.946
342.934
342.922
342.91
342.898
342.886
342.874
342.862
342.85
342.838
342.826
342.814
342.802
342.94
342.928
342.916
342.904
342.892
342.88
342.868
342.856
342.844
342.832
342.82
342.808
342.946
342.934
342.922
342.91
342.898
342.886
342.874
342.862
342.85
342.838
342.826
342.814
342.802
342.94
342.928
342.916
342.904
342.892
342.88
342.868
342.856
342.844
342.832
342.82
342.808
342.946
342.934
342.922
342.91
342.898
342.886
342.874
342.862
342.85
342.838
342.826
342.814
342.802
342.94
342.928
342.916
342.904
342.892
342.88
342.868
342.856
342.844
342.832
342.82
342.808
342.946
342.934
342.922
342.91
342.898
342.886
342.874
342.862
342.85
342.838
342.826
342.814
342.802
342.94
342.928
342.916
342.904
342.892
342.88
342.868
342.856
342.844
342.832
342.82
342.808
342.946
342.934
342.922
342.91
342.898
342.886
342.874
342.862
342.85
342.838
342.826
342.814
342.802
342.94
342.928
342.916
342.904
342.892
342.88
342.868
342.856
342.844
342.832
342.82
342.808
342.946
342.934
342.922
342.91
342.898
342.886
342.874
342.862
342.85
342.838
342.826
342.814
342.802
342.94
342.928
342.916
342.904
342.892
342.88
342.868
342.856
342.844
342.832
342.82
342.808
342.946
342.934
342.922
342.91
342.898
342.886
342.874
342.862
342.85
342.838
342.826
342.814
342.802
342.94
342.928
342.916
342.904
342.892
342.88
342.868
342.856
342.844
342.832
342.82
342.808
342.946
342.934
342.922
342.91
342.898
342.886
342.874
342.862
342.85
342.838
342.826
342.814
342.802
342.94
342.928
342.916
342.904
342.892
342.88
342.868
342.856
342.844
342.832
342.82
342.808
342.946
342.934
342.922
342.91
342.898
342.886
342.874
342.862
342.85
342.838
342.826
342.814
342.802
342.94
342.928
342.916
342.904
342.892
342.88
342.868
342.856
342.844
342.832
342.82
342.808
342.946
342.934
342.922
342.91
342.898
342.886
342.874
342.862
342.85
342.838
342.826
342.814
342.802
342.94
342.928
342.916
342.904
342.892
342.88
342.868
342.856
342.844
342.832
342.82
342.808
342.946
342.934
342.922
342.91
342.898
342.886
342.874
342.862
342.85
342.838
342.826
342.814
342.802
342.94
342.928
342.916
342.904
342.892
342.88
342.868
342.856
342.844
342.832
342.82
342.808
342.946
342.934
342.922
342.91
342.898
342.886
342.874
342.862
342.85
342.838
342.826
342.814
342.802
342.94
342.928
342.916
342.904
342.892
342.88
342.868
342.856
342.844
342.832
342.82
342.808
342.946
342.934
342.922
342.91
342.898
342.886
342.874
342.862
342.85
342.838
342.826
342.814
342.802
342.94
342.928
342.916
342.904
342.892
342.88
342.868
342.856
342.844
342.832
342.82
342.808
342.946
342.934
342.922
342.91
342.898
342.886
342.874
342.862
342.85
342.838
342.826
342.814
342.802
342.94
342.928
342.916
342.904
342.892
342.88
342.868
342.856
342.844
342.832
342.82
342.808
342.946
342.934
342.922
342.91
342.898
342.886
342.874
342.862
342.85
342.838
342.826
342.814
342.802
342.94
342.928
342.916
342.904
342.892
342.88
342.868
342.856
342.844
342.832
342.82
342.808
342.946
342.934
342.922
342.91
342.898
342.886
342.874
342.862
342.85
342.838
342.826
342.814
342.802
342.94
342.928
342.916
342.904
342.892
342.88
342.868
342.856
342.844
342.832
342.82
342.808
342.946
342.934
342.922
342.91
342.898
342.886
342.874
342.862
342.85
342.838
342.826
342.814
342.802
342.94
342.928
342.916
342.904
342.892
342.88
342.868
342.856
342.844
342.832
342.82
342.808
342.946
342.934
342.922
342.91
342.898
342.886
342.874
342.862
342.85
342.838
342.826
342.814
342.802
342.94
342.928
342.916
342.904
342.892
342.88
342.868
342.856
342.844
342.832
342.82
342.808
342.946
342.934
342.922
342.91
342.898
342.886
342.874
342.862
342.85
342.838
342.826
342.814
342.802
342.94
342.928
342.916
342.904
342.892
342.88
342.868
342.856
342.844
342.832
342.82
342.808
342.946
342.934
342.922
342.91
342.898
342.886
342.874
342.862
342.85
342.838
342.826
342.814
342.802
342.94
342.928
342.916
342.904
342.892
342.88
342.868
342.856
342.844
342.832
342.82
342.808
342.946
342.934
342.922
342.91
342.898
342.886
342.874
342.862
342.85
342.838
342.826
342.814
342.802
342.94
342.928
342.916
342.904
342.892
342.88
342.868
342.856
342.844
342.832
342.82
342.808
342.946
342.934
342.922
342.91
342.898
342.886
342.874
342.862
342.85
342.838
342.826
342.814
342.802
342.94
342.928
342.916
342.904
342.892
342.88
342.868
342.856
342.844
342.832
342.82
342.808
342.946
342.934
342.922
342.91
342.898
342.886
342.874
342.862
342.85
342.838
342.826
342.814
342.802
342.94
342.928
342.916
342.904
342.892
342.88
342.868
342.856
342.844
342.832
342.82
342.808
342.946
342.934
342.922
342.91
342.898
342.886
342.874
342.862
342.85
342.838
342.826
342.814
342.802
342.94
342.928
342.916
342.904
342.892
342.88
342.868
342.856
342.844
342.832
342.82
342.808
342.946
342.934
342.922
342.91
342.898
342.886
342.874
342.862
342.85
342.838
342.826
342.814
342.802
342.94
342.928
342.916
342.904
342.892
342.88
342.868
342.856
342.844
342.832
342.82
342.808
342.946
342.934
342.922
342.91
342.898
342.886
342.874
342.862
342.85
342.838
342.826
342.814
342.802
342.94
342.928
342.916
342.904
342.892
342.88
342.868
342.856
342.844
342.832
342.82
342.808
342.946
342.934
342.922
342.91
342.898
342.886
342.874
342.862
342.85
342.838
342.826
342.814
342.802
342.94
342.928
342.916
342.904
342.892
342.88
342.868
342.856
342.844
342.832
342.82
342.808
342.946
342.934
342.922
342.91
342.898
342.886
342.874
342.862
342.85
342.838
342.826
342.814
342.802
342.94
342.928
342.916
342.904
342.892
342.88
342.868
342.856
342.844
342.832
342.82
342.808
342.946
342.934
342.922
342.91
342.898
342.886
342.874
342.862
342.85
342.838
342.826
342.814
342.802
342.94
342.928
342.916
342.904
342.892
342.88
342.868
342.856
342.844
342.832
342.82
342.808
342.946
342.934
342.922
342.91
342.898
342.886
342.874
342.862
342.85
342.838
342.826
342.814
342.802
342.94
342.928
342.916
342.904
342.892
342.88
342.868
342.856
342.844
342.832
342.82
342.808
342.946
342.934
342.922
342.91
342.898
342.886
342.874
342.862
342.85
342.838
342.826
342.814
342.802
342.94
342.928
342.916
342.904
342.892
342.88
342.868
342.856
342.844
342.832
342.82
342.808
342.946
342.934
342.922
342.91
342.898
342.886
342.874
342.862
342.85
342.838
342.826
342.814
342.802
342.94
342.928
342.916
342.904
342.892
342.88
342.868
342.856
342.844
342.832
342.82
342.808
342.946
342.934
342.922
342.91
342.898
342.886
342.874
342.862
342.85
342.838
342.826
342.814
342.802
342.94
342.928
342.916
342.904
342.892
342.88
342.868
342.856
342.844
342.832
342.82
342.808
342.946
342.934
342.922
342.91
342.898
342.886
342.874
342.862
342.85
342.838
342.826
342.814
342.802
342.94
342.928
342.916
342.904
342.892
342.88
342.868
342.856
342.844
342.832
342.82
342.808
342.946
342.934
342.922
342.91
342.898
342.886
342.874
342.862
342.85
342.838
342.826
342.814
342.802
342.94
342.928
342.916
342.904
342.892
342.88
342.868
342.856
342.844
342.832
342.82
342.808
342.946
342.934
342.922
342.91
342.898
342.886
342.874
342.862
342.85
342.838
342.826
342.814
342.802
342.94
342.928
342.916
342.904
342.892
342.88
342.868
342.856
342.844
342.832
342.82
342.808
342.946
342.934
342.922
342.91
342.898
342.886
342.874
342.862
342.85
342.838
342.826
342.814
342.802
342.94
342.928
342.916
342.904
342.892
342.88
342.868
342.856
342.844
342.832
342.82
342.808
342.946
342.934
342.922
342.91
342.898
342.886
342.874
342.862
342.85
342.838
342.826
342.814
342.802
342.94
342.928
342.916
342.904
342.892
342.88
342.868
342.856
342.844
342.832
342.82
342.808
342.946
342.934
342.922
342.91
342.898
342.886
342.874
342.862
342.85
342.838
342.826
342.814
342.802
342.94
342.928
342.916
342.904
342.892
342.88
342.868
342.856
342.844
342.832
342.82
342.808
342.946
342.934
342.922
342.91
342.898
342.886
342.874
342.862
342.85
342.838
342.826
342.814
342.802
342.94
342.928
342.916
342.904
342.892
342.88
342.868
342.856
342.844
342.832
342.82
342.808
342.946
342.934
342.922
342.91
342.898
342.886
342.874
342.862
342.85
342.838
342.826
342.814
342.802
342.94
342.928
342.916
342.904
342.892
342.88
342.868
342.856
342.844
342.832
342.82
342.808
342.946
342.934
342.922
342.91
342.898
342.886
342.874
342.862
342.85
342.838
342.826
342.814
342.802
342.94
342.928
342.916
342.904
342.892
342.88
342.868
342.856
342.844
342.832
342.82
342.808
342.946
342.934
342.922
342.91
342.898
342.886
342.874
342.862
342.85
342.838
342.826
342.814
342.802
342.94
342.928
342.916
342.904
342.892
342.88
342.868
342.856
342.844
342.832
342.82
342.808
342.946
342.934
342.922
342.91
342.898
342.886
342.874
342.862
342.85
342.838
342.826
342.814
342.802
342.94
342.928
342.916
342.904
342.892
342.88
342.868
342.856
342.844
342.832
342.82
342.808
342.946
342.934
342.922
342.91
342.898
342.886
342.874
342.862
342.85
342.838
342.826
342.814
342.802
342.94
342.928
342.916
342.904
342.892
342.88
342.868
342.856
342.844
342.832
342.82
342.808
342.946
342.934
342.922
342.91
342.898
342.886
342.874
342.862
342.85
342.838
342.826
342.814
342.802
342.94
342.928
342.916
342.904
342.892
342.88
342.868
342.856
342.844
342.832
342.82
342.808
342.946
342.934
342.922
342.91
342.898
342.886
342.874
342.862
342.85
342.838
342.826
342.814
342.802
342.94
342.928
342.916
342.904
342.892
342.88
342.868
342.856
342.844
342.832
342.82
342.808
342.946
342.934
342.922
342.91
342.898
342.886
342.874
342.862
342.85
342.838
342.826
342.814
342.802
342.94
342.928
342.916
342.904
342.892
342.88
342.868
342.856
342.844
342.832
342.82
342.808
342.946
342.934
342.922
342.91
342.898
342.886
342.874
342.862
342.85
342.838
342.826
342.814
342.802
342.94
342.928
342.916
342.904
342.892
342.88
342.868
342.856
342.844
342.832
342.82
342.808
342.946
342.934
342.922
342.91
342.898
342.886
342.874
342.862
342.85
342.838
342.826
342.814
342.802
342.94
342.928
342.916
342.904
342.892
342.88
342.868
342.856
342.844
342.832
342.82
342.808
342.946
342.934
342.922
342.91
342.898
342.886
342.874
342.862
342.85
342.838
342.826
342.814
342.802
342.94
342.928
342.916
342.904
342.892
342.88
342.868
342.856
342.844
342.832
342.82
342.808
342.946
342.934
342.922
342.91
342.898
342.886
342.874
342.862
342.85
342.838
342.826
342.814
342.802
342.94
342.928
342.916
342.904
342.892
342.88
342.868
342.856
342.844
342.832
342.82
342.808
342.946
342.934
342.922
342.91
342.898
342.886
342.874
342.862
342.85
342.838
342.826
342.814
342.802
342.94
342.928
342.916
342.904
342.892
342.88
342.868
342.856
342.844
342.832
342.82
342.808
342.946
342.934
342.922
342.91
342.898
342.886
342.874
342.862
342.85
342.838
342.826
342.814
342.802
342.94
342.928
342.916
342.904
342.892
342.88
342.868
342.856
342.844
342.832
342.82
342.808
342.946
342.934
342.922
342.91
342.898
342.886
342.874
342.862
342.85
342.838
342.826
342.814
342.802
342.94
342.928
342.916
342.904
342.892
342.88
342.868
342.856
342.844
342.832
342.82
342.808
342.946
342.934
342.922
342.91
342.898
342.886
342.874
342.862
342.85
342.838
342.826
342.814
342.802
342.94
342.928
342.916
342.904
342.892
342.88
342.868
342.856
342.844
342.832
342.82
342.808
342.946
342.934
342.922
342.91
342.898
342.886
342.874
342.862
342.85
342.838
342.826
342.814
342.802
342.94
342.928
342.916
342.904
342.892
342.88
342.868
342.856
342.844
342.832
342.82
342.808
342.946
342.934
342.922
342.91
342.898
342.886
342.874
342.862
342.85
342.838
342.826
342.814
342.802
342.94
342.928
342.916
342.904
342.892
342.88
342.868
342.856
342.844
342.832
342.82
342.808
342.946
342.934
342.922
342.91
342.898
342.886
342.874
342.862
342.85
342.838
342.826
342.814
342.802
342.94
342.928
342.916
342.904
342.892
342.88
342.868
342.856
342.844
342.832
342.82
342.808
342.946
342.934
342.922
342.91
342.898
342.886
342.874
342.862
342.85
342.838
342.826
342.814
342.802
342.94
342.928
342.916
342.904
342.892
342.88
342.868
342.856
342.844
342.832
342.82
342.808
342.946
342.934
342.922
342.91
342.898
342.886
342.874
342.862
342.85
342.838
342.826
342.814
342.802
342.94
342.928
342.916
342.904
342.892
342.88
342.868
342.856
342.844
342.832
342.82
342.808
342.946
342.934
342.922
342.91
342.898
342.886
342.874
342.862
342.85
342.838
342.826
342.814
342.802
342.94
342.928
342.916
342.904
342.892
342.88
342.868
342.856
342.844
342.832
342.82
342.808
342.946
342.934
342.922
342.91
342.898
342.886
342.874
342.862
342.85
342.838
342.826
342.814
342.802
342.94
342.928
342.916
342.904
342.892
342.88
342.868
342.856
342.844
342.832
342.82
342.808
342.946
342.934
342.922
342.91
342.898
342.886
342.874
342.862
342.85
342.838
342.826
342.814
342.802
342.94
342.928
342.916
342.904
342.892
342.88
342.868
342.856
342.844
342.832
342.82
342.808
342.946
342.934
342.922
342.91
342.898
342.886
342.874
342.862
342.85
342.838
342.826
342.814
342.802
342.94
342.928
342.916
342.904
342.892
342.88
342.868
342.856
342.844
342.832
342.82
342.808
342.946
342.934
342.922
342.91
342.898
342.886
342.874
342.862
342.85
342.838
342.826
342.814
342.802
342.94
342.928
342.916
342.904
342.892
342.88
342.868
342.856
342.844
342.832
342.82
342.808
342.946
342.934
342.922
342.91
342.898
342.886
342.874
342.862
342.85
342.838
342.826
342.814
342.802
342.94
342.928
342.916
342.904
342.892
342.88
342.868
342.856
342.844
342.832
342.82
342.808
342.946
342.934
342.922
342.91
342.898
342.886
342.874
342.862
342.85
342.838
342.826
342.814
342.802
342.94
342.928
342.916
342.904
342.892
342.88
342.868
342.856
342.844
342.832
342.82
342.808
342.946
342.934
342.922
342.91
342.898
342.886
342.874
342.862
342.85
342.838
342.826
342.814
342.802
342.94
342.928
342.916
342.904
342.892
342.88
342.868
342.856
342.844
342.832
342.82
342.808
342.946
342.934
342.922
342.91
342.898
342.886
342.874
342.862
342.85
342.838
342.826
342.814
342.802
342.94
342.928
342.916
342.904
342.892
342.88
342.868
342.856
342.844
342.832
342.82
342.808
342.946
342.934
342.922
342.91
342.898
342.886
342.874
342.862
342.85
342.838
342.826
342.814
342.802
342.94
342.928
342.916
342.904
342.892
342.88
342.868
342.856
342.844
342.832
342.82
342.808
342.946
342.934
342.922
342.91
342.898
342.886
342.874
342.862
342.85
342.838
342.826
342.814
342.802
342.94
342.928
342.916
342.904
342.892
342.88
342.868
342.856
342.844
342.832
342.82
342.808
342.946
342.934
342.922
342.91
342.898
342.886
342.874
342.862
342.85
342.838
342.826
342.814
342.802
342.94
342.928
342.916
342.904
342.892
342.88
342.868
342.856
342.844
342.832
342.82
342.808
342.946
342.934
342.922
342.91
342.898
342.886
342.874
342.862
342.85
342.838
342.826
342.814
342.802
342.94
342.928
342.916
342.904
342.892
342.88
342.868
342.856
342.844
342.832
342.82
342.808
342.946
342.934
342.922
342.91
342.898
342.886
342.874
342.862
342.85
342.838
342.826
342.814
342.802
342.94
342.928
342.916
342.904
342.892
342.88
342.868
342.856
342.844
342.832
342.82
342.808
342.946
342.934
342.922
342.91
342.898
342.886
342.874
342.862
342.85
342.838
342.826
342.814
342.802
342.94
342.928
342.916
342.904
342.892
342.88
342.868
342.856
342.844
342.832
342.82
342.808
342.946
342.934
342.922
342.91
342.898
342.886
342.874
342.862
342.85
342.838
342.826
342.814
342.802
342.94
342.928
342.916
342.904
342.892
342.88
342.868
342.856
342.844
342.832
342.82
342.808
342.946
342.934
342.922
342.91
342.898
342.886
342.874
342.862
342.85
342.838
342.826
342.814
342.802
342.94
342.928
342.916
342.904
342.892
342.88
342.868
342.856
342.844
342.832
342.82
342.808
342.946
342.934
342.922
342.91
342.898
342.886
342.874
342.862
342.85
342.838
342.826
342.814
342.802
342.94
342.928
342.916
342.904
342.892
342.88
342.868
342.856
342.844
342.832
342.82
342.808
342.946
342.934
342.922
342.91
342.898
342.886
342.874
342.862
342.85
342.838
342.826
342.814
342.802
342.94
342.928
342.916
342.904
342.892
342.88
342.868
342.856
342.844
342.832
342.82
342.808
342.946
342.934
342.922
342.91
342.898
342.886
342.874
342.862
342.85
342.838
342.826
342.814
342.802
342.94
342.928
342.916
342.904
342.892
342.88
342.868
342.856
342.844
342.832
342.82
342.808
342.946
342.934
342.922
342.91
342.898
342.886
342.874
342.862
342.85
342.838
342.826
342.814
342.802
342.94
342.928
342.916
342.904
342.892
342.88
342.868
342.856
342.844
342.832
342.82
342.808
342.946
342.934
342.922
342.91
342.898
342.886
342.874
342.862
342.85
342.838
342.826
342.814
342.802
342.94
342.928
342.916
342.904
342.892
342.88
342.868
342.856
342.844
342.832
342.82
342.808
342.946
342.934
342.922
342.91
342.898
342.886
342.874
342.862
342.85
342.838
342.826
342.814
342.802
342.94
342.928
342.916
342.904
342.892
342.88
342.868
342.856
342.844
342.832
342.82
342.808
342.946
342.934
342.922
342.91
342.898
342.886
342.874
342.862
342.85
342.838
342.826
342.814
342.802
342.94
342.928
342.916
342.904
342.892
342.88
342.868
342.856
342.844
342.832
342.82
342.808
342.946
342.934
342.922
342.91
342.898
342.886
342.874
342.862
342.85
342.838
342.826
342.814
342.802
342.94
342.928
342.916
342.904
342.892
342.88
342.868
342.856
342.844
342.832
342.82
342.808
342.946
342.934
342.922
342.91
342.898
342.886
342.874
342.862
342.85
342.838
342.826
342.814
342.802
342.94
342.928
342.916
342.904
342.892
342.88
342.868
342.856
342.844
342.832
342.82
342.808
342.946
342.934
342.922
342.91
342.898
342.886
342.874
342.862
342.85
342.838
342.826
342.814
342.802
342.94
342.928
342.916
342.904
342.892
342.88
342.868
342.856
342.844
342.832
342.82
342.808
342.946
342.934
342.922
342.91
342.898
342.886
342.874
342.862
342.85
342.838
342.826
342.814
342.802
342.94
342.928
342.916
342.904
342.892
342.88
342.868
342.856
342.844
342.832
342.82
342.808
342.946
342.934
342.922
342.91
342.898
342.886
342.874
342.862
342.85
342.838
342.826
342.814
342.802
342.94
342.928
342.916
342.904
342.892
342.88
342.868
342.856
342.844
342.832
342.82
342.808
342.946
342.934
342.922
342.91
342.898
342.886
342.874
342.862
342.85
342.838
342.826
342.814
342.802
342.94
342.928
342.916
342.904
342.892
342.88
342.868
342.856
342.844
342.832
342.82
342.808
342.946
342.934
342.922
342.91
342.898
342.886
342.874
342.862
342.85
342.838
342.826
342.814
342.802
342.94
342.928
342.916
342.904
342.892
342.88
342.868
342.856
342.844
342.832
342.82
342.808
342.946
342.934
342.922
342.91
342.898
342.886
342.874
342.862
342.85
342.838
342.826
342.814
342.802
342.94
342.928
342.916
342.904
342.892
342.88
342.868
342.856
342.844
342.832
342.82
342.808
342.946
342.934
342.922
342.91
342.898
342.886
342.874
342.862
342.85
342.838
342.826
342.814
342.802
342.94
342.928
342.916
342.904
342.892
342.88
342.868
342.856
342.844
342.832
342.82
342.808
342.946
342.934
342.922
342.91
342.898
342.886
342.874
342.862
342.85
342.838
342.826
342.814
342.802
342.94
342.928
342.916
342.904
342.892
342.88
342.868
342.856
342.844
342.832
342.82
342.808
342.946
342.934
342.922
342.91
342.898
342.886
342.874
342.862
342.85
342.838
342.826
342.814
342.802
342.94
342.928
342.916
342.904
342.892
342.88
342.868
342.856
342.844
342.832
342.82
342.808
342.946
342.934
342.922
342.91
342.898
342.886
342.874
342.862
342.85
342.838
342.826
342.814
342.802
342.94
342.928
342.916
342.904
342.892
342.88
342.868
342.856
342.844
342.832
342.82
342.808
342.946
342.934
342.922
342.91
342.898
342.886
342.874
342.862
342.85
342.838
342.826
342.814
342.802
342.94
342.928
342.916
342.904
342.892
342.88
342.868
342.856
342.844
342.832
342.82
342.808
342.946
342.934
342.922
342.91
342.898
342.886
342.874
342.862
342.85
342.838
342.826
342.814
342.802
342.94
342.928
342.916
342.904
342.892
342.88
342.868
342.856
342.844
342.832
342.82
342.808
342.946
342.934
342.922
342.91
342.898
342.886
342.874
342.862
342.85
342.838
342.826
342.814
342.802
342.94
342.928
342.916
342.904
342.892
342.88
342.868
342.856
342.844
342.832
342.82
342.808
342.946
342.934
342.922
342.91
342.898
342.886
342.874
342.862
342.85
342.838
342.826
342.814
342.802
342.94
342.928
342.916
342.904
342.892
342.88
342.868
342.856
342.844
342.832
342.82
342.808
342.946
342.934
342.922
342.91
342.898
342.886
342.874
342.862
342.85
342.838
342.826
342.814
342.802
342.94
342.928
342.916
342.904
342.892
342.88
342.868
342.856
342.844
342.832
342.82
342.808
342.946
342.934
342.922
342.91
342.898
342.886
342.874
342.862
342.85
342.838
342.826
342.814
342.802
342.94
342.928
342.916
342.904
342.892
342.88
342.868
342.856
342.844
342.832
342.82
342.808
342.946
342.934
342.922
342.91
342.898
342.886
342.874
342.862
342.85
342.838
342.826
342.814
342.802
342.94
342.928
342.916
342.904
342.892
342.88
342.868
342.856
342.844
342.832
342.82
342.808
342.946
342.934
342.922
342.91
342.898
342.886
342.874
342.862
342.85
342.838
342.826
342.814
342.802
342.94
342.928
342.916
342.904
342.892
342.88
342.868
342.856
342.844
342.832
342.82
342.808
342.946
342.934
342.922
342.91
342.898
342.886
342.874
342.862
342.85
342.838
342.826
342.814
342.802
342.94
342.928
342.916
342.904
342.892
342.88
342.868
342.856
342.844
342.832
342.82
342.808
342.946
342.934
342.922
342.91
342.898
342.886
342.874
342.862
342.85
342.838
342.826
342.814
342.802
342.94
342.928
342.916
342.904
342.892
342.88
342.868
342.856
342.844
342.832
342.82
342.808
342.946
342.934
342.922
342.91
342.898
342.886
342.874
342.862
342.85
342.838
342.826
342.814
342.802
342.94
342.928
342.916
342.904
342.892
342.88
342.868
342.856
342.844
342.832
342.82
342.808
342.946
342.934
342.922
342.91
342.898
342.886
342.874
342.862
342.85
342.838
342.826
342.814
342.802
342.94
342.928
342.916
342.904
342.892
342.88
342.868
342.856
342.844
342.832
342.82
342.808
342.946
342.934
342.922
342.91
342.898
342.886
342.874
342.862
342.85
342.838
342.826
342.814
342.802
342.94
342.928
342.916
342.904
342.892
342.88
342.868
342.856
342.844
342.832
342.82
342.808
342.946
342.934
342.922
342.91
342.898
342.886
342.874
342.862
342.85
342.838
342.826
342.814
342.802
342.94
342.928
342.916
342.904
342.892
342.88
342.868
342.856
342.844
342.832
342.82
342.808
342.946
342.934
342.922
342.91
342.898
342.886
342.874
342.862
342.85
342.838
342.826
342.814
342.802
342.94
342.928
342.916
342.904
342.892
342.88
342.868
342.856
342.844
342.832
342.82
342.808
342.946
342.934
342.922
342.91
342.898
342.886
342.874
342.862
342.85
342.838
342.826
342.814
342.802
342.94
342.928
342.916
342.904
342.892
342.88
342.868
342.856
342.844
342.832
342.82
342.808
342.946
342.934
342.922
342.91
342.898
342.886
342.874
342.862
342.85
342.838
342.826
342.814
342.802
342.94
342.928
342.916
342.904
342.892
342.88
342.868
342.856
342.844
342.832
342.82
342.808
342.946
342.934
342.922
342.91
342.898
342.886
342.874
342.862
342.85
342.838
342.826
342.814
342.802
342.94
342.928
342.916
342.904
342.892
342.88
342.868
342.856
342.844
342.832
342.82
342.808
342.946
342.934
342.922
342.91
342.898
342.886
342.874
342.862
342.85
342.838
342.826
342.814
342.802
342.94
342.928
342.916
342.904
342.892
342.88
342.868
342.856
342.844
342.832
342.82
342.808
342.946
342.934
342.922
342.91
342.898
342.886
342.874
342.862
342.85
342.838
342.826
342.814
342.802
342.94
342.928
342.916
342.904
342.892
342.88
342.868
342.856
342.844
342.832
342.82
342.808
342.946
342.934
342.922
342.91
342.898
342.886
342.874
342.862
342.85
342.838
342.826
342.814
342.802
342.94
342.928
342.916
342.904
342.892
342.88
342.868
342.856
342.844
342.832
342.82
342.808
342.946
342.934
342.922
342.91
342.898
342.886
342.874
342.862
342.85
342.838
342.826
342.814
342.802
342.94
342.928
342.916
342.904
342.892
342.88
342.868
342.856
342.844
342.832
342.82
342.808
342.946
342.934
342.922
342.91
342.898
342.886
342.874
342.862
342.85
342.838
342.826
342.814
342.802
342.94
342.928
342.916
342.904
342.892
342.88
342.868
342.856
342.844
342.832
342.82
342.808
342.946
342.934
342.922
342.91
342.898
342.886
342.874
342.862
342.85
342.838
342.826
342.814
342.802
342.94
342.928
342.916
342.904
342.892
342.88
342.868
342.856
342.844
342.832
342.82
342.808
342.946
342.934
342.922
342.91
342.898
342.886
342.874
342.862
342.85
342.838
342.826
342.814
342.802
342.94
342.928
342.916
342.904
342.892
342.88
342.868
342.856
342.844
342.832
342.82
342.808
342.946
342.934
342.922
342.91
342.898
342.886
342.874
342.862
342.85
342.838
342.826
342.814
342.802
342.94
342.928
342.916
342.904
342.892
342.88
342.868
342.856
342.844
342.832
342.82
342.808
342.946
342.934
342.922
342.91
342.898
342.886
342.874
342.862
342.85
342.838
342.826
342.814
342.802
342.94
342.928
342.916
342.904
342.892
342.88
342.868
342.856
342.844
342.832
342.82
342.808
342.946
342.934
342.922
342.91
342.898
342.886
342.874
342.862
342.85
342.838
342.826
342.814
342.802
342.94
342.928
342.916
342.904
342.892
342.88
342.868
