26.152
29.44
31.016
28.44
39.016
28.44
32.44
28.44
36.304
28.44
26.44
32.304
38.016
31.104
40.016
30.728
35.88
28.44
49.456
28.44
28.44
38.016
30.016
31.304
36.304
29.016
38.016
26.304
29.88
28.44
34.304
29.016
34.104
30.792
30.44
29.728
30.016
32.728
28.216
31.016
32.44
31.016
36.88
32.728
38.016
40.88
29.592
37.08
34.88
38.592
32.88
28.304
29.592
33.016
28.504
38.016
31.016
30.44
28.44
26.152
29.016
33.304
33.016
40.456
29.016
33.728
37.592
30.728
31.728
29.616
27.728
36.304
33.304
31.304
35.016
26.44
31.592
35.304
31.304
35.016
31.304
28.44
31.128
30.304
40.304
31.016
43.304
34.304
31.728
30.816
30.44
30.728
32.216
26.44
32.304
31.728
29.016
40.592
27.728
38.592
29.592
29.304
48.592
29.68
26.44
38.016
26.44
29.592
30.304
40.304
28.44
32.328
35.728
44.016
32.016
29.016
28.728
39.728
36.44
38.016
29.728
36.728
29.728
36.016
30.44
33.728
26.44
41.016
37.592
38.168
28.44
33.016
41.728
28.728
32.88
42.592
28.728
31.592
29.304
44.016
37.104
36.592
33.28
29.592
26.44
30.016
31.44
28.016
37.44
28.728
26.152
29.016
34.016
28.44
32.016
32.728
38.304
44.88
31.592
35.304
32.592
35.304
26.152
37.88
35.016
35.592
35.304
39.592
47.168
36.304
29.016
33.728
32.728
40.016
27.152
28.728
34.016
26.152
27.728
41.304
35.304
44.016
26.152
32.728
33.016
50.104
35.016
30.728
35.016
28.016
29.304
31.728
34.592
26.44
40.304
32.016
28.704
28.44
28.728
43.016
37.304
29.016
34.592
34.592
29.44
33.592
39.88
35.016
33.728
31.592
29.44
37.304
29.44
28.528
29.016
31.016
38.592
31.016
37.304
43.592
32.016
28.728
30.44
26.152
30.728
35.728
30.44
31.728
43.304
29.304
31.992
28.68
45.304
44.392
28.728
29.728
28.152
28.44
37.44
27.44
32.304
34.88
29.016
43.016
30.728
30.44
29.304
35.016
28.728
26.152
38.44
30.728
28.44
32.592
36.592
29.592
28.68
50.592
36.016
31.504
32.016
28.704
30.728
28.728
31.728
29.016
31.592
29.304
28.728
42.592
30.728
38.592
35.304
28.728
30.728
26.216
33.304
31.016
32.016
26.304
38.304
34.016
32.728
34.216
29.44
32.016
28.728
32.304
40.728
32.016
29.44
28.304
41.88
36.728
31.016
46.904
29.016
30.44
40.016
26.44
32.016
37.304
36.304
34.016
26.152
31.592
29.48
26.44
26.44
39.304
32.016
37.016
29.304
31.728
33.304
27.44
49.592
36.592
26.44
40.592
28.44
38.016
28.44
31.128
29.728
29.304
33.192
38.304
40.88
43.88
28.016
31.728
31.304
29.192
29.016
26.44
30.728
35.816
31.44
29.44
35.592
29.728
29.016
32.016
44.88
29.304
26.152
43.32
28.44
33.592
38.88
35.592
43.304
43.304
34.016
27.44
29.016
31.016
35.592
34.68
28.968
30.728
27.44
26.44
29.44
34.304
35.88
29.016
32.592
29.304
35.728
38.416
33.304
28.728
30.728
29.592
28.44
35.928
26.616
35.88
36.304
26.152
30.44
30.304
35.728
28.728
38.016
26.152
30.04
38.88
29.728
38.456
36.344
29.44
35.016
28.44
31.128
31.016
28.728
40.904
29.016
30.728
29.728
28.728
34.016
43.592
29.592
28.44
33.016
33.016
30.904
40.792
30.44
30.728
34.016
30.728
26.216
32.728
34.304
31.304
28.728
43.168
40.592
28.44
31.016
32.592
44.88
29.328
41.592
35.592
40.728
31.304
26.616
42.504
40.392
34.68
28.728
30.44
28.728
30.728
26.44
29.016
26.152
41.304
36.304
32.992
30.88
30.44
30.728
26.44
29.44
28.44
30.304
37.592
29.44
26.44
30.728
45.304
31.304
58.056
31.016
29.304
27.44
31.016
29.016
30.728
29.44
39.728
29.88
31.728
36.016
33.728
38.88
27.152
34.016
36.016
34.016
28.016
26.44
33.728
40.304
38.88
41.016
32.44
35.592
30.304
31.592
34.304
26.44
29.592
32.728
26.152
28.44
26.328
36.216
26.152
38.304
32.44
35.128
43.456
29.592
31.304
30.304
29.44
26.44
29.44
30.728
28.44
28.44
35.304
31.016
33.728
26.44
39.304
35.016
31.728
38.88
33.016
36.728
26.152
30.728
42.592
26.44
28.728
32.304
37.44
41.016
28.728
41.744
34.168
29.016
33.304
28.728
30.44
29.728
40.304
31.592
35.592
29.016
30.728
32.304
34.016
29.592
28.304
42.592
27.44
31.592
28.68
30.168
29.44
30.44
29.44
28.44
38.328
34.016
36.704
29.304
38.016
32.728
30.728
29.728
33.016
46.592
28.44
40.728
31.016
29.016
26.152
28.44
37.592
30.44
30.728
39.592
32.44
29.728
36.304
48.592
28.48
34.016
32.016
26.44
30.728
28.44
33.592
28.728
35.016
29.592
39.592
30.016
28.304
31.016
31.016
30.104
39.016
38.104
28.792
43.304
29.304
28.016
31.016
29.592
30.44
29.016
37.304
29.304
34.304
44.192
28.88
31.016
29.304
29.304
26.152
28.84
28.44
33.016
27.152
29.304
26.152
26.44
34.304
29.792
28.44
50.744
30.728
44.304
37.016
38.456
34.016
35.504
31.016
26.504
30.44
33.592
37.832
28.728
30.44
44.016
29.304
39.304
28.728
26.44
48.744
29.016
34.304
30.992
36.304
29.016
26.152
36.04
30.728
35.304
27.152
31.592
32.304
30.44
38.016
30.304
38.168
30.728
29.592
29.304
29.016
31.016
33.592
28.44
32.88
30.44
37.592
29.88
31.304
26.152
38.304
27.44
44.304
34.592
42.592
30.88
38.304
28.44
27.728
33.728
40.016
31.016
26.44
35.304
38.304
28.992
31.728
33.88
46.88
32.592
31.016
28.728
31.728
28.44
29.928
32.616
31.44
39.016
37.016
30.44
32.728
29.304
29.016
35.304
30.792
31.728
30.816
28.704
28.016
26.152
33.728
32.728
30.44
39.168
31.304
43.32
31.016
32.016
28.728
35.304
29.304
35.88
32.728
31.304
31.728
30.304
29.016
37.592
31.304
38.304
37.304
35.304
28.728
31.728
33.728
37.016
36.304
33.728
28.728
26.152
35.304
35.016
28.728
33.304
39.592
28.728
36.216
42.88
31.016
29.88
33.016
30.44
29.528
26.44
29.44
41.016
29.44
26.44
35.728
46.016
29.304
32.016
26.152
26.44
33.928
32.016
42.168
30.728
39.416
30.44
37.016
35.016
48.504
36.792
30.44
29.592
44.592
29.28
29.016
33.304
37.44
31.016
35.304
28.44
26.152
30.44
35.016
36.592
28.44
29.016
29.44
26.44
30.728
29.728
26.44
29.016
30.728
44.016
26.44
33.728
38.304
28.728
31.304
28.728
32.016
30.44
28.44
29.928
40.304
30.304
26.152
33.304
29.016
30.728
26.44
41.28
31.304
33.016
39.728
32.016
42.304
31.728
31.016
37.44
26.152
37.168
32.656
26.944
31.592
36.016
31.304
33.904
31.728
31.016
34.728
29.016
31.016
29.592
29.304
31.44
30.728
26.44
29.728
32.016
44.304
40.992
28.304
29.592
29.728
36.304
26.152
27.152
36.728
32.192
31.28
38.768
30.728
27.44
26.152
29.304
28.728
39.304
28.44
38.304
28.016
29.44
33.592
27.152
35.728
26.44
31.728
35.304
31.016
33.592
28.016
31.728
30.728
29.304
29.44
26.44
32.016
31.592
29.592
26.152
33.016
29.44
31.016
36.016
29.016
35.304
26.152
40.168
39.728
26.152
29.304
33.728
37.44
29.304
28.728
41.88
30.728
39.592
30.728
29.016
26.152
34.84
44.88
40.592
28.44
34.88
33.016
32.104
31.016
32.44
29.016
54.144
33.016
32.592
35.304
29.728
26.152
33.64
29.44
35.88
29.016
31.592
41.592
29.016
30.44
28.728
33.304
29.728
42.88
29.968
26.44
31.728
34.304
40.592
26.44
37.88
26.168
29.016
36.44
35.304
34.304
28.44
35.304
46.592
31.016
29.304
30.304
28.728
28.728
27.152
32.016
35.592
39.168
26.152
32.016
28.616
35.016
37.728
29.016
30.728
35.728
29.016
29.728
28.816
38.704
32.016
32.728
31.304
33.016
31.016
35.728
31.592
47.304
30.44
39.016
28.44
35.592
38.28
28.968
35.592
27.728
30.728
31.016
30.44
28.328
38.304
40.304
39.08
28.44
35.016
30.44
38.992
32.728
28.728
32.016
29.304
39.168
38.256
26.152
35.304
35.304
28.392
31.44
31.304
26.44
31.304
29.192
30.44
26.152
29.44
26.44
30.44
26.152
28.84
29.44
32.128
35.016
30.728
32.88
29.728
28.728
32.016
29.016
31.304
28.44
39.304
33.304
26.152
29.304
35.016
32.904
37.88
27.44
34.016
38.88
36.304
32.016
29.016
38.168
32.88
31.592
40.304
28.304
34.728
35.304
29.304
31.304
42.456
42.168
38.016
26.304
29.728
39.304
26.152
29.016
37.44
41.168
40.592
39.728
35.016
36.592
31.304
29.192
30.728
32.728
35.416
31.304
39.992
28.304
32.016
35.304
28.016
30.728
30.728
28.44
35.304
29.304
26.44
31.304
30.44
34.328
26.216
33.304
35.016
42.168
32.728
30.616
28.504
26.44
26.152
34.016
42.88
33.728
29.016
41.88
33.016
40.016
28.304
32.016
36.304
33.016
37.44
30.728
38.304
32.016
37.168
30.44
32.016
34.016
37.592
30.728
30.016
29.304
26.44
41.728
28.728
32.304
29.304
26.152
37.592
30.304
33.728
29.728
32.016
29.44
49.88
32.016
26.304
31.016
29.88
40.032
34.32
26.44
30.304
26.44
30.728
36.304
31.304
29.016
35.592
26.152
34.016
29.016
26.152
28.016
38.304
36.592
28.44
32.328
37.016
29.304
39.304
28.304
30.304
38.88
30.728
29.016
34.304
32.728
30.728
30.44
33.016
27.728
28.728
31.44
34.016
40.304
30.992
39.728
30.728
39.416
28.728
26.504
40.88
30.728
28.728
30.016
38.88
32.016
30.44
29.728
29.304
34.304
28.44
31.304
29.592
38.016
31.728
30.816
28.728
35.728
32.728
41.592
32.016
41.904
29.016
32.592
31.728
36.728
30.44
28.44
35.728
34.592
29.928
28.728
38.016
32.016
46.744
29.44
35.592
28.016
33.016
27.44
31.328
29.016
42.88
37.168
29.056
31.016
33.728
39.016
26.152
30.44
32.016
26.304
33.792
29.88
38.592
32.592
43.016
28.904
34.304
28.728
29.304
29.592
37.728
28.728
30.728
37.304
32.016
41.016
28.728
51.592
32.592
35.304
28.728
30.44
31.928
28.728
39.016
38.304
29.304
30.728
36.592
30.88
31.016
26.44
42.304
31.592
45.168
40.656
28.44
32.328
39.168
28.728
36.592
35.728
29.016
28.728
28.44
34.728
31.016
36.88
31.304
34.016
26.152
32.304
28.016
31.016
35.592
32.016
28.728
31.592
31.304
29.44
31.016
26.44
28.016
32.304
28.016
26.152
33.728
47.88
32.592
30.728
28.728
26.44
30.728
28.44
31.44
31.304
38.304
31.016
31.016
29.016
44.456
38.744
32.592
34.08
38.016
35.016
32.016
33.728
32.304
29.304
31.592
38.304
30.44
30.728
31.304
31.728
40.728
37.88
30.728
37.016
34.728
28.44
31.728
31.016
36.304
28.016
26.152
37.016
43.304
30.728
26.152
34.84
42.328
39.728
30.44
26.152
35.728
35.304
31.728
26.44
40.592
33.304
37.304
34.304
29.792
36.304
26.152
35.88
30.44
38.016
33.304
30.44
35.528
38.056
32.44
33.016
31.728
31.016
33.304
31.016
42.304
28.728
28.728
26.152
32.728
29.592
35.304
39.592
26.44
29.016
26.44
35.304
28.44
33.016
36.304
32.728
31.592
30.728
29.016
40.592
39.016
38.016
31.104
32.016
29.728
29.016
29.44
28.728
32.44
41.128
31.016
43.168
26.656
31.744
46.456
31.144
28.016
32.016
38.592
29.016
26.152
33.728
44.816
41.88
42.304
32.992
29.016
27.152
34.016
30.728
26.216
28.904
38.016
32.304
45.168
27.44
35.88
35.016
30.504
36.792
28.728
39.016
35.016
30.44
39.304
32.304
29.016
31.016
29.304
31.016
29.44
34.016
44.304
31.728
38.304
26.152
26.152
37.304
30.44
36.016
30.44
39.016
37.928
30.728
29.592
29.728
29.304
27.44
30.728
36.168
29.016
26.44
28.44
35.016
48.504
26.44
37.528
36.304
29.44
34.304
26.152
29.792
35.592
45.48
40.304
33.392
33.304
31.016
44.504
28.728
32.016
26.44
31.728
26.44
38.728
30.728
29.016
35.304
29.304
32.016
31.016
30.304
34.304
29.728
40.592
42.304
35.304
29.304
29.44
38.016
26.304
29.592
38.28
32.568
29.016
27.44
39.728
44.304
29.44
27.152
29.44
43.304
42.168
31.016
32.728
30.728
40.304
29.016
31.704
34.392
28.44
40.728
32.616
31.704
35.016
28.44
26.328
30.44
44.88
28.728
32.592
28.728
32.44
30.728
28.728
30.728
29.016
29.728
31.728
29.728
35.304
42.168
28.728
34.168
30.44
29.88
36.304
28.304
49.744
40.456
33.88
27.152
56.88
38.456
29.304
30.728
32.016
42.168
32.304
33.792
32.016
26.44
33.88
31.016
30.728
36.304
41.592
31.016
43.88
29.304
30.728
33.016
37.592
30.44
42.728
46.88
32.592
30.728
41.592
30.44
31.728
39.304
35.88
32.592
28.44
30.44
26.44
39.304
39.304
26.44
34.728
32.304
38.304
33.016
43.032
32.592
30.304
39.728
27.728
30.416
28.44
31.128
33.816
26.152
33.592
29.88
26.568
29.44
45.744
39.304
35.304
40.304
29.016
28.44
35.016
29.016
36.592
39.304
39.016
29.016
32.592
29.304
42.88
39.592
31.592
35.304
39.728
30.728
43.016
36.304
32.728
31.304
27.728
39.016
39.728
35.592
33.728
32.816
26.152
31.016
31.016
29.304
30.792
35.728
38.28
35.88
30.44
31.592
33.728
30.44
35.592
29.88
26.568
28.728
26.44
31.304
26.44
30.304
26.152
28.728
38.592
29.592
41.592
28.68
35.016
29.304
35.304
29.728
29.728
38.016
47.592
43.592
35.304
32.016
35.016
28.704
28.152
32.728
31.304
35.728
31.016
28.016
33.016
31.016
30.44
45.592
29.728
36.016
30.728
28.616
35.88
31.728
35.016
30.504
26.44
33.928
30.44
34.016
42.88
27.728
33.728
29.304
29.304
28.44
41.304
28.44
31.128
35.304
32.016
30.44
41.016
36.728
40.592
43.28
31.592
31.016
26.152
36.168
39.016
36.304
35.592
34.592
34.016
34.016
32.728
29.016
26.44
33.304
30.592
29.44
35.016
41.304
37.728
30.728
26.44
31.016
33.016
29.704
26.44
38.88
30.44
28.44
29.304
28.44
35.016
28.728
34.016
42.704
30.016
28.304
32.728
38.016
27.44
26.152
32.304
31.016
33.304
29.016
32.904
40.592
27.44
33.304
28.728
35.016
32.016
38.592
31.44
30.728
32.304
37.88
31.728
29.44
29.304
34.304
30.728
26.44
31.728
40.592
31.016
29.44
39.88
34.592
32.592
34.304
28.728
32.88
36.304
37.592
29.016
38.016
37.016
35.304
30.728
35.016
35.592
33.016
35.728
31.216
30.304
35.104
46.192
29.728
40.728
30.728
27.152
31.04
31.728
26.152
28.728
30.728
31.304
37.304
32.592
26.44
37.528
28.728
32.728
37.592
40.88
33.016
44.592
38.168
31.44
41.328
29.304
37.992
29.016
28.728
39.016
39.728
31.592
39.456
30.44
44.88
32.016
38.44
39.728
28.016
30.728
33.728
32.016
28.728
39.816
38.44
28.016
30.728
30.44
29.592
28.728
39.304
35.88
26.568
31.728
37.304
41.304
48.88
38.016
29.592
35.304
31.592
39.304
43.592
29.592
37.08
33.016
30.728
37.016
31.304
38.016
31.016
26.504
29.016
32.792
38.016
35.016
30.44
26.44
30.44
40.728
30.728
36.592
30.44
40.88
31.016
33.728
29.44
41.728
40.016
28.304
30.728
34.88
30.44
31.016
28.728
27.152
39.168
30.016
46.304
38.192
44.592
35.728
29.44
29.304
38.168
26.44
35.016
32.728
39.744
30.016
35.88
26.44
38.016
31.304
32.016
29.016
39.304
27.592
39.728
30.728
33.016
30.728
32.728
38.016
31.016
28.728
33.728
27.44
29.016
46.88
34.016
28.304
32.304
28.44
29.304
36.304
31.304
30.728
29.816
36.304
31.728
29.728
31.216
38.44
42.304
44.168
28.728
33.304
37.016
32.592
28.728
37.016
34.016
30.704
26.192
28.304
32.728
30.728
30.304
29.728
32.728
28.44
36.88
40.88
37.592
27.728
31.728
38.592
31.592
40.168
38.168
43.016
27.44
37.328
33.592
38.592
38.016
31.016
29.016
36.44
26.152
31.304
33.016
40.504
39.592
28.44
31.016
36.728
37.016
34.016
27.44
42.168
35.88
35.304
33.192
28.728
30.728
35.592
28.68
28.44
42.168
35.304
31.728
31.592
29.304
36.728
34.016
28.728
26.44
33.016
28.728
36.592
35.592
29.016
28.44
29.016
36.592
36.44
32.016
39.88
32.304
32.016
29.304
31.728
26.152
32.44
39.304
30.44
34.016
33.728
29.016
30.504
50.168
37.88
32.728
34.216
29.704
33.304
30.44
29.44
35.592
28.016
28.728
36.304
31.44
28.152
34.728
34.016
28.728
43.168
33.856
32.944
43.168
34.016
33.304
32.728
28.44
32.328
26.152
31.728
36.44
40.592
35.592
43.456
32.304
31.304
31.016
39.016
30.44
33.016
29.88
38.016
33.728
32.016
28.728
38.304
31.016
30.016
29.728
32.304
26.152
39.592
34.016
44.88
40.88
35.168
34.256
26.44
32.016
28.704
35.304
31.992
26.44
30.728
38.216
26.504
28.44
35.592
33.88
29.016
38.304
31.592
30.728
27.44
31.44
32.728
29.44
30.928
28.728
29.016
28.728
43.416
36.504
26.44
29.016
47.88
29.592
39.304
29.44
42.88
38.368
33.016
29.704
28.44
28.152
38.88
41.568
31.016
33.728
30.728
43.304
33.728
30.728
28.616
30.304
38.592
38.304
41.304
37.016
29.016
28.016
35.304
36.016
26.44
34.016
33.728
36.416
41.168
43.856
32.304
29.728
32.016
38.44
34.88
29.44
26.44
31.016
35.304
30.792
28.728
26.616
31.704
36.792
39.48
29.016
29.016
32.728
29.016
28.728
28.44
26.44
35.304
28.728
43.168
33.856
29.728
34.304
26.192
37.728
29.016
33.016
28.504
36.016
28.44
29.016
35.304
30.016
38.88
30.768
29.728
32.016
38.304
30.728
34.016
28.44
44.016
29.016
33.016
41.016
28.44
32.016
40.592
32.48
39.968
32.304
41.016
29.016
35.592
28.728
36.016
40.592
32.304
40.304
29.016
37.592
32.016
28.704
27.44
36.304
30.44
30.44
32.304
28.152
42.592
33.304
35.728
33.016
28.504
26.152
37.304
28.44
33.728
29.016
34.104
28.44
38.88
27.44
35.016
26.152
32.304
33.728
28.44
26.44
38.728
29.728
26.44
29.304
26.152
26.152
29.016
31.016
28.728
29.304
26.152
38.592
39.592
33.728
28.016
33.016
38.104
42.456
38.88
30.016
29.104
28.44
33.728
26.152
39.728
36.016
38.704
27.728
44.592
29.728
26.152
28.44
37.304
31.304
28.728
37.728
38.016
31.016
47.304
26.152
35.728
26.44
33.928
39.016
26.152
33.928
37.304
34.016
31.304
33.728
29.304
34.016
28.44
29.44
28.728
37.728
26.44
33.304
26.152
44.304
29.016
39.728
29.304
28.44
41.88
42.88
33.016
30.44
38.016
31.304
35.304
38.016
44.88
26.44
29.016
29.88
32.728
26.152
28.84
44.88
29.016
42.304
31.304
29.016
28.44
31.728
30.728
37.016
43.616
34.728
33.304
30.728
37.304
29.88
29.592
38.016
29.304
31.728
31.44
38.016
30.728
28.728
28.728
38.016
29.016
30.728
27.44
34.416
38.304
38.016
28.016
36.592
35.304
31.016
35.016
31.304
31.016
31.592
26.44
30.44
29.016
39.728
38.016
31.016
39.728
33.016
28.304
29.616
38.304
34.304
29.728
31.728
30.728
29.304
31.728
30.016
43.032
29.304
31.728
33.728
28.728
38.304
28.992
34.592
27.44
29.016
36.44
41.88
36.304
30.728
36.592
29.728
27.44
26.152
33.016
29.304
28.44
31.592
38.88
44.016
43.304
30.304
37.728
28.44
31.128
37.592
29.592
38.016
30.44
28.44
35.592
31.44
39.016
28.304
29.592
26.192
26.152
32.728
38.016
33.304
29.016
26.152
28.84
31.304
29.016
28.44
28.44
27.152
42.168
29.44
43.592
34.016
30.44
34.728
30.728
30.016
29.304
32.304
39.304
29.304
35.728
34.728
30.44
35.304
34.304
32.592
28.728
42.168
37.728
33.304
36.304
29.592
29.304
28.016
26.44
36.328
42.616
30.728
28.616
33.704
28.728
40.304
26.152
47.304
30.728
26.44
31.728
29.728
31.216
37.504
29.44
31.016
42.168
32.856
28.728
31.592
30.44
37.016
32.304
37.728
32.304
43.592
29.016
35.592
37.304
38.168
35.592
31.304
30.44
35.304
30.728
34.728
26.44
26.152
35.616
32.304
35.016
48.88
28.016
31.728
34.592
43.592
40.592
29.304
32.44
28.728
26.44
38.304
33.016
44.88
39.592
33.016
32.104
37.928
33.728
32.816
26.152
31.016
31.016
35.88
49.616
30.44
31.304
43.592
26.44
37.728
34.304
38.192
43.304
29.304
35.88
33.728
29.592
30.016
34.88
29.168
26.152
30.728
29.304
41.592
30.304
26.44
39.728
33.88
36.728
30.016
38.016
33.016
31.44
39.728
26.152
38.592
35.592
29.016
26.44
34.592
35.592
40.88
30.304
48.592
32.728
29.44
40.592
38.592
30.44
41.528
30.728
41.016
33.016
39.728
41.728
29.016
39.168
38.592
29.304
30.592
35.592
30.728
31.016
28.728
41.592
26.28
33.016
47.88
31.304
38.568
37.656
28.016
40.304
32.304
30.016
28.44
29.304
29.304
34.88
28.152
31.592
44.88
40.368
36.592
31.016
29.016
31.016
26.44
29.44
26.152
40.016
37.592
29.728
38.592
36.592
30.992
35.104
29.592
37.304
29.304
32.016
26.44
31.016
26.504
36.88
32.44
32.592
29.44
29.304
33.192
28.68
32.304
29.304
26.152
35.304
32.728
31.728
34.304
28.728
32.016
26.44
31.44
29.728
29.016
45.592
26.44
31.016
29.88
27.152
29.016
42.304
31.592
37.304
31.016
36.016
26.44
32.304
30.44
35.304
30.304
29.016
37.592
27.152
32.016
29.44
26.152
43.24
29.016
31.528
28.44
31.128
38.88
30.44
38.304
30.728
35.304
28.392
33.48
26.44
37.016
35.88
31.304
35.592
27.44
33.016
30.44
32.728
40.592
39.728
35.304
31.016
29.592
36.304
30.728
28.152
30.84
35.304
30.792
31.016
31.304
30.44
35.528
27.44
50.88
33.016
29.728
42.016
50.88
35.568
29.856
38.544
32.304
36.304
33.016
30.728
26.44
34.304
31.728
41.304
32.304
29.728
28.44
29.016
29.728
46.592
36.728
32.304
35.592
30.728
39.592
47.456
35.744
39.304
35.992
33.88
33.304
33.304
33.016
29.704
35.728
33.016
29.016
31.728
29.592
32.28
39.304
32.304
31.392
28.016
26.44
34.304
29.44
34.304
39.016
30.44
29.728
40.016
34.016
28.44
32.728
30.728
29.304
37.728
28.44
38.304
46.88
30.728
35.728
31.304
28.016
38.016
31.728
26.44
34.016
30.704
29.728
55.216
33.728
43.016
26.44
38.016
32.016
30.728
36.304
35.304
33.016
31.016
28.44
37.304
28.728
28.016
39.88
36.592
38.08
41.968
33.592
29.016
34.104
32.016
26.152
30.44
29.592
40.016
37.592
31.016
36.592
43.304
34.016
30.728
29.728
34.016
38.016
26.152
28.728
27.728
33.728
38.016
26.152
27.728
31.616
30.44
36.304
35.392
34.728
30.44
33.128
28.728
31.016
29.304
27.44
31.44
39.728
28.728
28.44
29.304
28.728
26.152
30.44
29.528
33.304
43.744
31.016
47.168
33.592
32.304
28.728
39.016
30.728
26.152
29.016
28.44
39.304
27.152
38.016
33.016
38.104
29.016
29.016
26.152
37.304
29.728
32.592
35.28
30.768
30.728
30.44
30.016
42.592
38.456
36.728
29.592
33.728
35.592
40.016
39.168
36.44
29.728
35.304
38.016
28.728
32.904
37.304
28.016
34.88
29.44
29.016
36.304
34.192
39.016
31.016
36.304
26.44
33.016
26.44
29.88
31.368
32.856
28.728
30.44
29.592
31.08
26.152
32.728
35.304
30.016
26.44
31.304
30.728
42.88
42.304
38.304
31.016
36.016
29.88
38.568
34.056
36.44
30.728
38.016
27.728
36.016
38.44
32.304
27.728
30.44
40.88
38.016
29.016
30.728
36.728
26.44
26.152
38.592
46.304
32.728
27.152
28.44
31.44
36.592
35.728
33.016
44.304
30.728
33.88
30.44
26.152
35.304
42.016
31.44
29.104
30.728
43.032
28.016
39.592
30.44
39.304
34.304
26.44
29.016
26.152
28.728
47.304
29.304
31.016
32.592
46.304
28.728
26.44
38.016
33.304
34.792
30.44
38.016
43.456
35.304
29.728
35.304
29.592
26.28
34.016
34.728
26.616
31.016
35.304
31.016
38.592
30.48
31.44
30.728
38.304
29.016
37.88
33.88
30.568
35.728
29.016
28.728
35.592
30.728
31.016
29.44
39.016
30.44
34.328
28.44
38.328
34.016
31.304
29.016
38.304
26.44
33.728
34.016
33.728
38.88
31.016
33.016
43.304
29.016
38.016
28.44
33.016
35.592
32.728
38.016
30.728
32.216
33.728
29.304
31.44
28.728
27.152
35.592
33.48
27.44
26.152
36.304
36.016
31.504
31.728
28.328
29.616
28.44
26.328
41.016
43.016
38.304
37.016
31.016
29.016
31.016
27.728
29.592
38.88
30.768
31.016
29.016
31.016
39.88
32.968
26.152
33.728
34.304
30.44
28.44
44.456
40.304
41.728
32.592
29.304
39.304
31.304
29.016
37.704
29.44
38.592
35.28
28.728
40.168
28.304
26.44
33.88
30.44
35.304
28.728
31.016
29.016
29.304
42.592
41.592
39.304
29.44
28.728
35.728
38.304
30.728
42.456
31.592
29.48
38.016
28.704
28.728
32.728
28.016
29.304
28.728
35.016
33.016
29.304
26.44
31.016
33.728
30.304
35.88
30.728
31.016
31.592
35.304
36.016
34.168
26.44
35.128
30.616
33.304
32.592
30.728
40.728
30.728
28.728
30.728
36.304
28.44
32.016
29.016
34.016
40.592
32.016
29.016
38.88
30.44
37.44
31.728
29.44
30.816
36.016
42.304
30.44
45.592
37.592
34.144
31.304
41.304
51.032
30.728
33.728
40.016
35.592
31.016
31.016
30.44
28.44
32.44
29.304
36.728
32.304
29.304
30.728
28.44
29.44
36.016
29.44
38.016
33.504
29.016
38.592
30.44
38.592
30.728
38.592
36.592
36.592
35.728
29.44
37.304
35.304
37.304
40.592
30.44
30.304
40.016
35.728
38.304
29.304
34.392
29.304
32.592
43.68
28.44
26.152
30.728
40.728
38.88
26.152
28.016
31.616
29.44
42.016
26.152
28.728
31.304
41.592
28.304
37.304
26.152
31.016
30.728
28.728
28.44
28.728
28.44
43.016
32.304
49.744
44.592
37.728
29.304
36.016
37.504
39.304
40.88
31.44
26.152
38.016
38.016
37.304
33.88
36.568
33.256
30.44
29.44
30.928
35.304
29.728
27.728
44.016
26.152
34.728
26.152
32.016
38.592
28.44
34.728
30.44
26.152
39.728
29.016
26.152
32.592
31.592
34.08
26.152
32.304
38.016
30.44
30.44
43.592
37.88
30.968
32.456
47.144
28.728
38.592
33.304
38.592
29.304
35.016
31.44
28.728
37.016
29.44
37.304
26.152
29.016
32.728
26.152
40.592
30.728
35.592
39.304
29.728
29.016
36.304
29.728
38.168
29.304
30.728
28.616
26.504
32.792
41.592
39.592
28.44
31.44
36.592
28.48
30.728
34.304
28.728
28.728
34.016
39.304
34.304
30.992
28.152
32.016
29.304
26.152
30.728
26.152
32.44
28.304
32.728
32.728
41.592
26.28
30.728
34.304
32.192
28.88
31.568
49.168
30.728
33.728
28.44
33.728
36.592
32.728
30.728
38.016
31.104
35.304
29.592
29.304
31.992
39.592
29.08
32.728
30.68
43.016
37.016
29.44
34.88
29.592
35.592
31.016
30.728
39.168
29.016
33.728
34.88
31.568
42.88
31.304
34.016
31.592
42.592
26.152
32.304
28.728
30.44
29.592
39.48
30.44
26.44
35.88
40.728
32.304
29.304
31.016
34.016
29.592
26.152
29.016
32.016
26.44
42.88
29.44
32.44
34.016
26.44
29.304
29.728
29.592
37.728
41.016
38.016
30.44
29.44
38.128
35.016
31.592
32.016
36.168
28.44
33.728
28.728
32.016
30.728
28.152
39.24
37.304
38.016
30.728
38.456
30.44
42.88
38.016
29.016
38.88
27.44
31.016
43.168
33.728
36.592
29.88
36.592
45.28
38.304
35.016
29.304
32.304
37.392
29.728
35.016
28.44
39.304
28.016
31.728
26.152
30.44
26.152
38.44
29.592
32.728
38.016
26.152
31.016
38.592
29.728
33.016
38.592
44.456
29.44
38.304
32.592
38.88
29.016
41.592
31.304
37.592
33.08
36.968
28.44
41.88
29.016
37.728
34.88
33.968
29.44
28.728
43.168
33.304
40.592
29.728
39.728
34.016
34.728
29.728
28.816
35.016
32.016
44.88
29.728
32.728
29.304
39.728
43.704
29.728
37.44
41.456
32.016
29.904
31.304
34.016
30.704
41.016
26.152
30.728
33.88
38.016
28.44
32.328
28.44
28.728
33.816
27.728
39.016
29.016
28.016
31.728
30.816
39.728
55.456
28.728
35.592
26.28
26.152
33.592
26.152
26.152
38.016
27.152
30.728
28.44
36.016
28.304
45.456
30.016
26.152
30.44
29.304
35.304
26.152
38.592
30.728
41.592
26.44
29.304
50.168
29.016
29.016
31.016
28.728
38.592
30.728
26.44
32.016
26.152
30.728
31.016
40.592
33.68
29.304
42.88
31.592
34.304
37.016
30.44
34.728
41.304
35.304
27.728
30.728
35.304
37.304
42.304
30.728
33.416
28.016
33.728
28.44
29.016
32.904
28.304
36.592
29.304
33.016
31.592
30.016
28.44
34.304
33.592
29.728
31.728
31.016
37.304
30.44
33.304
26.152
30.728
26.44
30.728
33.304
31.192
38.016
31.304
31.016
28.44
32.592
29.28
46.592
27.728
42.304
31.592
38.304
32.728
28.44
30.728
37.728
37.592
28.304
37.016
34.728
32.016
31.104
36.592
38.592
29.728
31.016
28.904
26.152
37.304
31.592
37.016
28.728
37.592
35.592
36.728
28.44
34.304
34.304
28.728
26.44
35.128
28.216
28.44
37.728
32.016
31.104
32.88
28.728
35.304
29.304
42.88
37.88
30.44
33.304
30.728
43.016
32.304
29.016
30.728
41.304
29.016
30.728
29.304
43.304
32.016
36.728
29.592
29.016
30.728
28.304
26.44
36.728
28.616
31.728
28.44
29.88
30.728
26.152
28.84
28.728
32.728
35.88
35.592
26.28
26.152
31.44
30.728
35.304
30.44
29.592
26.44
34.016
29.016
37.592
28.44
26.44
28.44
39.304
28.016
27.728
29.304
48.168
36.44
37.656
29.304
44.88
42.592
32.304
27.728
39.744
27.152
42.304
27.152
32.016
33.304
33.592
40.304
32.304
31.44
28.728
34.304
32.304
29.304
28.728
29.728
44.592
31.592
44.304
29.592
26.28
29.728
38.88
26.152
38.304
29.44
38.128
26.416
30.016
35.592
26.44
26.44
41.88
43.368
32.856
31.016
28.904
34.728
31.304
30.728
29.728
37.016
38.304
35.304
35.592
29.728
33.016
36.304
30.44
41.88
44.592
36.44
29.28
31.44
31.728
37.304
32.44
36.328
29.728
27.44
26.152
38.016
49.104
32.728
55.32
43.304
39.016
35.304
28.44
31.728
35.616
35.016
32.44
36.328
34.592
31.592
26.44
30.44
35.592
28.68
28.728
28.016
34.728
42.216
32.904
28.44
26.152
50.144
30.032
39.92
44.016
31.728
29.616
28.704
28.44
32.304
30.44
32.016
32.592
31.592
32.728
35.016
42.304
30.504
28.728
38.616
29.016
32.904
28.44
28.728
38.88
35.568
32.728
29.592
44.592
29.728
34.016
29.44
29.016
33.728
33.304
26.152
31.304
34.304
33.392
31.728
35.016
31.016
30.728
28.44
32.328
45.88
37.728
26.152
34.016
27.728
32.016
33.904
28.728
31.592
30.728
28.44
47.744
26.328
34.832
42.592
29.44
34.728
26.616
28.728
37.728
26.152
40.016
36.704
33.016
29.88
26.44
29.728
26.416
35.016
30.728
40.016
38.168
30.44
34.304
35.792
26.152
26.44
36.728
36.304
34.192
36.016
35.728
26.44
29.304
33.192
32.304
35.016
28.016
26.152
35.728
29.592
35.016
31.728
38.592
30.728
29.016
37.456
51.168
28.728
32.728
35.728
30.44
28.44
27.152
29.016
46.88
38.88
33.304
30.44
38.592
42.168
31.304
32.592
36.728
29.728
33.016
36.304
30.728
35.304
26.152
35.304
43.592
32.016
31.592
31.728
31.304
30.44
44.28
31.592
29.48
30.728
28.728
36.592
39.016
45.88
30.728
29.816
26.152
29.304
37.592
26.44
36.304
32.016
31.592
30.68
45.88
38.016
31.728
28.304
31.728
29.592
37.08
37.592
36.44
42.88
31.44
28.728
39.016
29.016
30.728
35.816
28.904
35.304
29.304
30.728
28.44
30.016
30.304
26.152
32.304
28.728
32.88
28.44
39.728
37.304
43.592
32.592
49.592
32.68
36.568
29.592
39.88
31.016
28.904
38.88
30.768
36.592
38.08
39.304
38.016
30.44
30.44
29.016
36.304
31.728
35.88
29.304
32.304
30.728
32.016
29.304
26.152
34.728
30.728
32.216
30.592
29.44
35.592
29.88
37.592
30.68
32.304
38.592
26.152
31.016
39.304
31.192
29.728
39.728
37.88
29.304
28.152
38.304
35.016
38.016
30.016
32.704
27.728
31.016
31.016
30.44
42.728
28.728
31.016
35.016
40.304
28.592
44.88
33.304
26.152
35.592
36.168
34.056
37.704
32.44
31.304
33.016
38.104
29.016
28.44
35.592
26.152
31.016
37.304
28.728
41.88
30.016
35.304
38.016
31.304
29.304
27.44
31.304
35.304
41.456
29.592
38.016
32.28
31.44
28.44
30.44
38.016
29.728
34.728
31.216
36.592
29.016
31.016
35.304
29.88
35.016
26.152
46.456
32.728
35.016
31.592
29.592
28.44
39.728
38.592
32.88
30.44
33.304
26.44
29.304
32.592
31.728
29.016
29.016
26.152
36.016
32.728
42.304
26.44
33.016
38.016
43.168
29.44
26.44
33.728
37.016
29.44
35.304
36.792
29.592
28.728
34.016
37.304
34.016
29.504
37.304
29.016
34.104
27.192
28.728
28.44
31.016
33.728
26.152
32.44
26.728
43.88
32.016
38.44
43.592
26.152
26.44
33.728
30.728
40.592
35.304
28.44
33.304
28.728
28.728
28.016
27.728
34.016
32.016
44.016
31.728
36.592
28.48
32.368
28.304
29.592
35.016
40.104
29.016
30.728
30.44
28.728
26.152
30.728
28.44
29.728
33.88
28.44
42.304
38.016
31.44
30.728
47.816
30.44
28.728
26.44
26.152
31.592
40.88
37.728
42.016
38.168
31.304
35.728
47.88
35.016
39.304
35.016
32.304
30.728
33.728
26.152
28.728
35.016
38.016
35.016
29.304
37.304
29.192
39.304
34.728
28.44
54.168
35.304
26.44
31.304
31.304
29.016
26.44
42.04
26.728
32.304
39.728
37.392
29.728
30.728
39.728
29.216
37.88
31.728
30.816
35.016
30.504
30.44
28.44
32.304
26.44
29.44
34.304
34.728
26.44
36.304
38.016
38.016
31.016
34.016
30.704
33.392
26.152
33.728
43.168
29.056
26.44
33.728
29.216
29.016
29.592
39.592
33.016
31.592
32.592
28.016
30.728
29.728
38.216
38.016
29.304
29.016
34.016
38.592
37.68
46.592
31.016
28.728
32.616
49.592
38.304
35.304
28.44
29.44
32.016
37.44
37.44
31.016
31.016
42.016
36.44
35.304
31.728
28.728
31.016
35.016
37.728
39.744
41.016
37.88
29.768
36.016
31.728
34.728
30.44
38.48
33.728
38.88
29.568
31.056
26.544
29.232
30.304
36.016
30.44
28.728
32.016
32.728
30.44
35.304
31.016
28.016
38.592
38.016
33.728
30.728
29.592
26.216
34.016
40.168
35.016
30.016
29.016
30.728
34.616
30.728
39.728
32.728
28.728
32.728
31.816
26.152
29.016
38.016
35.592
37.304
34.728
32.592
28.44
31.128
30.44
37.304
36.728
30.44
30.44
28.728
30.44
31.728
26.152
36.728
29.016
32.728
29.304
26.44
30.44
35.592
29.304
32.728
29.016
29.016
37.704
35.88
27.152
29.016
34.016
37.704
35.304
28.44
33.016
28.504
28.728
40.016
29.44
28.528
29.728
26.152
38.592
41.88
31.44
34.016
46.304
26.152
35.016
32.728
26.44
36.328
31.016
32.592
32.016
42.592
26.44
28.44
34.592
32.304
29.592
28.728
31.304
28.728
38.016
26.44
31.304
42.456
29.728
39.304
26.44
37.44
26.152
29.016
31.592
46.592
36.016
31.016
30.016
29.728
41.016
28.304
35.304
27.44
26.44
30.728
29.304
32.016
26.44
26.44
33.88
28.44
29.304
35.304
28.44
45.88
35.728
29.44
29.44
30.44
33.592
29.016
31.48
30.568
37.88
29.016
28.728
33.304
38.016
44.592
30.592
33.016
39.728
26.44
28.728
31.416
37.016
30.44
28.728
38.016
46.704
39.792
34.304
43.168
34.016
31.728
31.016
50.744
38.016
32.304
31.44
36.016
26.704
31.592
30.728
31.016
38.592
31.304
31.016
38.592
31.728
31.592
30.44
29.88
30.728
37.016
28.728
32.016
35.904
26.152
26.152
29.592
26.152
37.08
40.728
37.592
28.44
36.44
30.728
29.88
37.592
32.304
34.88
29.728
29.728
35.304
39.192
29.44
28.728
29.44
39.304
26.44
28.44
32.016
27.44
34.168
43.304
39.728
26.152
31.24
29.44
30.728
26.44
30.728
28.44
36.016
39.592
33.304
29.304
34.592
29.592
34.016
35.592
32.016
29.016
26.44
38.016
39.592
29.304
31.728
26.152
29.728
40.816
26.152
31.24
28.728
28.44
36.304
38.456
30.728
32.216
36.016
29.304
32.016
39.304
30.016
46.88
39.968
32.016
37.592
32.016
36.88
33.016
30.728
30.304
26.44
35.128
38.88
33.168
38.256
28.44
26.328
32.016
35.016
26.44
26.44
32.728
29.304
43.304
30.592
29.728
36.016
26.704
31.016
44.016
28.728
26.616
29.304
35.016
39.304
34.592
31.304
29.88
28.728
26.44
32.304
31.44
26.152
37.44
28.44
30.304
29.44
35.016
29.44
26.44
31.592
29.016
28.44
30.728
29.728
28.016
27.152
50.744
39.592
38.68
34.304
30.44
26.152
28.728
34.88
30.728
28.304
31.44
36.304
29.328
33.304
42.328
29.592
29.016
29.304
33.016
32.592
37.016
39.88
35.368
30.856
41.728
29.304
40.392
31.304
29.304
28.152
31.016
38.304
28.44
43.744
33.016
29.728
36.592
38.592
27.152
31.728
39.168
31.056
38.304
26.152
29.44
39.328
26.152
28.84
44.728
37.816
33.016
50.032
38.456
28.728
54.168
28.728
29.44
30.728
39.016
31.016
40.016
29.304
34.016
30.728
33.016
30.904
28.016
31.304
26.44
41.592
33.88
26.152
29.016
32.304
39.304
40.592
38.016
26.44
37.592
30.728
32.216
29.592
29.44
30.728
30.44
28.728
26.152
28.44
45.304
28.44
40.88
38.88
34.016
31.728
38.016
29.44
32.728
34.016
29.304
27.152
40.304
31.016
38.456
30.44
28.44
33.728
39.304
28.44
33.728
32.016
26.152
31.016
36.304
34.88
31.016
29.728
32.304
35.592
43.168
42.168
31.304
30.728
39.744
38.832
29.728
48.616
28.504
37.304
30.728
37.44
26.152
29.592
38.456
29.592
28.728
35.728
26.44
40.592
28.728
31.304
26.152
31.304
44.792
26.44
34.016
44.592
32.728
32.016
37.104
29.016
28.44
33.728
43.616
33.104
26.44
32.728
28.728
34.728
32.728
34.728
30.304
31.304
33.304
30.44
38.016
26.304
37.304
33.016
35.704
34.016
31.592
27.44
27.152
29.592
39.304
35.728
32.28
33.88
38.592
30.48
33.88
28.44
31.016
29.016
30.728
38.216
29.728
28.728
32.016
26.304
46.456
41.016
34.016
30.44
41.016
47.168
29.016
28.152
35.304
46.456
31.44
28.728
39.304
33.728
29.216
39.304
31.728
29.44
33.728
32.016
26.152
30.04
41.128
31.816
29.44
35.016
43.744
28.44
33.592
28.44
34.016
31.592
46.168
42.304
43.792
40.168
29.656
35.944
35.592
31.016
31.016
28.44
29.592
29.304
26.44
34.304
30.304
38.016
27.44
44.88
46.368
30.728
33.728
35.304
42.592
29.304
28.44
26.44
32.728
26.152
28.728
31.416
40.016
30.44
32.016
30.728
40.728
29.304
28.44
33.016
38.28
39.728
29.304
30.792
32.304
28.992
34.016
46.592
30.728
29.016
30.504
30.016
34.016
35.016
37.704
29.592
49.168
32.728
26.152
29.304
31.592
33.016
37.304
29.304
40.304
37.592
30.68
32.304
29.304
32.88
29.568
31.304
38.88
30.768
32.304
28.44
42.304
40.304
30.728
26.152
33.416
28.44
37.304
35.304
33.192
43.592
28.016
30.68
42.592
33.304
26.44
29.44
29.592
37.592
30.728
29.816
44.504
37.592
42.88
27.44
30.728
32.016
29.44
35.816
28.44
41.504
38.016
26.44
35.592
37.44
27.44
36.44
26.152
34.592
32.728
26.152
42.744
35.016
26.152
39.456
31.304
42.144
35.192
29.016
34.016
26.152
29.016
33.304
28.44
45.592
28.44
30.016
30.44
29.592
43.168
36.016
29.016
28.728
30.728
29.016
28.304
32.592
28.016
38.304
49.88
32.592
30.728
31.304
29.304
41.016
39.168
34.592
32.504
39.168
28.656
29.304
30.728
35.816
39.728
28.728
41.304
47.304
39.728
33.016
37.592
32.304
41.456
29.744
34.592
30.016
38.016
29.304
38.016
30.728
30.44
36.016
50.592
29.016
29.016
45.592
29.728
38.416
29.016
27.728
35.728
31.016
32.416
37.504
42.592
41.68
30.44
26.44
33.728
30.728
30.728
27.44
27.152
36.016
30.728
30.44
41.528
28.616
30.016
35.304
30.728
38.216
26.152
27.44
30.728
38.216
26.504
32.016
38.016
28.44
31.304
30.728
30.728
32.016
44.88
35.592
31.592
29.44
29.304
34.592
30.016
35.88
32.016
43.304
29.192
29.44
26.44
31.304
33.88
39.728
31.016
38.504
34.88
28.728
31.016
33.016
35.016
31.728
30.816
31.304
35.304
28.44
31.128
28.728
33.728
28.728
38.304
42.016
34.016
38.016
26.152
36.04
33.304
41.992
31.48
37.768
35.656
28.152
32.04
26.328
50.88
29.728
29.44
37.592
30.728
34.88
29.44
31.728
28.44
26.44
26.44
33.016
26.152
32.304
29.44
38.304
27.728
29.44
27.728
30.816
32.304
26.44
26.152
30.728
29.304
37.016
30.016
27.904
37.592
29.728
28.728
36.592
29.44
29.592
30.728
33.304
29.728
31.304
32.592
28.44
36.44
35.304
26.44
29.128
28.44
26.328
26.152
26.44
44.88
29.016
27.44
38.016
33.728
28.016
33.016
28.504
37.728
26.44
30.44
29.728
30.728
30.44
27.44
30.728
30.44
26.152
26.152
31.24
32.728
50.616
31.016
29.304
28.728
35.304
32.016
30.728
39.168
32.728
29.016
28.016
26.152
33.016
37.016
30.304
36.728
28.152
26.44
30.016
32.304
36.304
28.728
35.592
28.728
35.304
31.016
34.016
29.728
26.152
32.016
29.304
30.728
32.592
50.168
39.88
26.152
35.016
44.016
30.44
29.728
31.728
29.016
28.152
28.728
41.592
35.304
45.304
27.44
26.152
32.016
44.88
29.592
32.728
28.44
32.592
35.28
32.016
30.44
37.704
42.168
29.256
32.592
31.728
39.728
26.152
32.728
42.592
33.28
35.728
38.456
36.44
27.44
33.728
50.592
28.728
36.016
39.168
28.904
27.152
44.304
29.44
36.928
36.304
26.152
28.44
37.728
28.44
45.592
26.44
35.304
34.016
28.728
28.728
54.456
30.744
30.44
29.016
29.728
34.88
29.728
41.88
33.728
41.592
41.592
38.592
28.016
30.704
26.192
34.016
37.592
35.48
43.88
32.728
35.416
29.304
34.168
31.016
30.44
42.592
33.304
32.392
31.304
36.44
31.016
26.504
32.016
29.016
40.104
27.728
29.304
28.728
35.592
29.304
30.792
29.016
30.504
26.152
44.016
33.592
33.728
27.44
31.016
28.44
26.44
38.016
35.016
27.152
30.728
39.304
37.016
32.016
36.304
31.792
31.304
35.728
31.016
30.728
30.728
31.592
30.44
36.88
40.728
29.016
32.728
32.304
30.728
32.304
28.44
36.88
28.304
39.304
35.992
33.016
33.592
31.304
38.456
28.44
28.44
28.728
28.728
39.168
27.44
38.528
33.016
30.728
33.304
35.728
32.016
29.728
31.104
30.44
29.304
32.016
27.152
33.016
28.728
26.44
36.016
31.016
38.592
40.592
35.016
34.304
32.592
42.168
34.016
28.44
36.016
47.88
34.016
42.016
35.304
27.44
38.456
31.328
26.152
37.44
44.88
34.128
36.304
32.728
26.152
30.728
39.592
29.44
35.88
29.728
31.216
42.304
33.728
29.44
26.44
29.128
26.152
43.24
27.728
38.016
30.728
40.592
38.016
33.728
30.44
39.304
43.792
28.728
36.016
33.88
37.016
32.304
35.592
29.304
31.016
28.904
50.88
48.768
39.016
28.504
31.016
44.392
36.016
34.304
41.88
33.592
33.016
29.704
32.304
36.592
30.304
31.592
28.44
38.304
26.44
30.728
30.44
29.304
38.016
37.304
29.304
26.44
30.304
29.016
38.304
29.728
39.168
28.728
29.304
33.016
28.44
26.328
32.728
27.152
42.016
26.44
31.528
30.728
40.592
32.304
26.44
30.592
31.016
40.168
34.016
42.592
30.44
31.928
38.216
30.728
30.928
30.728
41.016
39.592
38.68
31.768
31.016
31.016
30.44
36.728
36.304
32.016
28.728
33.728
31.016
39.304
31.016
27.44
31.728
37.592
30.728
27.728
44.88
33.016
29.728
28.152
42.304
43.016
38.88
30.44
29.728
33.016
36.904
30.728
32.216
29.304
41.304
30.44
26.44
42.304
26.44
31.728
40.592
42.744
32.728
28.728
29.592
43.304
43.168
31.016
29.016
37.44
35.88
33.016
29.016
51.744
29.016
33.304
28.792
40.456
29.016
27.44
40.304
32.304
28.016
35.728
37.304
32.728
28.728
43.304
32.88
29.44
37.304
30.728
37.592
40.992
28.704
30.192
28.44
35.168
31.856
43.016
42.168
41.744
28.728
33.88
28.304
31.016
40.304
30.728
39.016
30.904
38.392
42.88
30.44
27.152
36.44
28.728
32.016
36.168
27.728
35.592
32.304
31.44
36.592
35.68
31.304
26.152
36.304
34.304
40.88
30.44
33.304
28.728
36.304
29.44
38.304
30.44
29.016
27.44
37.88
26.44
32.728
49.168
31.592
41.592
33.016
30.904
38.592
36.016
28.44
28.728
34.016
30.44
36.728
29.592
38.592
38.592
37.016
47.192
29.304
28.728
33.728
26.152
29.44
26.44
28.44
41.016
28.44
26.44
30.728
38.592
32.304
35.304
28.44
26.44
28.152
39.304
35.304
33.304
35.016
40.728
40.168
31.592
31.016
39.304
31.016
29.44
34.304
27.728
38.88
30.768
31.44
30.728
34.016
41.592
26.152
27.728
26.44
35.592
33.728
36.304
33.016
27.44
28.728
35.016
30.016
28.016
49.88
31.016
26.44
29.304
32.304
30.44
26.152
31.592
29.304
28.728
33.016
26.44
31.728
28.44
29.304
28.728
29.016
37.728
30.728
26.152
31.016
30.016
29.592
36.304
43.32
29.016
31.016
29.592
38.28
30.016
30.44
36.592
29.68
33.016
42.168
30.304
28.44
36.016
35.304
38.456
32.744
32.304
32.304
30.728
37.304
38.016
36.592
28.728
36.016
35.592
39.592
35.728
35.592
31.304
31.016
37.304
28.728
32.728
38.744
30.728
35.304
26.44
30.728
28.728
37.304
35.192
34.728
28.016
45.744
35.592
28.728
28.44
43.168
32.728
39.016
36.592
31.44
30.728
39.416
39.592
26.68
28.728
31.728
35.016
35.016
33.728
29.88
32.728
29.592
32.728
29.016
32.88
36.592
32.08
29.304
29.016
30.728
33.728
29.016
29.728
38.592
50.88
31.44
28.016
38.016
28.704
34.016
31.44
30.44
42.88
32.304
36.168
30.304
38.016
32.304
38.592
29.016
31.68
27.152
31.304
36.592
40.016
28.728
32.304
32.016
43.104
30.728
36.728
36.304
31.016
34.592
39.728
31.616
29.728
36.168
38.856
33.728
32.304
26.44
31.44
40.592
30.44
29.728
28.44
33.88
38.456
40.304
31.304
30.44
30.44
36.592
29.728
33.728
32.728
39.728
26.152
30.44
30.016
33.016
40.304
29.728
37.216
39.904
33.304
31.016
26.44
35.728
26.152
31.44
32.728
26.44
29.592
33.728
30.44
42.016
29.016
33.728
28.44
35.88
37.88
30.728
28.728
30.728
26.44
30.728
44.592
29.016
47.304
39.728
28.44
30.44
37.304
35.016
48.592
32.016
31.104
30.016
33.904
30.728
26.44
28.44
27.152
32.304
30.44
34.728
28.304
35.592
34.304
26.152
33.304
36.592
29.44
32.016
29.016
28.44
31.128
45.816
36.592
30.728
28.728
45.304
28.792
42.168
30.304
35.592
28.728
33.816
50.904
30.792
41.88
28.968
34.016
33.016
32.304
28.728
26.152
31.592
29.304
29.016
35.304
45.456
32.304
26.44
28.728
30.728
26.44
36.44
31.016
32.592
29.88
28.44
36.728
34.016
28.44
26.328
30.728
36.592
29.728
27.728
27.44
40.032
54.456
28.44
30.304
29.304
33.592
30.728
47.592
31.304
34.016
48.456
29.544
31.016
31.016
28.44
43.128
28.152
33.728
33.016
28.728
34.728
26.44
35.304
38.016
37.016
33.016
29.016
26.44
40.592
38.016
28.44
37.88
30.592
37.88
39.456
38.304
29.016
29.728
29.728
38.88
27.152
28.64
37.168
28.304
36.728
32.728
29.44
28.728
30.44
29.016
31.304
27.44
32.728
28.44
31.304
30.728
38.216
28.44
30.44
32.304
39.304
31.592
29.304
28.44
29.728
36.016
27.152
29.728
31.216
28.44
30.016
26.152
28.84
26.152
46.88
39.304
26.44
43.88
51.88
31.016
37.304
35.192
29.304
28.728
33.016
28.728
30.728
29.592
28.304
30.44
32.016
29.016
30.728
26.44
31.592
30.728
26.44
36.328
32.016
30.728
29.016
28.728
40.168
28.728
26.44
35.016
31.016
47.48
26.44
29.304
26.152
32.016
38.016
28.704
36.016
26.592
31.592
29.728
26.152
26.152
27.728
35.592
30.304
38.592
32.728
30.728
26.44
30.728
28.44
31.44
28.728
36.016
29.44
29.304
29.728
28.816
35.016
30.44
29.304
37.88
51.744
28.44
37.016
33.304
30.728
35.816
31.016
31.304
26.152
37.304
31.728
44.88
28.728
42.016
31.592
36.88
29.592
29.592
27.44
27.728
36.016
38.88
27.44
44.304
37.728
34.728
30.728
39.304
36.592
30.88
36.304
35.392
27.44
30.728
38.456
33.728
29.728
27.44
27.44
35.304
26.44
36.728
42.304
35.88
29.728
36.016
33.728
30.728
26.44
28.728
31.592
34.304
31.592
26.152
38.016
31.304
29.192
26.152
29.016
34.016
30.728
29.016
27.152
29.304
36.304
49.88
44.016
31.304
32.304
37.44
43.168
34.016
27.44
33.728
32.728
31.616
27.152
37.304
26.152
26.152
29.016
34.016
33.304
26.152
28.304
29.728
43.016
37.192
31.016
30.728
34.592
36.44
42.456
32.592
35.28
33.88
30.728
26.152
28.728
42.304
41.456
29.44
38.016
36.44
29.304
29.592
46.168
26.152
44.44
26.152
41.168
38.016
30.728
34.016
38.016
31.016
33.728
28.44
30.44
38.016
28.44
31.44
44.016
29.016
30.304
34.192
38.08
37.304
32.792
28.728
33.016
34.168
29.728
36.168
28.016
31.728
26.44
37.88
30.728
33.416
28.152
31.016
35.592
30.728
29.816
29.728
30.44
37.44
48.456
30.744
30.592
37.44
26.152
30.44
26.44
29.44
28.728
26.44
28.304
26.192
44.016
28.704
28.016
36.016
29.016
27.152
33.728
36.304
30.728
33.592
28.304
26.44
30.728
34.016
28.728
30.728
34.016
31.592
29.44
29.88
37.016
26.152
31.592
38.304
38.016
31.104
27.728
29.592
37.44
35.016
29.304
38.304
30.44
26.152
33.728
31.616
29.728
29.304
38.88
26.152
30.728
40.728
26.44
29.44
29.304
40.592
29.44
28.728
26.152
38.592
38.168
31.592
41.592
40.304
42.592
33.016
35.704
35.592
33.728
42.592
34.016
34.304
26.192
28.88
44.768
33.056
29.016
41.304
31.616
26.152
32.016
31.104
30.728
44.016
41.904
27.44
34.016
44.592
29.016
32.016
35.016
30.44
27.152
31.016
32.88
27.152
33.592
32.728
36.304
33.728
27.728
36.44
35.016
38.016
39.744
44.168
30.44
32.016
26.44
29.728
31.016
39.704
29.728
39.744
29.44
33.304
28.728
28.728
26.44
29.016
37.304
30.728
32.44
27.728
34.728
41.304
36.728
27.416
34.88
35.592
32.592
36.728
36.304
33.728
29.216
32.304
33.728
29.728
38.016
30.304
30.44
34.016
42.168
26.44
33.728
26.152
29.304
32.304
38.592
29.44
31.592
28.44
39.88
30.44
28.728
32.592
47.592
29.304
32.016
39.728
36.016
29.104
35.304
26.152
28.728
35.016
30.504
33.192
28.728
30.728
41.304
30.928
32.416
30.728
26.152
35.016
28.44
28.728
36.728
30.44
30.728
38.304
29.016
34.304
29.016
38.016
30.728
28.616
34.88
33.968
31.016
29.016
32.728
31.016
33.728
30.728
26.44
42.592
37.728
26.152
38.88
35.016
30.504
37.992
43.304
33.728
30.304
29.44
42.88
38.592
29.44
29.592
26.44
37.528
41.016
32.016
28.728
31.592
29.44
28.304
28.728
31.44
28.728
33.016
37.016
28.44
27.44
26.44
31.304
38.88
29.44
31.304
39.88
32.304
32.728
29.728
37.304
30.44
28.728
29.016
28.728
26.616
40.104
35.592
29.728
30.016
26.152
45.592
33.016
32.304
26.152
28.84
32.592
26.44
31.016
34.304
31.016
33.728
29.304
30.728
32.216
29.592
31.44
35.304
35.016
35.592
29.728
31.216
35.104
32.728
38.016
30.304
28.304
40.304
31.016
28.016
36.44
35.88
30.016
28.728
26.152
29.728
27.44
31.728
28.728
31.016
41.016
27.728
30.44
45.592
32.016
36.304
28.44
30.728
32.016
26.44
37.016
26.44
32.016
42.88
35.304
30.728
36.304
32.992
28.728
28.44
37.728
37.728
28.44
31.616
29.728
32.304
31.592
29.304
33.728
29.592
43.88
29.016
29.016
28.152
28.728
35.304
29.016
28.44
35.592
42.016
26.152
31.016
29.88
32.88
26.152
28.728
39.168
44.304
28.728
31.44
36.016
26.44
26.152
32.304
35.728
45.88
26.152
29.016
38.016
37.592
26.44
29.304
36.44
28.016
43.304
29.016
35.304
35.592
28.728
38.016
32.016
37.44
30.592
32.728
29.728
31.304
28.44
35.728
29.016
29.016
34.592
28.728
45.88
33.016
31.016
32.728
29.016
28.44
26.44
26.44
29.304
28.728
28.304
35.016
38.016
41.88
28.968
30.304
43.656
28.728
33.016
28.44
37.728
38.304
32.592
30.44
36.016
36.304
34.304
29.792
34.304
30.992
36.08
31.728
45.592
33.88
38.304
29.016
32.88
29.016
35.728
33.304
31.016
28.728
26.44
38.168
30.728
35.016
36.504
32.592
42.48
29.304
26.152
35.592
32.016
36.016
28.44
46.304
30.728
41.88
26.568
34.016
37.016
33.016
27.44
28.728
36.304
31.016
38.016
26.304
31.392
36.44
29.28
35.304
29.728
32.416
28.44
26.152
32.44
26.44
26.152
29.44
42.168
30.456
40.728
40.592
51.68
31.304
31.016
39.592
44.28
29.016
32.016
35.016
32.016
31.016
48.592
30.728
30.304
31.016
28.728
31.016
32.592
29.44
30.728
39.728
42.304
26.152
29.44
38.016
29.88
37.016
35.016
40.88
34.304
30.728
33.016
32.304
31.304
28.728
38.168
40.856
31.44
32.744
29.44
44.88
28.728
32.728
28.44
38.88
35.592
35.304
31.592
29.728
40.816
33.904
29.304
30.792
26.152
38.592
28.44
26.44
38.88
35.016
31.016
29.016
30.44
41.304
29.304
31.44
28.44
40.728
35.728
33.304
28.016
29.016
33.016
35.728
29.728
43.168
31.304
29.88
29.592
29.016
31.704
33.304
29.016
38.304
43.592
29.304
32.728
30.616
32.016
28.304
32.304
31.304
33.016
26.152
28.44
34.016
34.304
33.728
30.44
26.44
29.728
34.88
37.568
26.152
28.728
35.016
33.016
28.728
32.44
37.592
29.728
28.44
29.592
30.016
38.704
35.592
35.016
37.44
30.304
32.016
29.728
28.016
29.592
27.44
37.728
35.88
26.44
31.304
31.016
29.304
38.016
28.728
39.816
34.016
30.016
31.992
40.304
30.728
26.44
44.88
33.304
31.016
37.304
30.016
35.304
29.016
32.304
26.592
33.728
31.728
28.44
33.304
45.592
27.44
32.728
26.44
33.592
32.728
29.416
31.016
28.44
32.016
29.728
28.728
30.728
35.304
26.44
37.304
38.016
31.304
37.592
33.08
28.568
37.88
29.728
29.016
35.592
36.728
29.016
31.44
28.728
37.416
28.728
32.016
28.704
28.728
32.728
42.592
32.304
42.168
26.152
28.44
43.168
34.016
34.304
33.304
41.88
30.728
30.728
26.152
32.304
29.44
37.592
37.592
35.728
34.304
48.992
31.28
33.728
35.592
26.44
32.728
34.592
28.728
35.728
31.44
41.88
38.016
28.704
32.016
28.016
29.016
35.016
26.44
44.88
30.768
28.152
35.304
31.728
27.44
39.728
28.728
32.592
28.728
26.152
32.44
31.44
34.016
42.704
28.728
28.304
32.016
30.728
35.304
38.304
31.304
27.44
26.44
33.016
33.016
27.152
35.016
29.592
28.44
30.592
29.44
38.592
35.304
28.44
37.592
30.016
29.44
33.304
28.44
32.328
40.304
30.016
39.016
33.304
38.392
29.08
42.592
26.152
26.44
31.592
33.728
28.016
39.728
28.44
26.328
37.304
42.592
30.728
30.44
34.592
29.44
28.728
32.304
29.016
33.016
31.016
32.728
29.016
28.016
26.152
53.456
30.728
29.304
35.304
29.304
30.792
26.152
36.304
32.304
28.992
34.304
32.016
27.152
45.88
33.016
26.152
26.44
37.304
35.592
26.44
39.304
31.304
36.168
29.304
33.728
41.592
30.016
38.016
31.304
34.304
33.016
37.592
39.456
26.544
31.728
29.016
30.728
38.304
33.016
28.44
31.592
33.016
31.44
32.728
29.728
26.416
32.016
31.304
27.152
39.168
37.304
36.48
26.44
28.152
32.728
26.152
31.016
38.504
35.728
42.304
33.304
28.792
40.88
35.88
32.568
32.728
31.016
35.592
28.44
32.304
29.304
45.88
40.88
30.728
31.304
30.44
37.44
44.592
33.728
32.016
30.44
40.304
30.016
38.016
31.104
29.592
31.016
31.016
30.728
44.016
37.592
29.592
26.44
43.304
29.304
26.152
35.016
34.304
26.44
32.728
29.016
37.592
29.016
33.728
29.44
37.304
33.88
31.304
35.016
30.504
28.44
31.016
31.016
30.44
28.328
30.728
42.304
32.304
50.456
31.016
30.728
28.728
31.016
29.44
33.016
28.728
30.728
37.016
35.592
30.728
34.88
32.592
30.304
37.016
28.904
28.44
33.728
31.728
38.44
30.44
31.728
28.728
37.304
33.016
39.304
29.992
29.016
33.016
28.44
27.728
26.44
33.304
29.016
46.104
31.016
39.592
26.44
31.592
28.016
31.68
44.016
42.016
32.704
38.016
28.152
32.728
41.456
34.168
30.016
35.304
28.44
33.304
31.728
29.016
31.304
33.592
28.728
40.304
31.304
34.304
30.992
27.44
38.456
26.152
44.88
33.304
27.44
29.016
35.304
29.44
36.88
44.016
30.44
33.728
29.44
34.016
33.728
44.016
28.44
31.592
35.304
29.592
30.44
27.152
39.168
26.256
29.304
35.728
31.304
33.728
28.728
34.304
34.728
33.304
32.392
27.152
35.728
26.44
29.88
41.592
53.88
35.592
46.168
37.016
29.304
36.016
31.728
34.88
30.728
29.816
30.44
34.592
41.456
28.44
29.592
31.304
26.44
28.44
32.728
32.016
37.44
50.592
29.728
31.44
34.016
29.304
48.592
29.016
30.304
29.592
30.728
37.304
30.392
31.016
42.168
29.304
31.016
28.904
28.728
28.304
30.44
33.128
54.168
38.592
36.44
30.44
35.304
29.44
32.304
39.88
39.168
26.256
29.728
26.416
32.728
29.592
30.728
30.728
29.304
29.016
41.592
30.728
28.728
53.168
28.304
38.016
41.304
30.792
34.304
26.192
36.44
35.016
30.728
30.44
26.44
32.592
34.016
40.304
29.304
42.88
36.016
27.152
36.88
42.168
30.728
28.728
36.304
35.392
26.44
27.728
41.744
26.44
35.592
28.728
42.216
36.44
29.44
28.44
27.328
26.44
42.88
26.152
38.88
33.168
38.016
31.304
31.304
29.016
26.44
29.304
34.728
27.44
30.728
26.152
32.728
32.304
29.44
28.728
29.304
33.88
31.304
30.016
26.704
30.016
38.592
35.304
50.88
28.44
31.44
35.016
26.152
30.728
35.816
33.704
39.992
30.44
30.016
42.88
31.016
26.152
32.728
35.592
26.152
38.304
37.88
32.168
34.016
29.728
38.016
32.016
29.016
30.304
31.016
40.904
27.44
34.592
33.016
28.728
26.616
32.016
41.592
31.728
28.728
30.728
32.016
29.88
31.304
44.592
29.44
30.928
26.44
31.592
30.728
28.016
30.728
29.816
28.016
38.016
38.44
28.44
35.304
32.016
27.44
29.304
33.728
29.016
26.44
31.016
33.304
31.192
41.08
31.016
28.904
41.592
26.44
29.016
32.304
29.44
32.016
26.44
58.456
33.304
31.304
29.016
34.016
30.728
28.616
29.304
35.592
28.728
26.152
31.304
31.016
38.592
39.728
32.728
30.44
29.728
32.592
37.88
37.44
31.44
29.328
37.016
29.304
41.016
34.144
29.632
38.744
41.592
29.44
29.016
40.592
31.016
28.88
29.44
26.152
38.016
40.728
29.016
28.44
27.728
37.728
31.592
28.44
35.304
37.016
42.168
29.016
35.728
31.728
36.016
31.304
35.016
32.904
34.592
34.016
28.728
34.016
28.44
32.328
30.44
38.304
32.304
31.592
35.592
31.08
43.304
30.728
32.728
41.592
28.68
31.304
30.728
38.456
34.016
26.44
38.728
31.016
32.592
36.304
31.304
35.304
30.44
31.016
32.728
28.728
28.728
28.016
27.728
33.728
43.304
28.728
29.44
41.728
31.592
41.88
29.016
31.016
28.904
28.728
29.44
28.016
28.44
38.216
28.728
26.504
33.728
28.728
31.016
42.456
28.152
30.728
26.216
31.304
35.016
41.304
28.392
31.592
30.44
29.44
26.152
29.016
53.88
32.016
26.44
40.304
28.44
33.904
44.016
34.592
26.152
31.016
30.44
35.304
30.44
29.592
31.728
31.592
28.44
30.728
26.152
28.84
49.528
53.88
26.44
27.728
37.728
31.44
30.304
27.44
34.728
30.44
30.304
27.44
30.44
29.016
26.44
38.016
31.016
32.304
30.016
27.728
37.592
39.016
26.44
26.152
30.44
41.456
28.44
31.016
30.44
26.44
27.44
36.728
33.592
29.728
28.728
38.016
33.728
32.016
30.44
28.728
28.44
34.728
31.016
29.592
28.728
30.016
37.592
49.88
26.168
32.016
28.728
30.44
30.016
29.728
26.44
43.304
30.728
38.88
29.304
33.304
28.44
32.016
29.016
34.104
28.44
26.152
31.592
29.592
26.28
29.44
26.152
42.304
35.392
37.88
29.016
36.016
29.016
30.728
29.016
31.016
38.304
42.88
32.304
32.304
36.44
31.304
33.304
31.192
26.68
39.304
30.016
32.016
35.016
30.728
35.88
29.016
29.016
38.016
30.728
44.216
41.016
32.728
29.416
37.016
39.016
43.592
29.304
31.992
35.304
29.44
32.016
30.44
29.728
38.416
29.304
37.304
28.44
32.304
28.992
29.592
30.728
26.152
29.016
44.592
28.44
40.728
34.592
31.28
29.168
39.304
26.152
30.728
28.728
37.016
29.728
32.44
44.592
30.44
29.016
36.44
33.304
40.792
44.016
28.152
30.44
35.88
26.568
40.304
35.016
28.728
28.44
35.728
28.44
29.304
27.44
29.016
32.016
31.728
27.152
48.592
39.728
32.016
34.016
30.728
29.728
35.728
29.728
37.88
34.568
31.44
49.592
39.08
35.88
29.44
33.728
31.44
37.304
48.744
32.232
26.44
32.016
39.592
26.152
31.016
35.592
29.728
26.44
28.44
28.728
32.304
27.152
31.016
36.592
33.88
29.016
28.728
34.016
37.44
32.304
42.456
36.744
37.016
31.016
30.728
35.88
26.568
37.656
29.728
28.44
39.592
44.592
38.304
31.728
35.592
26.44
41.304
34.304
28.44
33.016
26.152
36.304
36.016
31.016
32.728
28.44
29.016
32.904
30.792
42.168
30.016
31.728
35.304
34.016
35.88
32.016
29.016
29.016
29.44
27.44
28.728
33.728
34.016
29.304
28.44
47.168
42.592
39.592
29.44
28.728
48.456
29.016
37.88
28.44
44.168
34.016
35.504
30.992
32.48
38.768
45.056
40.88
30.728
26.152
30.44
26.152
34.728
28.728
39.304
34.304
26.44
28.44
32.304
35.728
28.728
33.728
43.32
31.44
31.304
28.728
30.44
29.44
35.304
29.016
34.104
41.456
28.44
39.592
26.152
36.168
29.016
27.44
34.016
33.304
39.592
43.304
38.744
29.728
28.44
33.528
37.416
31.016
28.728
29.728
26.44
30.728
34.304
28.728
42.592
28.44
32.88
26.152
30.016
28.44
38.304
28.44
27.44
26.44
43.168
31.304
36.44
28.152
37.88
26.168
32.456
32.616
38.016
28.44
26.44
26.152
33.728
37.616
36.704
26.152
33.016
30.44
29.304
26.44
30.44
35.592
28.44
33.016
28.728
29.44
32.304
29.016
28.728
42.592
26.44
36.44
28.728
33.304
43.168
32.728
35.416
32.88
28.44
31.016
26.44
36.592
27.728
31.592
26.152
35.88
29.304
28.728
35.304
29.304
28.44
27.152
32.728
40.592
33.016
28.728
31.44
32.728
36.616
36.592
32.728
34.016
30.728
34.728
40.592
38.016
28.728
38.016
26.44
39.728
35.016
33.728
35.216
39.304
31.592
30.68
29.768
36.44
37.016
28.728
31.592
29.592
35.88
38.568
30.728
38.304
30.44
29.44
32.304
34.016
26.44
30.728
28.616
35.016
38.904
33.728
31.592
37.616
49.88
34.016
29.304
28.44
26.152
31.44
47.592
26.152
29.016
36.304
35.304
26.152
32.728
31.728
28.44
30.44
34.016
38.592
29.44
44.016
31.304
35.728
35.016
30.728
29.44
36.592
33.304
26.68
32.44
26.152
41.016
42.88
39.88
33.992
32.016
30.44
29.016
29.016
40.728
29.016
31.304
36.44
32.728
29.416
28.728
33.016
36.016
33.016
29.016
30.728
27.728
31.016
28.44
35.592
33.304
28.728
31.416
30.304
29.44
31.304
28.728
30.304
32.304
29.016
32.904
35.304
45.88
33.728
35.304
30.016
33.016
40.592
30.016
29.016
34.592
38.592
31.304
34.304
34.016
33.728
35.304
35.304
29.728
35.016
36.504
34.592
28.728
34.304
33.304
37.728
32.592
31.016
31.592
30.44
31.44
31.728
28.416
39.304
41.016
30.304
28.192
26.44
31.016
28.728
31.304
41.456
30.016
32.728
30.616
38.592
28.728
33.016
40.592
36.08
33.016
30.904
29.728
28.44
30.728
29.88
26.152
36.304
28.728
33.816
31.728
34.016
53.456
28.44
35.304
29.728
28.816
33.904
31.016
29.016
28.44
42.88
30.44
31.592
38.016
28.728
37.304
26.44
34.304
49.168
28.728
34.168
28.728
31.592
35.88
39.728
30.44
31.016
47.304
36.792
29.016
34.016
28.728
26.152
30.304
29.304
30.016
28.728
39.88
29.304
46.592
26.152
32.304
32.304
38.88
42.304
38.992
28.44
31.216
31.016
28.728
29.592
39.728
28.44
33.528
30.216
33.728
28.44
31.016
29.304
30.44
29.016
34.016
35.728
28.44
34.728
29.304
35.592
26.44
40.304
36.728
31.016
39.704
46.592
29.304
39.08
35.88
32.592
31.44
39.304
31.192
31.592
34.016
28.728
31.592
28.44
48.144
29.44
35.88
29.304
33.728
29.88
31.592
28.016
31.592
29.304
29.44
43.304
34.168
28.016
39.728
26.44
36.592
26.44
38.728
30.728
30.44
37.88
33.592
39.728
29.44
35.304
29.88
28.728
35.728
37.304
38.016
33.016
31.016
40.568
29.592
29.592
44.304
41.304
40.304
31.44
34.016
26.152
39.016
29.304
34.592
37.592
31.44
32.304
30.728
26.152
27.44
40.84
34.016
29.304
36.016
29.304
41.304
34.016
31.728
43.168
28.44
31.128
39.016
37.304
31.304
40.592
26.152
31.016
31.304
42.592
38.592
28.728
36.728
38.592
43.168
32.016
36.592
29.016
33.304
29.728
38.304
29.304
28.44
26.44
35.304
29.304
29.728
38.416
32.704
28.44
27.44
34.88
28.728
29.44
36.016
31.016
27.728
36.44
31.728
29.304
37.592
34.592
32.016
34.592
31.016
39.456
30.44
46.856
28.016
30.728
33.728
29.216
29.592
40.456
36.592
31.016
30.728
28.728
30.44
38.016
32.016
33.728
41.168
35.728
35.304
30.44
40.328
47.592
29.016
32.304
37.88
40.168
29.016
33.728
47.88
40.88
32.768
37.856
29.744
33.016
46.592
29.592
31.08
44.88
30.728
39.592
31.44
29.44
31.44
41.592
31.44
36.304
41.016
32.728
31.592
41.88
29.728
39.304
35.016
28.44
33.728
38.304
31.592
30.728
39.016
29.016
27.152
32.304
38.592
31.592
27.728
35.304
32.016
31.016
32.592
29.728
31.216
27.152
27.728
26.152
31.592
30.592
29.728
26.416
41.168
32.016
38.016
32.304
29.016
29.016
32.728
51.168
35.88
41.728
29.016
28.728
28.44
36.016
36.304
36.44
46.168
32.592
27.44
32.592
31.304
41.304
36.728
28.44
38.016
38.016
28.44
37.016
29.928
33.592
38.016
31.016
37.016
31.592
38.704
36.592
30.44
32.304
37.68
36.728
29.304
33.016
33.304
37.016
31.304
32.792
30.44
28.728
28.44
26.152
53.168
30.728
39.168
38.256
36.144
35.592
30.44
27.44
38.016
29.728
38.016
30.44
37.016
35.304
31.016
39.728
34.304
31.728
29.44
28.728
26.152
34.304
30.728
39.592
29.016
43.304
32.792
31.016
40.304
32.728
29.304
26.152
46.304
40.304
27.44
31.328
39.016
28.44
37.592
40.304
29.88
29.592
32.016
29.904
26.592
29.44
41.304
32.592
31.592
27.44
35.016
28.728
43.416
26.152
36.592
38.304
28.44
45.592
33.016
28.304
33.728
28.728
27.44
32.728
41.88
42.016
35.304
29.728
26.152
33.304
32.728
30.728
43.304
39.016
30.728
29.016
43.016
28.728
35.016
34.104
39.728
32.728
29.44
44.592
32.304
31.016
42.192
29.44
35.016
35.592
28.44
40.728
26.616
33.728
47.88
31.728
28.304
30.728
26.152
37.304
29.304
27.728
31.016
32.44
28.016
28.44
32.728
37.88
35.304
37.44
29.728
33.304
32.728
28.68
27.728
30.168
32.88
28.728
30.728
30.44
29.728
32.592
31.016
31.592
28.728
31.592
42.304
29.44
26.152
33.728
31.44
30.728
28.304
30.728
41.456
29.44
30.928
26.416
29.016
35.304
28.44
26.44
38.592
27.152
32.016
26.152
32.728
42.304
32.304
30.728
28.44
31.128
41.592
37.592
32.592
30.48
28.728
35.592
28.304
31.016
37.016
29.016
31.44
29.304
28.44
35.928
30.44
29.44
28.44
32.016
28.704
28.728
35.304
32.728
29.44
26.152
28.728
31.304
38.016
34.728
32.304
29.016
39.168
32.44
28.44
31.016
26.44
34.304
29.44
33.304
36.016
44.88
28.152
34.88
43.568
32.728
28.44
36.392
32.304
45.744
29.016
35.304
30.792
28.728
41.592
28.44
33.728
32.016
29.728
32.304
28.816
31.304
31.728
37.44
29.304
34.304
26.152
35.016
36.504
30.792
51.592
30.728
37.304
33.992
39.304
38.016
26.152
35.592
29.88
32.592
27.728
28.016
31.304
28.728
38.304
31.592
28.728
42.592
44.168
31.304
26.152
30.728
32.016
32.016
26.152
42.04
37.168
31.728
29.728
44.016
29.304
36.592
29.016
38.016
48.304
33.592
31.016
29.016
28.728
35.728
26.44
34.016
30.704
36.992
26.152
30.728
39.304
45.592
36.304
30.44
29.44
27.44
30.728
43.304
36.592
34.728
41.304
31.016
32.728
30.616
29.016
35.016
31.016
27.704
29.44
35.016
26.44
32.016
53.88
30.44
34.016
28.44
31.304
38.016
26.44
26.152
32.016
36.728
28.728
32.44
38.728
35.416
29.704
35.592
27.44
30.728
28.728
31.304
37.592
29.304
29.728
27.152
34.016
30.728
38.592
30.44
28.728
28.016
26.152
40.304
26.192
37.728
29.44
28.016
26.152
30.304
29.592
40.592
30.728
33.88
29.44
34.016
33.728
37.304
34.728
28.44
35.016
32.904
36.304
28.728
39.816
34.016
31.728
26.44
28.44
41.016
32.728
34.216
30.016
41.104
32.304
28.728
31.016
28.728
29.304
31.728
34.016
27.728
33.728
28.44
33.88
30.728
30.44
29.528
29.304
38.016
26.304
35.728
32.016
26.152
35.592
35.016
34.016
29.304
37.016
27.44
28.928
26.152
28.728
31.44
30.44
26.152
26.152
38.016
43.32
30.728
29.44
31.016
27.44
30.44
29.44
50.128
28.728
33.728
30.44
39.728
30.728
26.44
35.304
26.44
29.016
30.44
36.592
33.88
29.44
28.016
30.44
26.44
33.928
38.016
32.304
35.592
26.152
31.592
31.728
34.016
39.104
30.728
28.728
34.728
29.016
28.016
38.592
35.728
30.44
31.016
29.016
30.44
35.592
26.152
28.44
42.168
36.456
31.592
30.44
34.88
38.88
30.016
28.44
34.728
34.016
38.592
31.728
36.016
29.016
35.016
33.016
32.728
29.44
30.728
26.152
29.016
39.168
26.256
31.728
34.592
31.304
32.304
26.44
32.592
30.44
38.28
30.728
35.08
38.968
28.456
40.88
33.728
33.016
31.728
40.416
30.44
34.88
27.728
37.456
35.592
34.016
31.592
26.44
36.44
31.592
37.592
26.152
31.304
26.152
36.04
36.304
31.016
29.016
28.152
27.44
35.016
30.728
28.728
34.016
30.704
30.304
32.016
40.304
33.88
29.728
37.216
29.016
31.728
30.44
29.016
28.728
26.616
43.016
33.592
30.728
30.016
29.592
37.44
28.728
30.728
49.88
40.168
28.456
30.44
29.44
33.592
28.728
31.592
29.304
28.44
34.016
45.168
26.256
30.44
29.304
35.304
30.44
27.44
39.168
26.44
44.88
30.768
39.016
29.44
28.728
35.304
41.304
40.728
28.728
32.616
26.44
28.016
28.728
39.728
34.304
28.728
26.44
26.44
38.88
29.44
32.016
43.104
37.592
29.44
34.728
30.728
31.592
31.016
31.728
30.728
29.816
39.704
28.728
29.592
43.592
26.44
32.728
30.728
30.728
41.592
39.168
31.44
32.728
31.592
34.016
26.152
28.84
39.304
32.016
28.728
35.016
37.016
28.728
32.592
31.016
33.728
32.304
28.44
32.016
31.728
30.816
28.44
39.016
28.016
31.016
28.728
43.456
28.728
37.592
41.48
35.768
33.304
32.304
30.016
29.592
29.304
28.304
27.152
28.728
35.016
30.728
35.728
26.416
30.016
29.728
32.592
29.016
30.728
29.304
38.016
31.592
31.592
30.728
32.304
33.792
31.728
30.728
29.44
33.304
30.592
29.728
26.44
32.016
29.592
31.304
28.44
39.592
30.44
37.44
34.592
38.016
28.704
26.592
33.304
29.016
33.304
43.304
36.016
26.152
40.84
31.016
33.728
38.168
34.592
29.44
34.592
33.728
31.728
42.304
32.728
26.152
34.304
34.016
33.016
36.304
31.592
35.88
32.304
30.304
27.152
38.016
43.104
26.44
33.016
34.504
26.392
32.304
33.592
33.728
31.304
26.152
35.016
32.016
41.016
38.304
33.016
34.504
26.392
32.68
38.968
30.728
28.728
32.728
28.44
28.44
31.128
29.44
28.44
28.44
34.88
34.168
28.728
26.44
29.44
30.728
35.88
28.152
26.152
31.016
33.64
26.152
34.304
34.728
32.016
30.44
39.592
33.592
29.728
40.88
34.728
37.416
26.152
29.016
32.728
39.016
32.104
35.728
39.304
33.592
30.44
29.728
30.44
32.016
28.016
31.016
39.304
40.592
26.44
27.928
29.304
32.304
41.304
29.592
29.44
26.152
39.728
31.016
28.728
29.304
30.728
36.728
30.728
32.728
27.44
32.304
43.88
30.728
30.728
38.216
31.304
28.728
46.88
29.168
35.456
38.144
42.304
38.592
33.592
39.592
30.28
40.568
42.88
49.168
41.88
