12.576
13.152
12.576
13.29
14.364
13.428
12.852
13.566
14.64
13.404
14.778
13.242
14.166
13.68
13.518
13.956
12.576
15.894
14.152
13.332
14.152
14.152
13.152
14.44
12.864
14.428
13.752
13.066
14.704
16.192
16.152
15.13
14.818
14.656
13.29
14.644
13.728
14.782
15.816
13.42
16.404
15.058
13.092
13.546
14.584
15.44
14.722
13.628
14.71
16.616
14.848
13.604
14.386
16.892
14.374
17.03
14.512
13.868
13
17.306
14.488
13.844
14.626
13.682
12.964
15.77
14.902
14.108
14.89
17.396
14.878
13.934
13.216
16.622
14.854
14.81
13.642
18.398
15.28
14.936
14.668
17.024
13.456
14.644
12.682
13.44
14.62
13.44
14.458
16.428
14.596
16.416
14.434
13.704
13.072
13.692
13.21
16.68
14.848
13.968
15.886
17.106
14.824
17.244
16.012
17.232
14.5
15.87
13.138
13.608
14.926
13.746
13.284
16.422
15.51
15.44
15.948
14.228
13.686
14.366
16.674
16.004
16.512
14.792
13.95
14.93
14.538
14.318
16.326
14.306
14.214
17.652
14.44
14.49
14.428
17.328
14.416
17.466
14.404
16.404
12.892
16.992
14.68
14.73
13.168
16.818
14.806
14.856
13.594
14.544
13.582
15.282
13.57
15.42
14.308
14.958
14.152
14.496
14.29
17.934
17.922
17.91
12.576
17.748
14.364
14.886
15.552
17.574
12.84
14.862
15.828
15.6
14.616
15.738
15.576
15.714
15.402
19.29
14.152
16.278
15.966
15.954
14.152
18.642
14.152
15.93
15.64
15.918
14.578
18.156
14.266
16.044
14.404
16.932
14.392
15.87
14.83
18.708
13.018
16.896
14.956
16.284
13.444
16.422
14.632
19.26
14.77
16.098
14.908
19.686
15.046
16.374
15.184
18.762
14.572
16.5
13.06
19.638
14.848
16.926
13.036
17.514
16.174
19.152
15.112
16.44
15.25
18.528
13.738
15.966
15.226
15.804
15.064
15.792
14.902
14.88
15.79
17.268
12.778
15.156
14.152
18.594
15.04
18.582
14.428
15.72
12.766
16.158
12.904
19.146
14.242
15.834
16.422
14.152
17.01
14.59
19.398
14.578
16.386
15.766
16.374
14.404
16.812
13.192
16.2
14.68
19.938
15.118
18.576
14.956
15.864
14.794
18.702
15.09
14.152
15.828
14.29
15.966
14.428
19.104
13.216
15.492
14.404
18.03
13.192
16.218
19.506
14.152
15.444
16.032
16.17
14.152
19.008
15.94
16.296
12.928
18.684
14.716
15.372
16.654
16.11
14.842
19.248
14.98
16.086
14.968
19.374
14.806
19.512
14.344
16.65
15.682
15.588
14.62
18.576
14.458
19.314
14.596
18.552
14.584
15.39
14.44
14.778
14.428
18.216
14.566
18.654
14.404
18.342
13.342
15.48
16.03
15.318
14.668
18.306
14.356
15.744
12.844
17.832
14.482
19.02
14.62
15.558
13.108
19.446
15.046
19.434
15.034
18.822
13.372
16.11
15.16
15.348
13.798
18.036
14.686
15.324
14.824
18.462
15.6
18.888
14.44
18.876
14.152
15.864
12.64
18.102
14.578
19.44
12.916
16.128
14.704
16.116
13.342
16.104
14.98
19.242
13.768
15.93
15.406
19.368
14.194
17.106
14.032
19.494
15.97
17.532
15.658
18.87
16.246
18.858
15.334
15.546
15.322
18.084
17.622
14.152
15.66
18.648
14.29
16.086
14.428
18.474
14.566
16.062
13.054
16.05
14.842
16.488
14.98
16.026
14.818
16.764
15.856
16.752
14.344
18.69
14.482
16.128
14.62
18.516
14.608
16.554
14.746
19.392
14.29
19.53
14.152
16.668
14.29
17.106
14.428
17.094
12.766
16.632
14.704
16.02
14.842
16.758
16.18
18.846
14.668
17.034
14.806
16.722
14.644
19.56
16.248
14.578
16.236
14.266
16.674
12.604
16.212
15.142
19.2
14.68
16.638
14.818
16.176
14.956
16.164
16.152
14.152
19.29
14.74
18.678
14.578
16.716
14.716
16.254
14.854
15.942
14.392
16.53
14.38
16.368
14.218
19.356
15.44
19.494
12.728
18.582
14.366
16.17
12.854
16.008
14.792
18.696
13.28
16.284
16.122
12.576
16.71
19.548
16.686
14.152
16.374
14.59
16.362
14.428
16.5
14.566
17.088
14.554
19.926
12.892
20.064
14.53
16.752
14.668
19.14
13.006
19.128
14.794
18.366
14.632
18.504
15.44
18.342
12.728
16.68
14.516
19.218
12.704
15.906
18.594
15.732
18.72
14.152
17.808
12.94
15.696
14.578
19.134
13.216
18.822
15.004
16.26
14.692
16.098
16.33
18.186
14.968
19.374
13.306
16.062
14.644
16.2
15.082
19.488
14.47
18.726
12.958
16.764
13.096
20.502
14.734
19.74
13.222
19.278
16.36
20.466
15.148
17.004
15.586
20.442
15.124
17.13
13.462
17.118
15.1
17.106
15.088
19.044
13.876
16.782
15.214
19.92
14.302
17.208
14.44
16.296
16.978
19.584
14.416
16.422
16.354
19.11
16.192
18.948
15.73
15.636
15.868
15.324
13.756
15.762
15.544
18.45
15.382
18.138
15.37
15.426
16.108
18.264
13.846
15.252
13.984
14.64
14.122
15.078
15.61
18.216
15.748
17.904
17.086
17.742
16.174
14.88
15.262
17.718
15.4
17.856
13.738
15.294
15.526
14.832
13.864
18.27
15.652
17.658
15.79
15.546
15.928
17.634
15.316
15.972
14.704
15.36
17.898
14.152
15.786
12.64
15.624
15.028
15.462
12.766
15.9
12.904
16.338
14.542
19.176
14.53
15.714
13.018
15.702
14.806
18.54
12.694
17.178
14.932
17.016
19.854
12.576
17.292
12.714
17.28
16.968
12.576
19.956
14.664
17.094
15.702
16.782
14.49
16.62
13.128
19.758
15.216
16.896
16.554
19.284
15.042
18.072
15.78
17.46
15.318
18.498
15.756
15.486
14.094
15.174
17.382
17.862
15.87
15
15.708
18.888
15.696
18.576
13.434
15.114
15.672
15.102
15.36
14.94
16.998
15.078
16.386
15.816
14.124
18.504
17.562
15.192
14.1
14.58
15.438
15.018
15.576
17.856
13.614
15.294
14.802
15.132
14.49
17.37
14.628
15.408
18.546
15.834
12.576
18.672
12.714
16.26
14.152
18.198
15.64
16.236
14.428
19.524
16.066
16.662
14.854
16.35
14.842
15.888
14.23
16.626
13.018
16.164
14.656
19.602
14.794
16.29
12.982
15.978
14.62
17.916
13.108
16.254
15.046
19.392
14.584
19.08
14.722
16.368
14.86
19.206
13.048
16.644
14.986
17.082
16.174
15.57
15.262
17.958
15.1
18.996
15.238
15.834
15.226
15.972
13.864
15.81
15.652
18.498
13.99
18.486
15.628
15.474
15.766
15.312
15.754
15.75
15.292
15.588
14.98
15.426
15.418
17.664
15.106
14.952
15.244
17.94
15.232
15.228
15.22
15.066
15.358
16.704
15.196
14.592
15.184
14.58
15.322
15.018
16.21
17.706
14.998
15.294
13.486
14.832
15.274
14.67
13.762
15.108
13.9
17.496
15.688
14.634
14.326
17.622
14.46
15.716
17.298
12.854
14.586
14.342
16.674
12.98
15.312
14.618
17.1
14.756
18.438
12.644
14.976
18.264
14.152
15.102
14.29
17.19
14.428
15.378
14.566
17.166
12.754
18.354
14.992
17.892
15.18
14.868
14.152
18.306
12.79
15.594
14.578
18.282
15.87
14.152
16.008
12.576
18.996
18.684
15.672
14.578
15.36
16.098
14.152
18.786
14.152
17.874
14.152
18.912
14.29
15.75
14.152
15.588
12.79
18.876
14.878
18.564
14.866
18.702
14.704
17.64
13.042
15.978
14.83
15.516
15.418
19.404
13.306
16.242
15.394
19.23
13.582
19.818
15.37
18.906
15.208
19.644
13.696
16.782
15.334
19.92
15.772
17.058
13.81
17.046
15.748
19.884
13.936
17.172
13.924
18.81
15.562
16.248
15.55
16.686
15.388
16.524
15.526
16.062
15.514
19.05
15.502
18.438
13.99
15.276
15.928
15.864
15.466
15.702
15.454
15.69
15.442
18.978
13.78
15.966
14.818
18.954
14.806
16.242
13.294
16.23
14.782
16.068
13.42
16.506
15.058
15.744
15.196
18.882
15.184
15.42
15.172
17.808
13.66
17.646
15.448
14.934
15.586
17.922
15.574
17.91
15.412
14.598
15.85
15.036
15.838
18.174
15.976
17.712
14.314
14.7
16.402
15.288
14.74
15.426
16.378
15.414
16.516
14.652
16.654
14.79
16.792
14.028
16.03
15.816
16.168
13.404
14.656
14.142
16.444
14.28
15.982
14.118
16.12
16.506
16.258
16.944
16.396
13.632
14.734
13.62
14.872
16.608
16.51
13.896
15.898
15.834
14.536
14.022
14.524
17.61
16.162
17.298
16
14.286
16.438
14.274
16.276
14.262
14.614
17.25
15.802
14.538
15.49
14.526
15.178
16.764
14.716
16.602
14.854
14.19
14.992
14.028
15.13
17.316
15.268
14.154
13.306
14.142
15.694
16.98
15.082
14.118
15.07
14.556
15.058
17.544
15.196
14.232
13.234
14.67
13.372
17.208
14.26
14.646
14.698
17.634
14.536
14.772
12.874
17.91
14.512
14.748
16.3
14.436
17.124
14.44
14.262
17.85
14.388
14.526
14.152
14.664
14.29
18.252
14.44
14.34
14.278
14.478
12.766
17.616
14.152
17.754
14.29
14.892
18.03
14.152
15.318
14.29
18.306
14.878
15.744
12.916
18.732
14.578
18.57
14.152
18.258
14.152
18.396
12.64
15.834
14.878
15.672
14.866
16.11
14.854
18.498
14.842
15.186
13.18
14.724
15.268
18.462
14.806
15.45
14.344
18.438
14.482
15.726
12.82
18.114
18.252
15.84
14.59
15.078
14.29
17.616
15.628
17.004
14.416
17.142
14.554
16.08
14.542
16.068
14.68
17.256
16.168
13.794
14.956
17.682
15.094
14.52
15.232
17.358
16.42
14.646
15.508
17.484
15.646
14.772
15.034
15.36
12.922
15.198
12.91
15.186
14.998
15.624
13.036
18.162
14.674
15.15
14.662
15.288
18.426
14.152
15.564
14.152
18.252
12.64
15.24
14.428
17.628
14.566
15.666
14.554
15.504
18.042
12.714
18.48
12.702
15.618
15.44
17.856
14.378
15.744
19.332
16.02
18.708
14.152
16.446
16.134
12.576
15.972
14.214
16.11
12.852
18.948
14.64
15.936
14.628
15.924
14.766
16.062
13.254
19.05
15.042
15.888
13.38
18.876
15.318
16.014
15.306
19.752
15.294
18.54
15.432
16.578
13.77
19.866
14.958
19.704
15.096
18.792
15.084
18.93
15.072
16.368
13.71
16.056
15.198
15.294
13.836
17.832
15.924
17.97
15.762
15.408
15.9
18.246
16.038
15.834
14.526
15.672
15.414
16.11
15.402
15.798
15.09
15.786
15.228
18.924
15.216
16.062
15.354
18.15
15.342
15.738
13.83
15.576
15.468
15.564
15.006
15.552
13.194
15.69
14.682
17.628
13.47
17.166
15.408
14.904
15.396
17.142
15.534
16.83
13.872
16.818
15.66
15.006
14.298
14.844
16.086
17.832
15.924
15.57
14.862
14.808
16.05
14.496
15.288
17.934
14.976
17.622
14.064
13.71
14.202
13.698
14.19
16.236
15.828
17.274
15.666
16.212
16.104
14.55
16.092
14.688
16.23
17.826
14.568
14.364
16.356
14.202
14.544
16.14
16.482
13.278
14.97
13.416
14.808
16.554
16.446
16.434
14.922
13.44
16.86
15.198
16.44
16.386
13.278
16.524
13.152
15.162
16.29
16.95
17.088
15.126
15.44
16.764
13.44
15.552
17.19
16.44
15.978
13.428
17.616
16.716
17.604
13.254
15.942
13.392
16.83
13.44
16.968
16.152
16.956
16.944
13.152
17.082
16.29
17.22
17.058
16.152
17.496
13.44
17.334
16.428
17.322
16.266
17.31
13.578
15.948
13.416
17.586
13.404
16.374
16.842
17.412
13.83
17.4
13.968
16.938
17.256
17.076
14.244
17.064
14.082
17.202
16.32
17.34
17.358
16.878
17.196
16.566
17.634
14.454
14.322
13.842
14.16
15.63
17.748
14.268
17.586
15.906
14.574
13.944
17.262
13.932
14.7
15.87
18.138
14.358
15.576
15.114
14.152
18.552
12.64
18.54
14.278
18.528
15.44
15.666
14.152
16.104
15.642
14.152
19.38
14.152
16.068
19.656
19.644
14.152
16.182
14.29
19.17
14.278
17.058
14.29
17.196
14.152
19.734
14.29
17.172
14.29
16.71
17.148
19.686
16.524
15.44
19.512
14.152
16.8
12.64
16.788
14.428
19.776
14.152
16.464
12.64
19.002
14.428
16.89
15.766
19.728
14.704
19.716
12.892
17.004
15.44
17.592
20.43
14.152
19.518
14.59
18.006
17.544
14.152
17.532
14.152
19.47
14.29
17.208
14.428
17.196
14.566
20.484
14.404
17.322
20.61
14.152
20.448
14.29
18.036
12.778
20.274
14.566
17.262
15.578
20.4
19.638
15.44
19.776
12.728
17.214
12.866
19.302
14.504
19.44
14.642
20.328
14.78
16.866
13.568
20.004
14.756
17.292
16.244
20.13
13.232
18.918
13.22
17.256
14.858
20.244
14.996
20.082
13.334
17.22
15.122
20.508
15.26
17.646
16.598
17.484
15.386
19.422
13.724
20.31
13.562
20.448
15.2
20.586
13.538
17.574
14.726
21.012
14.564
17.7
14.702
20.088
14.84
17.526
14.528
17.664
14.666
17.802
13.154
17.64
17.778
14.152
21.066
15.64
17.904
14.152
18.342
14.152
21.18
14.29
18.318
12.628
17.706
14.716
17.844
14.854
21.132
14.542
20.22
14.152
18.258
12.64
18.246
15.628
18.384
14.566
18.072
14.404
17.91
14.542
17.598
14.53
19.386
14.668
17.424
15.256
17.562
14.644
17.1
14.632
20.388
13.27
20.526
14.908
17.814
16.246
20.802
15.184
20.49
15.022
17.778
14.86
19.266
15.298
17.154
14.836
17.142
14.824
19.53
14.812
20.568
14.2
17.106
14.188
17.244
14.176
20.232
14.314
18.57
12.802
16.758
14.59
17.346
14.278
17.034
16.872
14.152
17.31
19.998
14.152
17.586
12.94
19.824
14.44
18.012
15.628
19.8
14.29
18.438
14.428
18.126
12.766
17.514
14.554
18.252
14.692
17.49
14.83
17.478
14.368
19.866
13.306
16.854
14.644
19.092
14.332
19.68
15.67
16.218
14.158
19.656
16.944
12.576
18.882
14.514
16.17
14.502
16.608
14.44
20.046
14.428
19.884
12.916
16.572
14.704
20.16
14.842
19.998
13.48
17.136
12.868
16.824
14.656
19.812
14.494
19.65
14.482
16.938
14.62
19.326
14.608
16.464
14.746
18.852
14.734
20.04
13.372
17.178
15.01
19.866
15.148
17.604
14.986
17.742
15.424
19.98
13.612
19.518
13.75
20.406
15.088
16.944
13.876
19.782
15.364
16.62
13.852
19.458
15.49
17.046
13.978
17.034
15.616
16.722
15.154
19.71
15.142
16.998
13.78
17.136
15.118
18.624
13.456
19.662
14.944
16.8
14.782
16.488
14.77
16.476
13.408
19.614
12.946
16.752
14.884
16.89
16.128
14.152
18.966
12.79
19.554
14.428
16.542
16.53
16.368
18.306
12.714
19.044
16.482
14.152
19.47
12.79
16.308
14.578
17.046
14.716
18.534
14.254
17.022
16.56
17.448
20.436
14.152
17.574
14.29
18.012
15.778
19.95
14.716
20.388
14.152
20.826
14.44
17.514
17.052
15.44
19.89
19.278
14.152
17.466
14.59
20.004
14.578
19.992
14.266
17.13
12.754
19.968
14.542
19.956
14.68
17.244
13.018
17.382
14.656
19.62
14.494
17.508
14.932
20.646
13.12
17.784
13.108
20.622
16.246
17.61
12.934
17.748
16.072
20.886
15.01
18.024
13.198
21.312
14.236
20.25
18.438
21.726
14.152
18.864
14.59
18.702
12.778
21.84
14.416
21.678
18.516
19.104
19.242
22.08
14.152
19.218
14.152
19.356
19.194
19.632
14.152
19.02
14.152
19.158
15.64
18.846
12.928
19.284
14.866
19.272
15.004
18.96
13.192
21.198
16.78
19.386
15.118
22.824
15.556
19.812
15.244
22.05
15.082
19.938
13.12
20.076
14.458
20.214
14.446
20.202
13.084
20.34
14.872
20.028
14.86
20.766
14.398
19.704
13.036
22.392
14.674
19.83
19.218
20.556
14.152
22.944
15.44
20.382
14.378
22.17
20.058
20.046
14.152
19.884
12.64
19.572
14.578
21.96
12.916
20.298
15.004
23.886
14.992
19.674
12.88
22.512
15.268
19.5
13.306
22.038
13.444
19.026
14.632
22.014
14.47
19.452
14.158
22.44
14.152
19.278
14.152
22.716
21.954
19.692
14.152
22.08
19.818
14.152
20.406
15.49
23.694
12.576
20.532
14.214
22.92
20.358
20.346
23.184
12.714
23.622
14.202
20.01
13.14
22.848
13.278
20.886
14.616
23.874
12.954
20.862
12.792
20.85
12.63
23.838
14.152
20.376
15.64
22.764
23.202
14.152
23.79
12.79
23.928
12.778
20.916
14.566
20.454
14.554
20.892
13.342
20.73
14.83
23.868
13.768
21.156
15.256
21.294
14.194
20.832
15.532
21.27
15.97
21.258
14.908
21.246
16.096
24.684
14.584
21.672
14.122
24.96
14.86
22.098
13.498
24.786
15.286
21.924
14.974
24.312
14.962
25.8
13.75
22.638
15.238
25.026
14.776
22.164
14.914
22.302
13.402
25.14
15.04
22.278
14.878
22.416
15.016
22.404
13.354
22.242
14.692
25.68
14.83
24.618
13.318
25.506
15.256
24.594
13.594
20.682
15.682
21.12
13.87
21.558
15.808
24.246
14.296
21.384
16.084
24.522
13.822
21.51
14.86
20.898
14.998
23.436
14.536
24.474
21.462
23.7
12.576
21.738
14.364
20.826
21.264
12.576
23.802
14.214
23.79
15.702
21.078
14.64
23.316
13.128
23.154
14.916
20.292
13.254
20.43
13.392
22.968
14.73
20.706
14.868
23.244
15.006
23.682
14.994
20.52
13.182
23.058
12.87
23.196
14.508
19.884
13.296
22.872
13.434
20.16
14.922
20.598
16.26
22.986
15.048
20.574
13.086
21.012
14.574
24.15
13.062
21.138
15
23.226
14.988
21.414
14.826
21.852
14.964
23.64
13.152
21.378
14.64
24.966
14.628
25.104
14.766
21.942
16.104
24.93
14.892
23.568
15.03
21.006
15.018
20.844
13.506
21.282
15.444
24.27
15.432
21.108
13.77
21.546
15.408
24.384
13.896
24.522
15.834
23.76
15.972
21.048
15.96
20.886
16.998
20.874
16.236
21.012
15.774
24.15
14.262
23.238
14.4
23.976
16.038
21.264
16.026
21.102
14.214
20.94
16.002
24.528
14.64
21.366
16.728
20.754
16.266
20.742
14.904
20.13
17.892
23.718
16.98
20.106
17.118
20.244
17.256
19.632
15.444
19.62
17.682
22.608
17.82
19.296
15.558
20.934
17.946
21.672
15.984
18.36
18.222
20.898
18.21
18.336
16.098
18.474
17.886
18.012
16.224
18
17.112
17.838
16.65
17.976
16.338
17.664
14.976
18.402
16.764
20.34
16.152
18.378
16.74
17.916
15.078
21.054
14.916
18.642
16.404
18.33
17.742
18.468
14.88
21.606
16.968
18.894
17.406
18.582
16.944
18.72
17.682
18.558
17.07
21.096
16.908
17.934
14.646
19.722
16.284
17.61
16.422
17.598
16.26
17.736
14.598
17.874
16.236
18.012
14.574
18.15
16.362
20.688
17.85
17.676
16.338
17.364
16.026
20.502
15.564
20.94
15.402
17.628
15.84
17.316
15.828
19.554
15.966
20.292
15.654
17.13
15.492
19.368
15.03
18.006
12.768
20.694
14.406
17.232
14.544
17.22
13.032
18.108
14.67
18.246
13.458
20.184
15.096
21.072
15.234
18.21
15.372
22.098
15.06
18.036
14.748
18.774
14.586
21.612
13.224
19.2
15.312
18.888
15.3
19.026
13.938
19.164
15.576
19.152
15.564
21.39
15.402
19.128
14.94
18.666
15.078
21.804
14.916
18.942
15.054
18.93
13.542
21.318
15.33
22.206
16.368
18.594
13.056
21.582
15.444
18.57
13.332
18.258
15.12
18.696
13.608
20.634
15.246
17.772
15.834
17.31
14.322
20.598
15.96
18.186
16.548
18.324
16.386
21.012
14.574
18.3
16.662
20.238
16.65
17.376
14.838
20.064
16.926
19.302
14.814
19.89
16.902
17.028
16.74
20.016
16.728
17.454
16.866
16.692
17.004
16.68
16.842
16.668
15.18
16.506
16.818
16.494
16.956
19.632
15.444
15.87
16.932
16.308
15.87
17.346
17.058
18.084
15.996
15.372
16.134
18.06
14.622
15.648
16.56
15.636
17.298
18.474
16.386
15.462
16.074
15.9
17.262
15.738
15.6
18.876
15.738
18.414
15.876
15.702
16.014
18.84
14.502
18.378
16.44
16.116
16.278
18.504
16.116
15.192
15.954
18.48
16.092
15.318
15.93
15.456
14.418
15.444
14.106
17.682
15.894
15.87
14.382
19.008
15.72
16.296
16.158
19.134
15.696
16.122
15.084
16.56
15.072
16.248
15.21
19.836
15.198
16.524
13.986
16.662
15.624
20.1
13.812
19.938
15.6
20.076
15.738
16.614
15.876
15.552
14.364
15.69
14.352
18.378
15.84
17.616
15.678
18.504
15.666
15.192
16.104
18.33
15.942
15.618
15.93
15.306
15.168
16.044
14.856
18.882
13.344
16.47
14.982
19.308
13.02
16.446
14.508
16.434
14.346
15.972
12.984
19.71
14.772
16.998
13.26
17.136
15.198
16.974
13.386
16.362
14.874
19.2
14.862
16.188
13.2
16.026
15.138
19.464
14.976
18.402
13.314
16.74
14.952
18.828
13.74
17.016
15.378
19.704
14.766
16.392
12.852
19.83
12.99
16.818
14.328
16.506
14.466
16.944
13.104
19.782
15.342
17.07
13.23
16.908
14.568
16.446
14.556
16.884
15.894
19.722
14.682
17.01
12.87
16.698
18.936
12.99
16.224
14.44
16.212
14.428
19.05
14.566
15.738
19.176
16.164
14.59
16.152
18.99
19.128
18.066
15.504
15.44
18.342
14.378
15.78
12.866
18.768
14.654
18.606
14.642
18.444
14.63
17.682
15.068
15.87
14.756
17.958
13.244
19.146
15.032
15.684
14.87
19.422
15.308
16.41
15.296
18.348
12.576
19.086
19.224
14.152
19.362
19.35
12.852
16.338
14.34
16.776
14.178
20.064
14.316
16.752
20.49
17.628
14.152
20.466
14.59
17.454
14.152
17.892
14.29
17.73
14.428
20.568
17.706
14.578
17.844
14.266
20.532
14.404
20.67
14.44
17.658
14.152
20.346
17.334
14.44
19.872
12.778
20.76
14.566
18.048
14.254
18.186
15.442
21.174
12.73
20.862
14.152
18.45
12.79
21.138
14.578
18.726
14.416
18.864
13.204
21.252
15.892
21.39
14.68
18.228
13.168
18.966
12.706
18.054
14.494
18.042
14.482
20.73
12.97
17.868
14.908
20.856
15.046
17.694
14.584
21.132
15.022
21.12
14.86
18.108
13.348
18.696
15.286
18.084
14.824
21.522
15.262
18.51
15.25
21.048
15.388
21.936
15.526
21.474
13.564
22.062
15.352
19.05
13.99
18.588
15.778
17.826
14.416
21.414
15.904
18.102
15.742
21.09
14.98
21.228
13.618
18.066
15.406
18.204
14.044
20.742
15.682
18.03
14.47
18.168
14.308
16.506
14.446
16.494
14.284
16.482
12.922
19.92
15.01
16.458
14.998
19.146
14.986
19.284
15.124
20.172
16.312
17.01
15.25
19.548
15.238
20.886
15.376
16.674
15.364
19.212
15.352
19.8
13.99
17.088
15.778
19.926
15.916
17.514
16.054
20.352
15.892
17.04
15.13
16.578
15.268
20.316
15.406
16.254
16.594
16.242
15.382
19.23
14.02
15.918
16.258
15.906
14.146
16.044
15.784
18.732
15.922
18.72
16.66
15.858
14.848
19.146
16.486
15.834
15.274
15.822
16.762
18.81
16.75
18.048
15.688
17.886
15.826
15.024
15.964
14.862
14.002
17.4
15.49
14.688
15.478
16.776
15.616
16.614
15.604
14.652
15.592
18.39
15.28
14.778
13.918
18.816
15.556
15.204
14.194
18.492
15.382
18.93
13.27
15.918
16.558
18.156
15.196
15.894
16.234
19.482
15.622
18.12
15.76
18.558
14.398
15.396
16.186
17.634
16.024
15.522
14.512
15.51
16.3
15.498
14.338
16.236
13.726
15.924
15.514
18.762
14.152
16.2
15.64
15.438
15.478
18.726
15.466
18.864
15.154
17.502
15.142
14.94
13.48
14.778
15.268
14.616
14.956
18.054
16.444
15.492
14.932
15.33
13.57
18.768
15.358
15.756
13.846
18.594
15.634
15.582
14.122
18.87
15.91
15.858
13.348
18.546
16.036
15.834
14.974
15.822
14.812
15.51
13.3
19.248
15.238
15.636
14.926
16.074
13.864
15.762
14.902
15.9
13.24
18.288
14.152
18.876
15.64
16.314
14.428
18.402
14.266
16.59
12.754
17.028
12.592
16.116
17.004
14.44
16.542
12.778
15.63
14.566
15.468
14.554
16.056
13.192
15.894
13.33
15.882
13.468
18.72
13.306
15.558
14.944
16.596
14.152
18.984
14.152
15.972
14.152
16.11
19.548
12.576
19.536
16.524
14.152
16.662
19.65
16.638
14.152
18.576
12.79
16.614
16.302
20.04
14.29
17.178
14.428
17.316
13.066
16.704
16.692
14.152
16.68
12.714
16.068
12.852
16.206
18.294
14.29
15.732
12.778
19.32
14.566
16.758
12.904
19.746
14.242
16.434
14.152
16.872
19.71
16.998
12.576
20.586
17.124
20.262
17.85
20.688
17.226
14.278
21.114
14.416
20.652
14.554
17.64
14.542
20.778
14.38
17.616
14.368
17.454
14.356
20.892
14.344
17.58
14.482
20.568
14.47
17.856
12.958
20.844
14.746
20.082
15.184
18.12
15.172
21.108
13.51
17.646
15.448
20.634
15.436
17.772
15.424
20.31
15.862
17.748
14.2
21.336
16.138
20.574
14.476
21.762
16.264
18.45
15.952
21.738
14.74
21.876
15.778
20.064
13.816
21.402
16.654
21.24
15.292
18.378
15.28
18.216
15.268
17.904
15.406
18.042
13.744
20.58
15.682
20.568
15.07
17.856
15.208
17.244
14.746
20.082
13.384
17.52
15.172
17.058
15.16
16.896
16.498
19.134
15.586
20.172
15.574
20.31
15.712
17.148
15.85
17.586
15.988
20.724
15.826
20.712
15.214
19.5
15.352
16.788
15.49
19.926
14.728
19.914
14.716
17.202
12.904
16.89
15.142
17.478
14.68
19.716
15.118
17.904
13.756
17.292
14.944
17.73
15.682
20.418
13.72
18.006
12.958
17.844
15.046
18.282
14.284
17.52
15.022
17.658
13.06
20.796
14.848
16.884
13.336
19.872
15.574
16.71
15.562
19.848
15.25
16.986
14.938
17.424
14.626
20.262
14.764
17.4
14.602
16.638
13.24
20.226
13.228
20.364
14.866
17.802
20.49
12.576
17.778
14.364
21.216
20.904
17.892
14.152
17.58
12.79
17.718
14.578
17.406
14.416
19.494
13.054
19.932
14.692
17.97
16.03
17.658
14.668
18.246
15.256
18.384
13.294
18.372
15.082
17.91
14.77
17.898
14.908
19.836
13.396
17.574
15.184
21.162
12.772
21.3
14.41
17.538
14.152
19.776
14.29
17.364
20.652
14.44
16.89
14.152
20.628
19.566
12.576
17.604
14.214
20.442
14.352
17.73
12.84
17.718
14.478
20.256
14.616
18.144
14.604
17.982
14.292
17.67
14.152
20.808
17.946
14.29
20.934
14.428
18.222
15.616
18.36
12.904
18.198
14.542
18.336
13.03
21.624
14.518
20.712
13.156
21.9
12.694
18.138
14.482
18.126
14.62
20.364
14.578
19.902
14.416
18.09
12.754
19.878
12.742
17.466
14.53
20.904
13.018
17.742
14.806
17.58
14.944
18.018
15.082
17.856
13.27
19.944
15.358
20.832
14.896
20.22
14.734
17.508
14.722
17.646
13.21
18.384
15.148
21.522
14.986
21.51
15.124
21.348
15.262
20.886
15.25
20.274
15.088
18.162
14.026
18.15
16.264
17.838
15.202
17.826
13.54
17.514
15.028
20.802
13.666
20.79
16.654
20.478
15.742
17.616
14.23
17.154
15.868
17.142
16.006
15.93
15.994
18.918
14.632
18.606
16.27
15.894
15.658
17.682
14.296
18.72
16.384
15.708
16.222
19.146
14.56
18.684
16.348
15.072
16.186
18.21
14.824
15.198
16.912
15.036
16.75
18.174
16.738
14.862
14.926
15.3
15.064
18.288
17.002
15.276
16.99
18.414
15.478
18.102
17.116
14.79
15.754
14.628
17.392
14.766
16.78
17.904
16.768
14.442
16.456
15.33
16.144
15.168
16.582
16.956
14.92
14.844
16.558
17.982
16.546
14.82
16.684
18.408
16.522
14.946
16.66
14.634
16.348
14.172
16.336
14.01
16.174
17.448
16.162
14.886
14.5
16.974
15.988
17.712
13.276
16.2
15.214
13.788
15.202
17.526
15.64
16.914
15.478
17.952
15.466
17.94
15.304
14.628
13.642
17.616
14.83
14.754
13.318
17.892
13.156
15.03
14.644
17.718
15.682
15.306
14.32
17.994
13.108
15.432
13.246
16.32
13.384
18.558
16.146
16.284
19.272
14.152
16.26
12.79
19.248
15.928
16.536
14.716
19.674
16.354
16.812
15.142
19.95
15.13
16.938
14.818
16.476
14.506
19.014
13.144
16.752
14.782
16.29
13.27
16.428
15.058
16.266
15.496
19.554
15.484
16.542
15.472
19.38
13.66
16.068
15.298
18.606
14.686
15.594
16.174
18.582
12.862
15.87
15.7
18.258
15.846
14.152
15.684
12.79
18.072
14.428
15.96
15.166
18.498
14.254
16.386
14.392
16.374
13.03
16.812
15.578
16.8
16.938
12.576
16.326
18.864
19.752
14.152
18.99
16.728
14.152
16.866
14.152
16.704
16.692
16.83
14.152
16.968
14.59
16.806
14.428
19.944
13.066
17.082
14.854
19.77
14.692
17.208
14.83
17.346
14.968
19.434
14.956
17.472
15.094
20.31
14.782
17.748
14.92
17.436
14.608
20.274
14.596
17.412
15.484
20.4
14.422
20.238
14.44
16.476
14.428
19.614
14.566
16.452
16.44
15.44
19.578
12.728
16.716
14.366
19.404
14.354
19.242
14.492
16.23
12.83
19.518
14.768
16.506
16.406
16.944
15.194
19.632
15.182
17.07
15.17
17.208
14.858
19.446
14.696
17.634
13.184
20.322
15.122
17.46
15.11
20.298
16.748
17.586
14.636
20.124
14.324
16.062
12.662
19.35
14.3
16.488
12.788
17.826
14.576
15.864
14.714
18.852
14.552
16.14
14.99
19.278
14.978
16.416
13.316
16.404
14.954
18.492
14.942
19.53
16.58
18.768
15.218
16.506
13.856
19.794
15.644
19.332
15.482
20.07
15.92
19.158
14.408
15.996
15.896
15.834
13.634
18.222
16.322
16.26
15.11
16.098
15.248
15.936
13.736
18.774
15.674
18.612
15.812
15.3
15.2
15.288
16.088
15.426
13.226
15.564
15.314
18.552
15.302
18.54
15.44
15.528
15.278
18.666
15.266
15.204
14.654
18.492
13.142
15.63
14.93
15.618
14.768
18.906
13.406
15.894
13.394
18.282
15.032
16.17
15.17
16.008
13.658
15.996
15.296
18.834
14.084
16.122
14.072
19.11
13.76
19.098
15.398
16.086
13.436
16.824
14.924
16.962
13.712
16.65
14.9
19.188
14.888
16.926
15.026
16.764
12.614
16.452
14.702
19.89
14.69
16.428
13.178
17.616
15.354
12.576
15.942
15.114
15.63
15.106
15.768
14.152
18.456
12.79
16.044
14.578
15.132
14.716
18.42
13.054
16.458
15.142
15.846
15.13
16.734
13.618
19.272
15.106
17.01
12.694
19.698
16.086
12.576
19.524
12.576
16.512
14.214
16.5
13.002
19.488
12.84
16.776
14.328
16.764
15.816
16.302
14.454
16.74
12.942
16.578
14.58
16.566
13.368
16.704
14.556
18.642
16.044
19.98
17.268
14.152
17.106
12.79
17.544
15.928
19.632
14.566
16.77
14.704
16.458
14.542
19.896
13.03
16.884
14.668
17.022
13.156
17.16
12.994
16.698
16.132
16.536
14.92
15.624
15.058
16.512
14.896
16.05
13.384
16.188
15.772
18.576
14.56
15.864
13.198
18.102
15.286
15.69
15.124
18.078
14.812
15.516
15.85
15.504
14.188
15.492
14.326
15.33
12.664
15.918
14.452
15.606
14.152
15.744
14.152
18.582
14.29
19.02
14.152
16.158
15.696
14.44
16.134
15.372
12.576
18.36
12.714
14.748
15.552
17.736
12.84
15.474
14.178
15.012
15.45
18.588
16.176
18.414
14.152
16.152
16.59
14.152
16.278
19.866
16.704
16.542
19.08
14.152
16.968
19.206
12.576
17.094
16.932
12.852
20.67
14.19
17.208
12.978
17.646
15.816
17.184
17.322
20.61
15.44
17.598
12.728
16.986
15.866
17.874
14.504
20.412
14.642
18.6
14.63
20.538
13.118
17.826
14.156
18.414
15.644
20.052
13.082
17.79
14.72
21.228
14.708
21.366
13.646
17.904
16.484
20.742
14.072
20.58
15.26
17.418
15.698
20.856
17.486
20.844
15.974
20.832
15.362
17.82
14
17.808
15.488
20.946
15.476
20.184
13.964
21.222
15.002
18.21
15.14
21.348
15.278
20.436
14.066
21.774
15.554
17.862
14.492
17.7
17.03
18.288
16.118
17.976
16.256
17.964
16.394
21.252
17.432
18.39
15.92
20.778
15.608
20.766
14.246
19.554
16.034
16.692
14.522
16.83
16.31
16.218
16.148
15.906
17.486
18.894
16.124
16.332
17.612
19.32
16.1
19.458
14.588
16.746
14.576
16.584
16.664
16.272
15.002
16.86
14.69
20.448
15.878
19.236
13.616
16.674
13.304
17.412
14.342
19.8
12.83
16.638
12.576
16.326
14.664
16.914
16.752
14.152
19.29
12.94
17.028
14.278
20.166
14.416
19.854
14.254
17.442
20.28
20.268
14.152
18.156
14.29
19.944
14.278
17.232
14.416
17.82
15.604
19.758
14.692
19.896
16.03
17.934
14.668
20.922
14.356
17.46
20.148
20.886
20.574
14.152
20.262
12.576
17.25
15.114
20.538
14.502
17.376
14.49
17.514
12.828
20.502
14.316
17.79
12.804
20.478
14.292
17.616
20.004
12.576
21.042
14.964
18.18
12.852
20.118
14.79
18.606
13.278
18.594
14.916
17.532
13.704
18.87
13.842
19.008
15.33
20.346
15.318
19.134
13.056
19.722
14.844
21.81
14.532
19.698
14.67
22.536
14.578
22.374
14.152
19.812
20.4
18.888
14.152
19.926
14.29
19.764
14.278
20.952
14.266
21.99
14.254
19.428
14.392
19.266
13.18
18.654
14.668
18.642
14.656
22.08
14.194
21.168
14.152
21.606
18.894
12.576
18.882
14.364
18.57
15.852
19.008
12.99
20.346
14.928
18.084
15.066
21.672
14.754
21.36
14.892
18.198
15.48
21.036
15.318
20.574
15.306
17.862
14.994
20.4
15.132
18.138
15.27
21.876
15.258
18.414
13.746
21.852
15.084
18.69
14.022
18.528
15.51
21.666
15.648
21.354
14.736
21.492
14.724
18.48
13.512
21.918
15.15
21.156
15.288
17.994
15.426
18.132
15.414
18.27
15.402
21.258
14.94
17.946
14.628
18.384
16.116
20.172
14.754
21.06
16.242
20.448
14.73
17.736
13.668
19.974
15.156
16.962
13.494
20.1
14.982
17.388
13.17
17.526
14.508
20.664
14.44
17.652
17.64
21.078
18.066
14.152
20.604
12.79
17.892
14.152
20.73
14.152
18.168
14.29
19.356
14.428
20.394
16.632
12.576
17.52
14.364
17.058
13.002
17.946
14.64
20.634
14.328
20.622
14.466
17.91
17.748
14.152
21.036
12.79
20.574
14.428
18.162
12.766
21.75
21.738
14.152
21.876
13.09
18.114
14.278
21.852
12.916
18.84
14.704
21.228
12.892
22.116
14.38
21.054
14.368
19.092
14.206
19.53
12.576
19.518
14.364
19.206
12.852
22.794
14.79
19.932
13.278
22.17
14.766
19.908
13.404
22.596
15.192
19.884
13.83
20.022
15.618
20.16
14.106
22.998
15.594
18.186
16.182
21.624
12.87
20.562
14.508
21.45
14.946
18.888
14.484
21.726
14.622
22.164
14.61
20.952
18.99
14.44
19.428
14.578
22.266
14.152
22.254
21.942
18.78
15.44
21.618
18.906
14.152
18.894
14.29
21.882
14.29
18.72
14.428
19.608
12.916
19.146
14.854
20.034
13.342
22.422
14.98
21.81
13.768
19.098
15.256
18.486
14.194
18.324
14.332
18.912
14.32
18.75
14.308
20.838
14.746
18.876
14.734
22.164
14.722
19.752
14.86
22.29
14.998
19.728
15.136
19.566
15.274
19.104
15.262
22.692
13
19.08
12.988
22.818
14.776
19.506
14.164
19.644
22.482
19.92
12.576
19.308
14.364
23.046
12.852
22.134
14.64
19.422
14.778
21.51
14.916
22.548
15.054
19.086
15.192
18.924
15.03
19.362
15.018
19.05
13.056
18.888
14.544
18.726
13.032
19.314
14.97
19.152
14.658
18.84
14.346
21.978
14.152
19.716
14.29
22.104
21.942
22.08
14.152
18.918
14.59
19.356
14.578
22.644
13.066
22.332
14.254
19.32
14.392
21.708
13.03
18.696
14.152
21.984
18.672
14.29
18.51
19.398
12.576
18.936
14.214
21.174
12.576
21.312
14.214
22.05
13.002
19.038
14.64
22.476
12.828
22.014
14.616
19.302
14.604
19.14
22.578
14.152
19.866
18.954
15.44
19.542
14.228
22.38
14.216
22.218
14.654
19.506
14.492
22.644
14.63
19.782
14.768
19.77
14.906
22.608
12.944
21.996
16.082
19.734
15.47
20.172
15.008
23.31
15.146
20.448
15.134
23.136
13.322
20.574
14.66
20.712
15.698
23.55
15.086
20.838
14.624
22.626
13.262
23.364
14.75
20.652
14.888
20.49
14.726
24.078
13.364
21.666
15.152
19.404
14.69
19.842
14.678
22.68
20.118
14.152
19.806
14.59
20.544
22.932
12.576
20.37
14.214
22.158
19.746
19.734
12.576
19.422
21.36
21.348
14.152
19.236
22.374
14.152
19.362
12.79
19.35
16.078
22.188
14.716
19.476
14.704
22.464
13.192
19.602
14.716
19.14
14.404
19.728
14.542
22.716
14.38
19.854
15.718
22.542
14.656
23.43
15.994
20.418
14.632
20.856
15.22
20.394
14.908
23.082
13.096
21.42
14.734
21.108
13.522
21.696
15.46
23.784
15.448
21.822
15.586
21.21
15.724
21.948
15.862
22.086
16
24.474
15.238
21.912
15.376
22.5
15.214
22.338
16.852
21.426
15.64
24.264
15.328
22.602
15.466
19.74
15.454
22.428
15.442
23.166
15.43
23.304
16.168
21.792
15.106
19.38
13.444
22.818
15.532
19.656
15.37
22.344
14.008
22.932
16.846
20.07
15.784
19.908
15.922
20.046
16.06
23.184
15.898
20.022
15.886
23.61
15.724
20.748
15.412
24.036
14.05
20.574
15.838
20.262
15.976
20.1
15.814
19.488
15.802
22.176
14.29
19.914
16.078
19.902
15.916
21.69
14.254
20.328
15.892
19.866
14.68
22.254
14.068
19.092
15.856
22.53
15.994
19.068
15.382
18.606
15.37
20.844
15.358
19.482
15.496
22.32
13.834
21.258
15.772
19.296
15.61
18.984
16.048
19.572
15.586
22.56
15.574
21.798
15.112
19.986
15.1
19.974
14.938
19.212
13.426
19.35
15.364
22.338
15.352
22.026
15.19
19.164
15.178
18.552
15.316
21.39
15.304
19.278
15.292
22.416
13.93
19.554
15.718
19.542
15.856
19.08
15.844
19.518
14.182
22.506
16.12
19.194
14.308
22.032
16.396
19.32
16.384
18.858
16.072
21.546
14.56
21.084
16.048
18.372
16.186
18.36
16.174
21.648
16.012
21.036
14.65
18.924
14.338
18.912
13.576
21.75
15.364
18.888
13.702
21.576
15.19
19.014
13.978
18.252
15.466
17.94
14.254
18.528
13.492
20.766
15.28
18.654
14.368
18.792
13.006
18.33
14.794
21.468
14.632
18.306
14.47
18.294
14.608
21.282
14.596
18.57
18.558
14.152
18.396
12.79
21.234
14.428
21.372
13.216
21.51
14.854
18.798
14.842
18.786
14.98
22.224
13.318
19.062
15.406
19.5
16.594
22.488
14.032
19.776
16.12
19.464
16.258
19.302
13.996
19.14
15.484
22.278
15.322
23.016
15.31
19.104
14.998
18.642
15.136
21.18
15.124
18.318
15.562
20.406
14.65
18.294
15.838
21.282
12.976
21.42
14.68
17.958
17.946
12.576
19.884
14.152
17.172
14.152
17.61
14.29
17.448
15.928
20.586
14.416
21.024
14.554
18.162
14.542
21.3
14.53
18.438
14.668
18.276
13.306
17.964
14.944
19.002
15.382
21.54
15.37
18.678
15.508
20.766
15.346
18.954
15.334
18.792
15.172
18.63
15.31
21.168
15.448
18.756
13.786
21.294
15.724
18.432
15.712
21.57
14.5
20.958
15.988
18.096
14.926
18.084
16.114
21.972
16.252
20.91
15.34
17.298
16.678
17.886
15.766
19.974
15.904
17.862
16.042
18
14.38
20.088
15.868
17.976
16.456
16.764
15.394
20.202
13.582
16.89
15.37
16.578
15.808
17.016
13.246
17.004
15.034
16.542
14.422
16.38
19.968
16.506
14.44
20.394
17.232
17.07
15.668
20.358
17.496
14.152
19.584
14.29
17.772
12.928
20.91
14.266
17.748
15.754
20.886
13.042
17.724
14.98
17.562
14.818
20.1
14.956
20.838
15.094
17.976
13.432
18.114
15.37
17.802
13.708
17.49
15.796
20.928
14.134
20.616
16.222
17.604
15.61
21.642
14.248
18.03
16.036
20.718
15.874
21.156
15.262
20.844
13.75
20.982
15.538
17.67
14.026
21.108
14.164
20.796
13.702
18.084
15.49
21.222
15.628
17.76
16.816
18.198
15.904
17.586
15.592
17.274
15.58
20.862
15.418
18
14.206
17.988
15.844
21.426
15.532
21.564
15.52
20.202
13.858
17.64
15.496
20.028
15.634
17.166
15.622
17.304
14.11
17.292
16.348
20.43
15.136
17.568
13.324
16.806
12.576
20.244
14.214
17.082
12.702
20.07
14.64
17.358
14.628
20.196
13.116
17.184
14.154
16.872
12.576
17.61
14.364
20.298
14.202
17.436
14.34
17.124
16.278
19.812
14.766
18.15
12.804
19.938
14.742
20.976
12.93
17.664
14.718
18.102
14.256
20.94
14.394
20.478
12.882
17.916
14.52
20.754
14.508
18.042
12.996
20.88
14.934
21.018
14.922
18.156
15.06
17.694
14.598
17.382
20.82
14.152
17.658
14.29
21.246
12.628
19.734
14.152
17.172
14.29
19.26
14.428
17.298
14.566
20.736
14.704
20.424
14.542
17.712
14.98
17.55
14.818
20.688
13.006
17.826
14.644
20.514
14.782
17.652
17.49
12.576
19.428
14.814
20.316
19.404
14.152
16.542
19.83
16.668
19.806
14.152
19.944
14.29
17.232
19.47
12.576
17.658
14.364
16.446
13.002
17.784
13.14
17.622
14.778
20.16
14.616
18.048
13.254
20.436
13.392
18.024
12.78
21.162
12.768
18.45
14.152
20.838
12.64
20.076
17.664
21.102
18.09
15.44
20.778
12.578
18.216
14.152
18.054
14.29
19.992
18.48
14.152
21.468
14.152
20.556
14.152
18.594
22.032
14.152
21.57
14.44
22.158
14.44
18.396
18.984
21.822
14.152
18.96
12.79
21.948
14.578
18.936
14.716
19.374
14.404
21.912
14.242
19.65
14.38
21.138
14.368
22.476
14.356
19.464
14.794
19.902
14.632
23.19
13.12
21.828
14.608
19.866
14.296
19.854
14.434
19.542
14.572
22.23
14.26
19.818
22.356
14.152
22.044
12.79
20.382
14.578
20.37
12.852
20.808
14.19
22.296
13.278
19.584
13.416
21.972
14.454
20.91
15.942
19.098
19.236
14.152
22.524
15.49
21.912
12.778
22.95
14.566
22.338
14.704
22.326
13.042
19.314
15.13
21.702
13.468
18.99
14.956
21.078
14.644
19.416
19.254
22.542
19.23
12.576
22.818
14.214
22.956
12.714
21.894
14.352
22.782
14.34
22.32
14.478
19.458
12.966
22.146
14.754
19.284
14.742
19.422
13.53
22.56
14.868
19.848
15.006
19.686
14.994
23.274
20.112
14.578
22.95
23.088
14.854
22.476
14.392
20.064
13.18
19.602
15.268
19.59
13.606
22.578
14.494
20.316
13.432
22.104
14.32
20.442
15.658
20.28
14.596
23.118
14.434
22.506
13.072
23.094
14.86
22.932
14.548
20.07
14.536
22.308
12.724
23.646
14.362
23.784
13.15
20.322
13.288
20.31
13.276
22.998
14.614
22.686
13.402
19.974
15.49
20.112
12.628
19.95
12.766
22.938
14.254
22.926
13.192
22.314
16.48
19.152
14.668
22.74
13.456
19.428
15.394
23.016
13.132
23.004
14.62
22.842
12.958
19.83
14.596
19.968
13.084
23.106
14.872
23.244
13.21
20.082
13.348
22.92
14.986
20.358
13.324
23.796
20.484
23.322
14.578
20.46
14.266
22.398
15.904
20.736
14.692
20.574
14.83
24.312
14.668
21.45
14.656
24.588
12.994
21.426
14.782
21.114
13.12
24.552
14.608
21.54
20.928
12.576
20.316
22.704
19.692
14.152
20.13
12.79
19.368
15.628
22.956
14.566
21.744
13.054
19.932
15.292
23.22
14.98
22.158
16.618
23.496
16.756
23.034
13.744
22.122
15.232
20.01
14.77
20.148
14.908
19.686
13.546
19.674
15.034
19.662
14.872
22.05
15.01
23.088
14.548
20.376
13.186
23.064
13.174
22.152
15.112
23.19
13.3
22.578
15.088
19.866
15.226
22.404
15.814
19.992
15.502
23.58
14.14
20.718
15.928
20.556
13.816
20.394
13.504
22.782
15.142
20.52
13.93
23.958
15.568
20.196
15.706
23.634
15.694
20.172
14.182
22.26
14.32
20.598
15.508
23.586
15.346
21.024
15.034
20.412
13.522
20.85
14.56
20.388
13.048
23.526
14.686
23.214
12.576
20.352
14.152
20.19
12.64
20.778
14.278
20.616
14.416
23.454
15.754
20.292
15.892
22.38
14.38
20.418
12.868
18.756
14.356
22.194
12.994
19.182
19.17
19.608
14.152
21.996
14.29
19.734
19.572
22.71
14.152
19.848
22.236
12.576
22.824
15.564
23.262
12.852
19.65
12.69
19.338
14.478
19.776
13.116
22.764
16.104
19.752
14.742
22.89
14.73
20.028
14.718
22.566
14.856
20.304
14.694
22.692
14.832
20.28
14.97
23.868
20.256
14.152
20.694
14.29
21.132
19.92
14.152
23.508
22.446
12.576
22.434
20.322
23.46
20.598
15.44
20.586
14.378
22.524
20.712
12.576
22.95
14.364
22.788
19.626
22.764
19.902
22.29
14.44
20.328
14.428
20.466
13.066
24.504
14.554
20.742
13.042
24.48
14.98
24.318
13.318
20.556
15.406
20.694
15.544
20.682
15.382
20.37
15.52
20.808
13.858
23.796
15.646
20.934
16.084
20.622
15.322
24.06
13.96
21.498
14.098
21.636
15.136
24.174
15.274
24.912
13.912
21.6
15.55
22.038
14.038
25.026
14.176
22.764
14.152
25.752
14.152
22.59
22.578
14.44
23.016
26.004
22.992
14.152
25.98
14.29
22.818
14.152
26.256
12.64
22.494
14.428
22.632
14.566
25.02
25.908
22.596
22.584
14.152
26.022
22.86
26.298
22.986
14.716
23.424
12.604
26.412
14.692
23.7
23.538
23.376
12.576
23.064
14.364
23.052
13.002
23.49
14.79
22.878
13.428
23.616
13.266
23.304
14.454
23.142
26.28
14.152
22.818
22.656
14.152
22.794
14.29
22.932
12.628
26.07
14.566
22.908
14.704
26.346
14.542
23.034
14.23
25.872
14.218
25.26
14.206
23.448
12.694
26.436
14.332
23.424
14.17
23.862
12.658
26.55
14.896
23.838
14.584
24.276
14.722
23.964
15.46
26.502
14.548
24.24
12.736
27.678
14.374
24.666
13.162
24.054
14.8
27.042
14.938
27.18
16.126
23.868
15.214
26.406
15.352
27.594
13.69
24.282
15.778
23.97
15.916
26.658
15.604
24.396
15.742
27.534
15.88
24.822
16.018
27.21
16.156
24.648
16.144
28.536
14.632
27.924
16.42
25.062
16.558
28.8
16.396
28.488
15.934
25.776
16.672
28.914
15.16
25.902
16.498
29.79
15.136
26.028
15.274
29.166
14.062
26.004
14.05
29.592
13.738
26.43
15.526
26.418
15.064
26.106
13.702
25.944
15.19
28.182
13.378
25.17
15.016
28.458
15.004
26.046
14.842
25.434
14.98
27.972
15.118
27.36
14.806
26.748
14.794
23.736
14.482
26.574
14.32
23.562
13.258
26.55
16.096
23.988
14.884
26.376
14.152
22.914
14.29
22.902
14.278
22.74
12.766
24.828
12.904
23.016
14.152
25.254
25.992
14.152
23.28
12.79
23.268
14.578
25.806
14.152
23.694
14.29
26.232
26.22
14.152
25.758
14.152
23.646
26.784
12.576
23.922
23.91
14.44
24.048
14.428
24.036
13.066
27.174
14.854
27.162
14.692
26.85
12.88
26.988
12.576
24.126
14.814
27.414
14.352
24.102
14.49
24.24
14.478
24.378
14.466
24.366
14.454
23.904
16.092
24.042
14.43
27.33
14.268
24.318
27.306
14.152
23.994
12.64
23.982
14.278
24.12
14.716
26.808
14.554
26.796
13.192
23.934
14.53
26.772
14.518
26.76
15.856
26.898
14.794
25.986
12.682
23.274
12.67
23.262
14.308
26.7
14.446
26.838
14.29
23.976
12.778
26.064
12.766
24.402
14.554
27.84
13.192
24.828
14.83
28.116
13.618
24.504
15.106
27.042
13.894
27.93
15.532
27.768
27.756
24.294
14.59
26.682
14.278
27.27
26.658
24.396
14.152
26.934
14.29
24.522
12.778
24.21
14.716
24.198
13.054
27.786
13.042
27.624
14.38
28.212
25.2
25.188
12.99
24.726
15.828
28.164
14.616
25.152
14.454
27.54
25.578
15.44
24.966
14.228
28.104
14.366
24.942
14.504
24.93
14.492
25.368
14.63
25.356
14.618
25.194
12.806
24.882
14.444
25.32
14.432
24.708
14.57
28.446
14.708
27.984
16.046
24.672
13.484
25.41
13.022
28.548
14.66
25.836
12.698
25.224
28.212
15.44
24.9
14.228
24.588
14.366
25.326
14.504
25.014
14.642
25.152
14.33
25.14
26.778
24.966
27.804
24.492
14.152
28.23
14.152
27.618
14.152
24.906
12.576
24.894
12.714
27.882
14.352
27.42
14.49
25.158
16.278
27.696
14.766
27.834
16.104
25.122
15.042
27.96
15.03
25.398
14.868
28.086
13.506
26.124
15.144
29.412
13.932
25.95
15.57
25.788
15.708
25.326
15.546
25.764
13.884
28.602
15.822
28.74
15.51
26.178
15.648
29.166
13.836
25.704
15.624
26.292
14.112
26.43
14.1
26.268
16.038
25.506
16.176
25.644
14.664
29.232
16.452
25.92
17.94
25.908
15.378
28.746
17.166
28.134
16.854
25.722
15.792
25.56
17.73
25.548
17.418
28.836
16.956
26.274
16.794
28.662
15.132
26.25
16.92
26.688
16.908
30.126
16.746
26.964
17.184
28.752
17.172
26.34
17.91
27.078
15.798
29.166
18.786
26.454
17.424
29.142
16.212
28.38
14.7
27.918
16.638
25.206
17.976
28.344
15.264
25.482
17.352
27.87
17.19
28.458
17.778
27.696
17.916
25.884
15.954
25.872
17.442
27.96
15.93
26.148
17.418
28.386
17.256
25.674
15.144
23.712
16.482
26.7
16.02
25.488
15.708
23.376
13.746
23.364
15.534
23.352
13.722
26.04
15.51
23.328
15.498
26.166
15.936
23.454
15.924
25.242
17.112
22.38
15.9
24.918
15.888
22.806
15.426
25.044
13.914
23.082
15.552
26.22
14.34
23.208
15.978
23.046
14.616
26.034
16.404
22.872
15.042
23.31
14.88
26.748
14.718
23.586
14.706
26.274
15.594
26.112
15.732
23.85
15.42
23.538
13.908
23.676
15.096
23.664
14.784
26.352
13.422
23.64
14.91
23.628
15.048
24.066
13.386
26.304
15.474
23.892
15.312
26.28
15.3
24.318
14.838
27.606
14.976
27.294
13.014
26.532
14.802
24.57
14.79
23.958
14.178
26.646
24.234
14.44
24.072
12.628
23.46
14.278
26.448
12.576
23.586
24.174
12.576
26.112
14.364
25.95
14.502
23.838
12.84
27.576
14.628
25.464
14.616
23.202
13.254
26.64
14.892
23.628
15.03
26.016
15.018
23.604
15.156
27.642
15.294
24.48
15.282
24.168
15.42
26.856
15.408
24.894
13.746
23.982
13.734
26.97
15.522
24.108
15.36
23.646
15.498
27.384
16.836
27.222
15.624
24.66
13.812
26.748
15.3
24.336
15.138
24.774
15.126
24.762
13.614
24.3
15.102
25.038
15.24
27.576
14.928
27.114
13.116
24.102
14.604
24.09
13.542
24.228
14.73
24.066
13.368
24.504
15.006
27.042
13.344
24.18
13.332
27.318
14.37
24.456
14.508
26.994
14.646
28.032
15.984
28.17
14.922
26.958
14.46
27.996
14.898
27.084
14.586
24.072
14.724
23.16
14.562
22.998
14.4
22.986
13.338
22.674
14.526
22.662
14.664
26.1
14.652
25.938
13.29
25.926
13.428
26.064
13.116
23.052
14.754
26.19
13.392
25.128
15.03
23.616
23.604
14.152
23.742
14.152
26.58
23.118
14.152
26.106
12.79
23.394
14.578
26.532
13.216
25.17
15.004
26.358
13.642
23.646
15.43
25.884
15.568
25.872
13.606
26.01
15.994
23.448
15.832
22.986
15.22
23.424
15.058
25.812
16.396
26.7
15.034
23.688
15.472
23.526
14.71
26.664
14.848
23.952
14.386
25.89
14.224
24.078
14.212
23.916
25.554
23.442
14.152
23.13
12.79
22.968
14.428
25.956
15.166
23.244
14.704
23.232
13.192
25.92
15.13
26.058
13.618
23.346
25.734
23.772
26.91
12.576
27.048
14.664
23.586
14.352
26.274
12.69
22.812
14.328
25.95
14.766
22.938
14.754
22.626
14.892
22.764
15.03
25.452
14.868
23.04
14.556
23.178
12.594
26.016
23.304
14.44
23.142
14.278
25.83
12.916
23.868
14.704
22.656
14.542
25.494
16.18
22.932
13.168
24.57
15.706
23.058
15.244
25.746
15.682
23.334
15.52
25.572
14.158
23.31
15.946
23.298
14.434
26.136
17.572
24.024
16.06
23.562
14.698
26.25
14.386
23.838
15.724
27.276
14.662
24.564
14.5
27.702
14.638
24.54
14.626
24.228
14.764
26.316
14.752
24.954
15.19
24.642
14.578
27.78
14.716
27.168
13.054
24.156
24.294
12.576
26.232
24.12
27.408
12.576
24.546
12.576
24.534
16.314
24.522
14.152
24.66
14.89
27.048
14.578
26.286
14.416
26.724
15.004
23.712
13.042
23.55
23.388
23.376
14.152
23.064
14.29
22.902
12.778
25.29
12.766
23.328
15.904
26.766
13.192
25.554
14.23
23.892
12.868
27.03
14.656
24.018
14.644
23.856
16.282
26.094
13.42
25.932
16.408
23.52
13.696
23.958
15.034
24.396
14.722
23.784
26.472
24.06
12.576
25.698
14.214
23.886
12.852
23.724
14.64
24.762
14.778
25.95
14.466
24.888
14.904
24.426
14.892
24.264
15.03
26.802
13.368
24.99
15.006
24.678
13.344
27.216
14.982
24.354
14.67
24.342
24.18
14.152
27.168
12.79
28.356
14.278
24.594
12.916
24.132
15.004
28.02
14.992
29.058
14.98
24.846
15.118
24.834
15.106
26.922
14.344
24.81
12.832
25.248
12.576
27.336
14.664
28.224
14.502
24.762
14.19
25.2
28.188
14.44
25.476
14.428
25.014
15.766
27.852
14.704
24.84
12.742
25.428
14.38
25.266
13.168
24.954
14.206
25.392
25.38
27.918
12.576
26.556
14.364
28.044
14.502
24.882
14.49
24.42
15.828
24.858
14.166
27.846
14.154
24.984
14.152
27.372
12.64
25.26
14.578
24.948
14.716
28.086
14.704
27.024
14.842
25.662
13.03
26.85
13.168
23.988
13.006
24.126
27.114
24.402
12.576
24.24
12.714
27.378
14.202
24.666
14.34
27.654
14.478
27.342
12.576
26.88
27.468
14.152
23.706
14.152
26.694
14.29
23.532
14.278
26.52
14.416
26.958
12.754
24.096
14.392
26.784
12.88
24.222
14.818
26.16
16.156
27.798
14.794
26.436
13.432
27.624
12.97
24.312
14.158
27.15
24.738
14.29
27.576
27.414
12.576
26.802
14.364
24.84
14.352
27.978
12.576
24.816
14.364
26.604
12.852
24.942
14.64
27.78
14.778
25.218
14.616
25.356
14.754
25.344
13.392
28.182
15.18
25.47
15.318
25.908
15.306
25.746
15.144
29.184
15.282
26.472
14.82
26.31
14.958
25.998
13.146
25.986
14.484
28.824
13.422
28.662
15.36
26.1
13.848
28.188
15.486
26.376
15.324
26.214
13.812
26.202
13.95
25.44
13.338
29.028
14.226
25.866
14.364
28.554
14.152
25.992
12.64
28.83
14.428
25.968
14.266
25.506
14.404
25.344
14.542
25.782
26.97
14.578
27.858
14.152
27.996
14.74
25.134
14.578
27.672
14.566
25.11
14.404
28.548
15.44
27.486
14.828
25.374
14.216
27.762
15.104
26.85
16.142
28.188
14.48
24.726
15.518
25.164
14.906
28.152
16.394
28.89
13.682
24.678
15.62
24.666
15.758
24.054
16.796
27.342
15.734
26.13
16.322
27.018
16.76
24.006
15.848
27.144
15.836
24.432
15.824
27.42
14.462
23.958
14.3
24.696
17.438
26.784
15.476
27.522
15.014
27.96
15.002
24.798
13.49
27.036
15.428
25.074
17.066
27.762
15.854
25.5
14.042
25.188
14.03
29.076
15.818
25.314
15.956
25.902
15.644
28.89
15.782
28.128
15.92
24.816
14.108
24.354
15.896
26.592
17.384
24.48
16.172
23.118
16.16
26.706
13.598
23.394
15.236
24.282
15.074
24.12
15.212
27.108
15.2
26.196
13.538
23.484
14.726
23.322
14.864
23.31
14.702
22.998
14.84
23.136
13.478
25.524
16.616
22.662
15.404
24.9
14.042
26.088
16.73
23.376
15.818
23.214
14.156
26.802
16.094
26.64
15.932
27.078
15.92
25.566
14.108
23.154
15.446
22.692
15.584
25.53
15.722
22.368
15.41
25.356
13.748
23.394
15.236
23.382
15.074
26.82
14.012
24.108
15.8
23.496
15.638
23.934
14.126
23.772
15.914
26.16
13.802
24.198
15.59
24.036
15.578
26.424
13.766
24.162
15.104
24.6
13.742
24.138
15.23
23.826
15.218
26.964
13.856
22.902
15.644
23.04
16.532
22.578
15.17
26.016
15.308
24.804
15.446
24.642
12.884
25.23
22.668
12.714
22.206
14.202
22.644
12.84
22.632
14.478
24.87
13.266
25.308
25.296
12.576
24.834
14.44
24.822
12.628
22.11
14.866
24.348
14.404
22.086
14.542
22.224
14.53
22.212
14.968
25.05
13.006
25.038
14.794
24.876
16.282
22.014
13.57
24.402
13.708
22.44
14.896
25.728
14.884
26.166
14.422
23.154
14.41
23.142
14.548
22.68
14.536
25.818
14.524
23.106
14.962
22.944
14.8
23.082
14.788
23.22
13.426
26.358
15.214
23.646
13.852
23.484
13.99
23.622
13.528
23.61
15.016
24.048
13.804
25.836
14.992
25.974
13.33
25.512
15.418
25.65
13.456
23.238
13.594
25.326
14.932
22.164
13.12
25.302
14.758
25.74
14.596
22.878
12.934
25.866
14.722
23.004
13.21
26.592
14.998
22.83
14.986
24.918
14.974
25.356
16.462
24.594
16.6
22.332
13.738
25.32
15.826
22.158
15.364
25.296
14.452
22.284
13.09
22.722
16.078
22.41
15.016
25.398
15.154
25.236
15.292
21.924
15.28
21.912
15.718
25.2
15.706
22.038
15.694
25.176
15.232
22.164
15.82
22.302
15.508
25.14
15.496
22.578
13.834
26.016
15.172
26.454
15.31
25.242
15.448
22.53
13.786
24.768
15.874
22.506
13.912
25.644
17.2
22.482
16.288
22.47
16.126
22.008
16.264
22.146
16.252
21.684
14.59
22.422
16.678
24.51
16.816
21.198
15.154
23.886
16.342
20.724
16.48
24.012
14.968
21.6
16.906
21.288
16.744
21.276
16.582
21.264
15.97
23.802
15.508
21.09
15.646
21.228
14.134
23.916
16.072
23.154
16.21
20.292
16.198
20.73
15.886
20.418
15.874
20.856
16.012
20.394
14.5
20.082
17.338
23.37
14.626
23.208
16.114
20.496
16.252
19.884
14.59
20.022
16.378
21.51
17.566
19.398
16.504
21.786
17.992
19.374
16.33
19.062
16.468
22.5
14.206
19.338
15.844
22.626
14.482
22.464
15.37
19.302
13.858
22.29
15.496
19.428
15.484
22.266
13.522
21.504
15.31
20.892
15.448
18.03
14.836
18.168
13.474
20.706
14.662
20.694
15.44
18.882
18.57
12.576
21.708
15.564
21.246
12.702
20.934
14.64
18.822
14.178
21.96
14.766
19.248
12.804
22.386
15.192
22.524
12.78
22.512
14.568
21.75
14.406
19.788
14.152
23.076
12.94
20.214
14.578
20.052
14.716
23.34
12.576
22.428
14.514
20.466
20.304
12.576
22.842
14.364
20.58
12.702
21.018
12.84
20.406
14.328
20.844
14.466
20.382
14.454
23.97
14.442
21.408
24.096
21.684
21.222
12.576
21.06
14.364
21.648
14.352
21.486
12.84
21.174
14.328
24.462
14.166
21.3
14.152
24.738
15.49
20.976
14.578
20.814
14.266
20.352
14.404
20.49
14.542
23.628
14.68
20.316
15.568
20.754
15.106
24.042
15.094
20.88
14.932
23.268
15.07
21.006
12.808
23.994
14.296
23.382
14.434
23.22
15.772
24.258
14.86
21.246
14.698
21.084
12.736
24.072
14.524
22.71
14.512
21.198
14.2
21.036
23.124
14.152
21.012
14.152
23.25
12.79
23.688
14.428
23.076
14.866
21.564
23.952
14.152
23.19
12.94
20.028
20.166
20.304
20.292
19.98
14.152
19.668
14.29
19.656
14.278
23.394
14.266
23.382
12.754
20.22
14.692
23.808
14.83
23.646
14.968
20.784
15.106
20.772
14.644
24.36
14.332
23.898
15.67
20.136
14.758
23.574
14.596
23.562
14.734
20.85
13.072
20.838
15.01
20.826
13.348
20.964
15.436
23.202
15.574
21.09
13.612
24.378
15.55
21.216
15.688
24.504
15.826
21.642
15.514
21.63
15.352
24.768
15.79
24.156
15.328
21.444
13.966
24.432
15.754
23.82
15.592
20.958
15.58
24.246
14.368
21.684
16.006
24.372
16.144
21.66
14.632
24.648
16.57
24.336
16.708
21.324
16.696
23.712
16.234
21.3
15.922
21.438
15.91
20.826
15.448
24.114
15.136
21.552
15.574
23.79
16.762
24.228
15.25
21.366
15.388
21.354
15.376
23.592
16.414
21.33
14.752
21.318
13.09
20.256
14.878
19.794
12.616
22.632
15.754
19.92
14.542
19.608
12.88
19.296
19.134
14.152
22.422
14.152
22.41
14.29
19.848
14.428
22.536
13.066
20.124
14.404
19.962
13.342
22.05
14.53
20.088
14.668
20.526
14.656
22.614
13.144
20.352
14.632
23.94
21.228
21.066
20.154
20.142
19.98
14.368
22.818
14.356
20.106
14.344
23.094
12.982
22.632
14.62
22.02
14.758
22.908
13.246
22.896
13.384
23.334
14.872
19.572
13.21
20.31
13.198
23.448
15.136
22.686
14.374
22.824
23.712
20.1
14.152
23.988
14.44
22.926
12.628
20.364
20.202
14.152
21.24
12.79
23.928
14.578
23.916
14.566
21.054
21.492
14.152
23.28
23.418
21.906
20.994
14.152
24.882
14.152
21.72
13.09
24.558
14.428
24.546
13.516
22.134
13.504
24.672
13.642
22.86
13.33
22.548
14.968
22.386
12.706
22.524
12.694
24.762
25.35
14.152
22.188
12.576
23.076
14.664
22.314
13.002
22.002
14.64
25.29
16.128
24.378
13.416
22.416
16.554
22.854
15.192
24.792
13.83
22.68
14.268
23.418
12.906
22.956
12.594
22.944
12.732
22.782
25.32
12.576
22.758
26.496
14.152
23.184
26.172
21.96
14.152
25.398
24.636
22.224
25.812
14.44
22.35
24.588
22.776
15.44
22.914
26.202
14.83
26.34
14.368
26.328
13.006
26.016
14.494
26.154
14.482
26.292
23.73
26.718
14.152
23.256
14.29
23.244
12.778
23.082
14.416
22.92
14.554
25.608
12.892
23.796
14.98
25.434
15.118
23.622
15.256
27.21
15.244
23.748
13.582
24.186
15.67
26.724
15.508
24.462
15.346
24.6
15.034
27.138
14.422
24.726
14.41
25.314
14.548
24.102
12.586
26.64
24.078
14.566
25.716
12.754
23.904
14.542
24.342
14.98
26.73
12.718
24.318
14.806
24.756
14.644
28.044
15.232
25.032
14.62
25.77
14.608
27.708
14.746
25.596
15.934
25.134
14.152
25.872
12.64
28.56
12.778
28.248
25.386
14.44
25.524
14.152
27.462
14.29
24.75
27.738
12.576
25.476
14.214
24.714
14.202
28.152
14.34
28.14
27.528
25.416
14.44
28.704
14.278
28.542
12.766
25.83
15.454
28.668
28.806
14.428
25.344
14.416
26.382
14.254
25.77
14.242
26.808
14.23
26.196
14.218
26.184
28.272
14.152
26.01
14.29
25.098
14.428
26.136
14.416
28.524
14.554
27.312
14.692
25.2
28.038
14.152
27.876
12.79
27.714
14.578
24.852
14.416
27.54
14.152
25.278
25.416
12.852
28.704
14.64
25.692
14.478
25.53
12.966
25.218
14.604
27.756
12.942
25.644
14.43
27.882
13.068
29.07
14.706
25.608
14.844
28.896
13.182
26.034
14.52
28.422
14.208
26.46
12.696
25.848
14.184
26.736
14.322
29.424
12.96
29.412
14.298
29.4
12.936
26.538
14.274
26.376
26.814
26.502
14.578
29.79
26.778
14.404
29.166
14.242
26.004
29.442
26.28
14.44
28.668
14.278
26.406
14.716
26.094
13.204
29.682
14.992
25.77
13.33
28.608
14.968
26.646
14.506
29.934
14.344
26.772
14.332
30.36
12.576
29.298
14.214
29.436
12.852
26.724
14.49
26.712
14.178
25.95
15.816
29.088
14.604
26.226
14.442
28.314
16.38
26.052
14.568
28.59
14.706
30.078
13.194
29.916
15.132
30.054
14.37
26.742
12.576
27.18
15.714
29.568
26.706
29.844
26.832
14.152
27.27
12.64
30.108
14.278
30.246
12.916
27.234
14.152
27.072
12.79
27.21
12.928
30.048
12.916
29.886
14.404
27.174
14.542
26.412
16.18
29.4
29.388
26.376
14.152
26.964
14.29
29.352
12.714
26.64
14.44
29.778
14.152
29.466
14.29
28.554
12.628
27.042
14.716
30.03
26.868
14.152
30.456
12.79
30.294
12.928
27.132
14.416
29.37
13.204
29.508
13.042
29.496
14.98
26.784
14.968
29.772
13.156
26.91
14.794
30.198
14.632
29.286
14.62
29.274
12.958
29.112
14.746
26.4
26.838
29.526
14.566
26.814
14.404
26.502
13.042
30.54
14.38
26.928
14.218
27.066
14.656
30.054
12.994
27.192
14.932
27.63
14.92
30.318
14.908
27.156
15.046
30.594
14.584
28.332
14.272
27.87
12.91
31.308
14.548
30.996
14.686
30.984
13.174
30.372
15.112
28.26
14.95
27.948
15.088
31.836
13.426
28.224
14.164
30.762
28.95
30.288
14.152
28.176
15.64
28.914
14.578
31.602
14.566
28.89
14.554
31.878
12.892
29.016
14.68
30.654
15.118
28.692
13.006
30.18
14.794
28.218
14.932
27.606
13.12
27.594
15.208
30.732
16.246
28.02
13.384
30.258
15.172
31.746
13.66
30.684
16.798
31.422
13.636
30.66
13.324
28.248
13.162
31.686
14.95
31.374
14.938
28.512
14.176
28.95
15.664
28.938
14.452
30.726
29.064
14.152
28.302
14.152
29.49
12.64
29.328
15.628
31.566
14.416
28.854
14.854
31.092
14.842
28.68
13.33
28.668
16.918
28.806
15.106
28.494
14.794
31.482
16.132
28.77
14.92
30.258
14.758
27.546
14.596
27.684
13.234
27.522
15.022
30.66
14.86
27.348
13.198
30.186
13.336
29.874
15.124
28.062
15.562
27.9
14.8
31.188
30.876
30.864
28.002
14.152
28.14
14.152
28.128
14.152
30.966
14.152
31.104
12.79
27.792
12.576
27.93
14.214
27.618
14.202
31.056
14.34
28.344
14.178
31.332
12.816
28.47
12.954
28.158
12.99
28.746
14.328
28.884
14.766
28.722
12.954
31.41
30.348
28.086
14.152
31.974
12.79
28.062
14.578
27.75
15.916
27.738
12.754
29.976
14.152
30.414
14.152
27.252
14.152
30.69
27.528
27.666
14.152
27.354
27.792
14.152
30.78
12.79
30.318
14.878
28.056
14.716
27.894
13.354
31.032
14.992
28.02
13.78
27.708
15.268
31.146
15.406
28.734
14.344
28.122
12.832
27.96
14.62
28.548
14.758
28.386
15.346
29.874
14.734
28.062
14.722
31.5
28.338
14.152
28.776
12.79
28.314
28.752
28.29
14.152
28.278
14.29
30.966
31.104
28.842
28.83
12.576
28.818
14.254
29.256
15.592
29.094
14.68
31.932
16.018
32.07
14.206
29.508
14.194
28.896
32.334
12.576
28.872
15.714
31.86
14.652
28.398
14.49
30.636
14.928
31.074
28.212
15.44
28.05
14.378
31.338
14.216
28.176
12.854
31.314
15.992
29.352
14.78
28.74
14.918
28.428
15.056
31.866
15.044
28.854
15.182
30.942
15.02
31.98
14.858
28.368
14.996
32.406
14.984
29.244
14.972
32.682
14.51
31.32
14.648
31.008
13.136
29.496
16.274
30.984
15.062
28.272
13.85
28.71
13.838
30.198
15.476
28.686
15.464
31.374
15.452
28.212
15.59
28.35
15.428
31.938
14.066
29.226
17.054
28.914
15.992
32.052
15.68
28.59
15.518
30.828
16.106
29.316
15.194
32.154
15.182
29.292
15.17
32.13
15.158
29.118
15.296
31.056
15.434
29.544
13.622
32.832
15.56
29.37
13.898
32.508
15.836
32.646
15.824
29.484
16.262
32.922
15.8
29.31
14.438
31.698
15.476
29.736
14.264
32.724
15.602
30.012
13.94
32.7
14.078
29.988
14.066
32.226
15.254
30.414
13.592
29.952
15.08
33.54
12.968
30.828
15.056
33.966
14.594
33.204
14.582
30.942
13.22
31.08
15.008
30.018
13.346
30.156
15.134
33.144
16.172
32.682
15.11
29.52
15.098
29.508
15.086
32.796
15.224
30.234
15.212
30.222
15.05
33.06
15.038
30.348
13.526
30.486
14.564
30.324
16.352
30.012
12.74
33.45
33.288
14.152
29.376
14.152
31.914
14.152
29.202
29.19
12.576
29.178
14.364
28.566
29.154
14.152
31.692
31.83
14.29
28.968
12.628
31.806
14.716
29.244
12.904
28.782
14.692
31.92
13.18
29.508
15.118
32.046
14.152
29.334
12.79
28.722
12.928
28.41
14.416
31.998
15.604
28.836
14.542
30.924
13.03
28.812
14.818
31.05
13.456
29.238
16.444
32.376
13.732
31.464
16.12
28.902
17.158
31.59
15.496
29.328
16.684
29.166
16.372
31.854
14.56
31.242
16.348
32.28
15.736
29.118
17.074
28.506
16.162
32.244
15.85
29.532
15.538
31.62
15.526
31.608
14.464
30.996
14.602
28.434
14.59
28.572
14.728
28.56
28.548
14.152
31.686
16.09
28.824
14.578
28.812
16.216
31.2
13.204
28.788
15.292
31.326
15.28
28.764
13.318
29.202
15.106
31.59
13.744
31.578
15.232
28.866
13.12
31.254
14.908
28.992
14.746
28.83
13.534
29.718
15.172
32.706
13.96
32.394
15.598
29.382
14.236
32.67
15.724
29.358
15.862
32.496
15.7
32.484
13.738
29.772
15.076
32.46
14.764
32.298
14.752
28.986
14.74
29.124
14.878
31.062
13.516
32.4
16.654
31.488
14.992
32.226
13.48
29.214
15.268
32.952
15.406
28.89
15.544
28.878
13.132
27.966
14.47
28.104
14.608
31.242
14.746
28.08
14.734
28.068
14.722
27.906
14.56
30.294
14.998
30.732
14.386
29.82
14.224
27.558
12.712
27.996
31.284
14.152
28.272
14.152
28.41
14.29
31.098
14.878
30.636
14.566
28.674
31.662
12.576
28.8
12.576
32.088
14.364
28.776
13.002
28.914
15.99
28.452
14.778
28.59
16.266
32.178
13.554
28.116
15.192
31.254
15.33
28.542
16.368
30.63
12.756
31.818
14.394
31.956
13.182
31.194
14.67
28.332
14.808
28.47
14.946
29.358
13.134
27.246
15.222
30.534
14.76
27.672
14.898
27.81
13.086
29.598
14.874
30.786
12.576
30.324
14.364
27.462
27.6
30.738
28.026
14.152
27.864
14.152
30.852
12.64
29.79
15.478
27.828
14.566
30.966
14.254
30.204
16.192
27.792
14.53
30.93
14.518
28.518
12.576
28.506
14.364
28.194
28.932
12.714
28.47
14.152
28.608
32.046
14.44
28.884
14.278
29.322
12.766
32.16
12.754
29.298
14.542
29.886
14.68
31.224
14.518
28.512
12.856
28.65
14.644
28.788
14.182
28.176
12.82
31.464
28.152
14.152
27.69
14.29
28.278
12.928
31.266
14.152
28.254
14.29
31.542
12.628
30.63
14.716
31.368
14.704
28.206
14.542
27.294
12.58
30.432
14.218
27.57
14.206
30.408
12.844
30.546
12.682
27.384
14.47
30.822
15.958
27.51
14.446
28.098
30.786
15.44
27.924
14.678
31.212
12.716
28.35
14.504
28.188
13.142
30.276
13.13
31.464
15.968
28.302
14.906
31.29
15.044
28.428
15.182
32.166
13.37
29.154
15.008
32.142
12.896
31.53
14.684
29.118
15.272
28.956
13.31
28.494
14.648
28.482
14.786
31.62
14.774
28.908
12.662
31.446
14.45
28.884
14.588
28.722
14.276
32.01
14.152
28.548
31.686
14.152
28.974
12.79
32.112
14.878
32.1
14.866
29.388
13.504
32.376
14.992
29.214
13.93
32.502
13.918
29.34
13.756
29.778
15.394
29.766
15.832
32.604
15.22
29.442
15.058
32.13
13.096
29.118
14.584
28.656
12.922
32.394
15.76
31.632
14.998
29.22
15.136
29.208
14.674
31.896
14.662
29.184
13.45
29.322
15.088
32.46
15.076
29.298
15.214
29.136
13.402
32.274
13.54
29.562
13.678
32.25
15.016
29.238
15.154
29.676
14.242
29.364
16.18
32.052
14.518
28.89
14.506
28.428
14.494
28.566
14.182
28.104
12.67
28.842
12.658
31.53
14.152
28.668
14.29
31.806
14.278
28.644
14.44
32.232
31.92
14.152
30.558
28.446
12.576
30.534
28.422
28.26
15.44
30.498
14.378
28.086
30.924
12.576
30.912
28.8
14.416
28.638
29.076
14.578
31.314
14.152
29.352
32.04
14.842
28.578
14.23
32.016
14.218
28.104
14.356
30.342
14.152
27.78
12.576
27.918
14.364
28.056
16.002
26.994
14.34
30.432
30.42
27.258
14.152
30.846
12.79
30.684
14.152
30.822
14.29
27.51
14.428
27.648
14.416
27.786
14.404
30.774
12.892
30.012
27.15
30.438
14.152
30.576
12.64
27.714
14.428
30.552
14.152
27.39
27.828
14.152
27.816
29.754
15.44
28.242
14.378
28.08
14.152
31.218
12.79
28.206
14.878
31.494
14.866
28.182
14.854
28.77
14.842
28.158
12.88
31.596
14.218
28.884
14.206
32.022
29.16
32.298
12.714
29.436
14.352
29.424
14.49
29.262
14.178
29.25
14.166
29.238
12.954
31.026
12.576
29.514
14.214
29.652
13.002
29.49
31.128
13.128
29.916
32.454
30.192
32.73
14.152
30.318
14.29
29.706
14.278
29.394
14.152
30.132
14.29
32.52
12.778
30.558
14.266
29.346
14.404
29.784
14.242
32.472
12.88
29.76
14.668
30.198
14.656
29.736
14.644
31.824
15.982
30.462
12.82
32.1
14.458
32.988
12.796
29.376
14.584
33.114
14.272
32.652
29.94
14.152
30.378
14.44
32.466
14.152
30.504
15.64
30.942
30.78
33.018
14.152
30.456
14.152
33.294
14.152
30.582
15.79
33.27
12.778
33.708
30.846
14.152
30.084
14.29
30.072
30.21
32.448
14.152
30.336
15.64
33.924
14.578
33.762
13.066
30.6
14.854
32.688
14.392
30.876
14.23
33.864
14.368
31.002
30.39
14.152
33.228
14.152
31.266
14.29
33.654
12.778
33.492
14.416
30.63
15.904
30.468
14.692
33.606
13.48
33.744
15.718
30.732
15.706
30.72
15.094
33.708
15.232
33.546
14.62
30.384
15.058
33.822
16.396
33.21
14.884
34.098
14.872
30.636
15.61
34.524
15.298
33.762
15.436
31.35
13.924
34.638
15.412
34.326
16
31.014
14.188
34.302
15.826
33.39
15.664
31.278
15.502
35.016
15.19
31.254
13.678
34.692
15.616
30.93
13.804
34.368
15.742
34.056
13.63
30.894
12.868
33.282
13.006
30.72
13.144
33.108
12.682
34.296
14.47
34.284
31.272
12.576
33.51
31.548
14.152
34.686
12.99
34.524
14.328
31.662
14.466
32.1
14.454
31.488
12.642
31.476
14.28
31.914
14.152
34.902
14.152
31.59
14.29
35.028
14.428
32.016
14.152
35.154
14.29
32.292
35.28
14.152
31.968
35.106
14.152
35.244
32.532
14.152
32.97
12.94
35.958
14.44
33.096
12.778
33.234
14.416
35.772
12.604
33.06
16.192
33.048
14.23
35.586
14.368
35.574
32.412
32.55
14.152
32.688
12.576
34.476
14.364
32.364
14.352
35.802
14.19
34.89
12.678
32.628
14.466
31.716
14.604
31.254
12.792
31.092
14.58
31.98
14.568
34.818
14.556
32.106
31.344
14.152
34.782
32.07
34.908
34.296
14.152
31.434
12.79
31.872
15.028
31.56
14.716
34.248
14.152
31.536
33.624
14.44
31.812
33.75
31.638
14.704
32.226
14.152
32.064
14.29
34.302
14.428
32.49
14.266
35.778
14.404
35.316
14.242
32.904
12.88
35.442
14.668
32.88
13.306
35.718
14.794
33.306
14.932
35.544
13.42
32.832
15.058
36.27
13.396
34.308
14.152
35.646
12.64
34.434
14.578
32.172
13.066
32.16
15.004
31.998
14.692
32.136
16.33
34.374
15.118
32.262
32.85
14.152
35.838
12.79
35.976
14.578
32.964
13.216
35.952
14.854
33.24
13.492
36.228
15.13
33.066
15.268
33.804
14.506
33.492
14.494
34.08
14.482
33.768
12.97
33.306
14.758
32.994
14.746
36.432
13.234
32.37
14.872
35.058
16.06
33.096
14.998
32.934
14.836
35.772
14.824
33.06
16.162
33.498
14.8
36.336
14.152
33.624
35.712
33.75
14.44
33.738
14.152
36.876
34.014
14.404
37.302
14.242
37.14
14.38
34.578
13.018
34.416
14.806
34.404
14.944
34.092
12.982
34.23
14.32
34.368
12.958
33.456
14.44
35.994
14.428
33.282
12.916
32.82
14.704
36.258
13.192
35.196
15.13
33.384
14.818
36.372
13.456
36.36
15.244
33.348
15.382
36.186
13.42
33.174
14.758
37.062
13.546
33.9
15.484
37.188
15.172
33.876
16.81
37.014
15.598
36.402
15.586
37.29
15.574
33.978
15.262
34.716
14.8
37.854
14.938
36.942
15.076
37.98
15.064
34.818
16.252
34.956
15.34
34.944
13.528
37.182
15.466
34.62
13.354
34.758
15.292
34.596
14.98
37.734
13.468
35.022
15.706
35.16
16.744
34.698
15.532
38.436
15.67
35.424
15.058
35.112
15.046
34.2
15.184
34.638
15.022
37.026
15.16
33.264
15.298
33.852
13.636
36.54
15.724
36.378
15.712
33.816
15.55
36.804
15.688
33.192
15.526
36.18
15.514
33.318
15.502
34.956
15.19
33.294
15.328
36.282
13.816
33.42
15.304
35.658
13.492
34.896
15.13
33.534
13.768
35.922
15.406
33.96
13.894
33.648
13.732
35.286
13.57
33.324
15.358
36.762
15.196
36.6
16.684
33.588
13.672
36.426
15.16
34.014
14.998
38.052
15.136
37.14
13.774
36.678
15.562
36.066
14.2
33.504
15.838
36.342
14.626
36.48
16.114
36.618
14.752
36.156
16.54
33.594
14.728
36.582
15.766
33.57
15.754
36.858
15.742
33.696
15.13
36.684
14.968
36.072
16.306
35.91
15.244
31.998
14.032
32.136
13.57
34.074
15.208
35.112
15.046
32.55
13.684
35.088
15.322
32.826
16.96
35.964
15.748
33.102
14.236
33.24
16.024
36.078
15.862
33.366
14.2
33.354
14.338
36.342
16.126
35.58
36.618
12.576
33.606
14.364
34.044
14.502
33.282
14.64
34.92
14.628
32.958
32.796
14.416
33.234
32.922
14.152
35.76
33.348
14.152
33.336
12.79
33.024
15.44
36.012
32.7
33.138
32.676
32.664
15.44
32.652
14.378
33.39
14.966
35.028
14.654
32.616
14.792
33.354
13.13
33.342
14.618
36.33
14.306
35.718
12.644
33.906
14.732
35.994
15.62
33.882
14.558
33.57
16.046
34.008
15.284
33.396
14.672
32.334
14.81
32.472
14.648
32.61
16.136
32.148
14.774
35.286
14.762
32.124
14.45
34.812
12.576
31.8
14.664
32.388
14.652
32.526
14.49
31.914
14.628
35.052
12.816
32.19
15.054
33.078
14.892
30.966
13.38
33.804
14.868
30.792
13.506
33.33
13.044
32.868
15.132
30.906
13.02
34.044
31.032
14.44
31.47
14.428
34.758
13.066
31.746
12.904
35.034
14.392
32.172
14.38
31.86
31.998
34.386
14.44
32.274
14.278
35.412
14.416
32.55
14.404
32.088
14.152
32.976
14.152
32.064
14.89
35.952
35.19
34.728
14.578
32.616
35.004
31.992
14.278
32.13
14.266
34.668
14.152
32.256
14.152
35.094
15.79
32.682
14.428
32.82
12.916
35.658
13.054
33.096
15.742
35.634
14.53
32.922
14.518
33.51
15.856
36.198
12.994
36.186
13.132
33.474
14.77
33.912
14.908
36.75
14.746
34.038
13.684
36.876
15.172
34.014
13.51
36.702
15.598
33.99
13.786
33.528
16.024
33.516
15.712
33.954
15.55
36.492
13.138
33.78
14.776
33.618
14.914
36.156
14.902
33.444
15.04
34.182
15.178
33.87
15.016
33.858
16.204
33.996
15.142
33.534
15.13
36.072
15.268
34.26
15.406
33.348
15.544
36.186
13.732
33.624
15.52
33.612
15.658
33.6
15.646
33.588
15.784
36.576
15.922
35.814
15.76
33.252
14.998
33.69
15.136
36.528
13.174
33.366
15.262
36.054
15.1
33.792
15.238
33.78
15.376
33.618
14.014
36.156
15.802
33.744
15.64
37.032
15.028
33.87
15.466
37.158
15.304
33.846
13.942
37.134
15.73
33.972
15.568
36.51
14.356
33.648
15.994
34.236
14.332
36.774
13.57
33.312
15.208
34.2
14.746
34.188
14.734
34.326
13.372
36.414
15.46
34.452
15.448
37.29
15.286
36.228
14.674
33.966
14.362
36.954
15.85
34.242
33.93
34.068
14.44
37.506
14.578
34.344
14.266
37.032
14.254
34.02
14.392
37.308
14.152
37.446
15.49
34.434
34.572
12.714
37.11
15.552
37.248
12.99
36.636
14.628
33.924
14.766
37.062
13.104
34.2
15.192
33.888
16.38
34.476
15.618
33.114
13.956
36.402
15.444
36.39
14.382
33.228
15.72
35.466
16.908
36.654
15.846
33.192
13.584
33.63
15.072
33.168
13.86
33.906
13.698
36.144
14.886
32.982
14.574
36.12
14.712
32.808
13.2
32.496
14.388
34.584
14.526
32.622
12.576
33.06
12.576
34.548
35.586
32.874
14.44
34.662
12.628
33
36.138
36.126
14.152
32.664
15.49
34.752
14.428
32.49
14.566
34.878
15.904
32.916
14.692
32.604
14.68
33.192
14.818
32.73
14.806
34.818
14.944
32.556
15.082
36.444
14.62
35.232
14.758
35.07
14.446
32.808
13.234
32.796
14.872
34.734
16.21
33.072
35.91
12.576
33.498
14.514
33.636
14.502
33.324
14.19
36.162
14.178
33.3
12.666
32.688
14.604
32.826
14.152
34.464
12.64
32.202
14.428
35.49
12.916
32.478
14.704
35.466
13.342
35.454
14.68
32.742
14.668
35.88
15.106
33.168
12.994
36.006
15.082
32.844
14.92
35.532
14.908
32.52
14.896
35.808
14.884
35.496
13.372
35.484
14.56
32.322
14.998
32.46
14.986
32.148
14.824
32.586
14.512
35.574
32.562
14.152
35.25
14.29
34.488
12.678
35.376
32.214
32.802
14.152
35.79
34.878
14.152
32.766
14.59
35.304
14.152
33.192
14.29
36.48
33.468
33.456
33.294
36.432
33.57
36.108
33.996
36.384
33.522
33.96
35.748
36.786
36.474
33.762
36
33.888
32.526
35.214
33.252
36.39
32.778
32.916
33.054
35.442
33.48
36.168
33.306
36.444
33.282
33.27
36.408
33.396
36.384
33.522
36.21
37.398
33.786
36.924
33.762
36.75
36.888
34.026
33.414
36.552
33.69
36.078
36.966
34.254
33.192
33.33
34.668
32.856
33.294
35.232
32.67
36.258
33.096
35.034
33.222
33.81
36.198
35.286
35.724
36.162
36
35.388
35.376
35.514
35.502
35.64
35.178
35.616
