32.456
32.544
32.632
32.72
32.808
32.896
32.984
33.072
33.16
33.248
33.336
33.424
33.512
33.6
33.688
33.776
33.864
33.952
34.04
34.128
34.216
34.304
34.392
34.48
34.568
34.656
34.744
34.832
34.92
35.008
35.096
35.184
35.272
35.36
35.448
35.536
35.624
35.712
35.8
35.888
35.976
36.064
36.152
36.24
36.328
36.416
36.504
36.592
36.68
36.768
36.856
36.944
37.032
37.12
37.208
37.296
37.384
37.472
37.56
37.648
37.736
37.824
37.912
38
38.088
38.176
38.264
38.352
38.44
38.528
38.616
38.704
38.792
38.88
38.968
39.056
39.144
39.232
39.32
39.408
39.496
39.584
39.672
39.76
39.848
39.936
40.024
40.112
40.2
40.288
40.376
40.464
40.552
40.64
40.728
40.816
40.904
40.992
41.08
41.168
41.256
41.344
41.432
41.52
41.608
41.696
41.784
41.872
41.96
42.048
42.136
42.224
42.312
42.4
42.488
42.576
42.664
42.752
42.84
42.928
43.016
43.104
43.192
43.28
43.368
43.456
43.544
43.632
43.72
43.808
43.896
43.984
44.072
44.16
44.248
44.336
44.424
44.512
44.6
44.688
44.776
44.864
44.952
45.04
45.128
45.216
45.304
45.392
45.48
45.568
45.656
45.744
45.832
45.92
46.008
46.096
46.184
46.272
46.36
46.448
46.536
46.624
46.712
46.8
46.888
46.976
47.064
47.152
47.24
47.328
47.416
47.504
47.592
47.68
47.768
47.856
47.944
48.032
48.12
48.208
48.296
48.384
48.472
48.56
48.648
48.736
48.824
48.912
49
49.088
49.176
49.264
49.352
49.44
49.528
49.616
49.704
49.792
49.88
49.968
50.056
50.144
50.232
50.32
50.408
50.496
50.584
50.672
50.76
50.848
50.936
51.024
51.112
51.2
51.288
51.376
51.464
51.552
51.64
51.728
51.816
51.904
51.992
52.08
52.168
52.256
52.344
52.432
52.52
52.608
52.696
52.784
52.872
52.96
53.048
53.136
53.224
53.312
53.4
53.488
53.576
53.664
53.752
53.84
53.928
54.016
54.104
54.192
54.28
54.368
54.456
54.544
54.632
54.72
54.808
54.896
54.984
55.072
55.16
55.248
55.336
55.424
55.512
55.6
55.688
55.776
55.864
55.952
56.04
56.128
56.216
56.304
56.392
56.48
56.568
56.656
56.744
56.832
56.92
57.008
57.096
57.184
57.272
57.36
57.448
57.536
57.624
57.712
57.8
57.888
57.976
58.064
58.152
58.24
58.328
58.416
58.504
58.592
58.68
58.768
58.856
58.944
59.032
59.12
59.208
59.296
59.384
59.472
59.56
59.648
59.736
59.824
59.912
60
60.088
60.176
60.264
60.352
60.44
60.528
60.616
60.704
60.792
60.88
60.968
61.056
61.144
61.232
61.32
61.408
61.496
61.584
61.672
61.76
61.848
61.936
62.024
62.112
62.2
62.288
62.376
62.464
62.552
62.64
62.728
62.816
62.904
62.992
63.08
63.168
63.256
63.344
63.432
63.52
63.608
63.696
63.784
63.872
63.96
64.048
64.136
64.224
64.312
64.4
64.488
64.576
64.664
64.752
64.84
64.928
65.016
65.104
65.192
65.28
65.368
65.456
65.544
65.632
65.72
65.808
65.896
65.984
66.072
66.16
66.248
66.336
66.424
66.512
66.6
66.688
66.776
66.864
66.952
67.04
67.128
67.216
67.304
67.392
67.48
67.568
67.656
67.744
67.832
67.92
68.008
68.096
68.184
68.272
68.36
68.448
68.536
68.624
68.712
68.8
68.888
68.976
69.064
69.152
69.24
69.328
69.416
69.504
69.592
69.68
69.768
69.856
69.944
70.032
70.12
70.208
70.296
70.384
70.472
70.56
70.648
70.736
70.824
70.912
71
71.088
71.176
71.264
71.352
71.44
71.528
71.616
71.704
71.792
71.88
71.968
72.056
72.144
72.232
72.32
72.408
72.496
72.584
72.672
72.76
72.848
72.936
73.024
73.112
73.2
73.288
73.376
73.464
73.552
73.64
73.728
73.816
73.904
73.992
74.08
74.168
74.256
74.344
74.432
74.52
74.608
74.696
74.784
74.872
74.96
75.048
75.136
75.224
75.312
75.4
75.488
75.576
75.664
75.752
75.84
75.928
76.016
76.104
76.192
76.28
76.368
76.456
76.544
76.632
76.72
76.808
76.896
76.984
77.072
77.16
77.248
77.336
77.424
77.512
77.6
77.688
77.776
77.864
77.952
78.04
78.128
78.216
78.304
78.392
78.48
78.568
78.656
78.744
78.832
78.92
79.008
79.096
79.184
79.272
79.36
79.448
79.536
79.624
79.712
79.8
79.888
79.976
80.064
80.152
80.24
80.328
80.416
80.504
80.592
80.68
80.768
80.656
80.744
80.832
80.72
80.808
80.696
80.784
80.672
80.76
80.648
80.736
80.824
80.712
80.8
80.688
80.776
80.664
80.752
80.64
80.728
80.816
80.704
80.792
80.68
80.768
80.656
80.744
80.832
80.72
80.808
80.696
80.784
80.672
80.76
80.648
80.736
80.824
80.712
80.8
80.688
80.776
80.664
80.752
80.64
80.728
80.816
80.704
80.792
80.68
80.768
80.656
80.744
80.832
80.72
80.808
80.696
80.784
80.672
80.76
80.648
80.736
80.824
80.712
80.8
80.688
80.776
80.664
80.752
80.64
80.728
80.816
80.704
80.792
80.68
80.768
80.656
80.744
80.832
80.72
80.808
80.696
80.784
80.672
80.76
80.648
80.736
80.824
80.712
80.8
80.688
80.776
80.664
80.752
80.64
80.728
80.816
80.704
80.792
80.68
80.768
80.656
80.744
80.832
80.72
80.808
80.696
80.784
80.672
80.76
80.648
80.736
80.824
80.712
80.8
80.688
80.776
80.664
80.752
80.64
80.728
80.816
80.704
80.792
80.68
80.768
80.656
80.744
80.832
80.72
80.808
80.696
80.784
80.672
80.76
80.648
80.736
80.824
80.712
80.8
80.688
80.776
80.664
80.752
80.64
80.728
80.816
80.704
80.792
80.68
80.768
80.656
80.744
80.832
80.72
80.808
80.696
80.784
80.672
80.76
80.648
80.736
80.824
80.712
80.8
80.688
80.776
80.664
80.752
80.64
80.728
80.816
80.704
80.792
80.68
80.768
80.656
80.744
80.832
80.72
80.808
80.696
80.784
80.672
80.76
80.648
80.736
80.824
80.712
80.8
80.688
80.776
80.664
80.752
80.64
80.728
80.816
80.704
80.792
80.68
80.768
80.656
80.744
80.832
80.72
80.808
80.696
80.784
80.672
80.76
80.648
80.736
80.824
80.712
80.8
80.688
80.776
80.664
80.752
80.64
80.728
80.816
80.704
80.792
80.68
80.768
80.656
80.744
80.832
80.72
80.808
80.696
80.784
80.672
80.76
80.648
80.736
80.824
80.712
80.8
80.688
80.776
80.664
80.752
80.64
80.728
80.816
80.704
80.792
80.68
80.768
80.656
80.744
80.832
80.72
80.808
80.696
80.784
80.672
80.76
80.648
80.736
80.824
80.712
80.8
80.688
80.776
80.664
80.752
80.64
80.728
80.816
80.704
80.792
80.68
80.768
80.656
80.744
80.832
80.72
80.808
80.696
80.784
80.672
80.76
80.648
80.736
80.824
80.712
80.8
80.688
80.776
80.664
80.752
80.64
80.728
80.816
80.704
80.792
80.68
80.768
80.656
80.744
80.832
80.72
80.808
80.696
80.784
80.672
80.76
80.648
80.736
80.824
80.712
80.8
80.688
80.776
80.664
80.752
80.64
80.728
80.816
80.704
80.792
80.68
80.768
80.656
80.744
80.832
80.72
80.808
80.696
80.784
80.672
80.76
80.648
80.736
80.824
80.712
80.8
80.688
80.776
80.664
80.752
80.64
80.728
80.816
80.704
80.792
80.68
80.768
80.656
80.744
80.832
80.72
80.808
80.696
80.784
80.672
80.76
80.648
80.736
80.824
80.712
80.8
80.688
80.776
80.664
80.752
80.64
80.728
80.816
80.704
80.792
80.68
80.768
80.656
80.744
80.832
80.72
80.808
80.696
80.784
80.672
80.76
80.648
80.736
80.824
80.712
80.8
80.688
80.776
80.664
80.752
80.64
80.728
80.816
80.704
80.792
80.68
80.768
80.656
80.744
80.832
80.72
80.808
80.696
80.784
80.672
80.76
80.648
80.736
80.824
80.712
80.8
80.688
80.776
80.664
80.752
80.64
80.728
80.816
80.704
80.792
80.68
80.768
80.656
80.744
80.832
80.72
80.808
80.696
80.784
80.672
80.76
80.648
80.736
80.824
80.712
80.8
80.688
80.776
80.664
80.752
80.64
80.728
80.816
80.704
80.792
80.68
80.768
80.656
80.744
80.832
80.72
80.808
80.696
80.784
80.672
80.76
80.648
80.736
80.824
80.712
80.8
80.688
80.776
80.664
80.752
80.64
80.728
80.816
80.704
80.792
80.68
80.768
80.656
80.744
80.832
80.72
80.808
80.696
80.784
80.672
80.76
80.648
80.736
80.824
80.712
80.8
80.688
80.776
80.664
80.752
80.64
80.728
80.816
80.704
80.792
80.68
80.768
80.656
80.744
80.832
80.72
80.808
80.696
80.784
80.672
80.76
80.648
80.736
80.824
80.712
80.8
80.688
80.776
80.664
80.752
80.64
80.728
80.816
80.704
80.792
80.68
80.768
80.656
80.744
80.832
80.72
80.808
80.696
80.784
80.672
80.76
80.648
80.736
80.824
80.712
80.8
80.688
80.776
80.664
80.752
80.64
80.728
80.816
80.704
80.792
80.68
80.768
80.656
80.744
80.832
80.72
80.808
80.696
80.784
80.672
80.76
80.648
80.736
80.824
80.712
80.8
80.688
80.776
80.664
80.752
80.64
80.728
80.816
80.704
80.792
80.68
80.768
80.656
80.744
80.832
80.72
80.808
80.696
80.784
80.672
80.76
80.648
80.736
80.824
80.712
80.8
80.688
80.776
80.664
80.752
80.64
80.728
80.816
80.704
80.792
80.68
80.768
80.656
80.744
80.832
80.72
80.808
80.696
80.784
80.672
80.76
80.648
80.736
80.824
80.712
80.8
80.688
80.776
80.664
80.752
80.64
80.728
80.816
80.704
80.792
80.68
80.768
80.656
80.744
80.832
80.72
80.808
80.696
80.784
80.672
80.76
80.648
80.736
80.824
80.712
80.8
80.688
80.776
80.664
80.752
80.64
80.728
80.816
80.704
80.792
80.68
80.768
80.656
80.744
80.832
80.72
80.808
80.696
80.784
80.672
80.76
80.648
80.736
80.824
80.712
80.8
80.688
80.776
80.664
80.752
80.64
80.728
80.816
80.704
80.792
80.68
80.768
80.656
80.744
80.832
80.72
80.808
80.696
80.784
80.672
80.76
80.648
80.736
80.824
80.712
80.8
80.688
80.776
80.664
80.752
80.64
80.728
80.816
80.704
80.792
80.68
80.768
80.656
80.744
80.832
80.72
80.808
80.696
80.784
80.672
80.76
80.648
80.736
80.824
80.712
80.8
80.688
80.776
80.664
80.752
80.64
80.728
80.816
80.704
80.792
80.68
80.768
80.656
80.744
80.832
80.72
80.808
80.696
80.784
80.672
80.76
80.648
80.736
80.824
80.712
80.8
80.688
80.776
80.664
80.752
80.64
80.728
80.816
80.704
80.792
80.68
80.768
80.656
80.744
80.832
80.72
80.808
80.696
80.784
80.672
80.76
80.648
80.736
80.824
80.712
80.8
80.688
80.776
80.664
80.752
80.64
80.728
80.816
80.704
80.792
80.68
80.768
80.656
80.744
80.832
80.72
80.808
80.696
80.784
80.672
80.76
80.648
80.736
80.824
80.712
80.8
80.688
80.776
80.664
80.752
80.64
80.728
80.816
80.704
80.792
80.68
80.768
80.656
80.744
80.832
80.72
80.808
80.696
80.784
80.672
80.76
80.648
80.736
80.824
80.712
80.8
80.688
80.776
80.664
80.752
80.64
80.728
80.816
80.704
80.792
80.68
80.768
80.656
80.744
80.832
80.72
80.808
80.696
80.784
80.672
80.76
80.648
80.736
80.824
80.712
80.8
80.688
80.776
80.664
80.752
80.64
80.728
80.816
80.704
80.792
80.68
80.768
80.656
80.744
80.832
80.72
80.808
80.696
80.784
80.672
80.76
80.648
80.736
80.824
80.712
80.8
80.688
80.776
80.664
80.752
80.64
80.728
80.816
80.704
80.792
80.68
80.768
80.656
80.744
80.832
80.72
80.808
80.696
80.784
80.672
80.76
80.648
80.736
80.824
80.712
80.8
80.688
80.776
80.664
80.752
80.64
80.728
80.816
80.704
80.792
80.68
80.768
80.656
80.744
80.832
80.72
80.808
80.696
80.784
80.672
80.76
80.648
80.736
80.824
80.712
80.8
80.688
80.776
80.664
80.752
80.64
80.728
80.816
80.704
80.792
80.68
80.768
80.656
80.744
80.832
80.72
80.808
80.696
80.784
80.672
80.76
80.648
80.736
80.824
80.712
80.8
80.688
80.776
80.664
80.752
80.64
80.728
80.816
80.704
80.792
80.68
80.768
80.656
80.744
80.832
80.72
80.808
80.696
80.784
80.672
80.76
80.648
80.736
80.824
80.712
80.8
80.688
80.776
80.664
80.752
80.64
80.728
80.816
80.704
80.792
80.68
80.768
80.656
80.744
80.832
80.72
80.808
80.696
80.784
80.672
80.76
80.648
80.736
80.824
80.712
80.8
80.688
80.776
80.664
80.752
80.64
80.728
80.816
80.704
80.792
80.68
80.768
80.656
80.744
80.832
80.72
80.808
80.696
80.784
80.672
80.76
80.648
80.736
80.824
80.712
80.8
80.688
80.776
80.664
80.752
80.64
80.728
80.816
80.704
80.792
80.68
80.768
80.656
80.744
80.832
80.72
80.808
80.696
80.784
80.672
80.76
80.648
80.736
80.824
80.712
80.8
80.688
80.776
80.664
80.752
80.64
80.728
80.816
80.704
80.792
80.68
80.768
80.656
80.744
80.832
80.72
80.808
80.696
80.784
80.672
80.76
80.648
80.736
80.824
80.712
80.8
80.688
80.776
80.664
80.752
80.64
80.728
80.816
80.704
80.792
80.68
80.768
80.656
80.744
80.832
80.72
80.808
80.696
80.784
80.672
80.76
80.648
80.736
80.824
80.712
80.8
80.688
80.776
80.664
80.752
80.64
80.728
80.816
80.704
80.792
80.68
80.768
80.656
80.744
80.832
80.72
80.808
80.696
80.784
80.672
80.76
80.648
80.736
80.824
80.712
80.8
80.688
80.776
80.664
80.752
80.64
80.728
80.816
80.704
80.792
80.68
80.768
80.656
80.744
80.832
80.72
80.808
80.696
80.784
80.672
80.76
80.648
80.736
80.824
80.712
80.8
80.688
80.776
80.664
80.752
80.64
80.728
80.816
80.704
80.792
80.68
80.768
80.656
80.744
80.832
80.72
80.808
80.696
80.784
80.672
80.76
80.648
80.736
80.824
80.712
80.8
80.688
80.776
80.664
80.752
80.64
80.728
80.816
80.704
80.792
80.68
80.768
80.656
80.744
80.832
80.72
80.808
80.696
80.784
80.672
80.76
80.648
80.736
80.824
80.712
80.8
80.688
80.776
80.664
80.752
80.64
80.728
80.816
80.704
80.792
80.68
80.768
80.656
80.744
80.832
80.72
80.808
80.696
80.784
80.672
80.76
80.648
80.736
80.824
80.712
80.8
80.688
80.776
80.664
80.752
80.64
80.728
80.816
80.704
80.792
80.68
80.768
80.656
80.744
80.832
80.72
80.808
80.696
80.784
80.672
80.76
80.648
80.736
80.824
80.712
80.8
80.688
80.776
80.664
80.752
80.64
80.728
80.816
80.704
80.792
80.68
80.768
80.656
80.744
80.832
80.72
80.808
80.696
80.784
80.672
80.76
80.648
80.736
80.824
80.712
80.8
80.688
80.776
80.664
80.752
80.64
80.728
80.816
80.704
80.792
80.68
80.768
80.656
80.744
80.832
80.72
80.808
80.696
80.784
80.672
80.76
80.648
80.736
80.824
80.712
80.8
80.688
80.776
80.664
80.752
80.64
80.728
80.816
80.704
80.792
80.68
80.768
80.656
80.744
80.832
80.72
80.808
80.696
80.784
80.672
80.76
80.648
80.736
80.824
80.712
80.8
80.688
80.776
80.664
80.752
80.64
80.728
80.816
80.704
80.792
80.68
80.768
80.656
80.744
80.832
80.72
80.808
80.696
80.784
80.672
80.76
80.648
80.736
80.824
80.712
80.8
80.688
80.776
80.664
80.752
80.64
80.728
80.816
80.704
80.792
80.68
80.768
80.656
80.744
80.832
80.72
80.808
80.696
80.784
80.672
80.76
80.648
80.736
80.824
80.712
80.8
80.688
80.776
80.664
80.752
80.64
80.728
80.816
80.704
80.792
80.68
80.768
80.656
80.744
80.832
80.72
80.808
80.696
80.784
80.672
80.76
80.648
80.736
80.824
80.712
80.8
80.688
80.776
80.664
80.752
80.64
80.728
80.816
80.704
80.792
80.68
80.768
80.656
80.744
80.832
80.72
80.808
80.696
80.784
80.672
80.76
80.648
80.736
80.824
80.712
80.8
80.688
80.776
80.664
80.752
80.64
80.728
80.816
80.704
80.792
80.68
80.768
80.656
80.744
80.832
80.72
80.808
80.696
80.784
80.672
80.76
80.648
80.736
80.824
80.712
80.8
80.688
80.776
80.664
80.752
80.64
80.728
80.816
80.704
80.792
80.68
80.768
80.656
80.744
80.832
80.72
80.808
80.696
80.784
80.672
80.76
80.648
80.736
80.824
80.712
80.8
80.688
80.776
80.664
80.752
80.64
80.728
80.816
80.704
80.792
80.68
80.768
80.656
80.744
80.832
80.72
80.808
80.696
80.784
80.672
80.76
80.648
80.736
80.824
80.712
80.8
80.688
80.776
80.664
80.752
80.64
80.728
80.816
80.704
80.792
80.68
80.768
80.656
80.744
80.832
80.72
80.808
80.696
80.784
80.672
80.76
80.648
80.736
80.824
80.712
80.8
80.688
80.776
80.664
80.752
80.64
80.728
80.816
80.704
80.792
80.68
80.768
80.656
80.744
80.832
80.72
80.808
80.696
80.784
80.672
80.76
80.648
80.736
80.824
80.712
80.8
80.688
80.776
80.664
80.752
80.64
80.728
80.816
80.704
80.792
80.68
80.768
80.656
80.744
80.832
80.72
80.808
80.696
80.784
80.672
80.76
80.648
80.736
80.824
80.712
80.8
80.688
80.776
80.664
80.752
80.64
80.728
80.816
80.704
80.792
80.68
80.768
80.656
80.744
80.832
80.72
80.808
80.696
80.784
80.672
80.76
80.648
80.736
80.824
80.712
80.8
80.688
80.776
80.664
80.752
80.64
80.728
80.816
80.704
80.792
80.68
80.768
80.656
80.744
80.832
80.72
80.808
80.696
80.784
80.672
80.76
80.648
80.736
80.824
80.712
80.8
80.688
80.776
80.664
80.752
80.64
80.728
80.816
80.704
80.792
80.68
80.768
80.656
80.744
80.832
80.72
80.808
80.696
80.784
80.672
80.76
80.648
80.736
80.824
80.712
80.8
80.688
80.776
80.664
80.752
80.64
80.728
80.816
80.704
80.792
80.68
80.768
80.656
80.744
80.832
80.72
80.808
80.696
80.784
80.672
80.76
80.648
80.736
80.824
80.712
80.8
80.688
80.776
80.664
80.752
80.64
80.728
80.816
80.704
80.792
80.68
80.768
80.656
80.744
80.832
80.72
80.808
80.696
80.784
80.672
80.76
80.648
80.736
80.824
80.712
80.8
80.688
80.776
80.664
80.752
80.64
80.728
80.816
80.704
80.792
80.68
80.768
80.656
80.744
80.832
80.72
80.808
80.696
80.784
80.672
80.76
80.648
80.736
80.824
80.712
80.8
80.688
80.776
80.664
80.752
80.64
80.728
80.816
80.704
80.792
80.68
80.768
80.656
80.744
80.832
80.72
80.808
80.696
80.784
80.672
80.76
80.648
80.736
80.824
80.712
80.8
80.688
80.776
80.664
80.752
80.64
80.728
80.816
80.704
80.792
80.68
80.768
80.656
80.744
80.832
80.72
80.808
80.696
80.784
80.672
80.76
80.648
80.736
80.824
80.712
80.8
80.688
80.776
80.664
80.752
80.64
80.728
80.816
80.704
80.792
80.68
80.768
80.656
80.744
80.832
80.72
80.808
80.696
80.784
80.672
80.76
80.648
80.736
80.824
80.712
80.8
80.688
80.776
80.664
80.752
80.64
80.728
80.816
80.704
80.792
80.68
80.768
80.656
80.744
80.832
80.72
80.808
80.696
80.784
80.672
80.76
80.648
80.736
80.824
80.712
80.8
80.688
80.776
80.664
80.752
80.64
80.728
80.816
80.704
80.792
80.68
80.768
80.656
80.744
80.832
80.72
80.808
80.696
80.784
80.672
80.76
80.648
80.736
80.824
80.712
80.8
80.688
80.776
80.664
80.752
80.64
80.728
80.816
80.704
80.792
80.68
80.768
80.656
80.744
80.832
80.72
80.808
80.696
80.784
80.672
80.76
80.648
80.736
80.824
80.712
80.8
80.688
80.776
80.664
80.752
80.64
80.728
80.816
80.704
80.792
80.68
80.768
80.656
80.744
80.832
80.72
80.808
80.696
80.784
80.672
80.76
80.648
80.736
80.824
80.712
80.8
80.688
80.776
80.664
80.752
80.64
80.728
80.816
80.704
80.792
80.68
80.768
80.656
80.744
80.832
80.72
80.808
80.696
80.784
80.672
80.76
80.648
80.736
80.824
80.712
80.8
80.688
80.776
80.664
80.752
80.64
80.728
80.816
80.704
80.792
80.68
80.768
80.656
80.744
80.832
80.72
80.808
80.696
80.784
80.672
80.76
80.648
80.736
80.824
80.712
80.8
80.688
80.776
80.664
80.752
80.64
80.728
80.816
80.704
80.792
80.68
80.768
80.656
80.744
80.832
80.72
80.808
80.696
80.784
80.672
80.76
80.648
80.736
80.824
80.712
80.8
80.688
80.776
80.664
80.752
80.64
80.728
80.816
80.704
80.792
80.68
80.768
80.656
80.744
80.832
80.72
80.808
80.696
80.784
80.672
80.76
80.648
80.736
80.824
80.712
80.8
80.688
80.776
80.664
80.752
80.64
80.728
80.816
80.704
80.792
80.68
80.768
80.656
80.744
80.832
80.72
80.808
80.696
80.784
80.672
80.76
80.648
80.736
80.824
80.712
80.8
80.688
80.776
80.664
80.752
80.64
80.728
80.816
80.704
80.792
80.68
80.768
80.656
80.744
80.832
80.72
80.808
80.696
80.784
80.672
80.76
80.648
80.736
80.824
80.712
80.8
80.688
80.776
80.664
80.752
80.64
80.728
80.816
80.704
80.792
80.68
80.768
80.656
80.744
80.832
80.72
80.808
80.696
80.784
80.672
80.76
80.648
80.736
80.824
80.712
80.8
80.688
80.776
80.664
80.752
80.64
80.728
80.816
80.704
80.792
80.68
80.768
80.656
80.744
80.832
80.72
80.808
80.696
80.784
80.672
80.76
80.648
80.736
80.824
80.712
80.8
80.688
80.776
80.664
80.752
80.64
80.728
80.816
80.704
80.792
80.68
80.768
80.656
80.744
80.832
80.72
80.808
80.696
80.784
80.672
80.76
80.648
80.736
80.824
80.712
80.8
80.688
80.776
80.664
80.752
80.64
80.728
80.816
80.704
80.792
80.68
80.768
80.656
80.744
80.832
80.72
80.808
80.696
80.784
80.672
80.76
80.648
80.736
80.824
80.712
80.8
80.688
80.776
80.664
80.752
80.64
80.728
80.816
80.704
80.792
80.68
80.768
80.656
80.744
80.832
80.72
80.808
80.696
80.784
80.672
80.76
80.648
80.736
80.824
80.712
80.8
80.688
80.776
80.664
80.752
80.64
80.728
80.816
80.704
80.792
80.68
80.768
80.656
80.744
80.832
80.72
80.808
80.696
80.784
80.672
80.76
80.648
80.736
80.824
80.712
80.8
80.688
80.776
80.664
80.752
80.64
80.728
80.816
80.704
80.792
80.68
80.768
80.656
80.744
80.832
80.72
80.808
80.696
80.784
80.672
80.76
80.648
80.736
80.824
80.712
80.8
80.688
80.776
80.664
80.752
80.64
80.728
80.816
80.704
80.792
80.68
80.768
80.656
80.744
80.832
80.72
80.808
80.696
80.784
80.672
80.76
80.648
80.736
80.824
80.712
80.8
80.688
80.776
80.664
80.752
80.64
80.728
80.816
80.704
80.792
80.68
80.768
80.656
80.744
80.832
80.72
80.808
80.696
80.784
80.672
80.76
80.648
80.736
80.824
80.712
80.8
80.688
80.776
80.664
80.752
80.64
80.728
80.816
80.704
80.792
80.68
80.768
80.656
80.744
80.832
80.72
80.808
80.696
80.784
80.672
80.76
80.648
80.736
80.824
80.712
80.8
80.688
80.776
80.664
80.752
80.64
80.728
80.816
80.704
80.792
80.68
80.768
80.656
80.744
80.832
80.72
80.808
80.696
80.784
80.672
80.76
80.648
80.736
80.824
80.712
80.8
80.688
80.776
80.664
80.752
80.64
80.728
80.816
80.704
80.792
80.68
80.768
80.656
80.744
80.832
80.72
80.808
80.696
80.784
80.672
80.76
80.648
80.736
80.824
80.712
80.8
80.688
80.776
80.664
80.752
80.64
80.728
80.816
80.704
80.792
80.68
80.768
80.656
80.744
80.832
80.72
80.808
80.696
80.784
80.672
80.76
80.648
80.736
80.824
80.712
80.8
80.688
80.776
80.664
80.752
80.64
80.728
80.816
80.704
80.792
80.68
80.768
80.656
80.744
80.832
80.72
80.808
80.696
80.784
80.672
80.76
80.648
80.736
80.824
80.712
80.8
80.688
80.776
80.664
80.752
80.64
80.728
80.816
80.704
80.792
80.68
80.768
80.656
80.744
80.832
80.72
80.808
80.696
80.784
80.672
80.76
80.648
80.736
80.824
80.712
80.8
80.688
80.776
80.664
80.752
80.64
80.728
80.816
80.704
80.792
80.68
80.768
80.656
80.744
80.832
80.72
80.808
80.696
80.784
80.672
80.76
80.648
80.736
80.824
80.712
80.8
80.688
80.776
80.664
80.752
80.64
80.728
80.816
80.704
80.792
80.68
80.768
80.656
80.744
80.832
80.72
80.808
80.696
80.784
80.672
80.76
80.648
80.736
80.824
80.712
80.8
80.688
80.776
80.664
80.752
80.64
80.728
80.816
80.704
80.792
80.68
80.768
80.656
80.744
80.832
80.72
80.808
80.696
80.784
80.672
80.76
80.648
80.736
80.824
80.712
80.8
80.688
80.776
80.664
80.752
80.64
80.728
80.816
80.704
80.792
80.68
80.768
80.656
80.744
80.832
80.72
80.808
80.696
80.784
80.672
80.76
80.648
80.736
80.824
80.712
80.8
80.688
80.776
80.664
80.752
80.64
80.728
80.816
80.704
80.792
80.68
80.768
80.656
80.744
80.832
80.72
80.808
80.696
80.784
80.672
80.76
80.648
80.736
80.824
80.712
80.8
80.688
80.776
80.664
80.752
80.64
80.728
80.816
80.704
80.792
80.68
80.768
80.656
80.744
80.832
80.72
80.808
80.696
80.784
80.672
80.76
80.648
80.736
80.824
80.712
80.8
80.688
80.776
80.664
80.752
80.64
80.728
80.816
80.704
80.792
80.68
80.768
80.656
80.744
80.832
80.72
80.808
80.696
80.784
80.672
80.76
80.648
80.736
80.824
80.712
80.8
80.688
80.776
80.664
80.752
80.64
80.728
80.816
80.704
80.792
80.68
80.768
80.656
80.744
80.832
80.72
80.808
80.696
80.784
80.672
80.76
80.648
80.736
80.824
80.712
80.8
80.688
80.776
80.664
80.752
80.64
80.728
80.816
80.704
80.792
80.68
80.768
80.656
80.744
80.832
80.72
80.808
80.696
80.784
80.672
80.76
80.648
80.736
80.824
80.712
80.8
80.688
80.776
80.664
80.752
80.64
80.728
80.816
80.704
80.792
80.68
80.768
80.656
80.744
80.832
80.72
80.808
80.696
80.784
80.672
80.76
80.648
80.736
80.824
80.712
80.8
80.688
80.776
80.664
80.752
80.64
80.728
80.816
80.704
80.792
80.68
80.768
80.656
80.744
80.832
80.72
80.808
80.696
80.784
80.672
80.76
80.648
80.736
80.824
80.712
80.8
80.688
80.776
80.664
80.752
80.64
80.728
80.816
80.704
80.792
80.68
80.768
80.656
80.744
80.832
80.72
80.808
80.696
80.784
80.672
80.76
80.648
80.736
80.824
80.712
80.8
80.688
80.776
80.664
80.752
80.64
80.728
80.816
80.704
80.792
80.68
80.768
80.656
80.744
80.832
80.72
80.808
80.696
80.784
80.672
80.76
80.648
80.736
80.824
80.712
80.8
80.688
80.776
80.664
80.752
80.64
80.728
80.816
80.704
80.792
80.68
80.768
80.656
80.744
80.832
80.72
80.808
80.696
80.784
80.672
80.76
80.648
80.736
80.824
80.712
80.8
80.688
80.776
80.664
80.752
80.64
80.728
80.816
80.704
80.792
80.68
80.768
80.656
80.744
80.832
80.72
80.808
80.696
80.784
80.672
80.76
80.648
80.736
80.824
80.712
80.8
80.688
80.776
80.664
80.752
80.64
80.728
80.816
80.704
80.792
80.68
80.768
80.656
80.744
80.832
80.72
80.808
80.696
80.784
80.672
80.76
80.648
80.736
80.824
80.712
80.8
80.688
80.776
80.664
80.752
80.64
80.728
80.816
80.704
80.792
80.68
80.768
80.656
80.744
80.832
80.72
80.808
80.696
80.784
80.672
80.76
80.648
80.736
80.824
80.712
80.8
80.688
80.776
80.664
80.752
80.64
80.728
80.816
80.704
80.792
80.68
80.768
80.656
80.744
80.832
80.72
80.808
80.696
80.784
80.672
80.76
80.648
80.736
80.824
80.712
80.8
80.688
80.776
80.664
80.752
80.64
80.728
80.816
80.704
80.792
80.68
80.768
80.656
80.744
80.832
80.72
80.808
80.696
80.784
80.672
80.76
80.648
80.736
80.824
80.712
80.8
80.688
80.776
80.664
80.752
80.64
80.728
80.816
80.704
80.792
80.68
80.768
80.656
80.744
80.832
80.72
80.808
80.696
80.784
80.672
80.76
80.648
80.736
80.824
80.712
80.8
80.688
80.776
80.664
80.752
80.64
80.728
80.816
80.704
80.792
80.68
80.768
80.656
80.744
80.832
80.72
80.808
80.696
80.784
80.672
80.76
80.648
80.736
80.824
80.712
80.8
80.688
80.776
80.664
80.752
80.64
80.728
80.816
80.704
80.792
80.68
80.768
80.656
80.744
80.832
80.72
80.808
80.696
80.784
80.672
80.76
80.648
80.736
80.824
80.712
80.8
80.688
80.776
80.664
80.752
80.64
80.728
80.816
80.704
80.792
80.68
80.768
80.656
80.744
80.832
80.72
80.808
80.696
80.784
80.672
80.76
80.648
80.736
80.824
80.712
80.8
80.688
80.776
80.664
80.752
80.64
80.728
80.816
80.704
80.792
80.68
80.768
80.656
80.744
80.832
80.72
80.808
80.696
80.784
80.672
80.76
80.648
80.736
80.824
80.712
80.8
80.688
80.776
80.664
80.752
80.64
80.728
80.816
80.704
80.792
80.68
80.768
80.656
80.744
80.832
80.72
80.808
80.696
80.784
80.672
80.76
80.648
80.736
80.824
80.712
80.8
80.688
80.776
80.664
80.752
80.64
80.728
80.816
80.704
80.792
80.68
80.768
80.656
80.744
80.832
80.72
80.808
80.696
80.784
80.672
80.76
80.648
80.736
80.824
80.712
80.8
80.688
80.776
80.664
80.752
80.64
80.728
80.816
80.704
80.792
80.68
80.768
80.656
80.744
80.832
80.72
80.808
80.696
80.784
80.672
80.76
80.648
80.736
80.824
80.712
80.8
80.688
80.776
80.664
80.752
80.64
80.728
80.816
80.704
80.792
80.68
80.768
80.656
80.744
80.832
80.72
80.808
80.696
80.784
80.672
80.76
80.648
80.736
80.824
80.712
80.8
80.688
80.776
80.664
80.752
80.64
80.728
80.816
80.704
80.792
80.68
80.768
80.656
80.744
80.832
80.72
80.808
80.696
80.784
80.672
80.76
80.648
80.736
80.824
80.712
80.8
80.688
80.776
80.664
80.752
80.64
80.728
80.816
80.704
80.792
80.68
80.768
80.656
80.744
80.832
80.72
80.808
80.696
80.784
80.672
80.76
80.648
80.736
80.824
80.712
80.8
80.688
80.776
80.664
80.752
80.64
80.728
80.816
80.704
80.792
80.68
80.768
80.656
80.744
80.832
80.72
80.808
80.696
80.784
80.672
80.76
80.648
80.736
80.824
80.712
80.8
80.688
80.776
80.664
80.752
80.64
80.728
80.816
80.704
80.792
80.68
80.768
80.656
80.744
80.832
80.72
80.808
80.696
80.784
80.672
80.76
80.648
80.736
80.824
80.712
80.8
80.688
80.776
80.664
80.752
80.64
80.728
80.816
80.704
80.792
80.68
80.768
80.656
80.744
80.832
80.72
80.808
80.696
80.784
80.672
80.76
80.648
80.736
80.824
80.712
80.8
80.688
80.776
80.664
80.752
80.64
80.728
80.816
80.704
80.792
80.68
80.768
80.656
80.744
80.832
80.72
80.808
80.696
80.784
80.672
80.76
80.648
80.736
80.824
80.712
80.8
80.688
80.776
80.664
80.752
80.64
80.728
80.816
80.704
80.792
80.68
80.768
80.656
80.744
80.832
80.72
80.808
80.696
80.784
80.672
80.76
80.648
80.736
80.824
80.712
80.8
80.688
80.776
80.664
80.752
80.64
80.728
80.816
80.704
80.792
80.68
80.768
80.656
80.744
80.832
80.72
80.808
80.696
80.784
80.672
80.76
80.648
80.736
80.824
80.712
80.8
80.688
80.776
80.664
80.752
80.64
80.728
80.816
80.704
80.792
80.68
80.768
80.656
80.744
80.832
80.72
80.808
80.696
80.784
80.672
80.76
80.648
80.736
80.824
80.712
80.8
80.688
80.776
80.664
80.752
80.64
80.728
80.816
80.704
80.792
80.68
80.768
80.656
80.744
80.832
80.72
80.808
80.696
80.784
80.672
80.76
80.648
80.736
80.824
80.712
80.8
80.688
80.776
80.664
80.752
80.64
80.728
80.816
80.704
80.792
80.68
80.768
80.656
80.744
80.832
80.72
80.808
80.696
80.784
80.672
80.76
80.648
80.736
80.824
80.712
80.8
80.688
80.776
80.664
80.752
80.64
80.728
80.816
80.704
80.792
80.68
80.768
80.656
80.744
80.832
80.72
80.808
80.696
80.784
80.672
80.76
80.648
80.736
80.824
80.712
80.8
80.688
80.776
80.664
80.752
80.64
80.728
80.816
80.704
80.792
80.68
80.768
80.656
80.744
80.832
80.72
80.808
80.696
80.784
80.672
80.76
80.648
80.736
80.824
80.712
80.8
80.688
80.776
80.664
80.752
80.64
80.728
80.816
80.704
80.792
80.68
80.768
80.656
80.744
80.832
80.72
80.808
80.696
80.784
80.672
80.76
80.648
80.736
80.824
80.712
80.8
80.688
80.776
80.664
80.752
80.64
80.728
80.816
80.704
80.792
80.68
80.768
80.656
80.744
80.832
80.72
80.808
80.696
80.784
80.672
80.76
80.648
80.736
80.824
80.712
80.8
80.688
80.776
80.664
80.752
80.64
80.728
80.816
80.704
80.792
80.68
80.768
80.656
80.744
80.832
80.72
80.808
80.696
80.784
80.672
80.76
80.648
80.736
80.824
80.712
80.8
80.688
80.776
80.664
80.752
80.64
80.728
80.816
80.704
80.792
80.68
80.768
80.656
80.744
80.832
80.72
80.808
80.696
80.784
80.672
80.76
80.648
80.736
80.824
80.712
80.8
80.688
80.776
80.664
80.752
80.64
80.728
80.816
80.704
80.792
80.68
80.768
80.656
80.744
80.832
80.72
80.808
80.696
80.784
80.672
80.76
80.648
80.736
80.824
80.712
80.8
80.688
80.776
80.664
80.752
80.64
80.728
80.816
80.704
80.792
80.68
80.768
80.656
80.744
80.832
80.72
80.808
80.696
80.784
80.672
80.76
80.648
80.736
80.824
80.712
80.8
80.688
80.776
80.664
80.752
80.64
80.728
80.816
80.704
80.792
80.68
80.768
80.656
80.744
80.832
80.72
80.808
80.696
80.784
80.672
80.76
80.648
80.736
80.824
80.712
80.8
80.688
80.776
80.664
80.752
80.64
80.728
80.816
80.704
80.792
80.68
80.768
80.656
80.744
80.832
80.72
80.808
80.696
80.784
80.672
80.76
80.648
80.736
80.824
80.712
80.8
80.688
80.776
80.664
80.752
80.64
80.728
80.816
80.704
80.792
80.68
80.768
80.656
80.744
80.832
80.72
80.808
80.696
80.784
80.672
80.76
80.648
80.736
80.824
80.712
80.8
80.688
80.776
80.664
80.752
80.64
80.728
80.816
80.704
80.792
80.68
80.768
80.656
80.744
80.832
80.72
80.808
80.696
80.784
80.672
80.76
80.648
80.736
80.824
80.712
80.8
80.688
80.776
80.664
80.752
80.64
80.728
80.816
80.704
80.792
80.68
80.768
80.656
80.744
80.832
80.72
80.808
80.696
80.784
80.672
80.76
80.648
80.736
80.824
80.712
80.8
80.688
80.776
80.664
80.752
80.64
80.728
80.816
80.704
80.792
80.68
80.768
80.656
80.744
80.832
80.72
80.808
80.696
80.784
80.672
80.76
80.648
80.736
80.824
80.712
80.8
80.688
80.776
80.664
80.752
80.64
80.728
80.816
80.704
80.792
80.68
80.768
80.656
80.744
80.832
80.72
80.808
80.696
80.784
80.672
80.76
80.648
80.736
80.824
80.712
80.8
80.688
80.776
80.664
80.752
80.64
80.728
80.816
80.704
80.792
80.68
80.768
80.656
80.744
80.832
80.72
80.808
80.696
80.784
80.672
80.76
80.648
80.736
80.824
80.712
80.8
80.688
80.776
80.664
80.752
80.64
80.728
80.816
80.704
80.792
80.68
80.768
80.656
80.744
80.832
80.72
80.808
80.696
80.784
80.672
80.76
80.648
80.736
80.824
80.712
80.8
80.688
80.776
80.664
80.752
80.64
80.728
80.816
80.704
80.792
80.68
80.768
80.656
80.744
80.832
80.72
80.808
80.696
80.784
80.672
80.76
80.648
80.736
80.824
80.712
80.8
80.688
80.776
80.664
80.752
80.64
80.728
80.816
80.704
80.792
80.68
80.768
80.656
80.744
80.832
80.72
80.808
80.696
80.784
80.672
80.76
80.648
80.736
80.824
80.712
80.8
80.688
80.776
80.664
80.752
80.64
80.728
80.816
80.704
80.792
80.68
80.768
80.656
80.744
80.832
80.72
80.808
80.696
80.784
80.672
80.76
80.648
80.736
80.824
80.712
80.8
80.688
80.776
80.664
80.752
80.64
80.728
80.816
80.704
80.792
80.68
80.768
80.656
80.744
80.832
80.72
80.808
80.696
80.784
80.672
80.76
80.648
80.736
80.824
80.712
80.8
80.688
80.776
80.664
80.752
80.64
80.728
80.816
80.704
80.792
80.68
80.768
80.656
80.744
80.832
80.72
80.808
80.696
80.784
80.672
80.76
80.648
80.736
80.824
80.712
80.8
80.688
80.776
80.664
80.752
80.64
80.728
80.816
80.704
80.792
80.68
80.768
80.656
80.744
80.832
80.72
80.808
80.696
80.784
80.672
80.76
80.648
80.736
80.824
80.712
80.8
80.688
80.776
80.664
80.752
80.64
80.728
80.816
80.704
80.792
80.68
80.768
80.656
80.744
80.832
80.72
80.808
80.696
80.784
80.672
80.76
80.648
80.736
80.824
80.712
80.8
80.688
80.776
80.664
80.752
80.64
80.728
80.816
80.704
80.792
80.68
80.768
80.656
80.744
80.832
80.72
80.808
80.696
80.784
80.672
80.76
80.648
80.736
80.824
80.712
80.8
80.688
80.776
80.664
80.752
80.64
80.728
80.816
80.704
80.792
80.68
80.768
80.656
80.744
80.832
80.72
80.808
80.696
80.784
80.672
80.76
80.648
80.736
80.824
80.712
80.8
80.688
80.776
80.664
80.752
80.64
80.728
80.816
80.704
80.792
80.68
80.768
80.656
80.744
80.832
80.72
80.808
80.696
80.784
80.672
80.76
80.648
80.736
80.824
80.712
80.8
80.688
80.776
80.664
80.752
80.64
80.728
80.816
80.704
80.792
80.68
80.768
80.656
80.744
80.832
80.72
80.808
80.696
80.784
80.672
80.76
80.648
80.736
80.824
80.712
80.8
80.688
80.776
80.664
80.752
80.64
80.728
80.816
80.704
80.792
80.68
80.768
80.656
80.744
80.832
80.72
80.808
80.696
80.784
80.672
80.76
80.648
80.736
80.824
80.712
80.8
80.688
80.776
80.664
80.752
80.64
80.728
80.816
80.704
80.792
80.68
80.768
80.656
80.744
80.832
80.72
80.808
80.696
80.784
80.672
80.76
80.648
80.736
80.824
80.712
80.8
80.688
80.776
80.664
80.752
80.64
80.728
80.816
80.704
80.792
80.68
80.768
80.656
80.744
80.832
80.72
80.808
80.696
80.784
80.672
80.76
80.648
80.736
80.824
80.712
80.8
80.688
80.776
80.664
80.752
80.64
80.728
80.816
80.704
80.792
80.68
80.768
80.656
80.744
80.832
80.72
80.808
80.696
80.784
80.672
80.76
80.648
80.736
80.824
80.712
80.8
80.688
80.776
80.664
80.752
80.64
80.728
80.816
80.704
80.792
80.68
80.768
80.656
80.744
80.832
80.72
80.808
80.696
80.784
80.672
80.76
80.648
80.736
80.824
80.712
80.8
80.688
80.776
80.664
80.752
80.64
80.728
80.816
80.704
80.792
80.68
80.768
80.656
80.744
80.832
80.72
80.808
80.696
80.784
80.672
80.76
80.648
80.736
80.824
80.712
80.8
80.688
80.776
80.664
80.752
80.64
80.728
80.816
80.704
80.792
80.68
80.768
80.656
80.744
80.832
80.72
80.808
80.696
80.784
80.672
80.76
80.648
80.736
80.824
80.712
80.8
80.688
80.776
80.664
80.752
80.64
80.728
80.816
80.704
80.792
80.68
80.768
80.656
80.744
80.832
80.72
80.808
80.696
80.784
80.672
80.76
80.648
80.736
80.824
80.712
80.8
80.688
80.776
80.664
80.752
80.64
80.728
80.816
80.704
80.792
80.68
80.768
80.656
80.744
80.832
80.72
80.808
80.696
80.784
80.672
80.76
80.648
80.736
80.824
80.712
80.8
80.688
80.776
80.664
80.752
80.64
80.728
80.816
80.704
80.792
80.68
80.768
80.656
80.744
80.832
80.72
80.808
80.696
80.784
80.672
80.76
80.648
80.736
80.824
80.712
80.8
80.688
80.776
80.664
80.752
80.64
80.728
80.816
80.704
80.792
80.68
80.768
80.656
80.744
80.832
80.72
80.808
80.696
80.784
80.672
80.76
80.648
80.736
80.824
80.712
80.8
80.688
80.776
80.664
80.752
80.64
80.728
80.816
80.704
80.792
80.68
80.768
80.656
80.744
80.832
80.72
80.808
80.696
80.784
80.672
80.76
80.648
80.736
80.824
80.712
80.8
80.688
80.776
80.664
80.752
80.64
80.728
80.816
80.704
80.792
80.68
80.768
80.656
80.744
80.832
80.72
80.808
80.696
80.784
80.672
80.76
80.648
80.736
80.824
80.712
80.8
80.688
80.776
80.664
80.752
80.64
80.728
80.816
80.704
80.792
80.68
80.768
80.656
80.744
80.832
80.72
80.808
80.696
80.784
80.672
80.76
80.648
80.736
80.824
80.712
80.8
80.688
80.776
80.664
80.752
80.64
80.728
80.816
80.704
80.792
80.68
80.768
80.656
80.744
80.832
80.72
80.808
80.696
80.784
80.672
80.76
80.648
80.736
80.824
80.712
80.8
80.688
80.776
80.664
80.752
80.64
80.728
80.816
80.704
80.792
80.68
80.768
80.656
80.744
80.832
80.72
80.808
80.696
80.784
80.672
80.76
80.648
80.736
80.824
80.712
80.8
80.688
80.776
80.664
80.752
80.64
80.728
80.816
80.704
80.792
80.68
80.768
80.656
80.744
80.832
80.72
80.808
80.696
80.784
80.672
80.76
80.648
80.736
80.824
80.712
80.8
80.688
80.776
80.664
80.752
80.64
80.728
80.816
80.704
80.792
80.68
80.768
80.656
80.744
80.832
80.72
80.808
80.696
80.784
80.672
80.76
80.648
80.736
80.824
80.712
80.8
80.688
80.776
80.664
80.752
80.64
80.728
80.816
80.704
80.792
80.68
80.768
80.656
80.744
80.832
80.72
80.808
80.696
80.784
80.672
80.76
80.648
80.736
80.824
80.712
80.8
80.688
80.776
80.664
80.752
80.64
80.728
80.816
80.704
80.792
80.68
80.768
80.656
80.744
80.832
80.72
80.808
80.696
80.784
80.672
80.76
80.648
80.736
80.824
80.712
80.8
80.688
80.776
80.664
80.752
80.64
80.728
80.816
80.704
80.792
80.68
80.768
80.656
80.744
80.832
80.72
80.808
80.696
80.784
80.672
80.76
80.648
80.736
80.824
80.712
80.8
80.688
80.776
80.664
80.752
80.64
80.728
80.816
80.704
80.792
80.68
80.768
80.656
80.744
80.832
80.72
80.808
80.696
80.784
80.672
80.76
80.648
80.736
80.824
80.712
80.8
80.688
80.776
80.664
80.752
80.64
80.728
80.816
80.704
80.792
80.68
80.768
80.656
80.744
80.832
80.72
80.808
80.696
80.784
80.672
80.76
80.648
80.736
80.824
80.712
80.8
80.688
80.776
80.664
80.752
80.64
80.728
80.816
80.704
80.792
80.68
80.768
80.656
80.744
80.832
80.72
80.808
80.696
80.784
80.672
80.76
80.648
80.736
80.824
80.712
80.8
80.688
80.776
80.664
80.752
80.64
80.728
80.816
80.704
80.792
80.68
80.768
80.656
80.744
80.832
80.72
80.808
80.696
80.784
80.672
80.76
80.648
80.736
80.824
80.712
80.8
80.688
80.776
80.664
80.752
80.64
80.728
80.816
80.704
80.792
80.68
80.768
80.656
80.744
80.832
80.72
80.808
80.696
80.784
80.672
80.76
80.648
80.736
80.824
80.712
80.8
80.688
80.776
80.664
80.752
80.64
80.728
80.816
80.704
80.792
80.68
80.768
80.656
80.744
80.832
80.72
80.808
80.696
80.784
80.672
80.76
80.648
80.736
80.824
80.712
80.8
80.688
80.776
80.664
80.752
80.64
80.728
80.816
80.704
80.792
80.68
80.768
80.656
80.744
80.832
80.72
80.808
80.696
80.784
80.672
80.76
80.648
80.736
80.824
80.712
80.8
80.688
80.776
80.664
80.752
80.64
80.728
80.816
80.704
80.792
80.68
80.768
80.656
80.744
80.832
80.72
80.808
80.696
80.784
80.672
80.76
80.648
80.736
80.824
80.712
80.8
80.688
80.776
80.664
80.752
80.64
80.728
80.816
80.704
80.792
80.68
80.768
80.656
80.744
80.832
80.72
80.808
80.696
80.784
80.672
80.76
80.648
80.736
80.824
80.712
80.8
80.688
80.776
80.664
80.752
80.64
80.728
80.816
80.704
80.792
80.68
80.768
80.656
80.744
80.832
80.72
80.808
80.696
80.784
80.672
80.76
80.648
80.736
80.824
80.712
80.8
80.688
80.776
80.664
80.752
80.64
80.728
80.816
80.704
80.792
80.68
80.768
80.656
80.744
80.832
80.72
80.808
80.696
80.784
80.672
80.76
80.648
80.736
80.824
80.712
80.8
80.688
80.776
80.664
80.752
80.64
80.728
80.816
80.704
80.792
80.68
80.768
80.656
80.744
80.832
80.72
80.808
80.696
80.784
80.672
80.76
80.648
80.736
80.824
80.712
80.8
80.688
80.776
80.664
80.752
80.64
80.728
80.816
80.704
80.792
80.68
80.768
80.656
80.744
80.832
80.72
80.808
80.696
80.784
80.672
80.76
80.648
80.736
80.824
80.712
80.8
80.688
80.776
80.664
80.752
80.64
80.728
80.816
80.704
80.792
80.68
80.768
80.656
80.744
80.832
80.72
80.808
80.696
80.784
80.672
80.76
80.648
80.736
80.824
80.712
80.8
80.688
80.776
80.664
80.752
80.64
80.728
80.816
80.704
80.792
80.68
80.768
80.656
80.744
80.832
80.72
80.808
80.696
80.784
80.672
80.76
80.648
80.736
80.824
80.712
80.8
80.688
80.776
80.664
80.752
80.64
80.728
80.816
80.704
80.792
80.68
80.768
80.656
80.744
80.832
80.72
80.808
80.696
80.784
80.672
80.76
80.648
80.736
80.824
80.712
80.8
80.688
80.776
80.664
80.752
80.64
80.728
80.816
80.704
80.792
80.68
80.768
80.656
80.744
80.832
80.72
80.808
80.696
80.784
80.672
80.76
80.648
80.736
80.824
80.712
80.8
80.688
80.776
80.664
80.752
80.64
80.728
80.816
80.704
80.792
80.68
80.768
80.656
80.744
80.832
80.72
80.808
80.696
80.784
80.672
80.76
80.648
80.736
80.824
80.712
80.8
80.688
80.776
80.664
80.752
80.64
80.728
80.816
80.704
80.792
80.68
80.768
80.656
80.744
80.832
80.72
80.808
80.696
80.784
80.672
80.76
80.648
80.736
80.824
80.712
80.8
80.688
80.776
80.664
80.752
80.64
80.728
80.816
80.704
80.792
80.68
80.768
80.656
80.744
80.832
80.72
80.808
80.696
80.784
80.672
80.76
80.648
80.736
80.824
80.712
80.8
80.688
80.776
80.664
80.752
80.64
80.728
80.816
80.704
80.792
80.68
80.768
80.656
80.744
80.832
80.72
80.808
80.696
80.784
80.672
80.76
80.648
80.736
80.824
80.712
80.8
80.688
80.776
80.664
80.752
80.64
80.728
80.816
80.704
80.792
80.68
80.768
80.656
80.744
80.832
80.72
80.808
80.696
80.784
80.672
80.76
80.648
80.736
80.824
80.712
80.8
80.688
80.776
80.664
80.752
80.64
80.728
80.816
80.704
80.792
80.68
80.768
80.656
80.744
80.832
80.72
80.808
80.696
80.784
80.672
80.76
80.648
80.736
80.824
80.712
80.8
80.688
80.776
80.664
80.752
80.64
80.728
80.816
80.704
80.792
80.68
80.768
80.656
80.744
80.832
80.72
80.808
80.696
80.784
80.672
80.76
80.648
80.736
80.824
80.712
80.8
80.688
80.776
80.664
80.752
80.64
80.728
80.816
80.704
80.792
80.68
80.768
80.656
80.744
80.832
80.72
80.808
80.696
80.784
80.672
80.76
80.648
80.736
80.824
80.712
80.8
80.688
80.776
80.664
80.752
80.64
80.728
80.816
80.704
80.792
80.68
80.768
80.656
80.744
80.832
80.72
80.808
80.696
80.784
80.672
80.76
80.648
80.736
80.824
80.712
80.8
80.688
80.776
80.664
80.752
80.64
80.728
80.816
80.704
80.792
80.68
80.768
80.656
80.744
80.832
80.72
80.808
80.696
80.784
80.672
80.76
80.648
80.736
80.824
80.712
80.8
80.688
80.776
80.664
80.752
80.64
80.728
80.816
80.704
80.792
80.68
80.768
80.656
80.744
80.832
80.72
80.808
80.696
80.784
80.672
80.76
80.648
80.736
80.824
80.712
80.8
80.688
80.776
80.664
80.752
80.64
80.728
80.816
80.704
80.792
80.68
80.768
80.656
80.744
80.832
80.72
80.808
80.696
80.784
80.672
80.76
80.648
80.736
80.824
80.712
80.8
80.688
80.776
80.664
80.752
80.64
80.728
80.816
80.704
80.792
80.68
80.768
80.656
80.744
80.832
80.72
80.808
80.696
80.784
80.672
80.76
80.648
80.736
80.824
80.712
80.8
80.688
80.776
80.664
80.752
80.64
80.728
80.816
80.704
80.792
80.68
80.768
80.656
80.744
80.832
80.72
80.808
80.696
80.784
80.672
80.76
80.648
80.736
80.824
80.712
80.8
80.688
80.776
80.664
80.752
80.64
80.728
80.816
80.704
80.792
80.68
80.768
80.656
80.744
80.832
80.72
80.808
80.696
80.784
80.672
80.76
80.648
80.736
80.824
80.712
80.8
80.688
80.776
80.664
80.752
80.64
80.728
80.816
80.704
80.792
80.68
80.768
80.656
80.744
80.832
80.72
80.808
80.696
80.784
80.672
80.76
80.648
80.736
80.824
80.712
80.8
80.688
80.776
80.664
80.752
80.64
80.728
80.816
80.704
80.792
80.68
80.768
80.656
80.744
80.832
80.72
80.808
80.696
80.784
80.672
80.76
80.648
80.736
80.824
80.712
80.8
80.688
80.776
80.664
80.752
80.64
80.728
80.816
80.704
80.792
80.68
80.768
80.656
80.744
80.832
80.72
80.808
80.696
80.784
80.672
80.76
80.648
80.736
80.824
80.712
80.8
80.688
80.776
80.664
80.752
80.64
80.728
80.816
80.704
80.792
80.68
80.768
80.656
80.744
80.832
80.72
80.808
80.696
80.784
80.672
80.76
80.648
80.736
80.824
80.712
80.8
80.688
80.776
80.664
80.752
80.64
80.728
80.816
80.704
80.792
80.68
80.768
80.656
80.744
80.832
80.72
80.808
80.696
80.784
80.672
80.76
80.648
80.736
80.824
80.712
80.8
80.688
80.776
80.664
80.752
80.64
80.728
80.816
80.704
80.792
80.68
80.768
80.656
80.744
80.832
80.72
80.808
80.696
80.784
80.672
80.76
80.648
80.736
80.824
80.712
80.8
80.688
80.776
80.664
80.752
80.64
80.728
80.816
80.704
80.792
80.68
80.768
80.656
80.744
80.832
80.72
80.808
80.696
80.784
80.672
80.76
80.648
80.736
80.824
80.712
80.8
80.688
80.776
80.664
80.752
80.64
80.728
80.816
80.704
80.792
80.68
80.768
80.656
80.744
80.832
80.72
80.808
80.696
80.784
80.672
80.76
80.648
80.736
80.824
80.712
80.8
80.688
80.776
80.664
80.752
80.64
80.728
80.816
80.704
80.792
80.68
80.768
80.656
80.744
80.832
80.72
80.808
80.696
80.784
80.672
80.76
80.648
80.736
80.824
80.712
80.8
80.688
80.776
80.664
80.752
80.64
80.728
80.816
80.704
80.792
80.68
80.768
80.656
80.744
80.832
80.72
80.808
80.696
80.784
80.672
80.76
80.648
80.736
80.824
80.712
80.8
80.688
80.776
80.664
80.752
80.64
80.728
80.816
80.704
80.792
80.68
80.768
80.656
80.744
80.832
80.72
80.808
80.696
80.784
80.672
80.76
80.648
80.736
80.824
80.712
80.8
80.688
80.776
80.664
80.752
80.64
80.728
80.816
80.704
80.792
80.68
80.768
80.656
80.744
80.832
80.72
80.808
80.696
80.784
80.672
80.76
80.648
80.736
80.824
80.712
80.8
80.688
80.776
80.664
80.752
80.64
80.728
80.816
80.704
80.792
80.68
80.768
80.656
80.744
80.832
80.72
80.808
80.696
80.784
80.672
80.76
80.648
80.736
80.824
80.712
80.8
80.688
80.776
80.664
80.752
80.64
80.728
80.816
80.704
80.792
80.68
80.768
80.656
80.744
80.832
80.72
80.808
80.696
80.784
80.672
80.76
80.648
80.736
80.824
80.712
80.8
80.688
80.776
80.664
80.752
80.64
80.728
80.816
80.704
80.792
80.68
80.768
80.656
80.744
80.832
80.72
80.808
80.696
80.784
80.672
80.76
80.648
80.736
80.824
80.712
80.8
80.688
80.776
80.664
80.752
80.64
80.728
80.816
80.704
80.792
80.68
80.768
80.656
80.744
80.832
80.72
80.808
80.696
80.784
80.672
80.76
80.648
80.736
80.824
80.712
80.8
80.688
80.776
80.664
80.752
80.64
80.728
80.816
80.704
80.792
80.68
80.768
80.656
80.744
80.832
80.72
80.808
80.696
80.784
80.672
80.76
80.648
80.736
80.824
80.712
80.8
80.688
80.776
80.664
80.752
80.64
80.728
80.816
80.704
80.792
80.68
80.768
80.656
80.744
80.832
80.72
80.808
80.696
80.784
80.672
80.76
80.648
80.736
80.824
80.712
80.8
80.688
80.776
80.664
80.752
80.64
80.728
80.816
80.704
80.792
80.68
80.768
80.656
80.744
80.832
80.72
80.808
80.696
80.784
80.672
80.76
80.648
80.736
80.824
80.712
80.8
80.688
80.776
80.664
80.752
80.64
80.728
80.816
80.704
80.792
80.68
80.768
80.656
80.744
80.832
80.72
80.808
80.696
80.784
80.672
80.76
80.648
80.736
80.824
80.712
80.8
80.688
80.776
80.664
80.752
80.64
80.728
80.816
80.704
80.792
80.68
80.768
80.656
80.744
80.832
80.72
80.808
80.696
80.784
80.672
80.76
80.648
80.736
80.824
80.712
80.8
80.688
80.776
80.664
80.752
80.64
80.728
80.816
80.704
80.792
80.68
80.768
80.656
80.744
80.832
80.72
80.808
80.696
80.784
80.672
80.76
80.648
80.736
80.824
80.712
80.8
80.688
80.776
80.664
80.752
80.64
80.728
80.816
80.704
80.792
80.68
80.768
80.656
80.744
80.832
80.72
80.808
80.696
80.784
80.672
80.76
80.648
80.736
80.824
80.712
80.8
80.688
80.776
80.664
80.752
80.64
80.728
80.816
80.704
80.792
80.68
80.768
80.656
80.744
80.832
80.72
80.808
80.696
80.784
80.672
80.76
80.648
80.736
80.824
80.712
80.8
80.688
80.776
80.664
80.752
80.64
80.728
80.816
80.704
80.792
80.68
80.768
80.656
80.744
80.832
80.72
80.808
80.696
80.784
80.672
80.76
80.648
80.736
80.824
80.712
80.8
80.688
80.776
80.664
80.752
80.64
80.728
80.816
80.704
80.792
80.68
80.768
80.656
80.744
80.832
80.72
80.808
80.696
80.784
80.672
80.76
80.648
80.736
80.824
80.712
80.8
80.688
80.776
80.664
80.752
80.64
80.728
80.816
80.704
80.792
80.68
80.768
80.656
80.744
80.832
80.72
80.808
80.696
80.784
80.672
80.76
80.648
80.736
80.824
80.712
80.8
80.688
80.776
80.664
80.752
80.64
80.728
80.816
80.704
80.792
80.68
80.768
80.656
80.744
80.832
80.72
80.808
80.696
80.784
80.672
80.76
80.648
80.736
80.824
80.712
80.8
80.688
80.776
80.664
80.752
80.64
80.728
80.816
80.704
80.792
80.68
80.768
80.656
80.744
80.832
80.72
80.808
80.696
80.784
80.672
80.76
80.648
80.736
80.824
80.712
80.8
80.688
80.776
80.664
80.752
80.64
80.728
80.816
80.704
80.792
80.68
80.768
80.656
80.744
80.832
80.72
80.808
80.696
80.784
80.672
80.76
80.648
80.736
80.824
80.712
80.8
80.688
80.776
80.664
80.752
80.64
80.728
80.816
80.704
80.792
80.68
80.768
80.656
80.744
80.832
80.72
80.808
80.696
80.784
80.672
80.76
80.648
80.736
80.824
80.712
80.8
80.688
80.776
80.664
80.752
80.64
80.728
80.816
80.704
80.792
80.68
80.768
80.656
80.744
80.832
80.72
80.808
80.696
80.784
80.672
80.76
80.648
80.736
80.824
80.712
80.8
80.688
80.776
80.664
80.752
80.64
80.728
80.816
80.704
80.792
80.68
80.768
80.656
80.744
80.832
80.72
80.808
80.696
80.784
80.672
80.76
80.648
80.736
80.824
80.712
80.8
80.688
80.776
80.664
80.752
80.64
80.728
80.816
80.704
80.792
80.68
80.768
80.656
80.744
80.832
80.72
80.808
80.696
80.784
80.672
80.76
80.648
80.736
80.824
80.712
80.8
80.688
80.776
80.664
80.752
80.64
80.728
80.816
80.704
80.792
80.68
80.768
80.656
80.744
80.832
80.72
80.808
80.696
80.784
80.672
80.76
80.648
80.736
80.824
80.712
80.8
80.688
80.776
80.664
80.752
80.64
80.728
80.816
80.704
80.792
80.68
80.768
80.656
80.744
80.832
80.72
80.808
80.696
80.784
80.672
80.76
80.648
80.736
80.824
80.712
80.8
80.688
80.776
80.664
80.752
80.64
80.728
80.816
80.704
80.792
80.68
80.768
80.656
80.744
80.832
80.72
80.808
80.696
80.784
80.672
80.76
80.648
80.736
80.824
80.712
80.8
80.688
80.776
80.664
80.752
80.64
80.728
80.816
80.704
80.792
80.68
80.768
80.656
80.744
80.832
80.72
80.808
80.696
80.784
80.672
80.76
80.648
80.736
80.824
80.712
80.8
80.688
80.776
80.664
80.752
80.64
80.728
80.816
80.704
80.792
80.68
80.768
80.656
80.744
80.832
80.72
80.808
80.696
80.784
80.672
80.76
80.648
80.736
80.824
80.712
80.8
80.688
80.776
80.664
80.752
80.64
80.728
80.816
80.704
80.792
80.68
80.768
80.656
80.744
80.832
80.72
80.808
80.696
80.784
80.672
80.76
80.648
80.736
80.824
80.712
80.8
80.688
80.776
80.664
80.752
80.64
80.728
80.816
80.704
80.792
80.68
80.768
80.656
80.744
80.832
80.72
80.808
80.696
80.784
80.672
80.76
80.648
80.736
80.824
80.712
80.8
80.688
80.776
80.664
80.752
80.64
80.728
80.816
80.704
80.792
80.68
80.768
80.656
80.744
80.832
80.72
80.808
80.696
80.784
80.672
80.76
80.648
80.736
80.824
80.712
80.8
80.688
80.776
80.664
80.752
80.64
80.728
80.816
80.704
80.792
80.68
80.768
80.656
80.744
80.832
80.72
80.808
80.696
80.784
80.672
80.76
80.648
80.736
80.824
80.712
80.8
80.688
80.776
80.664
80.752
80.64
80.728
80.816
80.704
80.792
80.68
80.768
80.656
80.744
80.832
80.72
80.808
80.696
80.784
80.672
80.76
80.648
80.736
80.824
80.712
80.8
80.688
80.776
80.664
80.752
80.64
80.728
80.816
80.704
80.792
80.68
80.768
80.656
80.744
80.832
80.72
80.808
80.696
80.784
80.672
80.76
80.648
80.736
80.824
80.712
80.8
80.688
80.776
80.664
80.752
80.64
80.728
80.816
80.704
80.792
80.68
80.768
80.656
80.744
80.832
80.72
80.808
80.696
80.784
80.672
80.76
80.648
80.736
80.824
