32.456
32.61
32.765
32.92
33.074
33.229
33.384
33.538
33.693
33.848
34.002
34.157
34.312
34.466
34.621
34.776
34.93
35.085
35.24
35.394
35.549
35.704
35.858
36.013
36.168
36.322
36.477
36.632
36.786
36.941
37.096
37.25
37.405
37.56
37.714
37.869
38.024
38.178
38.333
38.488
38.642
38.797
38.952
39.106
39.261
39.416
39.57
39.725
39.88
40.034
40.189
40.344
40.498
40.653
40.808
40.962
41.117
41.272
41.426
41.581
41.736
41.89
42.045
42.2
42.354
42.509
42.664
42.818
42.973
43.128
43.282
43.437
43.592
43.746
43.901
44.056
44.21
44.365
44.52
44.674
44.829
44.984
45.138
45.293
45.448
45.602
45.757
45.912
46.066
46.221
46.376
46.53
46.685
46.84
46.994
47.149
47.304
47.458
47.613
47.768
47.922
48.077
48.232
48.386
48.541
48.696
48.85
49.005
49.16
49.314
49.469
49.624
49.778
49.933
50.088
50.242
50.397
50.552
50.706
50.861
51.016
51.17
51.325
51.48
51.634
51.789
51.944
52.098
52.253
52.408
52.562
52.717
52.872
53.026
53.181
53.336
53.49
53.645
53.8
53.954
54.109
54.264
54.418
54.573
54.728
54.882
55.037
55.192
55.346
55.501
55.656
55.81
55.965
56.12
56.274
56.429
56.584
56.738
56.893
57.048
57.202
57.357
57.512
57.666
57.821
57.976
58.13
58.285
58.44
58.594
58.749
58.904
59.058
59.213
59.368
59.522
59.677
59.832
59.986
60.141
60.296
60.45
60.605
60.76
60.914
61.069
61.224
61.378
61.533
61.688
61.842
61.997
62.152
62.306
62.461
62.616
62.77
62.925
63.08
63.234
63.389
63.544
63.698
63.853
64.008
64.162
64.317
64.472
64.626
64.781
64.936
65.09
65.245
65.4
65.554
65.709
65.864
66.018
66.173
66.328
66.482
66.637
66.792
66.946
67.101
67.256
67.41
67.565
67.72
67.874
68.029
68.184
68.338
68.493
68.648
68.802
68.957
69.112
69.266
69.421
69.576
69.73
69.885
70.04
70.194
70.349
70.504
70.658
70.813
70.968
71.122
71.277
71.432
71.586
71.741
71.896
72.05
72.205
72.36
72.514
72.669
72.824
72.978
73.133
73.288
73.442
73.597
73.752
73.906
74.061
74.216
74.37
74.525
74.68
74.834
74.989
75.144
75.298
75.453
75.608
75.762
75.917
76.072
76.226
76.381
76.536
76.69
76.845
77
77.154
77.309
77.464
77.618
77.773
77.928
78.082
78.237
78.392
78.546
78.701
78.856
79.01
79.165
79.32
79.474
79.629
79.784
79.938
80.093
80.248
80.402
80.557
80.712
80.733
80.754
80.776
80.797
80.818
80.706
80.728
80.749
80.77
80.792
80.813
80.834
80.722
80.744
80.765
80.786
80.808
80.829
80.717
80.738
80.76
80.781
80.802
80.824
80.712
80.733
80.754
80.776
80.797
80.818
80.706
80.728
80.749
80.77
80.792
80.813
80.834
80.722
80.744
80.765
80.786
80.808
80.829
80.717
80.738
80.76
80.781
80.802
80.824
80.712
80.733
80.754
80.776
80.797
80.818
80.706
80.728
80.749
80.77
80.792
80.813
80.834
80.722
80.744
80.765
80.786
80.808
80.829
80.717
80.738
80.76
80.781
80.802
80.824
80.712
80.733
80.754
80.776
80.797
80.818
80.706
80.728
80.749
80.77
80.792
80.813
80.834
80.722
80.744
80.765
80.786
80.808
80.829
80.717
80.738
80.76
80.781
80.802
80.824
80.712
80.733
80.754
80.776
80.797
80.818
80.706
80.728
80.749
80.77
80.792
80.813
80.834
80.722
80.744
80.765
80.786
80.808
80.829
80.717
80.738
80.76
80.781
80.802
80.824
80.712
80.733
80.754
80.776
80.797
80.818
80.706
80.728
80.749
80.77
80.792
80.813
80.834
80.722
80.744
80.765
80.786
80.808
80.829
80.717
80.738
80.76
80.781
80.802
80.824
80.712
80.733
80.754
80.776
80.797
80.818
80.706
80.728
80.749
80.77
80.792
80.813
80.834
80.722
80.744
80.765
80.786
80.808
80.829
80.717
80.738
80.76
80.781
80.802
80.824
80.712
80.733
80.754
80.776
80.797
80.818
80.706
80.728
80.749
80.77
80.792
80.813
80.834
80.722
80.744
80.765
80.786
80.808
80.829
80.717
80.738
80.76
80.781
80.802
80.824
80.712
80.733
80.754
80.776
80.797
80.818
80.706
80.728
80.749
80.77
80.792
80.813
80.834
80.722
80.744
80.765
80.786
80.808
80.829
80.717
80.738
80.76
80.781
80.802
80.824
80.712
80.733
80.754
80.776
80.797
80.818
80.706
80.728
80.749
80.77
80.792
80.813
80.834
80.722
80.744
80.765
80.786
80.808
80.829
80.717
80.738
80.76
80.781
80.802
80.824
80.712
80.733
80.754
80.776
80.797
80.818
80.706
80.728
80.749
80.77
80.792
80.813
80.834
80.722
80.744
80.765
80.786
80.808
80.829
80.717
80.738
80.76
80.781
80.802
80.824
80.712
80.733
80.754
80.776
80.797
80.818
80.706
80.728
80.749
80.77
80.792
80.813
80.834
80.722
80.744
80.765
80.786
80.808
80.829
80.717
80.738
80.76
80.781
80.802
80.824
80.712
80.733
80.754
80.776
80.797
80.818
80.706
80.728
80.749
80.77
80.792
80.813
80.834
80.722
80.744
80.765
80.786
80.808
80.829
80.717
80.739
80.76
80.781
80.803
80.824
80.712
80.733
80.755
80.776
80.797
80.819
80.707
80.728
80.749
80.771
80.792
80.813
80.835
80.723
80.744
80.765
80.787
80.808
80.829
80.717
80.739
80.76
80.781
80.803
80.824
80.712
80.733
80.755
80.776
80.797
80.819
80.707
80.728
80.749
80.771
80.792
80.813
80.835
80.723
80.744
80.765
80.787
80.808
80.829
80.717
80.739
80.76
80.781
80.803
80.824
80.712
80.733
80.755
80.776
80.797
80.819
80.707
80.728
80.749
80.771
80.792
80.813
80.835
80.723
80.744
80.765
80.787
80.808
80.829
80.717
80.739
80.76
80.781
80.803
80.824
80.712
80.733
80.755
80.776
80.797
80.819
80.707
80.728
80.749
80.771
80.792
80.813
80.835
80.723
80.744
80.765
80.787
80.808
80.829
80.717
80.739
80.76
80.781
80.803
80.824
80.712
80.733
80.755
80.776
80.797
80.819
80.707
80.728
80.749
80.771
80.792
80.813
80.835
80.723
80.744
80.765
80.787
80.808
80.829
80.717
80.739
80.76
80.781
80.803
80.824
80.712
80.733
80.755
80.776
80.797
80.819
80.707
80.728
80.749
80.771
80.792
80.813
80.835
80.723
80.744
80.765
80.787
80.808
80.829
80.717
80.739
80.76
80.781
80.803
80.824
80.712
80.733
80.755
80.776
80.797
80.819
80.707
80.728
80.749
80.771
80.792
80.813
80.835
80.723
80.744
80.765
80.787
80.808
80.829
80.717
80.739
80.76
80.781
80.803
80.824
80.712
80.733
80.755
80.776
80.797
80.819
80.707
80.728
80.749
80.771
80.792
80.813
80.835
80.723
80.744
80.765
80.787
80.808
80.829
80.717
80.739
80.76
80.781
80.803
80.824
80.712
80.733
80.755
80.776
80.797
80.819
80.707
80.728
80.749
80.771
80.792
80.813
80.835
80.723
80.744
80.765
80.787
80.808
80.829
80.717
80.739
80.76
80.781
80.803
80.824
80.712
80.733
80.755
80.776
80.797
80.819
80.707
80.728
80.749
80.771
80.792
80.813
80.835
80.723
80.744
80.765
80.787
80.808
80.829
80.717
80.739
80.76
80.781
80.803
80.824
80.712
80.733
80.755
80.776
80.797
80.819
80.707
80.728
80.749
80.771
80.792
80.813
80.835
80.723
80.744
80.765
80.787
80.808
80.829
80.717
80.739
80.76
80.781
80.803
80.824
80.712
80.733
80.755
80.776
80.797
80.819
80.707
80.728
80.749
80.771
80.792
80.813
80.835
80.723
80.744
80.765
80.787
80.808
80.829
80.717
80.739
80.76
80.781
80.803
80.824
80.712
80.733
80.755
80.776
80.797
80.819
80.707
80.728
80.749
80.771
80.792
80.813
80.835
80.723
80.744
80.765
80.787
80.808
80.829
80.717
80.739
80.76
80.781
80.803
80.824
80.712
80.733
80.755
80.776
80.797
80.819
80.707
80.728
80.749
80.771
80.792
80.813
80.835
80.723
80.744
80.765
80.787
80.808
80.829
80.717
80.739
80.76
80.781
80.803
80.824
80.712
80.733
80.755
80.776
80.797
80.819
80.707
80.728
80.749
80.771
80.792
80.813
80.835
80.723
80.744
80.765
80.787
80.808
80.829
80.717
80.739
80.76
80.781
80.803
80.824
80.712
80.733
80.755
80.776
80.797
80.819
80.707
80.728
80.749
80.771
80.792
80.813
80.835
80.723
80.744
80.765
80.787
80.808
80.829
80.717
80.739
80.76
80.781
80.803
80.824
80.712
80.733
80.755
80.776
80.797
80.819
80.707
80.728
80.749
80.771
80.792
80.813
80.835
80.723
80.744
80.765
80.787
80.808
80.829
80.717
80.739
80.76
80.781
80.803
80.824
80.712
80.733
80.755
80.776
80.797
80.819
80.707
80.728
80.749
80.771
80.792
80.813
80.835
80.723
80.744
80.765
80.787
80.808
80.829
80.717
80.739
80.76
80.781
80.803
80.824
80.712
80.733
80.755
80.776
80.797
80.819
80.707
80.728
80.75
80.771
80.792
80.814
80.835
80.723
80.744
80.766
80.787
80.808
80.83
80.718
80.739
80.76
80.782
80.803
80.824
80.712
80.734
80.755
80.776
80.798
80.819
80.707
80.728
80.75
80.771
80.792
80.814
80.835
80.723
80.744
80.766
80.787
80.808
80.83
80.718
80.739
80.76
80.782
80.803
80.824
80.712
80.734
80.755
80.776
80.798
80.819
80.707
80.728
80.75
80.771
80.792
80.814
80.835
80.723
80.744
80.766
80.787
80.808
80.83
80.718
80.739
80.76
80.782
80.803
80.824
80.712
80.734
80.755
80.776
80.798
80.819
80.707
80.728
80.75
80.771
80.792
80.814
80.835
80.723
80.744
80.766
80.787
80.808
80.83
80.718
80.739
80.76
80.782
80.803
80.824
80.712
80.734
80.755
80.776
80.798
80.819
80.707
80.728
80.75
80.771
80.792
80.814
80.835
80.723
80.744
80.766
80.787
80.808
80.83
80.718
80.739
80.76
80.782
80.803
80.824
80.712
80.734
80.755
80.776
80.798
80.819
80.707
80.728
80.75
80.771
80.792
80.814
80.835
80.723
80.744
80.766
80.787
80.808
80.83
80.718
80.739
80.76
80.782
80.803
80.824
80.712
80.734
80.755
80.776
80.798
80.819
80.707
80.728
80.75
80.771
80.792
80.814
80.835
80.723
80.744
80.766
80.787
80.808
80.83
80.718
80.739
80.76
80.782
80.803
80.824
80.712
80.734
80.755
80.776
80.798
80.819
80.707
80.728
80.75
80.771
80.792
80.814
80.835
80.723
80.744
80.766
80.787
80.808
80.83
80.718
80.739
80.76
80.782
80.803
80.824
80.712
80.734
80.755
80.776
80.798
80.819
80.707
80.728
80.75
80.771
80.792
80.814
80.835
80.723
80.744
80.766
80.787
80.808
80.83
80.718
80.739
80.76
80.782
80.803
80.824
80.712
80.734
80.755
80.776
80.798
80.819
80.707
80.728
80.75
80.771
80.792
80.814
80.835
80.723
80.744
80.766
80.787
80.808
80.83
80.718
80.739
80.76
80.782
80.803
80.824
80.712
80.734
80.755
80.776
80.798
80.819
80.707
80.728
80.75
80.771
80.792
80.814
80.835
80.723
80.744
80.766
80.787
80.808
80.83
80.718
80.739
80.76
80.782
80.803
80.824
80.712
80.734
80.755
80.776
80.798
80.819
80.707
80.728
80.75
80.771
80.792
80.814
80.835
80.723
80.744
80.766
80.787
80.808
80.83
80.718
80.739
80.76
80.782
80.803
80.824
80.712
80.734
80.755
80.776
80.798
80.819
80.707
80.728
80.75
80.771
80.792
80.814
80.835
80.723
80.744
80.766
80.787
80.808
80.83
80.718
80.739
80.76
80.782
80.803
80.824
80.712
80.734
80.755
80.776
80.798
80.819
80.707
80.728
80.75
80.771
80.792
80.814
80.835
80.723
80.744
80.766
80.787
80.808
80.83
80.718
80.739
80.76
80.782
80.803
80.824
80.712
80.734
80.755
80.776
80.798
80.819
80.707
80.728
80.75
80.771
80.792
80.814
80.835
80.723
80.744
80.766
80.787
80.808
80.83
80.718
80.739
80.76
80.782
80.803
80.824
80.712
80.734
80.755
80.776
80.798
80.819
80.707
80.728
80.75
80.771
80.792
80.814
80.835
80.723
80.744
80.766
80.787
80.808
80.83
80.718
80.739
80.76
80.782
80.803
80.824
80.712
80.734
80.755
80.776
80.798
80.819
80.707
80.728
80.75
80.771
80.792
80.814
80.835
80.723
80.744
80.766
80.787
80.808
80.83
80.718
80.739
80.76
80.782
80.803
80.824
80.712
80.734
80.755
80.776
80.798
80.819
80.707
80.728
80.75
80.771
80.792
80.814
80.835
80.723
80.744
80.766
80.787
80.808
80.83
80.718
80.739
80.76
80.782
80.803
80.824
80.712
80.734
80.755
80.776
80.798
80.819
80.707
80.728
80.75
80.771
80.792
80.814
80.835
80.723
80.744
80.766
80.787
80.808
80.83
80.718
80.739
80.761
80.782
80.803
80.825
80.713
80.734
80.755
80.777
80.798
80.819
80.707
80.729
80.75
80.771
80.793
80.814
80.835
80.723
80.745
80.766
80.787
80.809
80.83
80.718
80.739
80.761
80.782
80.803
80.825
80.713
80.734
80.755
80.777
80.798
80.819
80.707
80.729
80.75
80.771
80.793
80.814
80.835
80.723
80.745
80.766
80.787
80.809
80.83
80.718
80.739
80.761
80.782
80.803
80.825
80.713
80.734
80.755
80.777
80.798
80.819
80.707
80.729
80.75
80.771
80.793
80.814
80.835
80.723
80.745
80.766
80.787
80.809
80.83
80.718
80.739
80.761
80.782
80.803
80.825
80.713
80.734
80.755
80.777
80.798
80.819
80.707
80.729
80.75
80.771
80.793
80.814
80.835
80.723
80.745
80.766
80.787
80.809
80.83
80.718
80.739
80.761
80.782
80.803
80.825
80.713
80.734
80.755
80.777
80.798
80.819
80.707
80.729
80.75
80.771
80.793
80.814
80.835
80.723
80.745
80.766
80.787
80.809
80.83
80.718
80.739
80.761
80.782
80.803
80.825
80.713
80.734
80.755
80.777
80.798
80.819
80.707
80.729
80.75
80.771
80.793
80.814
80.835
80.723
80.745
80.766
80.787
80.809
80.83
80.718
80.739
80.761
80.782
80.803
80.825
80.713
80.734
80.755
80.777
80.798
80.819
80.707
80.729
80.75
80.771
80.793
80.814
80.835
80.723
80.745
80.766
80.787
80.809
80.83
80.718
80.739
80.761
80.782
80.803
80.825
80.713
80.734
80.755
80.777
80.798
80.819
80.707
80.729
80.75
80.771
80.793
80.814
80.835
80.723
80.745
80.766
80.787
80.809
80.83
80.718
80.739
80.761
80.782
80.803
80.825
80.713
80.734
80.755
80.777
80.798
80.819
80.707
80.729
80.75
80.771
80.793
80.814
80.835
80.723
80.745
80.766
80.787
80.809
80.83
80.718
80.739
80.761
80.782
80.803
80.825
80.713
80.734
80.755
80.777
80.798
80.819
80.707
80.729
80.75
80.771
80.793
80.814
80.835
80.723
80.745
80.766
80.787
80.809
80.83
80.718
80.739
80.761
80.782
80.803
80.825
80.713
80.734
80.755
80.777
80.798
80.819
80.707
80.729
80.75
80.771
80.793
80.814
80.835
80.723
80.745
80.766
80.787
80.809
80.83
80.718
80.739
80.761
80.782
80.803
80.825
80.713
80.734
80.755
80.777
80.798
80.819
80.707
80.729
80.75
80.771
80.793
80.814
80.835
80.723
80.745
80.766
80.787
80.809
80.83
80.718
80.739
80.761
80.782
80.803
80.825
80.713
80.734
80.755
80.777
80.798
80.819
80.707
80.729
80.75
80.771
80.793
80.814
80.835
80.723
80.745
80.766
80.787
80.809
80.83
80.718
80.739
80.761
80.782
80.803
80.825
80.713
80.734
80.755
80.777
80.798
80.819
80.707
80.729
80.75
80.771
80.793
80.814
80.835
80.723
80.745
80.766
80.787
80.809
80.83
80.718
80.739
80.761
80.782
80.803
80.825
80.713
80.734
80.755
80.777
80.798
80.819
80.707
80.729
80.75
80.771
80.793
80.814
80.835
80.723
80.745
80.766
80.787
80.809
80.83
80.718
80.739
80.761
80.782
80.803
80.825
80.713
80.734
80.755
80.777
80.798
80.819
80.707
80.729
80.75
80.771
80.793
80.814
80.835
80.723
80.745
80.766
80.787
80.809
80.83
80.718
80.739
80.761
80.782
80.803
80.825
80.713
80.734
80.755
80.777
80.798
80.819
80.707
80.729
80.75
80.771
80.793
80.814
80.835
80.723
80.745
80.766
80.787
80.809
80.83
80.718
80.739
80.761
80.782
80.803
80.825
80.713
80.734
80.755
80.777
80.798
80.819
80.707
80.729
80.75
80.771
80.793
80.814
80.835
80.723
80.745
80.766
80.787
80.809
80.83
80.718
80.739
80.761
80.782
80.803
80.825
80.713
80.734
80.755
80.777
80.798
80.819
80.707
80.729
80.75
80.772
80.793
80.814
80.836
80.724
80.745
80.766
80.788
80.809
80.83
80.718
80.74
80.761
80.782
80.804
80.825
80.713
80.734
80.756
80.777
80.798
80.82
80.708
80.729
80.75
80.772
80.793
80.814
80.836
80.724
80.745
80.766
80.788
80.809
80.83
80.718
80.74
80.761
80.782
80.804
80.825
80.713
80.734
80.756
80.777
80.798
80.82
80.708
80.729
80.75
80.772
80.793
80.814
80.836
80.724
80.745
80.766
80.788
80.809
80.83
80.718
80.74
80.761
80.782
80.804
80.825
80.713
80.734
80.756
80.777
80.798
80.82
80.708
80.729
80.75
80.772
80.793
80.814
80.836
80.724
80.745
80.766
80.788
80.809
80.83
80.718
80.74
80.761
80.782
80.804
80.825
80.713
80.734
80.756
80.777
80.798
80.82
80.708
80.729
80.75
80.772
80.793
80.814
80.836
80.724
80.745
80.766
80.788
80.809
80.83
80.718
80.74
80.761
80.782
80.804
80.825
80.713
80.734
80.756
80.777
80.798
80.82
80.708
80.729
80.75
80.772
80.793
80.814
80.836
80.724
80.745
80.766
80.788
80.809
80.83
80.718
80.74
80.761
80.782
80.804
80.825
80.713
80.734
80.756
80.777
80.798
80.82
80.708
80.729
80.75
80.772
80.793
80.814
80.836
80.724
80.745
80.766
80.788
80.809
80.83
80.718
80.74
80.761
80.782
80.804
80.825
80.713
80.734
80.756
80.777
80.798
80.82
80.708
80.729
80.75
80.772
80.793
80.814
80.836
80.724
80.745
80.766
80.788
80.809
80.83
80.718
80.74
80.761
80.782
80.804
80.825
80.713
80.734
80.756
80.777
80.798
80.82
80.708
80.729
80.75
80.772
80.793
80.814
80.836
80.724
80.745
80.766
80.788
80.809
80.83
80.718
80.74
80.761
80.782
80.804
80.825
80.713
80.734
80.756
80.777
80.798
80.82
80.708
80.729
80.75
80.772
80.793
80.814
80.836
80.724
80.745
80.766
80.788
80.809
80.83
80.718
80.74
80.761
80.782
80.804
80.825
80.713
80.734
80.756
80.777
80.798
80.82
80.708
80.729
80.75
80.772
80.793
80.814
80.836
80.724
80.745
80.766
80.788
80.809
80.83
80.718
80.74
80.761
80.782
80.804
80.825
80.713
80.734
80.756
80.777
80.798
80.82
80.708
80.729
80.75
80.772
80.793
80.814
80.836
80.724
80.745
80.766
80.788
80.809
80.83
80.718
80.74
80.761
80.782
80.804
80.825
80.713
80.734
80.756
80.777
80.798
80.82
80.708
80.729
80.75
80.772
80.793
80.814
80.836
80.724
80.745
80.766
80.788
80.809
80.83
80.718
80.74
80.761
80.782
80.804
80.825
80.713
80.734
80.756
80.777
80.798
80.82
80.708
80.729
80.75
80.772
80.793
80.814
80.836
80.724
80.745
80.766
80.788
80.809
80.83
80.718
80.74
80.761
80.782
80.804
80.825
80.713
80.734
80.756
80.777
80.798
80.82
80.708
80.729
80.75
80.772
80.793
80.814
80.836
80.724
80.745
80.766
80.788
80.809
80.83
80.718
80.74
80.761
80.782
80.804
80.825
80.713
80.734
80.756
80.777
80.798
80.82
80.708
80.729
80.75
80.772
80.793
80.814
80.836
80.724
80.745
80.766
80.788
80.809
80.83
80.718
80.74
80.761
80.782
80.804
80.825
80.713
80.734
80.756
80.777
80.798
80.82
80.708
80.729
80.75
80.772
80.793
80.814
80.836
80.724
80.745
80.766
80.788
80.809
80.83
80.718
80.74
80.761
80.782
80.804
80.825
80.713
80.734
80.756
80.777
80.798
80.82
80.708
80.729
80.75
80.772
80.793
80.814
80.836
80.724
80.745
80.766
80.788
80.809
80.83
80.718
80.74
80.761
80.782
80.804
80.825
80.713
80.734
80.756
80.777
80.798
80.82
80.708
80.729
80.75
80.772
80.793
80.814
80.836
80.724
80.745
80.766
80.788
80.809
80.83
80.718
80.74
80.761
80.783
80.804
80.825
80.713
80.735
80.756
80.777
80.799
80.82
80.708
80.729
80.751
80.772
80.793
80.815
80.836
80.724
80.745
80.767
80.788
80.809
80.831
80.719
80.74
80.761
80.783
80.804
80.825
80.713
80.735
80.756
80.777
80.799
80.82
80.708
80.729
80.751
80.772
80.793
80.815
80.836
80.724
80.745
80.767
80.788
80.809
80.831
80.719
80.74
80.761
80.783
80.804
80.825
80.713
80.735
80.756
80.777
80.799
80.82
80.708
80.729
80.751
80.772
80.793
80.815
80.836
80.724
80.745
80.767
80.788
80.809
80.831
80.719
80.74
80.761
80.783
80.804
80.825
80.713
80.735
80.756
80.777
80.799
80.82
80.708
80.729
80.751
80.772
80.793
80.815
80.836
80.724
80.745
80.767
80.788
80.809
80.831
80.719
80.74
80.761
80.783
80.804
80.825
80.713
80.735
80.756
80.777
80.799
80.82
80.708
80.729
80.751
80.772
80.793
80.815
80.836
80.724
80.745
80.767
80.788
80.809
80.831
80.719
80.74
80.761
80.783
80.804
80.825
80.713
80.735
80.756
80.777
80.799
80.82
80.708
80.729
80.751
80.772
80.793
80.815
80.836
80.724
80.745
80.767
80.788
80.809
80.831
80.719
80.74
80.761
80.783
80.804
80.825
80.713
80.735
80.756
80.777
80.799
80.82
80.708
80.729
80.751
80.772
80.793
80.815
80.836
80.724
80.745
80.767
80.788
80.809
80.831
80.719
80.74
80.761
80.783
80.804
80.825
80.713
80.735
80.756
80.777
80.799
80.82
80.708
80.729
80.751
80.772
80.793
80.815
80.836
80.724
80.745
80.767
80.788
80.809
80.831
80.719
80.74
80.761
80.783
80.804
80.825
80.713
80.735
80.756
80.777
80.799
80.82
80.708
80.729
80.751
80.772
80.793
80.815
80.836
80.724
80.745
80.767
80.788
80.809
80.831
80.719
80.74
80.761
80.783
80.804
80.825
80.713
80.735
80.756
80.777
80.799
80.82
80.708
80.729
80.751
80.772
80.793
80.815
80.836
80.724
80.745
80.767
80.788
80.809
80.831
80.719
80.74
80.761
80.783
80.804
80.825
80.713
80.735
80.756
80.777
80.799
80.82
80.708
80.729
80.751
80.772
80.793
80.815
80.836
80.724
80.745
80.767
80.788
80.809
80.831
80.719
80.74
80.761
80.783
80.804
80.825
80.713
80.735
80.756
80.777
80.799
80.82
80.708
80.729
80.751
80.772
80.793
80.815
80.836
80.724
80.745
80.767
80.788
80.809
80.831
80.719
80.74
80.761
80.783
80.804
80.825
80.713
80.735
80.756
80.777
80.799
80.82
80.708
80.729
80.751
80.772
80.793
80.815
80.836
80.724
80.745
80.767
80.788
80.809
80.831
80.719
80.74
80.761
80.783
80.804
80.825
80.713
80.735
80.756
80.777
80.799
80.82
80.708
80.729
80.751
80.772
80.793
80.815
80.836
80.724
80.745
80.767
80.788
80.809
80.831
80.719
80.74
80.761
80.783
80.804
80.825
80.713
80.735
80.756
80.777
80.799
80.82
80.708
80.729
80.751
80.772
80.793
80.815
80.836
80.724
80.745
80.767
80.788
80.809
80.831
80.719
80.74
80.761
80.783
80.804
80.825
80.713
80.735
80.756
80.777
80.799
80.82
80.708
80.729
80.751
80.772
80.793
80.815
80.836
80.724
80.745
80.767
80.788
80.809
80.831
80.719
80.74
80.761
80.783
80.804
80.825
80.713
80.735
80.756
80.777
80.799
80.82
80.708
80.729
80.751
80.772
80.793
80.815
80.836
80.724
80.745
80.767
80.788
80.809
80.831
80.719
80.74
80.761
80.783
80.804
80.825
80.713
80.735
80.756
80.777
80.799
80.82
80.708
80.729
80.751
80.772
80.793
80.815
80.836
80.724
80.745
80.767
80.788
80.809
80.831
80.719
80.74
80.761
80.783
80.804
80.825
80.713
80.735
80.756
80.777
80.799
80.82
80.708
80.729
80.751
80.772
80.794
80.815
80.836
80.724
80.746
80.767
80.788
80.81
80.831
80.719
80.74
80.762
80.783
80.804
80.826
80.714
80.735
80.756
80.778
80.799
80.82
80.708
80.73
80.751
80.772
80.794
80.815
80.836
80.724
80.746
80.767
80.788
80.81
80.831
80.719
80.74
80.762
80.783
80.804
80.826
80.714
80.735
80.756
80.778
80.799
80.82
80.708
80.73
80.751
80.772
80.794
80.815
80.836
80.724
80.746
80.767
80.788
80.81
80.831
80.719
80.74
80.762
80.783
80.804
80.826
80.714
80.735
80.756
80.778
80.799
80.82
80.708
80.73
80.751
80.772
80.794
80.815
80.836
80.724
80.746
80.767
80.788
80.81
80.831
80.719
80.74
80.762
80.783
80.804
80.826
80.714
80.735
80.756
80.778
80.799
80.82
80.708
80.73
80.751
80.772
80.794
80.815
80.836
80.724
80.746
80.767
80.788
80.81
80.831
80.719
80.74
80.762
80.783
80.804
80.826
80.714
80.735
80.756
80.778
80.799
80.82
80.708
80.73
80.751
80.772
80.794
80.815
80.836
80.724
80.746
80.767
80.788
80.81
80.831
80.719
80.74
80.762
80.783
80.804
80.826
80.714
80.735
80.756
80.778
80.799
80.82
80.708
80.73
80.751
80.772
80.794
80.815
80.836
80.724
80.746
80.767
80.788
80.81
80.831
80.719
80.74
80.762
80.783
80.804
80.826
80.714
80.735
80.756
80.778
80.799
80.82
80.708
80.73
80.751
80.772
80.794
80.815
80.836
80.724
80.746
80.767
80.788
80.81
80.831
80.719
80.74
80.762
80.783
80.804
80.826
80.714
80.735
80.756
80.778
80.799
80.82
80.708
80.73
80.751
80.772
80.794
80.815
80.836
80.724
80.746
80.767
80.788
80.81
80.831
80.719
80.74
80.762
80.783
80.804
80.826
80.714
80.735
80.756
80.778
80.799
80.82
80.708
80.73
80.751
80.772
80.794
80.815
80.836
80.724
80.746
80.767
80.788
80.81
80.831
80.719
80.74
80.762
80.783
80.804
80.826
80.714
80.735
80.756
80.778
80.799
80.82
80.708
80.73
80.751
80.772
80.794
80.815
80.836
80.724
80.746
80.767
80.788
80.81
80.831
80.719
80.74
80.762
80.783
80.804
80.826
80.714
80.735
80.756
80.778
80.799
80.82
80.708
80.73
80.751
80.772
80.794
80.815
80.836
80.724
80.746
80.767
80.788
80.81
80.831
80.719
80.74
80.762
80.783
80.804
80.826
80.714
80.735
80.756
80.778
80.799
80.82
80.708
80.73
80.751
80.772
80.794
80.815
80.836
80.724
80.746
80.767
80.788
80.81
80.831
80.719
80.74
80.762
80.783
80.804
80.826
80.714
80.735
80.756
80.778
80.799
80.82
80.708
80.73
80.751
80.772
80.794
80.815
80.836
80.724
80.746
80.767
80.788
80.81
80.831
80.719
80.74
80.762
80.783
80.804
80.826
80.714
80.735
80.756
80.778
80.799
80.82
80.708
80.73
80.751
80.772
80.794
80.815
80.836
80.724
80.746
80.767
80.788
80.81
80.831
80.719
80.74
80.762
80.783
80.804
80.826
80.714
80.735
80.756
80.778
80.799
80.82
80.708
80.73
80.751
80.772
80.794
80.815
80.836
80.724
80.746
80.767
80.788
80.81
80.831
80.719
80.74
80.762
80.783
80.804
80.826
80.714
80.735
80.756
80.778
80.799
80.82
80.708
80.73
80.751
80.772
80.794
80.815
80.836
80.724
80.746
80.767
80.788
80.81
80.831
80.719
80.74
80.762
80.783
80.804
80.826
80.714
80.735
80.756
80.778
80.799
80.82
80.708
80.73
80.751
80.772
80.794
80.815
80.836
80.724
80.746
80.767
80.788
80.81
80.831
80.719
80.74
80.762
80.783
80.804
80.826
80.714
80.735
80.756
80.778
80.799
80.82
80.708
80.73
80.751
80.772
80.794
80.815
80.836
80.724
80.746
80.767
80.788
80.81
80.831
80.719
80.74
80.762
80.783
80.805
80.826
80.714
80.735
80.757
80.778
80.799
80.821
80.709
80.73
80.751
80.773
80.794
80.815
80.837
80.725
80.746
80.767
80.789
80.81
80.831
80.719
80.741
80.762
80.783
80.805
80.826
80.714
80.735
80.757
80.778
80.799
80.821
80.709
80.73
80.751
80.773
80.794
80.815
80.837
80.725
80.746
80.767
80.789
80.81
80.831
80.719
80.741
80.762
80.783
80.805
80.826
80.714
80.735
80.757
80.778
80.799
80.821
80.709
80.73
80.751
80.773
80.794
80.815
80.837
80.725
80.746
80.767
80.789
80.81
80.831
80.719
80.741
80.762
80.783
80.805
80.826
80.714
80.735
80.757
80.778
80.799
80.821
80.709
80.73
80.751
80.773
80.794
80.815
80.837
80.725
80.746
80.767
80.789
80.81
80.831
80.719
80.741
80.762
80.783
80.805
80.826
80.714
80.735
80.757
80.778
80.799
80.821
80.709
80.73
80.751
80.773
80.794
80.815
80.837
80.725
80.746
80.767
80.789
80.81
80.831
80.719
80.741
80.762
80.783
80.805
80.826
80.714
80.735
80.757
80.778
80.799
80.821
80.709
80.73
80.751
80.773
80.794
80.815
80.837
80.725
80.746
80.767
80.789
80.81
80.831
80.719
80.741
80.762
80.783
80.805
80.826
80.714
80.735
80.757
80.778
80.799
80.821
80.709
80.73
80.751
80.773
80.794
80.815
80.837
80.725
80.746
80.767
80.789
80.81
80.831
80.719
80.741
80.762
80.783
80.805
80.826
80.714
80.735
80.757
80.778
80.799
80.821
80.709
80.73
80.751
80.773
80.794
80.815
80.837
80.725
80.746
80.767
80.789
80.81
80.831
80.719
80.741
80.762
80.783
80.805
80.826
80.714
80.735
80.757
80.778
80.799
80.821
80.709
80.73
80.751
80.773
80.794
80.815
80.837
80.725
80.746
80.767
80.789
80.81
80.831
80.719
80.741
80.762
80.783
80.805
80.826
80.714
80.735
80.757
80.778
80.799
80.821
80.709
80.73
80.751
80.773
80.794
80.815
80.837
80.725
80.746
80.767
80.789
80.81
80.831
80.719
80.741
80.762
80.783
80.805
80.826
80.714
80.735
80.757
80.778
80.799
80.821
80.709
80.73
80.751
80.773
80.794
80.815
80.837
80.725
80.746
80.767
80.789
80.81
80.831
80.719
80.741
80.762
80.783
80.805
80.826
80.714
80.735
80.757
80.778
80.799
80.821
80.709
80.73
80.751
80.773
80.794
80.815
80.837
80.725
80.746
80.767
80.789
80.81
80.831
80.719
80.741
80.762
80.783
80.805
80.826
80.714
80.735
80.757
80.778
80.799
80.821
80.709
80.73
80.751
80.773
80.794
80.815
80.837
80.725
80.746
80.767
80.789
80.81
80.831
80.719
80.741
80.762
80.783
80.805
80.826
80.714
80.735
80.757
80.778
80.799
80.821
80.709
80.73
80.751
80.773
80.794
80.815
80.837
80.725
80.746
80.767
80.789
80.81
80.831
80.719
80.741
80.762
80.783
80.805
80.826
80.714
80.735
80.757
80.778
80.799
80.821
80.709
80.73
80.751
80.773
80.794
80.815
80.837
80.725
80.746
80.767
80.789
80.81
80.831
80.719
80.741
80.762
80.783
80.805
80.826
80.714
80.735
80.757
80.778
80.799
80.821
80.709
80.73
80.751
80.773
80.794
80.815
80.837
80.725
80.746
80.767
80.789
80.81
80.831
80.719
80.741
80.762
80.783
80.805
80.826
80.714
80.735
80.757
80.778
80.799
80.821
80.709
80.73
80.751
80.773
80.794
80.815
80.837
80.725
80.746
80.767
80.789
80.81
80.831
80.719
80.741
80.762
80.783
80.805
80.826
80.714
80.735
80.757
80.778
80.799
80.821
80.709
80.73
80.751
80.773
80.794
80.815
80.837
80.725
80.746
80.767
80.789
80.81
80.831
80.719
80.741
80.762
80.783
80.805
80.826
80.714
80.735
80.757
80.778
80.799
80.821
80.709
80.73
80.751
80.773
80.794
80.816
80.837
80.725
80.746
80.768
80.789
80.81
80.832
80.72
80.741
80.762
80.784
80.805
80.826
80.714
80.736
80.757
80.778
80.8
80.821
80.709
80.73
80.752
80.773
80.794
80.816
80.837
80.725
80.746
80.768
80.789
80.81
80.832
80.72
80.741
80.762
80.784
80.805
80.826
80.714
80.736
80.757
80.778
80.8
80.821
80.709
80.73
80.752
80.773
80.794
80.816
80.837
80.725
80.746
80.768
80.789
80.81
80.832
80.72
80.741
80.762
80.784
80.805
80.826
80.714
80.736
80.757
80.778
80.8
80.821
80.709
80.73
80.752
80.773
80.794
80.816
80.837
80.725
80.746
80.768
80.789
80.81
80.832
80.72
80.741
80.762
80.784
80.805
80.826
80.714
80.736
80.757
80.778
80.8
80.821
80.709
80.73
80.752
80.773
80.794
80.816
80.837
80.725
80.746
80.768
80.789
80.81
80.832
80.72
80.741
80.762
80.784
80.805
80.826
80.714
80.736
80.757
80.778
80.8
80.821
80.709
80.73
80.752
80.773
80.794
80.816
80.837
80.725
80.746
80.768
80.789
80.81
80.832
80.72
80.741
80.762
80.784
80.805
80.826
80.714
80.736
80.757
80.778
80.8
80.821
80.709
80.73
80.752
80.773
80.794
80.816
80.837
80.725
80.746
80.768
80.789
80.81
80.832
80.72
80.741
80.762
80.784
80.805
80.826
80.714
80.736
80.757
80.778
80.8
80.821
80.709
80.73
80.752
80.773
80.794
80.816
80.837
80.725
80.746
80.768
80.789
80.81
80.832
80.72
80.741
80.762
80.784
80.805
80.826
80.714
80.736
80.757
80.778
80.8
80.821
80.709
80.73
80.752
80.773
80.794
80.816
80.837
80.725
80.746
80.768
80.789
80.81
80.832
80.72
80.741
80.762
80.784
80.805
80.826
80.714
80.736
80.757
80.778
80.8
80.821
80.709
80.73
80.752
80.773
80.794
80.816
80.837
80.725
80.746
80.768
80.789
80.81
80.832
80.72
80.741
80.762
80.784
80.805
80.826
80.714
80.736
80.757
80.778
80.8
80.821
80.709
80.73
80.752
80.773
80.794
80.816
80.837
80.725
80.746
80.768
80.789
80.81
80.832
80.72
80.741
80.762
80.784
80.805
80.826
80.714
80.736
80.757
80.778
80.8
80.821
80.709
80.73
80.752
80.773
80.794
80.816
80.837
80.725
80.746
80.768
80.789
80.81
80.832
80.72
80.741
80.762
80.784
80.805
80.826
80.714
80.736
80.757
80.778
80.8
80.821
80.709
80.73
80.752
80.773
80.794
80.816
80.837
80.725
80.746
80.768
80.789
80.81
80.832
80.72
80.741
80.762
80.784
80.805
80.826
80.714
80.736
80.757
80.778
80.8
80.821
80.709
80.73
80.752
80.773
80.794
80.816
80.837
80.725
80.746
80.768
80.789
80.81
80.832
80.72
80.741
80.762
80.784
80.805
80.826
80.714
80.736
80.757
80.778
80.8
80.821
80.709
80.73
80.752
80.773
80.794
80.816
80.837
80.725
80.746
80.768
80.789
80.81
80.832
80.72
80.741
80.762
80.784
80.805
80.826
80.714
80.736
80.757
80.778
80.8
80.821
80.709
80.73
80.752
80.773
80.794
80.816
80.837
80.725
80.746
80.768
80.789
80.81
80.832
80.72
80.741
80.762
80.784
80.805
80.826
80.714
80.736
80.757
80.778
80.8
80.821
80.709
80.73
80.752
80.773
80.794
80.816
80.837
80.725
80.746
80.768
80.789
80.81
80.832
80.72
80.741
80.762
80.784
80.805
80.826
80.714
80.736
80.757
80.778
80.8
80.821
80.709
80.73
80.752
80.773
80.794
80.816
80.837
80.725
80.746
80.768
80.789
80.81
80.832
80.72
80.741
80.762
80.784
80.805
80.826
80.714
80.736
80.757
80.778
80.8
80.821
80.709
80.73
80.752
80.773
80.794
80.816
80.837
80.725
80.746
80.768
80.789
80.81
80.832
80.72
80.741
80.762
80.784
80.805
80.827
80.715
80.736
80.757
80.779
80.8
80.821
80.709
80.731
80.752
80.773
80.795
80.816
80.837
80.725
80.747
80.768
80.789
80.811
80.832
80.72
80.741
80.763
80.784
80.805
80.827
80.715
80.736
80.757
80.779
80.8
80.821
80.709
80.731
80.752
80.773
80.795
80.816
80.837
80.725
80.747
80.768
80.789
80.811
80.832
80.72
80.741
80.763
80.784
80.805
80.827
80.715
80.736
80.757
80.779
80.8
80.821
80.709
80.731
80.752
80.773
80.795
80.816
80.837
80.725
80.747
80.768
80.789
80.811
80.832
80.72
80.741
80.763
80.784
80.805
80.827
80.715
80.736
80.757
80.779
80.8
80.821
80.709
80.731
80.752
80.773
80.795
80.816
80.837
80.725
80.747
80.768
80.789
80.811
80.832
80.72
80.741
80.763
80.784
80.805
80.827
80.715
80.736
80.757
80.779
80.8
80.821
80.709
80.731
80.752
80.773
80.795
80.816
80.837
80.725
80.747
80.768
80.789
80.811
80.832
80.72
80.741
80.763
80.784
80.805
80.827
80.715
80.736
80.757
80.779
80.8
80.821
80.709
80.731
80.752
80.773
80.795
80.816
80.837
80.725
80.747
80.768
80.789
80.811
80.832
80.72
80.741
80.763
80.784
80.805
80.827
80.715
80.736
80.757
80.779
80.8
80.821
80.709
80.731
80.752
80.773
80.795
80.816
80.837
80.725
80.747
80.768
80.789
80.811
80.832
80.72
80.741
80.763
80.784
80.805
80.827
80.715
80.736
80.757
80.779
80.8
80.821
80.709
80.731
80.752
80.773
80.795
80.816
80.837
80.725
80.747
80.768
80.789
80.811
80.832
80.72
80.741
80.763
80.784
80.805
80.827
80.715
80.736
80.757
80.779
80.8
80.821
80.709
80.731
80.752
80.773
80.795
80.816
80.837
80.725
80.747
80.768
80.789
80.811
80.832
80.72
80.741
80.763
80.784
80.805
80.827
80.715
80.736
80.757
80.779
80.8
80.821
80.709
80.731
80.752
80.773
80.795
80.816
80.837
80.725
80.747
80.768
80.789
80.811
80.832
80.72
80.741
80.763
80.784
80.805
80.827
80.715
80.736
80.757
80.779
80.8
80.821
80.709
80.731
80.752
80.773
80.795
80.816
80.837
80.725
80.747
80.768
80.789
80.811
80.832
80.72
80.741
80.763
80.784
80.805
80.827
80.715
80.736
80.757
80.779
80.8
80.821
80.709
80.731
80.752
80.773
80.795
80.816
80.837
80.725
80.747
80.768
80.789
80.811
80.832
80.72
80.741
80.763
80.784
80.805
80.827
80.715
80.736
80.757
80.779
80.8
80.821
80.709
80.731
80.752
80.773
80.795
80.816
80.837
80.725
80.747
80.768
80.789
80.811
80.832
80.72
80.741
80.763
80.784
80.805
80.827
80.715
80.736
80.757
80.779
80.8
80.821
80.709
80.731
80.752
80.773
80.795
80.816
80.837
80.725
80.747
80.768
80.789
80.811
80.832
80.72
80.741
80.763
80.784
80.805
80.827
80.715
80.736
80.757
80.779
80.8
80.821
80.709
80.731
80.752
80.773
80.795
80.816
80.837
80.725
80.747
80.768
80.789
80.811
80.832
80.72
80.741
80.763
80.784
80.805
80.827
80.715
80.736
80.757
80.779
80.8
80.821
80.709
80.731
80.752
80.773
80.795
80.816
80.837
80.725
80.747
80.768
80.789
80.811
80.832
80.72
80.741
80.763
80.784
80.805
80.827
80.715
80.736
80.757
80.779
80.8
80.821
80.709
80.731
80.752
80.773
80.795
80.816
80.837
80.725
80.747
80.768
80.789
80.811
80.832
80.72
80.741
80.763
80.784
80.805
80.827
80.715
80.736
80.757
80.779
80.8
80.821
80.709
80.731
80.752
80.773
80.795
80.816
80.837
80.725
80.747
80.768
80.789
80.811
80.832
80.72
80.741
80.763
80.784
80.805
80.827
80.715
80.736
80.757
80.779
80.8
80.821
80.709
80.731
80.752
80.773
80.795
