12.912
12.576
14.152
16.44
14.152
14.152
20.352
12.72
14.448
21.456
12.624
12.576
20.304
13.152
24.016
14.152
22.12
14.152
20.216
13.152
12.576
13.44
19.016
15.44
23.016
20.44
23.016
14.152
24.744
31.272
20.28
14.152
19.776
14.44
23.016
14.44
20.064
17.952
18.44
32.456
16.184
24.152
25.696
14.44
14.152
12.864
28.88
23.016
22.016
12.576
17.728
12.576
28.096
14.152
20.92
14.248
14.296
24.592
23.2
13.168
23.296
24.592
27.88
19.528
13.44
20.016
13.152
22.08
23.304
14.208
20.488
25.592
18.44
20.016
15.488
14.336
13.152
32.64
22.304
23.552
13.28
25.088
29.216
14.384
21.304
18.472
14.2
18.44
19.016
24.64
22.016
20.384
14.432
14.48
24.592
22.48
16.288
17.776
13.264
13.312
21.28
18.208
20.44
14.48
20.016
22.224
16.272
14.152
24.96
31.728
18.336
12.576
24.592
22.12
21.304
12.808
23.512
26.008
21.016
24.016
19.016
19.384
20.44
17.752
24.592
14.152
12.576
13.44
14.304
18.488
12.576
12.576
20.016
24.624
20.304
22.304
24.752
23.36
20.048
14.44
12.576
18.624
22.12
20.728
14.536
21.304
23.272
22.6
22.408
21.016
12.904
13.152
20.44
13.44
13.488
21.304
17.728
14.44
20.896
14.152
20.016
20.016
18.44
12.576
20.304
17.728
14.152
24.592
13.6
23.728
14.152
15.44
22.304
14.2
23.072
28.88
25.96
20.304
22.272
22.112
17.728
16.488
24.592
12.576
14.152
16.152
14.152
14.152
15.44
12.576
22.304
14.432
21.44
27.936
22.016
13.104
20.352
21.488
14.2
20.056
14.344
12.952
18.76
22.248
23.016
12.808
19.304
20.44
17.728
23.016
14.152
19.728
18.488
23.064
19.272
13.8
15.44
20.568
14.44
12.576
20.728
14.152
20.192
19.728
31.056
25.88
23.528
13.736
18.624
18.536
14.152
18.76
32.456
22.352
26
13.152
22.56
16.608
20.016
12.864
20.44
23.232
15.448
19.728
14.296
23.016
24.592
12.576
19.016
12.576
24.016
14.44
14.488
22.304
14.152
19.728
18.52
32.736
27.984
23.016
23.304
20.44
28.88
12.808
20.056
13.144
14.152
18.728
14.2
16.152
23.016
23.064
14.152
28.88
14.152
30.88
12.576
14.152
13.152
14.152
23.52
21.304
18.44
22.104
14.152
23.016
32.712
18.624
25.08
21.288
16.536
20.016
32.544
14.152
14.152
18.728
13.488
15.68
14.44
22.304
12.624
13.712
23.712
12.72
16.152
24.84
22.016
23.688
20.304
19.896
12.576
22.224
23.304
14.152
27.912
14.152
14.152
20.44
23.016
18.44
13.152
13.152
14.152
24.72
12.576
13.152
23.016
13.224
22.016
29.88
22.352
22.016
20.056
14.152
25.696
27.88
14.152
23.304
22.152
24.12
14.44
15.448
22.016
14.152
24.592
13.152
22.304
12.992
19.728
24.336
14.152
16.224
24.672
18.624
13.2
20.352
27.88
19.488
15.44
14.528
17.728
13.216
22.384
12.576
30.88
18.44
16.44
23.016
23.016
12.576
24.592
15.44
13.36
23.488
21.376
22.624
12.576
22.016
22.064
14.152
22.304
20.68
16.152
12.624
14.352
21.304
27.88
12.576
12.624
21.016
22.272
23.064
14.152
16.152
22.112
16.152
16.2
20.016
14.152
21.016
22.344
20.352
14.4
14.448
29.88
13.152
14.2
16.592
27.928
12.576
26.056
24.016
20.224
12.576
20.304
23.016
14.152
13.224
22.12
12.864
13.632
22.336
22.384
22.016
32.6
12.576
14.152
23.016
14.44
18.44
24.248
23.336
30.976
22.016
24.592
14.152
14.44
18.624
19.064
20.016
21.024
29.232
14.152
13.92
12.76
20.016
24.824
16.312
14.44
23.016
14.152
12.808
13.152
31.44
29.328
18.44
13.536
23.424
27.88
24.016
14.152
28.168
20.44
17.896
12.576
14.304
22.016
19.728
14.152
28.416
20.168
22.016
24.64
16.288
20.016
13.344
21.664
13.312
14.152
18.44
13.152
12.576
18.44
20.016
13.44
16.2
13.488
24.64
12.864
23.232
19.44
15.648
25.592
16.52
23.304
22.016
14.152
14.152
22.016
12.76
20.44
27.88
24.592
18.44
21.368
19.304
20.936
23.192
22.016
24.792
14.152
18.52
13.152
12.576
16.44
23.208
24.696
21.304
14.392
14.384
29.928
14.152
14.2
15.928
24.592
14.296
18.44
20.488
18.44
24.592
21.52
12.576
14.784
14.152
15.88
23.112
13.488
29.928
12.576
20.544
14.352
14.152
20.44
14.248
13.096
14.152
32.456
20.304
13.44
22.304
29.488
32.456
14.2
21.464
25.64
12.576
13.44
17.888
12.576
24.592
13.152
15.44
17.728
12.848
20.816
14.624
20.912
18.44
22.304
13.44
14.152
27.648
15.44
18.44
14.152
27.88
21.304
25.592
21.08
14.152
12.76
22.064
18.568
13.472
22.216
16.64
12.576
19.304
32.456
12.576
14.304
13.152
24.72
20.016
18.44
20.248
24.856
20.344
29.456
18.44
13.2
22.016
13.728
14.624
23.616
12.752
29.664
14.112
19.68
27.592
22.016
24.76
18.464
22.352
19.304
15.68
17.728
12.576
20.016
22.304
23.312
25.04
16.152
15.44
24.016
14.488
18.44
15.44
14.288
12.576
20.016
12.576
20.064
13.152
12.576
14.152
14.44
20.304
16.304
12.576
13.712
12.576
15.44
27.88
13.152
22.304
22.112
16.336
22.016
22.016
20.544
24.016
14.152
24.792
17.728
12.576
14.304
13.152
32.64
23.328
14.192
19.728
14.44
12.808
18.44
14.168
28.88
22.448
23.016
14.152
12.864
12.576
23.016
14.44
12.576
27.8
23.352
24.016
12.576
17.728
12.624
15.376
12.672
30.88
24.592
13.152
23.28
30.072
12.824
12.632
20.36
20.304
12.576
24.688
13.456
15.44
16.152
14.2
20.488
22.216
14.344
13.672
25.592
20.44
19.304
28.952
16.28
23.288
13.496
20.024
14.44
28.976
14.152
14.44
18.728
22.304
18.728
12.576
22.016
22.544
19.728
12.576
12.576
22.12
22.016
12.704
14.152
21.136
19.304
14.152
14.2
20.016
14.152
19.344
22.304
14.192
18.44
18.44
19.728
18.488
13.152
13.68
12.576
24.768
20.304
24.592
13.44
24.592
12.576
14.152
19.728
12.624
18.672
14.16
12.576
16.152
23.16
15.288
16.2
21.528
19.016
24.824
22.304
14.384
23.304
14.152
14.2
24.592
14.152
12.76
23.352
22.016
12.864
14.384
25.872
20.544
13.2
14.352
12.576
23.016
14.152
21.384
20.232
18.44
32.76
28.248
14.152
14.2
28.88
12.576
23.304
14.152
13.152
29.064
20.232
22.68
19.304
29.432
16.52
23.768
12.576
20.44
20.304
18.728
17.728
23.016
14.44
14.488
14.536
14.344
20.544
12.912
23.016
20.44
13.152
12.576
16.8
14.152
16.152
13.56
13.368
26.064
22.12
30.88
26.128
18.488
23.536
21.304
25.592
18.44
22.584
22.392
14.152
19.08
17.728
22.544
14.488
14.152
18.112
18.44
22.016
14.152
23.304
22.304
16.152
22.68
31.368
12.576
22.016
14.2
26.384
22.304
22.016
22.528
17.776
12.576
24.592
28.24
19.648
13.152
14.152
21.36
19.728
23.136
13.584
24.672
20.304
25.64
13.44
15.44
12.576
24.848
28.016
18.224
22.304
20.016
14.44
21.488
25.856
24.592
14.152
22.24
12.576
14.192
12.8
24.84
20.088
12.576
20.544
31.112
12.672
13.44
13.248
19.056
22.224
17.728
25.088
22.304
29.88
14.152
19.728
14.384
13.152
14.152
22.016
12.944
32.504
12.576
20.544
20.016
14.592
13.44
17.728
12.576
14.44
12.808
13.248
24.592
13.6
14.152
15.44
18.44
18.44
22.016
22.304
14.384
30.88
20.304
13.592
23.352
13.44
14.2
23.088
14.152
24.168
14.152
12.76
14.152
22.352
12.576
23.016
14.152
12.576
24.64
14.152
23.304
20.304
14.352
28.92
12.576
13.44
14.304
13.152
15.44
23.2
12.576
20.44
17.728
23.016
31.168
27.856
14.44
20.224
14.248
29.392
23.016
12.624
13.152
28.168
20.016
14.304
12.672
24.592
22.08
14.448
20.016
20.44
19.016
20.016
23.144
12.576
20.016
23.184
14.152
20.488
13.096
25.64
22.352
14.44
13.52
12.576
23.016
14.152
22.36
12.576
27.928
16.44
25.592
13.44
12.624
14.592
21.352
14.4
13.44
22.304
14.152
13.152
18.488
15.44
20.016
32.544
22.016
28.064
12.576
15.44
16.68
13.152
28.08
12.576
19.016
18.44
14.648
27.88
22.376
14.152
14.2
25.824
23.016
14.152
32.664
12.76
30.168
19.896
14.152
30.168
12.576
13.152
14.152
24.592
23.016
20.432
12.576
22.016
24.704
14.152
27.592
28.88
20.016
19.584
20.352
14.152
18.52
22.168
14.536
30.88
21.304
14.152
24.712
14.152
27.88
30.168
23.304
13.416
14.152
13.152
22.016
25.592
24.68
14.152
18.44
14.408
13.44
20.208
14.152
25.72
21.304
25.912
18.44
23.2
14.648
13.648
22.136
20.44
15.44
23.168
12.576
16.152
14.152
22.016
30.168
12.704
14.44
18.44
12.728
16.44
13.152
19.304
12.864
14.152
23.304
23.016
27.88
20.016
22.304
14.672
22.16
14.152
14.2
13.152
22.56
23.016
21.304
14.152
22.12
32.456
12.576
12.672
16.152
15.44
13.2
16.152
14.152
28.168
18.488
28.928
28.016
21.304
14.384
18.728
20.432
13.152
24.592
28.88
32.664
12.576
21.304
20.016
23.064
13.272
22.304
16.352
22.64
14.488
26.288
15.536
23.016
13.2
22.368
15.44
22.016
23.016
12.576
14.304
12.576
23.544
14.488
23.016
13.464
20.016
24.016
14.488
20.112
28.08
12.576
12.624
22.304
14.352
12.96
20.016
14.44
25.592
24.2
14.152
13.44
20.44
21.016
20.304
14.2
22.016
19.728
22.416
18.44
23.016
18.624
14.352
22.352
15.44
21.24
17.728
21.304
22.304
29.112
29.208
14.152
12.76
21.016
20.44
23.016
18.624
23.016
18.44
20.016
19.064
14.152
25.592
18.44
19.728
13.152
22.016
24.592
21.52
24.928
12.576
24.592
14.2
13.6
18.208
20.016
22.304
14.152
16.352
23.12
13.44
14.152
24.592
29.008
19.016
12.576
20.544
23.112
14.432
18.44
27.88
13.152
12.576
13.2
18.44
28.128
14.168
15.696
20.064
24.912
19.92
28.064
13.152
23.28
14.152
16.848
19.304
30.168
12.576
17.728
13.456
16.384
14.152
20.064
16.152
22.44
18.44
27.88
18.488
12.624
17.728
20.488
12.616
15.064
12.576
14.152
16.28
14.152
18.44
12.728
20.168
22.016
20.016
20.4
13.488
20.304
23.016
18.44
32.456
14.152
19.304
12.728
19.4
19.352
14.152
22.12
14.248
12.624
14.248
16.152
22.016
18.464
14.152
20.016
12.76
24.592
23.304
12.576
13.032
23.16
24.592
13.6
14.384
14.192
22.456
17.728
14.152
13.016
25.784
22.016
22.472
18.464
29.24
14.432
24.248
20.24
25.976
14.768
12.896
21.824
14.432
23.016
23.584
13.312
12.88
13.152
14.44
20.016
14.152
15.44
31.168
12.576
18.624
12.912
23.304
24.64
23.304
23.168
21.296
20.544
24.704
12.912
14.4
12.576
14.152
15.152
13.152
22.016
18.44
20.016
23.016
22.304
24.592
12.576
20.016
23.184
16.512
13.44
12.576
17.728
18.672
13.2
12.576
14.544
23.016
14.152
19.728
20.68
13.152
23.016
22.016
23.016
20.44
24.744
25.88
20.168
13.256
18.44
30.168
14.408
14.456
13.064
25.592
13.112
13.16
19.208
15.656
17.96
30.88
14.152
20.68
22.016
21.304
14.152
14.44
21.248
14.152
30.216
14.152
18.52
21.304
20.352
21.016
14.248
18.616
14.584
14.44
19.88
14.248
23.016
12.576
24.592
22.464
16.72
14.44
19.88
14.152
14.2
14.248
12.616
14.152
15.592
23.128
15.64
12.808
24.016
14.2
20.44
13.44
17.728
24.736
18.064
15.44
14.152
13.44
12.576
27.88
17.848
18.44
22.016
17.984
12.576
19.016
16.576
13.44
20.544
23.352
24.84
20.088
14.152
14.2
16.248
24.592
13.44
22.064
20.016
16.224
19.728
14.152
15.44
14.528
12.576
23.304
14.152
21.304
16.152
12.576
14.304
18.672
17.728
15.12
13.696
12.576
21.72
18.44
22.088
14.152
17.728
22.016
32.656
16.384
28.168
12.576
16.152
12.624
20.344
22.48
28.88
24.016
30.064
18.488
12.576
15.616
20.016
18.44
21.016
26.104
16.152
20.488
18.44
14.408
13.152
13.016
12.584
20.312
16.2
14.152
28.88
22.016
14.44
13.152
20.16
16.368
18.624
20.592
23.304
12.576
24.592
14.152
23.016
14.152
12.576
12.864
30.912
14.44
14.152
13.592
13.16
24.592
22.016
20.144
23.064
14.192
13.736
21.944
27.992
14.688
21.08
14.152
20.44
14.488
18.488
15.44
12.848
16.152
14.2
29.168
14.296
13.152
24.592
13.152
28.168
17.88
19.2
20.208
22.016
20.256
17.728
16.152
18.12
12.576
22.016
27.88
15.824
20.016
12.576
24.592
13.36
14.152
14.2
13.624
12.576
21.408
14.152
20.256
22.6
19.96
21.016
12.576
20.016
15.504
13.584
27.792
23.76
25.008
14.488
23.136
21.016
12.576
19.4
20.304
14.352
15.84
20.016
22.608
19.016
25.88
23.288
14.152
12.576
16.152
14.544
19.728
12.576
18.624
21.552
12.72
18.44
20.44
20.168
19.256
20.024
12.576
14.152
20.68
18.776
14.152
19.728
12.576
12.576
22.016
18.464
13.44
20.192
23.064
14.152
18.44
13.352
12.728
13.976
20.44
14.024
16.232
12.576
22.304
29.256
14.152
20.168
21.416
25.064
14.152
14.152
23.304
14.152
27.912
12.624
14.352
14.4
13.008
22.304
18.512
13.44
12.912
23.016
13.248
19.304
13.112
15.44
12.608
13.152
19.728
24.456
15.488
22.392
15.44
24.84
14.288
22.256
12.576
25.928
29.096
21.304
29.144
14.392
23.016
13
19.944
14.152
14.304
20.256
27.88
12.576
14.304
23.016
18.912
15.384
14.2
31.272
20.52
14.152
13.44
14.152
14.152
12.76
24.592
21.352
24.592
15.44
23.168
14.72
14.152
22.304
22.544
14.152
14.44
12.808
12.576
12.624
16.44
15.44
24.592
22.48
30.992
20.64
14.448
14.152
12.76
23.016
13.224
14.152
24.792
13.152
22.112
13.592
20.304
19.728
14.152
24.592
14.2
30.88
20.488
12.856
28.168
22.12
18.136
12.808
19.624
12.864
24.592
23.016
14.152
12.96
20.44
14.488
14.296
22.024
21.016
15.536
18.44
12.576
13.44
32.688
13.776
22.304
16.152
25.88
14.776
24.728
22.304
30.88
12.576
19.776
24.864
24.592
20.44
13.44
23.328
23.304
12.576
22.224
14.152
22.12
12.808
22.112
12.576
12.912
19.728
22.12
19.728
14.488
22.416
31.168
14.152
20.176
19.96
13.048
22.016
12.704
12.576
21.304
15.504
22.016
13.664
15.488
14.576
30.984
14.384
21.12
14.432
23.568
14.48
13.536
12.848
25.104
25.88
17.768
13.496
14.152
12.808
19.728
24.096
23.016
22.016
17.744
32.672
19.28
25.328
22.976
24.464
14.152
20.192
19.04
18.44
23.168
13.616
19.304
14.152
12.76
14.152
30.928
14.152
13.2
23.016
14.152
12.576
13.152
20.16
12.576
27.88
13.528
12.576
22.016
19.016
15.44
21.304
24.704
14.44
13.152
23.016
29.304
12.576
14.152
24.592
14.44
21.2
22.016
20.016
22.48
18.44
16.288
14.408
21.136
13.744
21.488
17.728
14.152
12.576
23.016
21.304
12.712
14.44
24.744
29.352
18.44
22.2
16.488
30.936
20.016
14.152
22.12
14.248
18.616
13.016
14.264
14.152
13.2
14.152
30.88
27.592
29.064
14.152
22.152
12.76
24.6
14.152
21.304
14.152
20.2
14.152
28.88
22.016
12.576
23.448
29.352
15.44
22.208
22.016
25.664
14.152
12.76
31.088
22.448
15.488
16.44
20.44
14.152
20.44
30.984
18.44
25.752
13.44
22.016
13.664
13.232
13.76
23.016
12.576
13.464
20.304
20.016
23.016
22.016
20.016
19.584
13.632
14.152
31.92
15.64
23.328
13.056
14.152
20.064
13.44
19.728
32.736
19.824
22.016
14.152
22.352
32.768
14.44
21.448
23.016
13.2
13.728
22.016
21.016
15.584
22.304
20.44
14.152
19.016
20.44
18.568
19.64
21.304
20.44
24.592
24.016
23.016
14.152
21.144
20.232
19.728
19.016
13.304
16.472
23
20.408
15.44
22.016
19.328
14.152
12.76
14.248
21.064
20.152
14.152
24.28
20.44
31.288
22.304
28.88
21.248
18.44
29.216
23.016
12.576
13.488
15.44
17.728
23.016
24.744
18.44
30.168
23.112
18.44
14.168
20.016
20.44
23.184
12.576
16.488
24.64
18.44
14.2
28.88
14.44
24.848
19.856
12.576
23.016
12.984
17.832
24.304
22.432
19.84
14.152
14.152
18.52
23.4
14.488
14.296
20.584
22.016
22.552
23.304
20.44
12.808
15.976
19.728
20.44
16.168
14.152
14.2
14.968
14.536
28.08
20.208
14.44
24.848
14.488
12.624
14.152
13.152
17.728
14.152
13.216
16.384
20.512
19.6
23.968
29.056
22.016
22.104
14.152
15.64
23.608
28.88
27.968
13.44
17.808
21.016
15.44
20.104
19.44
18.048
24.064
13.44
18.488
18.536
24.592
12.824
12.872
22.016
18.488
12.576
20.304
14.352
29.648
14.152
21.056
25.904
19.712
14.152
24.8
13.568
15.44
30.88
14.152
13.44
12.576
27.696
29.88
19.128
16.44
23.208
25.896
13.944
23.592
28.88
22.016
12.576
18.44
23.016
32.456
19.728
30.88
12.576
12.576
13.44
16.368
13.016
32.744
25.112
16.52
14.44
12.808
19.728
12.616
24.592
14.152
14.2
16.4
25.088
12.576
20.44
20.016
14.248
24.624
29.232
25.592
23.112
24.6
20.44
29.064
12.624
21.432
22.272
14.4
24.592
13.008
18.44
22.016
15.44
25.592
14.152
13.152
14.152
13.488
12.576
24.816
13.152
20.352
29.352
13.152
14.152
27.88
23.384
16.232
23.24
13.208
20.112
23.28
13.248
22.352
28.168
20.016
12.624
19.344
22.168
23.016
12.616
16.152
22.504
14.392
14.488
14.152
22.12
25.592
14.248
12.576
19.304
16.152
21.304
12.576
17.752
16.36
20.016
12.576
16.224
19.392
24.72
18.048
13.44
20.208
14.152
32.736
20.44
23.184
24.912
12.576
13.44
19.728
17.728
12.616
13.152
17.792
14.44
23.36
17.728
22.112
12.576
20.016
24.864
14.152
24.016
20.016
13.152
22.064
13.152
13.44
29.088
14.152
27.88
24.016
12.576
12.576
32.608
31.216
23.344
12.576
13.552
28.168
14.152
14.2
13.44
14.968
12.624
28.88
12.576
24.656
13.152
28.88
21.304
22.072
31.168
13.696
24.592
16.48
27.592
16.152
22.016
24.592
14.44
23.016
21.384
28.392
14.04
19.368
12.576
15.44
14.72
13.328
24.592
20.352
24.592
22.064
20.44
20.016
14.152
19.728
19.776
16.152
25.592
14.152
15.64
12.576
26.064
21.352
20.016
20.544
14.352
19.776
13.2
27.88
19.528
14.152
13.576
16.024
15.592
19.96
14.152
20.016
23.304
19.752
24.84
14.152
14.2
28.88
14.248
14.152
19.016
14.152
15.44
14.152
14.2
20.728
14.44
25.592
23.24
22.304
12.576
30.168
20.544
14.152
23.016
13.152
14.152
20.016
12.576
14.152
20.44
12.808
14.152
15.44
12.848
22.256
23.016
12.944
14.44
13.152
19.44
32.528
12.576
21.488
23.016
14.576
12.576
12.624
19.728
14.152
30.88
20.128
12.576
14.152
23.168
12.76
19.856
19.728
20.544
13.44
23.088
13.296
22.016
18.44
13.44
12.576
14.2
13.44
12.728
23.352
24.6
16.16
20.016
23.064
14.672
12.576
30.168
23.256
14.152
25.944
13.152
14.44
13.304
20.304
22.304
24.752
18.44
24.656
14.168
13.664
16.352
21.68
24.368
25.376
31.904
14.632
29.312
22.12
14.44
12.808
21.016
15.44
14.672
20.016
23.064
20.232
12.576
22.304
30.168
19.656
18.024
24.552
20.28
23.688
24.936
14.248
13.704
23.016
25.88
19.728
22.656
14.152
24.592
14.68
24.592
14.152
23.2
13.44
23.408
22.256
15.824
12.752
22.016
12.576
16.152
14.152
24.592
23.016
12.576
14.152
24.64
13.44
12.576
29.088
13.152
15.44
22.56
16.368
12.576
13.44
14.2
16.152
18.568
12.576
30.88
14.44
12.576
16.152
12.728
13.152
12.776
12.576
21.304
14.152
17.992
22.016
22.016
30.024
15.44
22.016
12.576
13.44
15.152
24.592
12.576
32.456
19.304
12.576
22.224
25.776
25.104
20.352
20.016
22.016
19.728
27.592
14.152
16.672
22.016
13.152
14.152
19.2
22.12
24.592
19.016
14.296
20.016
22.016
23.2
17.968
14.152
14.152
27.88
16.168
25.816
23.464
23.016
12.576
19.92
23.264
14.152
20.68
13.048
24.824
14.152
14.2
18.44
13.152
23.016
18.44
14.648
13.016
14.264
22.016
19.424
23.552
14.152
17.728
15.616
22.144
13.312
23.016
14.44
12.808
22.016
12.576
14.44
19.728
18.44
12.576
22.016
28.88
14.432
12.576
32.456
22.016
18.44
22.016
14.152
22.016
20.44
14.488
12.576
13.488
24.592
14.152
17.92
14.2
12.576
14.304
23.016
19.304
21.032
25.88
22.568
22.016
15.152
14.384
16.16
20.048
14.152
25.136
14.2
24.944
22.016
20.624
14.672
12.576
22.016
24.592
13.36
23.248
12.576
22.016
14.152
30.216
19.944
18.488
13.752
12.776
28.44
13.608
23.256
18.44
15.864
23.112
20.448
22.44
15.592
12.576
23.168
14.152
12.576
12.576
22.016
24.592
19.928
12.576
24.592
19.84
27.88
19.048
12.576
20.296
16.744
27.88
22.016
24.592
12.576
12.624
28.88
24.592
17.728
23.064
14.152
16.44
19.368
15.816
28.88
13.152
23.04
12.624
22.368
20.016
20.064
19.304
20.44
13.352
22.168
19.4
23.528
16.616
14.152
29.384
19.432
14.384
12.576
23.016
12.856
21.016
14.344
28.024
22.552
20.92
22.648
23.656
29.704
18.44
15.672
15.44
14.28
18.648
22.064
12.672
13.44
14.152
17.728
20.68
17.776
14.152
17.728
14.248
19.064
18.44
16.544
12.576
14.152
31.04
22.304
12.576
14.152
23.016
27.864
17.728
22.576
22.016
20.224
30.352
24.16
12.576
30.448
28.336
23.104
12.576
19.304
12.576
12.624
20.016
14.152
24.624
20.352
24.592
28.96
17.968
14.152
23.536
18.064
14.152
20.88
16.608
21.696
13.824
16.512
21.304
29.88
18.44
13.152
12.576
14.152
20.016
12.576
18.864
22.224
24.912
18.912
14.64
17.728
29.056
24.592
32.56
18.44
24.016
15.44
14.528
24.592
29.064
15.672
12.576
14.152
18.96
14.152
14.2
20.304
23.304
20.016
24.624
23.232
24.064
12.576
23.016
13.704
14.44
30.88
23.016
22.016
16.44
14.152
20.088
17.728
22.016
13.696
14.44
12.576
23.056
21.016
13.152
14.152
14.44
20.016
23.304
20.728
22.304
12.752
12.576
25.592
14.152
13.64
20.488
27.88
12.856
23.016
22.016
13.152
19.016
20.304
22.36
18.728
12.576
24.592
23.424
13.152
24.16
17.968
14.152
19.304
14.152
14.152
24.016
16.384
12.576
14.152
28.88
16.152
19.56
20.088
13.416
23.68
20.44
24.592
12.576
20.016
17.728
20.176
20.224
12.624
30.88
18.44
27.592
27.88
21.016
14.152
13.152
20.68
19.44
17.728
23.304
24.592
21.432
24.64
23.016
14.2
16.344
15.688
24.592
14.44
12.864
15.44
16.152
22.44
18.44
32.456
14.152
22.064
13.384
14.672
16.152
22.016
23.2
12.576
23.248
22.464
14.152
12.576
22.224
12.576
17.728
20.176
13.744
26.032
22.352
22.304
13.2
14.432
13.728
18.8
22.016
32.472
24.6
18.44
31.128
12.808
22.216
13.144
14.392
20.016
13.152
20.016
14.44
22.168
18.856
23.2
28.288
28.928
14.152
22.36
14.488
28.88
14.152
20.016
17.728
20.544
20.016
14.152
24.872
30.88
18.928
26.416
14.672
24.784
13.312
22.48
22.36
19.168
22.016
13.44
14.152
24.592
30.4
31.168
29.056
27.664
27.88
22.304
14.152
14.68
23.44
13.408
14.152
19.728
21.456
13.584
16.512
12.576
13.2
19.968
24.592
22.016
20.2
22.168
14.152
24.016
14.2
27.64
23.304
20.016
20.44
13.44
12.576
13.152
14.152
20.648
17.824
14.216
31.168
32.656
14.152
23.344
22.12
14.152
23.304
14.152
24.792
12.576
14.304
14.152
12.576
16.152
13.384
27.88
12.576
32.456
14.152
13.44
23.4
14.152
13.44
19.304
22.232
14.152
15.64
28.88
20.44
22.168
30.168
16.152
23.016
14.152
19.224
13.032
26.04
16.248
12.576
21.304
30.88
18.488
12.576
27.592
15.64
14.152
14.2
21.016
13.384
23.032
19.96
24.592
14.2
27.88
23.304
22.016
13.272
14.152
14.152
20.016
23.184
22.304
28.112
12.576
14.304
14.152
14.44
20.016
20.488
20.296
22.304
14.384
20.064
13.152
28.168
18.44
21.2
19.728
23.456
24.816
23.304
12.808
14.152
27.88
12.576
16.152
14.152
15.64
18.808
15.44
19.016
14.288
17.824
12.576
24.112
14.152
29.88
12.576
22.016
13.184
21.352
20.912
22.12
27.92
14.248
13.328
24.32
25.088
19.728
15.44
20.256
22.016
20.44
14.152
16.152
14.44
15.592
13.152
22.32
12.576
24.12
18.44
21.112
12.728
14.456
22.184
23.016
14.192
14.44
24.592
20.44
14.488
32.504
21.976
19.352
14.824
28.04
14.632
23.56
14.152
20.016
17.728
21.136
23.104
14.152
12.576
22.016
24.592
13.36
14.152
20.016
20.216
14.152
14.152
20.44
12.808
18.44
14.152
32.56
25.88
14.152
19.928
22.12
24.776
14.488
23.416
14.152
12.576
27.88
24.824
12.576
18.624
24.896
12.576
12.864
18.728
25.592
26.12
15.152
30.32
14.152
27.928
23.176
20.44
20.488
14.296
23.016
12.576
22.304
16.152
26.04
22.064
14.152
12.576
24.592
28.304
18.44
14.408
18.776
13.44
18.624
23.016
25.88
14.152
16.488
23.064
13.032
20.488
14.152
23.304
25.592
14.152
14.2
27.88
12.808
32.728
22.016
13.152
12.576
20.016
12.576
23.184
14.304
12.576
13.152
18.44
21.304
14.408
21.304
23.512
12.616
13.72
14.344
18.088
24.616
14.192
28.264
13.44
20.44
22.016
28.168
12.576
16.384
18.44
24.832
25.64
13.44
14.152
29.064
13.512
20.304
13.44
24.768
13.152
20.304
24.408
20.016
12.936
30.88
13.408
12.576
20.728
13.152
18.44
14.408
13.152
14.44
24.592
21.28
23.016
20.44
18.568
13.44
22.016
15.648
14.384
23.616
28.944
20.112
28.8
23.016
12.576
13.44
12.576
13.44
22.016
14.384
14.152
13.152
13.152
20.44
14.488
19.112
20.44
13.16
14.728
29.288
14.216
30.168
21.12
13.488
12.576
25.056
27.984
12.576
14.544
21.304
22.032
20.264
22.016
13.44
16.312
22.016
29.168
18.464
14.44
21.272
24.68
28.88
19.728
12.576
14.152
22.408
12.864
18.192
16.152
23.16
14.152
13.152
21.36
28.608
23.136
22.464
13.152
25.92
12.576
29.328
22.016
20.256
25.104
15.776
20.016
14.624
24.864
15.632
28.168
24.856
23.464
17.752
24.744
32.712
20.28
20.328
14.152
14.44
24.592
28.48
19.728
21.304
20.016
14.152
14.68
15.44
12.576
19.728
24.592
28.96
12.576
13.408
28.336
22.016
15.904
17.992
23.08
23.128
24.592
17.728
14.152
14.2
24.592
14.152
16.2
18.44
25.88
28.168
13.336
24.664
13.152
14.304
26.184
21.304
12.576
24.592
12.728
13.152
14.152
16.152
28.88
15.728
24.592
16.72
14.152
22.016
24.744
23.64
14.152
14.152
14.152
14.152
24.016
12.576
14.304
18.672
20.4
22.584
14.152
12.576
14.152
24.792
20.2
23.4
14.152
27.88
17.776
13.504
22.016
12.576
18.44
19.488
25.696
14.44
22.016
23.192
13.4
32.56
19.648
14.152
28.576
14.448
12.576
23.016
12.576
28.88
20.44
14.152
28.88
23.168
17.936
22.016
22.064
19.976
14.152
15.44
22.448
28.168
13.536
24.624
14.152
13.152
14.2
19.248
20.256
15.44
22.408
12.576
13.152
22.304
14.192
24.752
12.728
20.456
20.016
20.488
20.064
22.512
12.576
14.152
22.12
15.152
19.144
21.592
14.152
13.72
18.44
17.728
13.152
22.016
13.152
17.728
12.576
16.152
22.016
13.152
12.704
15.44
12.576
23.304
29.112
22.44
18.44
15.768
16.152
21.48
22.016
30.408
13.656
22.016
15.44
24.848
14.44
12.864
23.072
12.576
20.016
14.152
12.864
20.44
16.152
21.304
19.912
26.44
28.648
14.44
17.928
24.592
22.016
12.576
14.304
15.44
18.624
12.576
13.44
14.152
13.488
25.216
23.016
22.104
16.152
23.248
19.776
18.44
14.2
22.304
14.432
22.304
24.752
18.44
13.28
18.488
25.088
14.456
24.896
13.184
13.44
12.576
23.016
20.2
30.88
19.728
17.728
14.152
17.728
32.656
14.44
21.12
20.248
22.608
21.456
27.984
15.488
32.832
13.2
13.728
27.88
14.152
13.152
16.32
22.016
32.456
14.152
19.304
18.488
14.216
12.576
18.624
18.44
25.592
22.28
12.576
12.624
30.88
15.44
18.44
23.016
30.024
20.44
23.016
13.464
25.032
14.152
18.52
18.568
22.216
24.592
18.44
17.728
12.576
14.152
13.152
18.44
23.52
12.576
25.88
19.928
12.624
23.304
32.456
12.864
26.112
30.928
20.44
13.696
22.408
16.624
12.856
12.664
19.728
23.216
12.944
15.872
22.832
12.576
24.632
12.576
12.576
25.776
20.488
23.184
12.904
24.592
22.016
12.576
25.592
24.744
15.2
27.728
28.976
22.544
21.632
14.152
14.152
32.456
12.76
12.576
21.304
24.304
13.312
13.84
23.016
24.744
14.152
20.016
12.576
12.624
23.016
24.592
24.592
13.36
22.016
13.168
20.536
15.44
12.624
23.168
19.728
27.936
19.344
23.472
20.44
14.248
19.728
16.656
13.44
19.728
14.152
12.576
24.592
20.08
25.648
12.576
14.152
29.072
19.76
18.728
27.656
12.576
12.624
20.592
30.88
12.576
20.784
21.352
16.6
23.368
14.296
13.864
20.24
18.712
12.608
29.56
12.656
23.296
25.744
17.872
22.016
14.152
17.728
14.152
21.432
32.456
23.64
18.44
12.576
14.152
14.2
23.304
24.592
17.728
25.696
20.016
22.12
28.88
12.576
22.224
14.352
28.032
20.4
22.848
20.016
17.856
17.728
20.304
29.2
22.736
12.576
15.44
12.848
24.592
14.624
22.304
12.576
15.632
13.28
18.368
22.016
18.464
23.072
27.592
21.304
14.432
32.456
18.56
13.304
14.152
13.44
24.768
24.816
31.344
18.192
14.68
23.064
12.576
22.152
14.44
24.592
20.248
14.152
17.728
12.576
20.064
21.016
20.44
23.464
25.192
13.96
18.328
24.136
14.488
24.184
32.872
19.72
22.408
28.456
22.264
12.576
32.872
13.96
25.288
31.336
17.728
14.152
24.64
17.728
12.576
16.2
16.248
14.152
20.376
14.152
24.592
24.688
27.64
14.152
20.648
22.016
14.152
14.152
30.88
27.592
14.44
20.2
22.016
18.488
24.032
25.88
13.928
23.336
22.304
21.304
16.312
25
20.248
22.216
23.224
14.152
22.072
16.36
20.44
31.048
18.568
13.152
20.304
22.272
20.16
13.44
14.152
24.016
14.152
21.016
15.44
13.44
18.44
23.016
19.728
14.152
16.152
14.44
16.44
14.44
12.808
31.032
14.536
27.88
23.368
19.304
24.64
28.168
13.44
13.152
20.44
21.12
14.248
25.968
14.152
14.152
12.76
28.88
12.808
14.536
24.592
22.016
23.304
22.112
13.512
20.488
24.592
12.576
19.776
21.304
18.44
25.672
20.016
17.904
14.152
13.392
12.576
23.016
20.544
22.584
14.2
14.152
23.304
23.304
13.032
25.8
21.768
20.376
13.704
24.064
16.432
18.728
13.152
13.152
13.152
24.824
12.576
24.872
24.824
14.152
17.728
22.144
18.112
23.2
18.44
14.648
22.016
12.576
22.016
14.152
12.576
20.016
19.104
25.592
22.016
28.52
15.232
14.152
14.448
23.272
29.08
15.688
23.016
13.704
15.44
23.352
21.24
13.592
14.152
25.928
13.256
14.152
20.016
14.152
21.016
24.184
23.272
17.728
20.488
14.152
18.76
14.68
25.88
23.048
24.776
26.504
13.2
12.576
18.44
15.664
20.016
14.152
20.016
17.904
29.472
12.624
23.76
20.208
27.88
20.016
20.304
14.352
20.016
19.344
14.44
20.488
20.536
14.344
21.304
19.912
24.64
28.88
19.016
23.016
18.408
14.44
23.016
18.44
24.592
23.44
14.152
13.44
12.576
28.88
14.544
12.576
14.152
30.168
15.88
22.584
14.152
20.016
18.52
13.44
18.44
28.88
30.88
12.928
14.152
23.296
18.064
25.592
12.576
22.304
27.592
21.304
12.576
14.152
18.728
13.44
21.408
13.056
29.184
23.232
18.44
28.928
14.152
12.576
18.624
23.016
14.488
22.216
13.144
18.728
12.952
13
12.576
14.152
12.76
13.44
12.576
23.088
23.456
17.744
23.304
21.304
24.4
16.528
22.016
13.152
16.152
14.152
12.576
21.352
23.536
12.576
31.36
12.576
17.728
23.112
32.52
26.328
23.256
20.184
14.2
14.152
27.88
20.016
13.432
14.152
22.12
25.88
16.4
14.152
24.608
18.52
21.304
23.272
18.28
14.152
24.592
22.016
12.576
14.304
22.304
12.576
14.544
13.152
20.488
12.576
21.304
32.632
19.304
22.016
24.752
12.576
30.56
12.624
21.488
14.152
20.016
14.2
12.856
22.352
13.28
12.576
14.152
15.64
13.288
15.736
12.624
14.152
22.12
32.456
13.152
24.24
22.016
13.152
19.44
24.768
19.016
32.744
13.832
23.304
31.032
14.304
20.016
32.456
14.152
15.44
14.152
18.52
14.44
23.016
23.112
14.592
22.68
22.728
14.488
12.856
15.616
20.304
14.352
14.88
13.2
13.008
28.128
14.152
14.44
12.576
13.44
14.152
19.016
13.304
22.016
13.152
23.016
14.152
28.168
24.592
13.6
14.384
14.192
24.592
24.304
12.576
19.552
13.152
12.576
13.44
32.688
14.432
18.096
23.424
12.576
14.152
13.44
13.152
22.016
15.44
19.728
13.152
14.152
30.168
26.136
12.576
20.184
23.112
16.92
13.2
12.576
17.728
14.152
28.216
23.32
20.016
20.44
13.152
24.72
14.768
13.152
17.76
16.152
20.984
23.192
25.88
31.12
30.88
12.728
23.352
24.752
18.568
14.296
22.016
12.664
25.744
19.2
13.44
12.576
14.192
23.016
13.152
14.152
15.672
13.152
14.152
32.64
13.488
22.016
17.728
18.976
14.152
13.44
12.76
23.568
19.536
20.064
14.152
28.88
13.152
14.152
30.96
14.488
23.064
14.2
24.792
27.744
14.152
15.72
20.44
22.304
13.152
28.56
25.008
14.152
15.44
22.016
23.016
12.576
20.248
24.856
15.344
13.232
14.44
23.6
14.248
13.568
25.856
23.264
19.232
14.152
12.76
12.728
22.304
12.576
15.872
15.44
21.2
22.208
22.064
13.248
14.152
20.016
18.44
14.168
22.016
28.088
14.152
18.76
12.808
12.616
14.344
22.552
12.76
12.808
18.44
27.88
32.728
16.216
14.152
28.88
13.152
25.68
13.008
23.016
13.44
16.208
12.576
20.016
27.984
14.384
19.728
24.816
24.864
21.312
23.28
23.328
14.152
22.28
22.064
13.712
20.48
12.576
13.568
23.696
15.184
22.064
23.016
19.728
20.304
19.728
14.2
19.776
27.744
14.152
13.44
22.12
32.688
14.152
21.304
12.864
14.152
12.576
23.2
20.352
21.12
22.016
13.184
24.592
17.728
17.728
20.544
21.512
24.592
13.84
13.168
16.152
25.88
14.44
14.248
12.576
19.304
18.624
24.152
12.96
20.016
13.152
14.152
22.12
14.488
12.616
14.152
12.76
14.248
12.576
13.2
19.016
22.904
23.016
20.44
21.36
15.536
12.576
22.2
12.576
21.016
20.44
23.304
14.152
22.304
23.016
14.152
14.2
21.12
14.152
14.152
17.728
27.928
16.152
20.04
14.152
15.536
24.592
19.728
14.152
23.016
14.44
22.544
27.88
12.576
22.016
15.44
18.44
22.064
14.152
23.304
14.2
12.576
13.152
12.576
14.304
12.576
12.576
21.304
23.272
18.44
13.44
13.152
19.92
32.456
23.144
27.88
28.88
16.208
18.44
23.696
14.152
18.536
20.984
15.44
13.384
14.152
23.168
28.352
23.12
14.44
12.624
23.304
14.152
32.456
20.44
18.568
23.576
16.248
12.576
30.88
14.152
23.304
20.016
28.944
21.552
14.152
26.4
12.624
22.016
16.304
23.016
19.016
30.344
20.016
12.576
23.184
21.504
20.112
16.32
21.4
24.64
14.152
22.36
13.2
15.152
19.76
20.744
13.304
12.576
20.016
32.456
23.504
22.64
13.328
14.44
20.488
22.216
22.016
15.488
23.016
29.064
18.624
22.016
14.152
13.44
14.44
28.88
23.456
22.408
16.152
16.152
19.728
14.44
16.336
12.576
13.152
12.576
24.592
23.016
14.44
25.88
30.264
22.016
18.704
16.152
24.6
14.152
24.592
24.688
23.304
22.016
20.016
17.904
14.152
14.44
15.448
14.296
17.728
14.152
21.136
13.744
28.912
22.016
14.152
27.928
22.016
23.016
20.624
20.016
13.152
22.304
28.08
12.576
14.152
13.44
20.44
14.152
24.64
15.152
22.016
20.44
27.696
14.152
14.2
23.016
18.44
18.44
28.168
13.576
20.584
20.152
12.576
16.6
15.744
14.152
14.2
22.304
13.232
20.304
13.432
22.016
13.44
25.968
13.536
12.624
13.584
30.88
20.016
22.304
23.552
20.304
31.04
24.608
29.88
16.248
29.112
15.44
12.864
17.744
14.152
12.76
14.248
23.016
14.152
18.488
23.016
13.44
18.44
17.728
29.056
22.064
22.592
14.72
14.288
19.728
22.016
20.016
18.704
13.104
20.912
24.912
13.44
14.44
15.44
13.152
23.04
14.304
15.44
24.592
12.576
22.104
22.016
14.384
19.064
14.432
12.576
23.016
32.456
12.72
21.464
24.872
13.152
30.88
24.688
19.352
16.248
14.152
21.192
22.2
14.152
27.88
16.648
21.304
21.304
23.272
12.576
16.152
24.84
17.776
29.344
12.576
13.488
23.064
22.232
18.44
19.88
13.208
15.656
22.664
31.112
25.88
15.44
23.048
14.288
14.152
15.64
12.808
14.296
20.296
12.576
32.56
14.44
20.016
12.624
32.456
24.824
24.632
12.576
16.52
20.544
22.808
13.976
12.576
14.024
16.712
13.64
23.768
14.2
14.248
27.592
22.016
14.384
13.44
20.44
12.864
12.912
13.44
18.672
26.448
14.256
20.44
23.904
17.728
12.576
14.544
13.44
16.2
12.576
20.44
14.192
22.016
14.2
13.248
20.488
24.592
21.04
23.016
28.104
14.152
19.512
30.88
12.576
12.576
19.728
24.816
12.576
12.576
17.776
18.624
14.352
16.152
12.864
12.576
12.624
23.016
23.408
24.592
13.152
13.2
13.44
23.304
22.408
21.408
14.44
18.44
18.488
20.696
13.064
22.096
12.576
14.44
19.304
24.592
23.016
19.944
16.872
15.44
25.08
20.568
24.696
21.624
12.576
14.304
17.88
20.44
13.44
24.592
16.152
14.152
14.2
19.064
22.096
14.44
13.264
14.248
23.016
22.392
15.152
12.576
20.24
14.304
12.576
29.144
12.576
17.912
14.152
24.64
13.648
23.304
18.552
14.672
25.872
14.152
22.56
21.648
18.44
19.776
20.304
16.032
20.16
14.152
27.928
22.304
14.152
24.592
14.152
15.64
14.488
20.536
30.416
12.576
22.016
19.976
24.592
14.152
24.592
22.48
23.304
22.016
17.776
14.152
31.024
22.432
23.2
19.888
14.44
13.696
14.152
22.016
15.488
13.44
18.656
14.384
23.016
14.432
28.344
12.8
18.792
22.016
22.016
14.152
22.016
14.384
14.432
28.048
30.928
23.296
19.264
13.44
12.576
22.016
20.624
28.88
12.752
23.6
14.152
12.76
13.152
13.44
13.44
23.016
21.144
20.016
20.016
13.384
22.304
29.272
14.432
13.576
12.624
22.032
24.64
15.84
23.016
18.44
17.784
16.152
23.016
22.304
13.464
14.432
12.864
14.152
24.592
13.152
27.88
14.152
24.088
16.456
22.016
14.384
20.016
19.824
13.632
23.304
20.232
18.44
14.408
13.44
14.152
13.44
20.44
12.576
14.152
14.2
13.152
22.016
13.152
12.576
20.016
14.304
22.272
18.48
22.096
15.44
14.208
24.592
13.592
20.016
13.152
20.728
19.336
12.576
12.904
12.624
14.152
13.296
26.064
18.488
20.456
17.728
14.264
25.88
14.152
22.504
19.304
25.832
14.152
15.44
28.88
14.288
14.152
15.72
14.44
15.44
13.152
14.152
18.52
19.728
16.152
15.44
12.576
14.192
13.152
20.728
18.44
23.016
18.44
29.984
14.152
13.488
19.536
21.744
12.576
12.576
23.016
17.784
20.44
20.016
22.224
20.016
31.104
15.2
13.568
20.816
14.152
32.624
20.192
20.44
12.808
20.016
22.016
24.864
13.392
15.44
27.88
26.008
27.976
22.016
13.152
18.464
24.592
14.152
24.592
22.016
20.44
26.144
17.792
15.44
22.4
15.44
30.168
12.848
32.616
21.304
20.304
22.304
32.456
13.544
20.072
14.152
13.152
22.064
18.728
14.152
14.44
14.152
14.152
19.728
14.68
13.296
22.064
13.2
14.432
23.016
24.592
12.576
20.064
12.576
30.168
23.256
13.224
14.44
29.352
24.016
31.024
21.304
20.016
12.576
20.016
15.44
18.44
12.576
21.016
22.016
18.44
12.576
14.2
14.248
20.44
14.488
14.536
12.664
13.44
12.576
24.288
21.216
13.584
21.016
22.064
20.432
19.728
14.152
23.016
14.152
23.168
12.576
20.544
18.488
18.44
13.152
12.576
14.44
19.728
30.096
23.016
14.672
12.8
20.44
14.152
24.64
12.76
24.848
29.216
20.144
33.152
17.84
27.88
13.288
12.576
13.336
24.664
14.152
29.512
12.76
15.44
14.288
28.88
12.576
14.152
12.864
27.88
21.448
21.304
14.152
18.44
18.912
13.152
26.16
14.152
14.2
27.592
19.2
24.768
14.152
23.016
18.024
18.44
15.608
19.304
14.456
17.912
23.016
24.592
16.48
18.44
29.168
12.576
14.152
14.68
14.488
23.016
22.016
23.016
12.576
12.624
24.416
18.44
12.728
21.304
16.568
12.616
13.152
14.152
23.016
20.68
22.584
14.488
19.096
12.664
22.12
22.304
13.16
20.304
18.672
28.352
14.4
21.304
12.768
12.912
15.64
14.152
12.576
20.064
16.272
14.152
22.304
22.568
19.496
25.64
30.88
13.648
31.216
19.248
24.592
22.016
14.152
19.728
14.152
25.88
14.152
14.2
16.152
32.52
22.064
23.552
16.152
14.72
13.56
24.592
14.152
23.016
19.728
22.416
14.152
23.184
22.016
28.512
12.704
14.192
21.016
16.152
14.44
14.152
20.016
23.064
22.016
19.2
23.088
22.016
26.016
20.304
14.2
20.016
14.152
19.88
17.768
25.744
12.576
15.744
24.592
23.68
14.536
14.344
13.152
29.168
14.152
22.36
32.504
14.488
17.912
12.728
20.12
24.824
18.488
20.016
14.152
20.016
12.576
23.248
13.44
27.64
12.864
18.44
25.88
14.44
20.168
21.416
22.352
28.88
13.568
14.152
14.152
13.488
32.736
17.904
14.44
19.304
14.152
13.44
13.152
14.152
16.152
24.36
13.152
23.304
16.152
23.168
22.016
18.44
13.392
31.2
22.016
16.608
13.296
28.944
16.272
28.32
31.728
12.576
12.576
23.456
12.576
20.016
14.304
22.016
12.672
14.16
19.728
29.376
14.152
19.304
23.192
22.016
19.304
25.592
14.152
23.48
24.968
14.152
17.776
24.824
16.232
15.44
13.4
24.592
20.016
23.016
22.016
14.152
19.824
12.576
14.152
24.592
28
22.016
24.208
25.216
13.744
20.512
13.6
20.848
20.304
20.656
18.304
20.44
14.2
23.304
12.576
25.88
12.576
22.016
21.112
20.44
16.576
14.152
24.592
23.016
23.512
13.44
19.968
20.44
25.592
13.152
22.344
15.44
19.752
24.6
13.152
20.064
12.576
14.304
20.592
30.88
22.288
32.656
23.104
22.016
21.472
12.944
24.64
23.248
20.016
19.304
21.504
28.952
22.016
18.44
22.016
20.144
12.576
29.88
13.152
16.152
23.16
22.016
20.2
13.016
12.576
19.304
17.728
16.336
14.44
19.728
14.152
14.2
22.016
22.288
14.152
22.096
14.68
29.824
20.016
12.576
22.304
12.576
22.304
16.152
14.152
14.152
20.488
24.608
12.576
14.152
12.576
22.064
23.072
20.44
23.304
24.744
14.152
32.456
22.304
13.232
23.408
14.152
23.016
18.44
13.152
18.44
26.16
18.488
25.008
15.44
22.896
30.624
13.152
15.44
24.848
21.536
30.704
19.712
14.152
23.248
22.016
14.384
28.88
13.488
22.176
31.104
18.44
20.44
15.44
16.208
24.592
21.48
15.44
24.592
18.44
20.016
20.304
29.184
14.152
23.016
12.76
13.704
14.488
32.712
14.488
14.152
13.2
20.208
22.016
24.592
19.728
19.296
17.784
31.168
18.44
16.44
12.576
20.088
15.816
25.224
12.912
16.44
23.208
25.176
23.304
28.152
14.152
23.016
16.152
14.152
29.88
18.44
13.488
14.152
32.736
15.64
14.488
13.152
14.152
21.12
24.768
14.152
26.016
25.976
16.208
18.44
18.488
29.064
13.272
17.728
23.064
18.44
18.352
17.92
14.152
15.64
16.152
12.576
14.304
16.152
12.576
12.576
30.88
12.576
29.88
20.544
13.44
12.576
13.44
12.672
20.064
22.272
14.152
17.76
29.568
12.576
21.016
19.016
20.264
17.728
14.152
24.592
21.304
14.152
14.2
24.64
20.016
18.44
16.152
14.152
13.152
23.064
20.44
13.152
22.304
19.232
16.4
14.488
12.576
14.44
14.248
14.152
23.072
27.696
14.592
14.4
14.152
13.44
27.608
14.2
14.152
19.728
13.44
12.576
24.592
12.576
14.304
28.168
20.016
16.456
18.624
26.104
22.512
13.152
22.016
20.016
14.44
23.304
18.44
25.752
25.08
16.68
13.368
30.168
22.168
22.016
13.152
14.48
18.608
16.16
12.576
19.4
23.016
12.576
15.44
20.016
12.848
12.656
17.744
14.152
28.168
25.88
22.304
19.304
27.992
13.44
25.664
17.728
14.2
13.152
12.864
12.576
25.632
12.624
13.2
14.152
28.88
20.304
16.44
18.488
19.2
18.584
28.128
19.304
13.592
15.44
22.832
12.608
21.44
12.576
28.928
18.808
12.576
31.336
12.624
25.144
15.832
20.2
21.928
12.576
18.616
20.344
16.312
19.96
13.528
22.016
23.112
13.44
29.568
21.304
14.92
14.152
30.216
14.2
20.016
22.44
24.592
12.576
14.544
12.672
20.64
12.864
21.312
24.72
22.368
28.416
14.44
18.488
22.016
19.424
15.44
12.576
22.224
19.016
18.44
17.872
21.28
20.44
14.248
14.296
12.576
14.152
13.152
14.44
22.168
19.488
22.016
14.384
14.192
30.88
14.152
22.016
14.152
21.016
21.304
14.152
22.016
14.152
13.184
17.776
25.984
20.016
19.016
23.168
24.592
20.352
20.064
24.592
22.304
28.88
23.168
32.456
28.968
