12.576
12.744
12.912
13.08
13.248
13.416
13.584
13.752
13.92
14.088
14.256
14.424
14.592
14.76
14.928
15.096
15.264
15.432
15.6
15.768
15.936
16.104
16.272
16.44
16.608
16.776
16.944
17.112
17.28
17.448
17.616
17.784
17.952
18.12
18.288
18.456
18.624
18.792
18.96
19.128
19.296
19.464
19.632
19.8
19.968
20.136
20.304
20.472
20.64
20.808
20.976
21.144
21.312
21.48
21.648
21.816
21.984
22.152
22.32
22.488
22.656
22.824
22.992
23.16
23.328
23.496
23.664
23.832
24
24.168
24.336
24.504
24.672
24.84
25.008
25.176
25.344
25.512
25.68
25.848
26.016
26.184
26.352
26.52
26.688
26.856
27.024
27.192
27.36
27.528
27.696
27.864
28.032
28.2
28.368
28.536
28.704
28.872
29.04
29.208
29.376
29.544
29.712
29.88
30.048
30.216
30.384
30.552
30.72
30.888
31.056
31.224
31.392
31.56
31.728
31.896
32.064
32.232
32.4
32.568
32.736
32.904
33.072
33.24
33.408
33.576
33.744
33.912
34.08
34.248
34.416
34.584
34.752
34.92
35.088
35.256
35.424
35.592
35.76
35.928
36.096
36.264
36.432
36.6
36.768
36.936
37.104
37.272
37.44
37.608
37.776
37.944
38.112
38.28
38.448
38.616
38.784
38.952
39.12
39.288
39.456
39.624
39.792
39.96
40.128
40.296
40.464
40.632
40.8
40.968
41.136
41.304
41.472
41.64
41.808
41.976
42.144
42.312
42.48
42.648
42.816
42.984
43.152
43.32
43.488
43.656
43.824
43.992
44.16
44.328
44.496
44.664
44.832
45
45.168
45.336
45.504
45.672
45.84
46.008
46.176
46.344
46.512
46.68
46.848
47.016
47.184
47.352
47.52
47.688
47.856
48.024
48.192
48.36
48.528
48.696
48.864
49.032
49.2
49.368
49.536
49.704
49.872
50.04
50.208
50.376
50.544
50.712
50.88
51.048
51.216
51.384
51.552
51.72
51.888
52.056
52.224
52.392
52.56
52.728
52.896
53.064
53.232
53.4
53.568
53.736
53.904
54.072
54.24
54.408
54.576
54.744
54.912
55.08
55.248
55.416
55.584
55.752
55.92
56.088
56.256
56.424
56.592
56.76
56.928
57.096
57.264
57.432
57.6
57.768
57.936
58.104
58.272
58.44
58.608
58.776
58.944
59.112
59.28
59.448
59.616
59.784
59.952
60.12
60.288
60.456
60.624
60.792
60.96
61.128
61.296
61.464
61.632
61.8
61.968
62.136
62.304
62.472
62.64
62.808
62.976
63.144
63.312
63.48
63.648
63.816
63.984
64.152
64.32
64.488
64.656
64.824
64.992
65.16
65.328
65.496
65.664
65.832
66
66.168
66.336
66.504
66.672
66.84
67.008
67.176
67.344
67.512
67.68
67.848
68.016
68.184
68.352
68.52
68.688
68.856
69.024
69.192
69.36
69.528
69.696
69.864
70.032
70.2
70.368
70.536
70.704
70.872
71.04
71.208
71.376
71.544
71.712
71.88
72.048
72.216
72.384
72.552
72.72
72.888
73.056
73.224
73.392
73.56
73.728
73.896
74.064
74.232
74.4
74.568
74.736
74.904
75.072
75.24
75.408
75.576
75.744
75.912
76.08
76.248
76.416
76.584
76.752
76.92
77.088
77.256
77.424
77.592
77.76
77.928
78.096
78.264
78.432
78.6
78.768
78.936
79.104
79.272
79.44
79.608
79.776
79.944
80.112
80.28
80.448
80.616
80.784
80.952
81.12
81.288
81.456
81.624
81.792
81.96
82.128
82.296
82.464
82.632
82.8
82.968
83.136
83.304
83.472
83.64
83.808
83.976
84.144
84.312
84.48
84.648
84.816
84.984
85.152
85.32
85.488
85.656
85.824
85.992
86.16
86.328
86.496
86.664
86.832
87
87.168
87.336
87.504
87.672
87.84
88.008
88.176
88.344
88.512
88.68
88.848
89.016
89.184
89.352
89.52
89.688
89.856
90.024
90.192
90.36
90.528
90.696
90.864
91.032
91.2
91.368
91.536
91.704
91.872
92.04
92.208
92.376
92.544
92.712
92.88
93.048
93.216
93.384
93.552
93.72
93.888
94.056
94.224
94.392
94.56
94.728
94.896
95.064
95.232
95.4
95.568
95.736
95.904
96.072
96.24
96.408
96.576
96.744
96.912
97.08
97.248
97.416
97.584
97.752
97.92
98.088
98.256
98.424
98.592
98.76
98.928
99.096
99.264
99.432
99.6
99.768
99.936
100.104
100.272
100.44
100.608
100.776
100.944
101.112
101.28
101.448
101.616
101.784
101.952
102.12
102.288
102.456
102.624
102.792
102.96
103.128
103.296
103.464
103.632
103.8
103.968
104.136
104.304
104.472
104.64
104.808
104.976
105.144
105.312
105.48
105.648
105.816
105.984
106.152
106.32
106.488
106.656
106.824
106.992
107.16
107.328
107.496
107.664
107.832
108
108.168
108.336
108.504
108.672
108.84
109.008
109.176
109.344
109.512
109.68
109.848
110.016
110.184
110.352
110.52
110.688
110.856
111.024
111.192
111.36
111.528
111.696
111.864
112.032
112.2
112.368
112.536
112.704
112.872
113.04
113.208
113.376
113.544
113.712
113.88
114.048
114.216
114.384
114.552
114.72
114.888
115.056
115.224
115.392
115.56
115.728
115.896
116.064
116.232
116.4
116.568
116.736
116.904
117.072
117.24
117.408
117.576
117.744
117.912
118.08
118.248
118.416
118.584
118.752
118.92
119.088
119.256
119.424
119.592
119.76
119.928
120.096
120.264
120.432
120.6
120.768
120.936
121.104
121.272
121.44
121.608
121.776
121.944
122.112
122.28
122.448
122.616
122.784
122.952
123.12
123.288
123.456
123.624
123.792
123.96
124.128
124.296
124.464
124.632
124.8
124.968
125.136
125.304
125.472
125.64
125.808
125.976
126.144
126.312
126.48
126.648
126.816
126.984
127.152
127.32
127.488
127.656
127.824
127.992
128.16
128.328
128.496
128.664
128.832
129
129.168
129.336
129.504
129.672
129.84
130.008
130.176
130.344
130.512
130.68
130.848
131.016
131.184
131.352
131.52
131.688
131.856
132.024
132.192
132.36
132.528
132.696
132.864
133.032
133.2
133.368
133.536
133.704
133.872
134.04
134.208
134.376
134.544
134.712
134.88
135.048
135.216
135.384
135.552
135.72
135.888
136.056
136.224
136.392
136.56
136.728
136.896
137.064
137.232
137.4
137.568
137.736
137.904
138.072
138.24
138.408
138.576
138.744
138.912
139.08
139.248
139.416
139.584
139.752
139.92
140.088
140.256
140.424
140.592
140.76
140.928
141.096
141.264
141.432
141.6
141.768
141.936
142.104
142.272
142.44
142.608
142.776
142.944
143.112
143.28
143.448
143.616
143.784
143.952
144.12
144.288
144.456
144.624
144.792
144.96
145.128
145.296
145.464
145.632
145.8
145.968
146.136
146.304
146.472
146.64
146.808
146.976
147.144
147.312
147.48
147.648
147.816
147.984
148.152
148.32
148.488
148.656
148.824
148.992
149.16
149.328
149.496
149.664
149.832
150
150.168
150.336
150.504
150.672
150.84
151.008
151.176
151.344
151.512
151.68
151.848
152.016
152.184
152.352
152.52
152.688
152.856
153.024
153.192
153.36
153.528
153.696
153.864
154.032
154.2
154.368
154.536
154.704
154.872
155.04
155.208
155.376
155.544
155.712
155.88
156.048
156.216
156.384
156.552
156.72
156.888
157.056
157.224
157.392
157.56
157.728
157.896
158.064
158.232
158.4
158.568
158.736
158.904
159.072
159.24
159.408
159.576
159.744
159.912
160.08
160.248
160.416
160.584
160.752
160.92
161.088
161.256
161.424
161.592
161.76
161.928
162.096
162.264
162.432
162.6
162.768
162.936
163.104
163.272
163.44
163.608
163.776
163.944
164.112
164.28
164.448
164.616
164.784
164.952
165.12
165.288
165.456
165.624
165.792
165.96
166.128
166.296
166.464
166.632
166.8
166.968
167.136
167.304
167.472
167.64
167.808
167.976
168.144
168.312
168.48
168.648
168.816
168.984
169.152
169.32
169.488
169.656
169.824
169.992
170.16
170.328
170.496
170.664
170.832
171
171.168
171.336
171.504
171.672
171.84
172.008
172.176
172.344
172.512
172.68
172.848
173.016
173.184
173.352
173.52
173.688
173.856
174.024
174.192
174.36
174.528
174.696
174.864
175.032
175.2
175.368
175.536
175.704
175.872
176.04
176.208
176.376
176.544
176.712
176.88
177.048
177.216
177.384
177.552
177.72
177.888
178.056
178.224
178.392
178.56
178.728
178.896
179.064
179.232
179.4
179.568
179.736
179.904
180.072
180.24
180.408
180.576
180.744
180.912
181.08
181.248
181.416
181.584
181.752
181.92
182.088
182.256
182.424
182.592
182.76
182.928
183.096
183.264
183.432
183.6
183.768
183.936
184.104
184.272
184.44
184.608
184.776
184.944
185.112
185.28
185.448
185.616
185.784
185.952
186.12
186.288
186.456
186.624
186.792
186.96
187.128
187.296
187.464
187.632
187.8
187.968
188.136
188.304
188.472
188.64
188.808
188.976
189.144
189.312
189.48
189.648
189.816
189.984
190.152
190.32
190.488
190.656
190.824
190.992
191.16
191.328
191.496
191.664
191.832
192
192.168
192.336
192.504
192.672
192.84
193.008
193.176
193.344
193.512
193.68
193.848
194.016
194.184
194.352
194.52
194.688
194.856
195.024
195.192
195.36
195.528
195.696
195.864
196.032
196.2
196.368
196.536
196.704
196.872
197.04
197.208
197.376
197.544
197.712
197.88
198.048
198.216
198.384
198.552
198.72
198.888
199.056
199.224
199.392
199.56
199.728
199.896
200.064
200.232
200.4
200.568
200.736
200.904
201.072
201.24
201.408
201.576
201.744
201.912
202.08
202.248
202.416
202.584
202.752
202.92
203.088
203.256
203.424
203.592
203.76
203.928
204.096
204.264
204.432
204.6
204.768
204.936
205.104
205.272
205.44
205.608
205.776
205.944
206.112
206.28
206.448
206.616
206.784
206.952
207.12
207.288
207.456
207.624
207.792
207.96
208.128
208.296
208.464
208.632
208.8
208.968
209.136
209.304
209.472
209.64
209.808
209.976
210.144
210.312
210.48
210.648
210.816
210.984
211.152
211.32
211.488
211.656
211.824
211.992
212.16
212.328
212.496
212.664
212.832
213
213.168
213.336
213.504
213.672
213.84
214.008
214.176
214.344
214.512
214.68
214.848
215.016
215.184
215.352
215.52
215.688
215.856
216.024
216.192
216.36
216.528
216.696
216.864
217.032
217.2
217.368
217.536
217.704
217.872
218.04
218.208
218.376
218.544
218.712
218.88
219.048
219.216
219.384
219.552
219.72
219.888
220.056
220.224
220.392
220.56
220.728
220.896
221.064
221.232
221.4
221.568
221.736
221.904
222.072
222.24
222.408
222.576
222.744
222.912
223.08
223.248
223.416
223.584
223.752
223.92
224.088
224.256
224.424
224.592
224.76
224.928
225.096
225.264
225.432
225.6
225.768
225.936
226.104
226.272
226.44
226.608
226.776
226.944
227.112
227.28
227.448
227.616
227.784
227.952
228.12
228.288
228.456
228.624
228.792
228.96
229.128
229.296
229.464
229.632
229.8
229.968
230.136
230.304
230.472
230.64
230.808
230.976
231.144
231.312
231.48
231.648
231.816
231.984
232.152
232.32
232.488
232.656
232.824
232.992
233.16
233.328
233.496
233.664
233.832
234
234.168
234.336
234.504
234.672
234.84
235.008
235.176
235.344
235.512
235.68
235.848
236.016
236.184
236.352
236.52
236.688
236.856
237.024
237.192
237.36
237.528
237.696
237.864
238.032
238.2
238.368
238.536
238.704
238.872
239.04
239.208
239.376
239.544
239.712
239.88
240.048
240.216
240.384
240.552
240.72
240.888
241.056
241.224
241.392
241.56
241.728
241.896
242.064
242.232
242.4
242.568
242.736
242.904
243.072
243.24
243.408
243.576
243.744
243.912
244.08
244.248
244.416
244.584
244.752
244.92
245.088
245.256
245.424
245.592
245.76
245.928
246.096
246.264
246.432
246.6
246.768
246.936
247.104
247.272
247.44
247.608
247.776
247.944
248.112
248.28
248.448
248.616
248.784
248.952
249.12
249.288
249.456
249.624
249.792
249.96
250.128
250.296
250.464
250.632
250.8
250.968
251.136
251.304
251.472
251.64
251.808
251.976
252.144
252.312
252.48
252.648
252.816
252.984
253.152
253.32
253.488
253.656
253.824
253.992
254.16
254.328
254.496
254.664
254.832
255
255.168
255.336
255.504
255.672
255.84
256.008
256.176
256.344
256.512
256.68
256.848
257.016
257.184
257.352
257.52
257.688
257.856
258.024
258.192
258.36
258.528
258.696
258.864
259.032
259.2
259.368
259.536
259.704
259.872
260.04
260.208
260.376
260.544
260.712
260.88
261.048
261.216
261.384
261.552
261.72
261.888
262.056
262.224
262.392
262.56
262.728
262.896
263.064
263.232
263.4
263.568
263.736
263.904
264.072
264.24
264.408
264.576
264.744
264.912
265.08
265.248
265.416
265.584
265.752
265.92
266.088
266.256
266.424
266.592
266.76
266.928
267.096
267.264
267.432
267.6
267.768
267.936
268.104
268.272
268.44
268.608
268.776
268.944
269.112
269.28
269.448
269.616
269.784
269.952
270.12
270.288
270.456
270.624
270.792
270.96
271.128
271.296
271.464
271.632
271.8
271.968
272.136
272.304
272.472
272.64
272.808
272.976
273.144
273.312
273.48
273.648
273.816
273.984
274.152
274.32
274.488
274.656
274.824
274.992
275.16
275.328
275.496
275.664
275.832
276
276.168
276.336
276.504
276.672
276.84
277.008
277.176
277.344
277.512
277.68
277.848
278.016
278.184
278.352
278.52
278.688
278.856
279.024
279.192
279.36
279.528
279.696
279.864
280.032
280.2
280.368
280.536
280.704
280.872
281.04
281.208
281.376
281.544
281.712
281.88
282.048
282.216
282.384
282.552
282.72
282.888
283.056
283.224
283.392
283.56
283.728
283.896
284.064
284.232
284.4
284.568
284.736
284.904
285.072
285.24
285.408
285.576
285.744
285.912
286.08
286.248
286.416
286.584
286.752
286.92
287.088
287.256
287.424
287.592
287.76
287.928
288.096
288.264
288.432
288.6
288.768
288.936
289.104
289.272
289.44
289.608
289.776
289.944
290.112
290.28
290.448
290.616
290.784
290.952
291.12
291.288
291.456
291.624
291.792
291.96
292.128
292.296
292.464
292.632
292.8
292.968
293.136
293.304
293.472
293.64
293.808
293.976
294.144
294.312
294.48
294.648
294.816
294.984
295.152
295.32
295.488
295.656
295.824
295.992
296.16
296.328
296.496
296.664
296.832
297
297.168
297.336
297.504
297.672
297.84
298.008
298.176
298.344
298.512
298.68
298.848
299.016
299.184
299.352
299.52
299.688
299.856
300.024
300.192
300.36
300.528
300.696
300.864
301.032
301.2
301.368
301.536
301.704
301.872
302.04
302.208
302.376
302.544
302.712
302.88
303.048
303.216
303.384
303.552
303.72
303.888
304.056
304.224
304.392
304.56
304.728
304.896
305.064
305.232
305.4
305.568
305.736
305.904
306.072
306.24
306.408
306.576
306.744
306.912
307.08
307.248
307.416
307.584
307.752
307.92
308.088
308.256
308.424
308.592
308.76
308.928
309.096
309.264
309.432
309.6
309.768
309.936
310.104
310.272
310.44
310.608
310.776
310.944
311.112
311.28
311.448
311.616
311.784
311.952
312.12
312.288
312.456
312.624
312.792
312.96
313.128
313.296
313.464
313.632
313.8
313.968
314.136
314.304
314.472
314.64
314.808
314.976
315.144
315.312
315.48
315.648
315.816
315.984
316.152
316.32
316.488
316.656
316.824
316.992
317.16
317.328
317.496
317.664
317.832
318
318.168
318.336
318.504
318.672
318.84
319.008
319.176
319.344
319.512
319.68
319.848
320.016
320.184
320.352
320.52
320.688
320.856
321.024
321.192
321.36
321.528
321.696
321.864
322.032
322.2
322.368
322.536
322.704
322.872
323.04
323.208
323.376
323.544
323.712
323.88
324.048
324.216
324.384
324.552
324.72
324.888
325.056
325.224
325.392
325.56
325.728
325.896
326.064
326.232
326.4
326.568
326.736
326.904
327.072
327.24
327.408
327.576
327.744
327.912
328.08
328.248
328.416
328.584
328.752
328.92
329.088
329.256
329.304
329.352
329.28
329.328
329.256
329.304
329.352
329.28
329.328
329.256
329.304
329.352
329.28
329.328
329.256
329.304
329.352
329.28
329.328
329.256
329.304
329.352
329.28
329.328
329.256
329.304
329.352
329.28
329.328
329.256
329.304
329.352
329.28
329.328
329.256
329.304
329.352
329.28
329.328
329.256
329.304
329.352
329.28
329.328
329.256
329.304
329.352
329.28
329.328
329.256
329.304
329.352
329.28
329.328
329.256
329.304
329.352
329.28
329.328
329.256
329.304
329.352
329.28
329.328
329.256
329.304
329.352
329.28
329.328
329.256
329.304
329.352
329.28
329.328
329.256
329.304
329.352
329.28
329.328
329.256
329.304
329.352
329.28
329.328
329.256
329.304
329.352
329.28
329.328
329.256
329.304
329.352
329.28
329.328
329.256
329.304
329.352
329.28
329.328
329.256
329.304
329.352
329.28
329.328
329.256
329.304
329.352
329.28
329.328
329.256
329.304
329.352
329.28
329.328
329.256
329.304
329.352
329.28
329.328
329.256
329.304
329.352
329.28
329.328
329.256
329.304
329.352
329.28
329.328
329.256
329.304
329.352
329.28
329.328
329.256
329.304
329.352
329.28
329.328
329.256
329.304
329.352
329.28
329.328
329.256
329.304
329.352
329.28
329.328
329.256
329.304
329.352
329.28
329.328
329.256
329.304
329.352
329.28
329.328
329.256
329.304
329.352
329.28
329.328
329.256
329.304
329.352
329.28
329.328
329.256
329.304
329.352
329.28
329.328
329.256
329.304
329.352
329.28
329.328
329.256
329.304
329.352
329.28
329.328
329.256
329.304
329.352
329.28
329.328
329.256
329.304
329.352
329.28
329.328
329.256
329.304
329.352
329.28
329.328
329.256
329.304
329.352
329.28
329.328
329.256
329.304
329.352
329.28
329.328
329.256
329.304
329.352
329.28
329.328
329.256
329.304
329.352
329.28
329.328
329.256
329.304
329.352
329.28
329.328
329.256
329.304
329.352
329.28
329.328
329.256
329.304
329.352
329.28
329.328
329.256
329.304
329.352
329.28
329.328
329.256
329.304
329.352
329.28
329.328
329.256
329.304
329.352
329.28
329.328
329.256
329.304
329.352
329.28
329.328
329.256
329.304
329.352
329.28
329.328
329.256
329.304
329.352
329.28
329.328
329.256
329.304
329.352
329.28
329.328
329.256
329.304
329.352
329.28
329.328
329.256
329.304
329.352
329.28
329.328
329.256
329.304
329.352
329.28
329.328
329.256
329.304
329.352
329.28
329.328
329.256
329.304
329.352
329.28
329.328
329.256
329.304
329.352
329.28
329.328
329.256
329.304
329.352
329.28
329.328
329.256
329.304
329.352
329.28
329.328
329.256
329.304
329.352
329.28
329.328
329.256
329.304
329.352
329.28
329.328
329.256
329.304
329.352
329.28
329.328
329.256
329.304
329.352
329.28
329.328
329.256
329.304
329.352
329.28
329.328
329.256
329.304
329.352
329.28
329.328
329.256
329.304
329.352
329.28
329.328
329.256
329.304
329.352
329.28
329.328
329.256
329.304
329.352
329.28
329.328
329.256
329.304
329.352
329.28
329.328
329.256
329.304
329.352
329.28
329.328
329.256
329.304
329.352
329.28
329.328
329.256
329.304
329.352
329.28
329.328
329.256
329.304
329.352
329.28
329.328
329.256
329.304
329.352
329.28
329.328
329.256
329.304
329.352
329.28
329.328
329.256
329.304
329.352
329.28
329.328
329.256
329.304
329.352
329.28
329.328
329.256
329.304
329.352
329.28
329.328
329.256
329.304
329.352
329.28
329.328
329.256
329.304
329.352
329.28
329.328
329.256
329.304
329.352
329.28
329.328
329.256
329.304
329.352
329.28
329.328
329.256
329.304
329.352
329.28
329.328
329.256
329.304
329.352
329.28
329.328
329.256
329.304
329.352
329.28
329.328
329.256
329.304
329.352
329.28
329.328
329.256
329.304
329.352
329.28
329.328
329.256
329.304
329.352
329.28
329.328
329.256
329.304
329.352
329.28
329.328
329.256
329.304
329.352
329.28
329.328
329.256
329.304
329.352
329.28
329.328
329.256
329.304
329.352
329.28
329.328
329.256
329.304
329.352
329.28
329.328
329.256
329.304
329.352
329.28
329.328
329.256
329.304
329.352
329.28
329.328
329.256
329.304
329.352
329.28
329.328
329.256
329.304
329.352
329.28
329.328
329.256
329.304
329.352
329.28
329.328
329.256
329.304
329.352
329.28
329.328
329.256
329.304
329.352
329.28
329.328
329.256
329.304
329.352
329.28
329.328
329.256
329.304
329.352
329.28
329.328
329.256
329.304
329.352
329.28
329.328
329.256
329.304
329.352
329.28
329.328
329.256
329.304
329.352
329.28
329.328
329.256
329.304
329.352
329.28
329.328
329.256
329.304
329.352
329.28
329.328
329.256
329.304
329.352
329.28
329.328
329.256
329.304
329.352
329.28
329.328
329.256
329.304
329.352
329.28
329.328
329.256
329.304
329.352
329.28
329.328
329.256
329.304
329.352
329.28
329.328
329.256
329.304
329.352
329.28
329.328
329.256
329.304
329.352
329.28
329.328
329.256
329.304
329.352
329.28
329.328
329.256
329.304
329.352
329.28
329.328
329.256
329.304
329.352
329.28
329.328
329.256
329.304
329.352
329.28
329.328
329.256
329.304
329.352
329.28
329.328
329.256
329.304
329.352
329.28
329.328
329.256
329.304
329.352
329.28
329.328
329.256
329.304
329.352
329.28
329.328
329.256
329.304
329.352
329.28
329.328
329.256
329.304
329.352
329.28
329.328
329.256
329.304
329.352
329.28
329.328
329.256
329.304
329.352
329.28
329.328
329.256
329.304
329.352
329.28
329.328
329.256
329.304
329.352
329.28
329.328
329.256
329.304
329.352
329.28
329.328
329.256
329.304
329.352
329.28
329.328
329.256
329.304
329.352
329.28
329.328
329.256
329.304
329.352
329.28
329.328
329.256
329.304
329.352
329.28
329.328
329.256
329.304
329.352
329.28
329.328
329.256
329.304
329.352
329.28
329.328
329.256
329.304
329.352
329.28
329.328
329.256
329.304
329.352
329.28
329.328
329.256
329.304
329.352
329.28
329.328
329.256
329.304
329.352
329.28
329.328
329.256
329.304
329.352
329.28
329.328
329.256
329.304
329.352
329.28
329.328
329.256
329.304
329.352
329.28
329.328
329.256
329.304
329.352
329.28
329.328
329.256
329.304
329.352
329.28
329.328
329.256
329.304
329.352
329.28
329.328
329.256
329.304
329.352
329.28
329.328
329.256
329.304
329.352
329.28
329.328
329.256
329.304
329.352
329.28
329.328
329.256
329.304
329.352
329.28
329.328
329.256
329.304
329.352
329.28
329.328
329.256
329.304
329.352
329.28
329.328
329.256
329.304
329.352
329.28
329.328
329.256
329.304
329.352
329.28
329.328
329.256
329.304
329.352
329.28
329.328
329.256
329.304
329.352
329.28
329.328
329.256
329.304
329.352
329.28
329.328
329.256
329.304
329.352
329.28
329.328
329.256
329.304
329.352
329.28
329.328
329.256
329.304
329.352
329.28
329.328
329.256
329.304
329.352
329.28
329.328
329.256
329.304
329.352
329.28
329.328
329.256
329.304
329.352
329.28
329.328
329.256
329.304
329.352
329.28
329.328
329.256
329.304
329.352
329.28
329.328
329.256
329.304
329.352
329.28
329.328
329.256
329.304
329.352
329.28
329.328
329.256
329.304
329.352
329.28
329.328
329.256
329.304
329.352
329.28
329.328
329.256
329.304
329.352
329.28
329.328
329.256
329.304
329.352
329.28
329.328
329.256
329.304
329.352
329.28
329.328
329.256
329.304
329.352
329.28
329.328
329.256
329.304
329.352
329.28
329.328
329.256
329.304
329.352
329.28
329.328
329.256
329.304
329.352
329.28
329.328
329.256
329.304
329.352
329.28
329.328
329.256
329.304
329.352
329.28
329.328
329.256
329.304
329.352
329.28
329.328
329.256
329.304
329.352
329.28
329.328
329.256
329.304
329.352
329.28
329.328
329.256
329.304
329.352
329.28
329.328
329.256
329.304
329.352
329.28
329.328
329.256
329.304
329.352
329.28
329.328
329.256
329.304
329.352
329.28
329.328
329.256
329.304
329.352
329.28
329.328
329.256
329.304
329.352
329.28
329.328
329.256
329.304
329.352
329.28
329.328
329.256
329.304
329.352
329.28
329.328
329.256
329.304
329.352
329.28
329.328
329.256
329.304
329.352
329.28
329.328
329.256
329.304
329.352
329.28
329.328
329.256
329.304
329.352
329.28
329.328
329.256
329.304
329.352
329.28
329.328
329.256
329.304
329.352
329.28
329.328
329.256
329.304
329.352
329.28
329.328
329.256
329.304
329.352
329.28
329.328
329.256
329.304
329.352
329.28
329.328
329.256
329.304
329.352
329.28
329.328
329.256
329.304
329.352
329.28
329.328
329.256
329.304
329.352
329.28
329.328
329.256
329.304
329.352
329.28
329.328
329.256
329.304
329.352
329.28
329.328
329.256
329.304
329.352
329.28
329.328
329.256
329.304
329.352
329.28
329.328
329.256
329.304
329.352
329.28
329.328
329.256
329.304
329.352
329.28
329.328
329.256
329.304
329.352
329.28
329.328
329.256
329.304
329.352
329.28
329.328
329.256
329.304
329.352
329.28
329.328
329.256
329.304
329.352
329.28
329.328
329.256
329.304
329.352
329.28
329.328
329.256
329.304
329.352
329.28
329.328
329.256
329.304
329.352
329.28
329.328
329.256
329.304
329.352
329.28
329.328
329.256
329.304
329.352
329.28
329.328
329.256
329.304
329.352
329.28
329.328
329.256
329.304
329.352
329.28
329.328
329.256
329.304
329.352
329.28
329.328
329.256
329.304
329.352
329.28
329.328
329.256
329.304
329.352
329.28
329.328
329.256
329.304
329.352
329.28
329.328
329.256
329.304
329.352
329.28
329.328
329.256
329.304
329.352
329.28
329.328
329.256
329.304
329.352
329.28
329.328
329.256
329.304
329.352
329.28
329.328
329.256
329.304
329.352
329.28
329.328
329.256
329.304
329.352
329.28
329.328
329.256
329.304
329.352
329.28
329.328
329.256
329.304
329.352
329.28
329.328
329.256
329.304
329.352
329.28
329.328
329.256
329.304
329.352
329.28
329.328
329.256
329.304
329.352
329.28
329.328
329.256
329.304
329.352
329.28
329.328
329.256
329.304
329.352
329.28
329.328
329.256
329.304
329.352
329.28
329.328
329.256
329.304
329.352
329.28
329.328
329.256
329.304
329.352
329.28
329.328
329.256
329.304
329.352
329.28
329.328
329.256
329.304
329.352
329.28
329.328
329.256
329.304
329.352
329.28
329.328
329.256
329.304
329.352
329.28
329.328
329.256
329.304
329.352
329.28
329.328
329.256
329.304
329.352
329.28
329.328
329.256
329.304
329.352
329.28
329.328
329.256
329.304
329.352
329.28
329.328
329.256
329.304
329.352
329.28
329.328
329.256
329.304
329.352
329.28
329.328
329.256
329.304
329.352
329.28
329.328
329.256
329.304
329.352
329.28
329.328
329.256
329.304
329.352
329.28
329.328
329.256
329.304
329.352
329.28
329.328
329.256
329.304
329.352
329.28
329.328
329.256
329.304
329.352
329.28
329.328
329.256
329.304
329.352
329.28
329.328
329.256
329.304
329.352
329.28
329.328
329.256
329.304
329.352
329.28
329.328
329.256
329.304
329.352
329.28
329.328
329.256
329.304
329.352
329.28
329.328
329.256
329.304
329.352
329.28
329.328
329.256
329.304
329.352
329.28
329.328
329.256
329.304
329.352
329.28
329.328
329.256
329.304
329.352
329.28
329.328
329.256
329.304
329.352
329.28
329.328
329.256
329.304
329.352
329.28
329.328
329.256
329.304
329.352
329.28
329.328
329.256
329.304
329.352
329.28
329.328
329.256
329.304
329.352
329.28
329.328
329.256
329.304
329.352
329.28
329.328
329.256
329.304
329.352
329.28
329.328
329.256
329.304
329.352
329.28
329.328
329.256
329.304
329.352
329.28
329.328
329.256
329.304
329.352
329.28
329.328
329.256
329.304
329.352
329.28
329.328
329.256
329.304
329.352
329.28
329.328
329.256
329.304
329.352
329.28
329.328
329.256
329.304
329.352
329.28
329.328
329.256
329.304
329.352
329.28
329.328
329.256
329.304
329.352
329.28
329.328
329.256
329.304
329.352
329.28
329.328
329.256
329.304
329.352
329.28
329.328
329.256
329.304
329.352
329.28
329.328
329.256
329.304
329.352
329.28
329.328
329.256
329.304
329.352
329.28
329.328
329.256
329.304
329.352
329.28
329.328
329.256
329.304
329.352
329.28
329.328
329.256
329.304
329.352
329.28
329.328
329.256
329.304
329.352
329.28
329.328
329.256
329.304
329.352
329.28
329.328
329.256
329.304
329.352
329.28
329.328
329.256
329.304
329.352
329.28
329.328
329.256
329.304
329.352
329.28
329.328
329.256
329.304
329.352
329.28
329.328
329.256
329.304
329.352
329.28
329.328
329.256
329.304
329.352
329.28
329.328
329.256
329.304
329.352
329.28
329.328
329.256
329.304
329.352
329.28
329.328
329.256
329.304
329.352
329.28
329.328
329.256
329.304
329.352
329.28
329.328
329.256
329.304
329.352
329.28
329.328
329.256
329.304
329.352
329.28
329.328
329.256
329.304
329.352
329.28
329.328
329.256
329.304
329.352
329.28
329.328
329.256
329.304
329.352
329.28
329.328
329.256
329.304
329.352
329.28
329.328
329.256
329.304
329.352
329.28
329.328
329.256
329.304
329.352
329.28
329.328
329.256
329.304
329.352
329.28
329.328
329.256
329.304
329.352
329.28
329.328
329.256
329.304
329.352
329.28
329.328
329.256
329.304
329.352
329.28
329.328
329.256
329.304
329.352
329.28
329.328
329.256
329.304
329.352
329.28
329.328
329.256
329.304
329.352
329.28
329.328
329.256
329.304
329.352
329.28
329.328
329.256
329.304
329.352
329.28
329.328
329.256
329.304
329.352
329.28
329.328
329.256
329.304
329.352
329.28
329.328
329.256
329.304
329.352
329.28
329.328
329.256
329.304
329.352
329.28
329.328
329.256
329.304
329.352
329.28
329.328
329.256
329.304
329.352
329.28
329.328
329.256
329.304
329.352
329.28
329.328
329.256
329.304
329.352
329.28
329.328
329.256
329.304
329.352
329.28
329.328
329.256
329.304
329.352
329.28
329.328
329.256
329.304
329.352
329.28
329.328
329.256
329.304
329.352
329.28
329.328
329.256
329.304
329.352
329.28
329.328
329.256
329.304
329.352
329.28
329.328
329.256
329.304
329.352
329.28
329.328
329.256
329.304
329.352
329.28
329.328
329.256
329.304
329.352
329.28
329.328
329.256
329.304
329.352
329.28
329.328
329.256
329.304
329.352
329.28
329.328
329.256
329.304
329.352
329.28
329.328
329.256
329.304
329.352
329.28
329.328
329.256
329.304
329.352
329.28
329.328
329.256
329.304
329.352
329.28
329.328
329.256
329.304
329.352
329.28
329.328
329.256
329.304
329.352
329.28
329.328
329.256
329.304
329.352
329.28
329.328
329.256
329.304
329.352
329.28
329.328
329.256
329.304
329.352
329.28
329.328
329.256
329.304
329.352
329.28
329.328
329.256
329.304
329.352
329.28
329.328
329.256
329.304
329.352
329.28
329.328
329.256
329.304
329.352
329.28
329.328
329.256
329.304
329.352
329.28
329.328
329.256
329.304
329.352
329.28
329.328
329.256
329.304
329.352
329.28
329.328
329.256
329.304
329.352
329.28
329.328
329.256
329.304
329.352
329.28
329.328
329.256
329.304
329.352
329.28
329.328
329.256
329.304
329.352
329.28
329.328
329.256
329.304
329.352
329.28
329.328
329.256
329.304
329.352
329.28
329.328
329.256
329.304
329.352
329.28
329.328
329.256
329.304
329.352
329.28
329.328
329.256
329.304
329.352
329.28
329.328
329.256
329.304
329.352
329.28
329.328
329.256
329.304
329.352
329.28
329.328
329.256
329.304
329.352
329.28
329.328
329.256
329.304
329.352
329.28
329.328
329.256
329.304
329.352
329.28
329.328
329.256
329.304
329.352
329.28
329.328
329.256
329.304
329.352
329.28
329.328
329.256
329.304
329.352
329.28
329.328
329.256
329.304
329.352
329.28
329.328
329.256
329.304
329.352
329.28
329.328
329.256
329.304
329.352
329.28
329.328
329.256
329.304
329.352
329.28
329.328
329.256
329.304
329.352
329.28
329.328
329.256
329.304
329.352
329.28
329.328
329.256
329.304
329.352
329.28
329.328
329.256
329.304
329.352
329.28
329.328
329.256
329.304
329.352
329.28
329.328
329.256
329.304
329.352
329.28
329.328
329.256
329.304
329.352
329.28
329.328
329.256
329.304
329.352
329.28
329.328
329.256
329.304
329.352
329.28
329.328
329.256
329.304
329.352
329.28
329.328
329.256
329.304
329.352
329.28
329.328
329.256
329.304
329.352
329.28
329.328
329.256
329.304
329.352
329.28
329.328
329.256
329.304
329.352
329.28
329.328
329.256
329.304
329.352
329.28
329.328
329.256
329.304
329.352
329.28
329.328
329.256
329.304
329.352
329.28
329.328
329.256
329.304
329.352
329.28
329.328
329.256
329.304
329.352
329.28
329.328
329.256
329.304
329.352
329.28
329.328
329.256
329.304
329.352
329.28
329.328
329.256
329.304
329.352
329.28
329.328
329.256
329.304
329.352
329.28
329.328
329.256
329.304
329.352
329.28
329.328
329.256
329.304
329.352
329.28
329.328
329.256
329.304
329.352
329.28
329.328
329.256
329.304
329.352
329.28
329.328
329.256
329.304
329.352
329.28
329.328
329.256
329.304
329.352
329.28
329.328
329.256
329.304
329.352
329.28
329.328
329.256
329.304
329.352
329.28
329.328
329.256
329.304
329.352
329.28
329.328
329.256
329.304
329.352
329.28
329.328
329.256
329.304
329.352
329.28
329.328
329.256
329.304
329.352
329.28
329.328
329.256
329.304
329.352
329.28
329.328
329.256
329.304
329.352
329.28
329.328
329.256
329.304
329.352
329.28
329.328
329.256
329.304
329.352
329.28
329.328
329.256
329.304
329.352
329.28
329.328
329.256
329.304
329.352
329.28
329.328
329.256
329.304
329.352
329.28
329.328
329.256
329.304
329.352
329.28
329.328
329.256
329.304
329.352
329.28
329.328
329.256
329.304
329.352
329.28
329.328
329.256
329.304
329.352
329.28
329.328
329.256
329.304
329.352
329.28
329.328
329.256
329.304
329.352
329.28
329.328
329.256
329.304
329.352
329.28
329.328
329.256
329.304
329.352
329.28
329.328
329.256
329.304
329.352
329.28
329.328
329.256
329.304
329.352
329.28
329.328
329.256
329.304
329.352
329.28
329.328
329.256
329.304
329.352
329.28
329.328
329.256
329.304
329.352
329.28
329.328
329.256
329.304
329.352
329.28
329.328
329.256
329.304
329.352
329.28
329.328
329.256
329.304
329.352
329.28
329.328
329.256
329.304
329.352
329.28
329.328
329.256
329.304
329.352
329.28
329.328
329.256
329.304
329.352
329.28
329.328
329.256
329.304
329.352
329.28
329.328
329.256
329.304
329.352
329.28
329.328
329.256
329.304
329.352
329.28
329.328
329.256
329.304
329.352
329.28
329.328
329.256
329.304
329.352
329.28
329.328
329.256
329.304
329.352
329.28
329.328
329.256
329.304
329.352
329.28
329.328
329.256
329.304
329.352
329.28
329.328
329.256
329.304
329.352
329.28
329.328
329.256
329.304
329.352
329.28
329.328
329.256
329.304
329.352
329.28
329.328
329.256
329.304
329.352
329.28
329.328
329.256
329.304
329.352
329.28
329.328
329.256
329.304
329.352
329.28
329.328
329.256
329.304
329.352
329.28
329.328
329.256
329.304
329.352
329.28
329.328
329.256
329.304
329.352
329.28
329.328
329.256
329.304
329.352
329.28
329.328
329.256
329.304
329.352
329.28
329.328
329.256
329.304
329.352
329.28
329.328
329.256
329.304
329.352
329.28
329.328
329.256
329.304
329.352
329.28
329.328
329.256
329.304
329.352
329.28
329.328
329.256
329.304
329.352
329.28
329.328
329.256
329.304
329.352
329.28
329.328
329.256
329.304
329.352
329.28
329.328
329.256
329.304
329.352
329.28
329.328
329.256
329.304
329.352
329.28
329.328
329.256
329.304
329.352
329.28
329.328
329.256
329.304
329.352
329.28
329.328
329.256
329.304
329.352
329.28
329.328
329.256
329.304
329.352
329.28
329.328
329.256
329.304
329.352
329.28
329.328
329.256
329.304
329.352
329.28
329.328
329.256
329.304
329.352
329.28
329.328
329.256
329.304
329.352
329.28
329.328
329.256
329.304
329.352
329.28
329.328
329.256
329.304
329.352
329.28
329.328
329.256
329.304
329.352
329.28
329.328
329.256
329.304
329.352
329.28
329.328
329.256
329.304
329.352
329.28
329.328
329.256
329.304
329.352
329.28
329.328
329.256
329.304
329.352
329.28
329.328
329.256
329.304
329.352
329.28
329.328
329.256
329.304
329.352
329.28
329.328
329.256
329.304
329.352
329.28
329.328
329.256
329.304
329.352
329.28
329.328
329.256
329.304
329.352
329.28
329.328
329.256
329.304
329.352
329.28
329.328
329.256
329.304
329.352
329.28
329.328
329.256
329.304
329.352
329.28
329.328
329.256
329.304
329.352
329.28
329.328
329.256
329.304
329.352
329.28
329.328
329.256
329.304
329.352
329.28
329.328
329.256
329.304
329.352
329.28
329.328
329.256
329.304
329.352
329.28
329.328
329.256
329.304
329.352
329.28
329.328
329.256
329.304
329.352
329.28
329.328
329.256
329.304
329.352
329.28
329.328
329.256
329.304
329.352
329.28
329.328
329.256
329.304
329.352
329.28
329.328
329.256
329.304
329.352
329.28
329.328
329.256
329.304
329.352
329.28
329.328
329.256
329.304
329.352
329.28
329.328
329.256
329.304
329.352
329.28
329.328
329.256
329.304
329.352
329.28
329.328
329.256
329.304
329.352
329.28
329.328
329.256
329.304
329.352
329.28
329.328
329.256
329.304
329.352
329.28
329.328
329.256
329.304
329.352
329.28
329.328
329.256
329.304
329.352
329.28
329.328
329.256
329.304
329.352
329.28
329.328
329.256
329.304
329.352
329.28
329.328
329.256
329.304
329.352
329.28
329.328
329.256
329.304
329.352
329.28
329.328
329.256
329.304
329.352
329.28
329.328
329.256
329.304
329.352
329.28
329.328
329.256
329.304
329.352
329.28
329.328
329.256
329.304
329.352
329.28
329.328
329.256
329.304
329.352
329.28
329.328
329.256
329.304
329.352
329.28
329.328
329.256
329.304
329.352
329.28
329.328
329.256
329.304
329.352
329.28
329.328
329.256
329.304
329.352
329.28
329.328
329.256
329.304
329.352
329.28
329.328
329.256
329.304
329.352
329.28
329.328
329.256
329.304
329.352
329.28
329.328
329.256
329.304
329.352
329.28
329.328
329.256
329.304
329.352
329.28
329.328
329.256
329.304
329.352
329.28
329.328
329.256
329.304
329.352
329.28
329.328
329.256
329.304
329.352
329.28
329.328
329.256
329.304
329.352
329.28
329.328
329.256
329.304
329.352
329.28
329.328
329.256
329.304
329.352
329.28
329.328
329.256
329.304
329.352
329.28
329.328
329.256
329.304
329.352
329.28
329.328
329.256
329.304
329.352
329.28
329.328
329.256
329.304
329.352
329.28
329.328
329.256
329.304
329.352
329.28
329.328
329.256
329.304
329.352
329.28
329.328
329.256
329.304
329.352
329.28
329.328
329.256
329.304
329.352
329.28
329.328
329.256
329.304
329.352
329.28
329.328
329.256
329.304
329.352
329.28
329.328
329.256
329.304
329.352
329.28
329.328
329.256
329.304
329.352
329.28
329.328
329.256
329.304
329.352
329.28
329.328
329.256
329.304
329.352
329.28
329.328
329.256
329.304
329.352
329.28
329.328
329.256
329.304
329.352
329.28
329.328
329.256
329.304
329.352
329.28
329.328
329.256
329.304
329.352
329.28
329.328
329.256
329.304
329.352
329.28
329.328
329.256
329.304
329.352
329.28
329.328
329.256
329.304
329.352
329.28
329.328
329.256
329.304
329.352
329.28
329.328
329.256
329.304
329.352
329.28
329.328
329.256
329.304
329.352
329.28
329.328
329.256
329.304
329.352
329.28
329.328
329.256
329.304
329.352
329.28
329.328
329.256
329.304
329.352
329.28
329.328
329.256
329.304
329.352
329.28
329.328
329.256
329.304
329.352
329.28
329.328
329.256
329.304
329.352
329.28
329.328
329.256
329.304
329.352
329.28
329.328
329.256
329.304
329.352
329.28
329.328
329.256
329.304
329.352
329.28
329.328
329.256
329.304
329.352
329.28
329.328
329.256
329.304
329.352
329.28
329.328
329.256
329.304
329.352
329.28
329.328
329.256
329.304
329.352
329.28
329.328
329.256
329.304
329.352
329.28
329.328
329.256
329.304
329.352
329.28
329.328
329.256
329.304
329.352
329.28
329.328
329.256
329.304
329.352
329.28
329.328
329.256
329.304
329.352
329.28
329.328
329.256
329.304
329.352
329.28
329.328
329.256
329.304
329.352
329.28
329.328
329.256
329.304
329.352
329.28
329.328
329.256
329.304
329.352
329.28
329.328
329.256
329.304
329.352
329.28
329.328
329.256
329.304
329.352
329.28
329.328
329.256
329.304
329.352
329.28
329.328
329.256
329.304
329.352
329.28
329.328
329.256
329.304
329.352
329.28
329.328
329.256
329.304
329.352
329.28
329.328
329.256
329.304
329.352
329.28
329.328
329.256
329.304
329.352
329.28
329.328
329.256
329.304
329.352
329.28
329.328
329.256
329.304
329.352
329.28
329.328
329.256
329.304
329.352
329.28
329.328
329.256
329.304
329.352
329.28
329.328
329.256
329.304
329.352
329.28
329.328
329.256
329.304
329.352
329.28
329.328
329.256
329.304
329.352
329.28
329.328
329.256
329.304
329.352
329.28
329.328
329.256
329.304
329.352
329.28
329.328
329.256
329.304
329.352
329.28
329.328
329.256
329.304
329.352
329.28
329.328
329.256
329.304
329.352
329.28
329.328
329.256
329.304
329.352
329.28
329.328
329.256
329.304
329.352
329.28
329.328
329.256
329.304
329.352
329.28
329.328
329.256
329.304
329.352
329.28
329.328
329.256
329.304
329.352
329.28
329.328
329.256
329.304
329.352
329.28
329.328
329.256
329.304
329.352
329.28
329.328
329.256
329.304
329.352
329.28
329.328
329.256
329.304
329.352
329.28
329.328
329.256
329.304
329.352
329.28
329.328
329.256
329.304
329.352
329.28
329.328
329.256
329.304
329.352
329.28
329.328
329.256
329.304
329.352
329.28
329.328
329.256
329.304
329.352
329.28
329.328
329.256
329.304
329.352
329.28
329.328
329.256
329.304
329.352
329.28
329.328
329.256
329.304
329.352
329.28
329.328
329.256
329.304
329.352
329.28
329.328
329.256
329.304
329.352
329.28
329.328
329.256
329.304
329.352
329.28
329.328
329.256
329.304
329.352
329.28
329.328
329.256
329.304
329.352
329.28
329.328
329.256
329.304
329.352
329.28
329.328
329.256
329.304
329.352
329.28
329.328
329.256
329.304
329.352
329.28
329.328
329.256
329.304
329.352
329.28
329.328
329.256
329.304
329.352
329.28
329.328
329.256
329.304
329.352
329.28
329.328
329.256
329.304
329.352
329.28
329.328
329.256
329.304
329.352
329.28
329.328
329.256
329.304
329.352
329.28
329.328
329.256
329.304
329.352
329.28
329.328
329.256
329.304
329.352
329.28
329.328
329.256
329.304
329.352
329.28
329.328
329.256
329.304
329.352
329.28
329.328
329.256
329.304
329.352
329.28
329.328
329.256
329.304
329.352
329.28
329.328
329.256
329.304
329.352
329.28
329.328
329.256
329.304
329.352
329.28
329.328
329.256
329.304
329.352
329.28
329.328
329.256
329.304
329.352
329.28
329.328
329.256
329.304
329.352
329.28
329.328
329.256
329.304
329.352
329.28
329.328
329.256
329.304
329.352
329.28
329.328
329.256
329.304
329.352
329.28
329.328
329.256
329.304
329.352
329.28
329.328
329.256
329.304
329.352
329.28
329.328
329.256
329.304
329.352
329.28
329.328
329.256
329.304
329.352
329.28
329.328
329.256
329.304
329.352
329.28
329.328
329.256
329.304
329.352
329.28
329.328
329.256
329.304
329.352
329.28
329.328
329.256
329.304
329.352
329.28
329.328
329.256
329.304
329.352
329.28
329.328
329.256
329.304
329.352
329.28
329.328
329.256
329.304
329.352
329.28
329.328
329.256
329.304
329.352
329.28
329.328
329.256
329.304
329.352
329.28
329.328
329.256
329.304
329.352
329.28
329.328
329.256
329.304
329.352
329.28
329.328
329.256
329.304
329.352
329.28
329.328
329.256
329.304
329.352
329.28
329.328
329.256
329.304
329.352
329.28
329.328
329.256
329.304
329.352
329.28
329.328
329.256
329.304
329.352
329.28
329.328
329.256
329.304
329.352
329.28
329.328
329.256
329.304
329.352
329.28
329.328
329.256
329.304
329.352
329.28
329.328
329.256
329.304
329.352
329.28
329.328
329.256
329.304
329.352
329.28
329.328
329.256
329.304
329.352
329.28
329.328
329.256
329.304
329.352
329.28
329.328
329.256
329.304
329.352
329.28
329.328
329.256
329.304
329.352
329.28
329.328
329.256
329.304
329.352
329.28
329.328
329.256
329.304
329.352
329.28
329.328
329.256
329.304
329.352
329.28
329.328
329.256
329.304
329.352
329.28
329.328
329.256
329.304
329.352
329.28
329.328
329.256
329.304
329.352
329.28
329.328
329.256
329.304
