26.44
31.016
31.016
28.44
33.016
28.44
28.44
35.728
31.016
51.016
30.728
26.216
37.016
38.504
42.016
32.704
39.016
29.728
46.592
30.728
36.728
27.728
31.44
32.016
63.168
50.304
362.728
42.848
32.44
36.328
39.944
36.304
39.304
32.936
54.728
67.024
32.728
362.728
37.928
26.44
65.128
36.728
38.304
33.728
62.592
55.168
36.728
34.752
31.016
54.728
38.304
33.792
55.016
40.232
36.728
56.016
32.216
37.304
50.456
29.728
28.152
45.016
28.44
37.128
28.44
32.728
37.88
37.304
43.88
59.304
79.88
73.208
35.728
54.728
27.44
43.168
35.44
34.016
53.728
29.016
42.88
32.016
39.416
362.728
37.592
29.44
36.728
41.616
50.304
31.104
71.456
35.28
31.728
26.44
28.44
62.592
53.168
26.44
28.152
35.304
32.016
56.744
33.304
30.728
31.016
36.016
59.304
40.728
95.608
31.44
61.016
37.592
37.016
111.76
37.016
35.016
39.016
76.8
61.592
34.016
29.56
55.016
28.728
63.832
39.016
76.592
362.728
30.728
32.216
37.304
362.728
29.728
26.44
56.304
41.016
31.44
29.32
54.728
38.304
64.88
41.344
37.016
31.304
32.728
76.744
31.728
80.744
52.168
34.016
59.304
35.728
41.304
88.744
63.736
72.88
28.44
30.728
38.016
42.304
35.44
43.592
40.016
32.304
35.728
81.544
27.728
91.408
103.744
58.168
55.592
39.32
32.304
48.168
90.648
29.736
44.424
31.016
35.728
45.728
61.448
31.736
52.456
46.592
58.016
27.152
41.304
29.44
34.016
38.304
42.304
26.152
35.016
31.728
29.44
42.304
56.168
66.168
33.728
37.016
32.456
29.44
362.728
143.616
31.44
72.528
32.016
362.728
26.152
28.984
65.024
30.728
26.216
29.728
29.728
84.96
73.456
82.976
38.864
28.352
66.744
28.728
50.44
37.016
29.44
35.016
362.728
30.728
29.816
52.88
26.44
63.856
57.016
27.152
63.656
71.312
37.016
362.728
56.304
30.016
54.728
37.304
35.728
30.728
26.152
33.728
362.728
29.44
32.44
29.728
29.656
39.016
46.88
67.88
48.592
31.44
68.592
31.016
27.152
32.016
38.296
58.072
43.96
31.016
70.88
52.44
29.08
33.728
29.44
39.328
40.816
29.728
362.728
45.928
69.456
30.728
42.304
29.44
28.528
66.544
30.728
65.304
43.016
44.304
32.304
33.592
35.08
30.728
153.744
28.44
26.152
43.184
49.456
65.848
39.016
362.728
59.456
70.032
35.44
26.152
31.016
35.016
45.016
40.304
26.44
31.728
70.608
35.728
43.016
55.216
55.304
30.728
69.312
49.168
33.016
39.728
31.728
31.168
39.592
49.456
35.344
57.016
32.728
30.616
109.84
35.016
32.016
89.184
35.216
362.728
29.8
29.728
26.44
26.44
37.528
52.168
49.816
84.376
60.304
31.728
38.584
40.304
31.016
30.728
30.304
72.6
38.016
54.168
29.44
30.728
36.728
29.728
40.016
37.016
43.88
29.768
32.304
40.016
36.728
63.784
69.168
73.464
32.728
34.032
50.592
32.304
31.304
39.992
63.64
32.728
41.304
46.216
39.016
35.016
30.728
32.44
44.88
29.568
38.304
28.728
31.728
75.456
43.44
28.728
43.304
28.152
44.304
28.152
39.016
36.44
362.728
48.728
33.728
31.016
38.88
26.44
34.016
39.728
31.728
29.56
50.44
43.592
55.304
34.016
66.744
29.44
34.304
41.304
28.728
175.464
38.592
52.016
37.016
31.728
31.016
35.728
26.44
26.152
44.304
38.728
49.88
30.728
59.304
38.44
31.728
27.728
39.728
39.016
35.304
31.992
32.016
37.304
42.592
34.304
31.728
31.728
29.728
66.456
47.592
33.728
32.304
41.304
106.44
69.592
92.48
35.728
29.728
28.152
37.592
37.416
57.592
43.304
38.016
362.728
99.416
38.304
35.016
29.44
53.656
29.44
44.016
35.904
54.192
31.016
26.44
43.304
39.728
29.272
37.016
27.44
29.08
30.728
38.304
74.88
100.024
30.728
362.728
79.688
72.216
29.44
362.728
29.728
36.304
33.016
55.096
362.728
82.744
30.728
46.52
39.416
72.168
37.304
35.304
26.152
58.304
66.992
29.44
44.128
58.816
43.592
32.44
80.744
38.304
30.728
72.456
31.016
54.168
40.016
56.016
28.152
93.408
28.44
31.128
41.016
37.704
51.304
30.728
37.712
28.152
33.016
44.592
61.4
29.44
63.592
31.728
33.728
51.88
39.208
29.44
31.016
46.88
38.616
32.016
45.168
26.152
31.016
81.456
32.44
36.44
30.728
28.728
68.976
40.304
55.168
47.056
54.728
28.44
55.016
32.728
35.416
30.728
92.216
30.728
29.44
76.456
41.016
38.544
30.728
29.44
30.928
30.016
58.88
56.768
55.016
33.728
63.816
362.728
75.88
40.568
53.88
30.728
45.304
45.592
31.016
90.744
29.832
32.016
61.592
37.304
61.328
41.304
32.016
31.016
67.304
61.88
51.744
28.44
44.328
31.416
34.728
34.728
26.44
55.28
58.648
362.728
45.88
30.728
38.304
42.592
37.304
39.304
28.728
31.728
26.44
47.016
30.504
37.016
96.168
33.728
75.264
116.272
30.728
70.032
26.44
31.016
32.728
27.44
30.728
32.304
55.744
34.304
60.664
362.728
34.88
29.44
95.504
30.928
26.44
56.016
362.728
64.216
28.728
41.088
76.128
28.728
29.728
362.728
38.304
37.44
32.728
66.736
122.656
32.728
59.456
58.304
28.152
34.728
42.752
46.592
34.84
34.016
65.592
83.456
36.728
31.016
28.728
87.928
31.816
30.728
82.024
65.928
44.88
42.592
37.728
30.728
81.456
32.304
26.544
29.08
46.592
61.304
42.016
33.016
30.728
362.728
86.36
34.728
45.88
362.728
33.016
50.88
67.048
66.136
30.728
70.12
29.44
36.016
29.728
40.816
32.016
53.88
26.152
34.84
31.728
33.016
29.728
26.416
91.504
41.592
69.264
59.728
26.152
28.456
34.016
37.304
67.072
38.304
30.016
26.704
68.64
37.016
32.016
71.12
32.016
38.304
37.592
29.48
72.88
57.592
100.56
29.44
72.928
28.816
32.016
40.304
26.192
107.28
77.88
38.016
28.792
28.744
34.304
30.728
43.304
37.304
63.992
77.456
32.016
32.44
35.728
32.016
362.728
84.312
37.88
37.304
52.88
34.728
29.44
41.304
31.728
33.728
81.168
32.016
50.88
31.728
32.016
31.016
31.016
79.592
26.44
29.128
37.304
29.016
30.728
28.728
56.016
38.016
28.44
91.184
54.592
30.728
26.44
32.016
31.44
362.728
68.6
110.624
28.44
31.016
64.168
73.912
30.728
52.928
77.216
29.728
37.304
37.016
29.44
32.016
69.328
48.016
38.016
34.728
33.016
31.728
60.88
37.016
28.44
66.752
39.424
32.512
34.016
29.44
362.728
34.704
362.728
88.88
45.168
52.44
37.128
31.728
28.728
93.816
54.728
42.304
35.392
58.304
29.944
41.032
32.016
45.016
32.304
31.016
34.864
40.016
29.32
28.44
70.264
58.88
67.976
39.016
34.016
31.304
89.32
29.728
35.016
59.304
27.728
32.016
38.304
43.304
53.728
32.44
35.608
66.168
32.728
71.128
37.016
44.88
32.016
35.944
61.304
30.728
52.616
29.728
36.328
61.816
28.728
49.88
43.016
27.44
74.528
30.728
35.016
30.728
47.816
39.728
26.44
26.44
47.592
100.472
42.304
39.728
39.016
26.152
36.728
29.016
28.152
36.728
67.016
30.728
37.016
31.016
72.456
111.512
34.304
41.728
44.88
29.568
31.056
56.88
52.88
31.728
28.44
105.528
362.728
31.928
63.304
59.304
37.88
42.968
32.256
46.944
41.016
37.632
36.016
26.44
33.592
31.016
38.504
39.728
59.304
33.592
29.896
30.088
42.592
39.728
362.728
38.88
33.728
37.616
32.44
28.44
26.392
57.88
33.016
61.88
39.728
37.304
58.016
31.016
62.504
44.88
30.728
50.456
39.728
35.44
38.304
30.192
42.48
29.44
58.368
69.88
47.304
362.728
39.304
32.016
34.016
32.304
68.64
59.224
33.016
28.504
35.728
32.304
37.76
30.424
46.88
51.592
29.44
38.016
61.88
39.728
31.616
30.28
362.728
33.016
36.728
28.616
31.016
40.016
38.304
45.592
34.304
55.728
30.728
70.032
37.792
42.88
128.808
29.496
32.016
26.44
30.728
40.016
87.6
59.448
30.728
65.48
27.152
35.728
32.728
29.728
81.032
43.592
29.44
26.152
57.016
54.88
26.152
61.016
85.456
362.728
53.408
39.296
35.984
44.672
35.016
38.728
28.44
74.552
55.88
29.848
58.936
38.304
61.592
72.408
44.88
42.592
29.68
38.592
62.248
91.336
54.456
32.304
26.44
55.168
38.016
27.44
37.88
29.44
36.928
52.44
48.88
26.44
362.728
29.44
26.152
58.016
30.704
33.016
63.88
62.968
88.648
33.304
29.728
31.728
62.456
26.152
362.728
30.728
29.44
64.592
89.704
65.704
74.32
35.728
34.016
40.304
71.456
67.32
36.728
31.016
27.44
31.728
42.816
53.728
26.152
38.592
31.728
49.168
40.304
60.992
26.48
30.728
47.88
31.016
40.304
70.592
38.016
30.728
362.728
30.04
28.152
67.168
29.728
38.44
60.304
93.32
59.592
28.44
32.016
44.88
34.304
97.552
41.728
34.728
38.44
38.304
55.456
37.016
28.728
42.344
362.728
39.032
28.728
26.44
53.592
39.208
29.44
42.304
31.792
37.304
45.592
65.272
31.96
82.832
56.016
40.016
28.44
33.728
37.016
35.728
133.864
38.016
44.304
31.392
35.728
38.44
74.728
59.416
105.608
33.728
30.728
28.616
70.168
40.728
41
37.76
57.016
35.016
34.016
362.728
35.728
49.216
44.88
41.016
362.728
39.128
77.696
29.44
29.728
33.016
44.88
55.016
362.728
41.304
26.152
34.592
37.304
57.168
31.016
40.016
51.104
362.728
50.168
29.44
28.528
74.608
26.152
28.44
81.168
362.728
32.304
26.152
37.592
30.728
42.016
49.304
26.44
97.432
37.44
30.728
35.728
37.592
72.56
57.304
31.192
32.68
83.512
30.728
53.728
38.016
37.304
36.728
30.728
32.44
362.728
57.728
27.44
41.592
37.016
29.368
70.456
37.016
31.016
43.016
30.728
46.304
30.728
27.44
32.304
69.168
39.592
32.728
63.072
62.304
362.728
39.304
362.728
59.728
70.816
108.136
32.44
70.88
32.304
55.016
38.016
33.728
31.728
30.816
43.016
34.016
32.016
90.936
38.304
63.544
30.728
49.168
29.728
29.728
145.816
70.304
37.016
31.728
39.728
32.44
30.728
29.44
136.528
72.016
33.016
89.032
43.592
34.88
30.728
30.728
43.016
58.592
38.592
30.728
32.44
28.44
39.592
26.152
38.016
28.728
48.168
60.304
71.264
64.352
30.728
29.44
28.152
32.304
44.88
31.016
41.304
38.016
53.08
61.304
34.888
29.44
30.928
26.44
30.728
36.016
26.152
37.016
33.728
37.016
48.304
65.8
37.288
29.416
38.632
29.44
31.728
40.304
27.44
66.328
39.728
46.88
43.304
30.728
27.152
35.84
82.208
28.152
30.84
38.328
33.816
43.704
35.592
31.304
28.44
29.728
38.168
37.016
48.056
51.944
26.152
40.84
37.664
33.728
26.44
34.728
37.304
31.728
31.728
32.016
29.44
27.44
38.304
34.992
44.88
36.768
78.792
82.312
62.592
35.728
56.304
36.192
96.48
35.44
113.728
362.728
56.304
61.304
31.728
35.728
362.728
31.928
29.728
100.2
362.728
28.328
40.016
57.744
29.416
27.152
362.728
29.44
54.04
26.152
26.44
32.016
31.016
53.608
40.592
37.44
30.728
75.744
71.744
37.592
26.152
73.12
84.32
32.016
39.304
29.728
42.88
30.728
62.688
61.592
58.84
30.728
72.608
28.44
71.656
44.328
77.528
31.016
35.28
29.728
33.016
30.728
43.304
52.44
58.456
35.728
37.016
31.728
28.44
38.304
37.392
65.032
29.728
58.88
69.968
39.728
36.728
38.592
28.152
60.88
31.304
37.304
60.304
362.728
92.304
48.168
31.016
44.168
362.728
58.84
46.592
34.304
29.728
40.304
28.44
46.304
48.168
29.44
41.592
64.84
362.728
40.728
66.216
38.016
55.168
44.728
35.728
362.728
66.168
58.304
37.016
29.416
41.704
66.88
29.728
61.4
38.304
35.44
30.728
37.304
362.728
54.728
51.88
67.784
26.44
59.592
46.168
32.44
362.728
39.016
69.24
62.816
53.544
31.728
33.016
60.448
56.592
362.728
35.728
68.64
56.304
28.152
30.728
29.728
53.016
37.44
29.44
26.152
32.016
55.592
35.728
42.016
26.152
65.592
115.848
87.456
33.728
39.016
36.728
38.44
52.168
29.728
59.256
30.728
29.44
35.728
66.728
57.352
27.44
28.728
362.728
27.728
30.728
40.016
28.728
49.88
46.304
88.88
26.152
39.728
29.44
82.976
39.728
32.304
32.44
31.728
38.016
30.728
45.592
70.88
33.728
32.728
28.152
36.728
32.728
29.728
97.368
37.016
27.44
35.44
30.728
48.592
32.728
28.44
32.016
87.456
29.728
37.592
36.44
64.304
27.152
52.168
89.656
33.016
35.016
30.728
32.304
41.856
28.728
33.728
35.216
45.68
30.728
28.152
31.016
93.616
32.016
60.368
72.168
31.728
35.44
44.304
31.016
29.728
37.016
42.368
61.032
40.304
67.304
38.016
37.592
34.016
61.744
34.808
38.016
61.808
35.728
63.736
31.728
119.184
362.728
41.304
76.464
35.304
38.44
44.88
31.728
33.728
34.592
32.016
35.728
42.592
68.592
46.304
30.88
28.728
40.016
53.464
62.152
29.44
89.168
42.304
30.728
64.304
37.016
43.744
32.016
30.728
29.44
69.504
26.152
37.304
35.016
28.44
56.168
27.728
44.304
51.592
48.88
89.08
55.168
107.056
38.944
37.016
32.504
70.464
32.304
61.392
30.728
53.816
30.728
39.016
37.592
78.416
66.88
35.728
60.168
56.016
32.44
37.304
26.152
43.016
97.872
35.304
40.016
29.848
57.168
46.592
34.992
29.44
38.592
29.728
43.88
34.016
38.016
77.456
29.44
38.304
39.592
38.016
45.304
35.728
29.728
26.416
38.016
35.728
362.728
38.592
53.016
30.728
32.44
77.288
56.016
35.896
81.784
29.728
41.392
30.728
40.016
45.592
39.304
39.016
46.168
38.304
43.616
59.304
112.512
362.728
66.88
42.304
38.016
29.464
40.552
69.832
72.696
31.728
29.728
53.304
29.44
30.792
55.08
57.016
37.304
110.176
54.616
29.44
93.272
31.016
63.88
34.728
46.592
57.456
27.152
31.016
91.304
32.792
30.728
43.424
33.016
28.44
60.168
60.304
32.016
35.728
28.704
59.8
32.44
100.88
28.728
65.944
28.44
29.44
34.304
38.592
42.48
30.88
362.728
46.592
37.016
32.016
32.016
35.304
30.76
29.728
28.152
37.592
138.68
96.968
29.44
40.592
39.016
26.152
37.728
33.592
65.168
30.656
62.88
32.44
40.016
101.608
59.896
54.304
32.728
32.44
31.016
362.728
91.888
27.152
42.48
31.288
30.728
42.016
37.304
31.144
362.728
26.44
53.728
63.688
99.032
54.168
115.432
28.728
26.152
66.304
26.44
38.728
51.88
26.152
32.728
38.016
59.896
30.728
33.728
28.44
55.768
51.016
29.728
31.016
53.016
38.864
32.44
55.456
41.304
30.728
100.464
66.592
31.288
38.016
55.304
35.432
121.4
33.728
32.44
70.32
40.016
31.624
35.016
38.016
83.024
31.768
54.728
32.728
30.616
33.016
31.016
39.728
52.168
29.44
34.728
44.88
36.016
29.728
34.016
61.88
32.728
63.88
71.752
92.192
69.88
32.016
36.728
29.816
31.728
125.616
36.016
40.304
37.304
88.928
35.728
54.304
36.016
31.728
30.728
32.216
39.528
71.88
31.728
30.728
29.728
35.016
31.728
28.44
61.016
51.832
40.304
51.592
40.016
31.016
34.304
37.304
97.264
28.152
62.88
36.768
32.728
28.44
51.728
28.152
36.016
32.016
97.504
54.504
44.304
27.44
47.304
44.88
30.728
63.592
30.728
34.016
80.168
51.168
42.304
44.88
52.592
111.912
30.728
38.016
32.728
38.304
44.304
32.728
77.416
38.592
35.28
33.168
31.056
28.44
43.304
60.304
34.304
32.304
39.728
82.416
86.456
30.328
362.728
29.528
57.168
42.304
104.936
45.016
39.192
31.08
67.168
34.016
75.32
37.304
32.792
38.288
46.88
84.96
27.44
30.728
37.016
38.504
26.44
45.016
36.184
28.152
30.76
50.168
89.848
43.728
56.88
56.368
362.728
28.328
56.216
73.744
34.016
37.304
30.728
31.016
48.104
33.728
30.728
31.016
33.728
29.44
52.592
27.728
87.16
37.016
29.44
35.728
34.016
66.952
51.304
36.728
60.304
32.016
30.728
28.152
38.88
40.304
70.312
77.32
29.992
87.976
54.016
35.304
37.016
26.504
27.728
44.592
46.304
36.304
34.304
30.728
30.728
49.304
34.304
49.976
60.592
29.728
36.016
40.728
31.016
36.88
28.44
32.016
53.84
29.44
28.528
32.44
28.44
62.88
47.88
40.304
75.392
63.68
26.152
36.44
39.728
28.44
26.44
30.136
55.592
36.016
61.256
30.728
29.944
41.016
37.432
39.016
30.728
29.44
75.456
31.728
34.016
32.016
55.168
67.744
33.016
32.016
39.728
64.296
30.712
32.2
34.728
37.304
34.016
55.456
37.304
29.44
45.88
73.136
53.592
61.304
29.44
29.44
29.44
45.728
38.016
54.168
30.952
35.44
36.928
59.304
47.304
60.016
362.728
33.128
37.016
38.016
63.08
64.592
37.768
44.056
63.328
35.88
34.016
362.728
63.104
48.88
66.072
32.016
129.136
31.728
37.304
362.728
65.896
37.592
30.728
53.816
31.016
31.728
38.016
47.592
26.152
56.304
44.592
63.48
30.304
63.112
37
92.84
56.88
39.592
42.248
30.728
36.728
26.152
56.168
74.04
32.016
37.816
32.728
84.848
36.96
33.592
362.728
47.88
36.016
52.016
31.728
41.616
38.016
27.728
37.592
67.928
66.168
34.304
26.192
34.104
38.592
59.456
81.744
34.016
26.44
28.728
38.016
37.104
38.016
58.704
28.728
32.728
135.048
31.016
44.592
30.48
68.784
62.736
26.152
32.44
46.592
35.728
62.88
44.592
43.88
51.168
61.4
44.304
40.592
29.016
32.728
37.304
81.032
31.016
117.44
37.304
33.728
42.304
89.392
75.016
29.44
32.304
31.728
38.168
27.728
362.728
35.728
30.968
57.168
47.592
29.728
40.016
27.44
32.728
26.152
39.304
41.592
28.44
32.016
35.016
39.304
29.44
29.44
72.648
76.656
29.44
70.456
56.304
40.016
48.304
27.728
362.728
36.728
37.016
41.88
38.016
37.104
37.016
45.304
32.728
26.44
26.152
35.44
30.728
29.752
41.304
32.016
83.528
27.44
76.168
43.568
27.152
58.744
38.88
31.016
30.728
61.304
62.792
31.016
81.456
37.016
31.016
64.744
53.728
56.016
57.592
28.44
30.136
26.44
61.528
83.264
32.728
35.304
362.728
41.592
65.984
78.936
32.728
362.728
41.592
67.88
29.768
53.88
29.992
45.304
62.688
42.304
29.848
82.88
36.016
67.504
42.304
73.256
113.608
85.168
34.016
34.016
57.592
51.88
32.304
82.456
30.328
29.728
44.016
30.728
362.728
52.304
31.928
68.544
84.04
30.728
44.368
362.728
56.008
26.44
53.456
71.168
26.152
46.592
88.608
106.608
31.728
69.592
362.728
39.168
54.168
34.056
30.744
32.44
32.304
31.728
37.016
42.304
35.728
32.016
27.152
42.304
362.728
33.592
32.728
43.592
46.216
70.792
68.936
40.304
30.728
50.592
58.744
29.44
30.728
63.304
37.016
49.168
33.856
84.544
99.792
55.592
35.304
89.08
34.016
30.664
39.592
38.68
37.768
43.016
32.504
29.016
28.152
53.728
49.168
62.592
62.168
38.016
36.08
35.016
42.88
31.192
38.096
32.304
362.728
34.592
55.176
95.656
65.976
38.016
36.016
29.44
45.48
48.304
47.88
30.52
39.016
33.016
32.104
58.592
33.728
35.016
30.728
362.728
28.328
47.592
26.44
47.168
28.44
27.44
31.44
37.592
26.152
45.264
27.152
31.24
61.592
26.152
101.456
36.728
93.456
33.016
70.264
61.592
30.728
44.304
36.728
34.88
81.968
162.696
82.456
40.024
69.112
30.728
35.44
54.728
26.152
28.728
33.016
72.456
38.016
30.728
52.88
30.728
48.88
30.728
31.304
29.192
62.008
46.696
42.88
31.44
91.848
58.696
37.304
59.456
28.152
37.016
31.304
36.44
69.264
58.752
30.728
31.728
362.728
39.016
362.728
37.016
54.728
31.016
46.616
32.016
26.304
64.216
89.176
75.312
37.304
38.792
55.304
37.016
34.704
35.304
41.592
362.728
36.728
36.04
73.664
110.176
30.328
32.728
31.016
37.592
35.728
136.04
75.88
33.728
62.816
29.44
53.728
101.976
28.44
28.44
362.728
37.856
40.544
74.168
28.152
29.728
38.304
58.016
49.456
32.304
39.016
48.88
58.016
53.728
32.016
39.016
30.728
42.304
30.728
39.728
37.824
44.304
34.528
31.44
32.728
113.184
33.072
104.512
32.728
42.304
362.728
41.304
28.728
38.016
69.032
39.728
35.44
64.304
31.096
44.304
35.016
29.44
33.016
27.152
37.304
73.8
34.592
362.728
39.016
30.424
74.168
62.304
31.44
34.016
30.728
44.016
40.304
31.728
29.616
32.016
29.728
26.304
57.592
59.88
38.592
32.304
46.888
69.168
62.592
30.728
39.416
30.728
31.016
28.152
38.304
97.168
37.88
31.016
62.296
33.784
28.44
39.728
38.304
30.728
26.44
40.016
91.704
38.304
31.016
37.016
41.592
66.592
114.872
35.016
67.32
54.408
39.016
32.728
26.44
43.592
57.016
27.44
31.144
38.624
68.168
56.592
31.44
52.44
32.44
49.592
30.728
38.304
28.44
37.016
69.168
35.728
31.728
44.592
29.016
38.016
28.704
55.016
57.704
63.304
30.728
37.016
28.44
37.128
83.072
32.304
44.304
362.728
70.496
28.44
30.728
38.016
56.304
29.44
37.016
29.44
62.592
72.296
31.728
30.816
38.592
31.96
28.44
41.304
92.056
28.152
37.016
30.728
28.152
29.728
59.304
35.44
46.392
28.728
362.728
28.44
33.728
29.44
49.456
39.912
49.304
30.728
362.728
36.728
28.44
31.128
59.728
29.728
74.768
31.816
28.728
63.592
31.016
32.632
26.152
36.04
32.008
63.976
30.728
45.88
107.704
60.424
56.016
28.728
39.304
29.44
31.44
362.728
66.784
35.728
54.304
32.992
30.728
47.128
26.152
44.44
83.016
27.152
37.016
28.728
27.728
99.792
27.44
53.304
38.016
37.016
29.728
44.88
97.792
38.08
74.456
72.432
36.48
30.72
36.304
26.44
39.728
42.416
81.104
30.728
35.816
68.64
95.144
83.072
33.728
33.016
99.984
26.152
68.576
44.304
38.016
35.016
52.592
27.728
45.016
30.728
60.744
63.88
28.168
27.44
57.016
58.744
43.304
28.152
38.304
29.44
28.152
34.728
29.016
44.304
29.44
87.928
103.816
53.016
28.44
128.368
29.016
34.016
41.304
41.304
38.016
32.016
32.016
37.304
66.64
32.016
30.928
48.304
30.728
38.304
45.728
75.4
32.304
79.496
103.8
75.36
59.016
362.728
32.016
27.728
91.32
30.728
34.08
26.152
28.44
29.016
48.592
46.304
31.016
26.44
362.728
32.304
26.592
362.728
50.44
89.32
32.44
48.304
27.152
38.592
26.152
77.88
32.728
32.728
54.504
31.816
59.304
31.016
32.728
48.592
68.928
29.224
31.728
34.728
30.728
51.456
32.016
28.728
56.304
40.368
82.976
28.152
35.304
30.728
68.552
43.88
32.016
47.304
28.728
43.016
38.304
29.44
32.016
59.216
64.072
68.88
79.624
29.728
28.152
37.016
36.728
26.44
82.456
38.592
28.152
52.68
68.168
57.592
28.152
34.304
31.016
26.44
44.88
59.304
42.016
39.728
53.304
30.792
32.28
55.592
28.728
39.592
64.024
46.896
87.608
32.016
44.304
85.32
28.44
32.328
56.016
36.728
63.456
37.304
38.792
35.728
42.016
74.456
60.304
87.456
55.344
39.016
28.728
72.408
74.456
35.016
362.728
35.44
41.016
38.304
36.224
107.84
35.44
26.152
52.84
52.168
42.304
43.592
28.08
43.088
26.152
41.304
45.016
47.592
39.48
32.728
40.216
30.904
35.728
30.728
37.016
72.12
70.168
33.304
31.728
30.728
37.016
48.168
96.48
52.592
29.44
28.528
73.456
29.44
38.592
29.28
34.368
43.304
28.792
41.088
76.456
29.728
83.464
49.592
41.48
37.304
35.44
37.016
81.456
58.456
31.016
36.016
28.904
64.648
26.44
61.016
37.728
30.728
40.016
37.728
88.512
31.016
73.352
54.168
29.728
29.44
32.728
42.592
26.152
28.728
38.592
28.152
54.728
32.216
63.88
29.44
48.928
37.728
33.304
30.728
35.304
28.44
28.44
29.44
40.464
37.016
35.728
31.728
59.616
31.016
34.728
101.08
49.768
34.592
36.728
32.016
28.704
36.272
33.592
29.464
30.728
46.304
31.728
31.728
31.016
66.744
51.592
84.168
29.728
34.016
37.016
40.016
30.728
28.44
26.44
29.32
28.152
39.304
37.016
32.504
63.992
51.88
26.44
41.304
66.592
96.328
29.44
30.728
34.728
31.44
29.44
71.88
362.728
38.304
67.744
66.832
37.304
61.592
32.056
51.88
75.456
39.304
38.592
32.728
40.592
62.592
41.304
33.304
34.592
42.016
65.104
51.44
36.016
35.44
35.016
100.304
121.008
42.016
33.904
32.992
79.168
32.016
39.304
362.728
65.88
30.728
115.176
75.36
362.728
37.24
40.304
62.168
43.256
31.728
35.728
62.592
35.728
26.416
35.016
42.848
28.728
30.728
68.88
31.728
28.152
31.04
42.304
30.728
362.728
30.928
29.44
32.728
33.016
38.304
27.728
30.728
60.712
29.8
56.304
79.168
26.488
31.728
29.728
78.032
31.728
29.44
30.728
66.688
35.304
60.592
30.728
26.152
31.728
26.152
31.24
102.032
362.728
42.168
32.304
59.304
38.016
30.728
32.216
30.728
28.44
27.44
148.928
49.632
30.728
35.728
29.44
27.152
70.456
362.728
40.304
35.304
30.728
57.784
29.44
29.08
79.744
29.032
56.016
34.728
32.616
40.304
29.656
26.344
28.152
114.56
36.728
54.592
34.304
40.016
32.304
34.592
362.728
42.304
38.304
33.792
53.88
30.616
49.304
47.592
78.032
62.472
39.016
64.456
32.104
45.016
30.728
31.728
34.304
29.016
76.104
54.728
72.88
30.424
61.912
29.728
35.016
77.608
29.44
30.728
56.728
29.44
34.304
31.728
36.728
43.88
48.456
30.856
38.144
43.016
70.184
75.88
32.016
362.728
62.592
30.728
70.232
362.728
43.928
32.728
31.016
65.168
32.016
51.744
90.704
27.44
32.728
30.904
47.88
37.016
362.728
47.592
56.28
52.44
67.136
29.728
75.456
32.728
64.216
41.304
29.728
32.728
362.728
63.152
362.728
37.016
102.32
29.728
57.88
73.408
43.304
29.44
38.304
31.672
37.816
39.016
46.504
26.152
61.328
37.592
40.016
35.504
44.168
42.592
31.016
86.592
42.304
31.728
53.728
38.304
61.016
36.104
29.44
31.016
45.728
32.728
27.728
60.856
38.304
37.304
72.88
27.568
36.304
38.016
362.728
54.304
49.88
59.016
42.304
60.456
60.592
38.304
35.44
26.152
35.016
30.304
71.456
73.656
32.016
26.152
38.44
34.016
31.728
52.728
104.304
87.744
101.232
98.224
32.512
32.44
37.912
27.152
29.44
32.44
35.128
56.88
31.728
32.016
33.728
50.44
84.456
40.304
39.304
84.36
30.648
32.136
38.592
68.912
32.016
28.752
81.576
63.88
40.016
38.304
40.152
37.016
66.104
84.216
30.728
32.016
58.904
38.304
53.456
113.592
38.28
28.44
30.728
30.728
43.68
40.728
29.44
40.592
30.728
26.216
31.016
40.016
68.976
39.84
37.728
34.304
87.216
31.728
54.728
32.304
31.016
83.032
31.016
33.728
36.728
28.44
32.192
117.84
63.016
36.104
46.096
51.032
85.168
108.256
30.544
46.168
105.256
38.368
43.88
30.728
33.016
38.016
46.304
26.44
42.192
65.592
46.016
34.016
39.856
31.744
39.736
29.44
31.016
29.728
29.728
29.44
32.304
99.688
88.024
60.88
30.904
46.592
32.304
31
29.728
37.216
31.016
37.592
27.44
47.88
59.8
32.728
69.28
39.592
42.304
76.744
33.728
29.728
34.592
60.592
70.88
44.016
31.104
28.728
43.44
40.016
39.728
362.728
54.168
38.016
112.648
39.736
27.44
31.016
32.728
39.728
66.168
31.144
31.016
29.016
27.44
63.168
33.728
42.88
37.016
64.688
32.016
37.304
59.304
49.88
41.592
53.88
32.728
29.44
81.456
35.304
39.304
53.016
31.048
26.152
134.384
37.016
37.016
30.728
32.304
28.152
44.04
31.016
28.728
34.304
29.44
37.304
32.728
29.44
63.328
33.016
61.304
29.728
52.168
37.016
38.504
92.216
29.44
28.44
76.032
27.152
37.592
40.016
46.304
39.392
35.016
30.504
53.592
40.304
47.592
31.728
28.152
40.016
30.728
32.016
30.728
80.984
32.728
32.016
61.88
29.44
32.128
44.304
33.016
26.152
42.016
64.032
362.728
28.44
55.304
180.936
37.016
36.728
61.456
28.44
45.456
35.728
35.728
57.016
27.728
41.592
27.44
29.44
38.128
33.728
39.728
30.728
31
29.44
30.728
42.304
30.904
59.304
71.32
51.592
62.736
29.728
26.152
41.304
54.592
35.728
38.016
31.728
37.88
44.88
30.728
40.616
47.168
40.016
35.904
31.016
40.016
30.728
33.728
35.608
32.44
28.152
31.728
90.504
28.44
40.304
44.304
29.44
29.44
43.304
55.592
37.592
29.728
53.728
26.152
39.88
36.44
52.592
362.728
32.016
69.12
29.728
115.272
39.728
28.44
54.168
33.304
51.728
47.304
362.728
84.744
35.832
31.728
32.016
37.304
45.304
41.616
45.016
65.976
48.592
39.016
27.44
118.32
38.304
41.52
82.032
32.728
53.32
65.984
43.592
31.016
43.592
33.728
68.024
45.016
26.152
37.24
41.304
47.016
27.152
53.456
33.8
26.152
76.032
62.64
32.016
40.472
28.704
37.392
34.016
57.016
29.44
37.592
31.016
57.976
57.592
32.304
30.728
48.88
41.304
128.056
40.728
59.496
41.592
28.44
26.152
34.728
37.24
51.032
38.592
29.728
32.416
54.456
75.216
31.728
28.416
62.544
29.44
26.44
46.344
26.152
38.016
131.08
53.592
29.88
44.016
38.016
39.592
47.592
32.44
28.44
362.728
38.592
34.304
40.8
30.728
26.152
29.44
37.304
114.32
26.152
69.32
26.152
37.016
32.504
31.728
38.016
26.44
84.344
31.728
115.624
362.728
71.744
362.728
28.44
82.408
42.304
34.016
33.728
28.152
32.44
34.016
42.592
32.016
37.304
34.016
362.728
60.592
39.728
26.44
28.44
39.704
63.592
29.728
39.752
28.44
42.592
30.728
49.304
41.304
71.168
26.152
58.016
55.904
34.728
34.016
94.608
29.44
34.592
38.44
47.128
43.816
34.592
362.728
43.016
30.728
42.304
64.328
69.736
30.728
38.216
45.592
30.104
35.728
362.728
29.44
70.592
39.592
33.016
48.88
29.44
39.088
85.408
49.88
61.88
29.768
26.152
30.728
43.592
31.728
55.016
29.44
51.168
87.456
62.592
45.592
362.728
38.016
38.728
34.016
33.104
79.456
76.592
32.016
37.256
63.168
37.592
65.592
54.168
41.304
63.592
33.728
29.016
38.592
33.304
69.464
34.304
52.592
30.08
65.592
34.016
32.728
47.88
29.728
38.416
29.416
42.592
30.728
38.304
48.192
40.016
74.744
30.728
35.728
32.304
61.392
35.728
32.728
30.616
29.016
37.016
49.016
47.456
61.88
36.944
29.8
35.728
62.304
97.392
32.88
39.592
27.728
26.152
43.592
31.016
35.304
89.504
65.592
35.728
38.304
63.592
26.152
44.44
57.592
32.016
57.592
98.176
29.728
26.152
32.304
27.792
42.304
34.728
26.44
56.592
362.728
35.016
28.456
26.44
50.592
69.128
35.016
38.44
30.728
124.896
36.728
32.44
49.456
32.44
26.44
30.728
34.592
31.016
40.752
70.216
28.152
36.656
28.44
34.728
53.56
36.728
28.616
72.264
87.48
58.016
362.728
39.856
362.728
32.216
61.168
36.256
43.832
362.728
32.016
55.304
34.016
43.016
29.272
26.44
47.128
32.304
43.592
26.152
84.312
39.728
65.336
39.016
36.728
27.728
47.304
68.832
29.44
35.44
26.152
44.592
42.016
62.592
84.48
90.696
37.592
42.68
54.88
46.592
33.016
129.328
32.728
362.728
35.728
35.44
41.56
46.328
51.88
29.728
61.24
33.928
29.704
28.728
36.44
113.888
38.016
51.304
27.44
42.88
37.016
39.352
37.304
30.728
39.88
68.592
28.152
37.592
33.016
70.168
30.856
41.856
32.44
49.168
31.44
36.44
44.592
60.304
41.288
59.256
36.016
32.728
32.728
44.728
30.728
60.744
28.632
49.32
47.304
32.728
90.216
30.728
51.456
40.728
31.44
72.504
49.592
36.728
44.304
36.728
362.728
33.016
36.304
50.992
33.728
28.728
59.592
35.728
35.44
27.728
30.328
33.016
26.152
67.744
71.456
30.728
38.016
45.592
32.68
32.44
42.304
92.608
33.016
34.016
35.504
56.304
29.728
70.608
103.336
57.016
85.32
40.304
34.304
42.88
86.184
43.728
29.44
33.016
41.88
27.44
48.168
38.304
68.504
44.592
29.016
70.744
29.016
33.832
56.168
29.44
44.88
42.304
58.744
32.632
37.016
35.728
43.216
28.44
45.592
76.12
33.016
30.808
65.56
38.248
55.016
58.168
32.304
63.592
33.728
86.592
30.48
28.44
93.656
30.728
97.2
36.288
53.848
33.016
34.728
95.456
81.6
362.728
43.8
46.456
30.728
37.264
36.016
32.728
61.816
362.728
85.6
38.016
54.456
31.728
37.304
31.016
362.728
26.44
26.152
28.728
33.016
38.016
26.152
82.272
46.592
52.592
36.016
54.728
26.152
362.728
28.328
26.44
53.128
37.592
38.304
31.728
81.216
31.728
41.304
77.664
32.016
28.704
31.016
41.592
70.264
33.728
71.12
67.016
28.728
32.304
92.08
48.88
31.016
101.608
362.728
41.304
41.304
48.304
37.016
51.504
32.728
60.016
29.728
29.44
43.016
39.592
29.44
36.752
29.44
72.288
31.776
30.728
26.152
30.728
26.216
39.016
74.168
38.456
45.304
362.728
38.016
44.304
362.728
76.328
32.44
45.016
35.44
36.904
30.728
28.504
36.016
27.728
57.592
362.728
28.44
26.44
35.128
39.704
97.592
28.44
30.992
27.152
86.392
39.992
95.744
38.016
85.456
55.592
51.016
30.68
65.168
40.304
59.496
38.016
35.016
29.304
34.728
26.152
82.504
30.728
362.728
107.416
32.728
29.032
39.304
33.728
39.304
171.744
30.728
32.728
73.168
39.728
362.728
40.416
56.016
61.304
31.016
32.304
28.728
30.728
76.616
37.728
96.328
69.744
28.152
31.728
43.016
40.304
34.728
46.592
28.728
30.728
28.44
362.728
28.44
26.328
77.32
69.36
92.896
53.728
29.512
35.016
92.792
34.304
28.44
70.456
35.592
362.728
31.016
36.752
107.472
55.016
362.728
40.304
32.728
39.304
32.728
66.592
108.896
90.552
69.88
30.568
90.856
29.944
34.08
31.016
37.44
44.168
31.256
46.168
42.216
66.936
39.728
31.016
29.44
81.744
70.464
38.44
28.152
362.728
36.016
37.944
40.592
87.32
35.44
26.152
84.456
32.016
40.728
45.768
39.728
38.016
26.304
49.88
76.568
37.256
38.016
28.728
362.728
26.44
40.016
52.88
69.88
58.016
55.016
76.904
125.408
32.096
38.304
38.016
32.44
29.176
37.016
56.456
36.728
46.616
46.304
38.44
51.44
44.704
57.592
28.152
62.032
28.44
38.304
38.776
45.592
37.608
42.88
30.136
31.728
52.592
52.592
49.88
30.728
35.44
26.152
49.456
41.016
43.592
362.728
43.016
84.056
63.456
54.728
33.016
362.728
38.288
67.592
58.744
37.016
45.88
35.016
65.928
28.152
37.216
42.304
39.016
31.016
29.728
122.832
39.304
36.016
44.592
66.88
69.456
43.304
71.12
40.016
37.016
32.016
28.44
63.456
29.928
29.016
70.264
37.88
80.176
30.728
61.032
362.728
33.016
26.44
32.44
48.88
27.152
57.592
48.88
54.656
362.728
34.016
31.728
61.88
30.728
29.016
45.064
32.152
69.88
32.728
114.76
30.728
79.016
90.408
35.44
30.728
29.016
100.608
29.44
37.304
61.056
39.128
32.44
31.728
29.728
57.168
28.792
84.28
32.016
362.728
31.016
55.752
74.552
88.504
32.44
88.552
40.016
36.728
362.728
36.752
26.44
68.456
29.728
30.728
66.8
45.304
39.016
88.504
32.016
68.88
55.016
30.928
30.728
37.592
87.08
68.688
34.592
80.456
74.168
54.592
56.304
58.016
37.016
53.88
68.928
30.728
46.584
37.304
29.224
39.992
30.728
28.728
43.016
34.304
46.592
53.304
32.016
46.744
31.728
60.504
37.592
68.216
61.592
35.44
92.4
32.44
30.728
26.152
38.44
37.304
63.992
53.168
36.728
362.728
35.728
40.728
39.016
68.264
35.728
68.592
43.88
34.568
36.016
65.168
30.656
73.216
63.88
38.016
39.304
32.016
28.44
40.728
32.016
112.232
38.016
38.016
28.44
33.728
68.928
28.6
33.016
27.44
63.728
26.44
28.152
45.728
55.592
26.44
26.152
62.456
74.456
32.728
30.728
42.304
37.44
31.728
30.816
362.728
34.016
66.456
32.016
45.592
50.44
27.728
37.304
33.016
29.704
37.464
41.352
29.08
30.568
51.88
39.016
32.44
29.44
34.728
38.592
90.648
32.44
74.744
37.592
362.728
29.44
33.016
36.728
42.304
61.592
31.728
92.016
33.728
32.728
45.592
362.728
80.6
35.728
51.728
26.152
37.016
37.168
48.304
51.704
28.84
80.744
29.44
36.016
37.592
37.016
362.728
50.592
32.016
362.728
32.44
35.304
47.592
38.304
30.728
29.44
56.128
60.592
39.592
38.016
32.304
28.152
32.016
37.016
35.704
70.56
36.44
31.88
61.304
90.456
32.016
68.024
40.28
35.96
27.152
55.456
38.304
83.168
31.728
38.304
66.784
33.728
27.44
98.456
42.344
48.88
27.728
146.936
34.016
37.016
30.728
26.44
26.152
61.032
31.016
57.744
27.44
45.488
45.304
61.592
47.304
42.592
28.152
40.304
57.68
63.784
38.304
29.728
71.024
34.112
43.592
29.728
43.88
53.08
37.304
29.44
88.696
62.016
113.904
28.44
42.88
38.328
35.032
105.224
39.016
35.44
28.728
30.728
33.728
362.728
74.936
362.728
57.784
60.456
57.448
121.336
362.728
37.304
68.072
62.36
31.728
37.016
52.944
40.016
35.016
90.744
36.016
83.6
30.728
38.016
32.016
28.728
26.152
39.016
61.4
38.44
76.648
95.08
31.016
34.304
54.728
37.016
32.016
31.728
43.016
45.728
37.016
41.304
37.016
62.304
32.592
30.48
37.304
31.016
68.928
31.016
63.64
39.304
28.44
49.016
54.728
36.728
29.816
27.44
38.592
30.728
59.728
74.168
32.216
33.656
57.168
59.592
27.44
83.024
34.016
44.488
29.44
53.728
60.016
37.304
61.304
48.856
30.728
26.216
31.728
114.256
63.944
39.896
36.728
74.216
42.672
29.56
34.304
39.728
65.456
54.88
39.304
29.992
55.48
35.368
32.016
38.304
62.784
33.016
38.104
29.44
71.456
54.168
88.264
38.88
362.728
35.728
26.152
28.152
58.016
51.728
362.728
68.784
72.48
52.704
40.016
31.904
30.992
50.368
64.016
32.016
41.016
31.44
57.168
51.456
32.728
39.016
32.44
49.592
44.304
57.016
39.592
362.728
29.528
29.44
38.128
33.728
56.816
30.728
89.08
32.016
29.44
39.016
32.016
38.016
50.592
31.728
30.728
32.016
26.44
36.728
32.016
28.44
61.304
29.728
29.728
31.44
29.44
56.592
41.304
49.88
37.728
32.728
71.168
39.304
64.304
34.368
29.416
58.504
41.304
38.304
45.304
38.016
29.728
32.728
83.744
362.728
41.528
28.616
56.504
69.744
40.304
53.792
62.88
44.016
50.304
32.304
32.728
50.456
28.152
33.016
66.928
32.016
133.408
26.44
33.728
48.88
32.368
63.592
29.728
65.88
41.304
46.304
43.088
26.44
29.728
32.728
39.728
39.592
38.944
32.016
50.88
32.016
29.728
36.016
31.016
50.304
81.592
362.728
88.928
35.728
77.784
36.44
65.88
35.728
29.44
71.56
65.848
90.416
59.4
29.728
34.728
86.936
33.224
28.728
44.592
41.592
38.016
82.928
362.728
74.216
38.456
26.152
32.016
46.304
26.192
32.016
69.88
78.656
60.392
362.728
68.592
46.592
26.152
42.016
66.456
40.344
34.016
32.016
33.592
26.152
30.04
52.28
45.592
105.896
42.592
39.728
46.592
36.728
76.744
87.832
82.12
34.728
98.112
29.728
72.448
72.128
38.304
45.728
32.016
32.016
75.944
32.016
28.704
30.728
32.216
38.44
33.728
45.304
50.208
62.456
32.016
53.904
26.152
32.016
38.44
75.928
63.784
47.592
41.68
68.304
38.016
36.44
52.728
55.592
36.016
32.44
29.512
30.728
33.4
37.304
45.728
26.44
30.728
81.88
33.016
26.44
67.592
45.592
66.168
45.016
58.744
33.728
62.016
41.304
26.152
36.04
44.304
36.728
29.728
65.128
63.664
40.304
47.304
60.792
45.304
37.304
43.88
35.016
57.112
90.512
30.8
39.88
30.568
29.44
26.44
29.44
84.024
43.304
35.304
43.792
26.44
44.592
47.304
29.44
59.472
38.016
37.104
67.592
32.016
29.44
29.848
47.168
43.88
64.592
38.016
40.768
30.136
42.016
27.44
32.728
39.304
75.552
33.592
43.88
65.176
66.168
33.728
362.728
29.528
89.12
26.44
91.896
50.592
38.88
64.592
30.728
35.728
70.88
102.368
362.728
53.304
37.016
52.016
29.728
38.016
43.592
40.016
34.304
58.456
52.544
39.728
28.152
31.44
69.88
65.592
77.456
34.304
49.88
39.368
39.304
89.456
48.88
28.152
37.016
89.264
71.032
64.592
39.016
30.016
62.88
29.44
36.728
57.016
31.728
27.44
362.728
40.304
27.44
32.528
58.592
45.592
58.304
35.016
41.304
40.304
34.592
31.016
74.48
61.448
32.304
29.44
28.936
43.016
41.304
36.08
28.44
51.728
30.728
44.592
42.016
54.88
89.032
39.304
28.152
29.728
87.792
29.728
45.592
38.416
83.976
38.304
73.88
28.568
31.016
38.016
29.44
36.728
362.728
27.44
29.224
47.88
69.696
37.304
56.64
62.928
37.016
362.728
26.44
36.728
60.592
32.728
34.016
32.304
27.152
32.016
35.728
44.88
46.592
33.016
29.704
31.192
111.88
362.728
37.728
56.304
38.304
38.32
29.728
42.304
30.728
38.016
32.304
46.168
30.856
45.304
40.016
34.304
26.152
86.024
30.728
28.44
35.728
37.304
34.728
29.44
34.728
29.016
41.592
40.016
39.304
76.552
84.56
29.648
40.304
38.304
120.032
37.016
73.456
59.344
32.304
29.016
28.44
67.128
32.728
40.728
38.104
37.192
26.152
67.688
31.016
84.104
32.44
29.728
29.416
46.504
38.44
42.304
29.44
56.016
34.016
57.592
33.016
32.304
72.88
32.728
40.304
29.44
31.728
38.016
36.728
98.656
362.728
30.728
37.016
31.304
29.728
40.304
36.992
38.48
39.728
31.568
55.016
31.016
35.304
38.304
38.016
61.304
35.728
37.216
47.104
71.6
132.312
37.592
32.016
63.544
28.152
33.728
38.592
38.016
42.304
45.304
30.728
53.592
30.728
93.168
37.304
40.728
29.728
29.176
39.016
36.304
39.016
32.016
362.728
33.728
33.016
362.728
26.152
31.44
92.6
61.592
39.016
77.216
55.592
47.304
37.88
53.728
32.304
38.88
59.568
28.984
34.304
32.016
38.016
52.88
42.592
30.88
34.016
37.304
32.016
34.016
31.728
26.152
28.936
40.016
35.728
28.728
36.016
91.544
30.728
38.44
46.88
65.32
64.408
40.04
362.728
34.728
77.016
34.304
362.728
78.728
61.72
36.808
64.168
26.44
35.304
59.016
29.304
31.728
37.304
28.44
54.728
41.304
42.016
52.016
107.32
37.592
28.44
50.328
62.304
52.456
30.728
48.88
37.304
40.664
29.728
72.408
38.016
26.44
30.728
32.728
39.304
30.728
52.616
42.104
35.704
35.44
57.456
29.848
32.304
34.304
58.84
33.928
27.728
48.304
32.728
31.728
36.016
44.24
33.728
47.592
32.016
27.152
57.304
33.016
30.728
86.744
45.032
41.728
40.016
32.728
31.728
35.728
112.176
49.016
55.304
34.728
62.456
33.944
56.016
32.44
96.032
29.728
34.592
32.44
37.28
79.688
37.304
29.44
28.44
42.168
37.016
105.616
52.168
69.224
33.728
29.728
39.016
34.016
62.976
29.224
66.592
66.024
37.016
64.592
51.44
29.016
45.304
29.728
29.016
30.728
55.016
40.592
35.728
95.504
47.88
37.28
31.304
75.024
41.376
29.664
59.496
62.168
52.88
29.44
49.016
37.728
40.568
31.256
28.728
37.016
40.728
53.728
90.032
36.728
53.168
31.592
55.016
35.44
30.728
46.592
32.968
55.016
34.728
28.152
44.488
96.408
38.016
29.032
29.56
55.592
26.44
39.728
32.44
37.304
50.44
40.016
362.728
97.928
39.728
362.728
26.152
81.784
40.304
28.728
38.016
67.744
60.016
35.44
30.728
40.016
120.608
29.728
103.32
34.88
36.728
70.408
29.728
42.016
28.44
37.128
32.728
82.216
26.44
40.896
54.728
29.44
69.328
77.88
82.928
35.216
43.016
31.016
27.728
61.216
77.744
44.592
32.304
34.016
32.016
32.016
59.728
50.592
63.88
30.728
57.496
28.152
38.304
46.992
54.48
28.44
74.456
33.016
37.016
29.44
55.016
49.592
29.016
42.304
34.728
28.44
28.44
32.016
38.304
40.016
32.016
30.728
47.592
37.016
92.84
362.728
27.44
64.304
39.016
76.8
28.44
34.592
44.488
38.016
28.704
35.016
28.728
26.152
48.592
124.552
37.016
31.728
38.016
26.44
31.016
41.016
89.608
92.744
34.728
26.152
45.592
33.016
54.304
31.304
31.728
37.304
50.592
41.304
28.44
43.88
28.44
55.168
33.016
31.728
55.016
37.304
28.904
33.016
30.728
57.832
85.696
80.544
66.744
61.88
42.304
40.608
26.152
42.304
40.192
34.304
37.016
28.44
34.592
32.728
37.592
30.728
68.216
56.88
44.88
138.184
32.016
28.44
32.016
36.728
30.728
64.616
63.704
115.744
40.016
46.592
33.016
32.728
90.368
40.216
29.704
69.456
89.224
28.44
70.456
27.544
27.728
60.88
71.88
70.968
28.44
37.44
28.152
41.592
362.728
29.728
27.44
42.128
65.976
27.44
58.88
33.728
31.728
57.352
28.44
65.832
32.44
39.304
63.592
32.728
362.728
49.88
31.016
38.592
32.888
31.728
30.728
27.728
32.016
47.192
29.48
37.016
42.304
29.728
38.016
32.304
44.304
64.88
36.016
26.44
28.728
40.728
39.816
362.728
32.016
92.608
84.024
26.152
362.728
64.168
32.016
68.304
30.728
37.016
38.304
33.728
63.792
29.44
30.928
29.728
85.032
28.152
29.728
72.376
40.304
72.752
39.24
32.016
28.152
30.84
62.592
119.472
43.304
157.592
31.728
66.744
29.016
38.304
28.728
37.592
28.728
37.016
34.592
29.44
34.304
32.216
54.104
29.44
51.88
57.256
36.44
57.448
52.44
26.328
40.016
30.728
34.304
30.728
36.728
41.592
32.728
31.016
362.728
60.352
63.736
42.304
37.728
26.152
32.728
37.304
35.272
45.88
65.216
30.568
38.304
34.016
35.44
69.552
30.728
41.016
34.104
32.44
38.016
63.592
27.152
38.016
54.456
63.304
38.016
67.368
27.152
34.016
45.304
38.44
30.728
66.88
31.016
362.728
26.152
40.728
50.44
71.168
67.592
41.304
362.728
36.728
35.44
362.728
33.016
30.728
35.728
28.888
32.016
32.016
362.728
58.304
52.92
29.728
51.88
28.44
46.744
31.728
31.016
52.168
73.352
30.728
31.016
73.864
31.44
30.728
37.728
30.816
27.728
53.728
32.728
98.76
50.304
26.152
36.728
34.016
33.728
44.168
35.728
34.728
29.016
362.728
33.128
26.216
37.304
44.592
32.016
38.592
32.016
29.728
45.304
35.016
30.728
32.44
36.016
29.704
34.512
28.44
36.728
34.304
30.232
42.576
29.728
26.152
34.016
362.728
31.728
362.728
47.88
45.88
42.304
37.016
31.728
29.616
29.44
362.728
69.976
64.456
32.728
55.192
38.304
35.016
36.728
115.168
47.592
32.728
34.304
31.728
32.016
26.152
35.304
30.728
28.152
38.632
30.728
37.304
54.304
29.728
28.728
39.592
35.728
39.016
29.8
58.84
31.728
29.616
40.016
72.456
33.016
66.376
89.56
30.568
27.44
35.016
46.016
33.728
46.592
362.728
32.016
29.728
56.304
74.872
28.44
39.592
35.016
39.016
26.152
31.016
26.44
38.728
44.88
40.304
62.192
64.88
38.016
99.608
30.728
32.44
38.728
31.016
29.944
65.592
29.88
112.064
42.304
67.792
30.88
44.368
50.744
28.152
30.424
75.408
63.456
39.728
362.728
32.016
38.016
76.456
30.728
40.016
37.304
362.728
31.728
55.016
33.728
32.44
31.728
29.616
32.304
33.016
62.592
37.68
26.152
362.728
28.44
26.152
35.44
37.44
89.728
50.304
32.304
41.304
28.152
36.728
34.304
31.016
39.016
362.728
31.016
36.728
42.592
42.592
32.016
62.304
40.304
74.168
150.312
30.728
37.016
31.728
38.016
33.016
37.88
37.88
29.016
103.184
28.44
28.728
54.168
44.592
42.304
32.728
28.744
42.304
82.168
43.016
34.016
49.88
83.832
34.728
114.368
30.656
27.44
72.592
30.728
45.304
29.176
30.728
58.016
29.504
362.728
38.304
42.192
56.592
30.728
32.28
62.88
34.728
31.728
29.728
32.728
32.016
31.728
29.368
28.44
33.728
98.824
37.304
59.192
66.68
34.016
29.504
37.016
72.512
37.304
29.728
70.816
33.904
89.032
75.944
43.592
37.376
26.152
32.216
31.304
30.728
37.304
31.728
32.728
74.632
56.016
49.456
30.728
65.704
43.016
37.016
30.232
57.168
43.88
58.016
33.304
30.232
32.304
29.44
39.304
34.792
48.88
27.152
36.016
53.168
29.44
62.536
85.744
36.728
29.816
29.728
63.616
28.728
60.744
38.592
52.44
38.592
93.744
99.744
34.304
68.192
87.408
51.44
30.728
142.84
61.528
52.728
58.504
362.728
362.728
38.592
38.304
45.792
33.016
29.944
26.632
90.552
59.744
38.304
70.88
32.304
47.976
40.016
53.016
66.592
30.728
26.152
29.44
63.592
65.416
31.016
37.304
71.192
26.152
66.88
57.168
48.88
30.728
38.592
30.728
42.304
31.016
28.152
34.304
39.728
58.016
37.728
63.168
28.152
120.856
26.44
362.728
62.88
37.728
37.304
29.44
30.928
81.832
61.304
37.304
40.304
59.168
50.88
71.456
33.728
31.016
84.104
35.728
66.104
27.152
29.84
36.016
37.304
77.896
57.592
55.168
36.592
33.728
30.728
58.016
26.152
40.016
32.728
28.216
43.016
32.44
35.128
28.984
58.168
33.304
31.44
48.304
33.592
29.44
63.592
40.016
28.152
26.152
31.728
39.728
30.728
30.304
49.88
30.728
39.992
29.848
33.992
30.088
91.68
73.744
29.728
71.352
35.016
30.728
35.728
30.184
87.456
43.856
34.016
30.728
33.304
66.304
69.456
33.016
91.272
41.304
62.304
28.728
30.728
53.816
36.016
362.728
99.816
68.592
81.176
50.304
39.016
61.168
26.152
182.2
38.592
37.44
59.728
53.016
36.68
115.76
26.152
34.592
60.744
34.016
46.304
34.016
82.744
83.024
55.016
31.728
32.44
28.728
31.584
39.04
63.168
29.44
77.696
28.44
70.584
36.728
44.016
38.304
54.304
31.728
61.168
80.976
31.728
62.168
32.016
362.728
33.016
72.456
46.08
32.304
91.392
30.728
37.016
30.728
39.304
46.168
32.016
70.88
31.728
28.984
50.592
86.608
33.016
41.016
34.304
37.016
42.176
32.016
31.016
30.728
91.8
70.592
90.928
37.016
47.016
46.616
86.408
31.304
47.304
34.304
31.728
43.592
32.016
45.504
29.44
52.592
32.728
36.728
79.544
32.44
34.176
80.816
54.304
38.016
67.592
29.48
32.728
29.728
26.152
33.016
57.256
63.88
71.416
45.144
27.152
98.04
40.728
36.016
28.152
46.88
71.168
51.728
38.592
26.44
29.44
69.408
59.304
53.104
38.016
32.016
81.744
32.016
47.592
31.016
27.704
32.016
45.504
28.992
77.744
76.512
49.304
35.016
31.728
32.016
27.44
34.016
72.456
64.592
44.016
55.304
34.28
40.568
362.728
35.016
44.168
41.592
63.64
35.728
39.8
28.456
62.304
94.936
28.152
85.84
36.728
35.44
39.304
55.016
29.032
29.272
61.304
118.04
26.44
41.304
31.728
41.592
85.792
29.752
68.024
39.728
109.896
32.016
28.44
49.304
63.072
28.44
41.304
70.88
39.728
49.88
65.416
38.016
35.592
78.456
66.648
32.016
29.904
29.416
35.44
60.016
38.016
57.88
35.728
51.728
28.152
36.728
44.592
36.304
88.12
97.744
32.728
52.544
29.016
37.856
44.168
29.728
43.304
30.728
133.496
75.072
31.016
66.368
40.728
29.016
26.616
37.016
37.016
30.728
39.416
29.44
56.168
28.152
52.44
31.016
59.4
61.016
91.456
37.592
27.152
35.416
40.016
31.016
34.136
362.728
34.016
83.072
53.704
98.328
31.016
39.016
28.44
66.832
65.976
32.44
29.44
31.016
61.304
66.592
37.016
51.704
362.728
46.304
56.192
32.304
32.016
28.728
362.728
49.832
51.592
76.848
36.728
30.472
26.152
33.016
40.216
30.904
64.88
37.304
82.904
61.304
26.44
39.304
35.992
62.544
26.152
31.016
42.104
65.8
39.728
32.728
66.04
60.304
43.304
36.016
362.728
45.976
31.728
43.592
39.016
28.152
32.728
37.304
41.304
31.016
36.44
74.872
40.016
35.288
55.168
362.728
38.304
69.792
32.728
38.44
53.728
90.216
47.168
39.016
28.256
362.728
75.544
89.264
38.304
47.168
40.016
31.728
30.728
34.416
362.728
44.88
35.016
30.728
30.728
40.728
29.44
26.44
35.728
32.016
30.728
42.592
30.728
73.584
362.728
362.728
71.616
65.736
32.016
46.744
29.728
29.44
35.728
71.712
55.2
31.728
32.016
35.728
42.248
29.44
50.128
27.44
28.44
50.168
35.928
57.88
42.304
28.44
50.88
33.728
61.592
32.304
30.728
37.88
45.592
38.592
32.88
32.016
48.968
30.376
59.456
134.176
37.304
66.424
61.256
38.304
27.44
27.152
39.016
55.88
38.304
26.44
38.304
37.392
43.304
57.968
91.408
32.728
71.376
33.264
109.272
32.016
57.592
44.016
37.016
362.728
73.168
28.728
35.016
54.792
71.88
28.728
66.168
41.016
54.168
47.016
29.44
34.592
26.48
43.592
45.592
38.68
26.44
62.168
44.304
48.88
42.304
362.728
38.016
34.016
49.344
114.32
32.728
31.016
31.016
36.44
95.32
44.48
73.168
35.72
362.728
35.728
28.728
42.304
34.016
33.592
362.728
30.728
64.456
59.592
33.728
70.168
61.88
29.016
110.032
32.32
362.728
58.016
37.304
47.592
28.44
47.016
32.904
36.728
32.44
45.728
66.184
53.304
27.152
86.176
44.016
32.016
62.304
55.016
38.016
43.016
45.728
36.016
26.44
33.928
49.816
74.432
122.808
31.728
36.728
29.728
32.728
69.456
362.728
50.88
38.912
37.304
52.592
37.728
30.728
29.728
44.304
31.728
36.728
68.88
28.728
32.728
32.016
47.88
28.728
58.168
51.592
71.312
41.304
47.592
40.016
41.304
39.592
35.728
46.88
31.728
76.168
27.152
61.496
43.928
39.728
42.304
31.792
47.592
38.28
30.168
37.304
52.44
73.456
41.304
39.192
28.728
81.168
33.728
32.304
31.44
55.016
44.304
30.472
31.288
28.44
47.304
33.016
32.44
31.096
41.392
32.304
59.056
29.728
26.152
41.912
33.728
38.304
34.016
30.728
33.728
31.096
68.64
29.44
30.728
26.44
66.664
36.952
36.016
32.016
31.144
44.88
118.608
65.168
60.304
148.464
70.32
31.016
38.504
58.592
43.616
39.208
43.016
30.592
58.88
40.016
81.168
38.016
31.192
48.016
37.88
34.016
362.728
28.152
107.64
40.016
52.592
29.44
40.528
38.416
39.728
73.832
112.608
30.664
28.832
55.656
30.744
32.016
91.456
41.592
39.728
46.552
26.44
31.728
122.952
45.592
83.08
42.304
37.304
77.456
38.592
38.016
86.832
60.256
32.728
30.616
39.016
29.016
32.016
31.728
52.168
33.304
34.728
45.416
34.304
43.592
35.592
29.88
33.016
40.592
100.88
45.968
33.056
37.04
100.032
28.44
62.016
73.168
32.44
37.528
31.016
70.168
37.304
72.392
31.728
33.728
26.152
47.592
111.272
100.704
28.152
33.24
55.304
52.44
28.728
42.592
71.168
38.016
55.72
31.728
68.016
31.104
54.728
32.016
34.304
40.304
31.016
34.728
362.728
47.88
94.48
33.728
30.728
39.016
33.016
362.728
37.416
28.44
67.128
32.016
40.728
37.016
35.304
62.784
30.728
29.728
73.744
30.728
126.184
85.408
31.728
48.816
32.016
62.304
35.304
32.728
47.592
27.152
28.44
41.304
26.152
37.24
33.728
30.728
40.016
39.728
95.12
27.44
362.728
29.44
63.416
50.504
37.016
26.44
30.728
41.592
111.48
362.728
65.592
55.592
31.728
37.304
92.552
44.304
32.304
31.728
32.016
36.728
39.728
32.728
42.416
30.728
29.44
36.728
26.152
28.728
53.728
32.728
35.032
41.592
28.68
97.368
31.728
81.88
26.44
28.728
34.488
65.032
55.168
40.016
31.904
28.592
82.888
71.376
52.304
57.304
40.304
40.592
31.016
35.44
58.28
39.016
362.728
36.728
26.152
54.168
34.304
41.592
39.304
34.304
51.592
34.016
362.728
30.728
40.304
51.168
58.016
29.504
30.992
64.88
42.944
28.728
29.016
29.128
30.728
29.44
35.016
58.024
35.304
29.464
47.592
34.728
35.016
362.728
54.592
33.728
362.728
29.728
73.168
31.216
97.888
51.592
362.728
66.856
26.152
60.04
362.728
28.44
44.88
30.768
28.888
42.592
42.592
29.44
140.792
49.904
77.168
63.968
29.44
362.728
29.528
40.592
34.88
48.168
33.968
29.728
96.016
34.304
37.016
26.152
59.304
31.016
60.592
30.728
35.68
106.768
41.184
32.44
29.44
31.016
38.728
60.88
28.984
58.304
30.728
28.44
36.728
32.728
30.016
74.792
362.728
37.016
36.304
43.88
34.984
34.304
27.44
100.504
33.728
362.728
43.592
97.88
39.368
70.856
44.592
28.44
362.728
39.88
29.368
35.656
82.976
46.592
55.016
98.08
34.728
26.44
35.728
43.304
51.728
35.44
31.728
32.728
43.592
111.704
33.92
28.792
43.28
56.744
48.592
28.728
40.016
38.016
33.728
30.728
37.304
38.792
107.696
54.04
362.728
32.016
29.728
62.592
115.712
27.728
56.728
53.216
27.44
27.152
32.016
43.104
38.016
69.656
38.016
32.44
49.88
37.304
35.016
28.728
36.728
26.152
70.016
29.44
37.016
128.928
39.304
26.152
29.704
45.592
34.728
43.592
28.44
33.728
40.808
42.304
30.592
45.28
68.784
29.368
42.592
31.728
38.728
31.728
65.592
56.304
79.248
33.016
35.728
362.728
45.592
51.016
96.88
37.168
33.944
75.032
29.44
38.016
98.608
26.152
32.016
30.728
37.016
40.016
30.304
29.44
49.88
35.768
27.152
58.64
362.728
62.016
32.44
54.728
32.304
39.016
32.728
64.264
64.168
35.728
27.728
36.728
26.152
32.016
52.728
36.728
45.304
39.304
31.44
26.152
37.304
35.44
362.728
49.168
59.304
34.304
69.456
29.368
30.728
73.456
28.728
38.016
36.016
43.88
362.728
61.88
38.304
37.016
33.728
28.44
47.168
31.856
44.592
48.88
30.016
54.728
34.728
39.016
38.016
32.016
44.88
31.728
29.704
51.44
28.728
37.88
37.304
54.456
29.44
118.344
42.592
29.44
63.592
31.728
28.44
56.456
31.728
52.168
46.592
33.728
41.304
38.016
29.016
362.728
32.304
31.728
26.152
29.728
51.016
31.728
29.44
27.152
90.888
27.44
31.44
41.304
27.44
62.304
42.304
68.32
32.44
37.016
42.304
29.128
46.016
36.016
36.728
36.44
43.728
75.128
41.592
63.592
30.728
40.568
65.944
32.632
30.728
45.304
26.152
28.44
38.328
36.216
32.728
166.256
46.992
362.728
70.904
40.592
60.496
32.728
39.016
30.728
44.304
362.728
66.544
35.304
362.728
39.592
35.08
30.728
33.728
37.304
64.552
80.312
29.44
41.136
58.88
65.168
362.728
35.44
56.592
59.4
362.728
84.408
41.304
35.016
32.016
26.304
35.304
50.44
65.592
37.752
54.616
90.84
41.016
50.168
29.016
76.168
37.304
362.728
29.656
46.592
27.44
30.728
44.728
31.816
29.752
28.728
29.44
49.592
51.88
30.728
26.44
29.44
50.304
47.304
26.592
74.944
31.016
37.304
65.888
76.936
26.44
32.728
40.592
36.44
35.016
362.728
65.608
35.896
63.304
45.728
30.728
362.728
27.44
44.88
38.872
32.728
93.456
77.304
30.728
73.392
36.48
30.728
55.456
30.728
30.728
56.032
42.88
62.304
49.592
39.728
59.256
28.44
43.904
27.392
35.832
34.304
56.88
60.52
74.456
33.304
28.728
29.992
37.592
34.592
75.896
77.456
41.744
64.312
79.328
34.304
73.928
27.728
37.44
38.016
90.408
28.152
32.04
29.728
27.44
38.344
38.304
41.304
54.728
30.728
32.016
362.728
45.256
35.136
83.744
63.88
66.568
94.656
36.728
59.88
30.136
32.824
39.304
56.016
29.728
29.44
44.528
58.592
54.744
42.304
30.712
30.728
80.456
29.44
51.456
32.016
88.44
27.728
65.832
44.88
30.728
29.728
32.44
30.728
38.44
55.904
55.016
34.304
79.032
31.304
29.728
34.304
32.728
73.88
26.152
61.88
35.728
59.016
30.424
39.016
32.016
37.304
26.152
51.592
84.32
33.304
68.304
70.88
46.992
31.728
32.304
30.728
86.032
31.016
27.44
32.016
34.728
38.68
55.016
27.44
31.44
39.304
47.792
28.728
65.168
62.544
35.728
31.728
62.592
44.592
30.48
362.728
33.016
30.728
362.728
62.88
37.016
40.016
48.592
37.016
39.704
26.44
31.728
29.616
61.016
31.104
34.304
50.304
58.6
38.728
27.44
42.304
30.728
88.32
38.016
32.304
32.016
26.304
28.728
42.304
71.592
64.656
39.744
30.728
38.216
140.72
30.608
39.448
37.016
88.904
32.792
75.08
32.728
29.44
362.728
31.928
27.152
26.216
38.24
26.44
40.728
27.728
38.304
28.44
32.728
46.304
55.304
64.168
30.728
46.784
362.728
37.016
38.24
49.304
362.728
78.456
41.304
40.304
28.152
91.176
37.016
31.016
43.592
37.44
30.728
41.88
39.304
31.44
44.592
32.016
61.352
29.44
44.592
56.88
32.016
362.728
38.304
28.728
42.552
38.304
57.168
362.728
48.592
146.528
28.016
32.016
31.016
362.728
37.304
42.048
59.016
30.728
362.728
52.224
38.016
36.304
44.304
30.856
38.344
37.016
53.88
47.88
34.304
71.88
32.728
31.816
58.592
39.304
27.592
42.304
47.392
26.152
56.488
32.776
113.68
30.728
27.44
57.016
38.592
43.016
362.728
32.44
33.728
55.456
62.736
362.728
41.304
40.728
30.728
135.456
31.728
28.44
38.304
60.592
362.728
33.128
29.816
87.464
27.728
41.304
28.152
34.304
28.44
37.728
28.728
362.728
65.528
32.728
29.44
60.304
31.728
59.392
31.016
58.016
31.728
37.304
45.88
38.016
56.744
32.304
41.304
36.016
29.44
34.728
29.728
32.728
30.616
26.152
105.136
31.728
29.728
56.592
29.44
40.016
39.104
114.744
52.592
56.88
31.728
28.416
40.304
35.44
53.592
34.04
29.44
29.44
62.128
88.896
29.728
30.728
58.504
50.392
47.08
31.768
37.016
32.016
84.168
73.512
49.456
71.32
50.008
36.728
26.152
34.016
38.016
50.168
37.88
30.968
59.304
29.728
46.592
106.416
53.904
29.464
26.152
82.264
28.44
83.168
49.88
37.304
59.88
43.368
38.304
46.016
36.728
34.016
30.728
54.456
30.728
37.016
26.44
29.728
61.216
81.592
29.224
57.168
76.464
40.304
30.728
40.728
62.592
36.728
38.016
27.416
28.152
35.728
30.728
28.44
53.728
26.152
31.728
86.168
47.88
34.968
169.656
51.144
50.304
29.44
27.152
31.016
38.24
30.728
34.728
53.016
37.704
28.44
82.264
59.272
30.728
47.68
37.016
39.304
36.016
123.816
32.728
36.728
69.456
46.592
31.016
34.016
29.728
95.424
26.44
61.592
28.44
39.728
34.792
26.44
30.728
27.44
116.944
32.016
29.728
32.728
61.256
62.592
74.024
64.896
60.456
47.592
96.272
35.44
27.44
75.936
44.88
36.728
42.32
30.728
53.728
61.016
47.304
31.728
27.152
139.592
68.592
37.728
40.016
36.728
51.168
32.256
30.728
26.216
33.728
80.88
38.592
31.728
54.728
82.032
43.304
37.304
57.448
37.304
33.016
58.304
32.44
63.928
37.816
76.504
53.992
37.48
30.568
28.152
26.152
30.728
99.312
28.696
29.016
47.592
38.44
35.304
33.016
35.728
53.728
79.88
32.304
40.016
36.728
34.304
31.44
42.304
61
32.304
38.488
34.016
31.304
29.728
62.592
39.016
29.704
31.016
73.456
28.44
49.88
54.168
32.44
40.016
58.696
34.016
29.728
34.016
41.592
28.728
35.304
125.472
59.304
54.792
63.928
44.88
30.768
61.4
44.016
30.728
43.52
41.88
64.072
34.304
31.96
31.048
60.016
34.728
45.592
107.32
362.728
31.728
55.728
27.216
362.728
31.928
35.728
38.592
64.6
41.232
31.728
46.88
29.368
62.736
37.304
39.992
28.28
62.592
35.728
32.304
37.592
57.88
66.592
44.592
28.152
37.016
43.016
26.44
38.016
44.016
38.896
37.592
31.728
35.304
59.88
78.744
36.016
30.728
362.728
27.728
40.016
55.016
64.456
100.104
40.592
37.016
59.304
28.728
46.448
28.152
38.016
34.016
39.728
53.016
62.592
30.48
26.44
43.016
37.592
33.728
32.728
69.168
26.152
55.456
30.728
36.728
34.616
26.152
65.88
36.304
89.184
32.728
45.304
30.728
26.392
33.016
32.016
61.592
32.016
29.944
72.608
58.496
43.304
32.016
31.728
39.304
27.44
26.44
45.728
75.216
31.104
35.016
27.152
44.592
29.016
362.728
34.728
29.728
38.592
30.728
29.728
32.016
46.88
71.168
38.016
37.104
35.016
89.6
42.192
33.728
29.728
26.44
37.44
34.728
30.728
37.76
26.44
66.304
34.728
362.728
28.328
30.952
38.592
41.592
33.016
38.304
28.44
41.592
33.304
26.152
29.728
38.592
30.728
40.728
37.016
30.808
32.296
33.728
63.88
29.728
64.168
34.016
43.592
30.728
30.728
31.288
362.728
123.032
40.304
36.728
33.728
31.728
35.016
60.328
35.016
32.016
38.016
38.304
40.016
32.304
38.592
35.728
28.152
26.152
31.144
47.168
31.728
36.728
48.88
362.728
32.728
31.624
33.728
32.016
39.392
53.016
30.728
31.44
59.304
29.44
39.304
35.728
362.728
39.44
33.728
31.44
39.016
40.728
62.592
94.08
66.88
41.752
27.44
69.88
37.016
30.728
43.064
37.44
32.968
32.728
362.728
362.728
36.728
44.016
362.728
34.328
46.592
51.44
34.928
44.016
33.256
32.304
60.304
38.016
31.728
41.016
27.44
31.44
42.4
35.728
33.728
34.016
31.728
31.016
74.648
47.88
60.304
69.08
30.968
84.056
101.144
37.016
32.44
41.272
38.016
26.44
48.88
41.016
61.096
37.592
31.728
33.016
44.592
58.304
28.44
90.36
35.44
42.016
26.152
34.304
38.592
30.728
45.304
362.728
36.016
85.6
62.88
26.152
43.584
30.728
73.456
51.592
46.112
65.832
40.304
362.728
73.112
67.576
32.016
56.304
32.304
76.104
29.44
36.016
76.456
29.944
45.728
44.632
40.016
31.728
55.952
35.84
30.728
53.728
26.44
28.152
29.44
56.016
40.304
59.792
31.016
45.592
124.472
33.728
38.152
44.44
27.728
43.592
38.304
29.768
79.256
35.016
38.744
52.08
27.168
63.168
31.728
27.152
62.872
39.728
34.016
32.728
65.592
35.016
27.44
36.016
32.304
49.88
56.88
28.44
34.592
34.728
32.016
68.272
29.44
108.728
37.016
29.44
38.016
32.44
38.016
28.44
56.016
44.016
30.728
54.168
69.168
66.832
29.728
34.816
34.016
43.304
37.304
30.728
28.616
48.592
55.592
85.976
95.88
28.728
26.44
41.592
62.304
26.152
44.592
60.424
40.248
40.224
57.256
28.44
31.104
63.88
41.304
61.768
44.056
39.304
26.344
31.432
32.008
32.304
39.304
27.44
102.808
32.016
67.192
362.728
35.44
41.592
32.44
30.728
38.304
34.728
26.152
29.016
48.592
35.728
30.728
26.216
97.304
75.992
29.48
26.44
69.456
83.456
67.712
37.016
40.016
64.592
33.304
33.016
38.104
37.192
85.504
62.304
39.016
35.304
38.016
34.728
30.728
81.744
62.832
37.544
72.264
44.168
32.728
36.728
35.816
32.016
39.504
33.792
29.728
67.216
28.44
50.592
40.08
61.448
83.032
44.168
39.728
31
83.88
36.728
80.976
38.064
68.88
64.688
37.016
50.504
42.592
39.28
32.016
362.728
29.528
40.456
362.728
28.44
38.304
32.016
56.248
26.536
26.152
75.304
36.016
29.728
40.728
73.328
53.016
67.88
32.104
40.016
30.728
63.168
37.016
97.304
42.592
38.728
28.44
31.128
33.816
65.88
38.016
39.304
48.88
32.304
33.792
79.736
30.824
30.184
64.032
64.88
30.728
48.016
33.728
30.728
100.928
31.016
55.016
48.304
42.592
29.728
55.168
53.12
38.016
362.728
32.304
35.016
30.728
53.816
30.104
40.304
38.192
362.728
51.592
30.728
47.792
29.44
31.016
108.432
42.592
33.28
40.016
36.728
34.016
27.152
62.544
362.728
33.728
37.304
28.152
33.24
28.152
29.64
46.304
31.728
45.016
40.016
28.44
93.528
31.728
70.456
28.44
38.016
31.728
38.592
362.728
71.224
31.728
26.152
61.256
36.304
206.992
62.88
37.016
33.704
128.032
29.016
59.728
43.592
29.44
30.728
29.816
58.016
38.016
33.592
36.728
26.152
34.304
68.64
52.44
30.728
362.728
67.88
63.456
44.544
362.728
44.88
34.368
44.168
64.304
47.592
35.728
69.304
68.168
30.728
28.152
41.592
32.016
37.752
37.016
40.848
49.304
33.728
37.944
32.728
32.304
58.304
30.992
63.592
33.728
46.88
26.44
32.728
29.728
32.016
36.016
37.44
77.168
62.304
38.592
30.728
362.728
362.728
29.728
37.592
31.016
76.84
36.44
40.168
32.016
115.56
35.448
28.536
26.152
51.728
26.152
28.728
37.184
27.44
31.728
40.592
89.168
35.728
31.728
44.096
35.728
30.728
49.304
43.304
35.304
31.728
77.936
36.016
362.728
65.128
42.304
31.728
39.52
30.088
85.08
34.016
30.704
37.016
38.592
53.016
30.48
33.016
31.728
31.728
56.016
38.304
32.728
35.728
59.88
29.016
93.704
58.304
61.88
26.44
33.016
50.88
37.88
32.016
27.44
43.88
37.016
96.936
31.144
65.512
59.8
36.904
29.016
32.016
36.016
34.592
43.504
30.592
39.728
30.728
67.624
44.304
38.016
53.904
26.44
66.032
37.44
40.128
30.728
26.44
67.168
35.728
362.728
26.152
49.304
44.304
33.728
30.728
80.744
69.352
33.728
43.016
33.592
90.28
31.728
29.728
27.44
43.304
33.016
36.904
29.728
33.016
31.576
30.728
32.728
71.256
42.592
51.88
32.968
34.304
64.456
31.728
73.88
30.728
35.44
37.016
32.728
41.416
32.304
30.728
62.592
36.016
35.104
31.792
83.456
29.744
33.016
362.728
68.216
99.704
46.88
29.016
362.728
38.016
34.304
32.728
26.44
29.728
38.304
28.44
35.44
43.304
120.392
40.304
30.728
72.168
34.016
40.304
38.592
35.016
31.728
30.952
55.192
26.152
34.016
31.728
33.016
35.728
30.016
38.016
44.304
37.728
31.016
33.728
28.44
33.728
32.44
30.728
29.016
83.072
29.44
26.152
41.304
70.832
29.016
29.728
63.744
42.304
32.104
30.52
29.44
28.728
71.88
103.368
31.168
31.728
82.136
32.304
35.44
29.44
35.016
58.016
35.304
30.792
26.44
56.592
28.152
31.016
53.456
29.44
29.728
124.744
34.728
31.416
27.152
30.728
42.592
50.592
57.168
27.44
27.152
56.168
103.32
32.808
45.304
30.728
43.016
29.728
77.456
40.544
75.88
30.664
32.304
29.016
37.704
34.304
26.152
30.728
28.152
43.368
32.016
28.704
50.44
63.88
28.728
362.728
137.824
28.44
28.728
34.728
74.032
41.304
30.792
30.728
51.552
52.88
40.016
76.64
66.328
32.304
30.832
63.304
89.032
38.304
83.032
40.12
29.728
39.728
40.016
30.728
65.704
38.016
29.904
57.016
28.152
37.44
94.936
30.728
40.728
46.592
37.28
68.168
32.456
39.016
40.672
59.016
26.152
31.728
32.016
37.104
40.304
64.592
32.016
29.44
38.016
48.016
50.88
34.992
32.728
30.616
35.968
41.304
29.44
30.792
29.728
35.728
32.728
56.304
31.728
40.432
70.936
30.728
30.728
31.728
38.304
27.152
66.168
28.44
35.728
29.016
26.44
66.144
38.016
42.392
38.304
33.016
93.648
29.016
53.88
33.728
112.504
35.992
108.32
32.016
32.016
37.728
26.152
30.856
67.592
40.28
39.728
31.016
61.568
119.84
38.592
35.28
31.016
30.904
37.304
92.312
66.592
29.44
37.304
33.992
42.88
29.44
32.728
40.88
362.728
29.728
32.728
362.728
29.016
90.744
33.728
362.728
362.728
64.88
59.496
71.88
43.168
32.304
59.304
40.392
28.44
30.728
38.88
41.592
28.44
38.592
64.232
89.608
56.88
30.728
31.728
45.304
74.32
28.152
105.784
30.728
59.848
50.304
37.304
42.392
45.592
32.728
30.616
58.304
362.728
31.48
30.568
39.016
362.728
28.728
67.304
105.816
49.592
47.592
74.832
39.016
26.44
65.592
49.88
34.728
32.728
31.728
67
30.728
37.016
43.016
68.688
33.016
32.304
31.44
29.44
30.728
31.728
29.44
54.456
32.44
37.016
29.44
78.648
362.728
43.928
38.592
32.016
46.88
27.44
34.592
38.016
50.88
34.592
30.728
45.304
49.304
34.728
38.304
32.44
29.44
27.44
32.016
80.544
50.88
28.728
35.016
65.304
32.016
67.32
35.728
84.36
362.728
82.792
35.44
35.016
111.856
60.592
56.016
38.016
35.704
33.016
30.728
27.152
30.728
29.728
33.016
38.304
85.552
32.728
362.728
69.224
29.912
48.792
35.304
64.304
31.016
31.728
34.304
73.168
43.304
26.152
57.832
50.44
29.44
26.44
40.304
37.304
362.728
29.464
40.552
38.304
28.728
32.016
72.792
29.368
35.728
38.304
31.016
63.592
56.456
28.44
34.304
30.728
41.304
362.728
36.728
40.016
30.728