1.114
7.228
7.228
1.114
6.457
14.457
12.572
6.457
18.686
1.114
13.572
1.114
7.228
6.457
1.114
1.114
14.668
7.228
1.114
1.114
20.572
7.246
6.457
1.114
1.114
6.457
14.457
1.132
12.457
1.114
28.915
25.686
1.16
1.114
1.114
13.572
12.457
7.228
20.686
1.114
7.228
7.228
7.228
6.457
20.572
14.457
7.228
7.228
12.572
7.228
11.457
13.457
7.228
12.572
1.114
1.114
13.572
12.572
7.228
1.114
12.457
7.228
12.572
12.457
1.114
6.457
1.114
1.114
13.572
7.228
1.114
1.114
19.572
11.457
15.572
7.228
7.228
6.457
1.114
7.228
1.114
12.572
7.228
7.228
19.663
15.572
1.126
7.228
6.457
14.457
1.132
1.114
1.114
13.572
20.686
7.228
11.457
1.114
15.788
1.114
7.228
1.114
1.114
17.572
1.114
1.114
1.114
12.457
15.572
12.457
1.114
20.572
1.114
1.114
7.228
1.114
13.548
12.572
1.114
1.114
1.114
7.228
14.572
14.457
1.132
11.457
7.236
29.915
6.457
14.457
7.228
7.228
6.457
1.114
7.228
7.228
11.457
17.572
23.572
7.228
7.228
7.228
22.8
12.457
19.572
17.686
7.228
7.228
1.114
12.457
7.228
7.228
13.572
7.228
1.114
7.228
13.572
19.572
13.457
11.457
1.114
6.457
1.114
6.457
1.114
14.572
12.572
7.228
7.228
20.572
7.228
18.686
17.572
7.228
1.114
16.572
14.457
15.572
14.457
11.457
19.572
14.572
13.572
7.228
6.457
13.457
7.228
1.114
7.228
13.572
7.228
17.572
1.114
7.228
13.457
1.114
1.114
14.668
7.228
14.457
1.132
13.457
7.228
1.114
12.572
7.228
12.572
1.114
20.572
1.114
7.228
1.114
1.114
7.228
13.457
11.457
7.228
19.663
7.228
20.572
1.114
1.114
17.572
7.228
15.686
13.56
12.572
7.228
1.114
7.228
7.228
14.457
1.132
7.228
19.663
1.114
11.457
1.114
6.457
1.114
13.548
6.457
1.114
12.457
1.114
7.228
1.114
23.572
6.465
13.572
20.572
20.686
1.114
14.572
1.114
13.457
7.228
6.457
1.114
16.572
1.114
7.228
14.457
1.114
6.457
1.114
1.114
1.114
1.114
1.114
13.548
18.686
1.114
1.114
19.572
1.114
1.114
1.114
23.572
22.686
7.228
19.671
1.114
12.572
7.228
13.457
1.114
7.228
1.114
11.457
1.114
7.228
15.572
11.457
1.114
1.114
15.572
7.228
23.572
12.457
14.572
20.572
7.246
1.114
1.114
13.572
12.572
7.228
12.572
1.114
12.457
7.228
1.114
12.457
20.572
12.457
6.457
1.114
11.457
7.228
1.114
7.228
1.114
7.228
14.457
1.114
1.114
7.228
1.114
13.548
1.114
12.572
7.228
6.457
1.114
7.228
7.228
20.783
13.457
7.228
1.114
13.548
7.228
1.114
7.228
1.114
7.228
20.572
7.246
17.572
6.457
12.572
1.114
7.228
1.114
6.457
1.114
1.114
11.457
6.457
14.572
11.457
6.457
6.457
1.114
13.572
12.566
1.114
7.228
1.122
11.457
1.114
1.114
6.457
11.457
7.228
1.114
15.572
1.126
7.228
13.572
7.228
20.572
23.572
1.114
6.457
1.114
7.228
14.457
7.228
32.915
17.572
1.114
6.457
1.114
12.572
1.114
12.457
7.228
19.686
1.114
11.457
7.228
15.572
7.228
1.114
6.457
22.686
7.228
17.572
6.457
1.114
7.228
13.457
1.114
12.457
1.114
6.457
14.572
11.457
17.572
6.457
11.457
12.572
6.457
13.457
1.114
7.228
7.228
6.457
1.114
6.457
14.686
1.114
1.114
7.228
14.457
1.132
1.114
20.572
20.572
6.457
1.114
13.572
6.457
1.114
14.457
6.457
1.114
7.228
1.114
7.228
1.114
13.548
7.228
1.114
1.114
7.228
7.228
13.572
1.114
6.457
1.114
12.457
7.228
12.457
1.114
7.228
1.114
7.228
1.114
13.457
14.572
6.457
6.457
13.457
12.572
23.572
1.114
6.457
1.114
7.228
12.457
11.457
7.228
1.114
13.572
1.114
12.572
7.228
1.114
7.228
1.114
12.457
1.122
1.114
7.228
11.457
20.572
1.114
7.228
1.114
13.548
20.572
6.457
1.114
20.8
1.114
14.686
14.457
1.132
11.457
7.228
1.114
13.548
1.114
7.228
6.457
1.114
14.572
1.114
6.457
1.114
1.114
15.572
7.228
1.114
11.457
14.572
24.8
1.114
11.457
7.228
6.457
11.457
1.114
12.572
19.686
7.228
1.114
13.572
7.228
1.114
7.228
12.457
19.572
22.686
18.686
1.114
11.457
17.572
7.228
7.228
1.114
12.457
7.228
15.686
1.114
7.228
14.572
6.457
27.8
1.114
7.228
6.457
6.457
16.572
7.228
1.114
7.228
14.457
1.132
7.228
1.114
21.686
7.24
1.114
11.457
1.114
12.572
12.457
7.228
1.114
13.457
1.114
13.548
1.114
1.114
1.114
7.228
14.572
1.114
14.668
14.457
1.132
1.114
1.114
19.572
11.457
11.457
1.114
6.457
1.114
22.686
6.457
1.114
7.228
1.114
13.572
7.228
7.228
7.228
7.228
6.457
14.457
1.132
23.572
6.457
14.457
7.228
13.457
7.228
14.686
7.228
17.572
1.114
7.228
13.457
13.572
6.457
13.579
1.114
11.457
1.114
1.114
6.457
1.114
13.572
1.114
1.114
1.114
13.548
12.457
6.457
1.114
11.457
19.572
1.114
1.114
1.114
1.114
7.228
1.114
13.572
13.572
1.114
1.114
6.457
1.114
11.457
14.457
7.228
6.457
1.114
1.114
1.114
22.686
14.457
1.132
7.228
6.457
12.457
7.228
6.457
6.457
14.457
12.457
7.228
7.228
1.114
14.457
12.572
7.228
1.114
1.114
7.228
1.114
7.228
1.114
1.114
14.668
7.228
1.114
1.114
23.572
20.572
12.457
14.572
7.228
13.457
1.114
7.228
1.114
13.548
11.457
6.457
1.114
13.548
12.457
1.114
14.668
7.228
19.686
13.457
11.457
1.114
7.228
7.228
1.114
13.572
7.228
6.457
7.228
7.228
6.457
1.114
6.457
1.114
20.572
1.114
1.114
13.548
1.114
20.572
11.457
7.228
17.572
17.572
1.114
14.668
1.114
7.228
19.663
1.122
12.457
6.457
1.114
13.572
11.457
1.114
7.228
1.114
1.114
14.572
1.114
1.114
7.228
14.457
22.686
1.114
12.457
1.114
1.114
14.668
7.228
1.114
7.228
13.457
1.114
20.572
1.114
13.457
7.228
1.114
13.572
7.228
13.457
1.114
11.457
6.457
1.114
14.668
1.114
7.228
1.114
18.686
13.457
17.572
12.572
11.457
20.572
7.246
6.457
1.114
1.114
7.228
17.572
16.572
7.228
6.457
1.114
1.114
13.572
1.114
13.572
6.457
7.228
6.457
6.457
1.114
11.457
18.686
7.228
1.114
11.457
1.114
25.686
7.228
1.114
12.457
17.572
7.228
1.114
7.228
1.114
7.228
14.457
1.132
7.228
21.915
11.457
7.228
25.686
7.228
7.228
7.228
7.228
7.228
17.572
12.572
7.228
11.457
1.114
14.572
7.228
11.457
22.772
1.114
19.572
13.457
11.457
7.228
1.114
11.457
17.572
13.572
7.228
1.114
12.572
24.8
14.457
6.457
1.114
1.114
6.457
1.114
12.572
12.457
1.122
20.8
12.572
12.572
20.572
7.228
13.572
7.228
1.114
7.228
7.228
6.457
1.114
1.114
12.457
7.228
20.572
7.228
1.114
12.457
19.686
1.114
1.114
1.114
12.457
20.572
1.114
7.228
12.457
1.114
12.457
7.228
19.663
23.572
1.114
7.228
7.228
15.572
13.572
6.457
26.686
1.114
1.114
1.114
7.228
1.114
1.114
1.114
13.548
7.228
13.572
13.572
22.686
7.228
6.457
1.114
12.572
7.228
6.457
1.114
1.114
7.228
7.228
1.114
14.457
7.228
6.457
1.114
13.686
6.457
7.228
7.228
1.114
1.114
19.572
17.572
1.114
14.668
11.457
1.114
7.228
1.114
1.114
1.114
14.668
1.114
7.228
17.572
1.114
7.228
7.228
20.572
6.457
14.572
1.114
1.114
6.457
1.114
7.228
1.114
12.457
7.228
1.114
1.114
7.228
11.457
7.228
18.686
1.114
7.228
12.457
7.228
7.228
6.457
6.457
1.114
7.228
7.228
1.114
14.668
6.457
1.114
1.114
1.114
1.114
13.548
17.572
6.457
7.228
15.572
20.8
18.686
