1.114
7.228
6.457
7.228
6.457
13.686
6.457
14.457
6.457
6.457
1.114
1.114
7.228
1.114
12.457
1.114
1.114
15.8
1.114
6.457
14.457
13.457
7.228
1.114
14.668
1.114
6.457
1.114
1.114
6.457
1.114
1.114
1.114
15.8
1.114
7.228
16.8
11.457
1.114
7.228
7.228
6.457
6.457
1.114
7.228
7.228
7.228
6.457
1.114
11.457
6.457
14.572
1.114
7.228
1.114
13.572
7.228
1.114
7.228
13.457
15.812
6.457
1.114
1.114
13.572
6.457
1.114
12.457
7.228
7.228
6.457
1.114
7.228
7.228
6.457
16.572
1.114
7.228
7.228
1.114
12.457
7.228
7.228
6.457
6.457
1.114
14.457
1.132
6.457
6.457
1.114
6.457
1.114
1.114
7.228
1.114
7.228
7.228
7.228
1.114
1.114
1.114
11.457
7.228
6.457
6.457
1.114
1.114
1.114
13.572
6.457
6.457
1.114
1.114
1.114
6.457
7.228
1.114
1.114
6.457
1.114
7.228
1.114
7.228
1.114
14.457
7.236
6.457
7.228
13.457
7.228
6.457
6.457
11.457
13.686
7.228
6.457
6.457
7.228
7.228
14.457
13.686
7.228
7.228
7.228
12.457
1.114
7.228
14.686
7.228
6.457
1.114
11.457
1.114
7.228
15.572
1.126
7.228
6.457
14.686
1.114
6.457
1.114
1.114
1.114
7.228
7.228
1.114
7.228
7.228
7.228
11.457
7.228
6.457
1.114
15.572
14.566
1.114
12.457
17.686
15.572
1.126
13.56
1.114
13.686
13.572
7.228
6.457
13.457
14.572
6.457
6.457
14.686
1.114
6.457
17.686
7.228
14.457
7.228
14.686
1.114
7.228
13.457
1.114
17.686
1.114
7.228
13.572
7.228
1.114
13.548
1.114
11.457
1.114
7.228
7.228
17.686
11.457
1.114
1.114
1.114
7.228
11.457
6.457
14.572
1.114
6.457
1.114
7.228
6.457
1.114
1.114
7.228
1.114
18.028
6.457
1.114
1.114
6.457
1.114
6.457
12.457
6.457
1.114
6.457
1.122
1.114
13.686
1.114
13.572
1.114
13.686
6.457
1.114
14.8
16.572
14.457
1.132
1.114
13.548
6.457
1.114
11.457
6.457
1.114
14.686
1.114
1.114
1.114
13.572
1.114
17.686
6.457
1.114
15.915
1.114
6.457
11.457
1.114
1.114
13.548
7.228
1.114
11.457
7.228
14.8
1.114
11.457
11.457
6.457
6.457
13.457
6.457
13.686
7.228
6.457
1.114
7.228
7.228
6.457
1.114
1.114
18.686
13.686
12.457
11.457
7.228
1.114
7.228
6.457
6.457
14.457
6.457
6.457
1.114
13.548
1.114
7.228
7.228
1.114
6.457
6.457
14.686
14.572
7.228
7.228
6.457
1.114
14.8
7.228
1.114
7.228
1.114
15.915
7.228
1.114
12.457
7.228
1.114
7.228
13.686
1.114
1.114
1.114
6.457
6.457
13.572
11.457
13.686
6.457
1.114
1.114
7.228
6.457
1.114
1.114
11.457
14.572
1.114
1.114
13.457
14.457
1.114
7.228
14.457
1.132
7.228
6.457
16.572
1.122
1.114
7.228
7.228
13.686
7.228
15.572
1.126
11.457
6.457
1.114
7.228
6.457
1.114
1.114
7.228
1.114
6.457
1.114
1.114
12.457
7.228
7.228
1.114
1.114
7.228
7.228
6.457
1.114
6.457
7.228
6.457
14.572
7.228
1.114
14.686
15.92
7.228
6.457
6.457
1.114
11.457
1.114
11.457
15.572
1.126
7.228
14.572
12.457
7.228
1.114
7.228
1.114
7.228
6.457
1.114
14.457
1.132
7.228
1.114
1.114
1.114
6.457
1.114
7.228
6.457
15.572
1.114
1.114
7.228
7.228
1.114
7.228
1.114
7.228
1.114
1.114
13.572
7.228
1.114
1.114
7.228
7.228
1.114
14.686
6.457
1.114
11.457
1.114
12.457
1.114
7.228
1.114
7.228
6.457
11.457
13.572
1.114
18.686
7.228
1.114
6.457
13.572
6.457
7.228
6.457
7.228
1.114
1.114
15.8
7.228
18.686
1.114
7.228
6.457
1.114
1.114
1.114
15.572
7.228
1.114
6.457
14.457
1.114
6.457
1.114
1.114
1.114
6.457
1.114
14.686
14.457
11.457
1.114
7.228
1.114
7.228
1.114
11.457
1.114
15.923
6.457
1.114
6.457
14.457
13.686
6.457
7.228
7.228
6.457
6.457
1.114
7.228
13.686
6.457
13.686
6.457
6.457
13.457
7.228
7.228
6.457
1.114
1.114
14.686
7.228
1.114
11.457
6.457
7.228
1.114
14.668
1.114
7.228
7.228
17.686
7.228
1.114
13.572
1.114
7.228
1.114
11.457
7.228
6.457
6.457
14.686
20.572
7.228
7.228
6.457
14.457
1.132
11.457
6.457
6.457
1.114
6.457
1.114
7.228
6.457
13.686
1.114
7.228
7.228
1.114
1.114
11.457
7.228
7.228
1.114
1.114
13.686
1.114
11.457
1.114
13.686
11.457
11.457
7.228
1.114
6.457
1.114
13.572
6.457
11.457
1.114
11.457
1.114
11.457
7.228
7.228
1.114
1.114
15.572
14.566
7.228
13.686
11.56
13.572
6.457
6.457
13.457
1.114
7.228
7.228
1.114
12.457
7.228
1.114
6.457
6.457
1.114
12.457
13.686
6.457
1.114
6.457
1.114
1.114
13.572
13.694
1.114
13.572
6.457
1.114
1.114
15.8
14.795
7.228
1.114
14.572
13.566
7.228
11.457
1.114
7.228
1.114
1.114
7.228
1.114
7.228
1.114
15.572
1.126
11.457
17.686
13.572
7.228
7.228
6.457
1.114
6.457
6.457
7.228
7.228
14.457
1.132
7.228
6.457
1.114
1.114
7.228
1.114
7.228
7.228
1.114
1.114
6.457
1.114
1.114
11.457
12.457
7.228
6.457
11.457
1.114
7.228
6.457
1.114
6.457
6.457
14.8
13.795
6.457
13.457
1.114
6.457
1.114
7.228
7.228
1.114
1.114
7.228
6.457
1.114
14.572
6.457
13.457
7.228
7.228
6.457
1.114
6.457
1.114
7.228
6.457
11.457
13.457
15.915
1.114
7.228
6.457
1.114
6.457
6.457
16.572
1.114
14.457
1.132
1.114
1.114
7.228
11.457
11.457
16.572
1.114
1.114
6.457
7.228
11.457
13.572
12.457
1.114
6.457
1.114
11.457
6.465
14.457
1.132
13.686
1.114
11.457
11.457
15.572
1.134
7.228
1.114
11.457
1.114
13.686
6.457
1.114
7.228
1.114
13.548
6.457
15.572
1.126
6.457
11.457
7.228
1.114
7.228
1.114
1.114
7.228
7.228
1.114
1.114
17.686
1.114
6.457
7.228
6.457
13.686
17.686
13.457
11.457
7.228
6.457
6.457
6.457
1.114
7.228
1.114
14.457
7.228
1.114
1.114
12.457
14.686
7.228
11.457
7.228
14.457
1.132
11.457
7.228
1.114
7.228
12.457
6.457
14.457
7.228
7.228
7.228
17.029
7.228
14.457
1.132
7.228
6.457
7.228
1.114
11.457
1.114
6.457
1.114
13.686
7.228
1.114
13.686
11.56
6.457
14.686
6.457
1.114
7.228
1.114
7.228
6.457
6.457
17.772
1.114
14.8
6.457
6.457
14.457
6.457
1.114
7.228
7.228
7.228
16.8
7.228
7.228
6.457
7.228
6.457
15.8
1.114
1.114
14.668
1.114
1.114
11.457
7.228
14.686
11.457
1.114
16.908
13.663
1.114
1.114
7.228
6.465
1.114
13.686
13.686
12.457
1.114
7.228
1.114
7.228
1.114
1.114
13.686
7.228
6.457
1.114
14.668
1.114
13.686
6.457
6.457
1.114
13.548
6.457
1.114
7.228
6.457
1.114
12.457
1.114
7.228
1.114
7.228
6.457
6.457
1.114
13.572
6.457
14.572
7.228
6.457
14.572
1.114
13.686
1.114
7.228
1.114
1.114
13.572
6.457
1.114
1.114
14.668
13.457
1.114
7.228
14.457
7.228
1.114
7.228
6.457
1.114
1.114
6.457
1.114
1.114
1.114
6.457
11.457
13.686
1.114
6.457
7.228
1.114
7.228
6.457
6.457
1.114
16.572
7.228
6.457
1.114
13.457
6.457
1.114
1.114
6.457
1.114
6.457
16.686
1.12
6.457
1.114
14.572
1.114
7.228
6.457
1.114
1.114
7.228
1.114
1.114
7.228
13.457
7.228
1.114
13.686
7.228
6.457
1.114
7.228
1.114
7.228
1.114
7.228
14.457
1.114
7.228
1.114
13.686
1.114
7.228
14.457
7.228
11.457
13.457
