1.114
7.228
6.457
7.228
6.457
13.686
6.457
14.686
6.457
6.457
1.114
1.114
7.228
1.114
12.457
1.114
6.457
13.457
1.114
1.114
14.8
7.228
6.457
14.686
1.114
6.457
1.114
6.457
1.114
6.457
1.114
13.548
1.114
1.114
13.572
13.686
7.228
7.228
11.457
6.457
6.457
7.228
7.228
13.686
7.228
6.457
1.114
11.457
6.457
11.457
1.114
6.457
1.114
1.114
7.228
13.686
7.228
12.457
6.457
1.114
6.457
1.114
1.114
1.114
6.457
13.686
11.457
7.228
6.457
1.114
1.114
14.668
7.228
6.457
1.114
1.114
1.114
12.457
7.228
13.686
7.228
6.457
1.114
7.228
6.457
6.457
1.114
1.114
1.114
1.114
7.228
1.114
15.572
7.228
14.572
7.228
1.114
1.114
7.228
1.114
7.228
6.457
1.114
1.114
13.572
6.457
1.114
6.457
15.572
1.114
1.114
1.114
7.228
6.457
1.114
1.114
6.457
1.114
13.457
7.228
1.114
1.114
11.457
7.228
7.228
1.114
14.686
7.228
1.114
13.694
11.568
6.457
11.457
12.457
7.228
12.457
6.457
11.457
7.228
7.228
1.114
6.457
7.228
7.228
11.457
7.228
6.457
14.572
7.228
1.114
7.228
7.228
1.114
7.228
6.457
11.457
1.114
6.457
1.114
1.114
7.228
1.114
14.668
7.228
1.114
6.457
14.686
11.457
1.114
1.114
7.228
7.228
6.457
13.457
6.457
7.228
1.114
12.457
7.228
6.457
1.114
13.572
11.457
1.114
13.686
7.228
7.228
11.457
7.228
7.228
6.457
13.572
12.457
1.114
6.457
1.114
6.457
11.457
13.457
7.228
1.114
11.457
7.228
14.686
7.228
1.114
1.114
7.228
1.114
15.915
1.114
13.548
7.228
6.457
14.8
7.228
18.686
11.457
1.114
15.915
7.228
6.457
11.457
6.457
1.114
14.686
12.457
7.228
6.457
1.114
1.114
7.228
1.114
7.228
1.114
7.228
1.114
6.457
6.457
6.457
11.457
6.457
1.114
1.114
6.457
1.122
1.114
11.457
14.8
1.114
1.114
7.228
6.457
1.114
13.548
17.686
15.572
1.114
7.228
6.457
11.457
6.457
1.114
6.457
1.114
1.114
1.114
1.114
1.114
11.457
13.457
11.457
6.457
11.457
6.457
1.114
6.457
7.228
1.114
11.457
1.114
1.114
11.457
14.686
11.457
13.572
6.457
1.114
6.457
14.572
11.457
7.228
11.457
6.457
1.114
6.457
1.114
6.457
1.114
1.114
1.114
11.457
16.572
6.457
12.457
15.915
7.228
6.457
6.457
1.114
6.457
6.457
1.114
6.457
1.114
1.114
6.457
14.686
7.228
6.457
13.686
6.457
7.228
7.228
7.228
1.114
11.457
7.228
7.228
1.114
1.114
7.228
1.114
7.228
13.457
1.114
12.457
7.228
1.114
7.228
13.686
1.114
1.114
1.114
6.457
6.457
13.686
6.457
15.572
6.457
1.114
7.228
1.114
7.228
6.457
1.114
1.114
11.457
1.114
11.457
6.457
1.114
1.114
7.228
6.457
15.8
13.457
7.228
12.457
1.122
1.114
7.228
7.228
6.457
1.114
15.572
11.457
14.572
7.228
6.457
6.457
1.114
12.457
1.114
7.228
6.457
1.114
1.114
11.457
1.114
7.228
1.114
7.228
14.8
6.457
1.114
6.457
6.457
11.457
13.572
7.228
1.114
7.228
6.457
7.228
16.915
1.114
1.114
1.114
11.457
16.572
11.457
1.114
7.228
11.457
7.228
18.686
6.48
1.114
16.908
14.8
6.457
1.114
7.228
1.114
1.114
6.457
1.114
7.228
6.457
13.572
1.114
1.114
7.228
7.228
1.114
7.228
1.114
11.457
7.228
1.114
7.228
1.114
1.114
7.228
7.228
1.114
11.457
6.457
1.114
11.457
7.228
1.114
13.572
11.457
7.228
24.8
7.228
6.457
11.457
1.114
6.457
7.228
7.228
6.457
1.114
6.457
1.114
1.114
12.457
7.228
6.457
6.457
1.114
1.114
1.114
13.686
7.228
6.457
1.114
1.114
7.228
1.114
6.457
7.228
1.114
6.457
1.114
1.114
7.228
6.457
1.114
1.114
6.457
1.114
13.686
6.457
1.114
13.572
12.457
7.236
1.114
7.228
6.457
1.114
11.457
6.457
1.114
6.457
6.457
6.457
1.114
13.572
11.457
7.228
6.457
1.114
1.114
13.686
7.228
13.572
12.457
11.457
6.457
7.228
1.114
14.686
7.228
6.457
13.457
1.114
1.114
13.572
7.228
6.457
7.228
13.572
1.114
13.686
1.114
7.228
7.228
7.228
1.114
13.686
1.114
7.228
1.114
1.114
7.228
6.457
13.686
15.915
14.686
6.457
6.457
1.114
7.228
6.457
6.457
15.572
1.126
14.68
12.457
1.114
6.457
13.686
7.228
1.114
7.228
13.686
7.228
1.114
1.114
1.114
7.228
1.114
14.686
14.572
12.457
11.457
1.114
6.457
11.457
7.228
1.114
14.686
7.228
1.114
13.572
6.457
1.114
11.457
6.457
1.114
14.686
7.228
13.457
7.228
7.228
1.114
1.114
6.457
7.228
6.457
13.686
6.457
13.457
6.457
1.114
7.228
6.457
1.114
7.228
1.114
6.457
17.915
6.457
1.114
13.686
6.457
13.686
1.114
6.457
1.114
1.114
1.114
13.686
13.686
1.114
13.579
6.457
1.114
1.114
11.457
7.228
1.114
1.114
7.228
18.686
1.114
1.114
13.548
18.686
6.457
1.114
1.114
1.114
7.228
1.114
14.668
7.228
1.114
1.114
11.457
7.228
7.228
6.457
6.457
6.457
7.228
1.114
7.228
1.114
7.228
6.457
13.572
1.114
11.457
7.228
17.686
7.228
1.114
1.114
7.228
1.114
1.114
6.457
11.457
11.457
7.228
7.228
1.114
7.228
6.457
1.114
15.8
11.457
11.457
1.114
12.457
13.686
7.228
6.457
13.457
12.457
1.114
7.228
11.457
7.228
1.114
7.228
6.457
1.114
13.686
6.457
14.686
7.228
6.457
1.114
13.686
6.457
1.114
11.457
7.228
6.457
11.457
13.686
6.457
1.114
6.457
6.457
11.457
1.114
15.8
1.114
13.548
6.457
13.686
7.228
1.114
14.572
11.457
1.114
7.228
11.457
1.114
1.114
13.686
7.228
6.457
17.915
11.457
14.686
6.457
1.114
1.114
15.8
7.228
13.686
11.56
11.457
7.228
1.114
11.465
1.114
6.457
6.457
1.114
13.686
1.114
7.228
1.114
6.457
1.114
14.668
7.228
1.114
7.228
1.114
1.114
7.228
6.457
16.652
1.114
7.228
13.686
1.114
1.114
1.114
6.457
7.228
14.572
7.228
14.686
6.457
6.457
1.114
6.457
7.228
6.457
1.114
1.114
7.228
1.114
14.668
6.457
7.228
1.114
1.114
7.228
7.228
7.228
1.114
13.548
1.114
7.228
7.228
14.686
7.228
13.572
15.572
7.228
18.686
7.228
1.114
7.228
6.457
1.114
13.548
12.457
7.228
1.114
11.457
1.114
11.457
1.114
6.457
1.114
7.228
1.114
11.457
13.686
7.228
16.572
1.114
7.228
7.228
6.457
1.114
12.457
6.457
6.457
1.114
12.457
6.457
7.228
1.114
14.572
6.457
1.114
7.228
7.228
1.114
7.228
14.572
7.228
1.114
7.228
6.457
14.686
7.228
1.114
6.457
1.114
7.228
1.114
13.572
6.457
1.114
1.114
7.228
14.686
1.114
6.465
6.457
1.114
18.686
13.686
7.228
6.457
6.457
1.114
7.228
1.114
7.228
1.114
1.114
11.457
1.114
7.228
6.457
13.457
6.457
1.114
12.457
6.457
1.114
7.228
6.457
1.114
6.457
12.457
6.457
1.114
1.114
7.228
1.114
7.228
6.457
6.457
6.457
1.114
1.114
14.686
11.457
7.228
7.228
1.114
13.686
1.114
1.114
7.228
1.114
14.686
7.228
1.114
11.457
1.114
6.457
1.114
19.8
6.457
1.114
7.228
1.114
7.228
6.457
1.114
1.114
6.457
1.114
1.114
7.228
12.457
1.114
7.228
1.114
6.457
1.114
17.686
1.114
7.228
7.228
1.114
13.548
7.228
6.457
1.114
6.457
11.457
7.228
6.457
1.114
1.114
6.457
6.457
1.114
6.457
1.114
1.114
13.548
13.457
7.228
1.114
7.228
1.114
13.548
7.228
1.114
1.114
1.114
7.228
1.114
13.572
12.457
7.228
1.114
7.228
1.114
1.114
7.228
7.228
7.228
1.114
1.114
1.114
7.228
7.228
11.457
