6.343
7.457
6.452
8.343
7.457
8.343
7.457
6.343
8.343
7.457
7.457
6.452
7.457
6.343
8.343
15.686
7.457
6.343
6.343
14.457
6.343
15.8
8.457
8.457
8.343
6.343
15.686
8.457
8.343
8.457
7.457
6.343
8.457
6.343
6.343
6.343
7.457
6.452
6.343
6.343
6.343
7.457
7.457
6.452
16.686
8.343
6.343
8.457
6.343
16.686
6.343
6.343
8.343
7.457
6.452
7.457
6.452
7.457
6.343
7.457
7.457
7.457
6.452
16.686
7.457
6.452
6.343
15.686
6.343
8.343
7.457
8.457
7.457
8.343
8.343
14.572
8.457
7.457
6.452
6.343
16.686
8.457
6.343
6.343
14.572
7.457
6.452
6.343
6.343
6.343
8.457
6.343
8.457
7.457
6.343
8.457
16.686
8.343
6.343
8.343
7.457
6.452
8.457
7.457
6.452
8.457
7.457
15.8
8.457
8.343
8.343
6.343
8.343
7.457
6.343
8.343
6.343
8.457
6.343
8.457
8.343
7.457
6.452
14.572
8.457
6.343
8.465
8.343
8.457
6.343
8.343
6.343
8.343
6.343
7.457
6.452
6.343
6.343
8.457
6.343
8.457
6.343
8.457
7.457
6.452
15.686
7.457
7.457
6.452
14.457
7.457
8.343
7.457
6.343
8.343
8.457
7.457
7.457
8.343
6.343
8.343
8.343
6.343
8.457
7.457
7.457
6.452
6.343
14.457
7.457
7.457
6.343
6.343
6.343
6.343
6.343
14.572
7.457
8.457
17.457
8.343
8.457
6.343
8.343
6.343
7.457
14.572
8.343
8.343
6.343
8.343
6.343
7.457
6.452
8.343
7.457
6.452
8.457
7.457
16.915
7.457
8.343
7.457
6.452
7.457
8.457
7.457
7.457
15.686
7.457
6.452
7.457
6.452
14.572
6.343
7.457
7.457
7.457
6.452
14.572
15.806
8.457
7.457
6.452
6.343
8.457
7.457
6.452
6.343
8.457
7.457
8.457
6.343
8.343
15.686
14.68
8.457
8.343
7.457
7.457
7.457
8.457
8.343
6.343
14.572
8.343
6.343
15.8
14.572
8.351
8.343
8.343
6.343
14.457
8.457
7.457
6.343
8.457
7.457
14.572
7.457
7.457
8.457
7.457
7.457
6.343
7.457
15.8
6.343
8.343
6.343
14.572
6.343
6.343
7.457
16.8
7.457
6.452
7.457
7.457
6.452
7.457
6.452
7.457
7.457
8.457
6.343
8.343
6.343
15.686
7.457
8.343
6.343
8.343
14.572
6.343
8.343
16.686
15.686
8.343
7.457
7.457
6.343
7.457
6.343
8.343
6.343
6.343
14.572
8.343
8.343
8.343
8.343
8.343
8.343
8.343
6.343
8.457
6.343
8.343
6.343
6.343
6.343
16.686
7.457
6.452
6.343
6.343
8.457
8.457
7.457
6.452
6.343
6.343
6.343
7.457
7.457
6.452
7.457
6.452
15.8
6.343
8.457
8.457
8.457
6.343
8.343
14.457
16.812
8.343
6.343
6.343
8.343
6.343
6.343
14.457
6.343
6.343
8.457
6.343
17.457
6.372
14.457
7.457
7.457
6.452
6.343
6.343
8.457
6.343
6.343
14.572
6.343
15.686
8.465
14.457
8.457
7.457
6.452
6.343
14.457
8.343
7.457
7.457
7.457
8.457
15.686
8.457
6.343
6.343
8.343
6.343
14.572
6.343
14.457
8.343
8.457
8.457
6.343
16.686
7.457
6.343
8.457
6.343
6.343
16.8
14.457
6.343
6.343
8.457
7.457
7.457
6.452
14.457
7.457
6.343
8.343
6.343
14.572
8.343
6.343
8.343
6.343
16.915
15.8
8.457
7.457
8.343
6.343
8.343
7.457
7.457
15.686
8.457
7.457
6.343
7.457
6.452
6.343
6.343
8.457
7.457
6.452
15.8
8.343
6.343
8.343
6.343
6.343
6.343
6.343
14.572
6.343
8.343
6.343
6.343
6.343
8.343
7.457
6.343
8.343
7.457
14.572
8.343
7.457
7.457
6.343
8.343
6.343
8.343
6.343
6.343
8.343
6.343
8.457
6.343
8.343
6.343
6.343
6.343
6.343
6.343
7.457
7.457
6.343
15.8
8.457
7.457
7.457
16.686
8.343
8.343
17.457
8.343
16.686
6.343
14.457
8.343
6.343
7.465
8.457
7.457
14.457
6.343
6.343
7.457
7.457
6.452
14.457
8.457
6.343
8.343
8.343
7.457
16.8
8.457
6.343
8.343
6.343
6.343
8.457
7.457
7.457
6.452
7.457
7.457
6.343
8.457
6.343
7.457
7.457
6.452
6.343
6.343
8.457
14.572
7.457
8.457
7.457
7.457
6.452
6.343
14.457
8.343
8.457
7.457
6.343
8.457
8.343
7.457
6.452
6.343
6.343
15.686
14.68
6.343
6.343
6.343
6.343
6.343
7.457
15.8
6.343
15.686
7.457
6.452
14.572
7.457
7.457
6.452
6.343
6.343
16.686
6.343
6.343
7.457
6.452
6.343
8.457
14.457
7.457
8.457
8.457
8.343
8.343
8.343
7.457
6.452
7.457
6.343
6.343
8.343
6.343
8.457
6.343
15.686
8.457
6.343
8.343
6.343
7.457
14.457
8.343
8.457
7.457
6.452
6.343
8.457
8.343
7.457
6.343
8.457
7.457
8.343
7.457
8.457
8.343
7.457
7.457
6.343
7.457
6.343
8.457
7.457
7.465
14.457
6.343
8.457
6.343
7.457
6.452
6.343
8.343
14.572
6.343
14.572
6.343
8.343
6.343
8.343
7.457
6.452
14.572
8.457
6.343
8.343
7.457
6.343
6.343
14.572
8.457
7.457
7.457
6.452
14.457
8.343
8.457
7.457
6.452
14.457
6.343
8.343
8.457
8.457
7.457
7.457
7.457
6.452
6.343
8.457
8.457
8.343
6.343
8.457
8.343
8.457
7.457
6.452
6.343
14.572
7.457
7.457
7.457
6.343
8.457
8.457
7.457
6.452
14.457
6.343
14.572
6.343
6.343
14.572
8.457
8.343
8.457
7.457
6.343
16.686
8.457
6.343
14.572
6.343
6.343
8.457
6.343
7.457
6.452
8.457
8.343
7.457
8.457
7.457
6.452
8.457
6.343
16.915
15.686
7.457
6.452
6.343
7.457
6.452
7.457
15.8
6.343
7.457
6.452
8.457
7.457
6.452
14.572
7.457
6.452
17.457
7.457
6.452
8.343
7.457
7.457
6.343
8.457
8.457
8.343
6.343
14.457
8.343
7.457
6.351
8.343
6.343
8.457
7.457
7.457
6.343
8.343
6.343
14.572
8.457
8.457
8.457
8.457
8.343
6.343
8.457
6.343
6.343
14.572
8.343
8.457
6.343
8.343
16.686
7.457
7.457
6.452
8.343
7.457
6.343
8.343
6.343
15.8
6.343
8.343
8.343
6.343
8.457
6.343
6.343
7.457
7.457
17.457
7.492
6.343
8.457
7.457
6.452
7.457
15.8
8.343
6.343
8.343
6.343
15.686
8.343
14.572
8.457
6.343
15.686
8.457
6.343
6.343
14.457
8.457
6.343
6.343
14.457
6.343
8.343
6.343
7.457
8.343
7.457
6.343
16.686
7.457
6.452
7.457
6.452
6.343
8.457
7.457
17.457
8.457
7.457
7.457
6.452
8.457
8.343
8.457
7.457
6.452
7.457
7.457
6.343
8.343
6.343
14.572
8.343
6.343
8.343
7.457
6.452
7.457
8.343
8.343
7.457
7.457
6.343
6.343
6.343
6.343
6.343
6.343
14.572
6.343
6.343
14.572
6.343
7.457
6.452
6.343
6.343
6.343
6.343
8.465
6.343
6.343
6.343
6.343
6.343
8.343
7.457
14.572
7.457
6.452
6.343
6.343
6.343
16.686
6.343
6.343
8.457
8.343
7.457
6.452
8.457
7.457
6.452
6.343
6.343
7.457
6.452
6.343
6.343
8.457
7.457
8.343
6.343
8.343
6.343
8.343
6.343
6.343
8.457
8.457
7.457
16.8
8.457
6.343
8.343
8.343
7.457
7.457
6.343
8.343
6.343
15.8
7.457
7.457
6.452
16.686
7.457
7.457
6.343
8.457
16.8
6.343
8.343
6.343
6.343
6.343
7.457
7.457
6.452
6.343
8.457
8.343
7.457
6.452
6.343
7.457
6.452
6.343
7.457
7.457
7.457
6.452
6.343
6.343
6.343
6.343
16.686
6.343
6.343
15.8
8.457
14.572
7.457
7.457
6.452
6.343
6.343
6.343
8.343
6.343
8.343
8.343
7.457
6.343
8.457
6.343
7.457
7.457
6.343
8.457
14.572
8.457
8.343
8.457
8.457
8.343
6.343
6.343
6.343
8.457
14.572
16.915
15.686
