6.343
6.343
8.343
7.457
8.343
7.457
6.343
8.343
7.457
7.457
6.452
19.686
6.343
8.343
15.686
6.343
14.457
6.343
8.457
15.8
8.457
8.457
6.343
8.343
6.343
8.343
19.686
8.457
6.343
8.457
20.8
6.343
7.457
6.452
6.343
6.343
14.572
7.457
7.457
6.452
17.572
8.343
8.343
6.343
16.686
14.572
8.457
7.457
6.452
6.343
8.343
7.457
6.452
7.457
6.452
7.457
6.343
7.457
7.457
15.686
7.457
6.452
7.457
7.457
6.452
6.343
6.343
6.343
8.343
20.8
8.457
7.457
8.343
8.343
8.457
7.457
6.452
14.572
6.343
8.457
6.343
6.343
6.343
16.686
7.457
8.343
6.343
6.343
6.343
7.457
8.457
7.457
14.457
6.343
8.457
8.343
7.457
6.343
8.343
6.343
8.343
8.457
7.457
6.452
14.572
8.457
7.457
8.457
8.343
8.343
6.343
8.343
7.457
7.457
6.452
8.457
6.343
8.457
7.457
7.457
6.452
14.572
6.343
8.457
6.351
17.665
8.343
8.457
6.343
8.343
6.343
8.343
6.343
7.457
6.452
6.343
6.343
6.343
8.457
6.343
6.343
6.343
6.343
7.457
7.457
6.452
15.686
7.457
14.457
8.343
20.8
6.355
8.343
8.457
7.457
7.457
8.343
8.343
8.343
8.343
8.457
8.457
7.457
7.457
6.343
8.457
14.457
7.457
7.457
6.343
6.343
6.343
14.572
7.457
14.572
8.457
17.457
6.372
8.343
6.343
8.343
6.343
15.8
7.457
15.8
8.343
8.343
7.457
6.452
6.343
6.343
8.343
7.457
6.452
14.572
7.457
16.8
8.343
7.457
6.452
7.457
8.457
7.457
7.457
17.8
15.686
8.343
21.915
8.457
14.572
8.343
7.457
6.343
8.343
14.572
8.457
7.457
6.452
15.8
14.457
6.343
8.457
7.457
6.452
6.343
8.457
7.457
6.343
8.343
14.457
14.572
8.457
8.343
7.457
7.457
8.457
6.343
21.686
8.36
15.8
8.343
15.686
8.343
15.8
8.343
6.343
18.686
8.457
7.465
6.343
8.457
7.457
17.8
14.572
7.457
8.457
7.457
7.457
6.343
7.457
6.343
16.915
8.343
6.343
14.572
6.343
6.343
14.457
7.457
7.457
6.452
8.343
6.343
6.343
7.457
7.457
15.686
8.457
6.343
8.343
6.343
6.343
15.686
8.343
7.457
6.452
22.8
6.343
8.343
7.457
16.686
7.457
6.343
7.457
6.343
8.343
21.915
14.457
6.343
8.343
8.343
8.343
17.572
8.343
8.343
8.343
8.343
6.343
8.457
6.343
8.343
6.343
6.343
6.343
16.686
6.343
8.343
6.343
6.343
8.457
7.457
6.452
14.457
6.343
6.343
6.343
7.457
7.457
6.452
7.457
6.452
14.572
6.343
8.343
8.457
8.457
8.457
14.457
8.343
8.343
7.457
6.343
7.457
8.343
6.343
6.343
14.457
6.343
6.343
15.686
8.457
7.457
6.452
14.457
7.457
6.452
6.343
6.343
14.457
8.457
6.343
6.343
16.686
8.457
16.8
8.457
7.457
6.452
14.457
6.343
14.457
8.343
7.457
7.457
7.465
8.457
15.686
8.457
6.343
6.343
8.343
6.343
6.343
15.8
14.457
8.343
6.343
8.457
14.572
6.343
7.457
6.343
8.457
6.343
16.8
6.343
14.457
6.343
6.343
14.572
8.457
7.457
7.457
6.452
6.343
16.8
8.343
6.343
8.343
6.343
8.343
6.343
6.343
6.343
17.657
17.572
8.457
7.457
8.343
6.343
8.343
7.457
7.457
16.686
8.457
7.457
8.457
7.457
6.452
6.343
8.343
8.457
7.457
8.343
8.343
6.343
8.343
8.457
6.343
8.343
6.343
14.572
6.343
8.343
6.343
6.343
6.343
8.343
7.457
6.343
8.343
14.572
8.343
7.457
7.457
6.452
6.343
6.343
14.457
8.343
6.343
7.457
6.452
6.343
8.457
8.343
6.343
8.457
6.343
8.457
6.343
7.457
7.457
6.452
6.343
6.343
6.343
14.572
15.806
8.457
7.457
8.343
7.457
14.457
8.343
15.686
8.343
6.343
6.343
6.343
15.686
14.457
7.457
6.343
6.343
15.686
7.457
6.343
7.577
8.457
6.343
8.343
21.915
7.469
14.457
6.343
21.686
6.343
8.457
7.457
7.457
6.452
14.572
7.457
7.457
6.343
8.457
6.343
20.8
7.457
6.343
8.343
6.343
8.457
7.457
14.457
7.457
7.457
6.452
6.343
8.343
8.457
7.457
16.8
6.343
8.457
20.8
7.475
8.457
14.457
6.343
14.572
8.457
6.343
6.343
14.572
6.343
6.343
14.572
7.457
6.343
14.572
7.457
6.452
7.457
7.457
6.452
6.343
22.915
6.343
6.343
6.343
6.343
20.8
6.343
8.457
14.457
7.457
8.457
8.343
8.343
8.343
8.343
7.457
6.343
6.343
8.343
6.343
14.572
8.457
14.457
22.915
8.457
8.343
8.457
8.343
8.343
15.686
8.457
7.457
6.452
6.343
14.457
8.457
8.343
7.457
6.343
8.457
7.457
8.343
7.457
6.452
7.457
7.457
7.457
8.457
7.457
6.343
8.457
7.457
7.457
6.343
8.457
16.686
6.343
7.457
6.452
6.343
8.343
6.343
14.572
8.343
7.457
6.351
8.343
7.457
6.452
14.572
8.457
6.343
8.343
7.457
6.343
14.572
8.457
7.457
7.457
6.452
15.686
8.343
15.8
8.457
6.343
15.686
6.343
8.343
8.457
8.457
7.457
7.457
7.457
6.452
17.457
6.343
8.457
7.457
6.343
8.457
8.343
8.457
7.457
6.452
6.343
14.572
7.457
21.686
6.343
8.457
8.457
7.457
6.452
14.457
6.343
14.572
6.343
16.686
6.343
8.457
8.343
8.457
7.457
16.686
8.457
6.343
6.343
16.915
6.343
8.457
7.457
8.457
8.457
8.343
20.8
8.457
7.457
6.452
17.572
8.457
15.8
8.457
7.457
6.452
15.686
6.343
6.343
14.572
7.457
6.343
7.457
15.686
8.343
8.457
7.457
6.452
14.457
14.572
7.457
6.452
7.457
6.343
7.457
7.457
8.457
8.343
6.343
17.657
8.343
7.457
17.457
6.372
14.572
8.343
7.457
8.457
7.457
19.686
6.36
8.343
6.343
8.457
8.457
8.457
8.457
18.686
6.343
8.457
6.343
6.343
14.572
8.351
14.572
8.457
6.343
8.343
7.457
7.457
6.452
8.343
7.457
14.572
6.343
8.343
6.343
15.8
6.343
8.343
7.457
6.343
8.457
6.343
6.343
14.457
7.457
7.457
6.343
6.343
7.457
6.452
7.457
15.8
8.343
17.457
6.343
14.457
8.343
6.343
8.343
6.343
15.8
6.343
8.457
6.343
6.343
14.457
20.8
6.355
6.343
14.457
8.343
7.457
8.457
7.457
7.457
7.457
6.343
7.457
6.452
21.686
7.457
6.452
6.343
7.457
16.8
8.457
8.343
6.343
8.343
8.457
8.343
8.457
19.686
7.48
7.457
6.343
8.343
6.343
14.572
8.343
8.343
7.457
15.686
7.457
7.457
8.343
7.457
7.457
6.343
14.572
16.926
6.343
6.343
6.343
8.343
6.343
6.343
15.8
6.343
6.343
16.915
7.457
6.452
6.343
6.343
6.343
8.457
6.343
6.343
6.343
7.457
6.343
8.343
8.343
7.457
14.572
6.343
6.343
14.457
6.343
6.343
6.343
6.343
14.457
8.457
8.343
6.343
7.577
15.686
8.457
6.343
6.343
6.343
7.457
6.452
6.343
8.457
8.457
7.457
8.343
6.343
8.343
20.8
6.343
8.343
6.343
6.343
8.457
8.457
7.457
8.457
6.343
8.343
8.343
7.457
7.457
6.343
8.343
15.8
8.457
7.457
7.457
6.452
16.686
7.457
7.457
14.457
6.343
8.457
6.343
8.343
6.343
6.343
8.343
7.457
7.457
6.452
6.343
8.457
7.457
6.343
6.343
6.343
6.343
6.343
7.457
14.457
7.457
7.457
6.452
6.343
6.343
14.572
6.343
6.343
6.343
6.343
14.572
6.343
8.457
15.8
7.457
7.457
6.452
6.343
6.343
8.343
6.343
8.343
14.572
8.343
7.457
6.343
8.457
6.343
7.457
7.457
6.343
8.457
8.457
8.343
6.343
16.915
8.457
8.343
6.343
6.343
6.343
8.457
14.572
7.457
16.686
14.56
6.343
8.457
7.457
7.457
6.452
14.457
6.343
8.343
7.457
8.343
7.457
6.452
8.457
6.343
8.457
22.915
7.457
14.572
15.8
