1.114
1.114
1.114
1.114
7.228
6.457
7.228
6.457
14.457
1.132
1.114
7.228
6.457
1.114
1.114
1.114
1.114
1.114
14.686
13.457
7.228
1.114
1.114
14.457
7.228
6.457
1.114
6.457
6.457
1.114
14.686
1.114
1.114
1.114
13.686
1.114
1.114
7.228
11.457
1.114
14.686
14.686
7.228
7.228
6.457
1.114
6.457
1.114
7.228
6.457
7.228
6.457
1.114
14.457
7.228
6.457
1.114
1.114
7.228
1.114
13.572
7.228
1.114
6.457
6.457
1.114
14.686
6.457
1.114
1.114
6.457
1.114
11.457
7.228
6.457
13.572
1.114
6.457
1.114
7.228
6.457
12.457
6.457
1.114
7.228
7.228
1.114
6.457
1.114
7.228
1.114
1.114
6.457
11.457
11.457
7.228
7.228
1.114
7.228
7.228
7.228
1.114
1.114
6.457
6.457
1.114
1.114
13.572
1.114
12.457
1.114
7.228
6.457
14.457
13.457
6.457
11.457
7.228
1.114
6.457
1.114
7.228
1.114
7.228
14.457
6.465
6.457
7.228
14.686
7.228
7.228
1.114
7.228
13.686
7.228
11.457
7.228
11.457
15.8
6.457
7.228
6.457
12.457
6.457
14.572
7.228
6.457
11.457
13.686
7.228
7.228
1.114
6.457
1.114
13.457
7.228
1.114
12.457
1.114
13.686
1.114
7.228
15.572
6.457
13.572
7.228
13.457
6.457
1.114
1.114
7.228
6.457
1.114
7.228
14.8
1.114
14.457
1.114
7.228
13.686
7.228
1.114
13.572
1.114
13.548
7.228
13.572
7.228
1.114
1.114
6.457
1.114
6.457
1.114
15.572
11.457
6.457
7.228
6.457
1.114
7.228
7.228
12.457
1.114
6.457
13.457
11.457
7.228
7.228
1.114
15.572
1.126
7.228
13.457
7.228
1.114
7.228
11.457
6.457
1.114
1.114
15.8
1.114
7.228
7.228
15.8
13.675
7.228
1.114
7.228
7.228
1.114
7.228
1.114
7.228
1.114
6.457
1.114
1.114
13.686
1.114
1.114
1.114
1.114
16.908
7.228
1.122
1.114
6.457
1.114
18.686
1.114
12.457
11.457
6.457
1.114
1.114
1.114
6.457
1.114
1.114
1.114
15.8
1.114
11.457
11.457
6.457
1.114
1.114
14.686
7.228
1.114
1.114
11.457
1.114
1.114
1.114
13.548
12.457
6.457
1.114
11.457
1.114
14.686
1.114
1.114
7.228
7.228
1.114
1.114
14.572
1.114
7.228
1.114
7.228
1.114
1.114
6.457
15.572
1.126
1.114
11.457
7.228
12.457
11.457
6.457
1.114
6.457
6.457
1.114
1.114
7.228
11.457
7.228
1.114
13.686
1.114
6.457
1.114
6.457
11.457
6.457
1.114
14.572
6.457
1.114
6.457
1.114
7.228
13.457
7.228
1.114
7.228
13.572
12.457
6.457
7.228
6.457
1.114
13.572
1.114
7.228
6.457
1.114
13.686
1.114
7.228
1.114
7.228
1.114
1.114
15.8
7.228
7.228
1.114
6.457
1.114
6.457
6.457
6.457
13.572
14.686
1.114
7.228
6.457
1.114
1.114
7.228
7.228
14.572
1.114
11.457
6.457
7.228
7.236
1.114
12.457
7.228
14.457
1.132
7.228
6.457
1.114
6.457
1.114
7.228
11.457
6.457
1.114
6.457
15.572
6.457
6.457
6.457
1.114
7.228
1.114
7.228
1.114
6.457
1.114
14.457
1.132
12.457
16.572
6.457
11.457
15.572
7.228
6.457
6.457
6.457
1.114
6.457
14.8
6.457
1.114
6.457
15.572
1.126
1.114
17.686
12.457
7.228
1.114
7.228
15.8
7.228
1.114
7.228
6.457
1.114
14.457
1.114
7.228
1.114
1.114
13.548
7.228
1.114
1.114
13.457
7.228
1.114
1.114
1.114
11.457
1.114
1.114
7.228
1.114
12.457
1.114
7.228
1.114
1.114
7.228
1.114
1.114
7.228
1.114
11.457
6.457
1.114
6.457
1.114
7.228
12.457
13.686
7.228
6.457
13.457
1.114
15.915
7.228
7.228
13.686
1.114
13.548
13.686
6.457
1.114
11.457
6.457
7.228
13.572
1.114
1.114
6.457
6.457
6.457
16.652
12.457
6.457
6.457
1.114
7.228
6.457
1.114
11.457
1.114
7.228
1.114
1.114
6.457
1.114
14.686
1.114
14.694
11.457
1.114
1.114
7.228
1.114
1.114
13.686
1.114
6.457
1.114
14.8
1.114
14.457
1.132
11.457
7.228
1.114
6.457
6.457
6.457
1.114
11.457
6.457
6.457
6.457
1.114
1.114
15.8
6.457
13.572
12.457
1.114
7.228
6.457
1.114
1.114
13.572
7.228
7.228
6.457
1.114
1.114
7.228
1.114
7.228
1.114
11.457
7.228
7.228
1.114
1.114
1.114
6.457
7.228
7.228
1.114
15.915
6.457
1.114
6.457
11.457
18.686
1.114
1.114
7.228
13.572
7.228
1.114
14.668
11.457
7.228
12.457
7.228
1.114
7.228
13.457
7.228
13.686
1.114
11.457
1.114
7.228
11.457
7.228
1.114
14.457
1.132
1.114
11.457
11.457
1.114
6.457
1.114
12.457
7.228
15.572
12.457
7.228
1.114
7.228
1.114
6.457
6.457
1.114
1.114
7.228
1.114
7.228
1.114
6.457
1.114
1.114
7.228
15.572
11.457
7.228
6.457
1.114
6.457
1.114
1.114
7.228
1.114
7.228
13.694
11.568
1.114
1.114
1.114
11.457
1.114
7.228
6.457
1.114
1.114
13.572
1.114
1.114
1.114
1.114
7.228
14.8
13.795
1.114
7.228
14.686
1.114
13.457
1.114
7.228
7.228
1.114
6.457
1.114
1.114
16.908
14.783
6.457
1.114
1.114
7.228
14.457
1.132
1.114
1.114
6.457
11.457
6.457
1.114
7.228
6.457
6.457
7.228
13.686
1.114
7.228
1.114
7.228
11.457
7.228
6.457
1.114
13.686
7.228
7.228
1.114
6.457
1.114
7.228
6.457
6.457
1.114
1.114
1.114
7.228
11.457
1.114
7.228
7.228
1.114
1.114
6.457
13.686
13.686
6.457
13.686
6.457
1.114
1.114
13.572
6.457
7.228
1.114
12.457
11.457
7.228
6.457
1.114
7.228
6.457
7.228
1.114
1.114
1.114
1.114
11.457
7.228
13.457
17.915
6.457
11.457
1.114
7.228
6.457
1.114
18.028
7.228
1.122
7.228
6.457
1.114
1.114
7.228
17.686
1.114
7.228
1.114
7.228
1.114
1.114
6.457
1.114
13.457
6.457
14.572
1.114
12.457
7.228
11.457
20.572
1.114
1.114
7.228
13.686
6.457
15.572
1.126
1.114
15.8
7.228
12.457
1.114
14.668
7.228
6.457
1.114
13.686
6.457
1.114
7.228
1.114
1.114
6.457
14.572
11.457
7.228
1.114
7.228
6.457
1.114
1.114
7.228
1.114
7.228
1.114
13.457
6.457
1.114
11.457
13.572
11.457
7.228
7.228
6.457
15.8
13.686
6.457
12.457
6.457
1.114
6.457
7.228
13.457
7.228
1.114
7.228
1.114
7.228
14.572
6.457
1.114
1.114
13.548
7.228
6.457
1.114
14.572
7.228
1.114
7.228
6.457
6.457
7.228
16.8
7.228
1.114
7.228
6.457
11.457
7.228
1.114
11.457
1.114
6.457
1.114
7.228
1.114
11.457
7.228
15.915
13.686
6.457
1.114
7.228
1.114
7.228
7.228
1.114
1.114
14.686
1.122
1.114
7.228
6.457
13.572
12.457
1.114
6.457
17.915
1.114
7.228
12.457
7.228
6.457
1.114
7.228
7.228
7.228
14.457
6.457
6.457
1.114
1.114
14.668
7.228
6.457
1.114
1.114
11.457
7.228
6.457
14.686
1.114
7.228
1.114
7.228
6.457
1.114
12.457
7.228
11.457
7.228
1.114
7.228
1.114
7.228
6.457
13.686
1.114
7.228
1.114
14.686
13.68
7.228
14.686
6.457
1.114
1.114
7.228
6.457
1.114
15.8
13.686
1.114
7.228
1.114
13.457
7.228
6.457
6.457
12.457
7.228
13.457
12.457
7.228
6.457
6.457
1.114
6.457
1.114
11.457
1.114
7.228
16.572
1.114
11.457
6.457
6.457
1.114
7.228
14.457
1.132
7.228
1.114
1.114
13.548
1.114
1.114
7.228
13.686
13.686
1.114
7.228
12.457
7.228
6.457
17.686
7.228
1.114
7.228
7.228
6.457
7.228
1.114
6.457
7.228
13.457
7.228
11.457
1.114
7.228
1.114
6.457
1.114
6.457
1.114
1.114
13.457
11.457
6.457
7.228
