8.343
7.457
8.343
7.457
7.457
6.452
13.457
7.457
17.652
7.457
8.343
6.343
21.686
6.343
8.343
17.457
8.457
17.457
8.457
8.457
6.343
13.343
6.343
13.343
17.457
7.457
6.452
13.343
13.343
8.343
6.343
25.8
7.457
6.343
8.343
14.457
6.343
19.686
14.572
7.457
6.452
6.343
17.457
6.343
13.343
13.343
14.457
6.343
13.457
7.457
6.452
13.343
13.343
13.343
8.343
6.343
17.457
7.492
33.915
6.343
14.457
13.452
6.343
26.686
13.343
7.457
6.452
17.457
6.343
14.572
13.343
8.343
6.343
8.457
6.343
13.343
13.343
8.457
6.343
8.457
6.343
20.8
13.343
8.343
6.343
6.343
6.343
13.343
8.457
14.457
6.343
17.657
8.457
8.343
7.457
6.452
13.343
17.457
6.343
13.343
7.457
13.343
8.457
8.343
13.343
8.343
19.686
6.36
8.343
7.457
7.457
6.452
13.343
20.8
6.343
8.457
23.686
6.343
6.343
6.351
13.343
17.457
18.686
13.343
13.343
6.343
17.457
6.372
13.343
8.343
6.343
6.343
13.343
14.577
8.343
8.457
6.343
6.343
6.343
7.457
6.452
22.686
6.343
14.457
8.343
7.457
8.343
6.343
17.457
7.492
26.686
13.343
13.457
14.457
13.452
21.915
13.343
8.343
13.343
8.457
13.343
8.457
7.457
6.452
13.457
8.343
6.343
17.457
6.372
6.343
26.686
13.343
14.577
6.343
6.343
8.457
14.457
7.457
13.343
17.457
8.343
13.343
6.343
17.657
8.343
6.343
6.343
6.343
13.343
8.343
8.343
7.457
14.457
13.343
13.343
7.457
6.452
13.343
17.457
7.492
13.457
13.343
17.457
7.457
14.457
6.343
24.8
6.343
13.343
13.343
17.457
7.492
14.457
13.452
6.343
13.343
8.457
13.457
8.343
6.343
27.8
13.343
17.457
8.343
13.457
7.457
17.457
7.492
7.457
13.343
6.343
13.457
6.343
6.343
6.343
21.686
8.36
14.572
7.457
7.457
7.457
27.8
8.343
17.457
6.372
8.457
6.343
7.465
14.572
8.343
6.343
32.8
13.457
13.343
6.343
7.457
6.343
8.343
17.457
6.372
14.457
6.343
20.8
6.343
13.343
20.8
6.355
22.915
13.343
13.343
8.343
13.343
6.343
8.343
8.457
14.457
13.457
8.343
17.457
8.343
7.457
6.343
8.343
14.457
13.452
7.457
17.652
6.343
13.343
6.343
6.343
7.457
6.452
17.457
8.343
13.343
17.457
8.343
13.343
13.343
6.343
13.343
7.457
13.343
6.343
6.343
13.343
8.457
27.8
7.457
13.457
6.343
20.8
6.355
19.686
7.457
6.452
6.343
6.343
13.343
6.343
17.457
7.457
7.457
13.343
17.572
8.457
17.457
13.343
13.343
7.457
17.652
7.457
6.452
13.457
22.686
13.343
7.457
13.343
6.343
6.343
6.343
6.343
13.343
23.686
17.457
6.372
17.457
6.372
6.343
6.343
6.343
8.457
17.457
14.457
7.457
6.452
17.457
6.372
14.457
24.8
8.457
8.457
8.457
7.457
6.452
14.457
7.457
7.457
14.457
13.452
17.457
6.372
6.343
13.343
13.457
8.343
17.572
17.465
17.457
6.372
8.457
6.343
13.343
13.343
7.457
17.652
6.343
17.657
14.457
6.343
8.343
14.457
6.343
7.457
17.652
13.457
6.343
8.343
6.343
6.343
13.457
17.457
6.372
8.343
6.343
8.343
6.343
6.343
13.343
7.457
13.343
6.343
13.343
8.343
32.8
8.457
6.343
13.343
17.457
13.343
8.457
7.457
6.452
13.343
8.457
23.686
8.343
8.343
13.343
6.343
13.457
8.343
6.343
6.343
6.343
6.343
14.457
13.452
19.686
6.343
13.343
8.343
22.686
8.343
8.343
7.457
6.343
21.686
8.36
13.343
6.343
13.343
8.457
13.343
6.343
8.343
6.343
13.343
8.343
8.343
13.457
8.457
6.343
6.343
14.457
7.457
7.457
6.452
14.572
6.343
8.343
19.686
7.48
13.343
7.457
7.457
13.457
13.343
8.343
17.457
6.343
8.343
14.457
13.452
6.343
14.457
6.343
14.457
7.457
7.457
8.343
14.457
13.457
19.686
8.343
7.465
7.457
14.457
13.457
13.343
26.686
7.457
13.457
13.457
19.686
6.36
17.675
8.457
6.343
13.343
17.457
13.343
13.343
6.343
8.343
6.343
13.343
14.457
23.915
8.349
7.457
6.452
6.343
14.457
8.343
14.457
6.343
6.343
13.457
8.457
13.343
24.8
8.343
13.343
8.343
6.343
8.457
6.343
8.457
6.343
6.343
6.343
6.343
6.343
14.457
8.343
13.343
7.457
6.452
7.457
6.343
8.343
8.343
17.457
7.492
6.486
16.686
6.343
7.457
6.343
17.572
8.457
13.457
8.343
6.343
17.657
8.343
7.457
7.457
13.343
19.686
8.343
6.343
13.343
23.686
13.457
8.457
7.457
7.457
17.457
7.492
6.486
27.915
21.8
8.343
7.457
6.452
13.343
13.457
20.8
23.686
7.457
6.452
8.343
7.457
13.343
14.577
7.457
8.343
6.343
8.457
13.343
6.343
13.457
6.343
6.343
6.343
6.343
13.343
6.343
17.457
6.372
6.343
8.343
13.343
6.343
17.457
7.457
6.452
14.572
6.343
14.457
13.452
7.465
7.457
6.343
13.457
13.343
8.457
7.457
7.457
6.452
14.457
14.572
8.343
7.457
6.452
14.457
6.343
8.343
13.457
8.457
8.343
7.457
6.452
6.343
13.343
6.343
13.457
8.343
13.343
7.457
6.343
8.343
26.686
8.343
7.457
17.652
13.457
17.457
6.343
26.686
8.457
13.343
7.457
6.343
6.343
17.457
13.457
6.343
6.343
13.343
13.343
8.343
6.343
8.343
6.343
13.457
6.343
19.686
27.8
6.343
6.343
17.457
6.343
8.457
14.457
7.457
17.572
13.457
8.457
17.457
6.372
26.686
8.457
6.343
13.343
17.457
14.572
13.566
8.343
13.343
8.343
6.343
6.343
7.457
13.457
17.457
6.372
7.457
6.452
17.457
13.343
8.343
8.343
7.457
17.457
17.457
6.372
14.572
8.343
7.457
17.457
6.372
17.457
7.457
6.452
13.343
7.457
18.8
14.457
21.686
8.36
8.457
13.343
13.343
13.457
6.343
6.343
13.457
6.343
26.686
14.572
8.343
14.572
13.566
8.343
6.343
19.686
7.457
13.351
8.343
7.457
13.343
8.343
13.457
21.8
7.457
13.343
8.457
6.343
6.343
14.572
13.343
7.457
17.457
6.372
6.343
6.343
6.343
13.343
19.686
7.48
7.457
6.343
17.457
13.343
6.343
8.343
8.457
6.343
14.457
6.343
8.457
13.343
19.686
6.343
6.343
14.457
6.343
6.343
14.457
7.457
17.457
7.492
7.457
7.457
8.343
14.457
8.343
6.343
7.457
17.457
7.457
17.457
27.8
13.457
6.343
13.343
13.343
7.457
13.343
13.343
13.457
23.686
21.686
8.343
6.343
8.343
7.457
6.452
13.457
17.572
13.343
17.457
7.492
24.8
17.457
8.343
7.457
8.343
6.343
6.343
13.343
6.343
6.343
6.343
6.343
14.572
6.343
6.343
13.343
7.457
6.343
13.343
8.457
13.457
8.457
6.343
8.457
6.343
7.457
17.572
8.457
7.457
6.343
14.457
23.686
6.343
13.343
6.343
13.343
8.343
8.457
17.457
6.343
6.343
17.457
6.351
14.457
6.343
13.457
8.343
7.457
13.457
6.343
29.916
8.469
7.457
13.343
6.343
8.457
30.8
17.475
7.515
14.457
13.452
6.343
27.915
7.457
6.452
7.457
26.686
8.343
14.572
13.343
14.457
8.343
6.343
14.457
13.452
26.686
13.36
13.457
8.343
6.343
26.686
13.36
7.457
14.457
7.457
6.452
13.343
6.343
13.343
7.457
13.343
6.343
6.343
13.457
8.343
6.343
14.457
13.457
8.343
6.343
8.343
6.343
14.572
6.343
14.457
6.343
6.343
17.457
6.372
6.343
8.457
14.457
8.343
6.343
8.343
6.343
6.343
17.457
8.343
6.343
6.343
13.343
8.343
6.343
19.686
13.343
7.457
14.457
13.457
8.457
6.343
13.343
7.457
6.452
13.457
13.343
17.457
6.372
13.457
6.343
14.457
6.343
8.457
17.572
14.457
13.452
14.457
8.343
8.343
6.343
13.343
8.343
17.457
7.457
7.457
13.457
13.343
8.457
7.457
6.452
6.343
14.572
13.566
6.343
8.343
27.915
6.343
17.572
6.343
8.457
6.343
14.457
30.8
