8.343
7.457
8.343
7.457
7.457
6.452
13.457
7.457
17.652
7.457
6.343
8.343
21.686
7.457
8.457
6.343
17.457
6.343
6.343
13.457
6.343
6.343
17.457
21.686
17.457
7.492
6.486
13.457
13.343
17.457
8.343
6.343
6.343
7.457
6.343
14.457
8.343
6.343
14.572
7.457
6.452
26.686
14.48
6.343
8.457
13.343
6.343
18.686
13.343
6.343
6.343
14.457
21.686
7.457
6.452
14.457
7.457
6.343
13.343
13.343
7.457
13.343
6.343
26.686
17.457
6.372
26.686
13.343
7.457
6.452
17.457
6.343
14.572
13.343
8.343
6.343
6.343
13.343
13.343
6.343
6.343
13.457
6.343
13.343
21.686
6.343
6.343
13.457
6.343
13.457
6.343
6.343
6.343
8.343
6.343
7.457
6.343
6.343
6.343
6.343
6.343
14.457
7.457
13.343
8.457
6.343
6.343
7.457
13.343
8.343
17.457
13.343
6.343
6.343
13.343
14.457
8.343
17.457
13.457
22.686
21.686
8.36
8.351
6.343
13.343
6.343
17.457
6.372
17.457
14.457
6.343
6.343
13.343
6.343
6.343
13.343
8.343
6.343
17.657
13.343
21.686
8.343
7.457
22.686
13.343
17.457
13.343
8.343
13.457
13.457
13.343
6.343
8.343
13.343
14.457
13.457
8.343
8.343
6.343
13.343
14.577
7.457
13.457
7.457
6.452
7.457
26.686
14.48
8.343
17.457
13.457
7.457
6.452
6.343
6.343
6.343
7.457
17.457
14.457
6.343
8.343
6.343
13.343
6.343
14.572
6.343
17.457
13.343
8.343
13.343
8.343
6.343
8.343
17.457
13.457
8.457
17.457
13.343
7.457
13.343
7.457
14.457
14.457
8.343
13.343
6.343
8.343
17.457
13.343
8.457
14.457
8.343
7.457
6.343
17.457
8.343
17.457
7.492
6.343
8.457
17.457
8.457
13.457
7.457
6.343
22.686
8.457
6.343
6.343
13.457
7.457
26.686
7.457
14.457
8.343
8.457
8.343
7.457
6.452
26.726
8.343
17.457
7.457
6.343
6.343
13.457
14.457
8.351
26.686
13.36
6.343
7.457
8.343
7.457
13.343
22.686
17.457
7.457
13.457
21.686
13.343
17.457
13.343
6.343
17.572
7.457
6.343
8.343
14.572
17.457
6.372
8.343
17.457
7.492
6.486
13.343
8.343
7.457
6.452
13.343
6.343
26.686
26.686
8.343
8.457
6.343
8.343
14.457
14.457
8.343
13.457
8.343
7.457
13.343
6.343
26.686
7.457
17.652
13.343
6.343
17.457
6.343
13.343
6.343
7.457
6.452
17.457
13.343
17.457
8.343
8.343
13.343
8.343
13.343
8.343
13.343
6.343
21.686
8.457
6.343
6.343
8.457
17.572
8.343
8.457
13.343
8.343
6.343
21.686
8.457
7.457
6.452
6.343
6.343
13.343
17.457
6.372
7.457
7.457
13.343
14.577
8.457
17.457
13.343
13.343
7.457
13.457
6.343
18.686
8.343
22.686
13.343
8.457
6.343
13.343
6.343
8.343
7.457
6.343
13.343
8.343
6.343
7.457
26.686
8.343
13.457
13.457
8.343
13.343
8.343
13.457
8.457
6.343
13.457
7.457
6.452
7.457
13.343
6.343
8.343
6.343
22.686
17.579
7.457
6.452
13.457
8.343
13.343
7.457
14.572
21.686
8.36
13.457
8.343
6.343
14.457
13.343
6.343
22.686
7.457
17.652
6.343
14.457
13.457
6.343
6.343
17.457
13.343
7.457
17.652
13.457
6.343
6.343
6.343
13.457
17.457
6.372
6.343
13.343
8.343
6.343
8.343
6.343
13.343
6.343
21.686
6.343
8.457
13.343
13.457
6.343
13.343
6.343
17.657
13.343
13.343
8.343
6.343
13.343
17.572
7.457
6.452
14.457
8.343
14.457
6.343
6.343
6.343
8.457
6.343
6.343
6.343
21.686
6.343
17.657
6.343
8.343
22.686
8.343
7.457
14.572
6.343
21.686
8.36
13.343
13.343
7.457
13.343
8.457
6.343
13.343
8.457
7.457
6.452
13.343
21.686
8.457
6.343
6.343
7.457
13.343
7.457
6.452
6.343
8.343
26.686
22.686
17.572
8.457
7.457
7.457
13.343
7.457
14.457
13.343
6.343
8.351
14.457
13.452
6.343
13.343
6.343
14.457
17.457
8.457
7.457
7.457
8.457
6.343
17.457
13.343
8.343
7.457
7.457
13.343
26.686
17.457
26.686
7.457
13.457
13.457
6.343
6.343
13.343
17.457
6.372
13.343
14.577
13.343
22.686
8.343
13.457
6.343
26.686
6.343
14.457
13.452
8.343
7.457
6.452
6.343
8.343
8.457
17.457
8.343
17.457
6.372
17.457
6.372
26.686
13.36
8.343
6.343
8.457
6.343
13.457
8.457
6.343
13.343
6.343
6.343
8.343
6.343
6.343
8.343
17.457
7.492
6.486
7.457
6.343
14.457
14.572
8.343
7.457
6.452
6.343
13.343
6.343
7.457
14.572
6.343
8.457
8.457
14.572
8.343
6.343
8.343
7.457
13.343
7.457
8.343
6.343
21.686
13.343
8.343
26.686
21.686
8.457
7.457
7.457
17.572
13.457
7.457
6.452
6.343
13.343
8.457
13.457
8.343
7.457
21.686
8.36
26.686
8.457
8.457
8.343
6.343
8.343
7.457
8.343
8.457
7.457
17.457
7.457
8.465
7.457
6.452
13.457
6.343
13.457
8.343
6.343
6.343
13.343
6.343
8.343
17.457
6.343
13.457
8.457
6.343
17.457
8.343
6.343
13.343
6.343
13.343
8.457
14.457
8.457
13.343
13.343
6.343
8.343
14.572
8.457
17.572
13.343
7.457
13.343
13.343
8.343
7.457
14.457
7.457
6.452
6.343
6.343
13.457
18.686
8.457
8.343
6.343
13.457
8.457
7.457
6.343
14.457
13.343
8.343
7.457
7.457
18.686
13.343
6.343
6.343
14.457
13.452
6.343
13.343
8.343
14.457
14.457
7.457
7.457
7.457
13.343
6.343
13.343
22.686
6.343
13.343
8.343
13.457
7.457
7.457
13.457
8.457
8.457
7.457
17.457
6.372
8.343
14.457
7.457
13.457
13.343
8.343
7.457
8.343
6.343
13.343
8.343
7.457
6.452
6.343
13.343
7.457
6.452
17.457
6.372
6.343
8.457
6.343
6.343
6.343
14.457
13.452
17.457
13.343
8.457
8.457
17.457
8.343
7.457
17.652
13.457
14.457
8.343
8.457
7.457
8.457
7.457
17.652
14.457
13.452
7.457
6.452
6.343
6.343
7.457
8.457
6.343
14.457
14.457
7.457
6.452
13.343
7.457
14.572
6.343
17.572
13.343
7.457
13.343
6.343
6.343
13.343
13.343
17.457
7.457
14.457
14.457
6.343
13.343
8.343
6.343
26.686
7.457
13.343
7.457
6.452
7.457
7.457
6.452
13.343
6.343
21.686
6.343
6.343
7.457
7.457
6.343
13.343
6.343
6.343
14.457
6.343
13.343
13.343
13.457
21.686
6.343
8.457
6.343
13.457
17.457
7.492
8.457
17.457
8.457
17.457
13.343
8.343
6.343
13.457
6.343
14.457
6.343
14.457
13.457
8.343
14.572
6.343
14.457
13.457
21.686
6.343
8.457
13.343
7.457
17.457
13.343
8.343
8.457
26.686
8.343
21.686
17.572
17.457
7.492
17.457
13.343
13.36
7.457
13.343
14.577
6.343
13.343
8.343
13.343
8.343
6.343
8.343
8.343
6.343
6.343
21.686
7.457
18.686
6.343
6.343
13.457
6.343
13.457
6.343
6.343
14.457
13.452
7.457
6.452
6.343
14.457
8.343
14.457
8.457
6.343
14.457
8.457
26.686
8.343
13.457
13.343
6.343
21.686
6.343
8.457
13.457
22.686
6.343
13.457
8.343
7.457
14.457
21.686
21.686
6.343
13.457
13.457
8.343
13.36
8.457
13.343
8.457
7.457
6.343
8.457
7.457
17.457
6.372
8.343
7.457
6.452
7.457
8.343
8.343
18.686
21.686
14.457
6.343
26.686
14.48
13.475
13.343
13.343
8.343
6.343
13.36
13.343
7.457
7.457
6.452
13.343
17.457
6.372
13.343
8.457
7.457
13.343
6.343
6.343
8.343
6.343
13.457
17.457
8.343
6.343
6.343
14.572
6.343
6.343
17.457
6.372
13.343
17.457
6.372
6.343
8.457
14.457
6.343
6.343
6.343
17.457
13.343
13.343
8.343
6.343
8.343
8.457
6.343
17.657
13.343
8.343
6.343
7.457
14.457
8.457
8.343
6.343
13.343
8.457
7.457
6.452
14.457
13.457
6.343
6.343
14.457
17.572
14.457
