8.343
7.457
8.343
7.457
7.457
6.452
13.457
7.457
17.652
7.457
6.343
8.343
21.686
7.457
8.457
6.343
14.457
6.343
6.343
6.343
16.572
13.457
8.343
6.343
14.457
17.457
7.457
6.452
17.457
13.343
8.343
6.343
6.343
7.457
6.343
14.457
8.343
6.343
17.572
7.457
6.452
26.686
14.48
6.343
8.457
6.343
17.657
13.343
13.343
8.343
14.457
21.686
6.343
8.343
6.343
13.343
13.36
8.457
7.457
8.343
8.457
8.457
8.343
7.457
17.572
26.686
8.343
17.457
6.372
6.343
7.457
6.452
13.343
6.343
13.343
13.343
7.457
6.452
22.686
8.343
17.457
6.343
6.343
17.457
6.372
6.343
17.657
13.457
6.343
6.343
13.343
6.343
6.343
8.343
6.343
21.686
8.36
6.343
8.457
8.343
7.457
6.452
6.343
8.343
13.343
7.457
8.457
8.343
13.343
6.343
7.457
22.686
7.457
13.343
6.343
13.343
8.343
13.343
8.457
26.686
21.686
7.457
14.457
7.457
17.572
13.343
13.465
7.457
17.457
13.343
17.457
13.343
8.457
7.457
6.452
6.343
7.457
13.343
16.572
8.343
6.343
17.657
6.343
6.343
13.457
7.457
6.452
6.343
14.457
7.457
8.343
6.343
13.343
8.343
8.457
17.457
7.492
26.686
8.343
8.343
17.457
13.343
7.457
16.572
13.343
13.457
8.343
26.686
7.457
6.452
14.457
13.452
6.343
17.457
6.372
6.343
7.457
8.343
17.457
6.343
17.457
6.343
8.343
14.457
6.343
6.343
13.343
14.457
13.452
8.343
6.343
22.686
13.343
8.343
14.457
8.343
13.457
8.457
13.343
7.457
8.343
7.457
14.457
8.343
14.457
17.457
6.372
8.343
13.343
8.457
7.457
17.457
6.372
17.457
13.343
8.343
17.457
7.492
6.343
8.457
14.457
8.457
8.457
8.457
7.457
6.343
22.686
6.343
6.343
7.457
13.457
26.686
21.686
14.457
7.457
7.457
7.457
14.457
13.452
6.343
13.457
6.343
6.343
6.343
8.343
7.457
7.465
17.659
13.343
8.343
17.457
7.492
6.343
26.686
8.457
8.343
6.343
13.343
7.457
6.343
8.343
17.572
13.457
13.343
6.343
7.457
6.343
8.343
17.457
6.372
8.343
17.572
8.343
8.343
17.457
7.492
6.486
7.457
6.452
6.343
26.686
26.686
13.36
8.457
6.343
13.343
8.457
14.457
13.343
17.457
21.686
6.343
6.343
13.343
8.457
6.343
14.457
17.572
13.343
6.343
16.572
6.343
13.457
8.343
13.343
7.457
6.452
14.457
8.343
8.343
8.343
16.572
13.343
7.457
6.343
13.343
8.457
6.343
6.343
8.343
17.572
8.457
16.572
7.457
6.343
6.343
6.343
22.686
14.457
8.457
7.457
6.452
13.343
6.343
6.343
6.343
7.457
7.457
13.343
17.572
8.457
17.457
13.343
13.343
7.457
17.652
13.457
7.457
6.452
22.686
13.343
7.457
13.343
6.343
6.343
6.343
14.457
6.343
13.343
6.343
14.457
26.686
6.343
6.343
6.343
6.343
17.457
21.686
17.457
8.343
17.457
6.372
13.457
7.457
6.452
13.457
17.457
7.492
6.343
8.343
6.343
8.343
7.457
6.452
13.457
22.686
7.457
6.452
16.572
8.343
13.343
8.343
17.572
6.343
17.657
6.343
13.343
7.457
17.652
6.343
17.657
13.457
6.343
17.457
8.457
6.343
17.457
13.343
7.457
17.652
6.343
6.343
6.343
13.457
17.457
6.372
8.343
6.343
13.343
8.343
6.343
6.343
6.343
21.686
6.343
13.343
8.343
13.343
13.457
8.343
6.343
13.457
6.343
17.657
13.343
6.343
13.343
7.457
6.452
14.457
13.343
22.686
8.343
14.457
6.343
6.343
6.343
16.572
8.343
8.343
6.343
6.343
6.343
17.657
6.343
6.343
22.686
8.343
16.572
8.343
13.343
6.343
17.572
13.343
7.457
13.343
13.343
8.457
6.343
8.343
13.343
8.457
7.457
6.452
21.686
8.457
6.343
6.343
7.457
13.343
7.457
6.452
6.343
26.686
22.686
17.572
7.457
13.343
7.457
13.343
8.343
7.457
13.457
8.343
17.457
6.351
8.343
6.343
13.343
17.457
6.343
17.457
8.457
17.457
7.492
7.457
8.457
8.343
17.457
21.686
7.457
13.343
6.343
14.457
8.457
7.457
14.457
8.457
6.343
26.686
8.343
17.457
13.343
8.343
6.343
13.343
8.343
6.343
14.457
13.452
6.343
8.457
8.343
14.457
13.452
7.457
13.343
14.457
17.572
14.457
7.457
6.452
13.457
6.343
13.343
16.572
13.343
8.343
6.343
17.572
6.343
13.457
8.457
6.343
13.343
17.457
6.343
13.457
6.343
8.343
6.343
6.343
14.457
8.343
7.457
6.452
7.457
6.343
8.343
17.457
7.492
6.486
6.343
17.657
6.343
7.457
13.343
6.343
17.572
13.457
8.343
8.343
6.343
17.657
13.457
8.343
7.457
7.457
8.343
8.343
6.343
6.343
16.572
26.686
8.457
26.686
13.343
17.572
13.457
13.343
7.457
13.457
13.343
6.343
8.343
7.457
6.452
14.457
17.457
13.457
8.343
17.572
8.457
8.343
6.343
7.457
14.457
13.457
8.343
8.457
7.457
13.343
7.457
8.457
6.343
7.577
13.457
8.457
6.343
8.343
8.343
6.343
8.457
6.343
6.343
8.343
17.457
6.343
8.457
6.343
17.457
8.343
8.343
6.343
6.343
13.343
8.457
13.343
13.343
17.457
6.372
8.343
13.457
8.343
8.343
17.572
7.457
13.343
7.457
14.457
13.457
7.457
6.452
22.686
6.343
6.343
13.457
13.343
17.572
8.457
8.457
6.343
8.343
7.457
14.457
14.457
7.457
7.457
6.452
13.457
17.457
7.492
13.457
13.343
8.343
6.343
6.343
6.343
13.343
17.457
8.343
17.572
17.457
7.492
7.457
17.457
7.492
13.343
6.343
13.343
8.457
6.343
13.343
8.343
7.457
7.457
13.457
7.457
13.457
17.457
6.372
8.343
14.457
13.457
7.457
13.457
13.343
7.457
6.343
13.343
13.343
7.457
6.452
6.343
13.343
13.343
7.457
6.452
17.457
6.372
13.343
6.343
8.457
6.343
8.343
8.343
14.457
6.343
6.343
14.457
8.457
17.457
13.457
7.457
17.652
13.457
14.457
8.351
8.343
13.343
7.457
8.457
7.457
17.652
14.457
7.457
6.452
6.343
13.457
6.343
7.457
8.343
6.343
14.457
14.457
7.457
6.452
13.457
7.457
6.343
8.343
17.572
17.572
13.343
7.457
8.343
6.343
6.343
13.343
8.343
17.457
7.457
6.343
8.343
17.457
6.372
17.457
26.686
8.343
7.457
6.452
13.343
16.572
7.457
8.343
6.343
6.343
6.343
6.343
7.457
14.457
7.457
6.343
13.343
6.343
8.343
6.343
16.572
13.343
17.457
13.457
6.343
6.343
14.457
17.457
7.492
13.343
13.457
8.457
17.572
8.457
17.457
13.343
6.343
13.457
6.343
14.457
13.452
6.343
17.457
13.457
8.457
16.572
8.343
17.572
6.343
13.343
17.457
13.343
7.457
13.343
13.457
8.343
8.457
26.686
8.343
21.686
8.36
26.686
14.48
17.457
7.492
13.343
8.343
22.686
7.457
13.343
6.343
17.572
8.343
13.343
8.343
8.343
6.343
16.572
6.343
6.343
6.343
17.572
13.343
7.457
6.343
13.343
8.465
13.457
8.457
6.343
6.343
7.457
17.572
17.572
13.457
8.343
8.343
7.457
13.457
6.343
6.343
17.457
6.343
13.343
17.457
6.343
17.572
14.457
13.452
8.457
6.343
13.457
6.343
8.457
6.343
16.572
8.343
17.457
8.457
6.343
6.343
6.343
13.343
13.457
8.457
7.457
6.343
26.686
8.343
13.343
6.343
13.457
8.343
21.686
7.457
6.452
14.457
13.452
7.457
7.457
16.572
13.343
6.343
13.343
7.457
13.343
22.686
7.457
17.457
6.372
14.457
13.452
6.343
13.343
6.343
13.457
6.343
13.343
6.343
13.343
17.457
6.372
17.457
8.457
26.686
13.457
6.343
17.657
13.343
7.457
6.452
6.343
6.343
13.457
21.686
6.343
6.343
14.457
6.343
6.343
6.343
14.457
8.343
6.343
14.457
6.343
13.457
6.343
13.343
6.343
8.343
13.343
6.343
17.657
6.343
13.343
7.457
13.457
8.343
13.343
17.457
8.457
8.343
6.343
7.457
6.452
13.457
17.457
6.372
13.457
6.343
14.457
17.572
