8.343
7.457
8.343
7.457
7.457
6.452
13.457
7.457
17.652
7.457
8.343
6.343
21.686
6.343
8.343
17.457
17.457
8.457
6.343
13.343
6.343
13.457
13.343
17.457
13.457
8.343
7.457
6.452
13.343
6.343
6.343
26.686
7.457
6.343
14.457
13.452
8.343
19.686
14.572
7.457
6.452
6.343
14.572
17.457
6.343
13.343
13.343
8.343
14.457
8.343
6.343
13.457
8.343
7.457
6.452
8.343
27.8
8.343
20.8
7.475
14.457
6.343
8.343
7.457
6.343
6.343
17.457
8.343
7.457
6.452
17.457
6.343
6.343
8.457
6.343
13.343
13.343
13.343
6.343
8.457
6.343
6.343
13.343
6.343
6.343
29.915
13.457
6.343
6.343
6.343
26.686
6.343
8.343
6.343
7.457
6.343
6.343
8.343
6.343
6.343
6.343
14.457
7.457
8.343
6.343
6.343
7.457
13.457
8.343
14.457
8.343
6.343
6.343
13.343
8.457
17.572
17.457
17.457
8.457
13.343
7.457
13.343
7.457
17.457
13.343
8.343
7.457
17.457
8.343
17.465
13.343
33.8
8.457
7.457
6.452
6.343
7.457
6.452
6.343
8.343
22.686
7.457
14.457
8.457
13.343
17.457
13.343
8.343
13.457
13.343
33.8
8.457
6.343
13.343
8.343
14.457
8.343
8.343
6.343
14.572
7.457
13.343
13.457
7.457
6.452
23.686
14.457
7.457
14.457
13.457
7.457
6.452
6.343
6.343
13.343
6.343
7.457
17.457
14.457
6.343
6.343
13.343
6.343
8.343
6.343
13.343
17.457
13.343
17.572
8.343
8.343
8.457
6.343
17.457
14.457
13.343
13.343
7.457
13.343
13.457
8.343
7.457
8.343
14.457
14.457
17.457
6.343
8.343
13.343
8.457
8.343
7.457
14.457
17.457
6.372
14.457
7.457
6.343
13.343
17.457
13.457
20.8
7.475
6.469
6.343
6.343
13.457
13.457
7.457
13.457
7.457
20.8
7.457
6.452
30.8
13.343
17.457
13.343
7.457
6.343
13.343
6.343
13.457
14.457
23.686
13.343
6.343
8.351
17.572
7.457
13.343
8.343
7.457
14.457
8.343
8.343
19.686
7.48
6.343
14.457
13.457
6.343
8.343
6.343
17.657
13.457
6.343
13.457
6.343
8.343
7.457
14.457
6.343
8.457
7.457
8.343
6.343
8.457
6.343
14.457
8.457
7.457
6.452
26.726
13.4
6.343
13.343
7.457
6.343
17.457
6.372
14.457
8.457
6.343
17.572
13.343
6.343
6.343
6.343
13.457
13.343
21.686
6.343
13.343
8.343
13.457
8.343
13.457
13.343
7.457
6.343
13.343
8.457
6.343
6.343
17.572
8.457
20.8
17.572
8.457
8.343
19.686
6.36
13.343
8.343
6.343
17.457
7.492
13.343
8.343
13.343
7.457
8.457
13.343
17.457
6.372
13.343
13.457
17.457
6.372
8.457
13.457
17.457
8.343
6.343
13.343
8.343
14.572
6.343
8.343
6.343
8.343
7.457
13.457
22.686
6.343
6.343
8.457
7.457
13.343
13.343
8.457
13.457
8.343
13.343
8.343
13.457
8.343
6.343
7.457
6.452
13.457
7.457
6.343
23.8
7.457
17.652
7.457
13.351
13.457
8.457
13.343
6.343
6.343
13.343
8.343
14.457
14.457
8.343
6.343
6.343
14.572
14.572
22.8
7.457
13.343
6.343
13.457
6.343
17.457
6.343
14.572
13.343
8.457
7.457
13.457
6.343
6.343
6.343
17.457
6.372
8.343
6.343
13.343
8.343
6.343
6.343
21.686
8.36
13.343
7.457
6.343
8.343
8.343
13.343
8.457
17.457
6.372
13.343
7.457
6.452
13.343
8.457
8.343
13.457
8.457
26.686
6.343
13.343
13.343
6.343
8.343
13.343
8.343
6.343
6.343
6.343
17.657
17.457
6.372
8.343
8.343
7.457
13.343
14.577
8.343
8.343
7.457
6.343
13.343
8.343
33.8
6.343
8.457
6.343
6.343
13.343
33.8
13.343
8.343
13.457
8.457
6.343
13.343
6.343
7.457
7.457
6.452
17.457
6.343
17.572
8.343
7.457
13.343
7.457
7.457
22.8
13.457
14.457
6.343
13.343
6.343
14.457
13.452
17.457
6.351
14.457
13.452
7.457
7.457
13.457
8.457
6.343
17.457
13.343
7.457
23.686
14.457
7.457
13.343
23.686
13.343
7.457
8.343
13.457
8.343
14.457
13.457
19.686
6.36
17.675
6.343
8.343
13.343
6.343
13.457
8.343
6.343
19.686
14.457
8.343
7.457
6.452
6.343
14.457
14.457
8.343
8.457
8.343
6.343
17.457
6.372
26.686
13.36
6.343
8.457
6.343
13.457
6.343
13.343
13.343
6.343
6.343
13.457
6.343
6.343
13.343
17.457
7.492
6.486
7.457
13.343
6.343
8.343
14.572
8.343
17.457
7.492
6.486
6.343
6.343
7.457
6.343
8.457
19.686
14.572
8.343
6.343
13.457
8.343
7.457
7.457
13.343
8.343
19.686
8.457
6.343
13.343
23.686
21.686
8.457
7.457
7.457
14.457
7.457
6.452
6.343
13.343
8.457
13.457
8.343
7.457
6.452
27.8
7.457
6.452
26.726
7.457
13.343
8.343
7.457
17.572
17.457
13.343
6.343
6.343
13.457
8.343
6.343
13.343
6.343
13.457
6.343
6.343
6.343
17.457
6.372
8.343
6.343
6.343
8.343
17.465
7.457
6.452
14.572
13.343
6.343
8.457
14.457
7.457
7.457
6.343
13.343
8.457
7.457
7.457
6.452
17.457
7.457
6.452
14.457
6.343
18.686
13.343
13.457
8.343
8.343
7.457
6.452
13.457
6.343
8.343
6.343
13.457
21.686
7.457
6.343
8.343
7.457
13.457
6.343
17.657
22.8
17.457
8.457
13.343
8.457
7.457
6.343
14.457
6.343
8.343
6.343
6.343
13.343
8.343
6.343
6.343
6.343
13.457
17.572
13.343
6.343
6.343
30.8
6.343
8.457
7.457
17.572
17.457
13.457
8.343
17.457
6.343
26.686
13.457
8.457
6.343
17.457
17.457
13.457
8.343
8.457
13.343
8.343
6.343
19.686
6.36
7.457
17.457
6.372
7.457
6.452
17.457
13.343
8.343
14.457
7.457
17.457
6.372
13.343
17.572
14.457
8.343
7.457
6.343
17.457
13.343
7.457
6.452
17.572
8.457
7.457
17.457
8.343
13.343
8.457
26.686
8.457
13.343
13.343
13.465
6.343
6.343
6.343
13.343
14.572
13.457
33.8
8.343
19.686
6.366
17.572
7.457
13.343
8.343
8.457
13.343
7.457
8.343
13.343
21.8
7.457
13.343
6.343
6.343
14.457
13.452
7.457
6.343
17.8
13.457
6.343
6.343
6.343
17.572
13.343
7.457
7.457
6.343
13.343
6.343
8.343
8.457
6.343
6.343
13.343
19.686
17.56
6.343
6.343
6.343
13.457
6.343
17.457
7.457
14.457
17.457
7.457
7.457
7.457
8.343
6.343
17.457
7.492
17.457
13.343
7.457
8.343
8.343
17.457
13.457
8.343
30.8
6.343
19.686
7.48
13.343
13.457
8.343
8.457
23.686
19.686
8.343
7.457
6.452
14.457
17.457
7.492
13.343
13.343
8.343
7.457
6.343
6.343
13.343
6.343
6.343
13.343
6.343
8.343
6.343
6.343
6.343
17.572
8.343
7.457
8.457
6.343
6.343
6.343
13.457
7.457
17.572
13.457
13.457
19.686
7.457
14.457
13.457
8.343
6.351
13.343
6.343
13.343
6.343
8.343
8.457
17.457
6.343
17.572
8.457
6.343
17.457
6.343
14.457
6.343
7.457
13.457
13.343
6.343
8.343
13.343
23.686
8.457
13.343
7.457
30.8
17.475
6.389
8.457
7.457
13.457
17.457
6.372
26.686
7.457
6.452
13.343
7.457
8.343
14.572
21.686
8.457
7.457
13.343
21.686
8.36
6.343
14.457
13.452
17.457
6.372
7.457
13.343
7.457
6.452
13.343
17.457
6.372
13.343
7.457
13.343
6.343
6.343
13.457
6.343
13.457
13.343
17.457
6.343
6.343
14.572
6.343
6.343
13.343
17.457
6.372
13.343
17.457
6.372
6.343
6.343
8.343
17.457
6.372
13.457
6.343
17.457
13.343
6.343
13.343
8.457
6.343
17.657
13.343
8.343
6.343
13.343
7.457
14.457
8.343
8.457
6.343
8.457
7.457
6.452
14.457
13.457
13.343
6.343
6.343
6.343
8.457
17.572
17.457
13.343
8.343
14.457
17.457
14.457
6.343
8.343
7.457
13.343
13.343
7.457
13.457
19.686
13.343
