8.343
7.457
8.343
7.457
7.457
6.452
13.457
7.457
17.652
7.457
6.343
8.343
21.686
7.457
8.457
6.343
17.457
6.343
6.343
13.457
6.343
6.343
17.457
21.686
17.457
7.492
6.486
13.457
13.343
17.457
8.343
6.343
6.343
7.457
6.343
14.457
8.343
6.343
14.572
21.686
8.457
8.343
7.457
6.452
13.457
17.457
13.457
7.457
13.343
6.343
6.343
14.457
13.457
8.343
6.343
8.343
6.343
8.457
7.457
8.343
8.457
8.457
8.343
7.457
16.686
6.343
17.457
26.686
6.343
13.343
8.343
7.457
6.452
13.343
6.343
13.343
7.457
6.452
17.457
6.343
8.343
6.343
17.457
6.372
13.343
6.343
17.657
13.457
6.343
6.343
6.343
6.343
6.343
21.686
8.36
6.343
8.457
13.343
8.343
7.457
6.452
6.343
13.343
7.457
8.343
13.343
8.457
6.343
8.343
13.343
6.343
22.8
6.343
13.343
13.343
8.457
14.457
27.8
13.343
7.457
13.343
7.457
26.686
17.457
13.343
13.457
8.343
7.457
17.457
13.343
17.465
7.457
6.452
6.343
7.457
6.452
13.343
13.457
6.343
17.657
6.343
21.686
6.343
7.457
6.452
17.457
6.372
17.457
7.457
17.457
8.343
6.343
14.457
13.452
8.343
8.457
7.457
8.343
8.343
17.457
13.343
13.343
13.457
7.457
6.452
26.726
6.343
14.457
13.452
21.686
6.343
13.457
17.457
6.372
13.457
6.343
7.457
6.343
17.457
8.343
6.343
13.343
14.457
6.343
6.343
13.343
8.343
14.457
13.452
6.343
22.686
8.343
8.343
13.343
8.343
13.457
8.457
17.457
7.457
8.343
7.457
14.457
8.343
17.457
6.372
8.343
17.457
13.343
14.457
8.343
7.457
14.457
6.343
13.457
8.343
17.457
7.492
6.343
14.572
8.457
8.457
17.457
8.457
7.457
6.343
6.343
6.343
13.457
7.457
13.457
26.686
21.686
14.457
7.457
7.457
7.457
14.457
13.452
6.343
13.457
6.343
6.343
8.343
6.343
8.343
7.457
7.457
17.457
7.492
8.343
7.457
22.8
27.8
7.457
13.351
13.343
8.343
8.343
7.457
13.457
6.343
17.457
6.372
8.457
13.457
6.343
13.457
6.343
6.343
13.343
23.8
14.457
8.343
7.457
6.452
7.457
6.452
13.343
6.343
6.343
13.343
21.686
8.36
8.457
7.457
6.452
6.343
7.457
6.343
17.457
6.372
8.457
6.343
26.686
17.572
13.343
17.457
6.372
6.343
6.343
13.457
13.343
21.686
7.457
6.452
8.343
13.343
8.343
8.343
8.343
13.343
6.343
13.343
21.686
8.457
6.343
6.343
13.343
17.572
8.343
13.343
8.343
6.343
13.457
21.686
8.457
7.457
6.452
14.457
13.457
6.343
6.343
13.343
6.343
7.457
7.457
13.343
14.457
17.572
14.572
8.457
14.572
13.343
13.343
7.457
13.457
7.457
6.452
13.343
7.457
13.343
6.343
6.343
6.343
14.457
6.343
13.343
6.343
26.686
17.457
6.372
6.343
6.343
6.343
17.457
21.686
17.457
17.457
6.372
13.457
7.457
6.452
13.457
17.457
7.492
13.343
6.343
6.343
13.343
8.343
19.686
7.48
6.475
13.457
8.343
7.457
8.457
21.686
17.572
8.343
6.343
8.457
13.343
6.343
13.36
17.457
6.372
17.572
22.8
6.343
14.457
6.343
14.457
13.457
8.343
13.457
13.343
8.343
13.343
13.343
7.457
6.452
13.457
8.343
13.343
6.343
14.572
8.343
19.686
6.36
6.343
6.343
13.343
8.343
8.343
21.686
13.457
8.457
6.343
13.457
8.343
17.572
8.457
7.457
6.452
13.36
14.595
8.457
8.343
8.343
13.457
13.343
6.343
6.343
13.343
6.343
6.343
6.343
17.657
13.343
6.343
13.343
21.686
8.457
17.457
7.457
6.343
8.343
8.343
7.457
13.343
21.686
6.343
8.343
13.343
8.343
6.343
8.457
6.343
6.343
8.457
13.343
6.343
13.343
6.343
13.343
7.457
7.457
6.452
13.457
17.457
6.343
8.343
17.572
8.343
17.572
7.457
7.457
8.343
7.457
13.457
14.457
8.343
6.343
14.457
13.452
6.351
6.343
13.343
17.457
17.457
7.492
7.457
14.457
13.457
21.686
7.457
13.343
21.686
7.457
13.457
13.343
8.457
17.457
14.457
7.457
8.343
8.343
14.457
13.457
8.343
6.343
8.457
6.343
6.343
14.572
22.686
6.343
27.8
6.343
13.343
13.343
17.457
7.492
6.486
6.343
14.457
14.457
8.343
13.343
8.457
8.343
6.343
8.343
17.457
6.372
8.457
26.686
8.343
6.343
8.457
6.343
8.457
6.343
13.343
6.343
6.343
6.343
6.343
14.457
8.343
13.343
7.457
6.452
7.457
6.343
8.343
14.457
14.572
7.457
6.452
6.343
6.343
7.457
13.343
6.343
8.457
17.572
8.343
6.343
17.657
13.457
8.343
7.457
7.457
13.343
8.457
13.343
13.343
26.686
21.686
8.36
8.457
26.686
8.457
16.686
8.343
14.457
7.457
8.457
6.343
8.343
7.457
6.452
14.457
14.457
21.686
26.686
7.457
6.452
7.457
13.343
8.343
7.457
17.457
18.686
6.372
13.343
6.343
8.343
6.343
13.457
6.343
13.457
6.351
6.343
6.343
17.457
6.372
6.343
8.343
13.343
6.343
8.343
17.457
7.457
6.452
6.343
17.572
7.457
8.343
17.457
7.492
6.343
13.457
7.457
7.457
6.452
14.572
13.566
17.457
7.457
6.452
14.457
6.343
8.343
13.343
13.457
8.457
8.343
7.457
6.452
6.343
13.343
6.343
13.457
21.686
7.457
13.343
7.457
7.457
6.452
13.457
17.457
7.492
13.457
13.343
26.686
8.343
23.8
8.457
7.457
6.343
6.343
14.457
13.452
8.343
6.343
6.343
13.343
6.343
14.572
6.343
13.457
6.343
13.343
14.457
13.452
6.343
6.343
6.343
14.572
8.457
14.457
7.457
6.343
13.457
21.686
7.457
8.343
17.457
7.457
8.343
6.343
17.457
13.343
8.343
7.457
6.452
6.343
13.343
7.457
6.452
17.457
6.372
6.343
8.457
6.343
8.343
6.343
6.343
17.457
13.343
8.457
17.457
17.457
8.343
7.457
13.457
14.457
13.457
8.343
7.457
6.452
22.8
8.457
7.457
17.652
13.343
8.351
17.457
8.343
8.457
13.343
8.457
13.343
13.457
6.343
8.457
6.343
6.343
13.343
14.572
8.343
8.343
6.343
6.343
17.657
7.457
8.343
13.343
26.686
7.457
13.457
13.343
13.343
7.457
13.343
8.457
6.343
27.8
14.572
13.566
6.343
13.343
7.457
17.457
6.372
6.343
6.343
6.343
17.657
13.343
8.343
7.457
7.457
6.343
17.457
6.343
8.457
6.343
6.343
13.343
13.343
17.457
21.686
6.343
14.457
6.343
13.457
7.457
8.343
13.457
17.457
8.457
17.457
8.343
6.343
13.457
13.457
6.343
6.343
14.457
17.457
13.457
8.457
8.343
14.572
6.343
14.457
21.686
8.343
6.343
14.457
13.452
7.457
21.686
8.457
13.457
7.457
8.457
8.457
6.343
21.686
7.457
6.452
14.457
17.457
7.492
13.343
7.457
6.343
6.343
13.343
6.343
13.343
6.343
13.343
6.343
6.343
6.343
6.343
17.572
13.343
8.343
7.457
8.457
6.343
8.457
8.457
6.343
6.343
14.572
7.465
16.686
13.457
7.457
6.343
14.457
13.452
6.343
13.343
6.343
13.343
8.343
8.457
17.457
6.343
14.457
6.343
6.343
22.686
8.457
6.343
13.457
17.457
7.492
6.343
21.686
13.343
6.343
21.686
13.457
8.457
7.457
6.343
8.457
14.457
13.452
21.686
13.457
7.457
13.36
7.457
13.343
13.343
6.343
26.686
13.36
6.343
14.572
7.457
7.457
8.343
14.457
6.343
8.343
17.457
8.343
7.457
7.457
6.343
6.343
17.457
6.372
8.457
8.343
8.343
6.343
6.343
21.686
8.457
17.457
6.372
14.572
17.457
6.343
13.343
6.343
6.343
6.343
6.343
6.343
17.8
13.435
17.457
13.343
6.343
26.686
17.457
6.343
8.457
8.343
6.343
8.343
14.457
6.343
6.343
6.343
8.343
13.343
8.457
6.343
17.657
6.343
13.343
7.457
8.343
13.343
8.457
17.457
6.343
7.457
6.452
14.457
13.457
13.343
6.343
13.457
6.343
8.343
14.572
6.343
17.457
14.457
8.343
14.457
14.457
13.457
21.686
