8.343
7.457
8.343
7.457
7.457
6.452
13.457
7.457
17.652
7.457
8.343
6.343
21.686
6.343
8.343
17.457
17.457
8.457
6.343
13.343
6.343
13.457
13.343
17.457
13.457
8.343
7.457
6.452
13.343
6.343
6.343
27.8
6.343
14.457
13.452
7.457
19.686
14.572
8.457
17.457
7.457
6.452
13.457
13.457
13.343
13.457
7.457
13.343
6.343
6.343
14.457
13.457
8.343
6.343
6.343
13.343
7.457
13.457
8.343
7.457
16.686
6.343
13.343
17.457
13.457
27.8
13.457
6.343
8.343
13.343
7.457
6.452
13.343
6.343
13.343
7.457
6.452
8.343
17.457
8.457
6.343
8.343
6.343
17.457
6.372
6.343
6.343
6.343
20.8
6.343
6.343
7.457
6.452
21.686
6.343
13.343
8.343
6.343
6.343
6.343
7.457
8.343
8.457
6.343
6.343
7.457
8.343
8.343
17.457
13.343
6.343
6.343
14.572
14.457
8.343
8.343
13.457
21.686
8.457
17.457
7.457
7.457
8.351
17.457
8.343
7.457
17.457
17.457
7.457
6.452
6.343
7.457
6.452
13.343
13.457
6.343
8.343
22.686
7.457
13.343
8.457
17.457
8.343
17.457
13.343
8.343
8.343
13.457
33.8
8.457
6.343
14.457
13.343
6.343
13.343
13.343
7.457
13.343
17.572
13.457
7.457
6.452
14.457
7.457
26.686
13.457
7.457
6.452
17.457
6.343
6.343
13.343
6.343
14.457
7.457
8.343
6.343
17.457
8.343
6.343
8.343
14.457
6.343
8.343
6.343
17.572
14.457
6.343
13.343
8.343
13.343
8.343
13.457
13.343
17.457
7.457
13.457
8.343
7.457
8.343
14.457
8.343
14.457
17.457
6.343
7.457
14.457
13.452
17.457
6.372
13.457
13.343
17.457
7.492
6.343
13.343
17.457
13.457
20.8
7.475
6.469
6.343
13.457
6.343
13.457
13.457
7.457
7.457
26.686
22.8
8.457
7.457
6.452
17.457
14.457
8.343
13.343
7.457
6.343
6.343
13.457
14.572
13.343
17.457
6.351
27.8
13.343
6.343
13.343
8.457
17.457
7.492
14.572
13.457
8.343
6.343
13.343
8.343
6.343
6.343
27.8
6.343
14.572
17.457
6.372
8.343
7.457
19.686
17.457
7.492
6.343
13.457
6.343
13.343
21.686
8.457
6.343
27.8
8.343
13.457
13.343
17.457
8.343
13.457
7.457
6.343
8.343
14.457
13.452
7.457
17.652
13.343
6.343
13.343
6.343
6.343
8.343
7.457
6.452
17.457
8.343
17.457
8.343
8.343
13.343
8.343
13.343
8.343
6.343
7.457
6.343
6.343
17.572
7.457
13.457
6.343
8.343
30.8
6.343
19.686
13.457
7.457
6.452
6.343
6.343
17.457
6.372
13.457
8.343
7.457
7.457
14.457
14.572
13.343
8.343
13.343
22.686
8.343
7.457
13.457
7.457
6.452
13.457
22.8
8.355
6.343
6.343
6.343
6.343
6.343
17.457
17.457
6.372
6.343
27.8
6.343
14.457
6.343
14.457
14.457
7.457
6.452
6.343
23.686
13.457
17.457
7.457
6.452
14.457
13.457
13.457
13.457
8.343
7.465
7.457
8.343
8.457
17.457
6.372
17.457
6.372
8.343
17.457
17.457
6.372
6.343
13.343
14.577
22.8
7.457
13.343
6.343
17.657
14.457
13.457
6.343
8.457
6.343
13.343
7.457
17.652
6.343
6.343
6.343
13.457
17.457
6.372
8.343
6.343
13.343
6.343
6.343
13.343
13.343
7.457
13.343
27.8
13.343
6.343
13.457
17.457
13.343
6.343
13.343
14.577
13.343
6.343
13.343
23.686
7.457
6.452
13.343
8.343
17.457
14.457
6.343
6.343
6.343
8.457
6.343
14.572
6.343
14.572
21.686
7.457
6.452
6.343
7.457
6.343
13.457
8.343
6.343
13.343
21.686
8.343
7.457
13.343
13.343
8.457
6.343
7.457
6.452
13.343
19.686
8.343
13.457
6.343
8.343
7.457
6.452
23.686
19.686
6.36
14.457
8.343
17.457
7.457
6.452
6.343
14.572
6.343
13.343
14.457
7.457
6.343
6.343
6.343
17.457
6.372
13.457
20.8
17.555
17.457
8.343
7.457
6.452
13.457
6.343
8.351
17.457
14.457
7.457
6.343
14.457
7.457
14.457
8.457
6.343
8.343
14.457
13.457
8.343
8.343
8.343
6.343
13.343
6.343
14.457
8.343
6.343
13.343
13.457
17.457
7.492
13.343
13.343
8.457
8.343
7.457
6.452
17.457
17.457
6.372
13.343
22.8
8.343
6.343
8.457
20.8
17.572
14.457
7.457
6.452
6.343
17.457
14.457
13.452
14.457
6.343
13.343
13.343
17.457
6.372
6.343
14.457
14.457
17.457
13.343
7.457
13.343
6.343
14.457
8.343
6.343
14.457
13.343
13.343
13.457
7.457
14.457
6.343
8.343
17.457
7.492
26.686
13.343
6.343
8.343
6.343
16.686
21.8
8.343
26.686
13.343
13.343
7.457
13.457
29.915
21.8
8.475
8.343
7.457
6.452
14.457
17.457
17.572
8.343
7.457
6.452
7.457
8.343
7.457
17.572
8.457
17.457
13.343
8.343
6.343
6.343
8.343
6.343
6.343
13.457
6.343
6.343
14.457
6.343
6.343
8.343
6.343
6.351
8.343
17.457
7.457
6.452
13.343
6.343
17.572
14.457
7.457
8.343
7.457
6.343
13.457
7.457
7.457
6.452
13.457
8.343
17.457
7.457
6.452
17.572
6.343
17.457
13.457
8.457
8.343
13.343
7.457
6.452
6.343
13.343
8.457
6.343
13.343
8.457
7.457
6.343
14.572
8.343
26.686
13.36
22.8
17.457
6.372
8.457
13.343
13.355
7.457
6.343
6.343
17.457
13.457
8.343
6.343
6.343
13.343
8.343
6.343
8.343
6.343
23.686
16.686
13.457
6.343
14.457
6.343
6.343
14.572
8.457
14.457
7.457
19.686
13.457
17.457
6.372
14.457
6.343
13.343
8.343
13.457
8.343
17.457
13.457
8.457
6.343
6.343
14.457
22.8
13.343
6.343
14.457
7.457
6.452
13.355
8.343
14.457
7.457
17.457
6.372
13.343
14.577
7.457
17.457
6.372
14.572
17.457
13.343
7.457
6.452
13.343
14.457
7.457
8.343
21.686
8.36
13.457
8.457
19.686
13.343
6.343
13.457
6.343
13.457
6.343
13.343
8.351
13.457
6.343
17.657
6.343
17.657
7.457
13.343
13.343
7.457
8.343
19.686
13.343
8.343
13.457
8.457
13.343
7.457
6.343
6.343
13.343
7.457
13.457
8.343
17.457
6.372
6.343
14.572
6.343
6.343
7.457
14.457
7.457
6.343
13.343
6.343
8.343
8.343
6.343
6.343
8.457
19.686
17.56
13.457
6.343
6.343
6.343
6.343
17.457
14.457
7.457
17.457
7.492
7.457
7.457
8.343
6.343
14.457
17.457
7.492
13.343
7.457
8.343
17.457
13.457
8.343
8.343
30.8
6.343
13.343
7.457
13.457
21.686
8.343
26.686
8.343
6.343
14.572
7.457
6.452
13.457
17.457
7.492
17.457
13.343
8.343
26.686
7.457
6.343
6.343
6.343
13.343
6.343
13.343
6.343
8.343
6.343
6.343
6.343
17.572
7.457
8.457
6.343
13.343
8.457
8.457
6.343
8.457
6.343
7.457
17.572
19.686
7.457
14.457
13.457
6.343
13.343
6.343
13.343
6.343
13.343
17.457
6.351
17.572
13.343
8.457
6.343
13.457
17.457
6.343
14.457
6.343
7.457
13.457
13.343
8.343
6.343
8.343
21.686
14.475
8.457
7.457
6.343
30.8
13.36
19.686
7.48
13.457
6.343
8.343
13.457
7.457
6.452
7.457
8.343
8.343
17.572
13.343
8.343
21.686
6.343
14.457
17.457
13.457
8.343
6.343
13.36
8.343
13.343
7.457
14.457
7.457
6.452
6.343
13.343
8.457
7.457
13.343
6.343
8.457
6.343
6.343
14.457
13.343
6.343
6.343
6.343
14.457
6.343
17.572
13.343
6.343
13.343
17.457
6.372
6.343
8.457
14.457
8.343
6.343
14.457
6.343
6.343
13.343
8.343
6.343
6.343
17.657
13.343
6.343
13.343
7.457
13.457
13.343
17.457
8.457
8.343
6.343
13.343
7.457
6.452
13.457
17.457
6.372
13.457
6.343
14.572
6.343
17.457
14.457
13.452
14.457
14.457
13.457
8.343
8.457
6.343
13.343
8.343
7.457
13.343
8.343
7.457
8.457
8.457
8.457
7.457
6.452
23.686
6.343
14.572
13.343
22.686
