8.343
7.457
8.343
7.457
14.572
13.457
8.343
8.343
7.457
17.652
6.343
6.343
6.343
7.457
13.343
6.343
6.343
13.457
6.343
6.343
16.572
13.457
8.343
6.343
17.457
8.343
17.457
7.492
6.486
17.457
14.572
6.343
6.343
13.343
7.457
6.343
13.343
8.457
17.457
17.572
17.457
8.457
8.343
7.457
6.452
13.457
13.457
13.343
8.457
7.457
6.343
6.343
8.343
6.343
8.343
6.343
17.457
14.572
7.457
6.343
13.343
13.343
7.457
13.343
6.343
17.457
6.372
13.343
8.343
7.457
6.452
17.457
6.343
17.572
6.343
8.343
7.457
6.452
14.572
13.343
13.343
6.343
8.343
6.343
6.343
13.343
6.343
13.457
6.343
14.572
6.343
6.343
8.343
6.343
17.457
8.343
13.457
8.343
7.457
6.452
13.457
17.457
6.343
7.457
13.343
8.343
17.572
14.572
13.343
8.343
13.457
6.343
14.572
8.343
13.343
16.572
8.343
17.457
17.457
13.343
7.465
13.343
7.457
17.572
13.457
8.343
7.457
17.457
13.343
17.457
8.457
7.457
6.452
6.343
7.457
13.343
16.572
8.343
8.457
6.343
17.657
6.343
6.343
7.457
14.572
8.457
8.343
17.457
13.343
6.343
8.343
13.343
8.343
14.572
13.457
8.343
17.457
8.343
8.343
8.343
17.572
7.457
16.572
13.457
8.343
7.457
6.452
13.343
6.343
17.457
6.372
17.457
6.372
7.457
8.343
17.457
6.343
17.457
8.343
6.343
8.343
6.343
8.343
6.343
17.457
17.572
8.343
8.457
6.343
17.457
13.343
8.343
8.343
8.457
13.343
17.457
7.457
8.343
7.457
8.343
17.457
17.457
6.372
17.457
13.343
8.457
7.457
13.343
17.457
6.372
17.457
13.343
8.343
17.457
7.492
6.343
17.572
14.572
17.457
6.372
8.457
13.457
8.343
6.343
13.343
14.572
6.343
7.457
13.457
7.457
8.343
8.457
17.457
7.492
6.343
14.572
17.457
6.372
6.343
13.343
8.343
6.343
8.343
7.457
7.457
17.652
17.457
7.492
6.343
13.343
8.457
6.343
13.343
8.457
7.457
6.343
13.343
17.579
13.343
13.343
6.343
7.457
6.343
14.572
6.343
17.457
14.572
17.572
8.343
7.457
17.457
7.492
14.572
6.343
13.343
8.457
8.343
6.343
13.343
8.457
7.457
6.452
17.457
6.372
13.343
7.457
6.343
17.457
6.372
8.457
6.343
8.457
17.572
13.343
17.457
8.343
6.343
16.572
6.343
7.457
6.452
13.343
8.343
17.457
16.572
13.343
13.343
7.457
13.343
6.343
13.343
6.343
6.343
17.572
13.457
17.572
16.572
7.457
6.343
6.343
13.343
6.343
13.457
7.457
6.452
13.343
6.343
17.457
6.372
6.343
13.457
8.343
7.457
7.457
17.572
17.457
17.572
13.343
8.343
13.343
8.343
7.457
17.652
13.457
7.457
6.452
13.457
14.572
6.343
6.343
8.343
7.457
13.457
6.343
13.343
8.343
6.343
8.457
7.457
8.457
13.343
8.457
13.343
13.457
6.343
13.343
7.457
6.452
13.343
17.572
13.457
7.457
13.343
6.351
8.343
6.343
17.572
8.343
7.457
6.457
13.457
7.457
6.452
16.572
13.343
17.572
8.343
13.343
6.343
17.657
8.457
6.343
13.343
7.457
17.652
6.343
17.657
6.343
17.457
8.457
6.343
17.457
13.343
8.457
7.457
17.652
6.343
6.343
6.343
6.343
17.457
14.572
13.343
6.343
6.343
6.343
13.343
6.343
13.343
13.343
8.343
16.572
6.343
8.343
8.343
8.343
13.343
6.343
17.572
7.457
6.452
13.457
13.343
8.457
8.343
13.457
8.343
8.343
6.343
13.457
6.343
8.343
13.343
8.343
7.457
6.452
16.572
7.457
17.652
6.566
6.343
8.457
17.457
7.457
6.343
8.343
8.343
6.343
13.343
13.343
8.343
7.457
13.343
8.457
6.343
14.572
8.343
6.343
13.343
14.572
13.457
6.343
13.343
7.457
6.452
17.457
6.343
13.343
17.457
17.457
7.457
6.452
6.343
13.343
6.343
13.343
17.572
17.457
7.492
6.343
14.572
6.343
17.457
6.372
13.343
17.457
17.457
8.465
14.572
7.457
14.572
8.457
6.343
8.343
17.457
8.343
7.457
17.457
7.492
17.457
8.457
14.572
8.343
8.343
8.343
13.457
8.343
6.343
17.657
8.343
6.343
17.457
8.343
6.343
17.457
13.457
17.457
7.492
13.343
13.343
8.343
17.572
7.457
6.452
17.457
13.457
17.457
6.372
16.572
13.343
8.457
8.343
6.343
17.572
6.343
8.457
6.343
13.343
17.457
6.343
13.457
6.343
6.343
6.343
8.343
13.343
17.457
7.492
6.486
7.457
6.343
17.457
7.492
6.486
6.343
17.657
13.343
6.343
7.457
13.343
6.343
8.457
17.572
8.457
8.343
17.572
14.572
8.343
7.457
13.343
14.572
8.343
8.343
6.343
16.572
8.343
17.572
8.343
7.457
14.572
7.457
17.572
13.457
8.457
7.457
6.452
13.457
6.343
13.343
8.457
7.457
6.452
13.343
8.343
7.457
6.452
8.343
7.457
7.457
17.572
8.457
17.457
6.343
13.343
6.343
8.343
6.343
13.343
6.343
13.457
6.343
6.343
6.343
17.457
6.372
6.343
8.343
13.351
6.343
8.343
17.457
7.457
6.452
6.343
17.572
7.457
8.343
17.457
7.497
6.343
13.457
7.457
7.457
6.452
13.457
17.457
7.457
6.452
17.572
6.343
17.457
13.343
13.457
8.457
8.343
13.343
7.457
6.452
14.572
8.457
6.343
13.343
14.572
8.343
7.457
6.343
17.457
8.343
7.457
13.457
17.457
17.457
6.372
13.343
8.457
13.343
7.457
6.343
8.343
6.343
17.457
14.572
13.457
8.343
8.343
8.343
7.457
7.457
13.343
7.457
6.343
6.343
8.343
13.457
7.457
7.457
13.457
8.457
7.457
8.457
13.457
17.457
6.372
8.343
7.457
8.343
17.457
13.343
7.457
6.343
8.343
13.343
7.457
6.452
6.343
13.343
7.457
6.452
17.457
6.372
13.343
6.343
8.457
6.343
8.343
6.343
6.343
17.457
13.343
8.457
17.457
8.457
8.457
17.457
7.457
17.652
8.343
13.343
17.457
7.492
7.457
17.652
7.457
6.452
13.343
6.343
13.457
17.457
6.372
13.457
7.457
6.343
7.457
6.452
13.343
17.465
13.457
17.457
7.457
6.343
8.343
17.572
17.572
13.343
7.457
14.572
7.457
13.343
13.343
17.457
13.457
13.343
13.343
8.343
7.457
13.343
6.343
13.457
6.343
7.457
17.652
13.457
17.457
6.372
6.343
6.343
6.343
17.657
13.343
8.343
7.457
7.457
6.343
17.457
6.343
8.343
8.457
6.343
16.572
13.343
17.457
8.343
6.343
6.343
17.457
7.492
17.457
8.343
13.457
17.572
8.457
8.457
17.457
8.343
6.343
13.457
6.343
6.343
17.457
17.457
13.457
16.572
8.343
14.572
17.572
13.457
8.457
6.343
13.343
14.572
17.457
7.492
13.343
7.457
14.572
8.457
8.457
17.572
17.457
7.492
17.457
13.343
13.343
8.343
7.457
13.343
6.343
13.343
17.572
8.343
8.343
6.343
16.572
6.343
6.343
6.343
13.343
17.572
13.343
7.457
6.343
13.343
13.457
8.457
6.343
8.457
6.343
13.457
7.457
17.572
17.572
7.465
13.457
6.343
13.343
6.343
13.343
17.457
6.343
13.343
8.457
17.457
6.343
17.572
13.343
8.457
6.343
17.457
6.343
8.457
6.343
16.572
17.457
14.572
13.343
8.343
6.343
8.343
14.572
7.457
17.457
6.372
8.343
17.457
13.457
13.343
8.343
13.457
8.343
8.343
7.457
7.457
13.343
17.457
6.372
6.343
7.457
7.457
17.572
6.343
8.343
17.457
17.457
7.457
13.343
7.457
6.343
6.343
13.343
17.457
6.372
8.457
7.457
6.452
14.572
6.343
8.457
7.457
6.343
17.457
6.372
8.343
6.343
13.457
17.457
6.343
6.343
6.343
6.343
17.572
13.343
17.457
6.372
13.343
17.457
6.372
6.343
8.457
6.343
8.343
17.457
6.372
6.343
17.457
13.343
8.343
6.343
8.343
6.343
17.657
8.343
6.343
13.343
7.457
13.457
8.343
8.457
17.457
8.457
8.343
6.343
8.457
7.457
6.452
17.457
6.372
6.343
6.343
8.457
17.572
17.457
13.343
8.343
17.457
8.343
8.457
17.457
13.343
17.457
14.572
