8.343
7.457
8.343
7.457
7.457
6.452
13.457
7.457
17.652
7.457
8.343
6.343
21.686
6.343
8.343
17.457
8.457
17.457
8.457
8.457
6.343
13.343
6.343
13.343
17.457
7.457
6.452
13.343
13.343
8.343
6.343
6.343
27.8
6.343
14.457
7.457
19.686
14.572
8.343
8.457
17.457
13.457
8.343
7.457
6.452
13.457
13.457
8.457
7.457
6.343
6.343
14.457
8.343
6.343
8.343
6.343
8.457
7.457
8.343
7.457
16.686
24.8
6.343
13.343
17.457
13.457
13.457
6.343
8.343
13.343
7.457
6.452
13.343
6.343
13.343
7.457
6.452
17.457
8.457
14.457
6.343
6.343
6.343
13.343
6.343
6.343
6.343
13.343
20.8
6.343
6.343
7.457
6.452
21.686
6.343
13.343
8.343
6.343
6.343
6.343
7.457
8.343
6.343
6.343
7.457
13.457
8.343
8.343
17.457
6.343
6.343
13.343
8.457
18.686
14.457
19.686
17.457
7.457
7.457
13.343
14.457
13.452
17.457
7.492
13.343
17.457
13.351
8.457
7.457
6.452
6.343
7.457
6.452
13.343
6.343
22.686
8.343
7.457
14.457
13.343
8.457
13.343
8.343
17.457
13.457
33.8
8.457
6.343
13.343
13.343
8.343
13.343
17.457
8.457
6.343
14.572
13.343
7.457
13.343
8.457
7.457
6.452
23.686
14.457
7.457
14.457
7.457
6.452
6.343
6.343
13.343
6.343
14.457
7.457
8.343
14.457
6.343
6.343
6.343
14.572
8.343
6.343
13.343
17.457
13.343
8.457
6.343
8.343
17.457
13.343
8.343
13.343
8.343
8.457
17.457
7.457
7.457
8.343
14.457
8.343
17.457
13.343
6.343
17.457
8.457
14.457
8.343
7.457
14.457
13.452
6.343
8.343
17.457
7.492
6.343
8.457
14.457
8.457
19.686
7.457
6.343
8.457
6.343
6.343
13.457
13.457
7.457
8.36
7.457
6.452
14.457
31.915
26.686
13.457
13.343
7.457
6.343
13.343
13.457
22.915
6.343
13.343
8.343
17.457
7.457
13.343
7.457
14.457
23.686
8.343
7.457
13.457
6.343
14.572
17.465
6.379
13.343
13.457
13.457
6.343
27.8
13.457
6.343
13.343
13.343
7.457
6.452
13.343
17.457
8.343
7.457
6.452
13.343
13.343
6.343
8.457
6.343
8.343
13.343
8.457
14.457
8.343
17.457
8.343
7.457
13.343
6.343
6.343
17.572
27.8
13.343
6.343
8.343
17.457
6.372
6.343
13.343
8.457
6.343
13.343
8.343
13.457
13.343
13.343
6.343
6.343
13.343
6.343
14.572
8.343
26.686
13.457
8.457
8.343
8.343
19.686
6.36
8.343
22.686
6.343
13.457
8.343
17.457
7.492
13.343
33.8
7.457
14.457
13.343
13.343
6.343
8.457
13.457
8.457
13.343
8.343
14.457
17.457
6.372
8.343
6.343
14.572
13.457
6.343
8.343
6.343
13.343
7.457
13.457
20.8
6.343
7.457
13.343
13.343
8.457
13.457
8.457
13.343
13.343
8.343
8.343
6.343
13.457
13.343
7.457
6.452
17.572
13.457
7.457
6.343
8.343
6.343
7.457
6.452
13.457
22.686
8.343
13.351
7.457
19.686
16.686
6.343
13.457
17.572
7.457
6.452
13.343
14.577
6.343
17.457
14.457
6.343
14.572
17.457
6.372
8.343
13.457
8.343
8.343
13.457
8.343
8.457
13.343
7.457
6.452
14.572
8.343
13.343
6.343
8.343
6.343
6.343
6.343
17.657
13.343
8.457
8.343
13.343
6.343
13.457
8.343
6.343
13.343
14.577
19.686
13.343
8.343
6.343
7.457
6.452
34.915
8.343
17.457
14.457
6.343
6.343
6.343
6.343
14.572
6.343
7.457
6.452
13.457
17.572
6.343
8.457
7.457
26.686
6.343
8.343
8.343
6.343
13.343
21.686
8.343
7.457
13.343
6.343
13.457
7.457
6.452
13.343
6.343
13.457
6.343
13.343
7.457
17.652
6.566
27.8
6.343
14.457
14.457
13.452
26.686
8.343
7.457
13.343
7.457
8.343
7.457
13.457
8.343
8.343
17.457
6.343
8.343
14.457
6.343
14.457
6.343
14.457
7.457
7.457
13.457
6.343
8.343
17.457
13.343
8.343
7.457
23.686
14.457
13.465
7.457
23.686
8.457
8.457
7.457
8.343
14.572
14.457
8.343
6.343
8.457
6.343
6.343
13.343
8.343
6.343
17.657
26.732
6.343
13.343
8.343
17.457
7.492
6.486
6.343
14.457
8.343
14.457
17.457
6.372
8.343
6.343
8.457
13.457
8.343
6.343
26.686
6.343
6.343
13.343
6.343
13.457
6.343
13.457
8.343
6.343
6.343
14.457
8.343
7.457
6.452
7.457
6.343
14.457
8.343
7.457
6.452
16.686
6.343
13.343
7.457
6.343
17.572
13.457
8.343
8.343
6.343
13.457
7.457
7.457
13.343
23.8
6.343
13.343
7.457
27.8
13.457
7.457
26.686
17.572
8.343
8.457
7.457
6.452
13.457
8.475
8.343
20.8
7.475
33.8
26.8
7.457
6.452
8.343
7.457
14.457
13.452
7.457
17.572
8.343
6.343
13.343
33.8
6.343
13.457
8.343
6.343
6.343
13.457
6.343
6.343
14.457
6.343
6.343
8.343
6.343
6.351
8.343
17.457
7.457
6.452
13.343
6.343
14.457
7.457
6.343
13.457
23.686
13.343
7.457
7.457
6.452
14.457
14.572
13.566
8.343
8.457
7.457
6.452
14.457
6.343
8.457
13.343
8.343
7.457
6.452
6.343
13.343
6.343
13.457
21.686
7.457
13.343
6.343
8.343
14.572
7.457
13.457
8.343
17.457
6.372
13.343
26.686
8.457
7.457
6.343
8.343
6.343
13.457
17.457
8.343
6.343
6.343
8.343
6.343
6.343
6.343
13.457
17.572
13.343
6.343
6.343
30.8
6.343
8.457
14.457
7.457
17.572
13.457
8.457
17.457
6.343
8.457
26.686
14.48
6.343
13.343
17.457
13.457
8.457
17.572
13.343
8.343
6.343
6.343
13.343
7.457
14.457
6.343
7.457
6.452
17.457
13.343
7.457
17.457
17.457
6.372
13.343
13.343
8.343
17.572
14.457
7.457
6.343
17.457
7.457
6.452
13.343
17.572
8.457
7.457
8.343
17.457
22.8
8.457
13.343
13.355
8.343
13.457
6.343
13.457
8.457
6.351
6.343
14.572
8.343
8.343
19.686
6.36
33.8
17.572
7.457
13.343
7.457
13.343
13.457
13.343
21.8
7.457
13.343
13.343
6.343
6.343
13.343
7.457
17.572
13.457
8.343
17.457
6.372
6.343
6.343
16.686
8.343
7.457
7.457
6.343
17.457
6.372
8.343
8.457
6.343
6.343
13.343
19.686
17.56
6.343
6.343
6.343
13.457
6.343
17.457
14.457
7.457
14.457
7.457
7.457
7.457
14.457
6.343
14.457
7.457
13.343
13.343
8.457
7.457
14.457
8.343
8.343
8.343
30.8
6.343
19.686
7.48
13.343
13.457
8.457
8.343
23.686
19.686
14.457
7.457
6.452
13.343
7.457
17.457
13.343
8.343
13.343
8.343
7.457
6.343
6.343
6.343
6.343
13.343
6.343
6.343
6.343
6.343
7.457
13.343
8.457
6.343
23.686
8.457
6.343
8.457
6.343
7.457
17.572
13.457
17.572
7.457
13.457
6.343
13.343
6.343
13.343
17.457
6.343
14.457
13.452
6.343
13.343
6.351
18.8
13.457
17.457
6.372
8.457
6.343
14.457
7.457
13.343
6.343
13.343
23.686
13.343
8.457
7.457
17.457
6.372
30.8
8.457
13.343
7.457
13.457
17.457
6.372
8.343
24.8
7.457
6.452
7.457
8.343
8.343
21.686
8.36
17.572
7.457
6.343
13.457
8.343
17.457
6.372
17.457
26.686
13.36
7.457
8.343
7.457
6.452
13.343
17.457
6.372
13.343
7.457
6.343
6.343
13.457
6.343
13.457
13.343
17.457
8.343
6.343
6.343
14.572
6.343
14.457
6.343
6.343
13.343
17.457
6.372
6.343
8.457
8.343
6.343
17.457
6.372
6.343
17.457
13.343
8.343
6.343
14.572
8.457
6.343
13.343
6.343
13.343
7.457
14.457
8.343
13.343
8.457
8.457
6.343
7.457
6.452
13.343
17.457
6.372
13.457
6.343
8.343
14.457
6.343
8.457
17.572
8.343
8.343
17.457
8.343
8.457
17.457
6.372
17.457
7.457
8.343
7.457
13.343
21.8
8.475
7.457
6.452
6.343
13.457
6.343
8.343
17.572
17.572
17.457
19.686
