8.343
7.457
8.343
7.457
7.457
6.452
13.457
7.457
17.652
7.457
6.343
8.343
21.686
7.457
8.457
6.343
17.457
6.343
6.343
13.457
6.343
6.343
17.457
21.686
17.457
7.492
6.486
13.457
13.343
17.457
8.343
6.343
6.343
7.457
6.343
14.457
8.343
6.343
14.572
7.457
6.452
26.686
14.48
6.343
16.686
8.457
13.343
13.343
8.343
14.457
6.343
21.686
8.36
6.343
13.343
13.343
8.457
7.457
8.343
8.457
14.572
8.457
8.343
7.457
8.343
17.457
6.372
26.686
6.343
7.457
6.452
13.343
6.343
13.343
13.343
7.457
6.452
14.457
22.8
6.343
6.343
6.343
17.457
13.457
8.343
13.457
6.343
18.686
6.343
6.343
6.343
8.457
17.457
19.686
13.457
7.457
6.452
13.343
17.457
6.343
13.343
8.343
13.343
7.457
8.343
14.572
8.457
8.343
8.343
6.343
13.343
7.457
7.457
6.343
8.343
13.343
8.457
26.686
21.686
8.343
8.457
7.465
7.457
17.572
8.343
17.457
7.457
17.457
14.457
13.343
7.457
6.452
6.343
7.457
6.452
13.343
13.457
6.343
6.343
21.686
6.343
22.686
7.457
6.452
14.457
14.457
6.343
14.457
7.457
8.343
6.343
14.457
13.452
8.457
7.457
13.343
8.343
8.343
14.457
13.343
13.343
8.343
13.457
7.457
6.452
26.726
6.343
14.457
21.686
6.343
13.457
6.343
13.457
17.457
6.372
7.457
14.457
6.343
6.343
13.343
8.343
6.343
8.343
6.343
13.343
17.457
8.343
8.343
6.343
22.8
17.457
14.457
8.343
13.457
8.343
7.457
14.457
13.343
8.343
8.343
8.457
7.457
6.452
14.457
17.457
7.492
13.343
8.343
7.457
6.343
6.343
17.457
26.686
8.343
14.457
8.343
8.457
7.457
14.457
13.452
8.343
6.343
8.457
14.457
8.343
26.686
6.343
13.457
8.343
13.343
8.457
7.457
17.457
7.492
7.457
13.343
6.343
21.686
7.457
6.343
8.343
6.343
16.686
14.56
6.351
26.686
8.343
7.457
17.652
26.686
13.36
8.343
7.457
14.457
8.343
7.457
13.457
8.457
6.343
8.457
13.343
14.577
17.457
6.372
8.457
8.343
6.343
6.343
6.343
7.457
6.343
17.457
7.492
13.343
8.343
6.343
13.457
8.343
6.343
14.457
13.457
7.457
6.452
26.726
6.343
13.343
13.457
7.457
14.457
6.343
6.343
14.572
14.457
6.343
8.457
13.343
6.343
6.343
6.343
13.457
8.343
13.343
21.686
7.457
6.452
8.343
8.343
8.343
8.343
13.343
8.343
13.343
6.343
21.686
6.343
6.343
13.457
8.457
17.572
13.343
6.343
13.343
21.686
7.457
6.452
14.457
13.457
6.343
13.343
6.343
13.343
6.343
13.457
7.457
7.457
13.343
8.343
14.457
8.343
8.457
6.343
17.657
8.343
22.8
6.343
13.457
19.686
8.457
6.343
8.343
6.343
13.343
13.343
8.343
7.457
6.343
8.343
6.343
7.457
26.686
13.457
8.343
13.343
13.457
8.343
8.343
13.457
6.343
14.572
13.566
7.457
6.452
13.457
7.465
13.343
6.343
8.343
6.343
8.457
8.343
7.457
6.452
22.8
6.343
6.343
21.686
6.343
17.657
17.457
6.372
13.343
17.457
14.572
7.457
6.452
14.572
6.343
14.457
14.457
6.343
6.343
17.572
13.457
8.343
13.457
8.343
13.343
13.343
8.457
8.343
7.457
6.452
13.343
14.577
6.343
8.343
6.343
6.343
13.343
6.343
17.657
13.343
8.343
8.457
21.686
8.457
6.343
13.457
8.343
13.343
7.457
6.452
13.36
8.457
17.572
22.686
13.457
8.457
8.343
13.343
6.343
13.343
6.343
8.343
13.343
6.343
6.343
6.343
6.343
13.343
21.686
8.457
17.457
7.457
22.686
6.343
8.343
8.343
7.457
21.686
6.343
8.343
13.343
6.343
13.343
8.457
6.343
8.343
6.343
13.343
8.343
8.343
13.457
6.343
6.343
14.457
7.457
7.457
6.452
14.572
13.566
6.343
7.457
13.343
7.457
13.343
22.686
7.457
13.457
8.343
13.343
17.457
6.343
14.457
6.343
13.343
6.343
14.457
13.452
17.457
7.457
7.457
14.457
13.457
8.457
6.343
8.343
13.343
7.457
7.457
26.686
17.457
13.343
26.694
8.457
7.457
8.343
14.572
13.566
8.343
14.457
8.343
6.343
8.457
6.343
6.343
8.343
6.343
17.657
26.732
6.343
13.343
17.457
7.492
6.486
6.343
14.457
14.457
13.452
17.457
8.343
6.343
6.343
13.343
13.457
26.686
13.36
8.343
6.343
8.457
6.343
13.457
8.457
6.343
13.343
6.343
6.343
6.343
6.343
8.343
13.343
17.457
7.492
6.486
7.457
6.343
8.343
17.457
7.492
6.486
6.343
17.657
13.343
6.343
7.457
6.343
8.457
18.686
8.457
14.572
8.343
6.343
7.457
13.343
7.457
13.343
8.343
8.457
13.343
21.686
8.36
14.572
26.686
8.457
14.457
13.457
7.457
6.452
13.343
21.686
8.343
7.457
6.452
17.457
17.572
13.457
17.457
8.343
7.457
6.452
26.726
7.457
8.343
7.457
17.572
8.457
17.457
13.343
6.343
8.457
6.343
6.343
13.343
6.351
6.343
6.343
14.457
13.452
6.343
6.343
6.343
8.343
13.343
6.343
17.457
7.457
6.452
14.572
6.343
8.457
14.457
13.452
7.457
8.343
7.457
6.343
7.457
7.457
6.452
13.457
8.343
17.457
7.457
6.452
6.343
19.686
17.56
13.457
13.343
8.343
7.457
6.452
13.457
6.343
13.343
8.457
6.343
8.343
13.343
7.457
6.343
8.343
14.457
26.686
7.457
17.652
13.457
6.343
26.686
13.36
8.457
13.343
7.457
6.343
14.457
8.343
6.343
13.457
6.343
6.343
8.457
13.343
6.343
8.343
6.343
6.343
17.657
13.343
26.686
6.343
6.343
17.457
8.457
6.343
8.457
14.457
7.457
18.686
17.457
6.372
8.457
26.686
14.48
13.475
6.343
13.343
8.343
8.343
13.457
17.572
8.343
6.343
6.343
7.457
13.457
8.343
17.457
6.372
14.457
7.457
6.452
7.457
17.457
17.457
6.372
13.343
13.343
14.577
8.343
7.457
17.457
6.372
17.457
7.457
6.452
13.343
17.572
8.465
7.457
8.343
17.457
8.343
8.343
8.457
26.686
13.36
21.686
8.36
6.343
13.457
7.457
6.452
13.457
7.457
14.572
6.343
8.343
17.572
13.343
7.457
8.343
6.343
14.457
6.343
13.343
8.343
21.686
14.457
8.343
7.457
17.457
6.343
13.457
6.343
7.457
13.457
17.457
6.372
6.343
6.343
22.686
6.343
17.657
13.343
8.343
7.457
14.457
7.457
6.343
6.343
8.343
8.457
6.343
6.343
13.343
17.457
21.686
6.343
6.343
13.457
17.457
7.492
8.343
14.457
13.457
8.457
17.457
8.457
8.343
6.343
13.457
6.343
14.457
6.343
14.457
13.457
14.572
6.343
8.343
14.457
13.457
21.686
13.343
8.343
6.343
8.457
7.457
17.457
26.686
14.572
6.343
13.343
7.457
6.452
13.457
17.457
13.343
17.457
7.492
13.343
26.686
13.36
8.343
7.457
8.343
6.343
6.343
13.343
6.343
6.343
6.343
8.343
6.343
6.343
6.343
17.572
8.343
7.457
6.343
13.457
6.351
6.343
13.457
7.457
17.572
13.457
13.457
8.457
8.343
7.457
22.8
6.343
13.343
17.457
13.457
14.572
13.457
13.457
8.457
13.343
8.457
6.343
13.343
21.686
6.343
6.343
7.457
13.457
6.343
17.457
13.343
21.686
6.343
6.343
26.686
7.457
8.457
17.457
6.372
8.343
13.457
13.343
8.343
6.343
8.343
21.686
26.686
7.457
6.452
7.457
17.457
14.572
8.343
13.343
6.343
13.343
21.686
8.343
7.457
7.457
13.343
17.457
6.372
13.457
17.457
6.372
6.343
13.457
8.343
6.343
14.457
13.452
6.343
21.686
8.457
6.343
17.457
6.343
17.572
13.343
8.343
21.686
8.457
8.343
6.343
6.343
17.457
13.343
7.457
17.457
7.492
6.343
13.457
22.8
8.343
6.343
6.343
13.457
6.343
13.343
8.343
6.343
8.343
8.343
8.457
6.343
17.657
8.343
6.343
7.457
14.457
8.343
8.343
6.343
7.457
6.452
14.457
13.457
13.457
6.343
13.457
6.343
8.343
6.343
8.457
17.572
17.457
14.457
17.457
14.457
