24.44
24.44
24.528
25.816
24.44
25.904
24.592
25.816
25.904
25.792
25.032
25.968
25.12
26.056
26.144
24.896
26.232
24.44
24.44
26.296
24.616
24.792
24.88
31.728
26.016
24.456
32.104
24.544
32.192
26.48
31.968
26.456
24.696
31.728
26.016
24.672
26.104
24.44
26.192
25.872
24.528
24.44
31.728
31.728
24.616
25.816
31.904
24.592
31.992
32.08
26.168
26.056
25.032
25.968
37.12
26.056
26.144
26.232
24.44
26.208
24.44
31.728
31.728
25.728
37.08
24.768
25.728
24.704
24.592
25.728
24.48
37.016
25.904
24.704
37.392
24.88
37.768
25.856
24.656
24.744
37.032
25.92
32.208
37.016
32.296
37.104
32.184
32.272
32.36
37.016
32.448
26.136
26.024
26.112
37.016
32.8
24.504
32.888
26.376
24.44
32.336
37.016
31.728
37.016
31.728
37.104
26.016
37.192
25.816
25.728
25.816
24.44
31.904
25.992
24.44
25.88
24.528
25.968
37.416
24.904
37.792
24.48
31.88
37.568
31.728
24.656
26.016
37.944
32.104
37.832
31.992
24.44
32.08
37.016
32.056
24.504
25.816
24.44
31.728
37.128
26.016
26.104
37.016
31.992
37.104
24.592
25.816
37.48
24.968
37.856
31.816
25.344
25.232
37.104
25.992
24.792
37.48
31.904
24.968
26.192
37.856
32.08
37.744
26.568
37.232
32.256
24.52
26.744
32.432
24.44
32.52
24.528
26.808
37.016
26.896
24.904
32.584
24.792
26.872
37.28
32.56
24.768
32.648
37.456
32.536
24.744
26.624
31.992
37.016
37.104
25.728
25.904
31.992
26.28
37.104
26.168
24.44
32.256
26.344
37.368
32.232
25.92
24.592
32.008
32.096
24.568
26.184
26.272
24.528
26.36
37.216
26.048
24.904
37.592
25.728
25.08
31.816
37.968
24.656
31.728
24.744
25.88
24.632
25.728
24.44
31.728
26.016
32.104
37.016
25.816
24.704
37.392
37.28
24.504
31.728
37.192
25.816
37.104
25.904
24.592
25.992
31.728
26.016
24.44
37.128
24.816
31.816
37.304
37.192
24.68
25.728
37.568
37.456
31.904
24.744
25.792
37.032
24.72
31.904
24.608
25.992
24.696
25.904
37.184
31.992
37.272
31.728
24.44
26.016
37.016
31.904
26.392
24.44
26.48
24.44
32.168
37.128
32.056
26.144
37.016
32.232
37.104
32.32
24.704
32.008
24.792
32.096
37.28
25.984
37.368
32.072
37.28
26.36
37.368
26.448
24.456
25.728
37.344
24.528
25.728
31.816
37.016
25.728
24.528
31.728
26.016
37.104
26.104
24.792
32.192
26.08
31.968
26.256
37.016
32.344
26.232
26.12
37.016
26.208
37.104
26.296
24.592
26.384
37.016
24.704
25.728
31.792
31.728
24.528
26.016
24.616
32.104
37.104
31.992
24.992
25.728
25.08
31.728
37.568
25.456
24.744
37.232
37.12
26.256
37.208
31.744
24.696
37.016
37.104
31.816
37.192
25.904
31.992
32.08
25.968
25.856
32.144
26.232
24.44
26.12
32.208
24.44
37.328
37.016
24.528
31.728
24.704
25.816
24.792
31.904
24.48
25.992
37.168
25.904
24.456
37.344
24.632
24.52
37.408
31.92
24.896
24.984
37.272
37.192
37.28
31.728
25.728
32.016
24.44
26.104
26.192
24.44
25.88
37.128
32.568
32.256
37.08
32.144
37.168
37.256
25.728
37.344
37.432
37.12
25.728
32.016
37.296
31.904
37.184
31.992
24.672
31.88
37.16
37.104
24.592
25.816
37.28
31.904
24.568
26.192
37.656
31.728
24.944
31.816
24.832
37.92
37.208
24.496
31.816
24.44
37.016
25.728
31.816
24.528
24.616
31.792
31.88
37.016
25.968
32.056
25.992
37.016
32.28
24.44
26.368
32.656
24.616
26.544
26.632
37.016
32.12
37.104
25.816
24.792
37.28
25.728
37.016
25.816
24.504
37.104
31.904
24.592
31.792
37.48
37.256
31.728
26.016
37.432
25.904
24.92
25.992
26.08
37.696
31.768
37.784
26.456
37.272
26.544
31.832
37.448
26.52
37.336
32.208
24.624
26.896
37.712
32.584
24.8
27.272
37.688
26.76
25.176
26.848
37.864
26.536
37.952
32.824
25.44
32.312
25.328
32.4
37.816
32.288
37.504
32.376
24.792
32.264
26.152
25.728
37.016
24.704
25.904
25.992
24.544
25.88
24.44
31.768
37.528
26.256
37.016
32.144
24.704
26.232
24.792
24.88
31.728
26.016
37.192
31.904
24.48
25.728
24.616
24.504
31.728
24.592
26.016
24.68
31.904
24.768
25.992
37.056
31.88
25.144
31.968
25.032
24.72
37.192
24.68
37.168
31.728
37.256
24.528
31.728
24.616
26.016
37.104
26.104
37.192
25.728
24.48
25.992
37.016
31.88
24.44
24.528
31.728
24.616
25.816
37.104
25.728
24.992
25.08
37.368
31.728
25.256
25.144
25.032
26.168
37.52
32.056
24.608
31.992
37.016
31.728
24.704
37.392
31.904
25.08
37.568
25.456
31.728
25.992
26.08
31.968
37.016
26.256
24.504
26.144
26.232
24.44
26.32
37.328
37.216
24.504
37.392
24.68
25.816
37.104
24.528
25.728
32.216
37.104
25.728
37.192
32.056
24.68
25.728
37.368
25.056
31.728
37.344
26.016
37.232
24.92
25.728
25.008
31.816
25.096
26.104
25.184
32.192
25.272
24.96
37.648
31.968
37.536
37.424
31.816
37.512
26.104
37.6
25.792
24.688
31.88
37.576
31.768
37.664
25.856
32.144
31.832
24.44
31.92
37.128
26.008
32.096
26.184
32.272
26.56
37.192
26.048
37.28
31.936
24.768
26.224
37.656
25.728
25.144
25.816
37.232
37.016
31.816
31.728
31.816
31.904
24.44
25.792
24.528
31.728
31.816
37.016
24.44
25.728
25.728
24.44
37.128
25.728
24.44
37.128
24.816
31.816
37.504
25.904
24.992
31.992
37.08
25.904
32.392
32.48
37.016
26.168
32.856
37.016
26.344
24.704
33.232
37.392
33.12
24.68
26.608
37.368
33.496
25.056
26.984
37.544
33.472
25.432
26.36
37.92
33.248
25.808
33.336
38.296
32.288
26.184
26.176
37.872
32.464
37.76
26.352
25.048
32.84
37.936
26.728
25.224
32.616
24.912
31.904
24.6
31.792
24.488
26.08
37.784
24.672
38.16
37.648
25.816
32.104
37.712
31.728
24.6
26.016
37.888
26.104
37.776
25.992
24.864
24.752
24.64
25.728
37.728
31.728
24.616
26.016
24.44
32.104
32.192
32.08
37.016
24.504
31.728
37.392
25.816
37.08
25.728
37.168
24.456
37.344
25.728
31.816
31.728
37.016
31.728
26.016
32.104
24.44
31.992
25.88
37.28
25.728
24.768
37.256
31.728
25.816
25.904
24.528
37.216
31.816
37.304
25.904
24.792
31.792
37.48
25.88
24.968
31.728
25.056
26.016
25.144
31.728
37.632
31.728
26.016
24.944
25.904
25.032
25.992
25.12
26.08
25.208
32.168
37.096
26.456
25.384
32.544
25.272
32.632
37.36
25.448
37.536
26.472
25.824
37.016
26.024
37.104
25.912
32
37.104
25.888
24.592
37.104
24.592
25.728
37.48
37.368
25.816
24.856
24.792
25.728
37.48
37.568
25.904
37.456
31.992
26.28
37.016
31.768
37.016
26.256
37.104
26.344
32.032
26.12
26.008
37.016
32.096
26.184
32.272
26.56
37.016
26.448
24.904
32.536
32.624
26.312
32.8
26.688
26.776
24.44
26.664
26.352
26.24
24.44
31.928
24.44
31.728
37.328
37.416
31.904
24.904
37.104
31.728
24.792
24.88
31.728
24.968
25.816
37.456
31.904
24.744
26.192
37.432
31.992
25.12
25.768
37.408
37.296
24.696
31.816
24.784
26.304
24.872
26.192
24.76
26.08
24.648
32.168
37.136
26.456
24.824
32.144
37.112
31.968
32.144
25.832
24.44
31.808
37.328
37.416
25.728
24.704
37.016
25.728
37.016
25.728
25.816
37.104
31.728
37.192
37.368
24.456
31.728
37.344
26.016
24.528
37.416
37.304
31.728
24.48
26.016
24.44
25.904
31.992
37.016
26.08
37.104
26.168
32.056
24.44
37.128
25.728
25.816
24.44
31.904
24.44
31.904
25.992
37.016
32.28
32.168
37.016
37.016
25.816
32.304
24.44
25.992
37.328
32.68
24.816
32.768
37.704
26.256
24.992
32.744
37.88
32.232
37.768
31.92
25.256
26.208
37.744
32.096
25.032
26.384
37.72
25.872
37.208
32.16
31.848
37.368
25.728
25.728
37.544
25.816
37.432
32.104
24.44
24.528
24.616
25.728
37.904
25.816
31.904
24.68
31.816
31.904
26.192
37.016
26.08
37.104
25.856
24.592
31.944
24.68
25.728
37.016
31.728
37.016
37.104
25.728
31.816
37.08
37.016
37.016
31.904
25.992
37.016
32.08
24.44
25.728
31.728
26.016
24.44
37.128
25.816
37.016
25.904
31.992
24.44
32.08
37.128
37.216
31.88
25.968
31.856
37.016
31.744
24.704
25.832
37.392
32.12
25.08
26.008
24.768
32.296
37.856
25.144
37.632
24.72
32.232
24.608
32.32
25.808
37.016
37.016
32.384
24.528
37.416
31.848
24.704
31.936
25.728
24.44
32.016
24.44
31.888
37.328
25.976
24.816
32.064
37.504
37.592
24.68
37.768
25.904
25.056
31.992
38.144
25.032
31.728
38.12
31.816
38.208
31.728
25.096
25.816
37.984
31.904
38.072
31.792
31.88
37.312
26.168
32.256
37.088
26.544
32.632
24.44
32.72
37.128
26.608
24.616
33.096
37.304
26.784
37.392
33.072
32.76
37.104
32.448
25.936
32.024
32.112
26
24.44
31.888
31.976
24.44
25.864
31.952
24.44
26.24
24.44
24.44
31.904
31.792
37.104
31.728
31.816
24.528
37.216
25.728
24.704
25.816
24.792
25.728
32.056
24.768
25.944
37.456
32.032
24.632
25.968
24.44
31.896
37.128
26.184
24.616
32.272
24.704
26.16
37.192
31.728
37.28
25.816
24.968
31.904
26.08
37.192
31.816
24.68
26.104
37.568
25.992
37.656
31.88
24.744
26.168
38.032
26.256
37.12
37.208
37.096
31.728
24.784
24.672
37.36
25.728
24.848
31.816
37.336
25.224
25.816
24.912
37.6
37.288
37.176
37.016
25.728
24.504
25.816
31.904
25.992
37.016
25.88
31.768
25.856
25.944
32.032
24.616
26.12
24.704
32.408
37.192
26.496
32.584
37.016
32.672
24.704
26.56
37.392
33.048
25.08
26.936
24.592
33.424
37.08
32.912
24.768
26.6
32.288
24.744
26.376
37.232
26.464
31.952
26.44
37.016
26.328
24.704
26.12
24.528
31.728
37.432
25.728
25.904
31.792
37.016
31.88
31.968
24.44
37.128
37.216
24.904
24.592
37.08
25.816
37.016
31.728
24.616
37.016
31.728
25.816
24.88
32.104
37.104
26.192
25.192
32.48
37.48
32.568
25.368
26.656
25.056
26.744
32.832
24.896
32.92
24.984
27.208
37.272
26.696
25.16
26.384
25.048
32.272
37.136
25.224
32.256
25.312
32.432
25.288
26.32
25.176
32.608
24.864
32.096
24.752
26.584
32.472
26.96
37.368
24.904
37.432
25.928
37.016
26.016
37.104
26.104
37.192
37.28
25.88
25.968
37.456
31.856
25.744
37.632
31.832
31.728
37.808
24.696
24.44
25.728
37.36
31.728
37.448
31.816
25.904
31.992
37.016
26.28
25.768
37.016
25.856
24.44
31.816
24.616
25.728
24.504
31.792
26.08
32.168
25.88
32.168
25.856
24.528
25.744
37.216
32.432
24.904
25.92
32.608
37.016
26.096
24.44
32.784
24.528
32.872
37.016
26.36
24.904
32.448
26.536
37.016
32.824
24.704
26.912
37.392
32.2
37.48
32.288
24.568
26.176
37.256
25.864
37.344
31.752
24.832
37.52
31.728
37.608
26.016
24.696
32.104
24.784
26.392
24.472
32.28
32.168
37.048
24.536
37.016
25.816
37.104
25.728
24.792
37.48
25.728
25.168
25.728
37.256
31.816
24.544
37.632
31.728
24.92
26.016
25.008
31.728
25.096
26.016
24.984
32.104
24.744
37.016
26.056
31.944
26.432
24.984
26.12
37.272
32.008
25.36
26.296
25.248
32.384
37.536
26.672
37.624
26.76
25.712
31.728
37.2
26.416
25.288
25.376
26.112
32
26.488
37.192
32.176
25.08
26.264
24.816
25.952
37.104
26.04
24.792
31.928
37.48
26.216
37.368
25.056
25.144
25.88
25.232
31.968
37.12
26.256
24.808
24.696
37.384
24.792
31.816
24.968
26.104
37.104
26.192
24.44
26.28
31.968
24.616
26.456
24.704
32.144
32.232
24.48
25.816
37.168
24.856
31.728
31.816
24.44
26.104
24.504
37.192
24.88
25.816
37.016
25.904
24.504
24.592
31.88
24.48
25.728
24.44
37.016
25.728
24.44
25.728
25.728
24.44
25.816
31.904
37.016
25.728
24.704
37.392
37.48
25.168
31.728
37.856
25.816
25.544
31.728
25.632
25.72
31.728
25.208
25.296
26.056
37.584
25.672
31.728
37.96
31.728
25.448
31.728
38.336
31.816
25.824
38.712
31.728
38.8
25.728
25.688
31.816
38.376
25.864
31.728
25.952
38.24
38.328
25.728
38.416
32.016
25.304
25.728
25.392
25.48
37.968
31.728
25.656
26.016
37.544
25.968
25.728
31.816
24.44
31.728
24.528
26.016
37.016
31.904
24.904
25.816
31.904
37.016
25.992
37.192
31.816
24.88
25.904
32.192
32.08
26.168
24.528
26.256
37.016
32.344
24.704
26.032
25.728
37.016
24.704
24.592
25.816
37.48
31.904
24.44
25.992
37.328
31.992
31.968
37.016
25.816
24.44
25.728
24.528
25.816
37.216
31.728
31.816
24.616
31.728
24.44
25.816
37.128
32.104
37.016
26.192
24.504
32.28
37.392
24.88
37.368
37.456
24.544
31.728
37.432
26.016
37.016
26.104
26.192
32.08
37.016
31.768
26.056
26.144
26.032
24.44
32.12
26.408
24.44
31.728
37.128
37.016
31.728
31.816
37.016
25.728
32.016
32.104
37.016
32.192
37.104
24.44
25.728
25.816
24.44
25.904
37.128
24.616
24.704
37.192
37.28
24.568
37.656
25.728
24.744
25.816
32.168
37.192
32.256
24.48
32.144
24.568
25.832
24.656
32.52
24.744
25.808
32.496
24.44
32.384
37.128
32.472
24.816
32.36
37.504
32.448
25.192
32.536
37.68
37.368
24.856
32.2
37.344
32.088
25.032
25.976
37.72
31.728
37.808
37.896
37.984
25.272
25.16
25.048
31.816
25.136
38.224
31.816
24.912
24.8
25.904
37.888
24.976
37.312
31.816
37.4
26.104
24.528
32.192
37.264
25.728
32.016
25.904
37.016
25.904
31.992
37.016
26.28
37.016
32.168
24.704
26.656
37.016
32.544
27.032
37.016
27.12
24.504
33.008
24.44
27.496
33.384
37.016
27.672
24.44
33.56
32.448
37.016
25.728
31.816
37.192
25.816
24.68
37.368
31.88
24.704
24.792
37.192
25.816
24.88
25.904
24.768
31.728
37.144
26.216
24.832
37.016
31.792
25.104
26.28
25.192
32.168
37.28
26.456
32.344
37.016
26.632
24.44
32.72
37.328
32.808
24.816
26.696
37.704
32.584
25.192
26.872
26.96
24.44
27.048
32.736
37.016
32.824
32.912
32.8
37.104
26.488
24.592
32.176
37.48
26.464
24.968
26.352
24.856
26.44
37.544
26.528
24.832
24.72
37.408
25.816
24.696
31.904
37.184
31.792
25.816
24.792
31.728
24.88
25.816
37.28
31.904
26.192
24.44
26.28
31.968
32.056
24.704
32.144
37.016
26.232
24.904
32.32
26.608
37.016
26.296
26.384
26.272
24.528
32.16
24.616
31.848
25.728
37.104
24.44
24.528
24.616
24.704
24.592
31.816
31.904
37.016
31.728
37.016
24.704
25.728
31.728
24.44
37.016
25.816
37.016
32.104
24.704
25.992
24.792
25.816
37.28
31.904
24.568
31.992
25.904
37.016
32.192
24.904
25.816
24.44
25.904
32.592
26.28
32.968
26.456
32.344
32.032
24.44
37.328
37.416
24.704
37.592
31.728
37.68
31.728
24.768
37.192
31.728
37.28
31.816
37.456
25.728
37.544
31.816
24.44
25.728
37.808
25.728
25.816
37.016
31.728
24.704
31.816
24.592
26.104
37.28
32.192
24.768
26.28
37.656
32.368
37.744
26.656
37.832
26.744
24.72
32.832
32.72
32.608
24.44
32.696
32.584
25.728
37.104
32.416
32.504
32.224
32.312
24.44
32.288
24.616
31.976
37.168
25.816
37.344
31.728
24.44
26.016
37.728
26.104
24.616
32.192
24.504
26.48
24.44
32.368
37.928
26.856
24.816
32.744
38.104
32.432
25.192
32.12
25.28
32.008
25.368
32.096
38.456
37.744
32.008
24.592
25.728
37.28
25.816
32.504
24.456
26.192
24.544
32.88
24.632
26.568
33.256
24.44
33.344
37.192
26.832
24.48
33.72
37.568
27.008
37.256
32.496
32.384
24.44
24.528
25.816
37.208
24.44
37.528
31.728
37.616
25.816
37.704
32.104
32.192
32.28
26.168
24.44
26.056
37.488
32.144
26.432
26.32
37.104
32.008
37.08
25.728
24.768
37.256
24.944
25.728
25.032
37.72
31.728
25.008
24.704
31.728
26.016
24.44
26.104
24.528
32.192
24.44
32.28
26.568
37.016
32.256
26.544
32.232
24.44
31.92
37.128
32.008
24.816
31.88
37.504
37.592
31.856
37.48
31.944
25.168
25.832
37.856
32.32
25.544
26.208
25.432
32.296
37.92
26.184
25.808
32.072
38.296
25.784
25.072
31.728
25.16
31.816
25.048
31.728
37.016
24.704
31.728
26.016
37.08
32.104
24.568
31.992
24.656
26.28
37.544
24.44
24.528
31.856
24.44
25.744
37.128
24.816
31.816
24.44
31.728
26.016
32.104
26.392
32.48
32.568
24.44
26.056
37.328
31.816
37.416
25.904
24.704
25.992
37.792
37.88
37.968
31.728
24.616
26.016
24.704
25.728
37.016
25.816
24.44
31.728
25.728
24.44
24.528
31.728
37.216
25.728
37.016
31.792
24.504
37.016
37.104
37.192
31.728
37.28
25.816
25.728
37.104
31.816
24.992
25.728
37.28
25.816
37.368
31.904
24.456
26.192
24.544
37.032
31.728
24.792
31.816
24.48
31.728
37.368
31.816
37.456
26.104
24.944
31.992
24.832
26.48
37.52
32.168
25.208
37.896
25.584
31.904
38.272
31.992
25.56
25.88
25.648
31.968
38.336
38.224
25.312
38
37.888
24.976
31.816
24.864
25.904
24.952
25.04
32.08
24.928
32.168
24.44
37.128
37.016
31.816
37.104
26.104
31.992
24.616
31.728
37.016
37.104
25.728
25.816
24.44
31.904
25.992
37.016
25.728
37.192
25.816
37.28
25.816
25.904
24.44
32.192
25.728
37.016
25.816
24.44
24.528
37.016
25.816
24.904
25.904
31.728
31.816
24.968
31.904
31.992
26.28
37.104
26.368
37.192
26.456
37.28
26.344
25.368
31.832
37.656
26.72
37.544
26.808
37.632
26.896
25.92
26.584
26.008
31.872
37.896
26.96
37.784
32.248
26.072
26.536
26.16
37.848
26.536
37.824
31.728
26.712
27.016
38.2
32.104
26.888
26.952
26.376
27.04
37.864
27.128
37.952
26.84
27.304
26.528
37.816
25.904
27.168
25.792
37.88
25.968
31.728
24.656
31.816
37.544
26.104
37.232
25.992
24.92
25.88
37.608
25.904
31.992
25.728
25.816
25.728
31.816
25.728
37.016
31.816
24.44
31.904
31.88
24.528
31.816
24.528
25.904
24.616
31.992
26.08
24.592
25.768
24.48
31.728
24.456
25.992
31.88
37.016
24.704
25.856
37.016
31.816
24.704
25.904
32.192
24.44
26.08
37.528
32.168
24.816
37.304
37.192
32.232
24.48
24.568
25.904
37.056
32.592
24.544
26.08
31.96
37.016
25.848
25.904
37.016
31.992
37.016
26.08
32.168
24.528
25.728
37.216
24.504
37.392
31.728
37.48
26.016
37.568
32.104
24.856
37.744
25.728
37.784
24.472
31.728
37.96
26.016
24.848
31.904
38.136
25.992
25.224
25.312
24.8
37.016
24.704
31.816
24.792
25.728
37.48
25.816
24.44
32.104
37.016
32.056
24.904
26.144
37.392
32.432
37.48
25.816
24.768
31.896
37.104
25.728
37.016
31.816
24.704
25.728
31.816
37.016
25.728
37.016
25.816
24.904
24.792
31.816
37.48
25.904
37.568
32.192
37.256
26.28
24.744
32.368
24.832
37.12
25.728
37.208
25.816
25.096
31.904
37.384
31.992
25.272
26.08
25.36
26.168
25.448
31.904
37.536
37.224
24.712
26.408
26.496
37.016
25.784
31.728
25.728
24.44
37.128
25.728
24.616
31.816
25.728
37.016
31.816
31.904
25.992
25.792
37.016
25.88
37.104
25.768
24.44
24.528
37.216
37.304
25.728
24.792
31.728
37.48
31.816
24.968
25.728
37.856
25.144
31.728
37.432
37.016
24.704
25.728
31.728
26.016
25.816
25.728
37.016
31.728
26.016
32.104
26.192
37.192
26.28
37.28
32.568
26.656
37.104
26.344
37.192
32.432
37.08
25.92
24.768
32.008
37.256
31.896
37.344
31.984
25.032
26.072
25.12
32.36
25.008
26.448
37.296
32.536
24.584
26.624
37.272
32.512
32.2
32.088
37.192
26.376
32.464
37.168
26.552
24.456
26.44
25.928
37.016
25.816
24.504
31.904
24.592
26.192
24.44
31.88
31.968
24.44
37.168
24.456
24.544
31.728
24.632
24.592
24.68
31.728
37.368
31.728
25.056
25.816
37.544
25.432
37.32
31.816
37.408
31.904
25.096
31.792
24.984
26.48
37.672
26.568
25.36
38.048
38.136
31.904
25.024
25.792
37.912
25.728
25.2
31.816
38.288
31.728
25.176
31.816
37.264
26.104
25.816
25.728
25.728
37.016
25.816
24.704
25.728
24.792
25.816
24.528
37.016
37.016
37.104
25.728
31.816
24.44
25.728
37.528
31.816
37.216
26.104
24.704
25.992
26.08
31.768
37.016
26.056
37.104
24.44
37.016
25.728
31.728
24.44
24.528
37.016
31.728
37.104
31.816
37.192
24.616
31.816
37.104
31.728
37.016
25.816
25.904
31.992
25.88
24.44
25.968
37.128
31.728
37.016
31.728
24.704
31.904
25.792
37.016
32.08
32.168
32.256
24.616
32.144
24.504
26.032
37.192
32.52
24.68
26.408
26.296
32.784
24.44
26.672
33.16
37.016
32.848
32.536
25.728
24.44
37.328
25.728
32.216
32.304
24.44
32.192
24.528
37.32
25.728
37.408
32.016
24.896
26.104
24.984
32.392
25.904
25.056
25.992
37.544
31.88
37.632
31.768
25.52
26.256
25.408
31.944
37.496
26.432
37.184
32.12
37.272
32.208
37.36
25.896
37.448
31.984
32.072
26.16
24.44
26.248
37.328
32.536
37.216
26.624
32.712
26.8
37.016
33.088
26.976
26.464
32.552
24.528
26.64
26.528
37.104
26.616
24.992
26.704
24.528
25.992
37.216
25.904
24.704
31.992
24.592
32.08
37.28
32.168
26.256
24.44
32.344
32.432
37.184
37.272
31.728
37.36
25.816
25.728
25.728
25.728
24.616
25.816
24.704
25.904
31.992
37.016
25.88
24.704
25.968
24.44
25.88
24.528
31.816
24.528
31.728
37.016
24.904
24.992
25.728
37.08
37.168
24.856
31.992
37.144
26.08
25.032
31.968
37.32
26.056
24.808
32.144
32.032
37.104
26.52
24.992
26.008
37.48
32.096
37.568
32.184
37.016
26.472
24.704
26.56
26.248
26.336
24.44
26.424
37.128
37.016
24.904
31.728
37.392
25.28
25.816
37.768
25.056
31.728
24.44
26.216
26.304
25.944
31.832
31.92
25.808
24.616
37.104
25.728
24.592
31.816
37.08
25.904
37.168
25.992
37.256
24.744
31.904
37.632
25.992
24.92
31.88
25.968
37.104
24.792
24.704
31.728
26.016
25.904
31.792
26.08
25.728
31.816
24.44
25.904
24.528
32.192
37.016
26.08
24.704
25.968
37.392
37.08
24.968
37.256
25.816
24.744
31.904
37.632
26.192
24.72
31.88
26.168
25.856
24.808
37.296
31.992
24.784
26.08
24.872
32.168
37.56
26.456
25.248
26.544
37.736
32.032
25.624
32.12
25.712
37.6
25.688
31.728
25.776
26.416
37.664
26.504
37.752
32.192
26.24
26.576
26.328
38.016
25.904
31.728
24.992
26.416
37.68
25.816
37.768
37.856
25.728
25.344
25.032
24.528
31.728
37.016
37.016
25.728
24.704
24.792
25.904
24.88
37.016
24.528
31.728
26.216
24.44
32.104
37.128
26.192
24.616
32.48
37.104
26.368
24.992
32.256
32.344
24.44
32.232
24.44
26.32
37.128
32.008
31.896
31.984
24.44
31.872
24.44
31.96
25.728
24.704
31.816
24.592
31.904
25.816
25.904
24.44
24.528
31.816
37.216
31.728
26.216
24.44
24.528
31.728
37.016
31.816
25.728
24.44
31.728
24.44
25.816
32.104
24.44
31.88
37.128
31.768
24.816
25.728
24.504
31.816
24.592
26.104
31.992
37.016
31.728
31.728
31.816
37.192
31.904
24.68
25.792
24.44
31.88
37.192
31.728
37.28
26.016
24.568
31.904
31.904
37.144
25.992
24.632
25.816
31.728
26.016
25.728
25.816
25.904
31.792
31.88
31.968
32.056
37.016
25.944
32.432
26.32
32.808
26.496
37.104
26.584
24.528
26.672
37.216
26.56
37.104
26.648
24.792
32.536
24.88
32.224
24.592
26.312
37.08
32.6
37.168
32.288
24.856
26.576
24.944
26.264
24.44
31.752
26.04
32.128
37.344
24.632
37.72
25.728
37.808
25.728
37.896
31.816
37.584
25.072
25.728
37.56
32.016
25.248
26.104
25.136
25.992
31.768
37.016
26.256
24.92
26.344
26.432
24.584
26.32
37.272
32.008
24.96
25.896
37.648
25.784
25.136
31.872
38.024
31.96
38.112
37.8
24.688
25.728
24.776
31.816
37.264
26.104
24.752
25.992
37.44
37.528
25.016
37.904
25.728
37.016
31.728
37.016
31.728
24.44
26.016
37.128
26.104
24.816
25.992
37.504
31.728
37.392
24.88
31.904
24.968
25.992
37.456
26.08
25.144
37.832
24.92
31.728
25.008
31.816
25.728
37.016
24.504
31.728
37.192
31.904
37.104
25.992
24.592
32.28
24.68
32.368
24.528
32.344
37.216
24.904
32.12
37.192
25.808
37.016
32.184
24.704
25.728
24.592
31.816
24.48
31.728
37.016
37.104
25.728
31.816
25.904
24.616
32.192
37.704
32.08
24.992
26.168
38.08
32.456
25.368
26.344
38.256
26.432
37.544
32.52
37.632
32.008
24.528
26.096
25.984
32.072
24.44
31.76
37.016
26.048
24.704
25.936
37.392
31.824
25.08
37.168
25.816
24.656
31.904
25.728
24.616
31.816
37.304
31.728
37.392
25.816
24.88
25.904
37.568
24.656
31.728
25.728
37.104
31.816
37.104
31.816
24.592
31.904
37.48
25.992
24.968
25.88
37.256
24.944
31.904
24.632
37.52
25.008
25.816
37.696
31.904
25.384
31.792
37.672
31.728
25.816
25.728
37.104
25.728
31.816
25.904
37.016
24.704
31.728
24.792
25.816
24.68
37.016
31.904
24.504
31.792
37.392
31.816
37.016
24.528
24.616
24.704
24.44
25.728
37.328
31.728
24.816
37.104
31.728
24.792
31.728
37.08
31.728
26.016
24.456
26.104
37.144
24.832
31.904
37.52
26.392
24.808
26.48
24.896
32.168
37.384
32.256
25.272
31.728
37.16
31.816
25.248
37.536
25.992
24.824
31.88
37.512
26.368
24.6
32.256
26.144
32.432
32.52
24.44
25.816
24.528
25.728
37.216
25.816
24.704
37.592
25.08
31.728
25.168
31.816
37.856
31.904
24.944
37.432
31.816
37.192
25.816
24.68
37.256
25.728
24.544
31.816
24.44
37.016
31.728
37.104
24.44
25.728
31.816
31.728
37.016
26.016
24.904
26.104
24.792
31.792
24.68
26.08
26.168
24.44
32.256
37.016
26.544
24.528
32.232
37.016
32.12
24.904
32.008
37.104
25.728
37.192
32.016
24.48
32.104
37.168
32.192
24.856
26.28
26.368
37.104
32.456
24.992
26.544
24.768
32.632
26.12
32.408
26.496
37.104
31.984
24.592
26.472
24.44
37.128
25.728
37.016
24.704
31.816
24.592
26.104
26.192
24.528
32.28
37.416
26.368
24.904
37.232
25.728
24.72
31.816
37.408
31.904
25.096
25.184
37.872
31.728
37.16
25.992
37.016
24.704
37.192
31.992
37.08
25.728
24.768
31.856
25.744
31.728
31.728
37.016
24.704
25.728
25.816
24.704
24.68
31.728
24.568
26.016
32.104
26.392
37.016
32.48
24.704
26.368
37.392
31.856
25.08
25.944
37.768
37.456
25.344
25.904
37.632
32.392
25.12
26.28
26.168
32.256
24.808
32.144
37.296
26.232
37.184
26.32
24.472
26.408
24.56
32.496
24.648
26.584
32.472
24.528
32.36
31.728
37.016
24.592
25.728
37.28
37.368
25.904
37.456
25.992
24.944
25.032
25.968
37.92
25.856
37.808
24.896
37.184
37.272
24.56
31.728
37.104
24.592
31.816
24.68
25.904
24.44
25.992
32.28
37.016
26.368
24.528
37.216
31.816
37.104
24.992
25.728
25.08
31.816
25.168
25.904
25.056
31.792
37.144
37.232
24.52
26.256
31.904
25.992
37.016
32.28
31.968
24.616
26.056
37.304
32.344
24.992
32.432
37.48
26.12
37.016
26.208
25.88
31.968
32.056
26.144
26.232
32.32
26.608
24.44
26.696
37.128
26.584
24.616
26.272
37.504
26.36
24.792
32.248
37.28
32.136
32.024
24.44
32.112
37.528
26
32.088
37.016
26.376
24.616
25.816
24.504
31.904
37.192
31.792
24.68
25.88
25.968
31.728
31.728
25.816
37.104
32.104
31.792
24.44
26.08
26.168
26.256
32.144
37.104
26.032
24.592
37.48
31.728
26.016
25.728
24.44
31.728
37.328
24.528
31.728
25.816
31.728
26.016
37.104
31.904
24.592
25.792
37.48
25.728
37.016
31.816
31.792
37.104
25.88
24.592
31.968
37.48
26.256
37.568
32.144
24.856
25.832
24.944
31.816
37.632
31.904
37.72
31.992
25.408
32.08
25.496
26.168
25.184
37.672
25.56
26.168
37.248
31.728
24.536
24.624
26.232
37.312
26.12
24.6
25.808
37.488
31.896
24.776
31.728
31.816
37.104
31.728
37.016
25.728
25.816
25.904
31.792
24.528
31.88
37.456
25.968
37.544
25.856
37.232
25.744
37.32
24.44
25.904
37.128
25.728
37.016
31.816
24.504
24.44
37.328
25.728
31.728
24.616
37.104
25.816
24.792
25.728
37.48
31.816
37.568
26.104
24.656
31.728
26.016
24.616
37.104
31.728
24.792
25.728
25.816
24.44
31.904
37.016
37.104
31.728
37.016
31.816
24.904
31.904
24.44
25.728
37.128
31.816
37.016
26.104
24.616
24.704
37.104
25.728
37.192
25.816
37.08
24.768
26.08
24.44
25.768
25.856
37.104
32.144
32.232
24.44
25.816
24.44
37.128
25.728
32.016
24.44
26.104
37.016
37.016
25.816
31.904
31.992
24.616
32.08
37.104
26.168
37.016
32.256
24.504
26.544
37.392
26.432
37.48
32.72
24.768
26.808
37.656
26.496
24.944
32.184
25.032
31.728
37.32
25.816
25.008
25.096
31.728
37.784
25.072
31.728
37.96
26.016
25.448
38.136
24.44
31.728
24.528
31.728
37.216
26.016
24.504
24.44
37.016
31.728
24.704
24.44
31.816
31.904
37.104
37.192
25.816
32.104
25.816
24.528
25.728
31.816
37.016
25.904
25.792
31.88
24.44
31.728
24.528
25.816
37.016
31.904
24.704
31.792
24.792
31.968
37.016
31.816
31.728
24.44
37.328
31.728
26.016
24.528
32.104
26.392
37.016
25.728
31.728
24.44
26.016
24.44
25.728
37.328
31.816
24.616
31.904
37.168
31.968
37.016
32.056
24.504
25.944
32.032
24.44
26.12
24.528
26.208
32.296
37.016
32.184
24.44
31.872
37.128
31.96
25.728
24.44
25.816
37.128
24.616
24.704
25.728
37.392
32.016
25.08
32.104
24.968
32.192
37.456
32.08
25.344
31.856
37.832
26.144
25.72
32.232
25.208
32.12
25.296
25.184
24.872
31.728
37.76
31.816
37.192
24.68
31.728
37.368
25.816
24.656
37.144
24.704
31.728
24.592
24.68
31.728
24.768
26.016
37.256
26.104
37.016
31.728
24.528
31.816
25.904
37.016
31.728
37.104
25.816
24.528
31.816
37.104
24.44
37.128
25.728
25.728
31.816
37.016
25.816
24.528
25.728
24.44
25.728
31.816
37.192
25.904
24.88
25.992
32.08
37.016
25.968
25.104
26.056
24.992
32.144
37.28
26.232
37.368
32.12
25.456
26.608
37.744
32.296
37.632
32.384
25.72
26.672
38.008
32.76
25.696
26.648
37.984
32.336
25.272
26.824
37.56
32.312
37.048
32.2
27.088
37.192
32.376
24.48
37.568
25.728
37.256
31.816
37.344
25.904
24.528
25.816
37.216
25.904
24.504
31.728
25.816
37.16
25.904
31.992
24.44
24.528
31.728
37.104
31.816
37.28
31.904
24.568
25.792
37.256
25.88
32.168
26.256
32.544
26.632
24.704
32.72
32.408
26.296
26.184
24.44
26.272
24.528
26.36
32.448
26.136
24.44
26.224
32.312
37.016
32.2
24.704
32.288
32.376
37.08
32.264
26.152
32.64
37.344
32.328
24.832
37.52
31.728
25.816
37.296
32.104
24.584
26.192
24.672
32.28
37.36
32.368
24.848
26.656
24.936
32.544
37.824
26.432
25.112
32.12
25.2
32.208
24.888
31.896
24.976
31.728
37.464
26.016
26.104
24.44
31.992
24.528
26.256
31.744
26.632
32.12
24.44
24.528
25.728
31.816
24.44
31.792
31.728
24.44
31.728
37.128
25.816
37.216
25.728
37.016
24.704
25.728
31.816
37.192
25.904
24.88
32.192
37.568
32.08
37.656
25.968
24.568
32.056
37.256
26.344
24.944
32.432
37.432
26.52
32.408
24.608
26.696
32.784
26.872
26.56
24.44
32.448
26.736
32.824
24.44
27.112
33.2
33.288
32.976
37.192
32.664
24.68
26.552
24.768
32.44
24.528
26.528
37.416
32.616
26.704
24.592
32.792
37.48
26.88
37.568
26.168
24.856
26.056
37.544
25.944
25.232
31.728
37.016
26.016
32.104
37.016
32.192
26.28
32.568
24.616
26.656
24.704
32.144
24.44
25.832
25.92
32.008
37.016
37.016
31.728
24.504
31.816
24.592
25.904
25.992
37.016
31.88
24.904
26.168
37.016
24.904
25.904
26.08
37.368
31.816
24.456
31.728
37.744
24.832
31.904
37.12
25.992
24.608
32.08
24.616
32.168
24.704
24.44
31.816
24.528
26.104
31.992
24.704
31.728
37.016
24.704
31.728
37.392
25.904
25.08
24.968
37.656
31.728
37.544
24.592
31.816
37.28
25.904
24.968
32.192
24.856
26.28
37.744
32.568
25.232
26.656
26.744
37.016
31.92
26.208
32.296
24.44
26.584
24.44
26.272
26.36
24.44
32.448
26.736
24.44
32.824
32.912
37.016
27
24.44
32.488
31.976
24.44
31.864
37.528
25.952
37.616
37.704
25.816
24.992
37.88
25.816
25.368
25.904
37.856
24.544
24.44
25.968
32.056
24.616
25.744
24.704
31.728
37.104
26.016
24.592
31.904
24.704
24.792
25.728
32.016
31.904
37.016
26.192
32.08
37.016
32.168
24.704
25.728
24.592
37.016
24.904
31.728
24.792
31.728
37.016
26.016
37.104
32.104
31.728
25.816
37.016
25.904
24.704
25.728
37.192
25.816
31.992
24.44
25.88
25.968
37.016
26.056
24.704
31.816
24.616
31.904
24.504
25.792
24.44
31.968
24.44
26.056
32.344
37.192
32.232
24.68
31.728
31.728
31.816
37.016
25.816
37.104
25.728
37.192
25.816
24.44
25.904
31.992
26.08
24.528
26.168
37.216
26.256
31.944
37.28
32.032
24.768
26.12
37.456
32.408
26.096
25.984
24.44
31.728
24.528
26.016
31.728
31.816
37.016
24.704
25.904
37.392
25.792
24.88
25.88
37.168
25.856
24.528
31.728
26.016
24.44
32.104
37.328
31.992
37.216
26.28
31.968
26.056
32.144
37.016
26.032
32.12
24.616
26.408
37.016
25.896
24.704
25.784
24.792
25.872
37.28
32.36
25.168
31.848
24.656
26.336
37.344
24.632
24.72
26.144
24.808
24.896
25.92
24.584
24.616
31.816
24.704
31.728
37.016
25.816
24.704
25.904
37.392
31.816
37.48
26.104
24.968
32.192
37.856
32.08
25.968
37.016
25.904
25.104
25.992
26.08
37.016
26.168
25.504
31.856
37.392
26.544
25.88
26.432
25.968
31.92
37.856
25.744
38.232
31.728
37.92
26.072
25.608
25.696
25.384
37.672
25.56
25.816
25.648
31.904
24.736
31.728
24.824
25.816
37.312
24.6
37.104
24.992
25.08
25.816
24.568
25.904
31.792
24.544
31.88
37.104
25.968
24.592
31.856
37.28
25.744
24.768
31.832
24.656
37.104
24.792
31.728
24.44
25.816
32.104
24.528
25.992
25.88
31.816
25.904
24.44
32.192
26.08
37.192
25.768
31.856
37.016
26.144
32.032
26.12
24.528
26.008
37.216
26.096
37.304
32.184
32.272
24.44
32.16
26.448
37.016
32.336
24.704
32.224
37.392
26.512
24.68
32.6
37.368
26.888
24.856
32.376
24.528
24.528
25.816
31.904
25.992
37.016
24.704
25.728
24.592
24.68
25.728
24.568
31.816
24.44
31.904
24.44
31.728
25.728
31.728
37.016
24.704
25.816
37.192
25.08
31.728
25.168
25.816
37.256
32.104
24.744
37.032
31.728
24.72
26.016
37.016
31.728
37.016
31.816
24.44
26.104
24.44
25.792
24.528
37.216
31.728
24.504
24.592
37.28
24.968
37.456
25.344
31.728
37.832
31.816
37.12
24.44
25.728
24.528
25.728
31.816
26.104
24.528
31.992
37.216
32.08
31.968
37.016
26.056
24.704
32.344
26.232
32.32
24.528
26.208
37.216
26.296
24.904
32.384
37.392
26.672
25.08
26.16
37.568
32.048
24.528
26.136
37.216
25.768
24.44
25.728
31.728
24.704
25.816
31.728
26.016
37.104
26.104
37.016
32.192
24.792
26.48
37.28
32.168
25.168
26.256
37.456
26.344
25.344
26.432
24.832
32.32
37.52
26.808
25.008
32.696
25.096
25.184
37.672
31.728
37.76
25.048
24.936
31.816
37.624
31.904
37.712
25.2
25.816
25.288
25.376
25.264
31.728
24.552
26.016
24.64
24.504
24.68
31.728
37.016
26.016
25.104
31.904
37.392
31.992
26.28
26.168
37.016
31.816
37.28
31.904
24.568
37.256
25.728
24.744
25.816
24.632
24.616
37.304
24.592
24.68
25.816
24.768
37.192
25.792
24.68
37.368
25.728
37.016
24.528
25.816
24.44
32.104
37.528
25.992
37.416
32.48
24.904
32.568
37.392
26.256
25.08
32.944
24.968
32.832
25.056
26.32
37.344
32.808
37.432
26.496
25.52
32.784
37.808
32.672
37.896
26.36
37.384
32.248
24.872
26.136
37.016
37.104
31.728
31.816
31.728
25.816
37.544
25.904
24.632
24.72
37.408
24.496
25.728
24.616
24.704
25.992
37.192
24.68
25.816
31.728
37.016
37.016
26.08
24.704
31.968
37.392
24.88
31.992
24.968
25.88
24.456
32.368
24.544
32.056
37.232
37.32
37.016
32.32
24.704
32.008
32.096
24.528
25.784
37.016
32.472
32.36
24.592
25.848
24.48
31.816
24.44
26.104
37.328
26.192
37.104
31.728
37.192
24.68
24.568
31.816
37.256
31.904
31.992
37.432
31.728
37.52
31.904
25.992
37.56
31.88
24.648
25.968
37.016
32.256
26.344
24.528
32.032
24.616
25.728
31.816
25.904
37.016
24.704
24.592
31.816
31.728
24.44
31.904
31.992
37.016
37.104
24.44
31.944
24.616
25.832
37.104
32.32
24.992
25.816
31.904
31.992
32.08
24.528
31.968
37.216
26.056
37.104
32.144
24.792
25.832
24.68
31.92
37.168
24.656
31.992
37.168
26.08
37.056
31.968
37.144
31.856
31.944
24.44
25.832
37.208
24.696
25.728
37.584
25.816
37.272
31.984
24.96
32.072
24.648
25.816
24.616
31.728
24.704
24.792
25.816
37.104
31.904
37.192
31.992
24.88
31.728
37.368
26.216
26.304
24.44
25.992
24.528
31.88
24.44
31.968
37.528
26.056
37.616
32.144
37.504
37.392
31.816
25.08
25.816
24.968
25.904
24.856
25.992
37.104
24.592
37.48
31.728
37.368
31.816
25.904
37.104
24.792
31.728
31.816
24.44
25.904
24.616
37.304
37.192
24.68
25.816
24.768
31.728
37.256
25.144
37.432
25.12
25.208
37.696
31.728
25.384
31.728
26.016
31.728
31.728
24.44
25.816
32.104
24.44
25.992
37.128
32.28
24.616
32.368
37.504
32.456
37.392
37.48
24.44
24.528
25.728
31.816
25.904
37.016
32.192
24.504
26.28
32.568
24.528
32.056
37.216
26.144
24.704
32.432
24.592
26.52
32.008
37.192
26.296
26.184
32.272
24.44
31.768
24.528
31.856
37.416
25.944
37.504
24.792
37.88
31.808
37.968
31.728
25.256
31.728
24.44
25.728
24.528
31.728
24.592
37.104
31.728
24.792
26.016
37.48
25.904
25.168
37.456
31.728
26.216
37.232
31.816
37.12
26.304
37.208
26.392
26.28
26.168
26.056
31.944
37.016
32.032
24.504
31.92
24.44
31.728
37.016
31.816
24.704
31.992
24.528
32.08
31.728
24.44
25.728
37.016
24.528
25.728
37.416
24.904
37.592
31.728
25.28
26.016
37.968
25.656
31.728
38.344
31.816
25.632
31.904
37.32
31.992
24.808
24.896
25.728
37.384
32.416
24.872
32.504
24.768
26.192
32.88
32.968
26.456
24.528
33.144
24.44
33.032
26.72
37.016
33.208
26.696
24.44
33.184
37.128
26.672
32.76
26.048
24.44
25.728
37.528
32.016
26.104
24.704
32.192
32.28
37.808
25.816
25.904
24.44
25.88
37.76
25.768
24.448
37.336
31.728
24.624
31.816
24.712
25.904
37.4
31.792
37.488
25.88
24.976
37.016
31.728
26.216
32.104
26.592
37.192
32.28
37.08
26.368
32.256
26.344
37.016
32.632
32.52
26.408
37.016
26.296
31.984
26.072
25.728
25.816
37.016
25.904
37.104
25.792
25.728
25.816
24.568
25.904
25.792
25.88
24.44
25.968
37.192
31.856
24.48
31.728
24.568
31.816
24.656
37.144
31.792
24.832
24.92
31.728
25.008
31.816
37.496
31.904
25.184
37.872
37.76
31.968
37.848
25.728
37.736
25.816
24.568
25.904
25.992
37.016
25.88
37.104
31.968
26.056
37.104
25.728
37.192
25.816
32.104
24.528
26.192
25.728
24.44
37.128
25.728
37.216
25.904
24.528
31.728
37.216
37.104
31.816
24.592
25.728
24.528
25.728
24.44
31.728
37.016
25.728
37.016
37.104
31.816
25.816
37.28
24.568
37.456
31.728
24.744
25.816
37.832
37.32
31.792
31.728
37.016
31.816
24.504
31.816
24.504
25.904
37.192
32.192
24.88
25.816
24.568
25.904
37.056
31.992
37.192
37.28
25.816
24.44
25.728
37.328
32.016
37.416
25.904
24.704
24.44
31.968
25.856
25.944
37.016
37.28
32.096
24.568
32.184
37.256
25.872
32.36
37.016
32.448
24.504
31.936
24.592
37.28
25.728
37.016
24.704
24.592
37.48
25.904
37.568
37.456
24.944
31.816
25.032
25.904
37.72
25.992
37.608
25.096
31.728
37.984
38.072
38.16
31.816
25.448
31.904
24.536
25.992
25.904
25.992
37.016
32.08
37.104
24.592
32.032
37.08
31.92
37.168
26.008
37.056
25.896
37.016
24.504
31.816
37.192
31.728
26.016
24.528
37.216
25.728
37.104
31.816
24.992
26.104
24.88
25.992
37.368
25.904
25.256
37.544
26.08
24.832
37.92
37.608
31.816
31.904
37.296
25.728
37.016
32.016
26.104
24.44
31.728
26.016
31.904
37.016
25.816
37.104
31.856
24.592
25.944
37.48
31.832
37.368
25.728
37.456
24.944
25.816
37.032
25.728
31.816
37.08
31.992
37.056
25.88
32.168
37.104
31.816
25.728
37.08
37.168
37.256
32.056
24.616
31.744
24.704
25.832
32.12
24.44
32.008
26.296
24.44
32.384
24.528
26.672
37.216
32.76
37.192
32.048
24.48
31.736
31.824
24.44
25.728
37.016
32.016
24.528
31.904
37.216
31.992
37.104
37.192
25.728
37.28
32.416
32.504
32.392
26.08
32.768
32.856
25.744
37.08
25.728
25.816
24.44
31.904
24.44
31.992
25.728
37.192
32.016
24.68
32.104
24.568
31.792
24.656
37.344
31.728
24.44
25.728
24.616
31.816
37.904
24.792
31.816
38.28
25.816
24.968
38.656
32.08
25.344
39.032
31.728
38.92
31.816
37.808
31.904
31.992
25.728
37.016
37.104
31.728
37.016
26.016
24.704
25.728
24.48
31.816
24.568
26.104
37.256
26.192
24.744
32.08
24.832
26.168
37.52
32.056
25.208
31.944
37.696
32.032
25.184
38.072
37.76
31.728
24.792
25.728
25.816
37.168
31.904
37.056
26.192
25.344
26.28
37.104
32.368
37.192
32.456
26.744
26.832
26.72
37.104
26.808
26.896
37.104
32.184
27.072
26.76
26.848
37.016
26.936
24.704
26.024
24.616
31.912
26.2
37.016
26.288
32.176
37.192
26.064
25.992
24.44
26.08
37.328
37.416
37.304
25.728
37.392
25.08
31.728
24.568
26.016
26.104
37.016
32.192
24.904
26.48
24.992
26.368
37.28
32.056
25.168
32.144
25.256
26.432
37.144
32.52
24.96
32.408
37.248
26.696
25.136
31.984
25.224
32.072
25.312
26.96
25.2
27.048
25.288
31.736
25.176
31.824
25.264
24.952
31.88
37.104
25.216
26.352
25.192
31.728
26.616
25.368
26.704
37.456
26.392
37.256
26.568
24.52
26.744
26.632
26.12
31.808
25.728
37.192
31.816
37.28
24.704
31.728
26.016
25.904
25.992
24.616
26.08
37.104
25.728
24.592
31.816
24.48
26.104
25.728
31.728
37.016
31.728
24.704
26.016
37.392
26.104
24.528
25.992
25.88
24.528
32.168
32.056
25.944
24.616
31.832
25.92
37.016
32.208
32.096
26.184
26.272
31.96
26.448
24.44
26.536
26.624
24.44
26.112
25.8
24.616
31.888
37.304
24.992
37.68
25.816
37.568
24.656
37.344
26.08
37.232
31.968
24.92
31.728
26.016
24.44
25.816
24.616
37.104
25.728
24.792
37.016
25.816
24.704
31.904
37.392
25.992
25.08
32.08
24.968
31.88
24.856
37.144
31.728
24.832
25.816
37.32
24.808
24.896
31.728
37.384
26.016
25.072
26.104
24.96
32.192
37.048
32.28
31.816
24.528
25.904
37.104
31.992
24.592
24.48
25.728
37.368
31.728
24.456
25.816
37.344
24.44
31.728
26.016
37.104
24.792
37.016
25.728
37.016
31.728
24.704
24.792
24.88
25.728
24.968
32.016
31.904
24.768
31.992
24.656
37.344
25.88
25.032
25.968
37.72
31.728
24.808
37.016
37.104
26.12
26.208
31.728
24.44
26.416
37.128
32.104
24.816
32.192
37.016
25.88
24.704
31.968
37.392
32.056
32.144
37.256
37.344
24.632
37.32
25.728
24.44
37.128
25.816
37.016
24.704
25.728
37.392
31.816
24.88
31.728
24.968
24.656
37.544
32.08
25.968
37.28
32.056
37.368
37.256
25.728
31.92
31.808
37.016
31.896
24.704
31.984
24.592
32.072
37.08
25.96
32.048
31.824
25.912
24.704
31.8
37.192
31.728
25.08
26.016
37.568
32.104
37.656
26.392
37.544
26.48
32.568
37.032
26.456
24.52
26.544
37.408
26.032
24.528
26.12
24.616
24.704
31.968
37.248
25.856
32.344
24.568
32.432
37.456
32.52
24.944
26.208
37.232
26.096
32.384
31.872
25.96
32.248
24.44
26.136
37.128
25.824
24.616
24.704
37.392
31.816
37.48
31.904
24.968
37.856
25.904
37.744
37.832
31.904
25.12
25.792
25.008
25.88
37.696
25.968
37.584
24.872
26.08
37.36
31.728
25.048
26.416
24.496
26.504
37.584
26.12
26.096
37.016
31.728
31.904
25.992
37.016
31.88
24.504
25.768
37.392
24.88
25.728
24.968
37.656
25.344
37.032
24.92
26.08
25.968
37.016
26.056
37.016
37.016
24.704
37.392
31.728
37.104
26.016
24.592
32.104
37.28
31.816
24.568
31.904
37.016
37.016
31.856
25.728
25.728
25.816
25.904
37.016
31.792
37.104
25.88
24.528
25.968
37.016
25.728
24.704
31.904
24.528
25.792
37.016
32.08
25.728
37.08
32.216
37.168
32.104
24.456
37.544
24.832
32.296
37.52
37.408
32.272
24.528
32.16
25.728
24.792
32.416
24.88
25.904
37.168
25.904
37.256
31.792
24.744
26.28
24.832
32.168
37.72
31.856
25.008
26.544
25.096
38.184
31.728
38.072
25.36
25.448
38.136
25.624
25.904
38.512
32.192
25.8
32.28
38.488
26.368
25.376
38.264
25.352
32.12
37.64
32.008
37.728
25.896
25.416
25.984
25.304
24.992
37.68
25.368
31.816
25.256
31.904
37.744
31.728
25.432
25.52
31.728
25.608
31.816
25.696
38.184
38.272
26.08
38.36
25.728
38.048
38.136
25.728
25.224
38.512
25.728
38.2
31.88
31.968
24.44
25.856
24.528
25.944
37.216
32.032
24.504
31.92
26.208
31.728
31.728
25.816
24.616
25.904
24.44
25.728
37.128
31.816
24.816
26.104
37.504
25.992
25.192
37.88
31.768
25.568
38.256
31.728
24.944
31.816
26.104
31.792
37.016
24.904
31.728
37.392
26.016
24.44
32.104
26.392
26.48
32.168
37.016
25.816
25.904
24.528
31.992
37.416
26.28
37.304
26.168
37.392
31.856
24.68
26.144
24.44
24.528
31.728
25.816
37.104
31.904
24.592
25.992
24.48
32.28
32.368
37.016
26.056
37.016
25.88
24.904
24.792
25.728
37.28
25.816
37.368
32.104
25.992
31.728
26.016
37.104
31.904
25.192
26.392
25.28
26.48
26.568
26.656
31.992
26.28
24.736
26.368
37.224
26.456
24.44
26.544
37.016
26.032
37.104
31.92
37.192
31.728
37.28
24.528
25.728
25.728
24.44
37.128
25.728
37.016
25.904
37.104
31.728
37.192
24.88
31.728
37.016
25.816
37.016
25.904
25.728
32.016
24.528
26.104
24.616
32.392
24.704
32.08
37.192
25.768
25.08
25.168
24.856
31.968
37.144
31.856
31.944
26.256
24.44
26.032
24.44
31.92
26.408
26.296
24.528
32.184
37.016
24.616
25.728
37.104
31.728
24.792
26.016
37.48
26.104
37.568
25.728
37.456
24.944
25.904
25.992
24.616
37.304
25.728
31.816
37.104
26.104
24.592
31.792
24.68
26.28
37.368
26.368
37.456
32.256
37.016
32.344
24.504
32.232
37.392
31.92
24.68
32.008
37.168
31.728
37.256
24.744
37.632
31.728
25.12
25.816
38.008
25.904
37.016
31.728
24.504
31.816
25.728
25.816
24.44
31.816
37.128
25.904
24.616
31.992
25.88
24.704
31.968
24.792
32.056
31.992
26.08
37.104
32.368
24.592
26.456
32.744
24.704
32.232
26.12
24.44
26.008
37.128
32.096
24.44
32.184
26.472
24.616
32.16
37.104
24.792
32.056
37.28
31.744
26.032
32.12
32.008
24.528
32.096
37.416
26.384
24.904
32.272
24.992
26.36
25.08
26.448
37.568
26.336
24.856
31.816
24.528
25.968
31.856
37.192
37.28
25.728
24.568
31.816
37.256
31.904
24.44
31.992
26.08
31.968
24.616
25.816
37.104
25.904
31.816
24.44
25.904
25.992
37.016
32.08
24.528
37.416
24.704
25.728
31.816
31.904
37.08
31.728
24.568
25.816
24.656
32.104
31.992
37.016
26.28
24.904
26.368
37.016
32.456
26.544
32.832
24.44
26.52
24.44
32.408
26.296
24.616
26.384
37.104
37.016
31.992
24.704
25.88
24.592
32.168
37.28
31.744
24.44
31.728
24.44
25.728
31.816
24.44
26.104
37.192
24.44
37.128
25.816
24.44
25.904
24.528
31.992
37.216
24.704
25.816
37.592
37.68
24.968
37.456
25.728
37.544
31.816
25.728
37.104
32.016
37.192
24.68
31.728
37.016
31.728
24.44
24.528
37.016
37.016
24.504
25.728
37.392
25.816
37.48
31.728
37.368
25.056
37.104
25.728
37.08
31.728
24.568
37.104
25.728
32.016
26.104
32.192
37.016
24.704
25.728
37.192
37.28
25.728
37.016
32.32
37.104
32.408
24.44
25.896
24.528
37.016
31.96
37.016
32.136
32.112
37.016
24.44
25.728
37.328
37.368
31.752
24.456
31.84
37.744
31.728
37.832
26.016
24.92
26.104
38.208
31.816
38.096
24.584
38.072
38.16
37.848
31.816
24.536
31.904
37.624
25.992
37.512
26.08
24.44
25.968
37.128
24.616
25.816
37.504
32.032
37.592
37.68
32.184
37.104
25.872
37.016
32.36
32.448
31.936
37.016
24.704
31.912
37.392
26
25.08
32.088
37.568
26.376
25.456
32.264
25.544
32.352
25.632
32.44
38.12
31.928
26.008
31.816
38.496
26.184
31.728
38.872
26.416
38.56
26.12
26.448
26.208
38.936
31.728
38.824
26.712
25.872
39.2
31.96
27.088
31.904
39.376
25.792
39.264
32.28
25.352
32.368
38.44
26.256
37.728
32.744
32.832
32.52
32.608
26.496
31.784
24.44
26.072
37.128
25.96
37.216
26.048
37.104
37.104
24.44
37.128
25.728
24.816
32.016
24.904
31.904
24.792
25.992
24.528
32.056
31.944
31.832
25.728
31.816
24.44
31.904
26.192
25.728
37.016
32.056
31.944
25.832
24.44
31.92
37.016
26.208
37.104
26.296
32.384
24.44
26.272
37.328
32.36
37.416
32.448
24.904
26.536
32.624
24.44
26.712
37.016
33
27.088
24.704
33.176
24.792
26.864
37.28
32.952
24.768
26.84
37.656
26.528
25.144
26.616
38.032
32.304
25.52
32.192
25.608
25.696
25.784
31.728
38.072
37.76
26.096
24.648
31.984
26.472
31.96
24.44
26.248
26.336
37.016
32.224
24.504
26.312
26
37.016
32.088
37.104
25.776
37.192
24.48
25.728
25.816
37.056
25.728
24.544
25.816
24.44
37.328
25.816
24.704
25.816
37.104
25.904
26.08
26.168
37.016
26.256
26.144
31.728
24.44
26.016
37.016
26.104
37.104
24.592
31.728
37.016
25.816
37.016
31.904
24.704
25.992
37.392
25.88
24.88
31.968
37.768
26.056
25.056
37.744
25.432
37.72
25.408
31.728
38.096
37.984
25.816
25.672
31.728
25.76
38.048
25.904
25.936
31.992
38.224
26.08
37.512
32.368
25.2
26.456
25.288
32.344
37.776
32.432
25.064
37.552
24.44
31.728
31.728
24.44
25.816
37.016
31.904
25.816
37.104
24.592
31.816
37.48
26.104
37.104
31.792
37.192
25.816
24.568
25.904
37.256
25.992
24.944
26.08
31.968
37.12
26.056
37.016
26.032
25.92
32.008
25.896
31.984
37.016
26.272
32.36
37.016
26.648
24.44
26.536
32.624
32.312
26.4
32.288
37.016
32.176
24.704
26.064
25.952
37.104
31.728
37.192
26.016
24.68
32.104
37.568
26.192
24.856
26.28
37.544
25.968
25.032
25.12
38.008
25.496
31.728
25.384
37.872
31.728
25.36
26.216
32.104
37.104
32.192
24.592
26.68
37.28
32.568
27.056
32.744
32.832
24.44
27.32
33.208
26.896
32.584
37.016
26.472
37.016
31.816
24.704
26.104
37.392
25.992
24.88
32.08
24.968
24.656
24.544
24.44
24.44
24.528
25.816
37.432
24.52
37.408
24.896
31.728
24.984
31.816
37.672
24.56
37.248
31.88
24.936
26.168
32.256
24.68
26.144
37.168
25.792
24.944
25.88
32.168
24.72
26.056
26.144
37.016
37.016
26.12
24.904
32.008
37.392
26.096
37.48
25.984
25.368
32.072
37.856
26.36
25.344
26.248
37.432
31.816
25.32
26.504
37.608
24.696
26.2
37.184
31.888
24.672
31.976
37.36
26.264
25.048
31.752
37.736
25.024
37.712
25.904
25
37.688
31.728
37.776
26.016
24.864
37.352
25.24
25.728
25.128
37.616
25.304
25.392
31.728
37.88
25.168
25.904
24.856
25.992
31.816
25.904
31.992
32.08
31.968
24.528
26.256
26.344
37.016
26.432
32.12
26.008
37.016
31.728
25.816
24.528
31.904
24.44
25.792
24.44
25.728
37.016
31.816
24.44
37.128
24.816
31.728
24.504
26.016
31.904
37.104
25.904
31.992
25.728
31.816
37.016
31.904
25.992
32.28
37.104
26.168
24.44
32.056
32.144
37.016
26.232
24.504
32.32
32.408
31.728
24.44
31.728
26.016
31.728
37.016
26.016
32.104
24.44
31.728
25.816
24.44
31.904
24.44
26.192
37.328
31.88
24.528
31.768
24.616
31.728
24.704
31.904
37.016
25.992
24.704
32.08
37.392
32.168
24.68
25.728
24.768
32.216
24.856
24.944
32.12
24.632
31.808
24.72
24.608
31.76
24.44
31.848
37.128
25.816
31.904
26.192
32.08
37.104
25.968
24.992
26.056
26.144
26.232
37.256
26.32
37.344
31.728
24.44
26.616
37.528
32.104
26.792
37.184
32.08
37.072
26.368
24.56
32.456
37.448
24.936
37.104
24.528
31.728
37.216
31.816
37.104
25.904
37.016
25.792
24.704
24.44
31.728
31.728
31.816
31.904
25.792
32.28
37.016
26.168
24.504
26.256
37.392
32.544
37.08
26.632
24.768
32.72
26.808
24.44
33.096
27.184
33.472
24.528
33.36
26.848
32.536
24.44
26.224
24.528
32.712
24.616
26.4
24.44
32.688
32.776
26.664
37.168
33.152
24.656
27.04
24.744
33.528
24.44
33.216
24.44
32.904
37.528
26.192
24.616
37.704
31.904
37.392
31.792
37.48
25.88
37.568
31.768
26.056
24.744
32.144
26.432
26.32
24.44
26.408
37.264
26.296
25.984
37.24
26.072
24.44
24.528
31.816
37.216
31.728
24.704
31.816
37.192
37.28
24.44
25.816
31.904
37.192
24.48
37.168
25.728
37.016
31.816
26.104
37.016
31.792
24.704
26.08
24.44
25.968
37.128
32.056
24.44
31.904
31.992
37.016
26.08
37.104
31.944
25.832
24.44
31.92
32.008
37.016
32.096
24.704
25.984
32.472
32.36
24.44
32.448
25.936
26.024
37.104
31.912
24.592
26.2
37.28
32.088
24.968
32.176
37.656
26.264
24.544
32.152
37.632
37.72
25.728
24.808
31.816
38.096
26.104
32.192
24.528
24.44
24.528
25.728
24.44
32.216
37.344
31.92
37.032
24.44
31.728
26.016
37.192
25.904
24.68
31.992
24.768
25.816
37.456
25.728
37.144
24.832
31.728
24.72
25.992
37.408
31.88
37.296
24.584
31.816
37.472
37.56
24.848
31.904
37.736
25.816
37.224
25.904
24.912
37.6
31.728
24.688
26.016
24.576
32.104
37.264
26.392
32.28
37.016
31.768
37.104
25.728
24.44
37.128
31.816
24.528
25.904
37.216
31.992
37.304
31.88
24.44
31.968
37.128
26.056
24.616
32.144
24.504
26.232
24.44
26.12
32.008
37.016
31.816
37.104
25.816
37.016
25.904
31.792
26.08
26.168
37.016
32.256
25.944
24.616
32.232
24.704
26.32
24.592
26.408
37.28
26.496
24.968
32.784
24.656
26.472
24.744
26.56
33.048
24.44
26.056
24.528
31.744
37.216
24.904
31.728
37.392
31.728
37.28
24.768
24.856
25.792
37.544
37.432
31.816
37.256
31.904
37.344
26.192
26.08
37.32
26.168
26.056
37.296
26.144
24.44
26.032
37.128
25.728
37.016
31.728
24.44
24.44
25.728
24.528
31.816
25.904
37.016
37.016
31.728
26.016
24.44
32.104
24.528
26.192
37.016
26.28
37.104
31.728
24.44
25.904
37.128
31.992
24.616
31.88
31.728
37.016
25.816
24.704
31.792
37.192
25.728
37.016
32.016
24.704
31.728
24.592
26.016
25.904
31.792
37.016
24.504
31.728
24.592
31.816
24.48
31.992
24.44
24.528
37.216
37.104
31.904
37.192
32.08
37.168
25.728
25.816
37.016
31.904
24.904
25.792
25.728
31.816
26.104
24.616
31.728
37.192
31.728
26.016
26.104
37.016
32.192
37.104
32.28
24.528
26.568
37.416
32.656
26.744
37.456
32.632
37.016
26.72
32.808
37.192
27.096
37.08
26.784
26.672
24.528
26.16
37.016
32.448
37.016
26.336
25.824
31.912
25.8
37.104
32.08
25.968
26.056
31.744
25.832
37.104
25.728
37.016
24.904
25.728
37.392
32.016
25.28
26.104
37.368
26.192
25.456
26.28
25.544
37.632
26.256
25.12
31.744
37.408
31.832
37.296
31.92
25.184
26.608
37.672
26.696
37.56
32.184
32.072
26.96
37.016
32.448
37.104
27.336
24.792
32.424
24.88
27.312
37.368
26.4
24.856
32.288
26.376
37.016
26.464
24.504
32.552
37.392
37.48
25.728
37.368
24.656
31.728
26.016
24.616
25.816
24.792
31.728
26.016
37.104
26.104
37.192
25.992
24.48
31.904
37.368
26.192
24.456
32.28
37.544
26.568
32.656
32.544
24.528
32.632
24.616
31.92
24.504
32.008
24.44
31.896
24.528
25.984
31.872
37.016
31.728
24.568
25.904
31.792
37.016
26.28
24.904
26.168
37.392
26.056
25.28
25.944
25.368
31.816
31.904
25.992
32.28
25.136
26.368
24.44
26.456
37.128
32.544
26.832
24.44
26.92
32.808
24.44
27.296
37.328
33.184
37.416
26.272
24.904
32.36
31.728
31.728
37.016
25.728
25.728
37.368
25.816
24.656
25.904
37.344
25.792
24.44
37.528
31.728
37.016
24.504
24.44
32.08
24.44
25.968
31.728
24.44
31.728
37.016
24.704
32.08
37.392
31.968
24.528
26.056
25.728
37.104
37.192
25.904
24.68
31.992
37.568
32.08
24.656
25.768
37.344
25.856
37.104
31.832
37.016
26.12
32.208
24.44
37.128
25.728
24.816
37.504
37.592
31.992
32.08
37.016
26.168
37.016
32.456
24.704
26.344
37.392
32.432
37.48
26.72
24.768
26.808
24.456
32.696
37.544
26.584
37.632
32.272
37.72
26.36
32.648
37.096
26.336
37.016
24.704
31.728
37.192
26.016
24.68
26.104
37.568
31.792
37.656
31.88
31.968
24.592
25.816
37.232
31.904
26.192
24.44
26.28
37.328
31.968
24.528
32.056
25.944
24.704
31.728
37.392
25.816
37.48
31.904
25.168
25.992
37.056
31.88
26.168
37.104
31.856
37.192
24.44
31.728
25.816
25.904
32.192
32.08
31.728
37.192
31.728
24.48
26.016
37.368
31.904
24.656
31.792
24.744
31.728
37.016
24.904
25.904
24.792
25.792
37.48
31.88
37.104
26.168
32.056
24.44
37.328
24.816
24.704
32.032
37.104
32.096
26.184
32.472
32.56
25.728
32.616
25.728
37.016
24.704
37.192
24.48
37.368
24.456
25.816
37.744
31.904
37.432
31.992
37.52
31.992
24.808
32.08
37.496
25.768
37.584
32.456
26.144
37.448
31.728
24.536
31.816
37.824
31.904
37.712
25.792
37.8
32.28
37.888
32.368
37.776
32.456
37.264
32.344
24.552
26.232
24.64
32.72
37.328
32.608
32.296
32.384
37.192
32.472
24.68
25.96
24.568
32.248
37.544
37.632
24.52
24.608
25.728
25.904
24.44
25.792
32.28
37.408
24.896
37.784
32.008
25.272
25.896
25.36
32.384
37.448
26.272
32.76
37.424
32.848
37.512
32.736
37.4
26.424
32.512
37.016
26.8
37.104
32.888
37.192
32.976
37.28
26.664
37.368
33.352
37.456
33.24
24.44
26.928
37.528
33.416
24.616
33.504
37.704
27.392
37.592
27.28
24.88
33.768
24.768
27.256
33.144
37.648
24.736
24.824
25.728
24.88
25.816
24.968
31.904
25.056
31.992
25.144
26.08
32.168
37.44
24.896
31.744
37.016
26.232
25.104
26.12
37.104
26.208
37.192
26.272
37.28
31.96
37.368
32.048
26.336
26.224
37.016
26.112
24.504
26.2
25.888
24.44
24.528
25.728
37.416
37.168
25.816
24.656
37.544
37.432
25.728
24.92
31.816
37.208
26.104
37.296
25.992
25.384
26.08
37.472
37.56
26.256
24.848
31.944
37.336
32.032
37.224
31.92
37.312
26.008
24.8
37.488
31.728
25.176
26.016
37.664
32.104
24.952
26.192
24.656
32.08
26.168
24.832
26.256
37.12
31.944
25.008
26.032
37.096
26.032
26.096
24.44
26.184
31.728
25.728
37.016
32.016
24.704
24.592
25.816
24.48
31.768
37.016
25.856
37.016
24.504
25.816
24.504
31.728
37.192
25.816
25.904
24.528
31.792
24.44
25.728
24.44
37.128
25.728
24.816
32.016
24.904
32.104
37.592
32.192
37.68
32.28
37.168
31.728
24.856
25.728
37.344
25.816
24.832
31.904
24.92
26.192
37.016
24.504
31.728
24.616
31.816
31.992
24.44
25.816
31.904
37.016
31.792
24.704
31.88
24.792
31.768
24.68
25.728
24.768
31.816
37.256
37.104
25.968
26.056
37.016
24.504
25.728
37.192
24.44
25.816
25.728
31.728
24.616
31.816
24.704
31.904
25.992
37.016
32.28
26.168
26.256
37.016
26.08
37.104
26.168
25.856
31.944
37.016
26.032
37.104
24.792
37.08
32.08
37.168
32.168
37.256
25.856
37.344
32.144
24.832
25.728
24.68
31.816
26.104
26.192
24.744
31.88
37.432
26.168
24.52
25.856
37.208
25.944
24.528
24.616
37.104
25.728
24.592
37.48
24.968
37.856
31.904
25.144
25.032
32.08
37.92
32.168
25.208
31.856
37.696
25.384
25.816
37.872
37.76
37.648
25.728
25.136
25.816
37.624
31.728
25.112
26.016
37.016
24.504
37.392
37.28
37.168
37.256
31.728
24.744
24.832
37.72
31.728
24.44
37.328
25.728
37.416
24.528
37.016
24.904
24.792
31.816
24.88
25.904
24.768
37.056
31.728
25.144
37.432
25.968
25.52
31.856
37.808
31.944
25.896
37.984
31.992
37.272
32.08
25.56
26.568
37.648
26.456
25.936
26.544
26.024
26.632
25.912
37.8
37.688
32.096
25.976
26.712
37.464
24.752
32.16
37.24
26.448
32.336
26.624
37.104
31.912
24.44
37.328
24.616
25.728
24.44
37.728
37.616
37.704
37.792
25.08
25.816
38.168
25.904
38.256
31.792
37.544
26.28
25.032
32.168
37.92
32.056
25.408
26.744
25.496
26.832
25.384
26.72
38.272
25.76
31.992
25.848
31.88
25.536
32.056
37.016
26.344
32.232
26.52
26.608
26.696
37.016
26.784
24.504
26.872
32.36
24.44
26.848
24.528
32.736
37.016
26.424
25.912
37.016
24.504
31.728
37.392
37.48
25.728
24.768
24.856
37.544
31.728
37.432
26.016
24.52
37.608
37.496
25.728
37.584
37.472
25.816
25.904
24.528
31.992
24.616
26.08
25.728
37.016
24.504
31.968
24.616
31.816
24.704
37.192
31.728
25.816
24.568
31.728
24.656
31.728
24.544
26.216
25.904
31.792
37.016
31.88
37.104
31.792
24.44
25.88
37.128
24.816
31.728
37.504
24.992
37.88
31.904
25.168
38.056
31.728
37.544
31.816
37.104
25.904
32.192
25.88
32.368
24.528
31.728
31.816
24.528
37.216
25.728
31.816
25.728
24.68
25.904
37.016
25.792
24.704
32.08
37.392
26.168
25.08
32.456
25.168
26.144
24.856
24.944
25.032
31.728
24.72
31.728
37.808
25.096
24.984
24.672
31.904
31.992
24.44
25.728
24.44
37.128
32.256
37.216
26.144
37.104
24.792
31.728
37.28
25.728
37.368
24.656
37.344
31.728
37.232
26.016
25.12
26.104
25.816
37.104
37.016
25.792
37.104
24.592
25.728
32.016
24.44
37.528
25.728
37.616
24.504
37.792
37.48
31.728
24.568
26.016
26.104
31.728
37.016
26.016
24.504
24.44
25.728
37.016
32.016
24.704
37.392
37.016
24.44
31.728
24.528
26.016
37.216
32.104
37.104
31.816
24.992
31.904
25.08
37.104
25.904
24.592
31.992
37.28
31.728
24.968
37.256
37.016
24.768
25.904
24.856
25.792
37.144
32.08
26.168
24.72
32.256
37.208
26.544
25.096
32.632
32.52
37.016
32.608
24.528
27.096
24.616
32.784
37.016
27.272
32.76
24.44
27.048
32.936
24.44
33.024
24.528
26.912
37.216
26.4
24.704
37.392
37.28
24.968
25.816
25.816
25.728
24.528
37.216
24.904
31.728
24.792
25.816
37.48
32.104
24.768
32.192
37.016
26.08
24.704
25.968
37.392
31.856
24.88
31.944
37.768
26.032
37.856
32.32
37.944
32.208
37.432
31.896
24.52
24.44
31.728
37.016
26.016
24.704
24.792
37.48
31.816
24.44
32.08
37.28
25.768
24.504
37.192
25.816
25.904
24.744
25.88
25.968
26.056
24.44
31.744
24.528
26.432
24.616
31.92
37.104
32.008
24.792
31.896
37.28
31.984
37.192
24.68
31.944
37.568
31.832
25.056
26.12
37.744
26.008
37.832
26.096
32.184
37.016
26.12
24.44
26.208
37.128
37.216
25.728
37.016
24.504
24.44
37.328
31.728
25.816
24.44
31.816
31.904
37.344
25.816
24.632
25.728
37.016
24.528
31.728
37.016
37.104
24.592
25.728
37.48
37.016
31.992
24.44
32.08
24.44
37.128
24.44
31.92
37.328
24.816
37.704
31.728
37.192
31.728
31.816
31.728
25.728
24.616
37.104
24.992
25.728
37.48
25.816
24.968
37.856
24.944
24.832
31.88
37.92
37.808
32.056
37.896
32.144
25.384
32.232
38.272
37.76
25.816
25.248
32.304
25.336
25.224
24.968
25.904
37.256
32.136
37.344
26.224
37.432
32.512
25.52
26.6
37.808
32.488
37.496
26.776
37.584
26.864
25.672
26.752
37.96
32.04
37.848
26.928
25.536
32.016
38.024
26.704
25.312
32.392
25.4
27.08
38.088
32.568
25.576
26.656
38.264
31.944
25.552
26.632
25.64
38.528
38.616
26.152
25.904
38.992
26.128
38.68
25.768
25.656
31.728
38.944
26.016
38.632
26.104
25.92
31.792
39.008
26.28
39.096
26.368
26.184
38.472
26.144
25.36
31.832
37.648
25.92
25.336
25.728
38.024
25.512
31.728
25.4
26.016
38.088
32.104
38.176
31.728
25.864
26.216
25.552
31.728
25.64
26.416
24.928
32.104
24.672
32.192
37.16
26.48
25.048
26.168
24.936
25.872
37.024
24.712
24.8
37.488
26.024
25.176
24.48
31.904
25.992
25.88
24.44
24.528
24.616
31.728
37.08
24.44
31.728
26.016
24.44
25.904
25.992
37.016
24.504
31.728
37.192
37.28
25.728
37.016
25.816
24.44
25.904
24.44
37.128
24.616
24.504
31.728
24.592
31.992
32.08
37.104
31.728
24.592
25.816
37.08
25.728
25.816
24.528
31.904
25.816
37.016
37.104
31.728
26.016
25.904
24.528
25.992
37.016
24.528
31.728
37.216
25.816
37.104
31.904
37.192
25.792
24.68
32.28
25.768
25.856
32.144
37.016
26.232
24.504
32.32
26.208
24.44
32.296
37.328
26.384
37.216
26.272
24.704
37.192
31.816
24.88
37.368
25.056
25.816
37.104
24.792
24.48
31.992
37.368
31.728
24.656
26.016
37.544
31.728
25.032
24.72
31.728
37.016
25.728
24.704
37.016
25.904
24.704
25.992
37.016
31.88
31.968
31.816
25.904
37.016
25.992
37.104
37.192
24.68
25.728
25.728
24.68
25.816
31.728
26.216
24.632
32.104
26.392
37.016
32.28
24.504
26.368
37.192
32.256
24.68
26.744
37.016
26.832
32.12
24.44
31.808
37.128
31.896
37.216
24.704
25.728
24.792
31.816
37.28
37.168
37.256
37.344
25.904
24.456
25.992
26.08
24.44
25.968
25.856
24.44
24.528
25.728
37.104
24.792
25.904
25.792
37.016
31.88
24.704
31.968
24.592
26.256
37.48
31.728
37.568
26.016
24.856
37.944
25.032
25.728
38.12
25.008
37.696
31.728
37.384
26.016
31.904
37.016
37.016
31.816
24.704
25.728
37.392
25.816
25.08
31.904
37.768
25.992
25.256
26.08
37.944
31.968
25.432
37.72
37.608
31.816
24.696
37.584
25.728
37.016
24.904
31.728
26.016
37.016
26.104
25.992
24.744
31.88
37.232
26.368
25.12
32.256
26.344
24.896
26.432
24.984
26.52
24.872
32.408
37.016
26.496
24.528
26.584
37.216
24.904
31.728
37.592
31.816
37.28
25.904
24.968
32.192
37.456
25.992
24.944
24.528
31.944
37.216
25.728
37.192
24.68
31.816
37.568
26.104
24.456
26.192
24.544
37.016
25.728
24.904
24.792
37.48
25.904
24.968
31.792
37.28
31.88
37.368
24.656
37.544
31.728
37.432
26.016
25.904
31.992
24.528
26.08
37.216
25.968
24.904
24.44
25.728
25.792
37.016
32.08
24.504
31.968
37.016
26.056
32.144
37.192
31.728
26.016
24.44
26.104
37.328
32.192
25.88
37.104
25.968
24.592
37.28
31.728
24.968
37.656
25.728
37.016
31.816
24.704
31.904
37.392
25.992
24.68
25.728
24.768
24.856
24.944
31.728
25.032
31.816
37.12
31.904
25.208
31.992
24.944
25.032
31.968
37.32
26.456
37.408
31.944
37.296
26.632
26.208
37.016
26.296
24.504
25.984
25.728
25.816
24.44
25.904
37.128
31.792
37.016
24.704
31.728
25.816
24.528
25.728
37.416
24.704
37.104
25.728
37.192
31.816
24.68
25.904
37.168
31.792
25.056
25.728
37.544
31.816
25.232
26.104
37.72
37.808
25.096
25.768
25.184
25.856
25.272
31.944
37.76
25.648
31.904
37.536
25.024
26.096
37.912
26.184
25.2
31.728
25.088
24.576
31.904
25.992
31.728
37.104
26.016
37.016
32.104
37.104
25.992
31.728
37.016
26.016
24.704
25.904
37.392
25.792
24.68
25.728
37.368
25.056
37.744
31.816
24.632
37.32
25.904
37.408
31.992
26.08
31.728
25.816
24.528
32.104
24.44
25.992
24.528
32.08
37.216
32.168
24.904
32.056
24.792
26.344
37.08
32.232
24.768
31.92
25.88
37.016
25.728
37.192
31.816
24.68
25.728
24.768
25.816
37.256
31.904
31.792
24.44
31.728
26.016
24.44
24.44
31.816
37.328
25.904
24.816
32.192
37.504
26.28
24.592
37.28
31.728
37.168
25.816
24.656
31.728
37.544
25.032
31.728
37.52
26.016
25.208
24.896
31.904
24.984
26.192
25.072
25.88
24.832
31.968
37.32
37.208
37.096
31.816
24.584
26.504
24.672
32.192
37.016
32.28
24.704
26.568
32.456
26.344
32.032
24.44
31.728
24.44
24.528
31.728
37.216
37.304
24.528
37.216
31.728
25.728
37.016
31.728
26.016
37.016
24.44
31.904
24.528
31.728
37.016
26.016
26.104
31.992
24.528
32.08
37.216
32.168
24.904
26.256
26.144
26.032
24.44
31.832
31.92
24.528
37.216
31.816
24.904
37.392
31.816
25.28
25.904
37.768
31.992
25.656
32.08
25.144
37.432
24.92
32.344
25.832
37.28
32.12
24.568
26.008
37.656
32.096
24.944
26.184
37.832
26.072
25.32
32.16
38.208
31.728
37.896
37.184
25.792
25.072
25.88
25.16
32.168
37.448
26.256
37.336
26.344
32.632
32.72
37.456
32.608
24.544
26.696
37.832
32.984
24.52
27.072
38.008
26.36
24.896
26.448
37.016
32.536
24.504
26.824
32.512
32
31.888
24.44
31.976
37.328
25.864
24.816
31.752
37.704
37.592
24.44
25.904
25.792
37.016
37.104
31.904
25.728
25.816
25.728
31.816
24.44
31.904
25.992
25.88
32.368
24.44
26.256
37.128
32.344
24.816
32.432
24.504
32.52
24.592
37.28
37.368
24.656
31.904
37.544
24.632
37.32
37.208
32.056
25.096
37.584
25.816
25.472
32.504
25.56
25.048
31.896
37.736
26.168
25.424
25.512
31.728
25
37.488
26.12
24.976
32.008
37.264
26.296
37.152
26.184
37.24
24.928
24.816
31.856
37.504
25.944
37.592
26.032
25.08
31.816
37.968
37.856
24.944
31.88
38.232
25.968
25.32
38.008
24.896
25.904
37.984
25.792
37.872
32.08
37.16
25.728
37.192
25.816
37.28
25.728
37.368
25.816
25.056
31.904
37.744
26.192
37.232
26.28
37.016
26.368
25.304
26.256
25.392
31.744
37.48
26.432
25.768
26.52
37.656
32.208
25.544
32.296
25.032
37.016
31.816
24.504
26.304
24.592
26.192
31.88
24.44
31.768
37.128
26.056
24.616
24.504
31.728
24.44
37.128
37.216
37.304
24.992
25.08
25.816
24.968
25.904
24.544
37.232
26.168
24.72
37.408
31.904
25.096
26.192
31.88
24.44
31.816
37.128
24.816
25.728
24.904
32.016
24.792
26.104
24.88
31.816
24.968
25.992
24.744
31.88
37.232
25.12
26.344
37.016
37.104
31.728
24.44
25.728
37.016
37.192
31.816
37.016
25.728
37.016
31.816
24.504
37.016
24.704
24.504
24.592
25.728
25.904
37.104
37.016
31.904
24.704
31.992
37.192
32.08
37.016
32.144
37.192
37.28
25.728
32.416
24.44
26.104
32.592
26.28
32.968
33.056
37.016
26.544
24.504
32.632
37.392
25.92
37.08
32.808
37.168
24.44
32.864
24.528
25.952
37.456
32.64
24.544
26.328
37.632
26.216
37.52
32.704
37.608
32.592
32.68
32.768
32.656
32.744
37.648
26.232
37.736
26.32
37.824
26.008
24.512
25.896
24.6
32.384
38.288
32.472
38.176
25.96
38.264
32.448
24.44
32.224
37.328
32.312
24.528
26
37.616
32.488
24.904
26.376
24.792
32.464
24.88
25.952
32.04
24.656
25.992
37.944
31.88
37.632
24.72
26.256
37.808
31.944
37.896
25.832
24.984
37.472
25.816
24.44
31.904
37.528
24.816
37.904
31.728
24.48
24.44
25.904
37.328
31.792
26.08
37.104
26.168
37.016
32.256
32.344
37.192
37.104
31.728
24.592
31.816
37.28
25.904
24.968
31.992
37.456
26.28
37.544
37.232
24.92
31.728
25.008
26.016
37.296
32.104
25.184
32.192
37.672
26.28
25.16
25.992
26.168
24.44
26.144
31.728
31.816
31.992
25.728
37.016
25.816
24.504
25.904
37.016
31.992
24.504
26.08
24.44
32.368
26.456
24.44
32.744
37.528
32.432
37.616
26.52
37.104
37.016
25.816
24.504
31.904
37.192
26.192
24.88
26.28
32.168
37.192
32.056
24.88
32.144
37.368
32.232
24.856
26.12
37.744
32.608
37.832
26.496
24.616
32.784
26.472
32.36
37.016
26.648
37.104
32.336
24.592
26.624
24.44
32.712
27
26.888
24.528
26.576
32.264
37.104
26.352
25.84
31.928
32.016
26.304
32.392
37.432
26.28
24.72
32.368
24.808
26.056
24.896
32.144
24.984
26.432
24.872
26.52
32.208
37.016
37.016
31.728
37.016
26.016
32.104
25.792
25.88
37.016
31.768
24.504
26.056
26.144
24.44
25.832
25.816
31.904
31.992
32.08
37.104
31.728
31.816
24.44
25.904
25.992
24.44
31.728
24.528
26.016
37.216
31.728
24.904
31.816
37.592
26.104
25.28
31.728
24.968
37.456
24.944
26.08
37.232
24.92
31.728
37.608
25.096
31.728
24.984
25.816
31.904
24.528
25.792
25.728
32.416
24.704
25.904
31.832
37.192
25.92
24.88
32.208
26.296
26.384
37.016
32.472
37.104
26.36
24.792
31.848
37.104
25.936
24.792
25.824
24.88
32.112
24.768
26
37.256
37.344
24.632
25.968
37.52
31.728
25.008
26.016
37.896
37.384
31.816
37.472
31.728
24.44
25.728
24.528
25.728
24.616
24.504
25.728
31.728
31.728
37.016
31.816
24.504
25.904
37.016
31.792
37.104
25.728
37.016
25.728
37.016
25.728
24.44
24.44
24.528
25.728
37.216
24.904
24.44
31.728
31.728
24.44
24.528
37.216
37.016
31.816
24.504
31.904
26.192
32.08
37.016
26.568
24.704
32.256
37.192
26.544
37.28
26.632
37.016
32.72
37.104
32.808
37.016
26.496
24.704
32.784
24.792
32.872
24.68
32.96
24.44
32.848
24.528
26.736
37.216
33.224
26.712
37.016
32.4
24.504
31.888
24.592
31.976
26.064
24.44
25.952
24.44
37.016
24.504
25.816
25.904
37.144
31.992
24.632
32.08
25.968
37.016
32.456
24.704
24.592
37.48
37.568
24.456
31.816
25.816
37.016
25.904
24.704
31.992
37.392
37.08
37.016
31.816
37.104
31.904
25.992
37.016
32.08
25.968
24.44
31.728
37.168
25.816
37.256
31.904
24.544
26.192
37.032
32.08
24.52
31.992
37.208
31.88
24.896
31.968
24.784
24.872
24.76
37.248
25.904
31.992
37.016
24.44
25.856
37.168
25.728
31.816
24.44
25.904
31.792
24.44
31.88
37.104
31.728
37.192
31.816
24.48
31.904
25.992
26.08
37.144
32.168
26.456
32.544
37.104
25.832
24.592
37.28
25.728
37.368
37.456
31.728
24.944
26.016
37.632
31.904
24.92
25.992
37.608
25.096
31.728
37.384
26.016
25.072
31.904
25.16
26.192
32.28
37.08
26.168
32.256
32.344
24.44
26.032
37.328
26.12
24.816
32.208
37.704
32.296
24.792
26.384
37.08
31.872
31.96
26.048
37.104
32.136
37.016
32.224
26.112
24.528
32.2
32.088
26.376
37.192
32.264
24.48
26.552
26.64
26.528
32.416
24.44
26.504
26.392
24.44
32.48
37.128
32.568
37.216
26.456
32.544
26.632
32.32
24.528
25.728
31.816
25.904
24.528
31.992
26.08
31.968
25.728
25.728
31.728
26.016
24.44
37.328
31.728
37.216
37.016
37.016
25.728
24.44
25.728
37.104
31.88
24.44
31.768
24.528
37.016
24.704
25.728
24.592
31.904
37.28
31.728
24.44
26.016
37.128
31.904
37.016
31.792
24.504
25.88
32.168
37.016
37.016
32.08
24.704
37.192
25.816
24.88
32.504
37.568
26.192
37.656
32.32
25.144
32.408
38.032
32.496
25.32
25.984
25.208
32.672
37.496
26.16
37.584
32.648
25.072
32.736
24.96
26.224
32.312
37.192
37.28
31.728
24.968
25.816
37.456
25.904
24.568
25.992
37.656
37.744
26.08
24.832
31.768
24.92
26.056
25.008
31.744
24.896
26.232
37.584
31.92
24.44
37.928
37.816
25.728
31.816
37.016
31.904
24.704
25.728
37.192
32.016
24.44
31.904
37.128
31.992
37.216
24.704
37.592
24.68
24.768
37.456
25.816
24.44
25.904
25.992
37.016
24.88
25.816
24.44
31.904
24.528
26.192
37.416
26.28
24.504
32.168
26.656
32.544
37.192
32.432
37.28
26.12
24.568
31.808
24.456
31.896
37.016
25.984
37.104
32.272
26.16
24.616
32.648
37.104
32.536
24.792
32.624
37.016
32.312
25.104
26.4
37.192
26.488
25.08
32.176
25.168
26.664
37.656
32.552
26.84
31.728
37.016
25.816
24.704
32.104
37.392
26.192
37.48
32.48
26.568
26.656
32.144
26.432
32.52
26.808
26.496
26.584
24.44
32.672
26.56
24.44
32.648
26.536
26.624
24.44
26.512
32
24.616
24.704
25.728
24.792
31.816
24.68
25.816
37.168
31.728
31.816
24.44
37.128
24.616
25.728
37.016
25.728
24.528
31.816
25.904
37.016
24.704
25.728
31.816
24.44
25.904
37.128
31.992
24.616
26.28
24.704
32.168
24.592
32.056
24.528
37.016
25.816
24.704
25.728
37.392
32.016
24.68
37.368
31.816
24.856
25.816
37.744
37.632
25.32
25.208
31.728
37.696
31.816
25.184
31.904
37.872
25.992
24.44
24.528
25.728
31.816
24.504
37.016
24.504
31.728
37.192
26.016
24.68
37.168
24.656
37.144
37.032
25.728
37.016
31.816
24.568
25.904
25.992
31.88
24.528
26.168
24.44
32.056
24.528
26.344
37.216
25.832
37.104
24.792
24.88
37.368
31.88
24.44
37.128
31.728
24.44
26.016
37.128
31.904
24.616
37.504
25.816
24.792
31.728
37.08
25.816
37.016
24.904
25.728
37.192
25.728
25.08
25.816
37.568
25.256
25.992
37.944
25.632
38.12
25.808
38.296
25.832
25.184
25.728
37.472
25.816
25.36
37.648
25.992
24.936
31.88
25.024
31.768
37.112
37.016
24.504
31.728
37.016
37.104
31.992
37.016
31.88
37.016
24.504
31.728
37.392
37.08
25.728
24.968
37.456
31.728
37.344
25.816
37.432
31.904
37.52
25.008
25.728
24.616
31.816
37.104
25.728
37.192
31.816
26.104
31.992
24.44
26.28
26.168
26.256
32.544
37.016
26.632
32.72
24.528
32.408
26.096
25.984
24.44
32.872
25.96
37.016
25.728
37.192
32.216
37.28
32.304
37.104
37.28
37.368
37.432
31.728
37.52
31.816
37.696
37.872
31.768
37.76
31.728
37.248
37.336
31.816
37.4
37.288
37.376
37.464
37.016
37.192
37.08
37.168
37.104
37.016
37.016
