24.44
24.44
24.556
25.844
24.446
25.961
24.741
25.851
25.967
25.913
25.324
26.146
25.441
26.262
26.379
25.331
26.495
24.933
24.878
26.674
25.111
25.345
25.461
26.283
31.728
25.18
26.53
25.297
32.132
31.728
27.044
25.591
31.728
25.653
26.873
25.427
26.989
27.106
25.489
26.825
25.434
31.741
31.728
25.667
26.701
31.961
25.729
32.077
32.194
27.167
27.113
37.249
27.133
26.565
31.878
25.516
27.538
37.29
32.283
27.942
28.059
27.833
32.235
24.44
26.523
24.556
25.954
32.07
24.789
26.015
24.734
32.303
24.679
25.961
24.913
31.734
37.372
25.146
25.262
26.084
25.036
24.44
37.249
24.679
26.153
24.44
32.269
32.386
37.016
32.331
37.016
32.448
26.221
32.852
37.016
24.618
25.728
24.618
33.044
32.989
26.249
26.194
24.57
33.168
37.201
26.255
37.146
32.886
37.262
26.317
37.379
26.262
24.981
32.208
24.583
26.667
26.098
26.214
26.331
37.777
32.105
24.522
31.878
38.01
25.995
24.926
32.283
38.414
32.228
25.159
38.819
25.564
32.324
25.338
38.997
32.386
38.942
25.728
24.83
32.187
38.147
26.132
37.749
31.906
25.351
37.639
25.844
25.585
37.701
26.077
37.818
37.934
26.139
38.051
31.913
25.653
26.543
25.77
32.317
25.886
26.777
25.66
32.722
37.948
27.181
38.065
32.955
25.667
32.9
38.469
32.845
26.071
32.962
26.188
26.907
38.99
32.852
26.593
32.626
38.881
32.742
26.311
32.688
26.257
27.147
38.716
32.749
26.661
26.351
26.778
31.782
38.723
26.585
38.668
25.728
26.785
31.728
39.073
26.015
25.818
26.132
25.934
31.906
25.708
32.022
38.167
26.31
25.427
32.255
38.229
32.372
25.317
26.66
25.434
26.262
25.207
26.379
25.153
37.441
37.557
26.043
25.502
37.962
31.728
25.393
26.358
24.481
31.961
37.283
25.94
24.542
24.659
32.077
32.022
31.728
25.961
37.139
25.906
24.44
25.851
37.07
31.968
37.016
25.913
24.618
37.42
37.365
25.844
24.967
31.728
24.673
37.132
25.844
24.906
31.961
37.537
25.906
37.653
26.022
25.084
31.968
25.201
32.084
25.317
26.029
24.748
26.146
24.865
37.496
37.441
31.81
24.44
37.242
31.871
24.844
25.988
37.304
32.105
25.249
26.221
37.708
32.166
24.453
31.94
37.084
26.077
24.515
32.022
37.317
26.482
37.091
32.427
26.372
24.789
32.317
37.42
31.92
24.851
26.036
37.825
26.153
37.77
26.269
37.886
25.317
25.967
37.777
26.084
25.722
32.077
37.667
31.851
25.783
26.139
37.557
31.913
37.674
26.372
24.59
26.489
37.393
32.262
26.036
24.44
25.981
37.242
25.844
24.844
24.961
24.906
31.851
37.194
25.139
24.741
26.077
37.029
31.728
37.146
26.358
37.262
32.132
24.693
31.734
37.255
31.728
24.515
25.844
37.146
31.728
25.844
32.132
37.016
25.906
37.132
32.365
37.249
26.139
37.194
32.427
24.453
37.255
25.728
37.201
32.187
24.673
32.304
26.077
24.906
25.728
24.679
25.844
24.453
24.44
26.077
24.44
32.022
24.673
24.446
24.563
32.372
37.365
32.146
24.967
26.091
24.741
37.886
37.489
37.262
25.728
37.495
24.583
25.728
32.701
37.016
25.961
37.132
32.763
37.249
32.88
37.194
24.556
37.53
37.646
31.899
24.563
25.728
24.44
32.016
37.756
25.961
37.873
37.818
31.844
37.592
37.537
25.844
37.653
31.961
24.913
26.077
38.058
32.365
25.146
25.967
38.462
32.427
25.207
32.372
38.696
32.489
25.612
32.434
38.414
32.379
25.674
26.153
38.648
32.269
37.907
26.557
38.024
32.674
25.111
32.79
38.085
26.907
25.516
27.023
37.976
33.312
37.578
26.571
25.523
33.545
24.782
26.29
24.727
33.778
24.844
26.694
37.646
33.668
25.077
33.27
25.194
32.585
26.015
37.262
37.379
25.324
26.31
25.441
26.427
26.372
37.674
33.003
26.777
37.907
32.036
24.823
32.153
38.14
26.612
26.729
24.652
26.502
24.597
26.447
38.257
32.221
38.373
26.509
24.604
32.112
38.435
26.571
25.009
32.516
38.497
32.633
25.413
26.063
25.358
38.846
25.763
39.251
25.996
39.484
26.201
39.429
31.974
39.374
26.434
26.291
32.208
38.75
26.324
26.353
32.269
38.469
26.557
26.071
26.674
38.874
31.762
26.305
31.878
39.278
26.338
38.881
32.112
26.654
26.571
26.428
26.545
31.961
26.661
38.949
27.066
39.354
31.728
27.47
39.587
25.961
27.703
26.077
27.477
25.728
26.908
25.844
39.367
38.627
26.401
31.844
26.517
25.961
38.634
25.734
38.579
32.022
38.524
25.967
25.783
31.913
25.9
26.017
26.077
38.305
26.25
26.31
38.538
38.654
26.771
31.906
26.716
26.537
38.49
32.31
25.406
26.255
38.037
32.715
25.811
32.146
38.27
26.215
26.077
38.503
31.851
37.934
26.482
25.708
26.427
37.996
32.372
24.741
26.66
24.515
32.605
24.46
27.065
37.091
26.153
37.036
26.098
37.153
31.728
37.098
25.728
24.44
25.728
24.44
32.016
37.242
26.132
24.844
25.906
37.475
24.563
24.679
37.31
25.789
25.084
25.906
25.201
25.317
37.777
31.844
25.379
38.01
32.077
25.783
32.194
38.243
25.845
25.447
32.029
25.393
31.974
37.681
31.919
37.626
25.728
37.742
37.688
25.728
25.118
25.844
37.921
25.728
38.037
32.016
38.154
31.961
25.07
26.077
37.701
25.728
37.646
31.844
37.249
25.961
37.249
26.077
24.508
31.728
31.844
37.427
37.201
31.728
24.44
32.022
37.242
25.796
24.673
32.255
37.646
26.201
37.42
32.317
37.537
24.967
31.865
24.741
25.981
37.201
31.926
24.673
31.961
25.906
25.851
25.967
24.453
24.57
26.077
37.201
26.022
37.146
25.967
24.577
37.55
32.427
24.981
24.755
37.557
32.605
25.159
25.789
37.619
33.106
37.393
33.222
33.339
37.016
26.427
37.132
33.401
24.556
26.831
24.501
33.805
37.132
27.236
37.249
34.21
37.365
27.469
37.482
27.586
24.913
34.388
37.886
27.133
38.003
34.45
25.091
27.366
38.236
26.626
25.153
34.114
38.641
33.545
24.871
27.147
38.702
33.778
25.105
27.38
25.221
33.84
33.613
27.558
38.311
26.989
26.763
38.202
32.537
26.653
38.263
32.598
24.666
26.715
38.668
33.003
38.613
33.119
25.015
27.065
27.181
37.591
27.126
33.586
27.359
37.598
33.647
37.715
33.421
37.831
33.366
37.605
26.797
26.228
26.002
24.508
32.29
26.235
24.57
26.351
24.686
32.297
37.489
26.756
37.605
26.873
32.646
27.106
37.146
26.708
25.091
32.482
25.207
26.427
25.324
32.372
25.441
26.831
37.386
32.777
25.845
27.236
37.79
27.353
26.25
32.783
37.852
32.9
26.654
32.674
38.085
32.619
27.059
32.393
38.49
27.195
27.121
32.797
26.894
32.742
37.811
27.716
26.613
27.49
37.873
32.235
26.332
27.037
38.277
26.022
25.537
25.967
37.996
25.427
31.728
37.715
26.187
25.66
26.091
38.119
26.065
25.838
31.728
38.298
26.701
26.243
38.359
26.105
38.305
26.05
37.105
31.995
24.707
26.283
37.338
32.399
26.687
37.016
26.633
25.132
26.063
24.906
32.18
37.365
26.297
32.585
24.44
26.701
32.818
32.763
26.537
24.44
31.728
24.44
25.728
24.556
37.187
25.728
31.961
24.906
24.679
37.482
25.961
37.427
31.906
37.372
26.365
37.489
31.968
25.262
26.084
25.207
32.201
25.324
26.489
37.955
26.605
25.729
25.674
37.79
31.734
37.736
31.851
25.852
26.825
32.255
37.016
26.886
37.132
26.509
26.454
37.194
25.728
37.139
24.741
25.728
24.858
32.214
37.146
25.988
26.105
37.249
31.878
37.016
37.132
25.728
37.077
24.673
31.728
24.618
25.844
37.42
25.789
25.022
31.906
37.825
26.194
37.77
32.139
37.886
24.803
25.967
38.291
25.913
38.236
38.181
37.098
25.844
24.7
32.475
26.077
24.556
32.708
37.016
26.31
37.016
32.77
32.201
26.146
32.605
26.207
37.016
25.981
24.789
32.612
24.906
25.871
24.851
25.988
37.139
26.105
37.256
33.078
37.372
33.024
24.631
37.777
32.18
37.893
26.297
24.981
32.413
38.126
26.53
24.529
32.646
37.16
32.763
37.276
26.365
24.878
32.31
24.823
32.255
37.626
25.858
25.228
32.146
38.03
25.919
25.461
31.865
38.435
25.866
25.811
32.043
38.785
38.901
25.728
25.475
31.844
39.306
25.844
38.394
31.789
24.625
26.077
37.591
32.022
37.365
31.968
24.453
37.372
37.489
31.961
24.577
37.207
25.728
32.016
37.269
25.789
24.529
37.502
25.961
24.59
31.734
37.735
25.851
24.481
31.968
37.016
32.077
24.556
25.851
24.44
37.242
24.844
25.728
37.304
32.016
24.563
32.132
37.365
32.207
37.482
32.324
37.427
25.926
37.544
32.557
24.46
25.817
32.619
37.016
32.735
24.618
24.44
25.844
24.44
25.789
37.413
33.106
24.844
37.818
37.592
32.639
24.851
37.653
25.961
25.255
32.934
37.886
32.88
25.317
37.948
32.653
25.207
25.913
25.153
32.715
24.755
32.317
38.243
26.091
38.36
38.14
32.324
38.085
25.755
24.659
32.386
38.318
32.502
24.721
32.619
38.037
38.154
32.852
24.899
25.94
38.558
32.914
38.161
32.687
32.804
37.879
32.749
37.825
32.866
32.468
24.44
26.242
37.831
32.873
26.646
24.44
33.277
37.928
26.879
37.873
33.167
24.789
26.77
24.734
33.058
38.051
32.66
24.967
26.777
25.084
33.065
38.229
33.181
25.029
26.955
33.414
33.359
33.476
27.421
33.538
25.043
27.483
25.159
33.942
37.475
27.716
27.661
25.338
27.435
37.626
27.551
33.839
25.345
27.613
25.29
34.244
28.018
27.791
24.44
27.737
24.556
27.51
37.701
33.798
24.789
27.743
38.106
34.031
24.851
34.148
37.996
27.407
37.77
33.524
37.886
26.269
24.974
32.214
38.291
26.674
24.693
26.276
38.181
32.393
38.298
26.166
38.072
26.111
25.159
32.228
38.305
26.002
38.421
26.118
25.509
31.728
38.826
26.187
25.399
31.961
25.173
32.077
38.49
26.022
38.435
32.139
24.837
26.427
37.468
25.858
37.07
25.803
24.851
32.146
37.016
26.091
25.132
26.207
25.077
31.981
25.194
26.441
32.043
26.674
37.016
31.762
24.618
37.249
25.728
31.728
25.844
37.249
31.961
26.249
37.31
32.194
24.57
37.715
24.974
31.844
38.119
25.379
31.906
38.524
25.441
25.214
38.017
25.619
38.078
25.961
25.681
31.906
37.969
26.365
25.914
32.31
37.859
32.427
25.975
26.886
26.092
32.66
26.037
27.119
37.639
32.893
26.099
32.838
26.215
32.441
26.161
27.243
26.106
32.845
38.051
32.619
37.996
32.736
26.455
27.023
37.372
27.14
26.517
27.085
26.462
27.202
37.379
26.181
32.742
25.955
27.037
25.989
32.921
37.592
27.037
26.051
25.482
27.161
37.77
31.906
27.167
37.495
31.741
37.612
25.728
24.673
25.728
37.962
25.728
24.707
25.844
38.366
38.483
38.599
31.844
38.716
31.789
38.147
26.077
38.092
32.022
25.728
24.618
31.844
37.249
31.961
25.022
26.077
24.796
26.194
37.084
32.31
24.44
26.598
24.556
32.715
37.187
32.317
24.789
26.091
24.734
26.036
32.667
37.016
25.961
37.016
32.763
24.961
32.708
24.734
26.139
24.679
25.913
24.796
26.029
24.44
32.564
32.338
32.454
32.571
24.44
25.844
37.413
32.989
24.844
26.249
37.646
26.365
24.906
33.339
25.022
32.941
38.168
32.715
25.255
38.572
38.517
32.194
38.634
25.967
25.379
31.913
25.495
26.201
25.441
26.146
38.929
32.091
39.045
31.728
38.648
25.844
38.764
32.132
25.681
26.249
25.454
32.365
25.571
26.653
38.716
26.77
25.633
32.372
38.778
26.831
26.434
25.461
32.207
37.921
32.324
37.866
26.783
37.811
32.729
25.927
27.188
25.53
32.79
37.016
27.593
25.818
33.195
27.826
27.771
32.687
25.715
28.004
25.831
27.606
37.091
32.523
37.208
32.639
26.181
28.127
28.073
37.016
27.846
26.017
32.763
27.908
26.25
32.653
25.681
32.427
25.626
27.915
37.057
28.031
26.03
28.148
26.147
32.55
37.406
28.381
26.551
26.668
26.785
26.901
31.728
37.818
26.277
26.394
26.873
26.51
31.728
25.941
31.844
25.543
25.66
27.167
25.777
27.113
31.728
31.961
25.557
32.077
27.051
37.016
32.31
37.132
27.455
25.509
27.229
25.283
27.003
37.228
31.919
25.345
27.236
37.29
32.324
25.578
27.469
25.523
26.557
25.468
37.585
25.358
31.728
25.475
31.844
25.591
25.708
25.825
25.941
37.715
26.174
25.091
26.543
24.81
26.66
37.098
31.919
25.214
27.065
32.153
37.365
26.783
37.482
24.57
26.159
37.201
31.933
24.803
26.564
37.434
26.166
25.207
37.249
31.844
25.022
31.961
37.139
26.077
26.194
37.016
26.31
24.618
37.42
31.728
37.365
26.187
24.967
31.728
37.427
25.029
25.146
25.844
37.262
31.851
25.207
31.967
37.667
26.084
25.269
37.9
31.728
24.988
25.858
37.619
31.974
37.564
26.262
37.509
32.208
24.597
32.324
24.714
26.098
24.659
32.557
37.118
26.502
26.447
26.564
24.44
32.338
24.556
32.454
37.358
32.4
37.475
32.516
37.249
26.461
24.851
26.578
24.967
33.037
37.256
32.982
24.858
32.585
37.146
25.789
32.077
24.44
26.194
25.728
31.906
37.016
25.844
24.625
25.961
24.741
26.077
24.686
26.194
31.968
37.31
26.255
32.029
32.146
24.44
31.92
37.756
26.379
37.016
31.844
37.016
31.851
37.016
25.967
24.446
25.913
37.42
32.029
24.851
32.146
37.653
32.262
37.255
37.029
24.46
25.961
24.577
37.036
31.728
24.638
26.015
24.583
25.961
24.529
32.077
37.159
31.851
24.59
25.967
37.221
24.652
31.961
37.454
32.077
24.885
32.194
37.859
32.31
25.29
25.235
32.372
24.837
25.961
24.782
37.413
37.53
37.646
25.844
24.906
24.851
25.728
37.31
24.44
33.078
24.44
32.681
32.797
37.016
32.914
24.618
32.859
37.42
24.508
25.728
32.53
24.673
32.475
37.989
26.249
37.777
32.708
37.893
32.825
37.838
26.255
37.783
26.372
37.9
33.174
38.017
33.12
25.105
32.55
38.421
26.495
25.509
32.955
38.826
26.729
25.914
26.845
26.03
32.962
27.25
38.092
33.366
37.866
27.654
24.611
33.771
24.556
33.373
33.147
27.778
37.591
33.552
27.668
24.44
33.785
24.556
27.044
33.675
24.789
33.277
37.592
33.394
25.194
33.339
27.455
27.572
37.194
33.346
24.974
33.462
37.262
33.236
25.379
27.353
25.495
26.955
37.612
27.071
25.386
27.017
37.674
27.133
25.619
32.907
25.735
33.023
25.852
27.14
25.283
32.914
27.545
37.016
32.975
32.921
26.694
37.365
32.811
32.585
25.242
27.215
25.015
26.818
25.132
33.106
37.077
27.051
37.022
33.51
25.482
27.455
25.427
27.401
37.201
33.174
25.489
27.805
37.605
26.893
25.722
31.981
37.838
26.612
25.955
32.214
38.243
26.55
26.188
31.961
37.962
26.934
25.393
37.509
27.017
25.797
32.105
25.914
26.907
37.859
27.023
26.147
32.454
26.263
32.228
37.18
27.03
25.468
25.585
31.728
37.53
26.358
24.44
31.728
24.673
31.728
37.016
37.132
25.844
24.734
31.728
37.016
26.187
32.132
37.249
26.42
24.679
25.728
24.44
25.844
37.07
31.789
37.187
31.906
24.446
26.022
26.139
37.016
25.844
24.961
32.475
24.913
26.249
25.029
32.365
26.139
26.084
32.544
25.919
37.249
32.893
37.022
33.01
33.126
25.728
32.53
25.789
37.249
32.633
37.365
25.892
37.482
33.037
26.125
25.899
37.317
32.358
24.748
25.961
37.722
26.077
25.153
26.022
38.126
26.139
25.557
31.741
25.674
31.858
38.647
31.974
38.764
31.919
25.852
26.379
37.969
32.324
37.914
32.441
37.687
25.871
37.804
32.674
32.79
26.221
37.811
33.023
37.756
26.283
37.53
33.085
33.03
24.673
32.975
37.475
24.906
25.728
37.88
33.044
25.31
26.132
25.427
33.03
25.543
32.804
24.803
32.578
24.748
24.693
25.858
24.81
32.146
37.784
32.015
32.132
37.893
24.638
25.961
37.955
32.592
24.789
26.365
24.734
26.482
38.222
32.598
25.139
26.029
38.284
26.146
25.029
32.777
38.346
32.783
25.262
32.9
38.579
26.331
24.556
33.133
26.393
37.297
25.865
33.524
37.187
25.926
33.414
32.845
37.537
32.962
24.796
26.221
24.741
33.366
37.886
26.626
38.003
33.6
25.091
26.859
38.065
33.49
38.01
26.921
24.583
33.037
38.243
26.811
24.474
32.242
38.305
26.358
24.535
32.303
38.538
32.249
38.654
31.851
24.714
31.967
24.83
26.255
24.947
32.372
25.063
26.317
25.18
31.919
24.954
24.899
38.215
37.249
37.365
26.029
37.482
25.803
24.501
24.618
31.844
24.734
25.789
25.906
24.967
32.194
25.084
32.139
25.201
24.974
26.139
37.262
32.317
37.379
32.091
24.81
37.269
31.981
24.871
25.755
37.674
37.448
31.728
25.05
26.015
37.681
32.132
37.797
32.077
25.057
26.194
37.859
32.139
37.633
31.913
37.578
32.029
24.837
26.146
37.811
32.434
24.899
26.207
37.873
32.838
37.646
32.955
37.763
26.557
24.508
33.359
37.153
33.133
26.907
26.681
26.797
24.44
26.399
32.687
24.556
32.633
32.749
24.44
26.523
37.413
32.811
24.844
26.927
24.961
32.873
24.563
32.989
26.763
32.708
32.825
32.598
26.543
31.974
37.016
26.091
37.132
26.036
25.81
37.194
25.926
24.44
31.906
24.556
25.851
24.673
25.967
24.789
25.913
37.016
37.132
31.919
24.563
24.679
31.81
24.796
24.913
32.043
37.543
25.317
31.728
37.777
31.844
25.379
38.181
25.612
31.851
37.729
25.674
25.858
25.79
31.974
38.078
31.748
26.023
31.865
38.483
31.981
26.428
32.098
38.887
26.557
25.804
32.16
38.778
32.105
38.894
26.154
39.299
39.073
31.961
26.503
32.077
39.477
26.194
26.737
32.482
26.853
26.255
39.827
26.029
26.915
32.146
39.717
38.462
25.728
38.579
25.844
25.838
38.469
26.077
25.043
25.851
24.474
31.968
37.201
26.255
24.46
32.372
26.489
37.016
32.605
37.132
26.722
24.563
33.01
26.441
26.043
37.598
32.502
25.029
26.447
37.146
32.393
25.434
26.509
37.379
26.454
37.324
26.571
25.612
26.687
37.214
26.55
25.845
32.496
26.955
25.907
32.9
37.338
27.359
26.311
26.962
25.914
27.078
37.516
31.824
26.318
31.94
37.921
27.085
37.866
37.982
26.613
27.435
37.016
31.837
37.132
27.839
26.963
32.242
37.365
28.244
37.482
28.018
27.484
28.134
37.886
28.079
27.889
31.728
38.291
26.922
28.086
37.667
28.203
37.784
27.1
31.844
37.845
27.846
27.298
37.249
27.243
37.022
31.817
25.996
27.476
37.427
27.593
26.401
27.709
26.346
27.654
24.44
31.844
24.44
31.728
27.044
24.556
32.132
32.249
24.618
32.022
24.734
25.796
31.913
37.016
25.858
24.789
31.974
24.803
26.139
31.741
26.372
31.974
24.755
26.434
24.44
31.865
24.556
26.324
37.187
26.441
24.618
32.214
26.845
32.619
24.501
32.393
37.475
32.509
26.454
37.255
25.885
24.858
26.002
37.317
32.804
24.44
26.063
37.242
33.209
26.468
24.44
31.878
37.413
25.728
37.016
31.844
24.673
26.132
24.446
31.734
37.249
25.728
24.508
25.844
24.625
24.741
32.022
37.886
25.146
38.291
38.408
38.524
31.728
25.269
25.728
25.386
38.702
31.728
38.648
25.844
25.564
25.961
38.709
25.454
32.194
38.428
25.859
32.255
38.147
26.201
37.235
25.803
37.18
25.919
37.297
32.207
24.899
25.981
24.673
25.755
37.304
25.871
37.249
32.331
37.365
32.105
25.139
25.878
24.741
31.823
37.029
26.283
24.906
37.365
25.844
25.31
31.961
37.77
26.249
25.715
26.365
38.174
32.139
37.948
32.084
25.722
26.372
38.181
31.974
26.126
26.777
38.243
32.379
38.36
27.181
25.962
26.269
38.421
38.024
25.988
37.797
25.933
25.228
25.728
25.173
25.118
31.728
37.749
26.015
25.523
31.844
38.154
31.961
38.099
25.967
24.844
37.304
25.728
24.906
31.844
25.844
37.249
37.022
31.728
37.139
26.187
37.084
32.132
37.201
26.42
26.365
37.016
32.653
37.132
32.427
24.44
26.543
32.831
37.016
26.605
33.236
26.838
24.446
26.955
33.243
27.188
33.476
26.735
26.852
26.969
24.673
32.742
24.789
26.173
37.42
32.29
24.851
25.892
32.009
24.741
26.297
32.07
37.317
32.187
37.262
26.475
32.42
26.537
37.016
31.967
24.529
26.427
37.16
32.201
37.105
26.831
24.535
32.605
37.509
27.236
24.94
33.01
37.742
27.126
25.002
27.071
37.976
27.188
25.063
33.133
37.523
32.907
24.954
32.852
37.413
32.969
25.358
25.728
25.132
32.701
37.42
32.132
25.365
25.906
37.653
31.851
25.598
26.139
26.372
37.194
26.605
24.7
32.208
37.16
26.495
24.762
32.441
37.221
26.729
24.823
26.845
26.619
37.372
32.564
37.489
26.681
25.091
32.797
37.893
32.571
25.495
27.03
25.269
32.976
37.214
32.921
24.673
27.38
37.132
27.325
25.077
26.756
37.022
26.358
25.139
26.475
37.427
25.372
26.022
25.489
31.906
25.262
37.55
31.728
25.495
31.844
37.784
26.303
25.386
38.017
25.276
37.317
37.262
37.379
31.728
37.016
24.618
25.728
25.844
31.961
24.618
32.077
37.016
37.132
31.844
37.249
26.132
26.249
24.44
32.194
26.31
32.255
37.077
32.029
37.016
25.974
24.618
32.091
37.077
25.865
24.851
32.153
24.967
32.269
37.427
26.043
25.372
32.502
24.974
32.619
37.434
32.735
32.681
32.797
37.016
26.571
24.44
33.03
25.947
32.749
26.18
33.154
24.44
33.27
33.387
24.501
25.961
24.618
37.249
32.516
24.851
25.947
32.694
26.125
25.317
32.927
25.434
32.873
25.55
26.646
37.838
26.763
25.783
33.394
38.072
27.167
38.188
33.455
32.715
32.489
26.777
24.769
32.893
37.914
26.838
37.688
26.955
37.804
33.243
37.921
27.359
37.921
27.305
38.037
33.593
24.611
27.538
33.997
24.789
27.428
37.989
34.059
24.734
27.661
34.463
24.57
27.894
37.715
34.697
37.372
28.299
28.415
27.846
37.722
34.991
28.079
37.612
27.682
33.627
24.446
27.743
38.106
33.86
24.679
33.805
24.796
33.922
24.741
27.695
38.229
33.812
38.346
28.1
34.045
24.556
28.333
24.501
34.278
37.016
28.566
28.511
37.132
28.628
28.745
24.741
28.347
24.858
34.121
34.237
28.354
24.865
27.785
33.387
37.132
27.675
25.249
33.62
37.194
28.079
37.139
28.196
33.97
25.509
28.601
37.283
34.203
25.399
33.977
24.83
28.607
37.633
34.21
25.063
29.012
37.352
34.443
25.468
28.902
37.756
29.019
25.358
34.621
37.132
34.738
37.249
29.54
29.485
24.453
29.602
24.57
34.175
24.686
28.292
28.066
28.182
33.613
33.73
24.501
28.361
37.016
28.134
28.079
24.44
34.025
37.242
28.141
37.358
34.429
24.789
27.517
24.906
27.634
37.88
33.579
25.31
27.695
37.941
27.812
24.44
34.1
24.44
33.874
33.99
24.501
27.421
24.618
33.195
33.14
27.257
37.016
27.202
24.961
33.49
24.858
27.435
37.146
33.209
25.091
27.154
37.208
26.756
26.873
26.475
37.543
32.249
25.317
32.194
25.434
32.31
25.55
26.941
25.509
27.058
37.112
27.174
25.914
32.777
26.03
27.579
37.461
32.495
37.406
32.612
26.551
32.557
26.668
27.702
37.756
32.79
37.358
27.593
26.503
27.497
37.763
27.613
26.222
31.728
37.825
27.387
26.455
38.229
25.831
26.825
25.605
26.77
37.893
38.01
31.844
25.441
26.434
25.557
26.55
25.674
25.79
25.564
37.338
25.626
37.571
31.844
25.345
26.475
37.633
32.249
25.578
32.022
25.009
26.482
37.639
32.427
25.242
32.543
25.015
27.003
37.646
32.777
24.906
32.722
25.022
32.667
37.482
32.612
25.255
32.386
25.201
26.502
24.631
32.79
24.748
32.393
24.693
26.681
32.797
24.577
26.571
37.208
32.345
32.118
25.892
24.44
32.009
24.44
32.125
26.242
31.844
24.618
26.132
24.44
32.077
37.242
32.194
24.844
26.139
26.084
32.372
24.44
32.489
37.249
31.728
37.132
31.728
31.844
24.44
31.961
37.07
25.906
24.501
32.022
26.31
24.501
26.255
31.728
37.132
31.844
24.734
25.961
31.906
37.31
26.022
25.967
31.913
37.317
26.201
37.262
24.734
25.728
25.844
31.961
26.077
32.365
26.482
37.016
32.77
32.886
37.016
26.831
24.961
33.12
25.077
27.236
37.249
26.495
26.612
37.139
26.557
25.255
26.674
24.858
33.305
24.631
33.078
37.262
26.852
37.379
33.14
24.81
27.085
37.441
33.202
24.871
27.49
37.845
33.092
24.933
33.209
25.05
33.325
33.442
25.139
27.215
37.941
26.475
38.058
26.591
38.174
32.537
37.948
32.482
25.55
26.941
38.181
32.886
25.269
27.174
38.243
27.291
25.674
27.236
25.79
32.495
25.735
32.441
27.243
24.94
32.331
37.482
32.447
24.913
32.564
37.886
26.681
25.146
26.797
37.948
32.914
25.55
27.03
37.838
26.975
37.441
32.578
24.7
24.817
37.79
37.564
24.556
24.673
25.789
24.734
25.728
24.851
31.728
37.194
26.077
24.796
32.022
24.913
37.543
26.084
24.803
25.858
37.777
31.844
37.722
31.789
25.153
24.583
24.501
31.961
37.132
32.077
37.077
25.022
25.844
37.31
32.475
37.427
25.906
37.372
32.708
24.974
32.825
37.016
26.084
24.446
32.495
37.249
25.755
24.679
32.9
37.31
25.988
37.016
31.762
31.728
37.016
26.015
25.132
25.961
37.42
26.077
25.194
32.194
25.139
26.482
37.77
32.598
24.686
26.886
38.003
32.66
32.777
24.556
26.036
37.873
26.153
24.961
32.098
38.106
32.043
24.851
26.159
24.796
32.447
37.77
32.221
37.544
26.509
25.146
25.262
37.893
31.919
25.153
37.612
25.961
25.043
32.249
38.017
25.728
24.933
37.736
31.844
37.605
37.379
25.728
24.638
37.269
25.728
25.043
25.844
24.988
31.789
24.933
37.564
31.961
25.166
25.906
37.454
37.399
37.516
25.913
37.153
31.858
26.146
24.44
32.262
37.413
26.379
24.844
32.153
24.789
26.269
37.249
31.872
37.077
37.022
31.844
37.139
31.961
37.255
25.734
24.686
31.851
24.803
37.262
24.693
25.728
32.016
24.796
31.789
37.256
26.077
25.201
31.728
37.66
26.015
37.605
25.722
25.153
31.728
24.755
26.53
37.386
31.961
25.159
32.077
37.619
27.051
37.221
26.482
25.509
32.139
25.626
26.276
37.4
31.878
24.659
26.681
37.461
32.283
37.235
32.057
25.009
26.687
25.125
26.633
24.727
32.578
24.673
32.694
24.789
26.639
37.249
32.07
25.194
26.187
37.482
24.913
37.249
25.796
24.679
37.482
37.598
31.851
24.686
25.967
37.489
24.44
31.728
37.585
37.441
31.789
25.906
32.022
37.79
31.967
24.707
25.728
37.509
25.844
25.111
25.961
25.228
32.077
25.345
31.851
25.29
37.406
37.523
31.844
37.639
31.961
37.413
26.249
25.187
32.022
25.303
26.31
25.077
26.255
37.132
32.543
24.906
26.66
32.777
25.091
32.55
37.379
27.01
25.324
26.441
25.441
32.729
37.557
26.845
37.331
33.133
27.078
33.195
24.673
32.969
24.618
26.399
37.249
26.345
24.851
32.804
24.453
26.406
37.139
32.523
26.811
24.44
25.899
37.242
25.858
37.379
25.974
37.495
31.92
31.865
31.981
24.44
26.269
37.756
26.386
37.564
26.502
24.652
32.105
37.797
31.878
37.399
31.995
24.487
25.94
32.022
37.016
25.967
24.618
32.255
37.249
31.728
25.022
26.015
37.653
31.961
37.598
31.906
25.543
25.961
25.489
25.605
31.728
25.55
24.981
31.961
25.098
26.029
25.214
31.803
25.269
26.262
32.208
37.249
32.194
37.365
26.653
26.331
25.454
32.448
37.571
26.735
25.002
32.681
24.947
27.14
27.257
24.837
32.859
37.297
27.49
25.242
26.406
25.358
32.694
37.304
32.811
26.585
25.194
32.53
25.31
31.961
26.591
37.249
26.708
37.365
26.653
24.453
24.57
31.728
37.886
26.187
38.003
32.132
24.851
37.825
25.961
24.913
26.077
37.886
32.022
38.003
26.31
25.091
32.427
38.065
32.544
25.324
25.974
25.441
32.262
25.557
26.207
37.502
37.105
31.728
24.878
26.53
26.646
31.906
26.537
24.789
32.139
26.427
37.016
32.543
24.625
26.317
37.084
32.777
26.722
33.181
27.126
37.482
33.586
33.702
37.201
27.476
27.25
24.44
33.023
37.242
27.483
24.844
33.428
27.887
24.44
27.833
37.132
33.778
27.894
24.44
28.011
27.613
24.673
27.558
33.503
27.449
24.508
33.565
37.996
33.682
37.427
33.455
24.858
27.572
37.077
33.86
27.291
24.44
33.065
27.353
33.469
24.44
27.586
37.07
32.845
27.133
37.249
27.25
33.023
27.14
24.44
33.257
27.03
24.44
33.49
37.585
33.435
37.016
27.209
24.618
33.325
33.442
33.558
26.818
37.016
33.106
24.618
26.708
37.132
32.653
26.427
37.132
32.543
32.66
24.44
26.777
24.556
32.379
24.673
26.667
24.789
32.441
24.906
26.386
25.022
32.674
24.967
26.79
37.598
32.907
37.372
33.023
25.489
32.797
37.777
32.742
25.722
32.687
25.495
32.804
37.784
26.921
37.386
33.209
24.988
26.153
24.933
26.269
37.05
32.386
24.481
26.331
37.283
32.619
32.736
24.556
26.338
32.797
26.742
32.859
37.132
32.976
26.578
24.44
33.209
37.585
26.811
24.673
26.756
24.618
26.53
37.489
32.475
24.748
26.42
37.893
32.022
25.153
31.796
37.955
26.084
25.557
31.858
38.359
25.79
37.735
26.084
24.652
25.728
24.618
37.763
25.728
37.461
32.187
24.549
32.132
37.866
26.249
24.782
32.365
25.796
37.016
25.844
24.446
32.132
37.132
31.967
25.913
32.201
24.906
32.146
37.194
31.919
24.967
26.207
37.427
26.324
37.372
32.098
24.803
26.729
24.919
26.159
37.55
32.105
25.153
26.564
37.955
25.557
25.159
25.276
25.926
25.221
37.852
31.961
37.969
31.906
37.914
25.878
25.516
31.824
25.633
26.283
38.435
32.228
26.037
32.345
32.29
26.406
32.523
37.016
26.297
37.132
32.07
24.906
26.358
25.022
26.475
37.482
26.591
25.255
26.708
37.886
32.482
25.66
26.77
38.291
31.858
25.55
31.803
38.181
38.126
25.729
25.844
38.531
25.276
31.728
24.878
26.015
24.823
37.626
25.728
24.885
31.844
24.83
31.961
24.775
25.906
24.892
32.022
37.694
24.782
31.728
37.585
31.844
37.53
37.303
24.906
25.728
37.016
32.016
24.618
25.789
37.249
32.077
24.508
26.194
24.453
32.31
37.016
26.084
24.789
32.372
32.146
32.091
37.249
25.865
37.31
31.728
24.44
31.728
26.015
24.556
25.961
37.016
31.734
24.44
25.728
37.242
31.906
37.249
25.851
25.967
37.31
32.427
32.543
32.317
24.446
26.091
37.592
26.207
24.679
32.495
37.324
26.269
37.098
32.386
26.674
32.79
24.906
26.907
25.022
33.195
37.139
33.14
25.427
32.742
25.029
27.03
25.146
27.147
37.605
33.263
25.379
27.551
38.01
27.668
25.441
33.613
38.072
33.558
25.331
33.675
25.105
33.449
37.564
33.222
25.166
32.996
25.283
33.113
38.085
32.886
25.173
32.66
25.29
26.262
25.406
32.207
37.18
26.667
37.365
32.098
24.625
25.728
24.44
25.728
37.756
31.961
31.734
24.446
31.728
24.508
25.844
37.31
25.789
32.077
24.44
25.851
37.242
24.844
37.304
25.077
25.194
31.728
37.482
25.084
25.029
31.728
26.015
26.132
37.016
37.132
26.201
25.42
32.317
25.537
26.434
26.55
32.496
37.132
26.783
25.763
37.365
26.674
25.996
26.79
37.598
32.736
25.715
37.831
32.331
37.948
27.133
25.036
32.393
38.181
32.338
38.298
26.111
25.557
32.571
25.674
32.687
25.105
32.461
37.735
32.235
37.852
26.523
25.283
25.954
38.257
26.07
38.03
38.147
37.749
37.866
25.728
25.125
31.844
38.27
26.132
25.53
26.077
38.675
32.194
25.934
32.31
25.708
32.084
38.853
32.201
25.427
25.974
38.058
32.434
25.489
26.036
25.262
32.838
26.441
32.9
24.556
32.845
37.187
26.447
32.736
37.016
26.681
33.14
24.44
27.085
24.556
33.545
26.804
26.578
24.44
33.037
37.413
33.154
33.099
24.501
26.358
37.646
32.303
26.763
37.777
32.708
24.865
26.31
24.981
26.427
32.715
25.146
26.489
25.262
32.434
37.105
26.722
24.878
26.838
37.338
32.612
37.454
26.9
24.885
32.502
37.516
32.619
32.735
37.406
27.538
32.797
32.742
24.44
27.373
37.077
32.804
24.508
26.406
37.482
26.523
32.639
32.756
24.44
26.187
37.242
25.728
24.44
25.728
37.016
24.789
25.728
31.728
31.844
24.796
26.132
37.201
32.249
37.317
32.365
26.653
25.091
32.427
37.722
26.886
25.324
26.831
32.605
37.249
27.065
37.194
33.01
24.625
27.469
37.255
33.414
24.686
27.702
37.317
33.305
26.564
24.515
26.681
24.631
33.483
33.257
24.693
27.03
33.49
33.606
27.209
37.255
33.839
37.372
27.613
24.631
34.073
24.748
28.018
34.306
37.667
34.251
28.025
37.557
33.97
37.674
33.915
24.933
28.374
38.078
28.148
24.823
28.265
24.769
28.21
24.885
33.126
26.9
33.531
27.305
33.421
24.981
27.538
24.926
32.454
26.742
32.859
37.016
26.975
24.446
27.092
37.077
33.037
37.022
27.497
37.139
27.613
24.57
33.215
37.543
32.989
24.974
26.591
25.091
26.365
37.893
32.482
24.81
26.255
37.441
32.715
25.214
32.831
37.674
32.091
25.105
26.207
25.221
31.81
25.166
26.269
25.111
32.043
25.228
25.345
31.728
37.633
31.728
37.016
25.132
26.207
37.42
26.153
25.537
26.269
37.482
32.386
37.598
26.502
37.543
32.79
25.66
26.564
26.338
37.029
26.454
25.146
25.091
31.81
37.379
26.441
25.153
32.214
24.583
26.674
24.7
32.619
32.05
24.618
32.166
24.734
26.283
31.885
37.132
25.83
37.249
25.194
31.728
37.653
26.139
25.084
26.255
37.715
24.974
31.728
37.948
26.015
37.722
32.132
25.495
26.249
38.126
26.194
25.214
32.139
38.531
25.447
25.844
25.564
31.961
24.823
31.844
37.016
26.303
24.446
31.734
31.851
24.673
24.618
31.728
24.44
26.015
37.07
25.844
31.728
31.844
25.961
37.016
32.249
24.961
26.022
37.077
32.31
37.022
26.427
24.625
26.201
26.317
37.016
26.262
24.789
32.379
37.077
26.153
24.851
31.926
24.796
26.043
24.57
32.331
24.556
26.276
32.564
32.509
37.016
25.728
31.748
24.913
26.036
32.153
26.441
26.557
37.016
26.502
37.132
32.619
37.249
26.907
24.7
32.509
26.797
26.742
24.44
26.859
37.249
32.804
24.679
27.092
24.625
33.209
37.427
27.325
37.543
33.613
24.803
27.73
37.777
26.475
37.379
31.906
26.365
37.016
26.31
26.255
24.44
26.029
37.242
25.803
24.673
25.919
32.036
32.153
26.269
24.556
32.386
37.194
26.331
24.796
32.447
37.427
32.393
37.029
26.338
25.146
32.454
25.262
26.571
37.55
26.516
37.495
26.29
25.441
37.9
26.372
25.845
31.974
25.79
31.728
37.907
26.195
31.789
26.311
38.085
26.557
26.202
31.817
26.147
25.921
26.393
26.037
26.509
25.468
31.769
25.585
31.885
25.701
32.002
37.475
26.804
37.591
32.235
37.708
37.825
26.811
37.941
26.927
26.572
27.044
37.831
27.161
26.977
32.077
27.093
27.038
37.612
27.627
26.071
31.858
37.674
31.974
26.476
27.634
37.564
32.207
26.366
27.867
37.797
31.755
26.599
27.243
26.373
32.159
26.147
27.476
26.263
37.016
25.646
26.571
25.694
26.687
37.297
26.804
25.927
31.892
25.873
32.009
37.475
27.325
25.763
32.413
25.708
32.358
25.139
26.989
25.255
31.858
26.653
25.262
37.077
31.789
26.934
32.194
25.331
27.167
32.255
27.058
32.66
27.462
33.065
27.867
24.947
27.641
25.063
27.414
37.351
32.845
37.468
27.819
24.899
33.078
37.53
28.052
24.961
28.169
24.906
27.771
25.022
33.545
37.653
28.175
25.255
33.778
38.058
33.38
25.317
27.839
24.919
33.099
24.693
33.044
24.81
32.989
24.755
26.934
37.386
26.708
24.988
32.482
24.59
26.598
24.707
32.029
37.338
25.755
24.556
31.872
37.187
31.988
24.789
31.762
37.249
25.728
31.844
25.961
24.44
31.906
24.556
26.022
24.44
25.796
37.016
37.132
31.728
24.556
31.728
37.016
31.844
24.618
25.789
24.673
31.906
37.304
26.022
37.42
24.508
25.844
26.077
37.132
25.851
31.968
37.194
25.913
24.625
32.201
37.255
25.974
24.686
26.091
37.489
32.208
37.262
26.324
25.207
32.441
24.81
32.557
24.865
26.674
32.79
25.098
32.907
27.023
37.016
26.969
24.961
32.742
37.249
26.859
37.194
32.633
24.796
27.092
37.427
26.694
25.201
26.468
37.317
24.919
31.789
25.789
25.906
24.858
32.022
26.31
31.741
26.201
25.153
26.317
37.269
26.262
25.043
26.379
37.674
31.81
25.276
26.783
25.393
32.214
38.024
25.797
38.428
25.516
31.789
38.147
25.728
38.264
31.844
25.866
25.811
25.906
38.27
31.851
26.044
38.675
26.255
26.449
38.394
31.844
25.996
26.113
38.572
25.906
26.517
31.728
26.291
26.187
38.579
26.524
26.641
31.906
25.386
37.674
37.79
31.844
24.878
26.132
37.509
25.906
25.111
25.851
37.742
25.844
25.173
38.147
25.578
24.837
25.967
37.639
25.913
32.201
37.016
25.728
24.789
25.844
37.42
25.789
25.022
31.906
37.825
32.022
25.255
26.139
37.372
32.256
25.489
26.029
25.434
32.427
37.893
26.372
38.01
32.317
25.955
32.434
38.243
26.55
38.017
32.667
37.276
32.612
37.393
27.071
37.509
26.845
37.016
26.105
32.221
32.166
24.556
25.94
24.673
26.057
37.249
24.679
25.728
37.482
31.728
24.913
37.886
26.077
25.146
38.119
25.967
24.522
31.913
24.638
26.201
24.618
26.262
37.42
31.789
37.537
24.796
25.789
24.913
24.686
32.255
37.489
32.201
37.434
32.317
37.55
32.434
37.324
32.55
37.269
25.981
25.214
32.955
37.674
26.214
25.447
26.331
25.393
26.447
24.44
33.25
24.44
33.195
32.626
37.016
26.228
37.132
33.03
31.844
37.194
31.961
37.31
32.077
37.427
25.728
25.728
24.44
32.016
26.132
24.556
32.42
24.673
32.194
37.818
26.139
37.934
32.256
24.508
32.201
38.168
26.317
24.741
31.92
31.865
37.016
24.618
37.249
31.906
24.508
25.728
24.673
37.304
37.077
25.844
32.475
24.44
32.592
24.556
26.365
37.358
32.825
24.618
26.255
24.673
32.715
32.564
25.844
37.016
32.646
37.132
32.249
37.077
26.022
32.653
24.446
26.084
37.42
32.886
37.537
26.146
24.796
26.262
37.77
32.893
37.715
26.495
24.974
33.298
38.12
26.557
37.729
33.188
25.159
26.276
37.619
33.421
25.05
33.538
38.023
26.797
25.111
26.914
24.885
33.373
38.373
27.318
24.775
33.778
37.578
27.723
25.009
34.182
25.125
27.613
38.099
34.244
38.044
34.361
25.303
33.963
25.077
27.394
25.022
27.339
38.51
33.97
38.627
33.915
24.686
27.86
24.803
34.319
38.462
34.265
24.522
28.038
24.638
32.955
37.783
33.071
24.44
31.844
24.556
31.728
37.873
31.844
24.446
26.132
37.592
32.077
32.194
24.796
31.967
26.255
25.858
37.749
31.803
24.666
26.262
37.811
32.036
37.756
31.981
24.844
26.098
37.818
24.906
31.851
24.508
31.967
37.016
32.084
24.789
32.201
24.734
25.974
32.605
32.379
24.679
26.153
24.625
32.783
32.729
24.686
26.331
24.803
26.276
32.564
24.865
25.995
24.467
32.283
31.728
24.44
26.358
37.413
24.844
32.077
37.646
32.022
37.592
31.967
24.851
24.796
25.728
32.262
24.556
37.701
32.153
24.961
32.098
24.906
31.871
37.708
25.988
37.825
31.933
25.255
37.544
26.022
25.66
26.139
25.777
37.208
31.728
37.324
26.605
26.55
32.153
37.372
26.783
37.489
32.386
37.434
27.017
24.693
32.79
24.467
32.907
37.783
32.509
24.7
32.454
24.501
26.399
32.688
32.29
24.44
32.406
37.242
26.18
37.187
32.811
24.789
32.413
26.358
24.679
25.961
37.139
26.077
24.57
31.851
37.544
26.31
24.803
32.084
32.029
37.201
32.146
24.974
25.844
32.304
24.913
26.249
37.201
32.708
24.974
26.653
37.605
32.941
25.036
26.715
24.81
26.831
24.583
32.948
26.379
24.556
33.01
32.955
37.016
32.729
32.674
24.673
26.105
31.885
25.83
37.249
32.29
37.365
26.235
32.351
26.468
24.44
26.413
37.928
32.701
24.673
26.646
38.161
26.42
25.077
26.194
38.565
32.31
25.482
26.255
38.97
32.372
25.715
32.146
38.86
32.091
25.777
26.722
37.797
32.153
37.914
32.269
26.386
31.988
37.235
26.276
24.556
26.221
37.53
32.338
26.111
37.016
31.728
26.015
31.961
26.249
37.016
32.365
26.482
32.598
26.715
26.831
37.132
32.948
24.563
27.236
24.679
27.181
24.796
27.298
37.427
27.414
25.029
27.359
37.317
33.133
25.262
27.078
37.722
33.366
24.981
32.969
25.098
26.571
37.557
26.345
25.331
32.633
32.578
37.194
32.694
26.639
24.673
26.413
32.358
26.646
24.44
26.763
37.242
26.194
24.673
26.31
37.194
25.741
37.139
32.029
25.844
37.372
32.132
37.317
25.734
24.577
31.851
37.55
37.667
25.728
25.844
24.501
31.844
24.618
25.789
37.934
25.734
37.537
31.851
24.625
26.139
37.084
31.728
31.844
37.016
31.961
37.016
37.132
25.728
24.44
31.844
37.413
25.961
24.501
31.906
24.618
37.763
31.844
24.734
37.194
37.139
25.961
24.913
25.906
24.686
32.365
24.631
25.796
37.016
24.618
31.728
24.673
31.728
37.365
31.961
26.077
37.132
26.077
37.249
32.194
26.139
37.016
32.427
24.618
32.372
37.077
26.146
37.194
32.777
24.796
32.722
37.598
26.324
37.201
32.612
24.631
25.871
37.434
32.331
37.379
26.105
25.153
25.878
25.098
32.509
25.94
37.132
32.4
32.345
37.365
32.29
24.796
26.406
37.598
26.009
25.201
25.782
24.631
31.789
24.44
31.906
37.585
26.194
24.556
37.873
37.989
32.201
37.962
25.803
32.605
24.44
32.379
37.585
25.81
24.501
37.475
25.728
24.851
25.844
24.967
31.789
37.598
25.906
25.372
31.851
38.003
26.31
37.434
25.207
31.906
37.838
26.489
25.269
31.728
24.871
26.015
38.017
31.961
38.133
38.078
25.166
25.283
38.257
31.858
25.345
38.318
31.919
38.435
32.036
38.037
25.81
38.154
25.755
38.099
32.386
25.358
26.159
37.304
32.447
37.42
26.393
24.44
31.728
37.585
26.015
32.132
37.132
37.194
24.453
37.598
32.029
37.543
31.974
37.317
25.919
37.262
32.379
32.495
26.269
37.441
32.9
26.674
24.44
32.962
24.44
27.078
24.44
33.366
24.556
26.969
33.599
24.44
27.03
37.249
33.833
37.365
27.435
37.31
34.066
24.57
27.668
37.372
33.613
24.803
33.73
37.777
33.846
25.207
33.963
33.908
34.025
24.44
33.113
33.058
24.44
25.974
37.585
33.462
26.207
33.524
37.399
32.955
33.071
25.988
24.556
26.105
24.673
25.878
33.023
24.563
32.797
37.88
25.885
24.967
38.284
32.461
38.401
26.063
38.346
32.866
38.462
32.811
38.408
32.927
24.638
33.044
24.755
25.961
24.871
25.734
39.045
24.933
24.796
33.058
38.456
25.974
38.401
32.948
38.517
26.036
24.748
33.181
38.236
33.298
24.638
26.386
38.298
33.702
25.043
26.79
38.531
26.907
25.447
33.709
25.564
26.454
25.681
33.771
25.797
33.887
25.914
33.833
26.03
33.435
39.004
33.38
26.435
32.811
39.409
39.354
26.975
26.785
39.416
26.694
39.532
33.325
39.649
27.099
39.422
33.558
25.825
27.503
38.627
26.763
38.25
26.708
32.825
26.598
24.693
26.715
38.696
32.831
24.926
27.119
33.065
37.866
27.524
37.982
33.469
25.07
27.929
38.215
27.359
25.303
27.305
38.62
27.25
38.565
32.852
25.653
27.483
38.455
27.599
38.058
33.202
25.66
27.661
38.119
27.606
25.893
33.037
37.495
27.839
26.126
27.956
33.558
28.189
25.941
33.277
26.058
28.594
26.003
27.853
26.119
32.598
26.236
27.915
26.353
28.031
37.269
27.977
26.586
32.036
26.702
37.276
37.393
26.709
37.626
27.819
26.599
27.935
37.687
31.995
37.317
28.34
32.228
31.83
37.016
27.661
37.132
27.435
25.53
27.037
37.475
26.982
25.934
32.07
37.708
27.387
26.339
27.503
25.598
27.62
37.201
32.365
25.831
26.825
25.777
26.941
27.003
37.016
25.674
32.022
25.79
27.167
27.284
25.852
27.058
32.317
37.016
27.462
32.722
26.318
32.838
32.783
27.757
32.502
27.99
28.107
28.223
37.016
27.654
25.989
32.399
37.249
27.716
26.394
27.661
37.653
27.606
26.113
32.523
38.058
28.011
38.003
28.127
26.462
32.873
38.065
32.475
38.181
27.62
25.955
32.537
25.9
27.682
25.502
27.455
37.276
27.401
25.907
32.489
37.166
27.805
37.283
32.893
26.085
28.038
25.687
32.783
37.016
27.243
27.359
31.933
25.873
27.25
37.303
32.166
24.906
27.483
25.022
32.571
27.887
32.633
28.292
25.146
28.237
32.811
24.865
27.785
37.324
26.701
24.583
26.818
37.557
32.42
37.331
27.051
37.276
32.31
24.535
27.113
32.201
24.556
32.317
37.187
26.434
31.728
24.734
25.844
24.851
31.961
24.967
32.077
37.256
26.365
25.201
32.482
37.317
26.77
25.434
32.715
25.55
32.66
25.495
32.777
37.441
32.55
25.9
27.01
37.674
31.755
24.933
31.871
25.817
25.844
32.139
37.016
25.741
24.44
32.201
32.146
25.748
24.44
24.44
37.31
31.755
24.57
26.043
24.556
37.091
24.693
31.728
37.153
25.844
25.789
37.077
32.077
37.194
32.194
37.31
32.31
24.57
26.084
32.715
24.44
32.029
37.585
37.55
32.262
37.667
25.865
37.612
32.324
24.7
25.755
24.817
32.557
37.016
32.502
25.132
25.933
25.249
32.907
25.365
26.077
37.016
32.571
24.44
32.633
24.673
26.235
26.351
37.598
32.639
37.543
26.242
32.701
37.434
32.818
25.036
26.591
24.981
32.879
37.783
26.825
24.7
33.284
38.017
27.229
24.44
27.174
33.805
38.023
27.407
37.797
34.21
24.885
34.155
38.202
27.414
37.804
34.388
24.796
34.333
37.941
26.564
25.201
26.681
25.317
32.797
26.742
37.646
26.687
25.591
32.804
25.365
27.092
37.825
33.037
26.982
27.099
38.174
32.187
26.818
24.44
32.249
27.222
38.126
27.167
38.071
32.427
24.645
27.229
38.476
32.831
25.05
27.119
38.881
33.065
25.283
33.181
37.914
26.783
38.03
26.729
37.633
33.359
24.549
32.619
37.694
27.078
24.611
26.852
37.242
26.969
27.085
31.728
24.44
37.242
31.844
25.789
31.906
24.556
24.673
31.967
37.475
25.913
37.592
32.372
24.851
26.146
24.625
32.262
37.427
25.865
24.556
31.728
24.446
25.728
37.016
37.132
25.789
32.077
25.851
37.016
32.31
32.255
37.077
32.372
37.31
25.728
32.53
26.132
24.789
25.906
37.592
25.851
25.194
32.996
37.825
26.255
25.598
26.372
25.715
33.346
38.174
33.12
25.434
25.207
26.029
37.324
32.345
37.441
26.118
25.214
32.578
37.674
26.009
25.447
26.125
37.907
32.413
32.187
37.605
26.646
24.865
26.591
37.838
32.537
24.926
26.31
38.243
32.941
25.159
26.372
24.933
33.346
38.593
33.462
24.995
26.893
38.654
32.838
25.228
26.098
38.202
32.043
25.461
32.159
38.606
32.276
25.866
26.393
38.668
32.338
38.27
32.111
38.044
26.742
25.303
26.345
25.42
26.118
37.879
31.892
25.31
25.728
38.284
25.372
25.146
32.022
25.262
25.036
38.867
38.641
31.728
25.557
39.045
25.844
25.105
31.961
24.563
31.906
26.022
24.796
25.967
37.256
26.084
31.858
24.46
31.974
24.44
26.262
24.556
32.208
37.358
26.495
37.475
26.441
37.592
37.427
31.728
37.029
26.015
24.803
32.132
37.262
26.42
25.207
32.365
25.324
32.482
25.269
26.255
37.9
32.029
25.331
31.803
24.59
31.919
32.036
37.016
26.153
24.563
25.844
37.31
25.789
37.255
25.734
37.029
24.974
25.967
37.434
32.084
25.207
26.201
25.153
32.489
25.269
26.605
25.386
32.722
37.159
32.153
25.447
26.612
37.564
32.557
25.509
26.331
25.571
26.564
25.516
31.995
37.016
26.969
37.132
32.4
27.03
25.468
32.118
37.07
32.235
37.016
27.209
27.325
27.442
26.873
24.625
26.303
24.741
31.906
24.515
26.365
37.249
26.139
37.365
26.084
37.482
31.728
24.741
37.201
24.803
25.728
24.919
31.844
37.036
26.132
24.467
37.441
37.139
37.084
25.029
25.844
37.016
31.961
26.249
32.365
25.146
26.653
37.262
32.77
24.865
27.058
33.174
24.44
27.291
27.236
24.501
27.181
24.618
26.955
24.734
32.557
37.022
26.502
24.796
26.105
24.913
31.844
37.029
37.146
37.262
24.865
31.961
24.981
26.249
24.926
32.365
26.653
37.317
32.77
37.434
26.715
37.379
31.974
37.495
26.605
37.441
32.207
26.838
37.159
32.269
37.105
26.557
24.707
26.674
37.509
32.79
37.626
32.907
37.228
26.338
32.626
24.44
26.571
37.242
26.345
37.358
26.461
26.578
24.44
32.523
31.954
24.44
32.07
24.44
26.187
24.44
26.303
31.728
31.844
24.508
32.077
37.31
26.022
24.741
32.139
37.715
26.427
24.974
26.543
37.777
32.66
37.55
26.948
37.153
32.722
24.583
26.324
32.955
32.9
24.734
26.845
24.508
32.619
37.31
26.735
33.023
24.686
33.14
27.085
24.919
33.545
37.379
27.318
25.324
33.606
25.269
27.551
37.386
34.011
24.645
27.27
37.619
33.558
37.736
27.503
33.963
33.908
28.025
24.556
33.113
27.572
24.446
27.174
24.563
33.291
37.537
27.065
27.01
26.612
37.345
32.9
37.461
26.845
24.549
32.619
32.393
26.852
37.413
32.797
24.501
32.571
24.446
26.859
24.563
26.29
37.365
26.235
37.482
31.844
24.741
24.858
37.146
25.789
25.262
25.906
37.55
31.741
25.324
31.858
37.955
31.974
25.729
38.017
24.933
25.748
24.535
25.728
24.481
25.844
31.961
24.556
32.077
37.016
24.446
32.139
37.249
25.741
37.194
32.543
24.796
32.317
37.427
26.091
25.029
32.55
37.489
25.091
25.844
37.893
32.132
37.838
25.269
25.851
25.214
25.796
25.159
31.728
37.619
37.736
31.961
37.338
26.077
37.454
26.022
24.542
37.345
24.44
24.556
31.851
37.379
37.495
31.728
37.441
31.728
24.529
25.844
24.474
25.961
37.016
31.734
37.132
24.563
31.728
24.679
25.844
37.31
37.194
31.728
37.016
24.618
25.728
37.42
25.022
25.728
37.825
32.187
37.77
32.304
37.543
37.317
25.728
24.577
32.701
32.489
37.132
32.722
25.981
37.132
32.955
37.016
25.728
24.789
32.701
24.906
32.818
37.022
25.728
37.016
33.044
37.132
32.687
25.775
24.44
25.728
37.482
32.701
37.598
32.818
24.686
37.831
25.844
37.893
25.961
24.638
32.708
38.126
25.967
24.44
33.113
38.099
26.372
37.873
33.003
25.919
33.236
38.14
33.353
33.126
37.859
24.556
33.359
38.216
25.762
24.961
33.764
38.62
26.166
25.194
33.826
25.31
26.228
38.456
34.23
25.543
34.347
38.86
34.463
38.805
26.866
38.922
34.868
26.01
26.585
38.469
33.901
26.071
26.818
38.874
34.134
25.962
27.051
39.107
27.167
25.338
33.97
25.283
33.915
38.942
26.317
33.977
38.881
34.093
34.21
34.155
26.386
34.388
26.105
38.894
34.278
39.011
26.338
38.956
26.454
24.673
34.799
24.618
34.916
39.306
26.633
25.022
34.635
39.539
26.523
25.084
35.039
39.943
33.613
25.146
32.873
32.989
26.763
26.365
32.996
38.929
26.598
24.817
26.029
39.162
25.974
24.878
32.948
39.395
26.207
24.597
26.324
24.714
33.469
39.745
33.414
24.775
33.531
40.149
26.447
25.18
33.935
24.954
26.852
39.127
34.34
25.015
34.285
37.818
34.059
37.763
34.004
24.851
26.921
38.167
26.523
25.255
33.839
38.401
26.756
38.346
26.873
38.291
26.989
25.722
33.791
25.667
33.737
38.641
33.339
26.071
27.284
33.743
25.228
27.689
25.002
27.805
24.947
33.922
24.892
27.01
38.552
27.126
25.125
27.071
25.07
33.017
38.901
32.619
25.475
39.306
25.708
39.71
39.484
26.077
39.429
26.194
25.66
25.967
25.091
38.236
25.858
25.324
25.974
38.641
31.748
25.729
26.207
38.531
31.981
38.133
25.393
26.557
38.538
26.502
25.797
31.933
38.771
38.03
24.947
25.728
37.749
31.728
37.694
37.016
25.844
37.132
31.789
26.077
24.44
26.022
24.556
32.139
37.016
26.255
24.618
32.544
24.734
26.489
37.194
32.605
24.734
26.722
37.194
25.139
25.789
25.084
31.906
37.544
26.194
25.489
32.31
37.605
31.913
25.207
32.029
37.838
25.612
32.201
38.072
32.146
25.502
32.262
25.276
32.379
38.078
25.338
32.098
25.454
25.399
31.988
37.516
31.933
24.947
26.05
24.892
37.016
31.728
25.132
25.844
24.906
31.789
25.022
26.077
37.482
24.974
31.728
37.262
25.036
26.201
37.667
26.317
25.441
25.557
32.077
25.502
31.851
24.933
37.736
37.338
32.029
32.146
32.091
37.166
25.728
24.597
25.844
24.714
31.961
37.345
26.077
32.365
24.679
26.139
24.57
26.077
31.851
37.016
26.139
37.132
25.913
37.249
31.858
25.194
25.974
31.92
37.255
26.379
25.543
26.495
37.66
32.098
24.878
32.043
27.017
37.495
32.448
37.269
27.421
24.529
32.852
24.645
32.969
37.276
27.771
37.393
33.202
24.481
27.49
24.44
33.435
37.242
27.209
24.844
32.982
26.585
32.358
37.016
31.789
25.734
25.728
25.844
24.44
25.728
25.728
24.789
25.844
31.961
37.427
32.077
24.858
26.022
24.974
26.139
37.948
32.256
37.722
32.372
25.324
26.317
25.441
32.262
38.071
26.207
37.502
32.153
25.962
26.379
26.078
37.681
25.969
26.557
26.085
32.16
26.03
37.016
25.989
26.681
26.106
32.112
37.537
27.085
25.996
27.202
37.598
32.118
25.413
27.092
37.372
31.728
37.317
27.215
26.989
37.55
31.734
25.495
26.537
25.441
26.653
37.557
26.77
37.674
26.715
25.447
31.974
38.078
31.919
25.852
26.379
38.311
31.981
25.742
38.202
26.495
38.147
37.921
26.557
26.38
31.817
26.325
26.962
38.27
31.878
26.387
31.995
38.161
26.969
26.277
26.571
37.708
32.002
25.653
26.804
25.427
26.235
25.201
32.009
24.974
24.748
31.728
24.693
31.844
24.81
25.844
31.728
24.673
31.728
37.016
25.728
25.844
31.728
26.015
37.077
25.961
24.679
32.077
37.482
32.194
37.255
26.31
26.255
32.029
32.146
37.016
31.919
24.789
32.036
24.563
25.981
37.249
25.755
32.043
24.44
24.556
31.865
25.728
24.44
31.728
37.07
24.44
31.728
24.556
31.728
25.844
37.016
31.961
37.132
32.077
24.734
26.022
24.508
31.967
24.625
26.255
32.372
37.201
26.66
37.317
26.434
32.722
24.638
32.838
37.612
32.783
25.043
26.557
25.159
26.674
37.619
26.447
25.221
33.25
25.338
26.852
37.797
33.311
25.571
32.914
25.687
32.687
25.633
26.461
25.749
32.578
25.694
26.523
37.64
32.639
25.413
32.585
25.187
32.53
37.818
31.961
37.434
24.693
31.728
37.667
31.844
37.612
25.728
37.619
37.564
25.728
24.481
25.728
37.626
25.844
31.961
37.516
24.556
37.873
25.728
24.961
31.728
24.734
25.844
24.851
31.844
37.132
31.961
26.249
24.556
32.365
32.31
25.913
24.556
25.858
37.187
32.317
24.789
37.592
25.728
25.194
32.667
37.653
37.256
25.851
32.825
24.44
26.255
33.229
26.489
37.016
33.462
24.446
26.893
27.01
33.641
24.789
27.071
37.427
33.874
24.858
26.962
37.66
34.107
25.262
27.366
38.065
27.14
25.324
34.285
38.298
27.202
25.557
27.318
38.702
33.606
25.962
27.551
38.593
33.668
38.709
27.27
37.797
32.873
26.646
38.03
31.734
25.851
32.139
38.209
26.255
38.154
26.201
24.727
32.489
37.701
26.605
24.789
32.207
37.763
26.324
24.851
32.441
37.996
26.043
37.427
31.988
37.543
26.105
24.631
37.948
25.728
37.207
31.728
37.016
25.844
24.618
32.132
24.44
25.728
37.077
32.255
32.372
37.016
32.489
24.789
25.728
24.906
32.187
32.304
24.556
26.077
32.331
24.556
26.105
37.187
25.878
24.618
32.852
37.249
32.626
24.851
26.057
32.687
37.077
26.118
37.194
32.749
37.31
32.866
24.57
32.811
37.715
32.927
24.974
26.53
24.748
26.132
37.55
32.934
24.638
26.537
32.996
37.557
25.741
24.817
37.962
24.878
25.728
38.023
32.722
25.283
25.81
25.399
32.612
25.173
32.557
37.633
32.674
24.556
32.447
25.878
37.413
31.769
24.844
25.885
37.818
31.83
25.249
26.118
38.051
26.235
24.967
32.351
24.913
32.125
38.229
26.413
38.346
38.462
25.207
31.734
38.867
38.812
31.844
38.757
31.728
25.502
24.673
37.646
31.728
37.42
26.015
24.851
32.132
37.482
26.249
37.256
26.365
24.556
32.31
37.358
26.427
24.618
32.372
24.734
26.317
37.022
26.262
24.625
26.207
37.427
31.981
25.029
26.441
37.66
31.906
25.434
25.55
37.838
32.084
32.201
25.974
26.091
32.55
37.077
26.495
26.612
37.139
33.071
37.255
26.845
25.029
26.962
24.974
27.078
37.091
33.366
25.036
27.311
25.153
33.257
24.926
27.716
37.386
27.318
25.331
33.435
37.79
27.723
25.393
32.639
37.681
26.927
37.797
32.701
25.399
32.646
25.002
26.934
37.975
26.708
37.921
32.482
37.729
37.845
25.728
31.728
26.015
37.338
25.961
25.906
37.228
32.194
37.173
26.31
26.427
26.372
26.489
32.434
24.44
32.55
37.413
26.495
24.844
26.612
37.016
26.729
31.988
24.44
25.961
37.07
24.673
25.728
25.728
32.016
37.016
32.132
25.728
37.249
24.679
25.728
37.139
32.187
24.44
31.728
24.556
25.844
37.016
25.789
24.618
32.077
37.077
24.508
24.453
37.084
25.844
24.858
32.304
37.489
32.42
25.262
37.722
37.838
32.029
37.955
32.146
37.386
32.091
37.331
25.728
32.187
24.625
26.132
37.256
32.42
26.537
37.132
32.653
37.249
26.941
26.886
37.016
26.66
37.132
33.12
37.249
26.55
24.556
33.353
26.955
37.598
27.071
24.515
33.188
37.489
26.962
24.919
33.25
27.195
37.324
26.797
26.571
32.345
24.556
32.461
37.187
26.063
37.304
25.728
32.016
37.454
31.961
26.249
37.345
26.194
37.29
26.31
26.427
25.434
26.543
37.379
32.146
25.667
26.948
37.441
32.55
37.557
27.353
26.188
32.955
37.79
27.757
26.421
33.188
37.681
27.99
25.797
33.421
25.571
33.538
38.03
33.654
25.804
28.457
38.435
28.059
26.209
32.633
38.84
26.921
37.756
32.694
37.53
26.639
25.132
26.585
37.934
26.358
25.537
26.475
25.482
25.255
31.728
26.015
25.201
26.132
37.146
31.906
37.091
26.365
37.207
31.967
37.016
26.77
37.132
32.372
32.489
37.194
26.434
24.796
32.893
24.741
33.01
37.715
26.783
25.146
33.071
37.948
26.674
25.379
26.79
25.324
26.907
25.269
32.509
25.386
32.626
37.674
26.742
25.619
32.516
32.633
26.406
25.276
26.557
25.509
26.674
25.626
31.933
25.742
26.735
25.859
32.166
37.633
26.969
37.016
32.571
37.132
32.516
37.077
32.317
25.022
26.605
32.722
37.016
27.01
24.618
32.612
24.734
27.243
24.851
27.017
37.31
31.933
25.084
26.221
37.016
31.728
25.728
37.249
24.44
25.728
24.44
25.844
37.756
31.961
37.701
25.906
32.194
37.269
24.44
37.07
31.974
24.501
25.748
24.618
32.207
26.153
32.441
24.556
37.358
31.933
24.789
26.221
31.995
25.94
37.016
25.961
37.132
32.29
37.365
26.235
24.796
25.837
37.255
37.201
25.728
24.974
32.358
37.605
32.304
25.379
26.249
24.981
26.194
24.926
37.9
24.817
32.715
38.133
25.728
38.25
32.701
25.166
38.483
25.844
37.742
37.687
24.775
25.728
37.921
32.701
38.037
26.132
25.125
25.242
32.111
38.558
32.228
25.646
32.345
38.963
32.29
38.737
26.235
25.996
32.694
39.141
32.811
25.886
32.413
25.831
32.015
38.977
25.961
39.093
26.077
39.21
32.194
26.298
32.139
39.614
26.598
26.531
32.372
39.847
26.831
39.45
32.091
39.395
26.207
26.14
32.495
39.799
39.402
31.967
26.318
31.913
39.635
25.728
39.751
39.182
31.728
25.242
31.728
25.187
24.789
31.961
37.42
31.906
25.194
26.022
37.825
26.139
37.016
26.139
31.913
24.556
26.372
24.673
32.146
37.475
37.249
25.728
37.365
32.084
24.453
37.317
26.077
24.577
32.537
32.379
32.495
37.132
32.674
24.44
32.79
37.413
25.728
33.216
24.556
26.132
37.187
24.961
25.728
37.42
33.044
37.537
32.646
37.653
26.249
32.88
37.489
32.996
32.941
37.55
25.858
33.051
25.967
37.9
33.455
38.017
26.201
24.762
33.174
33.291
38.195
33.407
24.597
33.524
24.542
33.641
38.716
26.557
38.833
34.045
38.778
26.79
25.009
34.107
24.954
34.052
24.618
34.169
37.934
34.285
34.23
38.106
26.118
38.222
26.235
24.796
24.913
25.728
25.022
33.62
26.365
26.482
24.44
34.141
38.613
34.086
24.673
26.831
24.618
34.491
27.236
38.826
34.724
26.955
39.059
34.957
38.833
35.074
24.721
35.19
39.237
35.135
39.182
26.681
39.299
35.369
39.244
34.971
24.961
26.687
39.134
35.375
39.251
35.492
25.482
35.609
39.655
26.982
25.715
35.842
39.889
27.215
25.948
35.903
26.065
36.02
25.324
27.565
25.441
27.51
25.557
27.455
39.731
35.458
25.962
35.574
26.078
27.805
40.252
34.779
26.14
27.867
34.498
24.885
26.564
26.509
39.635
26.626
25.18
33.771
25.009
26.687
39.868
33.833
25.242
26.406
39.758
26.18
39.704
39.82
33.949
25.708
26.358
25.825
26.475
40.17
26.591
26.229
32.537
26.346
39.32
32.591
39.436
31.851
26.01
31.967
25.783
26.598
39.957
32.201
39.902
32.146
40.019
26.434
26.25
26.55
40.252
32.324
40.197
32.269
40.142
27.071
26.373
27.188
40.204
27.133
40.149
26.907
26.723
27.023
40.554
26.804
40.499
26.921
40.273
27.037
26.161
31.782
40.506
26.394
31.961
40.739
32.077
26.798
26.249
26.572
39.717
32.084
26.634
26.372
25.55
26.489
37.838
25.844
25.783
31.728
25.729
25.502
38.305
31.728
38.25
26.015
38.023
26.132
37.797
26.077
24.714
26.022
24.83
32.31
24.947
26.427
37.235
32.715
24.837
26.831
37.482
26.605
37.255
32.893
32.667
37.317
32.783
24.44
26.729
24.44
32.502
37.242
32.276
24.844
26.564
24.618
32.681
26.969
24.851
33.085
24.967
27.373
37.084
33.49
33.092
32.866
37.365
26.982
24.625
32.585
37.77
27.044
25.029
31.961
26.077
24.44
37.242
24.501
25.789
31.844
24.673
32.077
31.728
26.015
37.016
26.132
26.077
37.077
26.194
26.31
24.44
31.913
37.242
26.372
26.317
37.016
25.844
24.789
32.304
37.249
32.42
37.365
26.022
37.139
32.825
26.427
37.249
26.543
33.174
26.605
37.132
32.893
24.906
27.01
37.537
33.298
25.31
27.243
37.941
27.359
37.886
33.648
25.317
27.764
25.262
27.366
37.207
27.311
24.981
32.914
37.612
26.859
25.386
33.147
38.017
33.092
25.447
33.209
25.221
27.154
25.338
33.613
38.311
27.387
25.399
33.675
38.202
33.449
24.775
27.222
38.092
37.866
31.728
37.811
37.016
31.906
24.44
25.728
25.844
24.44
31.961
24.556
26.077
24.673
31.728
37.646
24.906
38.051
24.967
37.77
31.844
37.886
26.022
25.489
26.139
37.605
31.741
37.379
31.858
26.01
26.66
25.783
26.605
25.9
37.674
32.139
37.79
26.941
26.25
37.338
32.317
26.483
27.291
37.742
32.722
26.887
27.695
26.661
33.126
37.921
33.243
37.523
33.359
24.782
27.305
37.413
32.907
24.844
27.538
24.789
26.969
37.592
33.085
24.673
37.304
31.728
37.42
25.844
25.194
25.961
37.825
25.598
26.077
25.715
38.346
25.948
38.75
26.181
26.298
31.728
26.414
31.844
38.36
26.646
38.305
32.249
26.078
27.051
26.195
27.167
38.826
32.598
26.599
27.401
39.059
33.003
26.833
27.291
38.778
32.55
27.237
32.667
27.011
32.612
26.442
32.557
26.215
32.674
25.818
26.619
25.934
38.051
31.728
25.996
38.113
26.077
38.229
31.851
38.174
26.31
38.12
26.427
25.722
26.543
25.667
25.612
25.919
38.414
38.017
31.728
25.276
26.187
38.421
32.132
25.681
26.077
38.826
38.942
32.139
25.516
25.118
32.201
37.063
25.974
32.262
26.379
26.495
32.441
32.557
37.016
26.674
24.556
26.79
24.501
32.735
24.446
27.195
27.14
24.44
26.914
32.516
37.077
26.461
37.194
32.406
37.31
32.351
32.468
37.372
25.899
32.015
24.556
32.132
24.501
32.249
37.646
32.365
25.796
24.679
31.913
37.482
24.913
25.906
37.029
26.022
25.146
31.796
37.434
26.084
25.379
37.838
31.906
26.207
24.817
32.324
37.276
26.612
25.221
26.386
37.166
26.502
32.276
25.057
26.907
32.509
24.775
32.283
24.549
26.742
24.666
26.687
37.297
32.804
24.727
27.092
24.844
33.037
37.475
26.982
25.077
33.442
25.194
37.825
25.598
38.058
25.317
25.967
38.291
31.844
38.408
25.495
25.612
31.844
38.586
38.531
25.728
25.79
31.728
38.25
26.015
25.509
25.961
38.312
38.257
25.796
25.002
31.913
38.318
25.858
38.435
38.209
31.728
25.125
31.844
38.099
25.961
37.701
25.906
37.646
31.728
25.077
37.537
25.728
25.482
32.016
37.255
31.961
24.686
26.077
37.146
32.194
24.919
26.482
24.865
32.084
24.981
25.858
37.269
31.974
25.386
31.92
37.674
31.865
25.619
31.81
37.564
31.926
26.023
26.557
37.969
32.16
25.914
32.276
26.03
32.221
37.633
27.023
25.406
32.283
25.18
32.057
37.468
27.202
24.727
26.633
37.358
26.578
24.789
25.837
24.906
37.537
31.844
24.967
26.132
24.913
32.249
25.892
24.44
31.728
24.906
31.728
37.365
25.844
24.967
25.961
24.741
26.077
37.201
32.022
25.146
32.139
37.605
26.427
25.379
32.544
38.01
32.146
38.126
32.091
37.386
32.208
25.81
37.365
31.755
37.482
25.728
37.084
24.686
25.728
31.728
26.015
26.132
24.673
31.961
25.728
37.016
32.358
24.967
26.132
32.592
25.029
26.194
32.139
26.598
26.715
24.673
32.489
37.304
32.605
24.906
27.236
37.537
32.324
25.31
26.441
25.255
26.557
37.372
32.331
25.489
37.091
26.084
25.55
37.496
26.317
37.441
32.091
26.722
37.598
25.81
24.515
32.269
24.46
26.043
24.577
32.674
24.522
25.933
24.44
37.07
24.673
31.728
37.132
31.844
37.249
37.365
37.427
31.796
37.543
31.728
37.489
26.015
37.434
26.132
25.734
37.324
37.269
31.844
24.529
32.077
37.105
25.851
24.556
32.482
32.427
37.016
32.201
24.618
25.803
37.249
37.365
37.482
31.926
24.913
25.029
25.728
24.44
32.016
26.132
24.44
32.42
32.537
37.016
32.653
26.427
37.249
32.372
24.508
24.625
25.728
24.741
25.844
24.858
32.585
37.66
25.262
32.818
25.379
32.934
38.181
38.126
32.996
38.071
32.941
26.017
26.543
38.133
26.66
26.25
38.195
26.777
26.483
38.428
33.298
26.716
33.243
26.49
26.845
26.435
33.476
26.209
38.497
26.613
38.901
33.085
27.018
27.03
38.963
27.147
39.079
27.025
26.921
39.484
27.037
39.429
26.982
27.031
33.215
26.634
39.607
26.646
26.524
26.763
39.498
31.851
26.929
39.902
27.113
39.676
31.858
27.45
27.346
40.081
31.919
40.197
26.893
27.799
27.01
40.087
31.755
27.175
31.871
27.292
27.188
40.609
27.305
40.039
27.25
40.156
31.823
39.93
27.654
27.703
40.163
27.545
28.108
40.396
27.778
40.513
27.551
28.458
40.574
27.613
40.691
32.015
28.465
28.018
39.038
32.42
28.355
28.079
38.929
28.417
28.19
38.935
28.031
28.595
27.977
28.711
27.922
27.114
31.728
38.03
27.387
27.347
37.921
27.359
38.037
27.305
37.982
27.421
26.785
31.995
26.215
27.483
26.332
32.057
37.763
27.202
25.708
31.728
37.653
27.215
25.598
31.961
37.715
26.42
25.831
25.948
31.961
37.722
25.324
26.249
37.441
26.194
25.214
31.796
25.331
26.598
37.447
26.372
37.221
31.789
24.995
25.111
26.379
25.057
26.495
25.173
31.926
25.118
31.728
37.578
31.844
25.523
25.002
32.077
37.118
32.194
37.235
26.482
24.494
32.427
37.468
26.715
37.585
26.831
24.673
26.434
37.475
26.207
25.077
31.81
37.194
25.755
24.625
31.871
37.598
31.988
37.201
25.933
37.317
24.577
31.844
25.961
32.249
26.022
37.249
32.653
25.022
26.255
24.796
26.029
24.57
26.146
37.372
26.262
37.317
37.091
37.036
31.728
24.638
26.015
24.556
26.132
24.673
32.077
24.789
32.194
32.139
24.851
32.255
37.139
26.201
25.084
31.803
25.029
31.919
26.207
37.139
32.324
24.741
31.926
37.201
26.386
24.44
32.159
37.242
26.447
37.016
25.81
37.016
24.673
25.728
37.304
32.016
25.077
25.789
25.194
25.906
24.741
37.029
26.139
24.44
26.084
31.728
24.673
25.844
37.304
25.789
24.906
25.844
37.016
24.446
24.563
26.022
37.022
26.139
24.796
37.427
37.372
31.967
25.146
24.919
32.029
37.379
25.974
37.495
32.262
37.612
26.036
24.871
25.858
38.017
31.974
25.276
31.728
38.421
38.366
31.728
25.626
25.844
25.742
32.132
37.859
26.139
25.804
25.749
38.037
37.982
38.099
25.728
25.53
32.016
38.503
38.449
25.728
38.394
32.016
25.996
25.961
38.627
31.734
38.058
26.365
25.317
26.482
37.262
26.255
25.379
32.029
25.324
26.66
25.441
32.434
37.214
27.065
37.16
32.667
25.276
27.298
37.05
32.729
27.702
25.111
26.962
37.228
26.393
37.249
31.995
37.365
26.797
24.967
32.4
25.084
27.202
37.372
32.804
32.749
24.501
27.037
37.132
26.811
24.906
33.099
25.022
27.215
37.31
32.475
25.084
26.763
25.029
26.708
31.967
37.016
26.427
24.789
37.249
25.728
25.194
25.728
37.482
37.598
24.686
25.906
24.631
31.851
37.372
25.796
24.803
25.913
32.029
24.44
37.242
25.851
31.844
24.556
24.44
31.851
24.556
25.796
24.44
37.242
37.187
31.728
37.304
24.906
37.708
31.961
25.139
25.734
37.427
32.194
37.544
25.967
24.631
37.605
31.844
25.036
26.132
37.838
32.249
25.441
26.365
25.557
31.796
25.674
37.962
31.844
25.907
26.31
38.195
38.14
26.543
26.257
26.03
26.605
37.804
32.036
26.435
26.209
31.919
37.982
32.036
38.099
26.495
26.215
32.269
26.161
26.9
25.763
32.674
25.537
38.339
25.941
31.734
38.572
26.022
25.489
32.139
38.12
25.844
25.722
25.838
38.126
31.728
38.072
26.015
38.188
26.132
38.133
32.077
38.25
26.537
25.852
26.653
38.312
26.598
38.257
32.201
25.516
26.66
25.633
26.605
37.063
26.722
37.18
26.838
37.125
26.955
25.242
32.043
24.947
26.502
24.721
32.447
26.735
24.44
32.509
26.969
32.571
26.859
32.975
24.44
32.235
37.07
25.837
24.844
25.782
37.475
24.906
37.537
31.728
37.139
24.741
25.844
37.372
25.961
24.803
25.906
37.777
32.022
37.893
32.139
25.324
32.084
37.098
32.029
31.803
31.92
24.679
26.036
37.139
26.153
24.741
32.269
24.686
26.386
37.016
32.674
24.618
26.79
37.249
26.907
25.022
32.852
24.796
26.969
33.257
32.516
24.44
32.633
37.242
32.406
32.523
26.468
26.585
24.563
32.358
24.508
32.132
24.453
26.249
24.44
26.365
26.31
24.44
32.427
37.242
26.543
37.358
24.961
31.728
37.372
31.728
37.317
26.015
25.091
31.961
25.207
31.906
26.537
25.091
32.31
37.036
26.77
24.81
32.715
24.926
27.174
37.214
32.605
24.988
27.236
37.276
27.181
37.221
32.612
24.823
26.729
37.454
32.502
37.228
32.276
25.002
32.221
24.604
31.995
24.721
25.769
31.728
31.728
25.844
37.022
24.453
37.016
24.789
31.728
24.906
31.844
37.537
25.961
25.139
32.249
37.941
24.858
31.844
25.796
25.741
37.016
24.446
32.139
37.249
26.255
24.508
32.201
24.625
24.741
32.091
24.858
24.508
32.098
37.016
32.214
24.618
37.249
26.194
25.022
32.482
25.913
32.715
24.638
32.742
37.269
26.173
24.7
26.118
37.331
33.263
37.448
26.18
37.564
26.125
25.338
32.585
37.797
26.187
25.228
26.303
37.859
32.42
25.633
32.537
25.063
26.653
38.037
32.941
25.468
27.058
38.442
33.003
25.53
25.303
26.297
38.277
33.099
38.222
32.358
25.139
32.475
38.456
26.42
38.401
32.879
24.974
31.967
38.634
26.255
38.408
32.201
38.181
32.317
37.818
26.091
26.207
26.153
25.755
24.44
37.928
38.044
38.119
31.961
38.065
25.844
24.556
31.789
24.501
26.077
25.851
37.447
32.139
26.084
24.44
32.201
24.556
32.317
24.44
32.434
24.556
37.187
24.446
32.201
37.016
24.618
24.734
37.022
31.981
37.139
25.084
37.372
25.961
26.077
37.016
26.31
25.091
32.77
25.207
26.372
32.832
25.269
26.777
37.557
26.893
25.159
27.01
37.619
32.269
37.736
26.9
25.681
32.502
38.14
26.276
25.914
37.859
32.482
25.633
26.255
38.092
25.694
38.497
25.947
25.927
38.558
32.667
26.161
26.098
38.963
32.043
39.08
32.159
26.339
26.447
39.484
26.221
39.601
26.338
26.689
40.005
26.75
39.553
31.844
27.155
26.818
39.957
27.559
31.728
40.19
27.044
39.964
27.161
27.909
32.077
28.026
27.051
40.314
27.167
28.43
32.427
40.547
27.401
40.664
26.831
40.78
26.777
40.382
26.893
28.156
40.444
26.18
40.561
26.125
40.677
40.622
31.728
27.882
27.827
27.258
39.374
31.728
27.662
26.598
27.779
27.895
31.734
39.841
26.708
28.3
31.796
40.074
31.961
28.705
40.307
28.423
31.728
40.197
31.844
28.485
26.646
27.916
26.763
40.547
26.797
28.321
28.266
40.725
26.804
28.67
28.787
40.732
31.844
40.677
29.137
40.91
29.37
31.844
40.972
29.431
28.348
27.607
27.21
39.841
39.957
26.531
31.728
39.333
26.764
26.881
39.683
31.844
27.285
31.961
27.23
32.077
27.347
25.728
39.806
32.53
39.751
26.132
39.697
27.299
32.489
38.901
25.919
26.675
32.893
38.963
33.01
38.908
32.955
26.51
33.071
38.97
33.188
26.572
39.203
39.319
33.195
26.579
33.311
39.381
26.812
33.545
26.929
25.728
26.874
33.73
26.819
33.332
26.935
25.906
39.395
33.394
39.169
26.31
25.914
33.798
39.059
33.915
38.833
26.317
38.949
34.148
25.694
34.265
25.811
26.495
25.242
34.498
38.558
34.614
38.675
26.159
25.077
33.99
39.079
26.221
25.482
34.224
39.141
34.34
25.543
26.571
39.374
34.402
25.091
34.347
25.036
26.921
24.865
27.037
38.62
34.868
24.508
34.985
24.625
27.558
24.741
35.218
27.62
39.031
34.937
24.748
34.71
39.093
27.627
39.038
34.772
34.889
34.491
24.44
34.607
39.128
27.01
27.126
24.44
26.729
39.299
34.731
24.501
34.162
26.05
24.44
33.881
39.128
25.844
24.673
32.646
38.839
32.763
25.07
32.708
25.187
32.653
39.018
26.255
32.715
26.489
24.44
32.777
38.956
32.893
38.901
33.01
39.018
26.955
24.906
33.414
25.022
27.359
39.368
25.933
38.97
24.858
39.374
25.906
24.919
32.537
39.093
26.31
25.153
32.941
39.498
26.201
25.043
32.66
24.988
25.728
24.44
37.585
32.331
26.105
24.618
32.735
31.823
25.844
37.53
25.789
37.303
32.077
37.249
32.194
37.194
26.31
37.31
26.255
25.084
26.372
37.715
32.832
25.489
26.777
25.262
26.55
25.036
33.181
38.353
26.955
25.441
32.557
38.757
32.674
38.359
32.105
38.476
32.05
25.564
26.509
38.538
32.454
25.626
26.742
24.446
26.859
37.249
25.775
24.851
32.235
24.967
26.18
25.084
32.297
37.886
26.585
25.317
32.187
38.291
31.789
25.036
31.906
38.353
26.194
25.098
31.728
38.072
26.015
25.502
32.132
37.448
31.906
24.878
25.851
31.728
26.015
37.016
25.789
37.132
37.249
31.906
24.44
25.851
24.556
32.31
24.501
26.255
24.618
26.029
24.734
24.686
31.844
37.077
31.961
26.42
32.022
37.016
26.825
24.583
26.77
32.372
37.016
32.489
37.132
26.605
37.077
32.722
24.679
27.01
27.126
24.734
32.9
37.022
27.359
37.139
33.133
25.084
27.078
25.201
27.023
37.146
33.483
24.577
27.428
37.208
33.716
24.981
27.49
27.435
24.871
33.551
24.988
26.811
26.756
32.701
37.194
32.646
26.934
27.051
37.132
32.825
37.249
26.941
24.679
26.715
37.482
32.66
27.119
37.372
26.893
37.489
26.838
24.44
32.955
37.585
27.071
37.358
27.017
24.446
26.962
32.735
27.195
27.311
37.132
33.085
37.077
27.202
24.679
33.49
24.625
33.606
24.741
27.38
37.372
33.154
25.146
26.585
37.262
32.53
24.865
32.132
37.667
24.926
25.043
37.674
25.447
24.625
24.44
26.077
31.851
37.194
26.139
26.255
32.201
31.803
26.091
37.016
32.208
24.789
32.153
24.734
26.098
37.365
32.557
24.796
32.674
24.913
26.447
37.543
26.564
25.317
33.024
37.777
33.14
37.722
33.085
37.667
32.516
37.269
26.29
37.043
26.235
24.817
26.351
24.933
32.811
37.564
32.242
24.823
26.53
37.454
32.646
26.591
24.44
26.194
24.44
24.556
25.728
37.701
32.187
24.961
24.734
32.139
37.105
37.338
37.454
24.714
25.728
37.687
25.728
24.604
31.728
37.016
37.016
31.906
37.132
25.851
37.016
31.728
24.618
25.844
37.42
31.961
25.022
31.906
37.825
26.022
37.598
32.31
25.372
32.255
25.317
26.029
37.605
32.317
37.55
26.434
37.667
32.55
25.269
26.153
37.557
25.926
37.502
25.748
24.59
37.393
24.995
25.728
37.797
25.228
32.091
37.859
32.207
25.29
26.153
24.549
32.269
24.44
32.386
37.413
32.502
24.844
26.105
37.475
32.564
32.681
24.556
32.454
37.187
25.789
24.961
31.734
37.592
26.022
37.537
25.967
25.31
31.789
37.941
26.077
38.058
38.003
26.139
37.948
26.255
25.722
26.029
38.353
38.298
25.919
25.043
31.728
25.159
26.015
37.619
32.132
26.42
24.556
32.365
37.873
32.482
24.618
26.255
37.249
32.543
26.317
37.016
32.777
37.132
32.893
24.563
26.838
24.508
32.955
37.31
32.9
37.255
27.188
24.686
33.133
37.66
27.25
37.777
27.195
37.722
27.14
37.838
32.742
24.926
26.687
24.7
32.633
32.749
37.139
32.694
24.741
26.639
24.686
26.242
32.358
25.961
32.249
31.728
26.015
37.016
31.728
24.44
37.132
25.728
31.728
25.728
37.194
24.625
31.844
37.255
25.728
25.029
25.728
37.146
32.187
37.091
25.961
37.139
32.077
26.365
24.556
26.31
37.016
26.255
24.961
32.201
24.734
26.489
24.679
32.434
37.482
32.55
37.427
26.667
25.029
32.955
37.66
32.729
25.262
25.988
37.55
32.962
37.496
26.221
37.441
32.852
37.557
26.283
37.255
33.257
24.686
26.687
37.317
33.49
24.919
26.578
37.55
33.723
37.324
26.811
25.441
34.128
25.214
26.358
25.159
26.303
24.974
32.235
37.605
26.18
37.722
32.639
37.715
26.242
24.46
32.358
37.948
32.475
24.693
26.763
38.181
32.708
24.583
26.996
32.941
24.44
26.886
32.66
38.25
32.434
24.652
32.55
38.654
32.324
25.057
32.269
38.887
32.386
25.29
32.502
39.121
38.551
25.906
25.811
38.785
26.139
38.73
25.989
26.106
26.222
39.196
26.627
26.743
26.098
26.86
26.291
26.407
26.276
25.324
32.05
37.955
26.338
24.871
32.454
24.892
26.571
37.694
26.345
25.297
32.633
37.242
26.406
25.53
32.694
37.646
26.639
25.591
33.099
37.537
32.873
25.482
26.989
25.598
32.591
37.715
26.708
37.66
31.796
37.777
26.427
37.893
26.543
26.01
26.317
38.126
31.919
26.414
31.844
38.531
26.475
38.476
32.077
26.593
26.365
38.709
32.139
38.312
26.427
38.428
32.372
38.373
26.831
26.777
37.132
26.55
26.495
24.851
26.441
24.625
32.557
26.674
24.44
26.79
37.413
32.735
37.53
27.195
24.961
33.14
24.906
27.599
37.365
27.716
24.796
33.147
24.741
26.921
32.866
24.734
32.468
37.194
25.899
31.844
31.789
24.515
26.42
25.851
37.132
31.796
24.734
26.084
24.508
26.201
24.625
25.974
24.57
25.919
24.515
24.46
31.728
37.434
24.556
31.789
37.187
31.906
24.789
31.796
24.44
25.913
37.413
32.029
37.358
37.475
24.906
31.961
37.132
31.728
24.906
37.365
31.728
24.625
26.015
37.255
26.132
24.686
32.077
24.803
31.851
37.091
26.139
24.865
31.913
24.81
26.029
37.441
25.214
26.077
37.159
31.728
25.858
37.016
31.974
37.132
26.262
32.036
26.495
24.44
26.612
26.386
24.501
26.502
37.304
26.276
24.734
32.736
24.851
32.681
24.967
26.283
24.44
31.789
24.44
31.734
37.242
37.358
37.132
25.077
37.022
25.844
25.139
25.961
24.913
26.194
37.016
31.796
37.132
26.255
25.077
37.537
26.146
25.482
26.091
25.598
31.865
37.886
26.495
25.317
37.605
32.022
37.55
37.667
31.741
26.372
31.728
37.016
25.844
37.016
24.618
32.077
37.077
32.022
24.851
25.728
37.482
24.57
25.844
24.515
31.789
37.317
37.434
24.693
31.728
37.495
25.098
37.557
37.674
25.276
31.961
37.564
26.249
25.509
26.365
25.111
32.139
24.885
26.427
37.516
32.372
37.633
32.489
24.892
32.434
25.865
24.44
32.667
37.242
32.783
26.043
37.016
25.817
33.133
33.023
32.626
37.016
37.132
32.859
37.365
37.255
32.982
33.099
32.53
37.605
37.9
38.017
32.372
32.317
38.25
38.366
32.269
38.03
38.263
38.209
38.154
37.42
37.537
37.653
37.598
37.715
37.722
37.495
37.612
