21.152
21.152
21.152
21.152
21.152
21.152
21.152
30.176
29.264
28.352
27.44
26.528
25.616
24.704
23.792
22.88
21.968
21.152
21.152
21.152
21.152
22.854
21.942
23.862
25.782
24.87
26.79
25.878
27.798
26.886
25.974
25.062
24.15
23.238
22.326
21.414
23.334
22.422
24.342
26.262
25.35
27.27
26.358
28.278
27.366
29.286
28.374
30.294
29.382
28.47
30.39
29.478
31.398
30.486
32.406
31.494
33.414
35.334
34.422
36.342
35.43
37.35
36.438
38.358
37.446
39.366
38.454
40.374
39.462
41.382
40.47
42.39
41.478
43.398
45.318
44.406
46.326
45.414
44.502
46.422
48.342
47.43
49.35
48.438
50.358
49.446
51.366
50.454
52.374
51.462
53.382
55.302
54.39
56.31
55.398
57.318
56.406
58.326
57.414
59.334
58.422
60.342
59.43
61.35
60.438
62.358
64.278
63.366
65.286
64.374
66.294
65.382
67.302
66.39
68.31
67.398
69.318
68.406
70.326
72.246
71.334
73.254
72.342
71.43
73.35
75.27
74.358
76.278
75.366
77.286
76.374
78.294
77.382
79.302
78.39
80.31
82.23
81.318
83.238
82.326
84.246
83.334
85.254
84.342
86.262
85.35
87.27
86.358
88.278
87.366
89.286
88.374
90.294
92.214
91.302
93.222
92.31
94.23
93.318
95.238
94.326
96.246
95.334
97.254
99.174
98.262
100.182
99.27
101.19
100.278
102.198
101.286
103.206
102.294
104.214
106.134
105.222
104.31
106.23
105.318
107.238
109.158
108.246
110.166
109.254
111.174
110.262
112.182
111.27
113.19
112.278
114.198
113.286
115.206
114.294
116.214
115.302
117.222
119.142
118.23
120.15
119.238
121.158
120.246
122.166
121.254
123.174
122.262
124.182
126.102
125.19
127.11
126.198
128.118
127.206
129.126
128.214
130.134
129.222
131.142
130.23
132.15
131.238
133.158
132.246
134.166
136.086
135.174
137.094
136.182
138.102
137.19
139.11
138.198
140.118
139.206
141.126
143.046
142.134
141.222
143.142
145.062
144.15
146.07
145.158
147.078
146.166
148.086
147.174
149.094
148.182
150.102
149.19
151.11
153.03
152.118
154.038
153.126
155.046
154.134
156.054
155.142
157.062
156.15
158.07
157.158
159.078
160.998
160.086
159.174
161.094
163.014
162.102
164.022
163.11
165.03
164.118
166.038
165.126
167.046
166.134
168.054
169.974
169.062
170.982
170.07
169.158
171.078
172.998
172.086
174.006
173.094
175.014
174.102
176.022
175.11
177.03
176.118
178.038
179.958
179.046
180.966
180.054
181.974
181.062
182.982
182.07
183.99
183.078
184.998
186.918
186.006
187.926
187.014
188.934
188.022
189.942
189.03
190.95
190.038
191.958
191.046
192.966
192.054
193.974
193.062
194.982
196.902
195.99
197.91
196.998
196.086
198.006
199.926
199.014
200.934
200.022
201.942
201.03
202.95
202.038
203.958
203.046
204.966
206.886
205.974
207.894
206.982
208.902
207.99
209.91
208.998
210.918
210.006
211.926
211.014
212.934
214.854
213.942
215.862
214.95
216.87
215.958
217.878
216.966
218.886
217.974
219.894
218.982
220.902
219.99
221.91
223.83
222.918
224.838
223.926
225.846
224.934
226.854
225.942
227.862
226.95
228.87
230.79
229.878
228.966
230.886
229.974
231.894
233.814
232.902
234.822
233.91
235.83
234.918
236.838
235.926
237.846
236.934
238.854
237.942
239.862
241.782
240.87
242.79
241.878
243.798
242.886
244.806
243.894
245.814
244.902
246.822
245.91
247.83
246.918
248.838
250.758
249.846
251.766
250.854
252.774
251.862
253.782
252.87
254.79
253.878
255.798
257.718
256.806
258.726
257.814
256.902
258.822
260.742
259.83
261.75
260.838
262.758
261.846
263.766
262.854
264.774
263.862
265.782
267.702
266.79
268.71
267.798
269.718
268.806
270.726
269.814
271.734
270.822
272.742
271.83
273.75
272.838
274.758
276.678
275.766
277.686
276.774
278.425
277.513
278.412
277.5
279.305
278.393
279.292
278.38
279.28
280.179
279.267
280.166
279.254
278.342
279.241
280.14
279.228
280.128
279.216
280.115
279.203
280.102
279.19
280.995
280.083
280.982
281.881
280.969
281.868
280.956
281.856
280.944
281.843
280.931
281.83
280.918
281.817
280.905
281.804
280.892
281.792
280.88
281.779
283.584
282.672
283.571
282.659
283.558
282.646
283.545
282.633
283.532
282.62
283.52
284.419
283.507
284.406
283.494
284.393
283.481
284.38
283.468
284.368
283.456
285.26
284.348
285.248
284.336
285.235
284.323
285.222
286.121
285.209
286.108
285.196
286.096
285.184
286.083
285.171
286.07
285.158
286.057
285.145
286.95
286.038
286.937
286.025
286.924
287.824
286.912
287.811
286.899
287.798
286.886
287.785
286.873
287.772
286.86
287.76
288.659
287.747
288.646
287.734
289.539
288.627
289.526
288.614
289.513
288.601
289.5
288.588
289.488
288.576
289.475
288.563
289.462
290.361
289.449
290.348
289.436
290.336
289.424
290.323
289.411
291.216
290.304
291.203
292.102
291.19
290.278
291.177
290.265
291.164
292.064
291.152
292.051
291.139
292.038
291.126
292.025
291.113
292.012
291.1
292.905
293.804
292.892
293.792
292.88
293.779
292.867
293.766
292.854
293.753
292.841
293.74
292.828
293.728
294.627
293.715
292.803
293.702
294.601
293.689
295.494
294.582
295.481
294.569
295.468
294.556
295.456
294.544
295.443
296.342
295.43
296.329
295.417
296.316
295.404
296.304
295.392
296.291
295.379
296.278
295.366
297.171
296.259
297.158
296.246
297.145
298.044
297.132
298.032
297.12
298.019
297.107
298.006
297.094
297.993
297.081
297.98
298.88
297.968
299.772
298.86
299.76
298.848
299.747
298.835
299.734
298.822
299.721
298.809
299.708
298.796
299.696
298.784
299.683
300.582
299.67
300.569
299.657
300.556
299.644
301.449
300.537
301.436
300.524
301.424
302.323
301.411
302.31
301.398
302.297
301.385
302.284
301.372
302.272
301.36
302.259
301.347
302.246
301.334
302.233
301.321
302.22
301.308
302.208
301.296
302.195
301.283
302.182
301.27
302.169
303.068
302.156
303.056
302.144
303.043
302.131
303.03
302.118
303.017
302.105
303.004
302.092
302.992
302.08
302.979
302.067
302.966
302.054
302.953
302.041
302.94
302.028
302.928
302.016
302.915
302.003
302.902
301.99
302.889
301.977
302.876
301.964
302.864
301.952
302.851
301.939
302.838
301.926
302.825
301.913
302.812
301.9
302.8
301.888
302.787
303.686
302.774
303.673
302.761
303.66
302.748
303.648
302.736
303.635
302.723
303.622
302.71
303.609
302.697
303.596
302.684
303.584
302.672
303.571
302.659
303.558
302.646
303.545
302.633
303.532
304.432
303.52
304.419
303.507
304.406
303.494
304.393
303.481
304.38
303.468
304.368
303.456
304.355
303.443
304.342
303.43
304.329
303.417
304.316
303.404
304.304
303.392
304.291
303.379
304.278
303.366
304.265
303.353
304.252
305.152
304.24
305.139
304.227
305.126
304.214
305.113
304.201
305.1
304.188
305.088
304.176
305.075
304.163
305.062
304.15
305.049
304.137
305.036
304.124
305.024
304.112
305.011
304.099
304.998
304.086
304.985
304.073
304.972
304.06
304.96
305.859
304.947
305.846
304.934
305.833
304.921
305.82
304.908
305.808
304.896
305.795
304.883
305.782
304.87
305.769
304.857
305.756
304.844
305.744
304.832
305.731
304.819
305.718
304.806
305.705
304.793
305.692
304.78
305.68
304.768
305.667
304.755
305.654
306.553
305.641
306.54
305.628
306.528
305.616
306.515
305.603
306.502
305.59
306.489
305.577
306.476
305.564
306.464
305.552
306.451
305.539
306.438
305.526
306.425
305.513
306.412
305.5
306.4
305.488
306.387
305.475
306.374
307.273
306.361
307.26
306.348
307.248
306.336
307.235
306.323
307.222
306.31
307.209
306.297
307.196
306.284
307.184
306.272
307.171
306.259
307.158
306.246
307.145
306.233
307.132
306.22
307.12
308.019
307.107
308.006
307.094
307.993
307.081
307.98
307.068
307.968
307.056
307.955
307.043
307.942
307.03
307.929
307.017
307.916
307.004
307.904
306.992
307.891
306.979
307.878
306.966
307.865
306.953
307.852
306.94
307.84
306.928
307.827
306.915
307.814
306.902
307.801
306.889
307.788
306.876
307.776
306.864
307.763
306.851
307.75
306.838
307.737
306.825
307.724
306.812
307.712
306.8
307.699
306.787
307.686
306.774
307.673
306.761
307.66
306.748
307.648
306.736
307.635
306.723
307.622
306.71
307.609
306.697
307.596
306.684
307.584
306.672
307.571
306.659
307.558
306.646
307.545
306.633
307.532
308.432
307.52
308.419
307.507
308.406
307.494
308.393
307.481
308.38
307.468
308.368
307.456
308.355
307.443
308.342
307.43
308.329
307.417
308.316
307.404
308.304
307.392
308.291
307.379
308.278
307.366
308.265
307.353
308.252
307.34
308.24
307.328
308.227
307.315
308.214
307.302
308.201
307.289
308.188
307.276
308.176
307.264
308.163
307.251
308.15
307.238
308.137
307.225
308.124
307.212
308.112
307.2
308.099
307.187
308.086
307.174
308.073
307.161
308.06
307.148
308.048
307.136
308.035
307.123
308.022
307.11
308.009
307.097
307.996
308.896
307.984
308.883
307.971
308.87
307.958
308.857
307.945
308.844
307.932
308.832
307.92
308.819
307.907
308.806
307.894
308.793
307.881
308.78
307.868
308.768
307.856
308.755
307.843
308.742
307.83
308.729
307.817
308.716
307.804
308.704
307.792
308.691
307.779
308.678
307.766
308.665
307.753
308.652
307.74
308.64
307.728
308.627
307.715
308.614
307.702
308.601
307.689
308.588
307.676
308.576
307.664
308.563
307.651
308.55
307.638
308.537
307.625
308.524
307.612
308.512
307.6
308.499
307.587
308.486
307.574
308.473
307.561
308.46
307.548
308.448
307.536
308.435
307.523
308.422
307.51
308.409
307.497
308.396
307.484
308.384
309.283
308.371
309.27
308.358
309.257
308.345
309.244
308.332
309.232
308.32
309.219
308.307
309.206
308.294
309.193
308.281
309.18
308.268
309.168
308.256
309.155
308.243
309.142
308.23
309.129
308.217
309.116
308.204
309.104
308.192
309.091
308.179
309.078
308.166
309.065
308.153
309.052
308.14
309.04
308.128
309.027
308.115
309.014
308.102
309.001
308.089
308.988
308.076
308.976
308.064
308.963
308.051
308.95
308.038
308.937
308.025
308.924
308.012
308.912
308
308.899
307.987
308.886
307.974
308.873
307.961
308.86
307.948
308.848
307.936
308.835
307.923
308.822
307.91
308.809
307.897
308.796
307.884
308.784
307.872
308.771
307.859
308.758
307.846
308.745
307.833
308.732
307.82
308.72
307.808
308.707
307.795
308.694
307.782
308.681
307.769
308.668
307.756
308.656
307.744
308.643
307.731
308.63
309.529
308.617
309.516
308.604
309.504
308.592
309.491
308.579
309.478
308.566
309.465
308.553
309.452
308.54
309.44
308.528
309.427
308.515
309.414
308.502
309.401
308.489
309.388
308.476
309.376
308.464
309.363
308.451
309.35
308.438
309.337
308.425
309.324
308.412
309.312
308.4
309.299
308.387
309.286
308.374
309.273
308.361
309.26
308.348
309.248
308.336
309.235
308.323
309.222
308.31
309.209
308.297
309.196
308.284
309.184
308.272
309.171
308.259
309.158
308.246
309.145
308.233
309.132
308.22
309.12
308.208
309.107
308.195
309.094
308.182
309.081
308.169
309.068
308.156
309.056
308.144
309.043
308.131
309.03
308.118
309.017
308.105
309.004
308.092
308.992
308.08
308.979
308.067
308.966
308.054
308.953
308.041
308.94
308.028
308.928
308.016
308.915
308.003
308.902
307.99
308.889
307.977
308.876
307.964
308.864
307.952
308.851
309.75
308.838
309.737
308.825
309.724
308.812
309.712
308.8
309.699
308.787
309.686
308.774
309.673
308.761
309.66
308.748
309.648
308.736
309.635
308.723
309.622
308.71
309.609
308.697
309.596
308.684
309.584
308.672
309.571
308.659
309.558
308.646
309.545
308.633
309.532
308.62
309.52
308.608
309.507
308.595
309.494
308.582
309.481
308.569
309.468
308.556
309.456
308.544
309.443
308.531
309.43
308.518
309.417
308.505
309.404
308.492
309.392
308.48
309.379
308.467
309.366
308.454
309.353
308.441
309.34
308.428
309.328
308.416
309.315
308.403
309.302
308.39
309.289
308.377
309.276
308.364
309.264
308.352
309.251
308.339
309.238
308.326
309.225
308.313
309.212
308.3
309.2
308.288
309.187
308.275
309.174
308.262
309.161
308.249
309.148
308.236
309.136
308.224
309.123
308.211
309.11
308.198
309.097
308.185
309.084
308.172
309.072
308.16
309.059
308.147
309.046
308.134
309.033
308.121
309.02
308.108
309.008
308.096
308.995
308.083
308.982
308.07
308.969
308.057
308.956
308.044
308.944
308.032
308.931
308.019
308.918
308.006
308.905
307.993
308.892
307.98
308.88
307.968
308.867
307.955
308.854
309.753
308.841
309.74
308.828
309.728
308.816
309.715
308.803
309.702
308.79
309.689
308.777
309.676
308.764
309.664
308.752
309.651
308.739
309.638
308.726
309.625
308.713
309.612
308.7
309.6
308.688
309.587
308.675
309.574
308.662
309.561
308.649
309.548
308.636
309.536
308.624
309.523
308.611
309.51
308.598
309.497
308.585
309.484
308.572
309.472
308.56
309.459
308.547
309.446
308.534
309.433
308.521
309.42
308.508
309.408
308.496
309.395
308.483
309.382
308.47
309.369
308.457
309.356
308.444
309.344
308.432
309.331
308.419
309.318
308.406
309.305
308.393
309.292
308.38
309.28
308.368
309.267
308.355
309.254
308.342
309.241
308.329
309.228
308.316
309.216
308.304
309.203
308.291
309.19
308.278
309.177
308.265
309.164
308.252
309.152
308.24
309.139
308.227
309.126
308.214
309.113
308.201
309.1
308.188
309.088
308.176
309.075
308.163
309.062
308.15
309.049
308.137
309.036
309.936
309.024
309.923
309.011
309.91
308.998
309.897
308.985
309.884
308.972
309.872
308.96
309.859
308.947
309.846
308.934
309.833
308.921
309.82
308.908
309.808
308.896
309.795
308.883
309.782
308.87
309.769
308.857
309.756
308.844
309.744
308.832
309.731
308.819
309.718
308.806
309.705
308.793
309.692
308.78
309.68
308.768
309.667
308.755
309.654
308.742
309.641
308.729
309.628
308.716
309.616
308.704
309.603
308.691
309.59
308.678
309.577
308.665
309.564
308.652
309.552
308.64
309.539
308.627
309.526
308.614
309.513
308.601
309.5
308.588
309.488
308.576
309.475
308.563
309.462
308.55
309.449
308.537
309.436
308.524
309.424
308.512
309.411
308.499
309.398
308.486
309.385
308.473
309.372
308.46
309.36
308.448
309.347
308.435
309.334
308.422
309.321
308.409
309.308
308.396
309.296
308.384
309.283
308.371
309.27
308.358
309.257
308.345
309.244
308.332
309.232
308.32
309.219
308.307
309.206
308.294
309.193
308.281
309.18
308.268
309.168
308.256
309.155
308.243
309.142
308.23
309.129
308.217
309.116
308.204
309.104
308.192
309.091
308.179
309.078
308.166
309.065
308.153
309.052
308.14
309.04
309.939
309.027
309.926
309.014
309.913
309.001
309.9
308.988
309.888
308.976
309.875
308.963
309.862
308.95
309.849
308.937
309.836
308.924
309.824
308.912
309.811
308.899
309.798
308.886
309.785
308.873
309.772
308.86
309.76
308.848
309.747
308.835
309.734
308.822
309.721
308.809
309.708
308.796
309.696
308.784
309.683
308.771
309.67
308.758
309.657
308.745
309.644
308.732
309.632
308.72
309.619
308.707
309.606
308.694
309.593
308.681
309.58
308.668
309.568
308.656
309.555
308.643
309.542
308.63
309.529
308.617
309.516
308.604
309.504
308.592
309.491
308.579
309.478
308.566
309.465
308.553
309.452
308.54
309.44
308.528
309.427
308.515
309.414
308.502
309.401
308.489
309.388
308.476
309.376
308.464
309.363
308.451
309.35
308.438
309.337
308.425
309.324
308.412
309.312
308.4
309.299
308.387
309.286
308.374
309.273
308.361
309.26
308.348
309.248
308.336
309.235
308.323
309.222
308.31
309.209
308.297
309.196
308.284
309.184
308.272
309.171
308.259
309.158
308.246
309.145
310.044
309.132
310.032
309.12
310.019
309.107
310.006
309.094
309.993
309.081
309.98
309.068
309.968
309.056
309.955
309.043
309.942
309.03
309.929
309.017
309.916
309.004
309.904
308.992
309.891
308.979
309.878
308.966
309.865
308.953
309.852
308.94
309.84
308.928
309.827
308.915
309.814
308.902
309.801
308.889
309.788
308.876
309.776
308.864
309.763
308.851
309.75
308.838
309.737
308.825
309.724
308.812
309.712
308.8
309.699
308.787
309.686
308.774
309.673
308.761
309.66
308.748
309.648
308.736
309.635
308.723
309.622
308.71
309.609
308.697
309.596
308.684
309.584
308.672
309.571
308.659
309.558
308.646
309.545
308.633
309.532
308.62
309.52
308.608
309.507
308.595
309.494
308.582
309.481
308.569
309.468
308.556
309.456
308.544
309.443
308.531
309.43
308.518
309.417
308.505
309.404
308.492
309.392
308.48
309.379
308.467
309.366
308.454
309.353
308.441
309.34
308.428
309.328
308.416
309.315
308.403
309.302
308.39
309.289
308.377
309.276
308.364
309.264
308.352
309.251
308.339
309.238
308.326
309.225
308.313
309.212
308.3
309.2
308.288
309.187
308.275
309.174
308.262
309.161
308.249
309.148
310.048
309.136
310.035
309.123
310.022
309.11
310.009
309.097
309.996
309.084
309.984
309.072
309.971
309.059
309.958
309.046
309.945
309.033
309.932
309.02
309.92
309.008
309.907
308.995
309.894
308.982
309.881
308.969
309.868
308.956
309.856
308.944
309.843
308.931
309.83
308.918
309.817
308.905
309.804
308.892
309.792
308.88
309.779
308.867
309.766
308.854
309.753
308.841
309.74
308.828
309.728
308.816
309.715
308.803
309.702
308.79
309.689
308.777
309.676
308.764
309.664
308.752
309.651
308.739
309.638
308.726
309.625
308.713
309.612
308.7
309.6
308.688
309.587
308.675
309.574
308.662
309.561
308.649
309.548
308.636
309.536
308.624
309.523
308.611
309.51
308.598
309.497
308.585
309.484
308.572
309.472
308.56
309.459
308.547
309.446
308.534
309.433
308.521
309.42
308.508
309.408
308.496
309.395
308.483
309.382
308.47
309.369
308.457
309.356
308.444
309.344
308.432
309.331
308.419
309.318
308.406
309.305
308.393
309.292
308.38
309.28
308.368
309.267
308.355
309.254
308.342
309.241
308.329
309.228
308.316
309.216
308.304
309.203
308.291
309.19
308.278
309.177
308.265
309.164
308.252
309.152
308.24
309.139
310.038
309.126
310.025
309.113
310.012
309.1
310
309.088
309.987
309.075
309.974
309.062
309.961
309.049
309.948
309.036
309.936
309.024
309.923
309.011
309.91
308.998
309.897
308.985
309.884
308.972
309.872
308.96
309.859
308.947
309.846
308.934
309.833
308.921
309.82
308.908
309.808
308.896
309.795
308.883
309.782
308.87
309.769
308.857
309.756
308.844
309.744
308.832
309.731
308.819
309.718
308.806
309.705
308.793
309.692
308.78
309.68
308.768
309.667
308.755
309.654
308.742
309.641
308.729
309.628
308.716
309.616
308.704
309.603
308.691
309.59
308.678
309.577
308.665
309.564
308.652
309.552
308.64
309.539
308.627
309.526
308.614
309.513
308.601
309.5
308.588
309.488
308.576
309.475
308.563
309.462
308.55
309.449
308.537
309.436
308.524
309.424
308.512
309.411
308.499
309.398
308.486
309.385
308.473
309.372
308.46
309.36
308.448
309.347
308.435
309.334
308.422
309.321
308.409
309.308
308.396
309.296
308.384
309.283
308.371
309.27
308.358
309.257
308.345
309.244
308.332
309.232
308.32
309.219
308.307
309.206
308.294
309.193
308.281
309.18
308.268
309.168
308.256
309.155
308.243
309.142
310.041
309.129
310.028
309.116
310.016
309.104
310.003
309.091
309.99
309.078
309.977
309.065
309.964
309.052
309.952
309.04
309.939
309.027
309.926
309.014
309.913
309.001
309.9
308.988
309.888
308.976
309.875
308.963
309.862
308.95
309.849
308.937
309.836
308.924
309.824
308.912
309.811
308.899
309.798
308.886
309.785
308.873
309.772
308.86
309.76
308.848
309.747
308.835
309.734
308.822
309.721
308.809
309.708
308.796
309.696
308.784
309.683
308.771
309.67
308.758
309.657
308.745
309.644
308.732
309.632
308.72
309.619
308.707
309.606
308.694
309.593
308.681
309.58
308.668
309.568
308.656
309.555
308.643
309.542
308.63
309.529
308.617
309.516
308.604
309.504
308.592
309.491
308.579
309.478
308.566
309.465
308.553
309.452
308.54
309.44
308.528
309.427
308.515
309.414
308.502
309.401
308.489
309.388
308.476
309.376
308.464
309.363
308.451
309.35
308.438
309.337
308.425
309.324
308.412
309.312
308.4
309.299
308.387
309.286
308.374
309.273
308.361
309.26
308.348
309.248
308.336
309.235
308.323
309.222
308.31
309.209
308.297
309.196
308.284
309.184
308.272
309.171
308.259
309.158
308.246
309.145
310.044
309.132
310.032
309.12
310.019
309.107
310.006
309.094
309.993
309.081
309.98
309.068
309.968
309.056
309.955
309.043
309.942
309.03
309.929
309.017
309.916
309.004
309.904
308.992
309.891
308.979
309.878
308.966
309.865
308.953
309.852
308.94
309.84
308.928
309.827
308.915
309.814
308.902
309.801
308.889
309.788
308.876
309.776
308.864
309.763
308.851
309.75
308.838
309.737
308.825
309.724
308.812
309.712
308.8
309.699
308.787
309.686
308.774
309.673
308.761
309.66
308.748
309.648
308.736
309.635
308.723
309.622
308.71
309.609
308.697
309.596
308.684
309.584
308.672
309.571
308.659
309.558
308.646
309.545
308.633
309.532
308.62
309.52
308.608
309.507
308.595
309.494
308.582
309.481
308.569
309.468
308.556
309.456
308.544
309.443
308.531
309.43
308.518
309.417
308.505
309.404
308.492
309.392
308.48
309.379
308.467
309.366
308.454
309.353
308.441
309.34
308.428
309.328
308.416
309.315
308.403
309.302
308.39
309.289
308.377
309.276
308.364
309.264
308.352
309.251
308.339
309.238
308.326
309.225
308.313
309.212
308.3
309.2
308.288
309.187
308.275
309.174
308.262
309.161
308.249
309.148
310.048
309.136
310.035
309.123
310.022
309.11
310.009
309.097
309.996
309.084
309.984
309.072
309.971
309.059
309.958
309.046
309.945
309.033
309.932
309.02
309.92
309.008
309.907
308.995
309.894
308.982
309.881
308.969
309.868
308.956
309.856
308.944
309.843
308.931
309.83
308.918
309.817
308.905
309.804
308.892
309.792
308.88
309.779
308.867
309.766
308.854
309.753
308.841
309.74
308.828
309.728
308.816
309.715
308.803
309.702
308.79
309.689
308.777
309.676
308.764
309.664
308.752
309.651
308.739
309.638
308.726
309.625
308.713
309.612
308.7
309.6
308.688
309.587
308.675
309.574
308.662
309.561
308.649
309.548
308.636
309.536
308.624
309.523
308.611
309.51
308.598
309.497
308.585
309.484
308.572
309.472
308.56
309.459
308.547
309.446
308.534
309.433
308.521
309.42
308.508
309.408
308.496
309.395
308.483
309.382
308.47
309.369
308.457
309.356
308.444
309.344
308.432
309.331
308.419
309.318
308.406
309.305
308.393
309.292
308.38
309.28
308.368
309.267
308.355
309.254
308.342
309.241
308.329
309.228
308.316
309.216
308.304
309.203
308.291
309.19
308.278
309.177
308.265
309.164
308.252
309.152
308.24
309.139
310.038
309.126
310.025
309.113
310.012
309.1
310
309.088
309.987
309.075
309.974
309.062
309.961
309.049
309.948
309.036
309.936
309.024
309.923
309.011
309.91
308.998
309.897
308.985
309.884
308.972
309.872
308.96
309.859
308.947
309.846
308.934
309.833
308.921
309.82
308.908
309.808
308.896
309.795
308.883
309.782
308.87
309.769
308.857
309.756
308.844
309.744
308.832
309.731
308.819
309.718
308.806
309.705
308.793
309.692
308.78
309.68
308.768
309.667
308.755
309.654
308.742
309.641
308.729
309.628
308.716
309.616
308.704
309.603
308.691
309.59
308.678
309.577
308.665
309.564
308.652
309.552
308.64
309.539
308.627
309.526
308.614
309.513
308.601
309.5
308.588
309.488
308.576
309.475
308.563
309.462
308.55
309.449
308.537
309.436
308.524
309.424
308.512
309.411
308.499
309.398
308.486
309.385
308.473
309.372
308.46
309.36
308.448
309.347
308.435
309.334
308.422
309.321
308.409
309.308
308.396
309.296
308.384
309.283
308.371
309.27
308.358
309.257
308.345
309.244
308.332
309.232
308.32
309.219
308.307
309.206
308.294
309.193
308.281
309.18
308.268
309.168
308.256
309.155
308.243
309.142
310.041
309.129
310.028
309.116
310.016
309.104
310.003
309.091
309.99
309.078
309.977
309.065
309.964
309.052
309.952
309.04
309.939
309.027
309.926
309.014
309.913
309.001
309.9
308.988
309.888
308.976
309.875
308.963
309.862
308.95
309.849
308.937
309.836
308.924
309.824
308.912
309.811
308.899
309.798
308.886
309.785
308.873
309.772
308.86
309.76
308.848
309.747
308.835
309.734
308.822
309.721
308.809
309.708
308.796
309.696
308.784
309.683
308.771
309.67
308.758
309.657
308.745
309.644
308.732
309.632
308.72
309.619
308.707
309.606
308.694
309.593
308.681
309.58
308.668
309.568
308.656
309.555
308.643
309.542
308.63
309.529
308.617
309.516
308.604
309.504
308.592
309.491
308.579
309.478
308.566
309.465
308.553
309.452
308.54
309.44
308.528
309.427
308.515
309.414
308.502
309.401
308.489
309.388
308.476
309.376
308.464
309.363
308.451
309.35
308.438
309.337
308.425
309.324
308.412
309.312
308.4
309.299
308.387
309.286
308.374
309.273
308.361
309.26
308.348
309.248
308.336
309.235
308.323
309.222
308.31
309.209
308.297
309.196
308.284
309.184
308.272
309.171
308.259
309.158
308.246
309.145
310.044
309.132
310.032
309.12
310.019
309.107
310.006
309.094
309.993
309.081
309.98
309.068
309.968
309.056
309.955
309.043
309.942
309.03
309.929
309.017
309.916
309.004
309.904
308.992
309.891
308.979
309.878
308.966
309.865
308.953
309.852
308.94
309.84
308.928
309.827
308.915
309.814
308.902
309.801
308.889
309.788
308.876
309.776
308.864
309.763
308.851
309.75
308.838
309.737
308.825
309.724
308.812
309.712
308.8
309.699
308.787
309.686
308.774
309.673
308.761
309.66
308.748
309.648
308.736
309.635
308.723
309.622
308.71
309.609
308.697
309.596
308.684
309.584
308.672
309.571
308.659
309.558
308.646
309.545
308.633
309.532
308.62
309.52
308.608
309.507
308.595
309.494
308.582
309.481
308.569
309.468
308.556
309.456
308.544
309.443
308.531
309.43
308.518
309.417
308.505
309.404
308.492
309.392
308.48
309.379
308.467
309.366
308.454
309.353
308.441
309.34
308.428
309.328
308.416
309.315
308.403
309.302
308.39
309.289
308.377
309.276
308.364
309.264
308.352
309.251
308.339
309.238
308.326
309.225
308.313
309.212
308.3
309.2
308.288
309.187
308.275
309.174
308.262
309.161
308.249
309.148
310.048
309.136
310.035
309.123
310.022
309.11
310.009
309.097
309.996
309.084
309.984
309.072
309.971
309.059
309.958
309.046
309.945
309.033
309.932
309.02
309.92
309.008
309.907
308.995
309.894
308.982
309.881
308.969
309.868
308.956
309.856
308.944
309.843
308.931
309.83
308.918
309.817
308.905
309.804
308.892
309.792
308.88
309.779
308.867
309.766
308.854
309.753
308.841
309.74
308.828
309.728
308.816
309.715
308.803
309.702
308.79
309.689
308.777
309.676
308.764
309.664
308.752
309.651
308.739
309.638
308.726
309.625
308.713
309.612
308.7
309.6
308.688
309.587
308.675
309.574
308.662
309.561
308.649
309.548
308.636
309.536
308.624
309.523
308.611
309.51
308.598
309.497
308.585
309.484
308.572
309.472
308.56
309.459
308.547
309.446
308.534
309.433
308.521
309.42
308.508
309.408
308.496
309.395
308.483
309.382
308.47
309.369
308.457
309.356
308.444
309.344
308.432
309.331
308.419
309.318
308.406
309.305
308.393
309.292
308.38
309.28
308.368
309.267
308.355
309.254
308.342
309.241
308.329
309.228
308.316
309.216
308.304
309.203
308.291
309.19
308.278
309.177
308.265
309.164
308.252
309.152
308.24
309.139
310.038
309.126
310.025
309.113
310.012
309.1
310
309.088
309.987
309.075
309.974
309.062
309.961
309.049
309.948
309.036
309.936
309.024
309.923
309.011
309.91
308.998
309.897
308.985
309.884
308.972
309.872
308.96
309.859
308.947
309.846
308.934
309.833
308.921
309.82
308.908
309.808
308.896
309.795
308.883
309.782
308.87
309.769
308.857
309.756
308.844
309.744
308.832
309.731
308.819
309.718
308.806
309.705
308.793
309.692
308.78
309.68
308.768
309.667
308.755
309.654
308.742
309.641
308.729
309.628
308.716
309.616
308.704
309.603
308.691
309.59
308.678
309.577
308.665
309.564
308.652
309.552
308.64
309.539
308.627
309.526
308.614
309.513
308.601
309.5
308.588
309.488
308.576
309.475
308.563
309.462
308.55
309.449
308.537
309.436
308.524
309.424
308.512
309.411
308.499
309.398
308.486
309.385
308.473
309.372
308.46
309.36
308.448
309.347
308.435
309.334
308.422
309.321
308.409
309.308
308.396
309.296
308.384
309.283
308.371
309.27
308.358
309.257
308.345
309.244
308.332
309.232
308.32
309.219
308.307
309.206
308.294
309.193
308.281
309.18
308.268
309.168
308.256
309.155
308.243
309.142
310.041
309.129
310.028
309.116
310.016
309.104
310.003
309.091
309.99
309.078
309.977
309.065
309.964
309.052
309.952
309.04
309.939
309.027
309.926
309.014
309.913
309.001
309.9
308.988
309.888
308.976
309.875
308.963
309.862
308.95
309.849
308.937
309.836
308.924
309.824
308.912
309.811
308.899
309.798
308.886
309.785
308.873
309.772
308.86
309.76
308.848
309.747
308.835
309.734
308.822
309.721
308.809
309.708
308.796
309.696
308.784
309.683
308.771
309.67
308.758
309.657
308.745
309.644
308.732
309.632
308.72
309.619
308.707
309.606
308.694
309.593
308.681
309.58
308.668
309.568
308.656
309.555
308.643
309.542
308.63
309.529
308.617
309.516
308.604
309.504
308.592
309.491
308.579
309.478
308.566
309.465
308.553
309.452
308.54
309.44
308.528
309.427
308.515
309.414
308.502
309.401
308.489
309.388
308.476
309.376
308.464
309.363
308.451
309.35
308.438
309.337
308.425
309.324
308.412
309.312
308.4
309.299
308.387
309.286
308.374
309.273
308.361
309.26
308.348
309.248
308.336
309.235
308.323
309.222
308.31
309.209
308.297
309.196
308.284
309.184
308.272
309.171
308.259
309.158
308.246
309.145
310.044
309.132
310.032
309.12
310.019
309.107
310.006
309.094
309.993
309.081
309.98
309.068
309.968
309.056
309.955
309.043
309.942
309.03
309.929
309.017
309.916
309.004
309.904
308.992
309.891
308.979
309.878
308.966
309.865
308.953
309.852
308.94
309.84
308.928
309.827
308.915
309.814
308.902
309.801
308.889
309.788
308.876
309.776
308.864
309.763
308.851
309.75
308.838
309.737
308.825
309.724
308.812
309.712
308.8
309.699
308.787
309.686
308.774
309.673
308.761
309.66
308.748
309.648
308.736
309.635
308.723
309.622
308.71
309.609
308.697
309.596
308.684
309.584
308.672
309.571
308.659
309.558
308.646
309.545
308.633
309.532
308.62
309.52
308.608
309.507
308.595
309.494
308.582
309.481
308.569
309.468
308.556
309.456
308.544
309.443
308.531
309.43
308.518
309.417
308.505
309.404
308.492
309.392
308.48
309.379
308.467
309.366
308.454
309.353
308.441
309.34
308.428
309.328
308.416
309.315
308.403
309.302
308.39
309.289
308.377
309.276
308.364
309.264
308.352
309.251
308.339
309.238
308.326
309.225
308.313
309.212
308.3
309.2
308.288
309.187
308.275
309.174
308.262
309.161
308.249
309.148
310.048
309.136
310.035
309.123
310.022
309.11
310.009
309.097
309.996
309.084
309.984
309.072
309.971
309.059
309.958
309.046
309.945
309.033
309.932
309.02
309.92
309.008
309.907
308.995
309.894
308.982
309.881
308.969
309.868
308.956
309.856
308.944
309.843
308.931
309.83
308.918
309.817
308.905
309.804
308.892
309.792
308.88
309.779
308.867
309.766
308.854
309.753
308.841
309.74
308.828
309.728
308.816
309.715
308.803
309.702
308.79
309.689
308.777
309.676
308.764
309.664
308.752
309.651
308.739
309.638
308.726
309.625
308.713
309.612
308.7
309.6
308.688
309.587
308.675
309.574
308.662
309.561
308.649
309.548
308.636
309.536
308.624
309.523
308.611
309.51
308.598
309.497
308.585
309.484
308.572
309.472
308.56
309.459
308.547
309.446
308.534
309.433
308.521
309.42
308.508
309.408
308.496
309.395
308.483
309.382
308.47
309.369
308.457
309.356
308.444
309.344
308.432
309.331
308.419
309.318
308.406
309.305
308.393
309.292
308.38
309.28
308.368
309.267
308.355
309.254
308.342
309.241
308.329
309.228
308.316
309.216
308.304
309.203
308.291
309.19
308.278
309.177
308.265
309.164
308.252
309.152
308.24
309.139
310.038
309.126
310.025
309.113
310.012
309.1
310
309.088
309.987
309.075
309.974
309.062
309.961
309.049
309.948
309.036
309.936
309.024
309.923
309.011
309.91
308.998
309.897
308.985
309.884
308.972
309.872
308.96
309.859
308.947
309.846
308.934
309.833
308.921
309.82
308.908
309.808
308.896
309.795
308.883
309.782
308.87
309.769
308.857
309.756
308.844
309.744
308.832
309.731
308.819
309.718
308.806
309.705
308.793
309.692
308.78
309.68
308.768
309.667
308.755
309.654
308.742
309.641
308.729
309.628
308.716
309.616
308.704
309.603
308.691
309.59
308.678
309.577
308.665
309.564
308.652
309.552
308.64
309.539
308.627
309.526
308.614
309.513
308.601
309.5
308.588
309.488
308.576
309.475
308.563
309.462
308.55
309.449
308.537
309.436
308.524
309.424
308.512
309.411
308.499
309.398
308.486
309.385
308.473
309.372
308.46
309.36
308.448
309.347
308.435
309.334
308.422
309.321
308.409
309.308
308.396
309.296
308.384
309.283
308.371
309.27
308.358
309.257
308.345
309.244
308.332
309.232
308.32
309.219
308.307
309.206
308.294
309.193
308.281
309.18
308.268
309.168
308.256
309.155
308.243
309.142
310.041
309.129
310.028
309.116
310.016
309.104
310.003
309.091
309.99
309.078
309.977
309.065
309.964
309.052
309.952
309.04
309.939
309.027
309.926
309.014
309.913
309.001
309.9
308.988
309.888
308.976
309.875
308.963
309.862
308.95
309.849
308.937
309.836
308.924
309.824
308.912
309.811
308.899
309.798
308.886
309.785
308.873
309.772
308.86
309.76
308.848
309.747
308.835
309.734
308.822
309.721
308.809
309.708
308.796
309.696
308.784
309.683
308.771
309.67
308.758
309.657
308.745
309.644
308.732
309.632
308.72
309.619
308.707
309.606
308.694
309.593
308.681
309.58
308.668
309.568
308.656
309.555
308.643
309.542
308.63
309.529
308.617
309.516
308.604
309.504
308.592
309.491
308.579
309.478
308.566
309.465
308.553
309.452
308.54
309.44
308.528
309.427
308.515
309.414
308.502
309.401
308.489
309.388
308.476
309.376
308.464
309.363
308.451
309.35
308.438
309.337
308.425
309.324
308.412
309.312
308.4
309.299
308.387
309.286
308.374
309.273
308.361
309.26
308.348
309.248
308.336
309.235
308.323
309.222
308.31
309.209
308.297
309.196
308.284
309.184
308.272
309.171
308.259
309.158
308.246
309.145
310.044
309.132
310.032
309.12
310.019
309.107
310.006
309.094
309.993
309.081
309.98
309.068
309.968
309.056
309.955
309.043
309.942
309.03
309.929
309.017
309.916
309.004
309.904
308.992
309.891
308.979
309.878
308.966
309.865
308.953
309.852
308.94
309.84
308.928
309.827
308.915
309.814
308.902
309.801
308.889
309.788
308.876
309.776
308.864
309.763
308.851
309.75
308.838
309.737
308.825
309.724
308.812
309.712
308.8
309.699
308.787
309.686
308.774
309.673
308.761
309.66
308.748
309.648
308.736
309.635
308.723
309.622
308.71
309.609
308.697
309.596
308.684
309.584
308.672
309.571
308.659
309.558
308.646
309.545
308.633
309.532
308.62
309.52
308.608
309.507
308.595
309.494
308.582
309.481
308.569
309.468
308.556
309.456
308.544
309.443
308.531
309.43
308.518
309.417
308.505
309.404
308.492
309.392
308.48
309.379
308.467
309.366
308.454
309.353
308.441
309.34
308.428
309.328
308.416
309.315
308.403
309.302
308.39
309.289
308.377
309.276
308.364
309.264
308.352
309.251
308.339
309.238
308.326
309.225
308.313
309.212
308.3
309.2
308.288
309.187
308.275
309.174
308.262
309.161
308.249
309.148
310.048
309.136
310.035
309.123
310.022
309.11
310.009
309.097
309.996
309.084
309.984
309.072
309.971
309.059
309.958
309.046
309.945
309.033
309.932
309.02
309.92
309.008
309.907
308.995
309.894
308.982
309.881
308.969
309.868
308.956
309.856
308.944
309.843
308.931
309.83
308.918
309.817
308.905
309.804
308.892
309.792
308.88
309.779
308.867
309.766
308.854
309.753
308.841
309.74
308.828
309.728
308.816
309.715
308.803
309.702
308.79
309.689
308.777
309.676
308.764
309.664
308.752
309.651
308.739
309.638
308.726
309.625
308.713
309.612
308.7
309.6
308.688
309.587
308.675
309.574
308.662
309.561
308.649
309.548
308.636
309.536
308.624
309.523
308.611
309.51
308.598
309.497
308.585
309.484
308.572
309.472
308.56
309.459
308.547
309.446
308.534
309.433
308.521
309.42
308.508
309.408
308.496
309.395
308.483
309.382
308.47
309.369
308.457
309.356
308.444
309.344
308.432
309.331
308.419
309.318
308.406
309.305
308.393
309.292
308.38
309.28
308.368
309.267
308.355
309.254
308.342
309.241
308.329
309.228
308.316
309.216
308.304
309.203
308.291
309.19
308.278
309.177
308.265
309.164
308.252
309.152
308.24
309.139
310.038
309.126
310.025
309.113
310.012
309.1
310
309.088
309.987
309.075
309.974
309.062
309.961
309.049
309.948
309.036
309.936
309.024
309.923
309.011
309.91
308.998
309.897
308.985
309.884
308.972
309.872
308.96
309.859
308.947
309.846
308.934
309.833
308.921
309.82
308.908
309.808
308.896
309.795
308.883
309.782
308.87
309.769
308.857
309.756
308.844
309.744
308.832
309.731
308.819
309.718
308.806
309.705
308.793
309.692
308.78
309.68
308.768
309.667
308.755
309.654
308.742
309.641
308.729
309.628
308.716
309.616
308.704
309.603
308.691
309.59
308.678
309.577
308.665
309.564
308.652
309.552
308.64
309.539
308.627
309.526
308.614
309.513
308.601
309.5
308.588
309.488
308.576
309.475
308.563
309.462
308.55
309.449
308.537
309.436
308.524
309.424
308.512
309.411
308.499
309.398
308.486
309.385
308.473
309.372
308.46
309.36
308.448
309.347
308.435
309.334
308.422
309.321
308.409
309.308
308.396
309.296
308.384
309.283
308.371
309.27
308.358
309.257
308.345
309.244
308.332
309.232
308.32
309.219
308.307
309.206
308.294
309.193
308.281
309.18
308.268
309.168
308.256
309.155
308.243
309.142
310.041
309.129
310.028
309.116
310.016
309.104
310.003
309.091
309.99
309.078
309.977
309.065
309.964
309.052
309.952
309.04
309.939
309.027
309.926
309.014
309.913
309.001
309.9
308.988
309.888
308.976
309.875
308.963
309.862
308.95
309.849
308.937
309.836
308.924
309.824
308.912
309.811
308.899
309.798
308.886
309.785
308.873
309.772
308.86
309.76
308.848
309.747
308.835
309.734
308.822
309.721
308.809
309.708
308.796
309.696
308.784
309.683
308.771
309.67
308.758
309.657
308.745
309.644
308.732
309.632
308.72
309.619
308.707
309.606
308.694
309.593
308.681
309.58
308.668
309.568
308.656
309.555
308.643
309.542
308.63
309.529
308.617
309.516
308.604
309.504
308.592
309.491
308.579
309.478
308.566
309.465
308.553
309.452
308.54
309.44
308.528
309.427
308.515
309.414
308.502
309.401
308.489
309.388
308.476
309.376
308.464
309.363
308.451
309.35
308.438
309.337
308.425
309.324
308.412
309.312
308.4
309.299
308.387
309.286
308.374
309.273
308.361
309.26
308.348
309.248
308.336
309.235
308.323
309.222
308.31
309.209
308.297
309.196
308.284
309.184
308.272
309.171
308.259
309.158
308.246
309.145
310.044
309.132
310.032
309.12
310.019
309.107
310.006
309.094
309.993
309.081
309.98
309.068
309.968
309.056
309.955
309.043
309.942
309.03
309.929
309.017
309.916
309.004
309.904
308.992
309.891
308.979
309.878
308.966
309.865
308.953
309.852
308.94
309.84
308.928
309.827
308.915
309.814
308.902
309.801
308.889
309.788
308.876
309.776
308.864
309.763
308.851
309.75
308.838
309.737
308.825
309.724
308.812
309.712
308.8
309.699
308.787
309.686
308.774
309.673
308.761
309.66
308.748
309.648
308.736
309.635
308.723
309.622
308.71
309.609
308.697
309.596
308.684
309.584
308.672
309.571
308.659
309.558
308.646
309.545
308.633
309.532
308.62
309.52
308.608
309.507
308.595
309.494
308.582
309.481
308.569
309.468
308.556
309.456
308.544
309.443
308.531
309.43
308.518
309.417
308.505
309.404
308.492
309.392
308.48
309.379
308.467
309.366
308.454
309.353
308.441
309.34
308.428
309.328
308.416
309.315
308.403
309.302
308.39
309.289
308.377
309.276
308.364
309.264
308.352
309.251
308.339
309.238
308.326
309.225
308.313
309.212
308.3
309.2
308.288
309.187
308.275
309.174
308.262
309.161
308.249
309.148
310.048
309.136
310.035
309.123
310.022
309.11
310.009
309.097
309.996
309.084
309.984
309.072
309.971
309.059
309.958
309.046
309.945
309.033
309.932
309.02
309.92
309.008
309.907
308.995
309.894
308.982
309.881
308.969
309.868
308.956
309.856
308.944
309.843
308.931
309.83
308.918
309.817
308.905
309.804
308.892
309.792
308.88
309.779
308.867
309.766
308.854
309.753
308.841
309.74
308.828
309.728
308.816
309.715
308.803
309.702
308.79
309.689
308.777
309.676
308.764
309.664
308.752
309.651
308.739
309.638
308.726
309.625
308.713
309.612
308.7
309.6
308.688
309.587
308.675
309.574
308.662
309.561
308.649
309.548
308.636
309.536
308.624
309.523
308.611
309.51
308.598
309.497
308.585
309.484
308.572
309.472
308.56
309.459
308.547
309.446
308.534
309.433
308.521
309.42
308.508
309.408
308.496
309.395
308.483
309.382
308.47
309.369
308.457
309.356
308.444
309.344
308.432
309.331
308.419
309.318
308.406
309.305
308.393
309.292
308.38
309.28
308.368
309.267
308.355
309.254
308.342
309.241
308.329
309.228
308.316
309.216
308.304
309.203
308.291
309.19
308.278
309.177
308.265
309.164
308.252
309.152
308.24
309.139
310.038
309.126
310.025
309.113
310.012
309.1
310
309.088
309.987
309.075
309.974
309.062
309.961
309.049
309.948
309.036
309.936
309.024
309.923
309.011
309.91
308.998
309.897
308.985
309.884
308.972
309.872
308.96
309.859
308.947
309.846
308.934
309.833
308.921
309.82
308.908
309.808
308.896
309.795
308.883
309.782
308.87
309.769
308.857
309.756
308.844
309.744
308.832
309.731
308.819
309.718
308.806
309.705
308.793
309.692
308.78
309.68
308.768
309.667
308.755
309.654
308.742
309.641
308.729
309.628
308.716
309.616
308.704
309.603
308.691
309.59
308.678
309.577
308.665
309.564
308.652
309.552
308.64
309.539
308.627
309.526
308.614
309.513
308.601
309.5
308.588
309.488
308.576
309.475
308.563
309.462
308.55
309.449
308.537
309.436
308.524
309.424
308.512
309.411
308.499
309.398
308.486
309.385
308.473
309.372
308.46
309.36
308.448
309.347
308.435
309.334
308.422
309.321
308.409
309.308
308.396
309.296
308.384
309.283
308.371
309.27
308.358
309.257
308.345
309.244
308.332
309.232
308.32
309.219
308.307
309.206
308.294
309.193
308.281
309.18
308.268
309.168
308.256
309.155
308.243
309.142
310.041
309.129
310.028
309.116
310.016
309.104
310.003
309.091
309.99
309.078
309.977
309.065
309.964
309.052
309.952
309.04
309.939
309.027
309.926
309.014
309.913
309.001
309.9
308.988
309.888
308.976
309.875
308.963
309.862
308.95
309.849
308.937
309.836
308.924
309.824
308.912
309.811
308.899
309.798
308.886
309.785
308.873
309.772
308.86
309.76
308.848
309.747
308.835
309.734
308.822
309.721
308.809
309.708
308.796
309.696
308.784
309.683
308.771
309.67
308.758
309.657
308.745
309.644
308.732
309.632
308.72
309.619
308.707
309.606
308.694
309.593
308.681
309.58
308.668
309.568
308.656
309.555
308.643
309.542
308.63
309.529
308.617
309.516
308.604
309.504
308.592
309.491
308.579
309.478
308.566
309.465
308.553
309.452
308.54
309.44
308.528
309.427
308.515
309.414
308.502
309.401
308.489
309.388
308.476
309.376
308.464
309.363
308.451
309.35
308.438
309.337
308.425
309.324
308.412
309.312
308.4
309.299
308.387
309.286
308.374
309.273
308.361
309.26
308.348
309.248
308.336
309.235
308.323
309.222
308.31
309.209
308.297
309.196
308.284
309.184
308.272
309.171
308.259
309.158
308.246
309.145
310.044
309.132
310.032
309.12
310.019
309.107
310.006
309.094
309.993
309.081
309.98
309.068
309.968
309.056
309.955
309.043
309.942
309.03
309.929
309.017
309.916
309.004
309.904
308.992
309.891
308.979
309.878
308.966
309.865
308.953
309.852
308.94
309.84
308.928
309.827
308.915
309.814
308.902
309.801
308.889
309.788
308.876
309.776
308.864
309.763
308.851
309.75
308.838
309.737
308.825
309.724
308.812
309.712
308.8
309.699
308.787
309.686
308.774
309.673
308.761
309.66
308.748
309.648
308.736
309.635
308.723
309.622
308.71
309.609
308.697
309.596
308.684
309.584
308.672
309.571
308.659
309.558
308.646
309.545
308.633
309.532
308.62
309.52
308.608
309.507
308.595
309.494
308.582
309.481
308.569
309.468
308.556
309.456
308.544
309.443
308.531
309.43
308.518
309.417
308.505
309.404
308.492
309.392
308.48
309.379
308.467
309.366
308.454
309.353
308.441
309.34
308.428
309.328
308.416
309.315
308.403
309.302
308.39
309.289
308.377
309.276
308.364
309.264
308.352
309.251
308.339
309.238
308.326
309.225
308.313
309.212
308.3
309.2
308.288
309.187
308.275
309.174
308.262
309.161
308.249
309.148
310.048
309.136
310.035
309.123
310.022
309.11
310.009
309.097
309.996
309.084
309.984
309.072
309.971
309.059
309.958
309.046
309.945
309.033
309.932
309.02
309.92
309.008
309.907
308.995
309.894
308.982
309.881
308.969
309.868
308.956
309.856
308.944
309.843
308.931
309.83
308.918
309.817
308.905
309.804
308.892
309.792
308.88
309.779
308.867
309.766
308.854
309.753
308.841
309.74
308.828
309.728
308.816
309.715
308.803
309.702
308.79
309.689
308.777
309.676
308.764
309.664
308.752
309.651
308.739
309.638
308.726
309.625
308.713
309.612
308.7
309.6
308.688
309.587
308.675
309.574
308.662
309.561
308.649
309.548
308.636
309.536
308.624
309.523
308.611
309.51
308.598
309.497
308.585
309.484
308.572
309.472
308.56
309.459
308.547
309.446
308.534
309.433
308.521
309.42
308.508
309.408
308.496
309.395
308.483
309.382
308.47
309.369
308.457
309.356
308.444
309.344
308.432
309.331
308.419
309.318
308.406
309.305
308.393
309.292
308.38
309.28
308.368
309.267
308.355
309.254
308.342
309.241
308.329
309.228
308.316
309.216
308.304
309.203
308.291
309.19
308.278
309.177
308.265
309.164
308.252
309.152
308.24
309.139
310.038
309.126
310.025
309.113
310.012
309.1
310
309.088
309.987
309.075
309.974
309.062
309.961
309.049
309.948
309.036
309.936
309.024
309.923
309.011
309.91
308.998
309.897
308.985
309.884
308.972
309.872
308.96
309.859
308.947
309.846
308.934
309.833
308.921
309.82
308.908
309.808
308.896
309.795
308.883
309.782
308.87
309.769
308.857
309.756
308.844
309.744
308.832
309.731
308.819
309.718
308.806
309.705
308.793
309.692
308.78
309.68
308.768
309.667
308.755
309.654
308.742
309.641
308.729
309.628
308.716
309.616
308.704
309.603
308.691
309.59
308.678
309.577
308.665
309.564
308.652
309.552
308.64
309.539
308.627
309.526
308.614
309.513
308.601
309.5
308.588
309.488
308.576
309.475
308.563
309.462
308.55
309.449
308.537
309.436
308.524
309.424
308.512
309.411
308.499
309.398
308.486
309.385
308.473
309.372
308.46
309.36
308.448
309.347
308.435
309.334
308.422
309.321
308.409
309.308
308.396
309.296
308.384
309.283
308.371
309.27
308.358
309.257
308.345
309.244
308.332
309.232
308.32
309.219
308.307
309.206
308.294
309.193
308.281
309.18
308.268
309.168
308.256
309.155
308.243
309.142
310.041
309.129
310.028
309.116
310.016
309.104
310.003
309.091
309.99
309.078
309.977
309.065
309.964
309.052
309.952
309.04
309.939
309.027
309.926
309.014
309.913
309.001
309.9
308.988
309.888
308.976
309.875
308.963
309.862
308.95
309.849
308.937
309.836
308.924
309.824
308.912
309.811
308.899
309.798
308.886
309.785
308.873
309.772
308.86
309.76
308.848
309.747
308.835
309.734
308.822
309.721
308.809
309.708
308.796
309.696
308.784
309.683
308.771
309.67
308.758
309.657
308.745
309.644
308.732
309.632
308.72
309.619
308.707
309.606
308.694
309.593
308.681
309.58
308.668
309.568
308.656
309.555
308.643
309.542
308.63
309.529
308.617
309.516
308.604
309.504
308.592
309.491
308.579
309.478
308.566
309.465
308.553
309.452
308.54
309.44
308.528
309.427
308.515
309.414
308.502
309.401
308.489
309.388
308.476
309.376
308.464
309.363
308.451
309.35
308.438
309.337
308.425
309.324
308.412
309.312
308.4
309.299
308.387
309.286
308.374
309.273
308.361
309.26
308.348
309.248
308.336
309.235
308.323
309.222
308.31
309.209
308.297
309.196
308.284
309.184
308.272
309.171
308.259
309.158
308.246
309.145
310.044
309.132
310.032
309.12
310.019
309.107
310.006
309.094
309.993
309.081
309.98
309.068
309.968
309.056
309.955
309.043
309.942
309.03
309.929
309.017
309.916
309.004
309.904
308.992
309.891
308.979
309.878
308.966
309.865
308.953
309.852
308.94
309.84
308.928
309.827
308.915
309.814
308.902
309.801
308.889
309.788
308.876
309.776
308.864
309.763
308.851
309.75
308.838
309.737
308.825
309.724
308.812
309.712
308.8
309.699
308.787
309.686
308.774
309.673
308.761
309.66
308.748
309.648
308.736
309.635
308.723
309.622
308.71
309.609
308.697
309.596
308.684
309.584
308.672
309.571
308.659
309.558
308.646
309.545
308.633
309.532
308.62
309.52
308.608
309.507
308.595
309.494
308.582
309.481
308.569
309.468
308.556
309.456
308.544
309.443
308.531
309.43
308.518
309.417
308.505
309.404
308.492
309.392
308.48
309.379
308.467
309.366
308.454
309.353
308.441
309.34
308.428
309.328
308.416
309.315
308.403
309.302
308.39
309.289
308.377
309.276
308.364
309.264
308.352
309.251
308.339
309.238
308.326
309.225
308.313
309.212
308.3
309.2
308.288
309.187
308.275
309.174
308.262
309.161
308.249
309.148
310.048
309.136
310.035
309.123
310.022
309.11
310.009
309.097
309.996
309.084
309.984
309.072
309.971
309.059
309.958
309.046
309.945
309.033
309.932
309.02
309.92
309.008
309.907
308.995
309.894
308.982
309.881
308.969
309.868
308.956
309.856
308.944
309.843
308.931
309.83
308.918
309.817
308.905
309.804
308.892
309.792
308.88
309.779
308.867
309.766
308.854
309.753
308.841
309.74
308.828
309.728
308.816
309.715
308.803
309.702
308.79
309.689
308.777
309.676
308.764
309.664
308.752
309.651
308.739
309.638
308.726
309.625
308.713
309.612
308.7
309.6
308.688
309.587
308.675
309.574
308.662
309.561
308.649
309.548
308.636
309.536
308.624
309.523
308.611
309.51
308.598
309.497
308.585
309.484
308.572
309.472
308.56
309.459
308.547
309.446
308.534
309.433
308.521
309.42
308.508
309.408
308.496
309.395
308.483
309.382
308.47
309.369
308.457
309.356
308.444
309.344
308.432
309.331
308.419
309.318
308.406
309.305
308.393
309.292
308.38
309.28
308.368
309.267
308.355
309.254
308.342
309.241
308.329
309.228
308.316
309.216
308.304
309.203
308.291
309.19
308.278
309.177
308.265
309.164
308.252
309.152
308.24
309.139
310.038
309.126
310.025
309.113
310.012
309.1
310
309.088
309.987
309.075
309.974
309.062
309.961
309.049
309.948
309.036
309.936
309.024
309.923
309.011
309.91
308.998
309.897
308.985
309.884
308.972
309.872
308.96
309.859
308.947
309.846
308.934
309.833
308.921
309.82
308.908
309.808
308.896
309.795
308.883
309.782
308.87
309.769
308.857
309.756
308.844
309.744
308.832
309.731
308.819
309.718
308.806
309.705
308.793
309.692
308.78
309.68
308.768
309.667
308.755
309.654
308.742
309.641
308.729
309.628
308.716
309.616
308.704
309.603
308.691
309.59
308.678
309.577
308.665
309.564
308.652
309.552
308.64
309.539
308.627
309.526
308.614
309.513
308.601
309.5
308.588
309.488
308.576
309.475
308.563
309.462
308.55
309.449
308.537
309.436
308.524
309.424
308.512
309.411
308.499
309.398
308.486
309.385
308.473
309.372
308.46
309.36
308.448
309.347
308.435
309.334
308.422
309.321
308.409
309.308
308.396
309.296
308.384
309.283
308.371
309.27
308.358
309.257
308.345
309.244
308.332
309.232
308.32
309.219
308.307
309.206
308.294
309.193
308.281
309.18
308.268
309.168
308.256
309.155
308.243
309.142
310.041
309.129
310.028
309.116
310.016
309.104
310.003
309.091
309.99
309.078
309.977
309.065
309.964
309.052
309.952
309.04
309.939
309.027
309.926
309.014
309.913
309.001
309.9
308.988
309.888
308.976
309.875
308.963
309.862
308.95
309.849
308.937
309.836
308.924
309.824
308.912
309.811
308.899
309.798
308.886
309.785
308.873
309.772
308.86
309.76
308.848
309.747
308.835
309.734
308.822
309.721
308.809
309.708
308.796
309.696
308.784
309.683
308.771
309.67
308.758
309.657
308.745
309.644
308.732
309.632
308.72
309.619
308.707
309.606
308.694
309.593
308.681
309.58
308.668
309.568
308.656
309.555
308.643
309.542
308.63
309.529
308.617
309.516
308.604
309.504
308.592
309.491
308.579
309.478
308.566
309.465
308.553
309.452
308.54
309.44
308.528
309.427
308.515
309.414
308.502
309.401
308.489
309.388
308.476
309.376
308.464
309.363
308.451
309.35
308.438
309.337
308.425
309.324
308.412
309.312
308.4
309.299
308.387
309.286
308.374
309.273
308.361
309.26
308.348
309.248
308.336
309.235
308.323
309.222
308.31
309.209
308.297
309.196
308.284
309.184
308.272
309.171
308.259
309.158
308.246
309.145
310.044
309.132
310.032
309.12
310.019
309.107
310.006
309.094
309.993
309.081
309.98
309.068
309.968
309.056
309.955
309.043
309.942
309.03
309.929
309.017
309.916
309.004
309.904
308.992
309.891
308.979
309.878
308.966
309.865
308.953
309.852
308.94
309.84
308.928
309.827
308.915
309.814
308.902
309.801
308.889
309.788
308.876
309.776
308.864
309.763
308.851
309.75
308.838
309.737
308.825
309.724
308.812
309.712
308.8
309.699
308.787
309.686
308.774
309.673
308.761
309.66
308.748
309.648
308.736
309.635
308.723
309.622
308.71
309.609
308.697
309.596
308.684
309.584
308.672
309.571
308.659
309.558
308.646
309.545
308.633
309.532
308.62
309.52
308.608
309.507
308.595
309.494
308.582
309.481
308.569
309.468
308.556
309.456
308.544
309.443
308.531
309.43
308.518
309.417
308.505
309.404
308.492
309.392
308.48
309.379
308.467
309.366
308.454
309.353
308.441
309.34
308.428
309.328
308.416
309.315
308.403
309.302
308.39
309.289
308.377
309.276
308.364
309.264
308.352
309.251
308.339
309.238
308.326
309.225
308.313
309.212
308.3
309.2
308.288
309.187
308.275
309.174
308.262
309.161
308.249
309.148
310.048
309.136
310.035
309.123
310.022
309.11
310.009
309.097
309.996
309.084
309.984
309.072
309.971
309.059
309.958
309.046
309.945
309.033
309.932
309.02
309.92
309.008
309.907
308.995
309.894
308.982
309.881
308.969
309.868
308.956
309.856
308.944
309.843
308.931
309.83
308.918
309.817
308.905
309.804
308.892
309.792
308.88
309.779
308.867
309.766
308.854
309.753
308.841
309.74
308.828
309.728
308.816
309.715
308.803
309.702
308.79
309.689
308.777
309.676
308.764
309.664
308.752
309.651
308.739
309.638
308.726
309.625
308.713
309.612
308.7
309.6
308.688
309.587
308.675
309.574
308.662
309.561
308.649
309.548
308.636
309.536
308.624
309.523
308.611
309.51
308.598
309.497
308.585
309.484
308.572
309.472
308.56
309.459
308.547
309.446
308.534
309.433
308.521
309.42
308.508
309.408
308.496
309.395
308.483
309.382
308.47
309.369
308.457
309.356
308.444
309.344
308.432
309.331
308.419
309.318
308.406
309.305
308.393
309.292
308.38
309.28
308.368
309.267
308.355
309.254
308.342
309.241
308.329
309.228
308.316
309.216
308.304
309.203
308.291
309.19
308.278
309.177
308.265
309.164
308.252
309.152
308.24
309.139
310.038
309.126
310.025
309.113
310.012
309.1
310
309.088
309.987
309.075
309.974
309.062
309.961
309.049
309.948
309.036
309.936
309.024
309.923
309.011
309.91
308.998
309.897
308.985
309.884
308.972
309.872
308.96
309.859
308.947
309.846
308.934
309.833
308.921
309.82
308.908
309.808
308.896
309.795
308.883
309.782
308.87
309.769
308.857
309.756
308.844
309.744
308.832
309.731
308.819
309.718
308.806
309.705
308.793
309.692
308.78
309.68
308.768
309.667
308.755
309.654
308.742
309.641
308.729
309.628
308.716
309.616
308.704
309.603
308.691
309.59
308.678
309.577
308.665
309.564
308.652
309.552
308.64
309.539
308.627
309.526
308.614
309.513
308.601
309.5
308.588
309.488
308.576
309.475
308.563
309.462
308.55
309.449
308.537
309.436
308.524
309.424
308.512
309.411
308.499
309.398
308.486
309.385
308.473
309.372
308.46
309.36
308.448
309.347
308.435
309.334
308.422
309.321
308.409
309.308
308.396
309.296
308.384
309.283
308.371
309.27
308.358
309.257
308.345
309.244
308.332
309.232
308.32
309.219
308.307
309.206
308.294
309.193
308.281
309.18
308.268
309.168
308.256
309.155
308.243
309.142
310.041
309.129
310.028
309.116
310.016
309.104
310.003
309.091
309.99
309.078
309.977
309.065
309.964
309.052
309.952
309.04
309.939
309.027
309.926
309.014
309.913
309.001
309.9
308.988
309.888
308.976
309.875
308.963
309.862
308.95
309.849
308.937
309.836
308.924
309.824
308.912
309.811
308.899
309.798
308.886
309.785
308.873
309.772
308.86
309.76
308.848
309.747
308.835
309.734
308.822
309.721
308.809
309.708
308.796
309.696
308.784
309.683
308.771
309.67
308.758
309.657
308.745
309.644
308.732
309.632
308.72
309.619
308.707
309.606
308.694
309.593
308.681
309.58
308.668
309.568
308.656
309.555
308.643
309.542
308.63
309.529
308.617
309.516
308.604
309.504
308.592
309.491
308.579
309.478
308.566
309.465
308.553
309.452
308.54
309.44
308.528
309.427
308.515
309.414
308.502
309.401
308.489
309.388
308.476
309.376
308.464
309.363
308.451
309.35
308.438
309.337
308.425
309.324
308.412
309.312
308.4
309.299
308.387
309.286
308.374
309.273
308.361
309.26
308.348
309.248
308.336
309.235
308.323
309.222
308.31
309.209
308.297
309.196
308.284
309.184
308.272
309.171
308.259
309.158
308.246
309.145
310.044
309.132
310.032
309.12
310.019
309.107
310.006
309.094
309.993
309.081
309.98
309.068
309.968
309.056
309.955
309.043
309.942
309.03
309.929
309.017
309.916
309.004
309.904
308.992
309.891
308.979
309.878
308.966
309.865
308.953
309.852
308.94
309.84
308.928
309.827
308.915
309.814
308.902
309.801
308.889
309.788
308.876
309.776
308.864
309.763
308.851
309.75
308.838
309.737
308.825
309.724
308.812
309.712
308.8
309.699
308.787
309.686
308.774
309.673
308.761
309.66
308.748
309.648
308.736
309.635
308.723
309.622
308.71
309.609
308.697
309.596
308.684
309.584
308.672
309.571
308.659
309.558
308.646
309.545
308.633
309.532
308.62
309.52
308.608
309.507
308.595
309.494
308.582
309.481
308.569
309.468
308.556
309.456
308.544
309.443
308.531
309.43
308.518
309.417
308.505
309.404
308.492
309.392
308.48
309.379
308.467
309.366
308.454
309.353
308.441
309.34
308.428
309.328
308.416
309.315
308.403
309.302
308.39
309.289
308.377
309.276
308.364
309.264
308.352
309.251
308.339
309.238
308.326
309.225
308.313
309.212
308.3
309.2
308.288
309.187
308.275
309.174
308.262
309.161
308.249
309.148
310.048
309.136
310.035
309.123
310.022
309.11
310.009
309.097
309.996
309.084
309.984
309.072
309.971
309.059
309.958
309.046
309.945
309.033
309.932
309.02
309.92
309.008
309.907
308.995
309.894
308.982
309.881
308.969
309.868
308.956
309.856
308.944
309.843
308.931
309.83
308.918
309.817
308.905
309.804
308.892
309.792
308.88
309.779
308.867
309.766
308.854
309.753
308.841
309.74
308.828
309.728
308.816
309.715
308.803
309.702
308.79
309.689
308.777
309.676
308.764
309.664
308.752
309.651
308.739
309.638
308.726
309.625
308.713
309.612
308.7
309.6
308.688
309.587
308.675
309.574
308.662
309.561
308.649
309.548
308.636
309.536
308.624
309.523
308.611
309.51
308.598
309.497
308.585
309.484
308.572
309.472
308.56
309.459
308.547
309.446
308.534
309.433
308.521
309.42
308.508
309.408
308.496
309.395
308.483
309.382
308.47
309.369
308.457
309.356
308.444
309.344
308.432
309.331
308.419
309.318
308.406
309.305
308.393
309.292
308.38
309.28
308.368
309.267
308.355
309.254
308.342
309.241
308.329
309.228
308.316
309.216
308.304
309.203
308.291
309.19
308.278
309.177
308.265
309.164
308.252
309.152
308.24
309.139
310.038
309.126
310.025
309.113
310.012
309.1
310
309.088
309.987
309.075
309.974
309.062
309.961
309.049
309.948
309.036
309.936
309.024
309.923
309.011
309.91
308.998
309.897
308.985
309.884
308.972
309.872
308.96
309.859
308.947
309.846
308.934
309.833
308.921
309.82
308.908
309.808
308.896
309.795
308.883
309.782
308.87
309.769
308.857
309.756
308.844
309.744
308.832
309.731
308.819
309.718
308.806
309.705
308.793
309.692
308.78
309.68
308.768
309.667
308.755
309.654
308.742
309.641
308.729
309.628
308.716
309.616
308.704
309.603
308.691
309.59
308.678
309.577
308.665
309.564
308.652
309.552
308.64
309.539
308.627
309.526
308.614
309.513
308.601
309.5
308.588
309.488
308.576
309.475
308.563
309.462
308.55
309.449
308.537
309.436
308.524
309.424
308.512
309.411
308.499
309.398
308.486
309.385
308.473
309.372
308.46
309.36
308.448
309.347
308.435
309.334
308.422
309.321
308.409
309.308
308.396
309.296
308.384
309.283
308.371
309.27
308.358
309.257
308.345
309.244
308.332
309.232
308.32
309.219
308.307
309.206
308.294
309.193
308.281
309.18
308.268
309.168
308.256
309.155
308.243
309.142
310.041
309.129
310.028
309.116
310.016
309.104
310.003
309.091
309.99
309.078
309.977
309.065
309.964
309.052
309.952
309.04
309.939
309.027
309.926
309.014
309.913
309.001
309.9
308.988
309.888
308.976
309.875
308.963
309.862
308.95
309.849
308.937
309.836
308.924
309.824
308.912
309.811
308.899
309.798
308.886
309.785
308.873
309.772
308.86
309.76
308.848
309.747
308.835
309.734
308.822
309.721
308.809
309.708
308.796
309.696
308.784
309.683
308.771
309.67
308.758
309.657
308.745
309.644
308.732
309.632
308.72
309.619
308.707
309.606
308.694
309.593
308.681
309.58
308.668
309.568
308.656
309.555
308.643
309.542
308.63
309.529
308.617
309.516
308.604
309.504
308.592
309.491
308.579
309.478
308.566
309.465
308.553
309.452
308.54
309.44
308.528
309.427
308.515
309.414
308.502
309.401
308.489
309.388
308.476
309.376
308.464
309.363
308.451
309.35
308.438
309.337
308.425
309.324
308.412
309.312
308.4
309.299
308.387
309.286
308.374
309.273
308.361
309.26
308.348
309.248
308.336
309.235
308.323
309.222
308.31
309.209
308.297
309.196
308.284
309.184
308.272
309.171
308.259
309.158
308.246
309.145
310.044
309.132
310.032
309.12
310.019
309.107
310.006
309.094
309.993
309.081
309.98
309.068
309.968
309.056
309.955
309.043
309.942
309.03
309.929
309.017
309.916
309.004
309.904
308.992
309.891
308.979
309.878
308.966
309.865
308.953
309.852
308.94
309.84
308.928
309.827
308.915
309.814
308.902
309.801
308.889
309.788
308.876
309.776
308.864
309.763
308.851
309.75
308.838
309.737
308.825
309.724
308.812
309.712
308.8
309.699
308.787
309.686
308.774
309.673
308.761
309.66
308.748
309.648
308.736
309.635
308.723
309.622
308.71
309.609
308.697
309.596
308.684
309.584
308.672
309.571
308.659
309.558
308.646
309.545
308.633
309.532
308.62
309.52
308.608
309.507
308.595
309.494
308.582
309.481
308.569
309.468
308.556
309.456
308.544
309.443
308.531
309.43
308.518
309.417
308.505
309.404
308.492
309.392
308.48
309.379
308.467
309.366
308.454
309.353
308.441
309.34
308.428
309.328
308.416
309.315
308.403
309.302
308.39
309.289
308.377
309.276
308.364
309.264
308.352
309.251
308.339
309.238
308.326
309.225
308.313
309.212
308.3
309.2
308.288
309.187
308.275
309.174
308.262
309.161
308.249
309.148
310.048
309.136
310.035
309.123
310.022
309.11
310.009
309.097
309.996
309.084
309.984
309.072
309.971
309.059
309.958
309.046
309.945
309.033
309.932
309.02
309.92
309.008
309.907
308.995
309.894
308.982
309.881
308.969
309.868
308.956
309.856
308.944
309.843
308.931
309.83
308.918
309.817
308.905
309.804
308.892
309.792
308.88
309.779
308.867
309.766
308.854
309.753
308.841
309.74
308.828
309.728
308.816
309.715
308.803
309.702
308.79
309.689
308.777
309.676
308.764
309.664
308.752
309.651
308.739
309.638
308.726
309.625
308.713
309.612
308.7
309.6
308.688
309.587
308.675
309.574
308.662
309.561
308.649
309.548
308.636
309.536
308.624
309.523
308.611
309.51
308.598
309.497
308.585
309.484
308.572
309.472
308.56
309.459
308.547
309.446
308.534
309.433
308.521
309.42
308.508
309.408
308.496
309.395
308.483
309.382
308.47
309.369
308.457
309.356
308.444
309.344
308.432
309.331
308.419
309.318
308.406
309.305
308.393
309.292
308.38
309.28
308.368
309.267
308.355
309.254
308.342
309.241
308.329
309.228
308.316
309.216
308.304
309.203
308.291
309.19
308.278
309.177
308.265
309.164
308.252
309.152
308.24
309.139
310.038
309.126
310.025
309.113
310.012
309.1
310
309.088
309.987
309.075
309.974
309.062
309.961
309.049
309.948
309.036
309.936
309.024
309.923
309.011
309.91
308.998
309.897
308.985
309.884
308.972
309.872
308.96
309.859
308.947
309.846
308.934
309.833
308.921
309.82
308.908
309.808
308.896
309.795
308.883
309.782
308.87
309.769
308.857
309.756
308.844
309.744
308.832
309.731
308.819
309.718
308.806
309.705
308.793
309.692
308.78
309.68
308.768
309.667
308.755
309.654
308.742
309.641
308.729
309.628
308.716
309.616
308.704
309.603
308.691
309.59
308.678
309.577
308.665
309.564
308.652
309.552
308.64
309.539
308.627
309.526
308.614
309.513
308.601
309.5
308.588
309.488
308.576
309.475
308.563
309.462
308.55
309.449
308.537
309.436
308.524
309.424
308.512
309.411
308.499
309.398
308.486
309.385
308.473
309.372
308.46
309.36
308.448
309.347
308.435
309.334
308.422
309.321
308.409
309.308
308.396
309.296
308.384
309.283
308.371
309.27
308.358
309.257
308.345
309.244
308.332
309.232
308.32
309.219
308.307
309.206
308.294
309.193
308.281
309.18
308.268
309.168
308.256
309.155
308.243
309.142
310.041
309.129
310.028
309.116
310.016
309.104
310.003
309.091
309.99
309.078
309.977
309.065
309.964
309.052
309.952
309.04
309.939
309.027
309.926
309.014
309.913
309.001
309.9
308.988
309.888
308.976
309.875
308.963
309.862
308.95
309.849
308.937
309.836
308.924
309.824
308.912
309.811
308.899
309.798
308.886
309.785
308.873
309.772
308.86
309.76
308.848
309.747
308.835
309.734
308.822
309.721
308.809
309.708
308.796
309.696
308.784
309.683
308.771
309.67
308.758
309.657
308.745
309.644
308.732
309.632
308.72
309.619
308.707
309.606
308.694
309.593
308.681
309.58
308.668
309.568
308.656
309.555
308.643
309.542
308.63
309.529
308.617
309.516
308.604
309.504
308.592
309.491
308.579
309.478
308.566
309.465
308.553
309.452
308.54
309.44
308.528
309.427
308.515
309.414
308.502
309.401
308.489
309.388
308.476
309.376
308.464
309.363
308.451
309.35
308.438
309.337
308.425
309.324
308.412
309.312
308.4
309.299
308.387
309.286
308.374
309.273
308.361
309.26
308.348
309.248
308.336
309.235
308.323
309.222
308.31
309.209
308.297
309.196
308.284
309.184
308.272
309.171
308.259
309.158
308.246
309.145
310.044
309.132
310.032
309.12
310.019
309.107
310.006
309.094
309.993
309.081
309.98
309.068
309.968
309.056
309.955
309.043
309.942
309.03
309.929
309.017
309.916
309.004
309.904
308.992
309.891
308.979
309.878
308.966
309.865
308.953
309.852
308.94
309.84
308.928
309.827
308.915
309.814
308.902
309.801
308.889
309.788
308.876
309.776
308.864
309.763
308.851
309.75
308.838
309.737
308.825
309.724
308.812
309.712
308.8
309.699
308.787
309.686
308.774
309.673
308.761
309.66
308.748
309.648
308.736
309.635
308.723
309.622
308.71
309.609
308.697
309.596
308.684
309.584
308.672
309.571
308.659
309.558
308.646
309.545
308.633
309.532
308.62
309.52
308.608
309.507
308.595
309.494
308.582
309.481
308.569
309.468
308.556
309.456
308.544
309.443
308.531
309.43
308.518
309.417
308.505
309.404
308.492
309.392
308.48
309.379
308.467
309.366
308.454
309.353
308.441
309.34
308.428
309.328
308.416
309.315
308.403
309.302
308.39
309.289
308.377
309.276
308.364
309.264
308.352
309.251
308.339
309.238
308.326
309.225
308.313
309.212
308.3
309.2
308.288
309.187
308.275
309.174
308.262
309.161
308.249
309.148
310.048
309.136
310.035
309.123
310.022
309.11
310.009
309.097
309.996
309.084
309.984
309.072
309.971
309.059
309.958
309.046
309.945
309.033
309.932
309.02
309.92
309.008
309.907
308.995
309.894
308.982
309.881
308.969
309.868
308.956
309.856
308.944
309.843
308.931
309.83
308.918
309.817
308.905
309.804
308.892
309.792
308.88
309.779
308.867
309.766
308.854
309.753
308.841
309.74
308.828
309.728
308.816
309.715
308.803
309.702
308.79
309.689
308.777
309.676
308.764
309.664
308.752
309.651
308.739
309.638
308.726
309.625
308.713
309.612
308.7
309.6
308.688
309.587
308.675
309.574
308.662
309.561
308.649
309.548
308.636
309.536
308.624
309.523
308.611
309.51
308.598
309.497
308.585
309.484
308.572
309.472
308.56
309.459
308.547
309.446
308.534
309.433
308.521
309.42
308.508
309.408
308.496
309.395
308.483
309.382
308.47
309.369
308.457
309.356
308.444
309.344
308.432
309.331
308.419
309.318
308.406
309.305
308.393
309.292
308.38
309.28
308.368
309.267
308.355
309.254
308.342
309.241
308.329
309.228
308.316
309.216
308.304
309.203
308.291
309.19
308.278
309.177
308.265
309.164
308.252
309.152
308.24
309.139
310.038
309.126
310.025
309.113
310.012
309.1
310
309.088
309.987
309.075
309.974
309.062
309.961
309.049
309.948
309.036
309.936
309.024
309.923
309.011
309.91
308.998
309.897
308.985
309.884
308.972
309.872
308.96
309.859
308.947
309.846
308.934
309.833
308.921
309.82
308.908
309.808
308.896
309.795
308.883
309.782
308.87
309.769
308.857
309.756
308.844
309.744
308.832
309.731
308.819
309.718
308.806
309.705
308.793
309.692
308.78
309.68
308.768
309.667
308.755
309.654
308.742
309.641
308.729
309.628
308.716
309.616
308.704
309.603
308.691
309.59
308.678
309.577
308.665
309.564
308.652
309.552
308.64
309.539
308.627
309.526
308.614
309.513
308.601
309.5
308.588
309.488
308.576
309.475
308.563
309.462
308.55
309.449
308.537
309.436
308.524
309.424
308.512
309.411
308.499
309.398
308.486
309.385
308.473
309.372
308.46
309.36
308.448
309.347
308.435
309.334
308.422
309.321
308.409
309.308
308.396
309.296
308.384
309.283
308.371
309.27
308.358
309.257
308.345
309.244
308.332
309.232
308.32
309.219
308.307
309.206
308.294
309.193
308.281
309.18
308.268
309.168
308.256
309.155
308.243
309.142
310.041
309.129
310.028
309.116
310.016
309.104
310.003
309.091
309.99
309.078
309.977
309.065
309.964
309.052
309.952
309.04
309.939
309.027
309.926
309.014
309.913
309.001
309.9
308.988
309.888
308.976
309.875
308.963
309.862
308.95
309.849
308.937
309.836
308.924
309.824
308.912
309.811
308.899
309.798
308.886
309.785
308.873
309.772
308.86
309.76
308.848
309.747
308.835
309.734
308.822
309.721
308.809
309.708
308.796
309.696
308.784
309.683
308.771
309.67
308.758
309.657
308.745
309.644
308.732
309.632
308.72
309.619
308.707
309.606
308.694
309.593
308.681
309.58
308.668
309.568
308.656
309.555
308.643
309.542
308.63
309.529
308.617
309.516
308.604
309.504
308.592
309.491
308.579
309.478
308.566
309.465
308.553
309.452
308.54
309.44
308.528
309.427
308.515
309.414
308.502
309.401
308.489
309.388
308.476
309.376
308.464
309.363
308.451
309.35
308.438
309.337
308.425
309.324
308.412
309.312
308.4
309.299
308.387
309.286
308.374
309.273
308.361
309.26
308.348
309.248
308.336
309.235
308.323
309.222
308.31
309.209
308.297
309.196
308.284
309.184
308.272
309.171
308.259
309.158
308.246
309.145
310.044
309.132
310.032
309.12
310.019
309.107
310.006
309.094
309.993
309.081
309.98
309.068
309.968
309.056
309.955
309.043
309.942
309.03
309.929
309.017
309.916
309.004
309.904
308.992
309.891
308.979
309.878
308.966
309.865
308.953
309.852
308.94
309.84
308.928
309.827
308.915
309.814
308.902
309.801
308.889
309.788
308.876
309.776
308.864
309.763
308.851
309.75
308.838
309.737
308.825
309.724
308.812
309.712
308.8
309.699
308.787
309.686
308.774
309.673
308.761
309.66
308.748
309.648
308.736
309.635
308.723
309.622
308.71
309.609
308.697
309.596
308.684
309.584
308.672
309.571
308.659
309.558
308.646
309.545
308.633
309.532
308.62
309.52
308.608
309.507
308.595
309.494
308.582
309.481
308.569
309.468
308.556
309.456
308.544
309.443
308.531
309.43
308.518
309.417
308.505
309.404
308.492
309.392
308.48
309.379
308.467
309.366
308.454
309.353
308.441
309.34
308.428
309.328
308.416
309.315
308.403
309.302
308.39
309.289
308.377
309.276
308.364
309.264
308.352
309.251
308.339
309.238
308.326
309.225
308.313
309.212
308.3
309.2
308.288
309.187
308.275
309.174
308.262
309.161
308.249
309.148
310.048
309.136
310.035
309.123
310.022
309.11
310.009
309.097
309.996
309.084
309.984
309.072
309.971
309.059
309.958
309.046
309.945
309.033
309.932
309.02
309.92
309.008
309.907
308.995
309.894
308.982
309.881
308.969
309.868
308.956
309.856
308.944
309.843
308.931
309.83
308.918
309.817
308.905
309.804
308.892
309.792
308.88
309.779
308.867
309.766
308.854
309.753
308.841
309.74
308.828
309.728
308.816
309.715
308.803
309.702
308.79
309.689
308.777
309.676
308.764
309.664
308.752
309.651
308.739
309.638
308.726
309.625
308.713
309.612
308.7
309.6
308.688
309.587
308.675
309.574
308.662
309.561
308.649
309.548
308.636
309.536
308.624
309.523
308.611
309.51
308.598
309.497
308.585
309.484
308.572
309.472
308.56
309.459
308.547
309.446
308.534
309.433
308.521
309.42
308.508
309.408
308.496
309.395
308.483
309.382
308.47
309.369
308.457
309.356
308.444
309.344
308.432
309.331
308.419
309.318
308.406
309.305
308.393
309.292
308.38
309.28
308.368
309.267
308.355
309.254
308.342
309.241
308.329
309.228
308.316
309.216
308.304
309.203
308.291
309.19
308.278
309.177
308.265
309.164
308.252
309.152
308.24
309.139
310.038
309.126
310.025
309.113
310.012
309.1
310
309.088
309.987
309.075
309.974
309.062
309.961
309.049
309.948
309.036
309.936
309.024
309.923
309.011
309.91
308.998
309.897
308.985
309.884
308.972
309.872
308.96
309.859
308.947
309.846
308.934
309.833
308.921
309.82
308.908
309.808
308.896
309.795
308.883
309.782
308.87
309.769
308.857
309.756
308.844
309.744
308.832
309.731
308.819
309.718
308.806
309.705
308.793
309.692
308.78
309.68
308.768
309.667
308.755
309.654
308.742
309.641
308.729
309.628
308.716
309.616
308.704
309.603
308.691
309.59
308.678
309.577
308.665
309.564
308.652
309.552
308.64
309.539
308.627
309.526
308.614
309.513
308.601
309.5
308.588
309.488
308.576
309.475
308.563
309.462
308.55
309.449
308.537
309.436
308.524
309.424
308.512
309.411
308.499
309.398
308.486
309.385
308.473
309.372
308.46
309.36
308.448
309.347
308.435
309.334
308.422
309.321
308.409
309.308
308.396
309.296
308.384
309.283
308.371
309.27
308.358
309.257
308.345
309.244
308.332
309.232
308.32
309.219
308.307
309.206
308.294
309.193
308.281
309.18
308.268
309.168
308.256
309.155
308.243
309.142
310.041
309.129
310.028
309.116
310.016
309.104
310.003
309.091
309.99
309.078
309.977
309.065
309.964
309.052
309.952
309.04
309.939
309.027
309.926
309.014
309.913
309.001
309.9
308.988
309.888
308.976
309.875
308.963
309.862
308.95
309.849
308.937
309.836
308.924
309.824
308.912
309.811
308.899
309.798
308.886
309.785
308.873
309.772
308.86
309.76
308.848
309.747
308.835
309.734
308.822
309.721
308.809
309.708
308.796
309.696
308.784
309.683
308.771
309.67
308.758
309.657
308.745
309.644
308.732
309.632
308.72
309.619
308.707
309.606
308.694
309.593
308.681
309.58
308.668
309.568
308.656
309.555
308.643
309.542
308.63
309.529
308.617
309.516
308.604
309.504
308.592
309.491
308.579
309.478
308.566
309.465
308.553
309.452
308.54
309.44
308.528
309.427
308.515
309.414
308.502
309.401
308.489
309.388
308.476
309.376
308.464
309.363
308.451
309.35
308.438
309.337
308.425
309.324
308.412
309.312
308.4
309.299
308.387
309.286
308.374
309.273
308.361
309.26
308.348
309.248
308.336
309.235
308.323
309.222
308.31
309.209
308.297
309.196
308.284
309.184
308.272
309.171
308.259
309.158
308.246
309.145
310.044
309.132
310.032
309.12
310.019
309.107
310.006
309.094
309.993
309.081
309.98
309.068
309.968
309.056
309.955
309.043
309.942
309.03
309.929
309.017
309.916
309.004
309.904
308.992
309.891
308.979
309.878
308.966
309.865
308.953
309.852
308.94
309.84
308.928
309.827
308.915
309.814
308.902
309.801
308.889
309.788
308.876
309.776
308.864
309.763
308.851
309.75
308.838
309.737
308.825
309.724
308.812
309.712
308.8
309.699
308.787
309.686
308.774
309.673
308.761
309.66
308.748
309.648
308.736
309.635
308.723
309.622
308.71
309.609
308.697
309.596
308.684
309.584
308.672
309.571
308.659
309.558
308.646
309.545
308.633
309.532
308.62
309.52
308.608
309.507
308.595
309.494
308.582
309.481
308.569
309.468
308.556
309.456
308.544
309.443
308.531
309.43
308.518
309.417
308.505
309.404
308.492
309.392
308.48
309.379
308.467
309.366
308.454
309.353
308.441
309.34
308.428
309.328
308.416
309.315
308.403
309.302
308.39
309.289
308.377
309.276
308.364
309.264
308.352
309.251
308.339
309.238
308.326
309.225
308.313
309.212
308.3
309.2
308.288
309.187
308.275
309.174
308.262
309.161
308.249
309.148
310.048
309.136
310.035
309.123
310.022
309.11
310.009
309.097
309.996
309.084
309.984
309.072
309.971
309.059
309.958
309.046
309.945
309.033
309.932
309.02
309.92
309.008
309.907
308.995
309.894
308.982
309.881
308.969
309.868
308.956
309.856
308.944
309.843
308.931
309.83
308.918
309.817
308.905
309.804
308.892
309.792
308.88
309.779
308.867
309.766
308.854
309.753
308.841
309.74
308.828
309.728
308.816
309.715
308.803
309.702
308.79
309.689
308.777
309.676
308.764
309.664
308.752
309.651
308.739
309.638
308.726
309.625
308.713
309.612
308.7
309.6
308.688
309.587
308.675
309.574
308.662
309.561
308.649
309.548
308.636
309.536
308.624
309.523
308.611
309.51
308.598
309.497
308.585
309.484
308.572
309.472
308.56
309.459
308.547
309.446
308.534
309.433
308.521
309.42
308.508
309.408
308.496
309.395
308.483
309.382
308.47
309.369
308.457
309.356
308.444
309.344
308.432
309.331
308.419
309.318
308.406
309.305
308.393
309.292
308.38
309.28
308.368
309.267
308.355
309.254
308.342
309.241
308.329
309.228
308.316
309.216
308.304
309.203
308.291
309.19
308.278
309.177
308.265
309.164
308.252
309.152
308.24
309.139
310.038
309.126
310.025
309.113
310.012
309.1
310
309.088
309.987
309.075
309.974
309.062
309.961
309.049
309.948
309.036
309.936
309.024
309.923
309.011
309.91
308.998
309.897
308.985
309.884
308.972
309.872
308.96
309.859
308.947
309.846
308.934
309.833
308.921
309.82
308.908
309.808
308.896
309.795
308.883
309.782
308.87
309.769
308.857
309.756
308.844
309.744
308.832
309.731
308.819
309.718
308.806
309.705
308.793
309.692
308.78
309.68
308.768
309.667
308.755
309.654
308.742
309.641
308.729
309.628
308.716
309.616
308.704
309.603
308.691
309.59
308.678
309.577
308.665
309.564
308.652
309.552
308.64
309.539
308.627
309.526
308.614
309.513
308.601
309.5
308.588
309.488
308.576
309.475
308.563
309.462
308.55
309.449
308.537
309.436
308.524
309.424
308.512
309.411
308.499
309.398
308.486
309.385
308.473
309.372
308.46
309.36
308.448
309.347
308.435
309.334
308.422
309.321
308.409
309.308
308.396
309.296
308.384
309.283
308.371
309.27
308.358
309.257
308.345
309.244
308.332
309.232
308.32
309.219
308.307
309.206
308.294
309.193
308.281
309.18
308.268
309.168
308.256
309.155
308.243
309.142
310.041
309.129
310.028
309.116
310.016
309.104
310.003
309.091
309.99
309.078
309.977
309.065
309.964
309.052
309.952
309.04
309.939
309.027
309.926
309.014
309.913
309.001
309.9
308.988
309.888
308.976
309.875
308.963
309.862
308.95
309.849
308.937
309.836
308.924
309.824
308.912
309.811
308.899
309.798
308.886
309.785
308.873
309.772
308.86
309.76
308.848
309.747
308.835
309.734
308.822
309.721
308.809
309.708
308.796
309.696
308.784
309.683
308.771
309.67
308.758
309.657
308.745
309.644
308.732
309.632
308.72
309.619
308.707
309.606
308.694
309.593
308.681
309.58
308.668
309.568
308.656
309.555
308.643
309.542
308.63
309.529
308.617
309.516
308.604
309.504
308.592
309.491
308.579
309.478
308.566
309.465
308.553
309.452
308.54
309.44
308.528
309.427
308.515
309.414
308.502
309.401
308.489
309.388
308.476
309.376
308.464
309.363
308.451
309.35
308.438
309.337
308.425
309.324
308.412
309.312
308.4
309.299
308.387
309.286
308.374
309.273
308.361
309.26
308.348
309.248
308.336
309.235
308.323
309.222
308.31
309.209
308.297
309.196
308.284
309.184
308.272
309.171
308.259
309.158
308.246
309.145
310.044
309.132
310.032
309.12
310.019
309.107
310.006
309.094
309.993
309.081
309.98
309.068
309.968
309.056
309.955
309.043
309.942
309.03
309.929
309.017
309.916
309.004
309.904
308.992
309.891
308.979
309.878
308.966
309.865
308.953
309.852
308.94
309.84
308.928
309.827
308.915
309.814
308.902
309.801
308.889
309.788
308.876
309.776
308.864
309.763
308.851
309.75
308.838
309.737
308.825
309.724
308.812
309.712
308.8
309.699
308.787
309.686
308.774
309.673
308.761
309.66
308.748
309.648
308.736
309.635
308.723
309.622
308.71
309.609
308.697
309.596
308.684
309.584
308.672
309.571
308.659
309.558
308.646
309.545
308.633
309.532
308.62
309.52
308.608
309.507
308.595
309.494
308.582
309.481
308.569
309.468
308.556
309.456
308.544
309.443
308.531
309.43
308.518
309.417
308.505
309.404
308.492
309.392
308.48
309.379
308.467
309.366
308.454
309.353
308.441
309.34
308.428
309.328
308.416
309.315
308.403
309.302
308.39
309.289
308.377
309.276
308.364
309.264
308.352
309.251
308.339
309.238
308.326
309.225
308.313
309.212
308.3
309.2
308.288
309.187
308.275
309.174
308.262
309.161
308.249
309.148
310.048
309.136
310.035
309.123
310.022
309.11
310.009
309.097
309.996
309.084
309.984
309.072
309.971
309.059
309.958
309.046
309.945
309.033
309.932
309.02
309.92
309.008
309.907
308.995
309.894
308.982
309.881
308.969
309.868
308.956
309.856
308.944
309.843
308.931
309.83
308.918
309.817
308.905
309.804
308.892
309.792
308.88
309.779
308.867
