12.864
12.864
12.864
12.576
15.252
14.152
13.152
18.728
18.44
18.728
20.44
13.152
20.44
14.428
18.44
18.44
14.228
12.716
20.728
18.44
21.44
12.728
18.728
12.576
14.364
12.852
14.64
13.128
20.916
22.404
22.016
21.016
12.576
18.904
21.44
21.092
14.228
19.016
19.004
18.492
21.092
13.08
13.152
12.576
23.104
18.44
13.152
12.576
22.016
12.704
18.692
14.78
26.304
13.268
19.092
21.356
19.08
12.576
14.364
19.016
20.44
14.428
26.304
20.716
12.904
14.392
18.44
13.152
14.228
20.94
20.44
18.728
22.228
14.152
13.152
14.152
21.016
18.64
15.604
20.428
21.016
14.152
20.728
20.816
20.44
13.152
14.428
12.916
20.44
21.016
18.628
12.616
18.604
20.728
12.892
18.44
12.58
21.44
15.152
20.84
18.728
23.516
20.44
13.604
21.016
21.004
14.152
14.152
18.64
18.44
20.728
14.416
21.004
13.152
14.152
13.14
14.152
21.528
18.44
23.568
21.756
18.44
19.14
20.528
14.216
22.24
18.728
18.768
21.44
13.056
12.864
18.44
19.452
18.44
18.44
13.152
18.44
12.576
14.364
12.852
19.016
18.84
20.804
18.528
13.152
14.152
18.54
20.44
14.152
12.576
20.728
20.664
13.516
14.352
12.904
20.94
24.592
19.128
20.44
20.44
18.728
14.152
20.728
12.64
12.576
20.44
14.428
22.516
12.904
20.692
14.68
14.668
24.304
12.856
18.892
12.844
20.932
19.12
14.608
19.396
20.792
13.58
20.016
18.728
12.804
22.392
26.304
20.58
20.568
26.304
13.152
20.44
14.428
13.152
18.44
18.44
12.576
20.728
13.516
20.016
24.604
22.104
18.916
13.204
18.892
20.128
24.304
22.016
15.44
12.904
12.576
19.492
14.364
20.952
14.64
20.816
13.428
14.916
23.016
21.804
19.092
21.016
20.28
12.768
18.456
19.016
20.544
22.032
14.22
13.44
18.708
14.152
20.44
13.152
20.44
15.54
14.428
13.428
13.116
18.804
18.44
13.016
14.152
19.304
18.728
21.44
13.152
12.576
13.152
18.564
14.352
23.392
13.18
13.168
20.44
24.304
12.864
14.152
21.64
21.628
13.14
19.404
21.192
21.18
12.576
15.168
20.664
12.576
23.516
13.304
21.092
14.152
18.728
20.44
18.628
14.152
24.428
21.44
14.228
12.716
18.44
18.916
14.228
21.304
21.716
19.016
20.44
23.204
12.628
13.292
20.716
12.864
18.44
12.864
18.44
20.44
12.628
14.416
18.604
13.016
14.152
12.64
24.304
20.728
21.292
18.916
22.204
18.44
12.576
18.904
21.016
12.864
24.304
20.44
13.152
20.44
24.54
18.628
21.228
12.616
13.152
21.24
18.44
15.228
12.576
18.564
26.304
12.576
21.192
21.564
15.78
19.068
18.44
20.528
20.216
18.728
14.204
18.728
13.316
20.44
23.016
13.704
13.392
12.576
20.364
18.728
15.152
13.152
14.152
18.64
26.304
18.44
22.028
20.952
13.44
12.576
15.44
14.428
18.728
20.716
15.716
12.904
15.704
20.992
22.18
19.468
24.304
12.856
12.844
14.152
12.576
19.016
20.728
12.576
12.576
18.564
12.852
12.576
13.152
14.364
24.304
18.44
13.328
23.216
20.44
13.004
24.304
21.216
18.44
13.704
21.44
19.092
20.528
13.152
14.216
14.204
19.016
20.492
15.428
12.576
13.152
12.576
14.152
19.016
26.804
20.792
14.152
12.864
21.44
18.44
20.44
18.44
14.428
13.328
12.916
20.704
12.864
20.692
24.552
20.68
12.576
13.152
20.44
20.816
20.44
19.304
14.152
15.692
12.64
13.88
20.728
21.668
18.916
13.856
20.44
13.844
19.232
13.22
20.44
14.152
23.016
13.404
20.016
19.092
12.576
20.728
12.576
18.58
12.576
23.104
20.44
14.152
19.14
18.44
14.152
18.64
22.228
12.576
13.152
14.364
20.652
14.64
13.128
14.616
19.104
20.44
21.016
14.152
21.64
13.44
14.428
19.216
23.016
21.44
13.404
21.192
12.576
14.152
13.152
20.44
14.428
20.716
13.152
12.604
20.952
20.44
23.016
20.44
19.016
18.44
15.152
14.152
18.44
21.016
20.44
15.44
12.576
14.152
12.64
13.152
14.428
20.728
12.576
21.016
21.44
18.44
20.728
14.228
20.728
18.716
20.804
18.44
13.328
15.716
20.44
12.864
12.628
18.852
21.616
12.904
20.692
14.38
18.568
20.128
14.152
12.864
14.152
18.64
18.628
20.728
18.616
13.152
13.152
12.864
20.44
20.816
18.44
19.304
12.576
19.292
18.564
18.44
18.44
26.304
19.392
12.576
20.364
21.104
12.576
26.492
15.38
20.016
15.428
18.504
14.152
20.44
18.628
12.916
18.904
18.728
12.576
15.44
12.576
23.016
22.164
12.852
14.64
21.828
12.864
12.816
12.576
21.016
12.576
23.104
18.564
20.652
12.84
20.928
19.116
20.952
22.104
13.152
12.864
20.44
20.952
20.44
14.728
19.128
20.44
18.628
12.616
20.704
12.592
18.44
12.864
14.152
18.552
12.64
12.628
20.716
18.904
18.44
12.728
18.44
12.576
12.576
19.016
20.44
12.628
14.152
20.44
18.44
20.528
13.152
19.204
20.44
18.628
12.576
23.016
20.064
12.576
20.728
20.44
18.728
18.44
12.576
26.304
14.44
19.092
18.628
20.88
19.016
21.44
19.128
20.44
18.816
18.804
20.016
12.804
14.152
14.152
21.64
13.016
14.428
21.104
18.992
14.44
18.628
20.728
14.152
12.576
18.564
20.652
12.864
18.852
18.84
21.228
20.44
19.116
20.44
15.44
14.152
13.152
18.44
24.304
14.528
14.516
21.016
13.004
12.576
12.576
14.364
20.728
20.44
21.016
21.628
18.904
14.416
14.152
21.44
18.44
14.528
12.576
21.564
18.84
12.864
20.44
21.252
21.44
14.228
18.728
20.44
13.004
20.44
14.728
12.916
18.904
14.692
18.592
18.44
20.44
18.44
21.128
18.44
24.716
21.016
15.44
21.44
20.44
15.44
14.44
15.204
18.44
18.792
20.228
20.88
18.44
14.228
14.216
13.152
18.704
18.692
18.44
12.576
18.728
15.416
14.152
18.592
24.58
20.968
20.016
19.156
22.104
13.152
14.152
18.64
12.628
18.44
22.016
20.504
18.728
13.152
20.44
18.916
21.304
12.576
21.016
19.204
20.192
24.592
18.68
21.58
14.492
14.18
21.668
18.44
14.156
21.44
13.44
14.152
12.864
18.64
20.728
21.24
14.416
22.204
19.192
21.016
13.48
23.104
13.192
19.18
21.44
20.728
22.028
13.016
18.728
20.504
14.492
21.104
18.98
13.44
18.668
12.656
18.44
18.728
18.44
14.528
14.516
14.152
20.728
18.616
14.152
20.728
13.44
14.152
13.44
18.64
20.728
12.864
12.616
20.016
20.604
26.304
14.592
12.576
18.564
18.552
15.44
18.44
12.576
20.728
18.564
21.44
12.728
14.216
26.304
22.016
20.016
18.504
26.304
12.792
14.28
19.068
23.104
24.304
21.44
18.892
22.328
20.816
19.204
13.004
15.292
12.692
18.68
18.668
12.656
18.644
20.732
13.152
20.44
18.628
13.152
18.852
20.44
21.228
14.428
19.416
12.916
26.304
12.904
26.304
18.44
15.192
22.028
12.576
20.064
20.652
14.64
12.904
19.128
14.916
13.152
22.404
18.84
22.392
12.576
21.204
22.016
18.704
20.44
13.152
14.728
15.54
20.716
18.604
18.592
12.576
18.44
14.528
15.44
13.152
13.152
12.576
21.016
18.564
14.152
12.64
18.728
20.44
13.016
22.228
21.104
26.304
26.304
21.016
18.44
14.228
18.716
20.804
26.528
21.992
15.716
21.08
12.968
21.016
20.756
18.944
18.632
18.44
12.62
12.576
15.152
26.368
12.576
14.364
19.016
18.44
12.576
13.44
20.44
12.864
12.576
20.44
20.44
12.628
18.44
15.44
20.44
21.228
26.304
20.44
23.016
20.428
15.152
12.576
14.364
14.352
23.216
18.84
20.928
18.44
12.816
14.604
21.192
18.728
20.88
18.728
14.268
18.728
12.864
18.44
12.728
13.152
20.44
21.016
18.628
14.416
20.44
14.428
14.416
12.604
20.816
12.576
18.44
20.528
21.016
20.516
14.204
20.492
12.68
20.768
14.456
12.644
14.732
14.72
22.016
13.44
12.704
19.128
22.292
24.304
20.728
12.576
18.564
15.152
12.852
21.44
20.64
15.44
20.328
24.428
12.816
19.016
23.292
19.14
18.44
12.728
13.152
12.576
12.576
21.016
18.564
15.304
18.728
12.576
26.304
13.016
20.44
18.44
13.428
18.44
13.416
14.528
24.504
20.892
20.44
13.44
14.152
23.08
18.44
14.152
18.728
13.016
20.44
15.404
21.392
24.68
20.44
18.728
20.44
14.728
24.704
14.152
15.44
21.44
12.864
18.728
12.576
20.728
22.104
21.016
20.44
14.152
19.204
20.992
19.18
14.152
22.24
12.928
14.416
19.016
21.44
18.44
20.528
20.952
18.84
21.016
20.44
19.204
20.44
12.864
14.428
14.416
15.152
12.904
14.692
14.152
12.64
21.44
14.228
13.152
20.816
23.016
21.204
20.44
15.192
12.628
14.416
21.004
14.692
18.44
20.68
21.128
14.968
20.956
24.304
14.944
13.492
18.532
12.576
12.576
24.428
12.576
12.864
20.44
13.152
12.628
23.04
18.616
20.44
12.864
18.44
18.44
13.152
18.728
20.44
13.616
18.44
20.44
14.152
12.576
13.152
14.364
18.84
14.352
14.152
20.728
18.64
13.152
18.44
18.84
13.152
20.44
18.44
12.728
15.44
26.528
20.816
12.576
26.304
14.152
12.64
18.628
15.44
20.44
13.152
21.628
12.616
14.152
18.44
12.728
20.816
14.204
21.092
24.492
20.44
18.44
18.44
12.864
21.016
12.576
12.576
23.016
18.44
18.44
22.028
20.516
12.704
18.692
21.68
12.668
13.152
18.656
14.444
13.232
14.42
19.016
12.908
18.896
13.184
21.272
19.016
12.86
20.948
19.136
13.152
14.304
12.792
18.78
18.768
22.356
20.44
14.152
18.728
12.64
23.516
15.404
12.864
14.152
23.052
14.152
18.916
12.904
13.18
19.468
12.576
18.856
14.364
13.744
18.852
23.032
13.42
18.44
12.864
23.952
12.576
21.016
13.504
14.152
20.44
18.628
21.44
14.152
24.744
21.132
14.152
14.152
13.44
18.828
12.576
18.516
14.364
22.452
13.152
14.152
21.24
12.64
14.428
20.728
14.152
14.152
21.44
21.016
14.228
20.728
20.204
14.192
13.204
20.48
14.152
20.44
14.152
20.44
22.016
12.864
18.44
14.152
14.152
18.64
18.44
18.44
14.44
14.428
14.152
12.864
12.576
13.504
14.152
20.44
24.304
18.892
21.44
24.58
22.028
13.468
20.016
18.728
14.604
18.492
18.48
18.468
14.256
18.728
13.044
20.832
18.44
14.52
13.028
12.576
26.304
12.576
20.016
14.604
26.68
22.016
26.668
13.156
18.544
13.152
20.016
14.304
20.728
13.204
14.152
19.192
23.08
20.44
14.428
23.016
20.716
14.152
18.44
20.728
20.528
13.216
12.576
13.44
13.428
20.44
20.128
21.616
18.604
20.692
18.44
12.576
18.728
12.576
18.728
12.576
15.152
18.44
20.528
12.716
13.44
14.504
13.152
20.44
24.54
14.44
12.628
18.728
14.152
14.152
18.728
18.44
20.528
18.44
21.44
12.576
24.304
20.992
24.58
18.44
13.44
14.152
18.728
12.64
14.428
14.152
18.728
18.44
23.016
14.228
26.304
20.44
18.792
18.628
12.616
14.404
18.44
21.016
12.728
20.816
12.576
19.016
20.44
21.44
15.44
18.44
14.228
13.016
14.152
21.392
18.98
18.728
21.44
14.228
12.716
18.728
14.504
12.864
20.792
14.48
12.968
15.152
12.576
12.576
18.564
13.152
19.14
24.528
20.44
21.44
13.152
14.152
23.04
12.64
12.628
23.292
21.18
18.728
26.516
18.728
20.44
21.104
14.152
18.44
18.728
20.816
15.404
20.792
15.44
14.152
19.328
20.44
12.628
18.728
14.716
14.152
20.44
18.44
22.104
18.728
18.728
20.804
18.44
20.228
15.152
12.576
18.74
14.152
15.44
13.328
24.304
12.576
19.192
18.564
24.58
20.652
20.728
20.44
12.628
20.44
18.592
20.44
14.428
13.304
20.716
14.404
20.728
14.152
13.152
12.576
21.016
14.364
26.404
14.352
21.016
18.84
20.628
21.016
14.316
15.152
18.74
20.44
14.152
20.44
14.428
20.716
22.804
18.728
22.792
13.44
13.18
14.968
12.576
12.576
18.564
23.016
13.104
14.152
18.728
18.44
12.728
20.728
14.216
22.004
22.104
14.292
14.152
18.64
12.576
21.016
21.016
20.728
18.44
14.152
24.304
21.64
15.592
14.428
20.98
14.152
14.152
15.152
12.576
20.364
18.852
14.64
22.428
14.616
18.804
20.728
14.152
14.152
26.304
18.64
12.576
24.492
18.564
18.728
18.44
14.228
12.716
24.304
18.892
15.88
13.468
24.856
13.744
25.132
13.44
14.152
20.728
12.916
20.44
20.98
20.728
12.916
20.44
26.404
18.628
14.416
13.204
14.692
20.728
14.68
22.468
20.656
18.44
20.728
20.528
20.44
18.44
24.48
14.152
12.64
14.428
20.716
21.016
12.904
21.892
12.864
20.016
20.952
12.804
13.152
20.892
20.44
15.44
15.428
18.44
12.728
21.44
21.44
15.44
21.44
23.016
20.528
13.44
24.304
14.152
20.992
20.14
23.38
14.152
15.268
20.44
23.016
26.304
18.792
18.44
12.728
20.816
20.728
14.44
20.728
14.152
14.152
18.728
18.44
13.016
12.576
18.564
13.292
12.576
26.304
18.44
20.892
20.44
15.44
12.628
26.528
23.516
12.576
20.728
12.576
21.564
20.652
21.54
21.016
20.44
12.628
18.728
14.152
20.728
20.44
20.44
12.904
13.492
12.576
18.58
14.664
13.168
18.852
19.756
18.84
18.528
12.816
21.016
18.44
20.016
13.152
12.576
12.576
15.304
19.016
18.44
12.576
21.24
20.664
21.852
18.44
13.152
14.428
15.152
19.14
20.44
18.628
13.152
20.128
18.728
14.716
22.504
14.152
18.728
18.64
20.44
21.104
14.428
12.576
14.44
18.728
18.44
13.152
18.84
20.44
21.44
12.576
20.728
18.916
12.576
18.604
12.576
13.792
18.564
13.48
20.968
18.856
18.44
12.728
14.216
21.104
13.292
13.28
12.864
19.268
20.952
14.756
15.24
21.228
12.576
14.152
20.14
12.628
21.616
18.604
20.692
15.404
14.38
18.868
14.152
14.152
12.576
14.152
14.44
26.78
18.44
24.968
14.228
14.216
12.704
26.304
14.492
18.98
13.268
13.152
14.756
21.944
14.732
21.62
13.152
20.016
20.728
18.916
14.152
12.64
20.44
20.44
18.852
14.44
26.34
18.628
14.416
12.864
18.44
13.152
18.44
15.24
13.128
12.576
18.816
19.016
14.152
15.44
12.576
14.152
14.152
20.14
18.44
20.528
13.152
20.44
13.44
12.628
19.128
18.44
14.228
13.152
12.716
14.504
21.016
18.44
12.728
18.852
12.864
12.864
15.152
20.44
15.152
14.152
12.864
20.952
20.44
12.628
18.616
18.728
18.44
13.616
22.328
21.416
18.44
13.304
12.728
14.216
12.576
20.816
18.44
20.016
15.44
21.44
14.228
21.292
12.576
13.44
14.152
20.928
14.152
18.516
21.64
20.728
20.44
12.576
21.016
13.204
18.44
21.44
18.728
20.016
12.916
14.304
14.292
18.78
12.864
12.576
18.564
20.728
23.116
20.728
18.44
18.44
18.44
12.728
13.152
12.716
14.504
21.016
12.576
20.44
18.728
14.152
26.304
14.152
20.728
18.64
12.576
20.816
21.092
20.016
13.556
21.44
18.728
13.016
14.204
19.292
13.152
18.44
18.44
18.44
21.016
20.44
14.428
20.716
15.44
12.904
24.728
18.892
19.316
25.004
18.44
13.592
14.228
12.576
12.576
21.564
23.104
20.44
18.916
18.44
14.228
14.152
12.64
23.016
13.404
20.44
21.492
18.48
20.44
15.492
18.628
15.168
21.156
14.152
18.728
20.816
18.44
19.004
20.44
18.628
26.304
14.416
13.392
14.152
15.78
18.64
26.568
12.928
18.916
12.604
14.152
18.44
13.152
18.44
18.44
14.152
21.44
14.228
20.728
14.216
18.44
12.728
18.44
12.576
21.016
20.664
24.304
12.852
12.84
12.864
23.016
20.44
13.152
18.44
20.728
14.228
13.016
22.604
19.292
21.38
19.568
15.44
13.856
21.944
13.232
19.22
24.492
13.208
20.696
18.728
20.684
18.872
21.86
19.14
13.148
12.836
12.576
18.44
15.152
18.44
12.576
20.44
26.304
18.628
18.728
13.316
13.304
18.44
12.728
20.816
12.704
15.152
14.152
12.64
21.44
18.852
22.328
21.016
14.516
13.152
21.44
20.94
26.328
21.216
15.504
20.892
20.44
12.864
12.576
18.592
18.564
13.44
14.352
12.576
14.664
12.852
20.64
24.416
22.428
12.816
12.804
18.728
18.44
18.44
20.728
12.576
24.492
14.364
21.18
20.952
19.14
20.44
14.44
18.628
19.14
24.528
14.152
14.152
18.728
24.304
12.576
14.152
12.864
13.428
20.44
19.716
18.628
19.104
20.716
22.504
20.992
14.152
13.152
18.64
14.428
14.416
18.728
13.016
21.24
14.152
20.44
20.44
20.44
18.44
20.528
12.716
20.804
14.152
18.64
12.928
15.44
20.44
14.152
14.152
12.64
18.44
12.576
23.228
20.44
26.516
14.428
13.604
18.916
18.604
20.44
20.128
20.44
14.428
12.916
14.152
20.44
18.728
21.44
24.304
18.44
20.728
12.576
14.364
12.576
18.728
13.016
19.604
18.44
12.728
22.316
18.44
20.44
12.628
20.44
12.864
12.576
20.664
24.304
14.152
20.44
21.628
12.916
21.004
20.728
22.192
18.728
20.98
20.668
21.016
18.44
18.904
13.192
20.44
18.44
14.152
18.44
12.576
18.728
12.864
14.152
20.44
23.016
18.628
18.44
18.44
23.016
14.228
20.816
13.44
26.38
20.44
18.628
14.416
12.904
18.728
14.692
12.88
20.804
12.576
12.576
12.576
22.164
14.152
24.428
20.816
21.44
20.228
21.016
13.152
21.24
12.576
18.44
14.228
20.728
13.016
21.44
18.728
13.152
20.94
12.576
21.016
20.728
12.576
12.916
18.44
18.44
12.728
18.44
12.728
14.516
26.304
13.004
12.904
14.492
18.892
12.576
13.44
20.204
19.128
12.692
23.016
22.268
18.44
20.44
24.48
14.152
18.64
20.44
21.44
13.44
13.128
12.576
13.152
14.364
12.852
20.14
18.916
22.016
18.44
13.152
18.44
18.84
12.728
21.716
20.504
21.104
12.576
18.44
14.228
21.016
18.44
14.228
13.016
14.152
20.952
20.94
12.576
21.216
20.44
20.44
12.864
14.152
13.452
21.016
20.44
18.628
22.016
21.016
18.704
14.492
24.304
13.28
21.292
14.768
26.68
13.256
19.168
21.344
13.456
19.232
19.144
21.02
19.208
13.496
24.304
14.44
18.916
12.628
13.504
14.416
18.728
18.728
14.152
21.416
13.004
23.016
21.44
18.728
18.44
20.528
20.44
18.728
14.152
18.728
14.152
12.64
14.428
20.44
18.728
20.44
12.864
12.864
14.152
18.44
20.44
14.428
20.44
19.016
19.004
22.016
18.44
21.016
12.576
21.292
12.576
13.18
18.44
20.016
20.604
21.24
20.44
13.152
18.84
20.44
14.152
15.152
19.128
14.152
18.492
14.152
12.576
14.364
20.952
12.864
22.44
21.24
14.44
13.44
21.628
18.828
18.616
20.44
13.44
22.016
12.864
12.576
24.428
14.152
21.228
22.24
19.016
20.44
18.728
14.152
13.152
21.24
18.828
20.44
12.576
18.728
21.44
12.728
12.576
18.44
20.44
15.44
22.104
12.792
19.016
20.44
14.44
18.728
18.728
18.44
20.816
14.228
20.516
18.728
12.576
14.364
18.552
20.04
18.528
24.304
12.576
18.728
14.152
12.864
18.64
12.864
20.44
24.552
20.128
13.74
18.616
13.152
18.44
13.152
20.528
20.016
15.44
12.576
20.928
14.152
18.64
14.428
21.016
20.704
19.492
14.98
20.728
14.068
23.416
13.756
13.204
22.444
14.152
18.728
14.152
20.44
20.44
19.016
20.44
14.152
18.44
14.228
13.152
18.716
13.004
21.24
14.492
13.28
14.168
18.44
20.44
13.628
12.628
21.416
12.616
20.104
14.392
18.88
20.44
12.864
18.628
20.716
13.152
14.404
12.864
14.392
20.44
13.152
18.628
18.616
13.44
19.128
14.152
15.216
18.44
18.44
12.576
21.564
14.152
13.016
12.64
21.44
18.44
15.44
15.152
14.152
15.152
14.152
20.728
20.44
14.428
12.916
14.704
14.692
24.304
19.18
20.968
20.656
12.916
12.844
21.304
20.632
19.016
24.304
14.152
21.44
14.228
14.216
12.864
14.152
26.352
12.64
20.44
18.728
12.576
13.304
20.664
18.552
21.54
20.728
18.528
24.304
20.44
14.152
21.64
12.928
14.416
13.152
20.104
18.84
18.44
12.576
20.728
12.864
20.728
14.152
15.152
20.44
14.152
13.592
13.28
21.204
18.792
20.44
14.428
14.152
18.728
14.152
20.44
13.152
14.152
18.64
12.928
20.44
24.304
14.152
26.392
20.44
18.628
20.716
18.44
12.864
20.952
20.44
14.152
19.128
14.152
26.616
12.64
19.104
13.392
19.38
14.44
15.428
18.44
18.44
13.44
12.728
18.528
20.44
18.44
18.916
21.304
14.44
15.592
14.44
12.576
13.504
21.292
18.44
13.152
18.44
20.44
13.152
20.44
12.576
26.304
19.28
14.152
20.768
12.64
20.756
20.44
18.44
23.104
12.728
15.292
20.516
12.704
18.728
20.792
20.48
20.728
24.304
20.016
19.016
20.44
21.628
21.616
20.704
18.44
12.728
14.216
14.204
12.692
18.728
14.48
21.116
21.068
15.704
18.656
13.292
20.444
21.38
15.368
18.44
24.492
18.44
20.528
14.516
18.44
14.504
13.152
20.792
15.54
14.18
13.128
20.468
14.456
12.644
20.728
12.632
20.44
14.152
15.152
12.576
24.304
20.44
18.628
18.728
21.44
19.016
13.152
14.152
18.728
20.44
18.728
13.016
18.44
13.004
14.228
20.016
18.728
14.152
13.152
14.152
12.64
14.428
18.916
12.864
14.704
21.252
20.992
20.68
14.968
13.152
14.956
19.444
21.532
20.728
18.52
18.916
14.44
12.864
20.44
22.016
12.864
12.576
13.152
14.364
26.804
24.692
14.44
12.628
18.44
20.44
18.728
18.44
20.816
14.228
14.216
13.204
21.292
12.576
13.18
21.016
18.728
15.716
12.576
14.364
14.152
12.864
12.64
18.852
13.152
20.44
13.152
21.24
20.44
19.128
21.44
24.428
14.152
12.576
15.152
20.064
12.576
13.152
14.364
20.728
20.204
23.016
12.576
14.152
18.64
12.928
12.916
26.304
20.704
21.204
14.392
23.016
12.576
18.44
20.016
14.304
21.492
21.016
18.904
18.892
18.44
26.68
20.44
14.304
24.304
20.992
13.44
20.44
18.828
18.628
18.616
14.152
26.304
18.44
19.092
21.44
18.728
14.152
13.44
13.428
14.152
18.816
18.728
20.728
20.728
14.152
12.576
20.664
13.192
14.352
18.728
19.14
14.628
13.004
20.916
21.392
20.904
18.728
18.728
12.576
12.576
20.664
12.576
21.564
15.152
13.04
20.44
13.028
20.728
14.152
12.576
15.152
20.664
12.852
18.54
20.628
18.728
20.44
13.152
20.44
23.04
18.44
15.152
13.04
13.028
20.44
21.24
14.728
12.616
18.44
12.576
20.44
14.152
18.64
12.864
14.44
21.44
15.152
21.44
20.44
15.152
18.44
13.04
15.428
20.44
20.44
18.628
14.152
20.44
14.428
23.016
21.016
14.152
18.44
14.152
14.152
21.64
18.928
12.864
12.576
21.016
20.664
18.852
20.728
18.728
20.44
14.428
22.516
14.404
18.892
18.58
22.468
12.856
20.728
20.644
24.616
14.632
13.204
19.12
18.916
14.908
21.304
22.996
13.192
19.384
18.728
21.472
13.616
21.16
19.004
20.44
18.44
18.44
20.44
13.44
20.44
20.44
14.428
13.152
18.728
20.44
12.628
14.416
21.604
19.016
20.44
13.152
15.44
20.44
18.628
20.728
20.44
13.216
20.44
12.904
20.44
18.592
14.428
12.916
20.728
12.576
14.364
20.952
13.14
21.228
19.016
20.616
14.604
19.016
20.44
13.004
20.44
18.728
12.576
13.152
14.364
18.852
20.728
12.84
20.728
12.828
18.516
20.728
15.44
19.328
18.44
13.152
13.152
18.44
20.528
12.864
20.952
18.44
13.44
15.528
12.576
13.716
20.44
13.404
18.44
13.44
23.328
13.716
19.704
20.44
15.192
18.48
20.44
15.428
14.428
22.216
20.44
14.152
20.728
20.44
12.864
20.016
18.852
14.304
14.152
13.152
13.14
14.152
19.128
18.64
26.616
12.628
18.44
13.328
18.44
12.576
13.44
18.564
20.928
20.652
18.54
21.14
12.576
14.364
18.44
13.152
22.016
18.44
20.728
18.916
18.44
26.304
13.44
21.016
15.152
18.74
14.152
12.576
18.728
18.564
15.44
14.152
13.628
22.016
21.116
14.152
19.14
18.828
21.516
14.152
20.904
18.64
14.152
14.44
12.864
18.628
13.152
22.016
18.704
19.428
20.44
14.152
23.24
14.152
13.152
20.44
20.44
18.728
19.016
20.804
20.44
18.992
15.44
20.44
18.44
14.428
12.916
20.704
14.692
18.88
20.668
18.856
13.152
20.44
12.864
18.628
18.728
18.44
12.728
21.016
18.904
12.576
20.44
18.728
14.428
18.616
15.152
14.404
20.992
18.852
14.68
18.84
20.668
24.528
14.152
12.576
18.728
14.364
21.552
12.576
14.364
21.016
20.652
24.428
18.44
20.728
14.152
15.316
18.728
18.716
18.44
14.152
18.64
20.728
24.304
14.416
19.192
12.904
18.88
12.892
14.68
14.368
12.576
15.152
18.44
12.576
14.364
15.152
18.852
18.84
12.828
18.728
14.616
18.504
22.092
20.728
12.576
26.528
15.716
12.576
12.576
23.016
18.564
12.852
14.152
14.152
12.864
14.152
13.452
19.14
14.152
23.028
21.216
12.576
14.428
14.416
13.152
18.904
18.84
21.592
21.44
15.152
19.34
12.576
22.164
12.852
14.152
13.152
12.64
23.34
12.628
18.44
12.728
15.152
12.576
18.564
18.728
23.016
18.44
26.604
14.152
12.864
12.864
14.152
20.44
14.428
12.864
18.616
14.152
18.492
12.576
18.44
13.152
24.304
20.992
14.152
26.38
19.168
12.576
24.856
21.244
15.152
13.34
18.44
21.016
23.016
12.576
14.152
20.44
14.428
20.416
18.904
20.992
15.58
14.152
23.368
12.64
19.756
20.728
14.416
23.016
12.604
14.152
13.44
20.44
13.152
20.44
20.44
15.44
20.44
22.016
20.504
14.492
18.492
13.08
12.576
18.728
20.664
18.728
15.416
14.152
12.64
21.38
26.304
18.792
12.576
15.304
18.44
13.152
14.152
13.152
18.64
12.928
18.44
14.152
20.728
22.24
26.716
14.152
12.864
24.304
19.192
20.192
20.728
23.116
12.576
15.604
20.664
18.852
12.576
12.576
15.44
22.016
13.152
14.204
13.152
22.016
12.704
18.728
21.44
14.152
21.104
20.44
14.152
21.14
18.64
12.928
14.416
18.904
20.392
20.728
19.204
12.892
13.48
21.016
20.44
18.628
15.44
24.304
14.152
19.016
18.728
15.416
12.864
12.576
14.364
18.552
20.44
20.44
12.628
14.416
14.404
22.192
14.152
18.44
20.528
15.504
14.516
15.492
18.704
12.992
20.18
20.768
23.228
18.44
20.44
14.428
12.916
21.004
14.152
12.64
24.304
22.016
26.392
13.44
20.728
19.204
20.44
20.992
21.44
18.728
21.016
20.816
18.704
15.44
18.44
20.528
14.44
13.44
18.44
21.228
12.576
15.428
20.44
12.628
18.728
15.152
18.44
18.74
18.44
20.528
12.864
18.716
21.252
22.304
18.84
14.152
12.864
12.576
14.364
20.44
18.44
18.852
13.44
15.828
18.816
21.204
21.192
18.44
15.44
21.128
20.44
15.292
18.44
13.18
14.228
18.568
13.016
21.104
12.992
14.78
18.968
13.152
14.156
18.44
15.44
18.44
18.728
12.576
13.616
21.404
13.592
13.28
21.368
20.44
14.152
20.44
14.428
14.416
19.016
18.44
14.152
19.028
23.016
18.44
13.152
14.228
14.216
18.704
13.44
14.152
20.44
21.016
14.152
18.728
13.152
19.204
12.576
20.44
22.228
14.152
13.152
18.84
20.928
13.44
14.152
12.64
13.204
18.44
20.44
14.728
12.916
20.704
12.916
12.892
23.228
18.58
22.016
18.704
20.792
12.98
21.968
12.864
22.556
20.952
21.344
18.932
12.864
14.72
18.44
18.44
18.44
22.016
13.152
20.504
13.152
13.152
12.576
15.54
18.564
18.552
15.152
13.34
14.152
13.328
20.44
22.228
14.416
18.904
20.728
13.192
21.016
20.44
13.152
20.44
18.44
14.528
13.016
13.44
14.504
21.992
14.78
19.568
13.44
20.756
12.944
12.932
14.72
21.308
20.396
18.728
13.184
21.272
20.96
18.44
20.948
12.576
18.728
13.44
22.016
21.44
18.728
12.576
24.304
20.664
18.552
20.44
14.428
18.44
20.44
15.44
18.492
12.576
20.664
14.352
20.94
19.128
14.616
19.404
13.44
14.892
13.68
13.44
19.668
22.056
12.864
20.544
15.552
18.732
23.04
14.52
13.428
20.808
18.816
12.996
13.704
21.084
12.672
15.44
20.16
14.152
12.64
15.304
14.428
21.016
20.404
12.576
22.164
14.152
14.74
21.204
12.576
14.152
14.152
15.44
14.152
12.576
14.44
13.152
20.44
20.44
13.304
12.576
24.392
18.564
13.28
12.576
21.016
20.44
24.304
19.016
12.576
20.44
21.44
21.016
14.152
26.404
12.576
20.664
18.44
12.852
15.152
22.14
26.54
18.828
13.116
13.104
22.092
14.28
12.768
18.756
20.544
23.016
12.576
20.44
14.152
21.64
18.44
14.428
12.916
13.44
22.204
19.128
20.692
21.516
12.576
14.152
12.64
18.628
26.304
18.44
21.192
14.228
24.48
12.716
12.864
14.152
18.728
20.728
12.576
23.116
18.44
12.728
20.44
13.152
20.44
26.34
14.428
19.428
13.716
18.804
12.576
18.728
14.364
13.004
18.728
22.104
19.016
12.576
14.364
20.952
13.14
12.864
12.828
14.316
12.576
12.576
21.016
20.14
18.44
18.728
20.44
15.416
20.44
18.628
18.616
14.404
12.592
15.44
21.44
12.864
14.152
12.864
26.304
21.192
18.44
13.68
13.016
20.44
13.004
19.28
20.016
18.504
18.492
15.268
13.156
14.152
21.544
20.44
13.432
14.152
18.44
18.44
12.576
12.576
22.164
24.304
22.152
21.292
18.84
18.528
20.44
18.628
14.416
14.152
20.44
18.44
23.016
22.016
18.852
18.44
13.44
18.44
15.528
14.228
13.016
20.804
18.44
14.492
15.44
14.48
20.728
18.44
13.152
14.152
18.44
15.44
22.028
19.028
13.616
14.152
20.44
12.628
18.44
20.44
23.228
13.616
13.604
12.576
13.292
18.44
20.44
18.628
14.416
13.44
12.604
14.392
21.016
12.88
18.868
19.204
19.016
14.152
13.152
20.44
18.84
18.44
13.128
20.528
13.152
12.576
18.44
18.728
26.304
20.44
14.428
12.916
14.704
12.892
18.44
14.68
14.368
13.152
12.576
20.44
20.728
13.204
20.728
21.44
20.528
14.216
18.852
13.004
13.44
20.492
12.916
12.68
18.728
14.152
20.44
26.528
18.628
23.016
12.916
18.904
14.152
21.016
18.44
20.44
19.016
14.152
20.44
21.628
14.416
13.152
12.576
18.44
14.228
20.816
12.864
19.004
20.952
14.792
12.864
18.98
21.068
14.756
19.544
22.232
13.52
20.728
13.208
13.516
19.196
18.904
14.984
12.864
13.172
19.16
18.848
13.428
14.636
13.424
14.912
13.1
21.188
22.976
20.016
13.152
12.864
12.576
12.576
20.728
12.576
12.576
14.152
26.804
13.44
14.152
13.428
19.416
18.44
12.728
18.716
20.504
18.692
20.48
24.428
18.668
20.756
26.304
12.576
14.152
18.728
18.44
12.864
14.152
18.728
23.016
13.152
12.576
18.564
21.016
15.304
20.44
20.44
23.104
20.44
15.44
20.128
21.128
18.916
18.852
12.904
13.44
18.592
20.928
20.44
12.864
24.428
19.016
18.44
18.44
14.228
21.016
13.016
20.804
13.152
18.992
18.98
20.44
24.416
14.428
18.916
13.152
12.904
19.14
20.692
14.68
20.968
12.576
13.44
12.576
12.576
14.364
18.44
20.652
20.64
12.864
20.952
18.44
20.728
14.228
18.716
20.804
22.016
12.576
24.304
18.892
18.88
20.44
14.428
18.616
12.604
14.152
12.64
14.152
14.152
12.576
14.152
24.304
18.44
13.028
21.44
20.94
19.128
15.516
20.44
20.904
21.44
22.504
12.592
18.44
20.38
18.568
20.656
18.544
12.576
14.364
12.852
12.84
14.628
26.528
12.576
18.852
12.864
14.152
18.728
21.44
21.016
21.44
19.016
18.44
20.728
14.152
21.016
18.904
14.152
21.016
18.44
13.204
23.016
14.152
20.14
18.44
12.864
12.576
23.352
14.364
13.44
18.828
20.14
20.44
12.864
14.152
18.44
12.728
20.728
14.152
18.728
14.152
12.64
20.44
21.44
23.016
13.404
20.44
21.192
22.228
19.68
12.916
13.968
18.44
13.956
18.44
26.544
13.332
20.44
20.952
26.34
18.44
13.428
20.44
15.152
18.44
20.44
23.216
12.628
14.716
14.704
20.992
14.68
21.868
20.44
12.864
15.552
12.576
19.14
20.44
23.628
18.628
13.716
14.416
15.204
21.004
20.728
18.44
18.916
13.504
15.152
18.44
22.292
14.18
14.152
26.516
12.916
14.152
12.64
19.192
20.728
18.916
18.728
22.292
13.152
20.44
26.304
20.44
15.44
20.828
20.44
26.304
12.576
26.304
20.664
20.652
12.864
14.34
20.44
21.204
18.628
20.44
23.016
18.628
13.704
14.716
18.604
20.44
14.152
23.016
12.576
18.564
14.352
18.54
13.152
12.828
20.916
20.304
21.016
20.892
13.016
14.152
12.64
18.728
20.128
26.304
21.616
24.304
20.44
20.44
20.44
19.016
14.428
15.704
20.716
18.728
20.44
20.44
13.152
14.428
14.416
12.904
12.576
18.58
20.44
21.016
20.44
13.152
20.44
18.628
12.916
18.904
12.592
12.58
18.568
18.916
12.856
21.844
21.016
23.016
18.44
19.104
13.152
20.44
13.504
12.892
18.44
12.728
20.44
14.152
21.016
20.44
20.128
12.616
12.604
20.44
15.304
14.728
13.192
20.716
13.18
14.704
12.592
20.44
26.304
13.016
20.016
26.528
14.152
21.38
20.14
13.868
21.656
20.44
18.944
13.232
14.152
23.392
18.88
24.304
12.576
14.364
20.652
18.84
13.128
18.516
14.152
13.152
20.44
13.44
12.576
14.44
19.016
20.016
18.44
20.728
14.152
18.916
14.152
20.44
20.44
12.628
12.616
14.404
14.392
24.304
18.728
20.44
13.316
21.628
18.616
20.728
21.016
18.44
18.728
13.316
18.44
13.016
21.44
12.728
12.716
14.152
12.864
14.152
20.728
18.64
14.428
20.728
14.416
13.016
18.44
20.804
14.228
13.016
21.104
19.292
24.304
20.78
14.468
13.44
19.256
21.228
20.44
21.628
14.152
15.44
20.44
15.44
18.728
13.152
14.152
20.728
20.44
14.152
18.44
13.44
12.576
20.728
18.564
15.152
14.352
13.04
20.94
20.44
20.44
20.44
22.24
18.44
22.216
18.492
14.404
13.68
20.692
18.88
12.864
20.368
15.852
21.256
26.64
21.24
20.44
18.828
18.628
21.016
14.152
19.016
21.016
13.204
18.44
18.44
20.528
13.152
14.216
13.14
20.804
18.992
18.44
13.28
20.828
19.268
13.016
21.056
14.444
19.232
13.52
18.44
20.528
14.216
18.44
14.228
20.44
14.428
13.152
12.576
20.664
14.352
12.864
23.052
22.268
15.24
19.016
24.404
20.14
12.864
12.628
18.44
14.228
12.576
15.44
14.152
24.48
13.368
14.152
19.656
12.64
25.044
22.228
15.44
21.016
12.604
21.016
22.492
13.152
18.84
14.152
12.864
22.016
15.252
20.504
20.952
18.44
13.152
12.728
23.104
18.44
14.228
18.716
15.152
13.04
18.44
20.44
12.864
14.152
15.44
18.44
21.016
14.228
21.016
14.216
18.728
18.44
13.016
14.44
13.152
18.44
20.728
18.44
20.44
24.304
13.152
13.152
20.44
20.44
14.428
20.716
14.152
12.916
19.192
21.28
18.44
19.468
12.576
18.44
21.564
21.128
26.816
23.504
20.44
13.016
12.628
12.616
20.704
14.392
13.18
14.368
12.576
20.44
18.728
14.428
12.916
21.004
26.556
19.192
18.444
21.132
12.576
20.82
24.304
20.016
18.892
15.58
24.868
12.576
26.956
21.544
23.332
12.864
12.576
13.752
14.364
18.852
12.864
12.576
18.552
14.152
18.64
12.576
22.016
20.504
18.728
13.152
26.34
21.228
20.728
12.576
18.44
12.576
23.016
21.016
18.44
15.604
14.528
19.492
14.152
14.152
18.64
13.44
18.44
20.528
21.016
12.576
26.304
14.364
12.852
21.016
12.84
18.604
14.628
21.216
12.576
20.44
12.864
14.152
13.452
14.152
21.24
18.64
19.128
20.728
13.416
18.728
26.528
20.016
13.016
19.304
12.576
24.692
18.98
14.152
14.152
18.44
12.864
14.152
14.152
14.152
21.016
24.304
12.576
15.292
14.364
26.38
14.352
21.568
22.44
14.628
21.256
22.716
13.404
13.392
20.88
18.592
24.58
20.44
21.868
18.628
14.152
20.816
23.016
24.492
12.576
18.78
20.664
12.864
12.576
21.252
14.364
14.44
12.576
12.576
20.44
26.304
18.792
18.44
20.88
23.568
18.44
13.056
19.044
21.132
18.728
18.716
20.804
24.304
14.152
20.44
14.152
12.576
18.564
24.304
20.728
12.916
20.44
15.152
12.576
18.44
21.128
20.44
12.576
20.728
12.576
20.728
14.364
14.152
12.576
13.152
20.664
21.552
18.84
20.928
12.864
12.816
20.904
18.492
19.128
14.28
18.768
22.356
20.544
21.732
18.72
13.152
23.34
20.44
15.528
12.628
18.616
12.604
20.44
14.152
20.44
14.428
20.116
18.604
18.592
18.728
20.44
13.152
14.428
18.616
18.44
15.428
14.152
20.44
18.44
20.44
14.428
19.016
12.916
19.004
14.704
23.016
13.152
18.728
18.44
18.44
20.728
14.152
12.64
14.428
12.916
12.604
22.192
12.864
18.44
20.528
18.44
14.216
13.152
20.804
20.792
18.98
21.016
14.468
13.556
13.544
13.232
20.72
20.44
21.44
20.44
20.44
21.628
18.616
13.152
12.904
18.84
14.392
22.48
13.168
14.656
19.144
13.132
19.12
14.908
19.396
19.016
12.576
18.728
13.616
13.152
20.44
12.576
20.664
23.016
21.852
18.54
15.304
18.44
19.128
14.152
24.304
20.728
14.44
18.492
24.304
20.44
14.152
13.44
18.64
13.428
20.44
26.616
14.428
19.104
21.492
15.48
19.368
13.656
21.144
19.032
18.44
26.304
15.492
13.38
18.44
20.868
23.556
20.44
22.228
21.016
14.152
21.004
14.152
13.152
18.44
18.84
20.528
12.716
18.704
12.916
20.492
15.152
14.152
20.44
23.016
18.44
20.728
20.528
18.616
14.216
14.44
20.728
21.44
23.24
12.576
23.228
13.152
12.576
15.24
18.44
21.44
20.528
20.952
12.716
13.44
18.704
23.328
14.192
13.152
20.44
13.44
21.228
20.44
22.228
14.152
18.64
18.44
14.428
13.628
20.716
12.576
20.664
20.652
12.864
14.152
13.152
18.84
13.128
12.576
23.016
20.664
20.44
18.628
19.016
20.716
13.304
18.604
13.292
14.392
26.48
18.58
14.152
13.152
20.44
13.152
12.576
20.816
18.44
13.004
14.228
18.44
12.576
18.564
21.016
12.576
21.016
18.564
18.852
14.152
18.44
18.44
14.152
13.44
15.528
21.216
13.152
14.152
24.54
20.44
20.192
13.44
13.428
20.728
18.44
14.228
14.152
19.016
22.24
21.928
19.216
13.204
18.492
14.152
21.44
21.016
12.728
12.576
12.576
20.44
18.728
18.44
14.228
18.716
26.392
21.44
23.08
20.528
14.216
12.704
12.576
14.152
20.728
20.44
24.316
20.44
19.204
18.44
20.44
20.728
13.204
20.44
21.016
14.428
18.916
13.204
18.44
21.016
12.576
14.152
13.44
14.152
18.64
13.152
20.728
12.916
18.916
14.152
18.904
22.016
14.44
15.152
14.428
20.728
20.44
23.016
12.576
14.364
20.652
21.016
14.34
14.328
20.728
14.316
21.016
14.152
14.152
18.728
21.44
14.228
13.016
18.728
14.504
13.292
12.576
14.152
20.44
20.44
14.152
18.728
18.44
13.44
18.44
20.528
24.304
18.716
13.492
14.204
20.98
13.292
18.728
14.204
18.44
12.864
18.44
20.816
19.004
18.44
24.392
20.528
14.216
14.204
14.192
21.016
20.44
13.804
14.428
14.416
12.904
14.392
12.88
12.576
20.728
18.564
20.44
18.728
14.152
13.316
21.104
21.092
12.576
13.28
24.304
22.08
14.152
18.728
20.816
18.44
14.152
13.152
20.44
20.44
18.628
14.716
14.152
20.44
14.152
26.356
12.864
20.44
18.728
21.44
20.728
18.44
15.316
12.576
20.44
12.628
14.416
19.016
12.904
21.892
14.68
21.204
14.368
18.492
13.152
12.576
14.364
20.652
19.016
20.804
13.492
14.152
20.98
21.64
14.428
18.916
12.864
14.404
12.892
21.204
14.68
20.892
20.668
21.556
12.864
12.864
18.44
18.728
18.44
20.44
13.152
12.864
12.576
12.576
18.44
12.864
12.728
12.576
18.728
14.152
20.44
18.728
18.44
20.44
22.228
18.916
18.904
12.864
14.44
13.152
14.152
21.44
13.152
12.728
14.216
18.704
14.492
21.08
21.968
13.152
12.956
12.864
12.644
18.552
14.432
14.42
13.152
12.608
20.94
12.596
20.684
20.728
20.44
18.728
20.728
20.44
14.428
14.152
19.016
18.44
14.228
14.216
14.204
12.864
15.552
14.152
12.64
12.576
14.364
12.576
15.44
18.44
12.728
20.44
12.628
18.44
13.028
15.152
12.864
14.152
18.728
22.24
20.728
20.716
13.152
20.44
12.628
14.416
14.404
14.152
18.728
18.44
18.44
20.528
13.152
14.216
12.864
19.004
20.952
21.992
14.48
19.268
12.956
21.016
14.152
15.152
12.576
26.304
22.016
21.704
14.192
20.728
20.44
18.44
20.44
13.028
14.728
20.716
14.704
12.576
21.016
14.364
14.352
20.44
18.728
20.44
20.44
14.152
18.64
15.44
14.428
15.44
13.216
21.016
18.916
21.304
14.152
14.152
19.016
18.64
23.204
21.092
14.152
12.98
20.44
12.628
18.852
18.44
13.44
18.44
20.44
12.576
12.576
14.44
23.016
22.016
20.504
20.492
18.68
18.668
18.44
20.456
14.444
12.932
21.02
22.016
21.016
18.704
19.204
14.492
12.68
18.44
14.228
14.216
18.916
18.44
19.016
20.528
14.516
14.504
18.592
12.692
19.18
12.68
18.868
12.668
12.656
14.152
18.64
15.152
12.628
13.34
12.616
12.604
24.304
12.576
26.304
20.44
22.016
18.728
20.44
18.628
18.44
13.152
21.016
12.576
12.576
15.152
21.44
18.44
14.528
12.864
12.576
12.576
20.44
18.44
20.44
13.028
14.152
18.64
20.128
12.916
18.904
19.14
12.576
23.028
18.564
24.516
14.352
15.804
13.14
23.592
20.628
14.316
21.016
20.44
14.428
14.416
14.404
14.392
20.728
12.88
18.568
22.156
12.844
18.44
20.44
15.728
14.152
19.016
13.304
15.692
13.28
22.016
24.492
14.152
12.864
20.952
14.152
14.152
12.864
12.576
26.352
20.664
20.652
18.84
20.928
20.44
18.728
12.864
14.152
12.576
21.24
13.428
20.44
20.44
18.728
18.628
20.716
15.152
18.904
20.44
13.152
14.152
21.016
12.64
24.304
22.016
21.016
21.44
21.004
18.44
12.728
14.152
14.152
22.24
21.016
20.728
12.916
21.904
20.992
14.68
13.468
21.556
21.544
19.204
19.732
14.92
14.008
22.096
15.184
13.152
12.772
14.56
18.44
13.048
21.136
21.124
19.016
12.576
19.016
14.152
24.404
22.104
12.864
26.352
26.304
14.152
20.892
15.48
18.44
23.568
13.152
20.44
18.628
26.304
12.916
14.404
13.152
20.44
14.428
21.616
18.604
13.152
13.152
20.94
20.44
14.428
18.44
18.44
20.528
14.152
20.44
21.44
12.576
14.152
20.44
19.016
20.44
18.728
22.016
21.44
12.864
14.152
12.64
20.728
18.44
19.016
12.728
14.216
18.728
21.104
21.092
14.48
21.016
19.568
21.004
13.856
15.044
19.016
22.232
15.02
18.908
20.696
24.304
20.684
14.672
20.44
14.428
14.416
19.016
20.704
20.44
20.44
13.152
14.428
14.416
12.604
18.44
12.728
14.216
13.44
18.44
20.44
20.44
13.152
18.84
21.016
14.152
20.44
19.016
14.44
20.44
14.428
14.152
22.24
14.152
20.44
18.628
12.616
14.404
22.192
20.68
20.668
13.44
20.928
18.44
14.228
20.816
22.004
20.492
13.016
12.576
20.792
12.576
12.576
18.728
22.392
21.016
20.44
12.628
19.016
20.804
14.152
18.44
20.728
12.576
20.364
13.204
14.152
18.64
12.576
23.016
20.44
21.628
20.44
12.864
21.44
20.44
20.44
21.628
18.728
14.152
13.316
14.152
20.44
14.428
18.44
21.14
21.016
19.016
18.44
21.44
14.152
20.728
18.64
21.628
20.016
20.604
12.576
13.016
14.152
19.004
18.992
18.44
18.98
12.576
18.564
21.016
12.864
18.44
20.728
12.576
14.664
20.952
15.44
20.44
13.152
14.728
20.716
18.728
14.704
24.416
21.892
20.804
20.68
14.368
20.728
20.656
18.728
18.544
12.576
20.728
18.616
12.864
22.016
15.252
14.504
13.152
14.492
12.68
14.768
12.956
21.016
14.152
18.904
18.44
12.728
21.016
18.44
20.528
14.216
20.804
18.692
13.152
12.98
14.152
18.44
20.728
22.016
23.016
14.152
18.804
14.152
18.728
14.44
15.44
20.44
13.14
20.44
12.864
18.44
18.44
20.728
20.528
13.216
12.576
23.404
12.576
14.364
22.016
20.504
21.692
18.44
13.44
14.152
21.228
20.44
18.816
21.016
22.016
20.504
12.916
12.692
22.28
18.668
18.656
20.728
22.244
20.732
21.62
18.728
15.504
13.152
14.152
18.44
14.228
13.44
12.576
14.664
20.952
14.64
13.152
19.428
21.016
19.416
13.104
21.192
13.08
12.916
21.468
18.44
24.428
13.016
13.604
21.092
21.08
15.48
18.44
19.068
15.756
22.016
13.344
13.332
18.728
18.44
14.152
26.304
13.392
24.48
13.152
12.576
18.564
14.152
18.728
18.64
14.428
18.728
24.416
19.004
12.576
18.564
14.652
18.84
12.576
18.44
18.728
13.316
20.44
18.44
26.304
14.228
15.492
13.016
14.504
18.592
12.992
18.44
26.304
18.44
12.576
21.016
23.016
20.44
20.952
12.576
14.152
21.016
19.204
20.992
18.44
19.48
14.228
15.868
18.44
13.756
13.444
18.832
20.44
18.52
18.728
18.44
14.228
20.728
18.616
14.152
18.64
14.152
18.64
14.428
18.728
18.728
14.152
18.64
24.304
14.428
18.728
20.44
20.44
13.44
18.828
13.416
12.576
13.404
20.664
14.352
19.14
13.428
21.216
19.016
20.44
18.628
14.152
12.64
14.428
21.016
14.704
13.492
13.152
21.58
12.576
14.364
20.352
21.016
19.14
21.228
22.416
18.804
18.792
14.152
26.304
21.016
19.016
12.576
12.576
14.364
26.304
18.552
13.692
21.54
18.44
20.728
20.728
14.44
14.428
18.916
18.44
20.704
20.692
14.68
12.868
20.656
14.944
20.44
21.128
20.428
20.44
26.516
14.428
15.404
20.416
13.204
15.304
20.016
21.016
15.304
12.576
18.892
14.152
21.016
21.44
13.504
12.728
20.516
20.504
18.728
12.576
14.364
12.576
20.664
18.728
20.44
14.428
19.016
14.152
18.728
12.576
21.016
21.564
12.852
18.44
26.304
12.576
18.564
18.916
14.152
18.728
14.152
21.116
26.804
13.292
18.44
13.152
22.028
18.592
13.016
18.728
12.576
24.416
18.728
18.852
12.576
20.44
14.428
13.152
26.34
13.428
22.24
20.44
13.104
18.628
20.416
20.44
15.152
19.04
15.428
12.576
18.44
12.576
12.576
18.564
20.652
12.864
15.44
12.576
13.028
12.576
21.016
14.364
26.504
24.392
13.152
20.44
15.24
12.628
12.576
18.728
12.576
20.816
22.164
13.152
12.576
21.564
12.852
20.64
21.828
13.44
18.916
12.576
21.304
23.692
12.576
24.88
18.728
20.728
18.44
20.528
20.952
12.576
13.152
20.44
14.428
18.728
12.576
14.364
19.292
20.952
13.58
13.14
12.864
12.576
20.44
21.016
12.628
18.616
13.492
18.58
21.44
13.168
20.528
14.152
13.44
21.228
20.44
14.428
18.592
18.916
14.404
12.592
20.44
23.016
14.428
24.504
12.864
18.44
12.864
13.152
14.152
21.016
18.728
14.152
18.44
14.152
24.304
12.576
14.364
15.44
14.352
20.44
20.44
14.428
23.016
12.616
18.44
14.228
18.592
13.016
24.58
21.104
12.864
20.44
18.628
12.576
18.564
20.652
26.304
22.44
20.628
12.864
14.616
13.104
26.304
20.44
13.44
20.44
15.152
12.576
26.54
13.44
22.016
18.704
20.792
20.48
13.44
22.268
20.756
12.944
21.032
14.42
13.152
20.44
14.428
20.44
18.44
13.152
20.44
22.228
26.304
20.716
14.704
12.892
19.016
20.44
13.004
21.628
18.916
20.44
22.228
14.152
14.152
18.728
15.44
13.44
20.44
12.864
18.628
21.616
20.728
20.704
14.392
19.18
20.968
14.356
12.864
20.44
14.428
18.616
20.704
20.728
14.152
12.576
20.664
14.652
19.016
13.304
12.576
20.728
20.44
13.44
21.44
13.128
13.152
14.152
20.94
18.44
20.528
18.44
19.204
13.192
21.58
15.568
20.44
23.016
12.628
20.716
12.864
20.016
20.604
12.576
18.44
19.016
18.44
23.016
21.204
13.692
12.576
15.78
14.364
18.768
20.952
18.756
20.128
14.416
22.504
20.44
18.852
20.94
12.576
15.528
20.664
21.216
14.152
14.152
13.152
21.44
13.152
14.228
19.016
12.576
20.816
20.664
19.304
22.016
18.852
12.576
13.44
14.152
13.152
20.44
21.228
18.628
20.44
12.628
20.416
21.44
15.416
12.576
13.004
15.44
20.728
20.016
22.016
21.004
22.016
20.204
18.728
13.016
21.44
14.528
18.728
18.44
12.728
13.152
20.816
13.152
14.152
12.64
18.728
20.728
13.016
18.44
20.44
21.016
14.152
13.44
21.528
12.576
23.016
20.664
24.504
14.152
21.492
20.44
22.528
18.916
18.728
18.604
21.428
20.44
26.38
14.152
12.64
18.628
18.616
14.404
20.692
20.68
13.44
12.576
13.428
18.816
13.152
14.152
13.192
20.98
20.204
12.576
20.44
24.304
20.428
21.916
19.016
15.004
18.44
12.892
20.98
22.468
20.656
18.844
20.44
26.304
13.092
20.44
18.728
14.428
24.416
18.616
20.728
18.44
20.44
14.728
18.916
22.24
18.628
18.616
20.728
20.44
14.728
18.916
20.728
22.804
18.616
19.192
15.58
14.968
12.916
13.456
15.244
18.44
13.132
13.12
22.408
19.096
18.916
20.884
18.904
12.892
18.44
21.016
13.444
20.44
15.492
14.152
13.08
14.152
23.268
18.64
19.128
20.728
12.916
12.904
18.892
12.88
21.016
12.868
26.304
13.152
12.576
14.364
12.576
18.744
20.44
14.428
13.152
12.916
21.004
18.728
20.692
12.58
24.428
12.576
18.728
14.304
20.44
13.152
15.152
12.576
21.14
13.628
13.616
12.576
15.152
14.152
21.016
20.728
20.016
18.44
20.44
14.152
26.528
14.152
18.44
20.728
22.016
15.292
18.44
12.88
15.568
13.156
18.44
13.152
12.728
18.728
15.716
24.704
22.016
18.992
20.44
21.628
22.016
14.152
13.152
14.152
20.14
14.44
18.44
21.24
14.228
18.44
26.304
14.228
12.716
14.152
13.152
22.016
26.64
18.44
12.576
20.14
14.428
20.952
12.916
14.404
24.304
12.892
20.992
24.304
14.152
21.016
14.152
13.504
26.392
12.576
20.44
20.44
12.628
14.716
21.004
23.016
20.692
14.38
12.864
20.44
26.516
20.728
18.728
14.44
14.152
20.44
24.304
12.628
18.616
14.404
12.892
20.98
20.968
12.576
13.016
20.664
12.992
18.44
19.58
12.728
15.368
18.728
12.576
21.564
21.016
18.852
12.904
20.94
18.828
14.316
18.728
14.152
18.852
12.864
14.44
14.152
18.728
18.64
14.428
13.152
12.576
12.576
14.364
19.14
13.152
14.152
20.728
18.44
14.152
26.528
18.44
14.152
13.44
26.628
12.576
13.152
14.152
18.728
21.116
21.016
20.14
23.104
14.152
12.892
12.864
14.152
18.728
20.816
12.576
14.364
12.864
21.44
20.952
15.54
13.152
23.04
21.528
13.416
12.576
22.228
18.44
21.428
20.44
13.616
13.152
20.44
18.728
18.628
18.616
13.304
18.604
14.392
12.58
18.568
18.556
14.344
13.152
13.132
18.728
14.62
18.508
24.392
18.496
26.48
14.152
12.64
18.628
14.416
13.204
18.728
18.44
13.152
20.528
12.716
14.204
14.152
12.576
18.728
13.152
13.152
18.44
18.44
14.152
13.152
20.44
22.528
18.916
20.704
12.864
14.692
15.552
14.38
18.84
12.868
18.44
14.44
12.864
12.628
20.44
12.864
12.576
21.552
12.576
18.564
14.352
18.728
13.304
18.44
21.016
18.44
20.44
18.44
20.44
12.628
26.528
12.576
24.304
18.892
20.128
15.44
22.016
19.016
20.44
18.852
14.428
12.916
18.728
18.44
15.152
13.04
21.128
18.44
20.828
12.576
12.576
18.728
20.364
20.952
18.54
24.304
24.304
20.728
20.44
22.228
12.864
14.416
15.252
20.704
12.892
18.88
20.952
18.868
18.856
18.828
18.44
21.216
18.44
21.14
22.328
15.152
13.152
23.204
18.692
12.576
20.44
14.428
20.44
14.44
18.44
13.152
20.94
12.576
14.364
21.016
20.352
23.404
21.24
18.892
18.828
18.58
13.116
14.604
18.728
19.092
13.38
21.168
21.156
14.544
12.732
14.52
14.208
20.196
19.016
20.184
19.004
13.592
15.68
14.44
20.44
12.628
19.016
12.576
12.576
18.44
12.728
13.44
20.44
24.304
12.892
18.728
14.152
24.416
18.64
21.016
18.628
20.728
20.44
13.516
14.152
12.904
13.492
20.728
20.44
13.152
13.14
13.128
20.44
23.316
21.44
21.204
20.528
26.592
18.716
18.44
20.44
14.428
20.716
19.016
15.704
14.152
19.016
20.44
14.428
13.016
14.152
19.304
20.14
20.44
14.152
18.64
20.44
18.728
18.628
14.152
18.728
14.152
21.44
18.44
23.104
15.292
14.152
18.64
24.304
12.928
21.016
22.204
20.952
20.692
13.44
18.58
20.44
20.952
14.428
19.14
14.416
12.904
18.592
21.58
19.016
14.152
18.728
18.64
20.728
26.304
21.616
13.692
12.904
14.692
12.88
23.104
14.152
20.44
21.628
18.728
14.416
18.44
13.204
21.292
13.18
21.016
13.204
13.192
12.576
20.064
20.728
12.852
12.576
18.728
14.364
20.816
13.292
18.44
22.028
22.016
14.204
18.728
14.152
12.64
14.152
14.152
23.016
21.204
13.44
14.152
12.864
18.44
14.228
13.016
21.104
18.728
12.576
13.316
21.104
26.304
20.44
23.016
13.404
14.44
12.628
20.44
19.016
14.428
23.392
24.304
15.292
14.152
20.44
18.728
20.44
13.152
24.304
20.44
21.44
18.44
12.864
21.44
20.952
23.04
15.44
12.576
19.016
18.44
14.228
22.316
18.728
20.504
21.692
13.152
14.18
18.44
21.016
12.576
13.152
20.664
12.852
18.84
18.716
21.44
18.728
18.728
21.44
12.728
20.804
18.716
24.392
12.576
14.152
18.728
23.104
18.592
20.44
12.88
14.428
18.616
20.704
14.392
14.38
20.668
18.728
20.44
18.716
18.44
19.016
14.228
14.216
18.44
12.728
14.216
13.44
13.128
13.152
13.152
20.44
18.44
20.228
13.152
18.44
20.528
12.864
18.44
14.152
12.864
12.576
15.44
20.44
14.428
22.516
13.204
20.992
18.44
13.18
21.128
14.968
12.576
20.664
12.576
21.564
18.852
13.14
20.628
18.516
13.152
14.152
20.44
21.016
14.152
24.304
18.44
15.292
21.016
20.14
20.128
18.728
14.152
15.152
14.152
13.152
18.64
12.864
21.44
21.44
18.728
13.016
24.304
13.004
18.992
13.152
12.576
12.576
20.728
12.576
14.364
20.952
18.84
18.44
21.128
18.44
23.216
20.44
21.404
20.44
13.292
14.428
15.38
18.916
19.568
14.416
13.152
18.728
13.016
12.576
21.44
12.728
14.216
19.004
14.492
20.78
13.44
18.44
19.016
14.228
13.004
18.44
14.228
12.716
21.228
12.576
21.016
20.364
26.404
18.892
12.576
14.152
20.728
20.44
15.616
14.152
18.728
20.728
18.44
19.204
20.44
14.428
18.916
13.204
18.592
15.44
12.864
14.152
14.44
14.428
18.728
18.616
13.316
13.304
12.992
13.58
21.016
18.44
15.604
18.44
13.492
20.528
15.88
23.068
20.016
19.016
12.804
21.104
15.392
12.864
18.552
13.74
12.576
13.428
20.44
24.516
12.864
12.576
14.364
12.576
14.152
20.44
18.728
14.152
18.44
20.228
20.816
12.576
12.576
18.728
14.364
21.552
12.576
18.564
18.728
14.44
12.628
14.152
14.152
18.44
24.304
14.528
13.152
18.44
20.228
23.228
20.816
20.204
14.792
12.864
18.68
14.468
13.152
20.44
14.428
21.616
13.152
12.576
18.728
14.152
13.616
12.576
20.728
18.564
12.576
14.152
18.728
20.728
14.152
14.152
20.44
18.728
14.428
20.716
18.728
14.152
24.492
14.152
13.38
15.768
22.016
12.864
13.452
14.152
19.14
14.152
21.204
20.728
18.44
13.216
18.44
14.152
21.64
18.628
21.44
15.152
20.84
20.44
12.628
14.416
12.604
20.692
18.88
12.576
20.44
14.428
20.44
20.816
18.628
21.016
18.44
20.44
18.628
20.116
18.44
12.864
21.44
14.228
20.816
14.204
18.44
24.304
20.44
13.44
14.152
21.204
20.44
21.192
18.628
19.08
20.44
20.868
20.728
14.152
14.152
12.576
20.992
14.364
14.352
26.304
20.44
22.016
20.504
13.152
18.692
20.78
20.168
18.44
21.056
22.244
13.532
14.42
21.908
14.696
18.492
19.484
26.58
13.772
13.46
21.292
19.18
14.152
12.864
20.016
19.14
14.152
20.44
14.152
13.152
14.152
20.728
18.64
13.216
12.928
14.716
12.864
22.204
26.352
19.492
21.24
19.128
18.756
23.016
12.576
12.576
14.364
14.152
22.016
15.44
20.44
21.016
20.44
13.152
14.428
12.864
14.152
21.104
18.44
14.228
20.516
21.704
14.192
12.864
18.728
13.016
20.44
19.004
18.628
13.292
15.44
18.44
12.728
21.44
24.304
14.152
13.152
12.576
19.14
14.364
13.428
18.852
20.64
20.628
18.728
22.716
15.152
12.576
13.152
21.116
18.728
15.416
18.44
13.304
12.728
19.292
14.152
13.58
18.64
21.368
20.756
18.44
14.152
18.44
14.228
15.44
18.44
14.228
13.016
19.004
14.492
13.152
21.38
19.568
12.576
18.564
14.352
18.44
18.84
20.328
24.304
14.916
21.016
18.804
18.492
26.304
13.392
14.152
15.48
20.868
18.756
15.444
12.576
13.332
14.364
13.44
20.652
21.84
14.628
13.416
12.916
18.904
20.728
18.616
22.016
12.864
14.152
18.44
20.952
14.228
12.716
13.152
14.152
12.576
13.44
20.728
12.576
23.116
18.44
20.728
20.228
23.116
13.804
13.492
12.576
15.44
19.028
18.44
20.44
12.864
14.152
18.728
13.316
18.44
15.404
21.128
13.152
14.304
24.54
20.44
21.44
13.152
12.576
21.016
18.904
14.152
15.292
12.64
20.728
20.44
12.864
20.44
21.628
13.152
18.728
14.152
13.152
18.64
21.628
14.44
21.628
20.728
18.916
18.604
12.576
18.592
14.364
13.78
12.852
21.44
12.864
20.728
20.44
18.916
14.152
18.64
13.44
18.828
20.44
13.116
13.152
14.44
23.016
12.864
14.152
12.64
21.24
20.44
12.576
18.564
12.576
20.664
14.352
23.016
20.64
14.628
12.816
23.016
14.152
14.152
18.728
18.44
21.44
20.728
13.152
12.576
14.152
20.44
18.44
13.44
20.528
24.528
14.216
13.416
18.44
21.128
26.816
18.44
13.004
14.528
14.152
13.44
14.152
15.44
18.44
20.528
21.016
20.216
12.704
26.516
21.44
14.152
15.44
13.028
20.952
18.44
21.016
19.204
24.304
12.576
18.892
18.88
12.868
18.44
13.152
20.728
12.576
18.728
21.564
18.728
12.852
18.84
20.928
12.816
18.44
18.804
13.092
14.28
20.44
14.728
18.728
18.44
18.44
20.528
12.864
12.576
20.728
21.016
20.44
18.728
14.152
20.44
14.152
14.152
18.44
19.016
22.016
14.152
21.44
18.728
20.816
22.004
12.992
19.204
14.18
18.892
12.968
13.48
21.056
18.568
21.944
13.232
18.62
20.708
18.896
18.44
14.228
18.716
20.504
12.692
14.48
26.304
18.968
20.756
14.744
21.632
13.152
12.92
20.94
18.44
13.128
20.528
12.864
18.44
13.152
18.44
13.152
26.34
12.576
21.564
20.728
20.652
18.916
20.14
14.428
26.304
12.916
18.604
14.392
13.18
13.152
20.368
19.14
13.156
20.952
18.44
20.528
14.216
12.576
14.152
15.152
12.576
14.364
20.728
18.852
12.864
20.44
19.016
14.152
23.204
20.44
12.864
14.152
18.64
12.576
14.364
20.652
14.64
20.928
20.316
20.44
18.628
18.44
14.228
21.016
13.44
12.576
20.664
12.852
20.728
13.44
20.728
18.728
24.416
18.44
20.528
18.716
20.504
21.016
18.44
14.528
14.516
18.44
19.192
12.576
20.98
22.164
15.868
12.852
14.64
20.928
12.576
20.728
12.576
23.016
20.44
20.44
14.44
13.44
14.428
12.916
21.016
14.704
21.292
19.18
20.668
14.956
14.944
20.632
21.52
12.864
21.508
20.596
12.784
19.128
12.864
12.576
21.24
20.364
12.576
14.152
21.44
18.728
18.44
24.304
12.728
18.716
14.204
14.192
13.152
21.24
12.576
20.664
21.016
20.44
18.628
20.716
14.704
18.592
24.304
19.192
20.016
12.576
21.564
14.352
18.54
14.628
13.116
20.604
12.792
20.28
20.868
18.456
14.244
20.832
20.52
18.728
12.576
13.152
18.564
20.016
21.016
12.576
20.664
14.152
20.44
20.44
14.152
24.304
15.592
20.44
18.628
20.44
14.728
13.44
21.916
13.128
20.44
21.016
20.14
21.016
14.152
21.004
18.64
14.152
20.44
19.004
14.152
20.14
22.228
19.016
19.004
13.44
20.44
14.428
18.916
21.004
13.192
19.18
20.668
14.656
18.728
19.144
13.132
18.728
19.12
14.608
18.496
12.576
21.016
14.152
14.152
14.152
18.44
12.576
12.576
20.728
20.728
14.152
15.616
20.44
15.604
18.628
18.728
23.016
20.44
21.204
14.428
14.416
12.604
20.44
15.152
26.304
20.016
20.016
20.604
18.728
13.152
20.44
18.628
14.416
18.728
14.152
19.016
20.44
18.728
14.428
13.316
18.616
12.904
18.592
13.152
20.68
20.068
18.728
12.864
24.552
20.44
13.152
18.44
21.016
20.44
15.44
12.628
18.616
20.728
14.404
13.152
21.892
18.84
12.864
20.44
21.628
12.916
20.44
20.44
14.428
13.152
20.44
19.016
15.152
20.44
18.44
14.152
13.304
20.44
14.152
18.728
18.44
15.152
12.576
21.14
21.128
18.44
21.016
12.728
21.44
12.576
20.44
12.864
14.428
14.416
20.704
18.592
19.016
12.58
19.016
14.152
13.44
14.152
20.928
18.64
13.116
14.152
21.016
21.004
13.192
20.98
20.44
20.44
19.128
12.864
14.152
18.64
26.392
12.928
15.28
20.44
13.152
22.24
18.44
20.728
18.48
14.152
12.64
14.152
12.576
14.364
20.052
20.728
18.916
20.44
14.428
20.016
18.44
21.128
13.616
20.44
12.628
12.576
21.016
14.364
13.204
14.352
18.592
12.576
20.728
12.576
20.664
22.016
19.016
18.704
18.852
13.44
18.44
21.228
13.44
21.228
14.428
13.98
13.152
22.504
20.692
12.58
18.728
14.368
14.956
12.844
18.532
13.152
22.016
13.016
21.104
12.916
27.044
14.44
18.728
12.628
23.216
22.516
19.004
20.704
13.152
23.04
24.304
20.44
14.428
21.616
18.604
14.152
21.44
12.864
18.44
21.252
18.54
12.576
20.664
12.852
12.84
20.728
18.44
20.228
20.44
14.152
13.152
18.44
19.14
12.728
24.528
21.516
18.44
18.44
12.576
26.528
18.564
21.552
18.44
12.576
18.564
14.352
21.016
18.84
23.016
18.828
18.44
20.528
13.152
14.216
18.704
15.44
26.528
18.44
18.44
14.152
20.952
26.34
12.576
14.364
12.576
13.152
21.564
12.576
12.576
14.364
12.852
21.84
20.928
20.728
21.816
22.404
19.092
20.88
14.568
18.44
20.856
20.844
18.732
14.22
18.708
12.864
20.796
20.784
12.864
14.152
20.44
13.152
12.576
12.576
20.44
12.628
18.728
18.728
18.44
20.44
18.728
12.628
20.716
18.728
13.152
20.44
14.428
18.616
12.864
20.44
20.128
14.416
12.904
18.592
20.44
18.44
12.576
21.016
20.44
14.152
15.152
20.44
20.016
14.152
18.64
20.728
12.616
20.44
14.44
15.44
22.016
26.528
21.704
24.716
12.692
20.18
18.968
21.016
14.156
20.728
20.44
15.152
20.44
18.628
20.44
14.192
19.016
18.68
18.44
14.228
13.152
12.716
13.14
14.504
14.492
26.528
12.68
14.768
21.44
21.016
14.228
20.816
24.492
13.004
24.468
14.428
20.416
20.104
12.916
14.392
21.304
15.892
22.016
20.728
20.44
14.192
18.44
23.28
15.168
13.656
13.344
20.44
20.016
18.728
12.576
18.564
14.652
18.44
13.14
20.828
21.228
26.816
14.316
26.804
18.804
13.092
18.78
14.568
12.864
13.356
18.852
18.728
18.44
12.728
12.716
18.728
18.44
14.228
13.152
18.716
13.152
20.804
12.864
24.304
14.152
13.152
18.44
24.54
20.728
18.44
13.152
14.152
18.64
24.416
21.016
13.204
12.892
20.016
12.804
18.44
18.44
21.44
15.152
18.728
12.576
18.492
14.152
13.68
14.152
15.468
12.576
13.152
18.564
20.44
14.428
12.616
18.44
14.228
20.816
14.504
18.728
13.292
20.78
18.728
22.268
18.728
12.576
12.576
12.576
14.152
15.44
20.44
14.428
13.152
14.44
12.628
22.516
14.404
20.44
12.576
22.164
21.852
12.864
19.14
14.328
18.84
14.316
21.528
15.816
24.804
12.576
13.092
14.364
24.78
18.44
19.128
20.228
21.44
20.44
19.016
20.44
20.816
14.44
19.304
14.428
14.416
15.44
18.44
18.44
14.228
26.528
14.152
18.64
18.44
20.44
18.628
12.864
14.152
14.152
14.152
18.64
26.304
20.728
14.152
15.44
18.64
19.328
18.628
12.916
24.304
14.152
20.992
18.44
22.328
15.192
20.44
18.628
14.416
12.604
24.304
18.892
18.44
18.88
23.068
12.576
13.14
19.428
13.604
15.392
24.98
19.268
18.44
21.356
12.728
14.216
18.44
12.576
23.016
20.44
12.864
21.628
12.864
14.416
18.904
21.016
20.44
18.44
20.528
24.304
12.716
18.44
14.228
18.44
20.228
14.216
18.44
15.304
13.152
12.576
14.152
21.228
14.152
26.316
12.64
18.804
18.628
22.516
20.728
20.44
13.152
13.14
18.44
14.228
26.304
18.792
20.88
21.016
20.44
18.716
20.44
13.004
20.44
13.592
18.628
12.916
12.904
18.892
14.152
20.728
18.616
20.016
18.44
19.14
18.44
13.44
12.576
13.128
14.364
18.44
21.44
20.728
20.44
13.44
14.428
18.616
21.516
12.604
13.404
20.44
13.992
18.628
12.616
20.128
20.716
14.704
15.44
13.192
21.016
18.728
21.44
20.44
18.716
14.728
20.716
18.44
18.44
14.228
24.304
18.892
14.152
18.44
13.152
20.016
18.728
18.504
12.792
18.48
12.768
18.728
21.44
13.152
18.44
20.94
18.44
26.628
20.728
14.152
20.44
24.428
18.44
19.016
18.728
14.152
18.728
14.152
12.64
18.44
22.328
20.44
14.428
15.44
14.416
18.728
18.44
19.016
22.028
20.44
12.576
18.728
18.564
26.516
14.152
24.304
20.44
26.304
14.428
14.416
18.904
23.016
14.392
23.016
18.88
18.868
14.152
20.816
14.152
21.44
20.228
20.44
14.428
22.516
14.152
22.104
13.152
21.492
18.84
26.304
19.392
21.44
15.152
14.152
21.14
14.152
20.44
21.092
14.428
12.916
19.016
20.404
24.404
19.192
14.68
12.868
15.604
20.956
26.516
20.016
14.304
13.152
18.84
20.44
23.328
13.44
18.44
21.44
20.728
14.228
24.316
12.716
20.504
12.576
19.016
14.152
12.64
18.628
12.864
15.552
18.44
18.44
14.152
22.24
21.928
18.916
14.704
13.152
15.54
13.128
20.44
14.728
14.716
20.704
18.892
14.38
26.528
20.368
14.656
24.492
14.152
21.44
18.44
12.864
14.152
12.576
20.728
14.364
20.952
12.576
23.24
18.564
14.152
21.44
14.228
20.816
12.576
20.664
20.652
12.864
20.04
26.652
14.328
13.152
18.44
12.728
14.428
13.152
12.576
18.564
23.516
21.552
23.016
26.604
23.016
21.204
20.892
26.58
12.576
14.364
18.916
26.704
22.016
21.016
22.016
18.728
19.016
18.48
20.44
26.304
19.016
20.016
23.104
15.292
20.44
13.48
18.868
12.576
26.656
21.016
12.576
14.364
13.204
20.952
12.892
22.016
20.44
20.44
12.628
19.016
20.016
12.804
19.016
20.892
19.08
19.068
22.356
18.44
22.344
13.328
19.332
26.816
13.32
21.408
24.492
14.796
22.584
18.44
26.556
14.228
26.304
13.016
18.728
18.44
18.44
18.892
15.44
18.44
13.152
14.152
20.016
13.152
12.804
14.152
24.304
21.44
18.728
26.304
18.716
20.728
14.152
13.152
14.152
19.44
21.44
23.016
18.728
15.204
14.216
18.704
14.192
20.48
20.952
21.668
24.304
12.576
19.004
13.592
20.44
15.68
13.268
12.576
13.256
18.728
21.116
13.004
14.152
19.14
21.528
21.44
18.728
18.44
12.576
14.152
21.116
13.152
20.728
20.728
14.152
21.016
18.44
13.504
20.528
18.44
18.692
14.204
18.44
14.152
20.44
14.152
20.44
13.152
14.152
13.14
18.64
18.628
20.728
18.616
12.576
26.58
20.44
12.576
18.564
12.852
23.016
18.54
13.104
13.152
20.44
18.54
13.428
13.152
12.576
21.24
18.564
22.452
12.576
18.564
18.552
21.016
12.576
18.564
20.652
12.84
14.152
13.004
12.576
21.38
22.104
18.44
12.864
12.728
21.252
12.864
20.016
26.304
13.392
13.38
15.44
18.728
14.152
18.44
12.864
14.228
20.728
13.016
21.316
22.004
21.092
22.28
18.968
14.156
12.864
14.152
12.576
20.728
18.44
12.728
18.44
12.864
14.152
18.44
12.576
24.428
12.576
12.576
18.728
21.44
12.864
21.016
14.152
19.016
24.404
12.576
13.592
14.364
21.14
20.652
21.128
14.152
15.44
13.028
22.016
19.016
21.704
21.104
14.304
20.44
18.44
12.576
14.152
20.728
22.24
15.616
12.576
18.904
18.728
18.44
24.416
13.004
20.016
18.504
13.152
14.152
20.44
12.864
18.628
12.864
14.716
18.44
20.728
21.316
13.204
15.592
19.48
19.168
14.152
19.432
21.808
12.576
23.296
22.764
19.384
20.952
12.576
12.576
20.44
15.384
18.44
20.816
12.728
19.304
20.516
15.392
18.44
20.228
12.716
18.744
18.732
14.44
14.44
20.44
18.728
14.428
13.016
20.44
18.628
12.992
20.716
21.38
18.904
13.192
18.88
18.728
18.44
12.576
18.728
12.864
14.152
14.152
14.152
18.44
20.228
21.016
12.716
20.504
15.152
20.492
18.68
18.668
14.456
21.44
13.152
20.528
14.216
12.864
14.152
13.016
20.44
13.256
18.44
12.576
20.664
23.392
20.352
15.58
19.14
15.268
21.228
20.916
12.576
14.152
24.304
20.44
14.428
14.152
18.64
20.728
18.616
22.204
18.892
20.98
14.368
23.016
14.356
18.844
14.632
20.952
13.44
19.428
20.44
13.716
26.604
12.576
18.792
18.44
14.528
14.516
12.576
20.728
18.564
12.576
21.016
14.152
12.576
20.728
20.664
18.728
15.716
21.104
18.992
20.44
18.44
14.152
21.44
13.152
14.152
13.152
18.44
12.576
18.44
18.916
14.152
21.44
18.44
12.864
20.44
14.428
20.728
20.44
18.916
12.628
13.44
18.44
20.528
26.304
18.716
21.192
13.38
12.576
13.368
14.364
26.556
21.144
18.732
18.72
12.576
15.408
20.664
12.864
20.44
18.728
18.44
12.864
12.728
20.728
12.576
21.44
20.228
12.864
20.816
13.004
18.728
13.152
12.576
20.44
18.628
12.916
12.864
21.004
20.952
20.94
13.44
18.528
12.576
20.916
12.576
13.44
20.664
20.652
18.728
20.64
20.028
14.316
14.152
13.152
14.152
13.016
20.44
20.44
21.016
14.428
20.44
20.44
21.016
14.152
21.004
14.152
13.016
24.404
18.44
21.08
20.228
13.016
23.016
13.004
14.492
21.016
12.98
18.968
18.656
20.444
18.44
12.728
21.016
18.44
21.004
21.016
20.44
13.204
18.44
12.728
18.568
14.152
12.64
20.728
20.716
14.152
12.64
14.428
20.44
18.44
12.628
18.44
18.44
13.44
18.44
13.152
20.528
20.94
20.44
13.152
18.44
26.304
23.016
15.504
18.44
13.152
14.152
21.24
12.64
15.528
20.44
19.14
18.44
21.016
14.228
20.816
15.152
18.728
13.44
18.44
21.016
18.44
18.44
14.528
20.44
18.44
18.44
22.016
13.328
15.152
18.44
13.152
24.304
18.592
20.44
18.44
21.016
14.228
21.004
13.192
12.576
20.664
18.728
21.852
18.716
18.54
20.628
18.516
20.604
18.728
18.492
12.576
12.576
18.728
20.44
18.728
14.428
18.44
20.44
14.428
14.152
18.852
21.64
21.44
26.304
12.576
18.564
21.552
21.016
20.44
15.152
14.152
13.34
20.44
21.016
20.44
20.44
14.44
19.016
12.576
14.364
18.728
12.852
18.728
20.94
14.628
21.016
18.516
12.804
14.152
20.44
12.864
12.628
18.44
15.152
20.528
12.576
20.364
12.852
18.54
24.304
21.016
20.44
24.304
14.152
13.44
12.576
20.664
22.016
18.44
20.44
14.428
21.616
21.604
18.728
20.016
13.016
20.604
18.792
20.728
20.44
14.428
12.864
18.616
14.404
14.152
21.016
21.004
20.44
20.44
18.44
18.44
26.304
13.392
13.38
21.468
21.44
13.656
18.728
21.444
20.816
13.632
21.72
20.116
16.308
18.604
19.296
14.392
18.58
12.576
18.728
20.44
20.728
12.576
24.616
14.364
20.952
15.152
19.14
12.828
12.816
14.904
18.728
21.792
14.58
18.768
22.356
20.544
12.864
12.732
20.82
12.576
13.152
12.576
21.44
18.728
18.492
13.08
21.768
18.44
21.456
14.228
20.816
23.016
14.204
14.192
18.68
18.728
18.44
18.728
12.576
24.428
13.316
12.576
21.016
18.492
12.864
12.576
13.152
18.44
12.864
18.44
12.864
14.152
20.94
19.116
18.44
21.504
22.328
13.692
14.516
18.78
13.004
22.068
20.792
14.256
21.98
26.844
18.44
20.728
22.928
18.44
14.228
13.152
12.576
18.564
12.864
12.576
20.664
15.44
21.44
20.728
18.44
20.528
18.716
12.864
18.44
15.252
14.528
15.44
14.152
21.64
13.44
12.576
14.364
21.016
20.728
20.44
20.44
20.44
13.152
18.44
12.864
12.576
12.576
13.152
14.364
12.852
18.728
21.54
21.44
12.728
18.44
20.816
21.44
14.152
18.728
20.44
20.816
19.004
12.576
18.728
20.44
18.628
18.728
13.316
18.44
12.728
14.216
19.004
18.992
12.68
24.304
18.592
12.576
18.564
15.44
12.576
14.152
20.44
21.44
20.528
18.44
12.728
15.44
14.216
22.004
18.992
21.016
14.18
21.668
12.656
13.152
12.644
14.432
21.02
18.908
20.44
23.016
20.44
12.628
18.44
13.44
18.44
15.152
22.016
20.728
18.44
14.152
12.64
18.728
12.576
12.576
14.152
12.64
22.228
18.916
20.704
12.892
12.576
14.364
18.552
21.016
12.84
20.628
20.616
18.804
18.492
21.016
13.204
15.152
15.44
14.152
18.44
14.228
20.728
20.016
14.152
19.016
13.304
18.44
24.304
14.292
13.192
21.016
12.576
26.404
12.576
14.664
18.852
18.728
14.64
14.628
13.116
20.604
22.092
22.08
20.016
14.304
18.916
18.792
26.528
20.58
12.768
18.728
14.256
20.544
22.332
12.72
12.576
18.728
14.152
13.316
13.016
13.152
20.94
12.576
12.576
18.728
20.44
26.516
14.428
21.404
20.716
18.468
12.904
20.44
18.628
13.152
12.576
20.44
14.428
18.916
23.016
12.576
20.664
18.552
14.152
23.016
14.152
12.576
14.364
18.728
12.576
13.152
14.364
13.152
12.576
21.016
19.016
18.44
21.104
14.228
12.716
12.576
14.364
21.016
18.552
13.504
20.44
23.092
18.44
20.44
14.152
14.152
14.152
18.64
14.152
12.864
14.152
20.44
14.152
14.152
18.728
14.152
24.304
14.152
18.64
20.728
21.916
13.204
14.392
21.58
19.768
14.656
19.744
18.44
13.732
22.72
26.304
15.208
14.296
12.864
13.984
21.172
12.864
13.96
12.864
12.576
18.728
13.316
20.44
22.228
12.916
18.604
20.728
24.316
20.44
18.44
13.152
14.152
14.152
12.576
20.664
20.44
19.016
18.44
15.152
12.576
18.728
20.664
14.352
14.152
20.44
14.428
26.304
18.916
13.204
22.192
13.428
12.576
13.152
19.14
18.44
14.228
21.228
14.152
22.24
13.092
14.428
24.304
20.44
20.44
21.628
18.728
14.416
15.416
18.728
20.016
23.516
20.604
14.592
13.152
12.576
12.576
15.152
15.152
26.84
14.152
13.152
21.44
20.528
18.44
14.44
21.016
19.204
20.728
14.152
26.416
18.64
23.404
14.428
13.216
22.204
18.44
14.392
13.328
21.016
18.44
18.44
14.228
14.216
20.504
13.152
21.24
12.576
14.152
19.016
20.44
19.004
12.628
18.728
20.716
21.604
13.152
14.152
20.44
18.44
20.44
12.916
14.152
21.304
13.192
18.44
12.88
13.468
20.44
21.44
12.728
13.152
22.316
20.728
18.44
19.204
20.44
21.44
12.728
12.576
15.44
20.664
20.44
12.628
21.44
20.528
18.44
12.916
18.728
20.44
12.864
14.428
23.052
14.152
21.016
12.64
18.904
23.392
20.44
18.628
15.44
20.44
18.728
14.428
21.116
20.116
15.404
23.016
14.152
20.728
23.116
18.904
14.292
15.304
20.204
12.692
20.016
18.44
20.528
12.864
12.716
20.804
24.304
18.692
12.892
21.24
18.728
15.416
18.44
14.228
21.14
13.016
18.728
13.004
12.864
18.992
20.728
18.98
23.116
18.968
13.256
21.44
19.016
20.44
20.728
14.152
18.44
20.952
18.44
13.44
18.44
13.152
15.24
14.152
20.44
21.628
14.152
18.44
13.44
14.228
18.716
20.44
18.628
18.44
13.152
12.728
12.576
12.576
20.728
18.44
14.228
13.152
15.24
23.328
12.576
21.44
18.44
18.44
13.44
13.128
12.576
18.516
20.664
23.304
21.552
12.576
20.44
20.44
12.628
18.616
18.44
13.152
24.304
14.152
20.44
14.152
20.44
22.016
18.44
14.204
12.692
20.78
18.968
14.456
18.728
13.544
21.332
21.016
13.52
20.44
13.44
24.304
20.44
12.628
14.416
13.44
18.904
20.692
13.152
22.016
21.016
20.504
19.016
13.304
20.44
18.728
14.152
12.64
18.728
18.592
14.152
19.204
14.152
20.952
12.576
18.564
23.016
18.552
14.34
13.128
20.728
26.416
14.152
19.016
18.44
26.392
14.228
12.88
20.968
20.44
13.152
18.44
18.44
21.44
24.304
20.528
20.44
18.728
20.44
13.152
19.14
14.152
18.828
14.152
13.716
12.64
13.016
19.304
20.58
18.728
18.44
18.44
14.152
20.44
14.152
15.44
23.104
12.576
14.364
20.952
26.68
14.64
23.068
20.928
13.152
18.728
14.152
12.64
20.428
21.016
13.204
18.44
20.44
18.628
14.416
26.304
13.692
21.44
13.38
26.568
21.456
12.576
19.344
20.44
26.832
18.44
21.016
12.728
26.404
14.152
20.44
13.44
13.152
20.44
15.24
21.628
18.916
14.404
20.44
20.428
18.916
15.152
14.704
19.192
22.48
14.968
13.44
13.156
14.344
26.304
21.832
21.52
12.808
21.104
12.992
12.98
14.152
12.864
18.64
21.628
21.016
18.916
18.44
21.304
18.44
13.192
18.44
14.228
18.44
13.152
12.864
12.864
14.152
12.576
14.152
20.44
13.44
18.44
20.728
21.44
18.728
12.864
18.44
21.016
18.44
20.44
14.428
18.728
14.152
13.316
14.152
19.004
13.152
14.304
15.24
18.44
13.428
13.416
18.44
20.416
15.152
12.604
21.592
22.18
20.728
14.152
20.728
18.616
21.016
13.152
14.152
24.54
20.44
13.428
12.576
12.576
24.98
20.664
18.968
18.552
15.356
18.44
20.016
18.504
21.016
14.152
12.864
18.44
14.228
12.716
12.576
20.728
22.016
21.104
21.204
14.44
18.792
20.128
21.48
20.716
13.068
12.904
26.556
14.392
20.844
18.58
19.032
18.568
13.62
12.576
26.304
12.576
18.728
12.576
20.44
18.44
15.44
19.14
20.44
15.228
21.216
14.152
24.804
12.576
12.864
15.252
22.204
12.592
21.428
26.304
18.44
12.576
20.728
22.164
18.852
21.44
18.728
13.016
21.44
24.404
18.728
18.716
13.152
20.44
12.576
14.152
20.728
21.44
20.44
20.44
14.428
21.916
18.604
20.016
21.016
12.804
18.492
14.152
18.728
23.016
21.44
15.204
13.152
21.44
23.016
14.228
19.016
22.004
18.992
13.28
21.016
18.968
14.456
13.544
18.728
13.532
26.58
22.52
19.808
20.728
12.896
20.684
14.672
12.86
20.204
14.192
14.18
24.304
18.44
20.228
21.016
20.816
18.704
14.192
18.68
20.768
14.156
12.644
12.576
12.576
15.44
20.44
12.628
20.716
18.904
18.892
24.304
18.58
21.292
15.58
14.152
18.64
21.016
12.928
18.916
14.152
12.64
14.44
22.016
14.152
21.004
19.18
22.016
20.504
18.692
12.576
15.204
18.44
15.44
20.528
18.716
23.016
18.44
13.328
13.316
20.44
22.528
15.152
18.44
26.556
14.228
19.204
12.716
14.504
19.016
21.092
14.78
22.568
20.44
21.016
14.44
18.628
12.916
21.016
12.904
20.44
14.428
15.44
12.916
14.704
21.292
18.58
18.568
18.556
20.644
26.304
18.532
14.32
18.808
23.016
12.796
24.304
12.576
18.728
14.364
18.728
12.576
15.416
12.576
14.152
14.152
20.728
14.44
14.152
20.44
20.44
14.192
21.44
15.204
12.576
21.016
20.44
20.44
18.44
18.44
12.728
13.44
13.152
12.576
19.14
18.44
18.728
13.316
18.44
21.404
14.228
26.792
14.216
12.704
20.492
18.68
14.468
18.44
26.304
20.528
13.092
21.44
20.528
23.016
18.728
14.152
20.816
20.728
14.152
13.516
12.64
18.44
20.528
12.716
14.204
24.304
18.592
20.44
14.428
18.728
12.576
21.564
19.204
12.892
20.44
23.104
22.016
20.728
14.152
14.152
26.304
14.152
18.792
21.64
21.016
20.728
18.916
21.004
18.728
14.392
20.68
13.44
20.44
22.016
12.576
12.576
21.24
21.564
23.028
14.352
21.216
12.84
12.828
23.016
12.576
15.44
18.564
18.44
20.652
18.44
20.292
12.864
21.48
21.016
20.728
14.152
20.44
18.44
20.44
24.416
20.44
13.304
18.628
21.392
20.716
18.44
26.392
13.48
12.576
15.44
14.364
12.576
15.44
12.576
14.364
14.352
21.84
20.928
13.152
21.016
20.728
20.728
23.116
21.44
24.604
23.016
18.44
20.728
18.44
22.016
21.704
20.492
23.016
21.44
20.528
26.304
22.016
