12.864
12.912
12.576
12.864
13.392
14.152
15.152
13.152
18.728
18.488
18.776
14.216
13.152
20.44
14.304
12.672
14.16
18.44
12.768
20.728
18.576
20.44
12.576
12.624
18.728
14.352
12.96
14.688
20.496
20.544
19.432
20.92
12.576
22.224
20.936
20.44
19.304
13.592
20.44
13.152
21.688
18.72
19.488
12.576
23.376
20.304
13.824
20.832
13.632
13.2
14.16
19.248
13.248
13.536
18.624
18.672
18.44
12.728
20.728
18.44
12.576
12.624
18.44
18.44
20.408
14.696
18.776
14.504
21.032
20.84
14.168
20.728
26.536
20.016
18.44
18.488
14.216
13.152
15.44
19.088
26.576
20.44
21.016
18.44
15.304
14.408
13.016
20.984
13.064
12.576
18.776
12.576
20.984
21.032
18.44
14.408
15.44
20.696
21.064
14.744
21.016
21.536
14.152
20.44
14.488
23.224
18.856
14.824
18.952
14.92
21.144
21.448
20.952
20.776
23.4
13.368
21.336
18.44
14.184
19.512
15.96
20.44
24.888
19.416
14.152
19.224
20.44
13.032
18.768
14.152
18.576
26.304
21.44
12.608
13.2
18.44
20.936
14.168
12.864
18.44
14.648
14.456
13.152
18.824
20.552
18.728
21.8
18.968
21.896
18.592
14.504
13.36
14.312
14.152
12.576
14.304
14.352
12.72
14.448
24.304
20.44
14.248
12.856
20.776
22.744
26.584
22.792
24.304
12.576
13.152
18.44
14.168
20.936
20.744
13.112
13.152
21.08
20.728
13.336
24.424
19.432
12.576
26.304
18.624
14.352
18.96
26.304
21.168
20.256
12.576
13.096
22.016
14.384
22.016
12.704
13.2
20.672
13.728
21.92
21.696
20.288
19.104
13.616
21.312
19.184
21.36
18.992
20.72
26.512
12.848
19.12
12.656
21.016
18.464
13.44
14.432
14.304
12.576
22.224
14.352
20.64
13.152
21.888
14.256
20.544
18.672
23.016
20.88
13.224
22.128
20.952
14.496
23.16
19.104
13.848
24.936
20.44
15.624
12.576
18.728
20.936
18.44
15.384
15.432
18.44
20.44
18.44
14.408
20.44
24.304
21.688
21.736
13.304
14.152
15.272
14.2
13.16
20.016
19.064
21.44
19.016
18.44
20.168
21.016
13.384
14.152
21.112
12.576
20.544
14.152
15.152
22.12
19.28
12.808
21.008
14.536
20.584
21.592
20.776
14.44
21.928
18.616
12.904
12.864
18.952
19
21.208
18.44
20.648
13.016
14.264
12.864
15.152
12.576
23.12
20.544
24.608
24.304
15.2
14.152
19.016
12.76
20.984
13.352
20.44
21.112
18.568
24.52
20.536
21.064
26.456
13.544
12.576
21.272
21.432
21.44
19.32
12.608
24.408
20.576
18.728
14.384
15.656
20.912
19.064
15.2
13.352
18.44
26.6
18.968
20.44
14.152
21.44
12.864
18.44
20.648
13.2
12.576
19.296
18.824
21.272
14.152
15.56
18.52
18.568
20.44
14.488
23.024
12.576
13.248
18.44
18.728
14.648
12.776
12.864
18.44
15.248
24.656
18.44
13.424
14.408
21.152
13.016
12.576
14.304
21.064
18.728
12.576
12.624
12.576
18.44
20.544
13.208
12.912
24.536
14.4
12.904
18.768
21.352
20.736
20.784
12.864
26.352
21.12
13.488
12.576
20.544
12.672
26.304
14.4
14.208
18.96
20.496
19.008
18.624
13.064
12.912
12.96
14.928
23.016
15.304
18.488
14.152
13.016
20.016
19.304
12.624
19.112
14.352
14.44
12.912
14.152
12.576
13.152
14.304
26.304
20.832
14.4
26.304
14.448
18.912
13.44
14.152
24.768
21.696
20.44
14.064
20.488
14.112
13.92
20.44
13.728
14.152
13.776
19.104
18.44
13.632
21.36
21.408
14.152
21.456
12.576
13.824
18.624
21.552
12.576
12.576
26.456
12.576
14.152
21.016
12.576
13.152
19.2
18.44
21.016
15.304
14.152
13.432
12.76
14.248
23.016
20.776
19.016
14.584
20.632
14.44
14.248
12.864
14.296
14.152
13.384
21.64
19.192
12.808
20.536
21.688
13.336
14.152
14.68
23.016
12.576
15.624
13.752
14.28
20.432
21.064
23.272
18.44
13.152
18.488
24.48
14.456
14.264
13.096
12.904
14.488
23.512
18.44
13.24
12.576
14.304
13.152
20.88
13.152
18.44
19.104
12.912
14.152
12.864
21.312
18.44
18.488
26.304
20.456
21.072
12.584
20.552
13.432
14.36
12.968
19.016
18.912
13.064
21.408
14.152
12.864
18.728
14.152
18.52
13.304
20.488
18.616
18.44
13.016
20.064
20.984
19.112
12.576
23.064
12.576
12.624
21.016
14.832
20.64
20.448
15.448
12.576
18.856
12.576
14.304
19.016
18.912
21.016
20.64
13.152
13.488
14.976
22.944
19.872
18.72
22.128
13.152
18.576
20.544
20.592
18.728
14.4
13.248
18.816
15.44
13.104
12.912
21.016
12.96
12.576
12.864
20.44
24.352
14.152
13.152
18.96
14.152
13.152
21.64
20.968
26.304
20.44
22.168
20.776
19.016
20.824
18.952
14.68
19.288
19.096
21.304
14.872
18.728
21.64
14.008
15.256
22.264
13.672
18.728
13.48
15.208
19.336
15.064
19.432
13.112
19.48
20.84
14.728
13.496
15.152
18.44
14.648
14.216
18.776
20.744
20.792
21.272
18.92
20.888
14.216
18.44
21.016
24.664
20.44
15.44
21.248
18.896
20.016
20.864
18.624
12.992
18.488
18.44
14.168
14.216
20.728
20.264
26.304
14.552
20.832
19.44
20.44
19.248
14.248
18.816
13.096
13.824
20.824
18.952
18.592
20.44
15.44
12.808
19.088
14.296
12.896
21.064
18.944
14.632
12.992
21.16
14.728
13.152
13.096
21.784
12.952
18.856
18.52
15.44
21.44
14.288
18.896
14.152
18.728
14.152
14.2
12.864
21.688
18.728
12.856
12.864
12.864
26.352
18.44
22.328
15.44
26.528
21.296
14.152
12.944
20.68
26.672
14.488
12.616
18.664
12.576
26.304
14.304
13.352
18.44
18.44
20.648
13.096
20.456
14.264
15.44
22.712
13.088
18.44
12.864
18.44
18.44
21.272
14.168
18.44
20.696
13.448
20.264
18.776
20.792
24.584
22.76
26.792
15.128
13.256
18.728
26.456
13.44
20.44
19.248
13.152
14.152
18.728
20.68
12.808
20.536
13.44
18.664
20.776
12.952
18.52
20.728
13.152
21.016
20.44
19.016
21.448
20.776
20.104
18.712
18.96
18.52
21.456
20.44
14.248
19.152
14.152
22.024
23.12
13.328
12.576
13.44
14.44
20.936
18.568
18.824
20.536
13.44
14.344
21.168
13.192
18.76
18.728
18.568
18.536
14.536
20.984
13.144
18.712
14.2
21.44
18.44
14.152
14.152
24.304
14.152
20.992
21.44
15.44
18.44
20.168
24.344
14.456
26.312
13.064
13.4
18.44
14.408
20.936
18.728
13.064
26.304
18.44
14.408
21.656
14.504
20.552
21.016
20.2
13.384
14.248
26.632
23.56
26.968
15.736
19.144
18.44
21.352
18.44
20.44
12.808
21.496
22.264
21.832
18.776
12.576
14.304
20.832
19.16
20.44
14.248
13.096
12.904
13.152
22.792
19.24
19.288
18.728
19.336
26.456
15.064
14.392
18.728
20.92
21.416
14.728
13.576
15.064
22.792
21.4
24.304
13.288
20.992
13.096
19.12
13.144
21.088
14.872
18.736
14.92
22.648
19.248
20.776
13.44
22.12
15.152
21.44
18.608
14.336
23.016
13.224
18.44
24.552
20.016
13.32
14.544
20.728
18.672
21.016
18.44
18.728
13.496
12.576
13.304
20.44
18.776
22.168
12.616
15.44
18.44
19.2
20.44
13.44
19.008
21.064
13.152
14.152
18.52
20.488
23.016
12.856
13.464
14.344
24.792
21.112
18.44
13.24
14.728
21.736
18.44
22.984
21.368
19.912
23.216
13.96
21.208
13.336
23.208
19.384
21.592
13.152
19.72
19.768
20.728
14.056
14.824
18.44
22.072
13.96
14.728
21.016
14.776
21.304
21.112
19.24
21.208
13.152
14.536
18.664
20.872
18.728
18.44
14.168
20.776
14.696
21.304
20.024
12.632
13.152
13.152
14.152
12.576
14.152
20.44
14.248
20.776
14.584
20.872
13.24
20.728
13.096
21.064
18.728
22.072
22.84
26.304
21.688
21.256
14.584
21.112
14.92
21.208
15.016
21.12
21.064
24.304
12.576
23.152
14.544
20.832
15.152
13.2
12.768
20.496
21.168
18.44
19.536
20.648
21.264
13.016
12.824
12.632
18.68
19.016
21.464
12.576
19.112
19.16
13.448
20.44
26.696
13.488
21.44
13.056
18.608
13.824
20.096
24.432
12.944
18.48
18.752
20.488
20.728
20.536
13.44
14.344
18.776
20.872
26.504
18.76
12.864
18.728
18.44
13.256
21.016
14.152
18.728
15.656
21.224
14.152
13.352
12.576
20.728
18.624
15.256
24.664
21.112
12.576
18.76
20.728
14.152
12.576
15.44
22.016
21.008
21.584
14.432
21.016
19.04
13.152
12.848
20.44
12.864
18.568
26.592
18.616
19.2
20.824
18.952
14.44
22.408
19.576
21.064
14.632
19.48
13.288
15.016
23.016
21.064
19.192
14.2
12.808
20.728
18.856
21.256
12.664
14.152
13.152
12.576
21.12
12.576
20.872
20.44
15.44
14.152
12.912
12.576
18.48
12.624
18.528
20.592
20.44
21.192
12.808
20.536
20.584
18.712
21.112
18.44
20.648
20.456
14.264
21.016
18.872
26.584
12.68
14.168
20.696
19.016
14.984
18.584
14.792
13.16
18.968
13.152
20.44
18.96
18.44
14.152
18.52
19.016
12.808
20.744
14.296
19.144
13.192
21.16
14.488
18.728
13.096
12.904
18.952
14.68
22.408
15.016
19.624
13.432
19.016
14.44
18.808
18.776
21.016
22.264
13.192
15.44
13.24
12.576
14.304
18.672
20.64
21.144
14.688
23.352
13.296
20.76
14.784
19.632
26.304
15.12
14.208
23.136
15.504
14.592
13.152
14.4
14.448
26.304
20.016
19.392
14.304
15.792
20.4
14.208
22.176
23.016
21.984
20.112
21.192
22.08
14.448
15.696
13.344
21.072
19.44
15.408
15.216
15.024
21.312
19.44
18.96
18.768
14.496
20.544
18.672
14.152
15.152
13.04
12.576
15.152
14.152
12.76
20.728
18.808
15.256
20.776
18.904
18.712
14.44
20.968
23.016
19.096
12.864
13.144
20.872
13.2
19
20.968
14.536
20.728
21.016
14.152
12.904
13.672
21.44
21.16
14.288
26.488
13.136
23.416
20.864
19.864
18.992
13.192
21.68
13.24
13.152
18.44
14.408
18.776
20.984
20.792
22.04
23.12
18.968
13.328
14.696
22.664
19.112
13.152
15.08
14.888
21.064
20.936
12.952
14.744
20.312
20.44
12.808
18.728
18.44
20.648
14.216
18.728
13.064
24.536
14.552
18.824
21.32
22.328
14.936
13.784
13.592
14.44
20.248
26.408
20.44
14.728
19.016
14.536
20.744
19.144
20.872
20.92
14.728
20.776
14.152
18.728
14.2
20.44
13.152
14.248
24.48
14.152
19.008
12.76
18.808
21.12
18.616
13.248
14.584
13.056
12.576
18.864
12.624
21.072
12.576
12.904
20.304
14.592
26.304
12.72
13.152
22.368
24.72
19.056
13.248
20.784
20.736
19.392
21.6
21.168
19.776
13.824
18.44
14.832
13.44
15.168
20.736
12.576
13.152
14.304
20.728
12.672
18.72
21.648
18.576
12.576
14.152
22.12
26.304
18.44
14.168
13.016
18.824
12.576
20.544
18.728
18.44
12.728
20.696
24.304
14.264
18.632
20.84
12.968
18.728
18.728
14.152
15.44
21.44
18.912
14.288
18.896
14.624
12.752
13.44
14.24
12.848
20.576
15.152
22.304
20.672
12.8
20.768
20.776
20.016
20.824
18.44
13.672
15.64
26.728
20.44
20.488
18.728
12.856
20.728
18.904
18.536
14.44
26.456
14.152
18.44
20.44
19.016
14.152
15.152
18.44
12.864
20.44
24.432
12.808
19.2
20.928
18.44
23.016
13.064
18.872
21.44
13.2
20.528
18.44
21.608
18.776
21.064
18.44
14.168
18.44
20.936
19.064
18.728
21.44
12.848
21.016
18.656
21.064
18.704
13.192
14.192
21.4
20.72
26.968
14.528
13.336
13.864
14.152
15.832
20.68
27.16
13.048
13.528
14.296
20.824
13.152
20.88
18.44
26.32
21.44
15.44
20.768
20.44
14.248
12.856
21.44
23.016
12.608
20.904
20.816
23.016
22.064
20.904
18.752
22.16
14.768
14.576
18.728
12.576
18.48
19.016
14.152
26.352
18.96
18.488
18.672
14.152
15.152
12.76
21.2
20.488
19.088
14.44
13.016
19.304
18.44
14.152
20.68
18.776
18.44
18.728
14.168
20.696
14.504
12.872
13.152
20.88
18.488
24.352
21.064
14.152
18.44
14.168
12.776
18.824
21.992
12.576
21.016
14.304
18.672
15.12
23.016
18.528
18.984
22.176
14.544
18.872
21.32
20.44
13.928
20.248
13.016
14.536
24.584
14.448
18.44
14.168
20.936
14.504
13.592
18.904
20.6
18.728
24.432
13.016
21.208
20.984
12.576
18.44
15.48
14.648
12.576
21.016
15.432
21.44
18.6
20.528
19.128
21.336
12.576
19.224
20.544
26.472
26.52
12.576
13.152
24.816
18.728
20.44
12.864
18.44
18.768
20.976
20.44
21.024
13.44
14.152
18.768
14.152
20.728
20.536
18.856
21.064
19.192
21.16
15.208
21.016
14.152
21.064
14.68
26.392
18.808
18.856
21.784
14.152
21.64
18.808
14.536
21.064
12.952
20.68
18.808
20.832
15.016
23.28
14.584
19.008
13.192
20.68
18.808
14.776
21.304
14.872
13.152
13.96
19.768
21.256
13.384
13.152
14.872
26.4
22.6
18.528
19.288
21.016
21.544
18.472
14.44
13.096
21.688
21.304
13.096
18.952
18.44
15.16
14.408
21.208
18.536
13.816
12.824
15.304
19.432
18.76
21.928
12.576
23.656
12.576
13.624
13.192
26.44
12.864
18.728
20.488
20.936
13.592
20.44
13.4
13.208
15.656
21.944
15.752
19.4
14.152
13.448
20.68
19.736
18.808
19.544
14.536
22.232
13.384
12.712
21.016
20.44
13.152
12.576
18.44
20.44
13.44
12.576
12.624
20.592
18.44
20.648
14.696
13.304
13.112
14.6
21.016
13.448
13.496
19.304
22.472
19.144
12.68
26.304
18.728
22.136
21.688
20.984
21.256
14.792
22.28
19.208
19.256
15.432
20.984
18.872
14.84
18.44
21.128
18.44
15.176
19.544
15.032
14.36
12.968
18.776
14.744
14.152
24.768
15.44
20.44
13.016
18.728
20.016
12.624
21.016
18.44
21.608
14.456
18.824
13.488
20.792
12.864
14.6
12.968
19.016
20.728
21.224
18.44
13.352
18.968
18.68
20.408
14.456
18.776
13.064
19.304
18.44
19.112
14.408
13.4
13.016
20.504
12.632
18.44
26.408
18.44
13.016
14.408
18.776
15.488
14.744
21.296
13.352
13.184
21.08
21.392
18.44
18.728
13.496
14.152
13.304
14.2
19.352
21.688
13.16
12.616
13.928
18.664
21.176
13.152
18.44
21.016
18.44
12.904
18.488
12.576
14.304
18.728
14.44
18.728
14.44
21.688
19.016
20.44
18.728
12.576
18.776
14.152
12.576
21.016
12.576
13.152
20.44
20.88
18.44
18.44
18.44
14.408
20.936
13.152
14.744
22.712
13.4
22.328
20.728
19.496
13.152
19.304
19.112
18.728
13.4
21.016
22.808
18.728
21.656
19.544
13.592
13.4
20.728
21.848
14.216
24.304
20.744
18.592
18.872
20.728
18.44
14.408
20.456
12.584
18.632
13.152
14.152
21.12
18.52
21.168
18.568
18.616
13.44
20.584
21.016
12.576
18.624
12.912
12.96
19.016
14.448
22.176
18.864
12.912
18.96
18.92
20.016
18.728
14.304
20.728
22.032
20.44
14.152
18.52
14.248
18.856
20.824
13.192
14.68
20.968
19.096
13.152
21.304
18.728
14.152
18.52
21.016
20.824
18.44
26.632
14.168
15.64
18.44
13.768
14.168
19.336
18.44
13.2
14.408
14.216
18.728
21.704
14.552
13.152
18.68
13.016
18.488
20.696
18.44
20.728
14.152
26.512
18.52
21.28
12.808
13.648
12.576
20.44
20.44
18.44
13.152
20.44
13.152
20.44
20.488
18.616
15.2
14.344
18.952
20.68
14.488
21.016
13.384
20.872
15.152
21.4
18.8
19.528
13.328
14.776
23.216
21.064
24.704
19.192
18.992
21.4
13.28
14.968
19.016
14.056
13.144
15.152
21.112
13.48
13.528
18.728
18.44
18.776
20.168
20.936
19.064
24.304
20.792
15.44
12.576
14.304
24.304
18.912
14.152
18.96
20.728
15.152
14.152
20.728
18.52
20.728
12.856
14.152
18.728
12.76
12.808
14.776
21.016
21.064
13.432
14.68
19.528
13.816
21.064
22.984
18.952
22.312
26.92
21.4
25.048
13.288
19.096
14.824
23.016
21.112
18.872
21.16
20.728
20.296
21.416
14.824
18.912
20.632
18.76
20.776
23.512
15.64
18.44
14.192
21.68
18.848
18.896
14.384
20.728
19.232
14.72
14.768
21.056
18.728
14.384
18.776
15.464
12.576
18.44
13.208
20.44
15.416
21.44
12.608
18.656
18.464
14.192
20.824
13.04
14.528
21.056
15.44
20.864
21.248
14.672
13.376
19.28
12.944
15.008
23.312
21.296
23.36
19.184
15.152
13.016
13.76
18.728
20.768
18.896
13.184
14.672
20.96
18.44
20.768
13.688
20.936
12.576
12.576
15.152
12.576
19.28
18.624
18.44
12.728
24.304
12.576
18.624
21.016
12.672
13.144
12.952
12.576
19.016
14.152
12.76
14.248
20.44
14.248
20.776
23.224
14.152
26.392
12.576
21.16
22.224
13.768
20.832
21.496
20.88
19.384
20.928
25.192
20.496
19.72
20.44
12.576
18.624
15.64
14.352
21.016
18.72
26.344
18.472
12.864
18.44
14.408
18.536
12.576
13.624
12.576
13.44
14.304
15.44
20.44
18.728
18.44
15.44
12.576
26.528
20.544
18.728
21.416
18.44
19.064
14.168
20.792
20.456
18.44
12.576
13.448
20.112
12.576
12.624
26.304
20.44
13.2
12.576
18.536
18.776
20.504
19.304
18.632
18.44
23.016
20.648
12.984
18.536
12.824
18.44
12.864
18.912
20.44
13.44
12.576
19.008
20.544
18.44
18.672
12.576
14.544
20.728
12.864
12.576
14.304
18.728
20.832
13.2
18.728
14.448
19.296
13.584
20.936
13.632
19.304
21.84
18.872
12.576
22.464
20.728
18.912
22.32
14.688
18.576
21.016
20.544
14.152
18.728
20.44
13.44
18.568
13.008
14.152
13.152
12.864
18.912
12.576
18.728
20.44
20.488
18.616
12.864
14.152
12.576
20.832
22.016
12.864
18.704
26.592
14.672
19.04
13.008
15.008
19.056
21.296
23.184
21.104
15.312
13.472
21.84
19.52
24.768
21.728
19.296
15.056
13.584
12.704
18.728
14.432
18.776
15.44
13.152
14.152
18.96
19.064
13.592
21.608
19.016
26.504
22.56
14.208
14.256
13.44
14.152
20.68
24.776
14.248
15.44
20.776
12.864
12.912
18.44
13.248
12.576
20.728
14.152
12.576
19.144
13.672
18.44
13.44
20.44
12.808
18.616
18.664
24.304
14.152
23.64
13.368
22.016
13.416
19.704
12.864
14.152
20.832
12.76
26.4
20.488
19.008
14.776
20.736
18.904
18.712
14.44
13.152
13.048
12.96
20.776
26.456
18.904
20.44
12.576
12.864
18.44
14.152
20.68
14.488
21.016
26.344
21.352
18.44
19
14.152
23.12
12.576
21.016
21.504
18.672
18.44
20.44
14.44
20.44
20.248
12.856
13.44
18.904
15.408
21.832
19.536
14.68
24.352
21.28
22.016
18.704
19.016
20.432
14.72
18.872
19.328
18.896
14.864
18.728
21.392
21.44
22.688
19.376
22.064
13.248
19.232
13.776
13.28
15.744
19.392
18.44
19.2
20.44
13.488
18.44
21.216
14.152
20.2
12.576
13.152
14.304
18.912
13.2
21.016
13.008
20.728
20.976
18.856
19.104
21.072
18.584
20.44
14.248
21.016
20.776
12.904
22.552
18.72
14.68
13.248
14.488
19.056
13.096
19.144
18.728
14.872
20.936
21.4
19.288
21.016
19.336
13.144
19.144
15.592
13.432
13.48
13.288
15.256
12.864
19.384
18.952
13.152
18.76
14.488
13.152
21.016
13.144
13.152
20.632
13.2
14.44
18.768
14.248
18.488
12.576
22.016
14.152
21.016
12.76
20.488
19.096
21.304
14.872
14.68
14.248
12.616
14.344
21.832
14.44
14.488
18.728
14.296
21.784
14.392
13.44
20.44
20.44
20.776
12.808
14.296
20.824
18.44
14.432
18.56
14.288
20.728
14.152
12.576
23.064
14.304
21.792
12.96
12.768
20.736
24.304
20.44
15.232
19.12
18.44
14.408
13.096
14.456
26.584
13.064
21.112
19.112
13.016
22.28
12.968
22.616
21.944
19.016
20.312
14.36
18.728
18.44
20.456
14.264
18.728
20.44
14.152
13.096
14.152
14.2
12.576
22.224
13.152
14.352
18.72
20.448
26.32
13.296
21.088
13.104
18.736
20.832
14.64
20.728
21.648
12.864
26.352
12.864
14.152
12.912
18.44
21.12
14.168
20.936
12.824
21.064
18.44
20.648
21.16
12.576
13.152
14.44
19.2
21.168
19.296
14.152
19.104
14.68
18.672
12.576
21.12
18.44
18.44
14.44
15.488
18.568
12.96
12.616
21.408
26.496
24.624
18.912
13.68
20.728
14.152
12.864
12.576
14.152
20.936
21.44
18.608
12.576
20.544
18.44
21.792
13.2
20.728
13.248
21.256
14.44
18.776
14.152
21.016
20.68
18.568
22.216
13.144
20.44
21.688
18.44
20.648
21.016
14.216
18.824
12.864
20.792
15.552
14.36
13.152
20.888
15.36
13.016
18.824
26.304
20.792
18.68
14.408
21.176
13.152
19.064
19.112
12.92
23.016
14.648
20.936
20.744
14.312
20.6
18.44
20.728
12.576
14.304
18.728
13.152
18.968
18.488
18.728
22.136
18.536
20.984
13.384
18.44
13.44
14.408
20.456
13.296
19.064
18.872
12.576
14.304
18.728
14.152
19.296
21.64
18.728
14.488
13.336
26.304
18.904
14.872
21.4
15.488
14.968
21.536
19.816
13.384
14.872
21.16
18.536
15.208
13.304
19.576
21.272
19.384
21.352
14.92
26.408
21.448
15.016
13.384
21.832
13.152
18.44
20.728
14.168
13.096
14.216
13.624
12.576
18.728
20.44
18.568
18.44
12.576
20.44
18.488
19.016
12.864
20.488
21.496
12.664
18.48
14.152
15.44
22.12
18.808
22.456
13.384
18.712
18.44
21.128
12.576
26.696
21.224
18.44
18.872
14.408
21.08
20.936
23.288
13.304
21.032
18.68
14.648
13.016
18.728
18.584
22.232
21.8
21.44
18.728
18.44
20.936
20.44
14.248
23.224
13.096
21.064
13.432
18.728
14.68
18.808
12.864
18.856
21.552
21.064
21.016
19.192
19
18.776
24.584
18.64
18.44
15.568
20.648
14.216
23.016
13.304
14.552
18.44
20.832
14.152
13.44
21.44
13.008
12.848
20.976
12.656
18.864
12.864
20.44
12.576
22.224
24.304
18.672
12.72
20.728
14.448
14.496
13.104
19.152
13.152
13.44
20.928
24.304
21.936
23.152
19.104
20.832
13.152
22.56
19.248
21.016
22.896
18.664
13.344
21.072
18.96
21.168
13.056
13.44
21.024
13.008
18.672
14.68
18.728
14.44
15.176
14.248
12.856
13.44
14.584
19.192
20.728
18.728
12.864
14.44
13.632
18.568
20.88
14.536
14.584
20.824
20.872
13.44
14.68
21.928
18.44
13.44
15.408
12.576
26.456
18.44
23.016
20.728
20.44
21.016
14.152
12.76
20.728
18.568
26.304
18.44
12.728
12.776
18.44
13.144
14.168
19.432
20.456
19
18.824
21.448
22.232
21.08
19.448
14.696
18.856
18.44
12.576
12.576
15.44
22.224
20.832
20.88
12.864
18.768
21.936
14.544
20.728
13.632
20.776
21.36
19.488
21.216
21.264
12.864
18.44
18.488
21.656
13.152
20.44
15.44
20.488
12.864
18.616
12.912
12.904
15.6
21.016
20.44
20.488
12.856
20.728
15.736
14.152
14.2
19.24
18.568
22.064
14.192
19.144
12.8
21.352
20.768
13.48
14.576
18.944
14.912
22.88
18.912
13.808
13.44
15.296
19.248
22.304
20.736
18.752
21.504
18.8
13.632
13.68
18.44
12.912
14.152
18.672
15.6
12.576
13.008
20.544
12.912
15.152
18.72
19.04
14.208
21.008
13.056
13.616
13.664
18.44
13.472
20.44
13.384
20.872
13.48
14.152
18.52
20.728
21.016
14.152
20.728
13.144
14.152
20.44
13.24
14.248
15.448
21.44
13.096
18.608
22.256
19.192
12.944
15.4
18.752
26.304
14.96
20.528
18.728
12.576
18.776
20.544
14.152
18.728
20.68
13.016
21.688
18.44
13.152
14.408
15.6
20.44
14.152
12.76
12.808
20.296
18.44
19.144
20.44
18.912
20.488
18.44
15.152
18.44
18.488
19.016
21.656
20.728
18.856
18.44
14.408
24.304
14.216
14.264
12.864
14.152
20.68
15.152
18.56
21.248
21.064
18.44
20.168
18.776
12.584
13.152
18.632
22.28
20.648
20.784
13.152
22.168
13.248
18.44
20.976
14.648
13.152
20.936
18.824
21.032
13.4
18.728
20.648
19.256
20.216
13.544
13.352
19.4
14.152
16.088
19.496
20.44
24.584
14.248
26.504
13.592
18.44
19.16
14.408
21.368
20.936
14.264
12.872
12.864
14.6
21.128
14.936
13.064
14.792
13.152
19.4
19.016
23.144
21.44
20.528
12.656
14.152
13.152
20.44
13.152
18.44
23.04
14.408
26.352
13.016
19.064
13.144
13.112
14.6
21.368
13.256
13.152
14.152
23.016
12.76
18.488
21.24
20.488
18.616
20.344
12.712
15.488
20.68
14.728
13.336
19.384
26.352
14.152
12.96
12.864
14.152
18.728
14.2
12.576
12.864
21.072
12.576
14.304
24.304
26.304
22.12
24.432
18.728
19.256
20.44
19.064
12.808
21.496
12.864
20.584
21.016
12.952
18.728
14.2
13.048
13.096
12.864
20.44
12.808
18.856
18.488
18.856
21.304
14.152
12.576
26.304
14.304
13.392
18.672
19.384
22.16
13.432
21.488
20.728
14.336
15.256
13.184
19.232
21.44
21.168
12.576
20.728
23.36
20.44
18.816
14.488
20.728
13.096
14.344
18.712
14.68
20.968
15.016
18.44
22.024
14.392
18.76
13.048
14.536
21.064
13.432
21.4
20.728
15.016
26.304
12.904
20.832
20.872
26.4
14.44
15.44
20.968
18.848
21.016
23.016
21.064
12.864
14.872
21.16
14.968
14.536
18.904
12.712
18.728
20.936
20.44
13.152
18.44
15.488
20.44
13.376
14.248
13.096
12.664
14.152
23.272
14.152
18.52
26.408
21.176
21.44
24.584
12.608
18.656
23.016
20.864
12.576
19.016
12.576
21.224
18.624
13.592
22.512
21.12
15.44
20.688
12.864
14.152
14.152
18.728
20.68
18.808
18.728
13.096
20.936
18.664
13.304
14.632
24.392
20.68
18.92
18.824
13.112
20.44
18.44
14.168
15.304
12.576
20.544
24.304
18.672
19.072
20.64
18.728
22.128
13.256
20.496
24.824
12.624
13.352
14.152
15.152
13.28
18.848
14.152
12.76
12.808
21.016
12.616
19.192
18.44
21.016
22.064
20.672
19.016
14.48
12.848
14.336
18.728
12.576
14.152
18.728
21.64
20.936
14.248
20.776
21.2
22.264
24.368
18.728
18.44
20.648
13.152
14.152
18.44
20.68
18.968
21.448
13.736
15.464
18.44
13.592
20.44
18.568
18.616
12.664
18.776
12.576
18.624
20.832
18.96
19.008
20.736
13.104
18.728
20.592
21.176
12.576
18.824
13.592
15.32
15.368
15.176
20.984
12.576
18.624
18.672
20.88
15.44
14.448
13.152
19.056
13.344
18.728
21.312
13.44
21.432
22.368
21.48
14.256
21.528
18.44
13.416
13.464
20.952
12.576
22.408
13.152
18.616
12.864
18.664
21.312
12.576
20.544
15.44
18.624
20.832
20.44
18.728
18.44
21.176
14.408
14.216
18.584
18.44
18.44
14.408
14.936
18.728
14.44
21.416
13.544
15.992
12.576
19.16
12.624
18.488
18.44
15.416
13.152
18.44
14.408
21.016
20.016
13.152
12.624
13.096
26.344
12.576
22.224
20.592
12.72
14.152
20.68
18.568
20.776
21.064
13.144
19.192
21.16
19.2
20.968
21.016
14.824
13.152
12.576
13.152
13.2
18.44
13.008
22.088
15.456
18.776
13.344
20.744
18.912
13.112
12.864
20.6
21.312
14.152
18.44
12.576
15.44
12.576
21.248
20.544
21.44
12.608
21.016
20.44
20.44
13.152
20.488
20.536
12.904
20.632
14.152
14.44
15.2
12.808
18.856
14.584
13.432
14.92
13.048
22.216
21.016
21.064
20.44
13.432
20.488
20.144
20.728
14.192
21.256
13.864
23.112
12.576
21
12.624
13.44
21.44
18.608
14.336
13.184
22.112
13.152
20.96
19.088
19.136
13.152
13.424
21.152
24.528
21.68
14.528
13.136
13.544
18.944
13.152
18.752
14.72
21.016
15.248
20.728
22.496
13.096
19.664
13.624
12.992
13.432
14.72
21.008
14.816
15.344
19.712
18.728
13.52
13.016
21.488
15.056
15.104
20.912
18.728
13.28
24.536
14.288
18.656
12.944
14.152
14.2
13.488
12.576
23.224
13.152
18.44
26.4
15.44
13.088
12.576
18.728
14.44
12.808
20.728
12.864
18.912
20.44
14.152
12.76
15.152
15.68
12.576
20.544
18.672
13.064
23.192
20.016
21.016
18.44
12.576
14.304
20.592
12.96
20.448
14.256
13.152
14.152
18.728
20.44
13.064
18.44
26.304
12.576
20.064
18.776
14.152
24.584
12.76
14.488
21.016
18.44
21.064
14.168
12.776
21.016
20.44
14.248
15.44
13.096
21.016
18.44
20.648
14.152
18.728
12.576
15.2
14.304
20.832
18.728
20.88
13.248
19.296
13.152
21.024
13.152
24.304
12.576
19.016
14.152
18.584
12.576
18.44
14.168
20.936
19.064
12.872
14.6
20.888
23.064
19.256
14.984
19.352
21.56
20.888
21.2
18.776
14.152
13.44
18.528
12.576
20.976
18.44
26.544
14.152
20.44
18.44
14.248
15.44
21.736
18.904
14.632
20.92
23.12
22.648
13.096
19.008
15.304
15.696
14.872
14.44
18.808
20.536
21.168
13.144
14.872
14.92
21.208
23.264
12.856
21.152
13.152
12.576
15.6
18.624
20.832
18.48
20.448
12.816
24.488
14.152
18.52
18.44
24.488
20.44
18.568
13.152
20.536
24.632
18.44
14.168
18.776
19.064
14.152
14.68
14.488
18.44
21.016
14.648
13.624
14.456
18.44
18.44
21.368
14.408
15.176
20.936
21.224
19.064
26.552
19.112
13.16
12.92
15.152
14.44
12.576
14.304
14.152
13.152
20.68
23.04
14.488
21.976
12.864
13.384
24.304
19.192
20.992
15.16
19.288
19.336
13.248
19.144
21.216
13.192
13.152
22.12
18.96
12.808
18.856
20.44
20.488
12.616
18.44
14.152
12.76
12.864
14.152
18.912
12.76
13.152
18.96
14.152
20.44
12.808
14.296
21.016
13.144
22.312
15.152
19
21.2
13.288
21.008
14.776
14.344
13.152
20.872
18.96
18.76
13.248
13.048
26.456
21.976
15.464
20.824
19.352
12.952
18.52
12.864
22.224
18.44
20.728
12.576
20.544
13.152
14.152
13.144
13.672
15.64
12.576
19.048
18.624
13.576
20.592
15.784
12.96
13.432
14.688
21.216
13.584
13.392
21.528
19.44
13.176
20.688
19.536
19.584
21.312
20.936
13.68
14.928
19.016
13.776
26.504
13.824
21.072
15.152
21.12
12.768
12.576
18.624
12.576
18.624
12.912
20.88
14.152
12.576
24.304
20.064
18.912
13.2
12.768
18.816
20.784
18.44
18.728
18.44
13.736
20.744
20.064
21.016
14.152
20.68
15.592
13.048
13
13.048
20.44
19.064
12.576
21.272
12.624
19.16
20.112
19.016
20.44
14.728
21.976
18.904
18.952
13
20.728
20.488
18.856
13.144
14.152
19.192
13.48
12.576
19.816
19.624
18.44
21.112
12.728
18.44
13.528
14.408
13.44
26.304
18.912
18.44
14.408
20.936
14.744
12.864
13.352
15.08
14.888
20.936
19.304
15.272
21.08
25.152
13.448
21.416
22.424
24.816
15.032
21.8
14.648
21.176
20.984
15.152
12.576
13.064
14.304
19.112
18.44
18.92
14.168
23.064
20.456
18.584
15.44
12.632
13.568
14.36
12.896
23.744
14.152
19.232
14.2
20.728
14.152
13.344
21.44
14.768
21.44
20.768
18.904
12.656
21.352
18.704
20.92
22.112
21.448
20.72
12.576
14.304
12.912
18.96
14.688
21.216
18.824
15.024
13.392
19.44
19.016
19.008
13.152
18.44
21.608
18.728
14.216
20.728
14.152
20.44
18.44
21.12
18.488
19.488
14.216
15.696
20.744
12.872
18.44
18.92
14.648
15.152
12.576
23.408
14.152
24.416
20.44
20.248
13.096
19.016
20.488
20.984
12.616
21.08
14.152
12.864
12.576
15.312
18.44
13.2
12.728
14.456
13.152
18.72
18.44
20.928
21.456
13.584
21.552
20.44
21.6
20.488
24.352
19.84
14.152
20.368
14.176
12.576
25.264
18.624
15.768
14.352
13.2
20.728
14.688
14.256
26.304
20.784
18.912
20.592
26.304
12.576
18.912
14.152
20.728
12.76
13.096
18.808
23.224
20.872
19
13.768
18.44
15.44
18.488
21.536
20.728
18.44
14.152
20.2
18.912
14.488
20.88
13.096
15.648
20.824
20.736
13.344
14.152
13.44
18.52
18.768
21.016
14.152
13.152
12.576
12.576
20.544
21.792
14.4
20.776
21.168
18.664
20.976
13.44
13.344
19.008
22.512
15.12
26.352
14.928
19.056
18.728
21.024
13.392
18.96
12.912
14.688
23.28
18.816
13.104
26.304
12.576
23.232
18.624
20.44
15.152
14.248
21.2
18.44
13.568
20.44
21.016
12.576
13.384
18.88
26.368
14.152
26.512
20.44
18.728
14.152
18.52
20.248
14.536
21.064
14.872
13.48
15.208
22.696
21.784
12.864
13.432
15.552
19
20.88
20.44
12.808
18.616
12.664
22.072
19
14.488
13.576
15.304
18.728
22.312
12.76
13.152
14.488
23.28
22.456
20.44
12.576
19.064
20.44
19.4
20.488
13.928
20.296
14.152
20.44
24.304
12.808
15.472
12.856
20.44
21.016
14.248
12.616
15.44
21.248
18.44
14.168
15.152
20.96
13.384
20.144
18.952
13.72
20.44
21.928
12.576
18.624
14.152
18.728
13.016
12.576
22.224
12.672
21.288
12.576
18.672
13.68
20.44
14.728
18.616
13.44
14.152
18.44
15.152
20.44
13.44
14.248
18.776
21.44
12.872
20.44
14.248
18.856
22.024
13.432
21.016
14.68
20.488
26.304
12.864
14.152
13.44
20.44
19.008
18.728
20.44
13.256
18.44
12.728
24.4
12.776
20.504
18.44
14.152
14.2
20.728
14.248
23.176
20.536
14.344
18.952
13.152
21.16
20.88
14.728
13.488
21.016
13.536
18.904
15.192
21.48
14.152
24.888
14.2
19.176
14.152
21.624
20.44
21.192
13.8
18.44
16.008
21.576
15.384
14.152
24.432
13.2
18.44
14.168
22.136
20.504
14.312
20.728
12.576
20.776
12.864
14.152
24.672
18.44
20.44
18.44
14.152
12.576
13.44
18.624
18.44
15.152
20.44
21.2
13.808
22.016
23.456
18.944
15.632
14.152
20.96
20.68
14.488
24.304
20.536
19.072
12.664
19.6
12.576
12.928
14.152
12.864
21.44
26.592
14.528
21.36
20.44
13.016
14.248
19.304
18.856
21.064
14.632
24.528
22.36
14.968
21.736
18.776
19.864
12.864
22.072
15.16
18.728
14.728
20.296
19.864
13.152
21.832
12.864
13.48
21.12
18.44
21.016
18.44
15.44
12.576
14.304
14.352
23.016
18.72
14.688
14.256
12.624
20.592
15.44
20.64
13.008
19.016
19.056
13.152
12.576
13.24
18.624
13.288
12.672
13.096
22.32
18.44
20.488
22.696
12.664
18.472
21.44
22.208
18.824
14.576
13.592
18.464
15.624
20.064
20.776
18.44
21.304
14.648
26.872
20.456
26.68
14.264
19.048
14.44
13.488
20.44
13.296
18.728
14.44
20.728
12.864
14.152
18.728
20.44
12.576
14.152
20.68
14.488
13.152
20.44
13.152
14.248
18.44
21.064
12.728
23.272
20.456
20.504
21.016
20.44
18.44
14.168
13.016
13.064
21.016
14.552
18.904
21.32
20.728
13.688
12.864
21.656
14.984
13.832
21.56
13.44
19.688
26.304
14.216
20.832
12.824
14.312
20.44
13.152
20.488
13.384
14.152
12.76
21.24
22.016
20.832
12.704
14.192
20.936
14.72
20.768
14.336
20.016
15.248
13.152
26.4
22.064
24.48
21.168
14.152
13.536
24.864
20.44
12.808
21.016
20.536
21.016
14.152
15.152
13.04
14.44
18.728
12.576
20.44
14.248
18.616
14.344
21.112
13.48
21.448
21.256
13.152
13.624
24.48
21.592
26.448
18.76
14.728
21.016
26.352
21.064
12.576
22.016
23.016
13.944
21.44
15.44
14.152
19.016
14.152
12.576
18.728
21.504
13.256
20.592
14.152
18.44
20.832
18.44
21.168
14.408
24.432
14.152
13.352
20.44
26.84
14.488
12.616
24.864
20.344
21.072
18.952
13
20.968
26.304
21.072
24.304
20.016
18.44
20.728
14.168
21.256
20.696
18.904
13.064
19.912
19.112
13.72
20.6
15.688
12.576
12.624
18.728
18.44
21.2
20.168
14.456
13.304
20.728
18.632
13.576
14.36
18.904
22.12
21.352
18.568
21.224
14.296
15.272
20.824
13.64
14.152
18.488
20.44
12.576
21.016
20.44
15.16
20.44
26.304
20.488
15.312
14.296
12.576
12.624
20.44
20.488
12.576
18.624
24.304
18.44
14.408
15.44
20.936
18.728
20.984
24.304
21.032
19.16
13.208
18.44
18.776
12.824
21.168
18.632
12.92
18.968
20.728
19.016
14.504
26.304
18.44
20.648
18.44
15.192
20.728
18.44
14.168
14.152
14.68
18.728
20.728
14.776
19.144
21.352
14.68
20.968
14.776
19.384
21.592
18.44
19.72
14.008
18.728
20.056
24.536
14.824
15.704
13.192
14.92
13.528
24.352
13.336
21.304
13.432
19.24
14.728
22.216
26.304
13.384
13.872
15.112
23.28
19.72
19.248
13.768
13.536
15.496
15.064
12.712
22.36
14.248
20.728
12.856
23.416
20.824
22.072
12.76
14.488
21.016
21.064
14.632
26.304
13.72
13.152
21.448
21.36
19.576
18.904
12.712
18.76
23.064
26.472
18.44
15.72
19.128
13.152
18.912
12.576
13.44
21.168
18.816
20.784
13.44
18.44
12.864
14.168
12.912
18.728
13.256
21.224
18.44
19.352
18.44
19.4
21.368
13.256
13.304
14.152
13.112
20.44
14.488
12.864
20.2
20.44
20.248
18.44
21.296
14.648
21.344
12.776
23.552
18.824
20.96
14.152
20.768
21.44
20.728
18.44
18.536
18.44
13.304
20.44
15.384
14.248
14.296
26.888
20.584
20.936
12.864
18.44
20.44
18.728
20.44
20.44
20.776
20.44
13.192
19.48
12.576
19.048
14.544
19.576
20.832
23.464
13.2
20.872
18.528
14.496
13.104
20.592
18.728
20.64
13.496
19.016
15.224
13.352
20.44
14.248
12.856
14.584
21.832
13.152
20.92
19.016
13.048
14.776
21.304
13.152
19.432
21.64
23.016
21.448
21.016
18.728
14.824
14.392
20.68
18.728
23.36
20.44
18.568
14.296
14.824
12.912
19.192
13.44
14.92
15.648
19.288
21.216
13.576
15.304
15.064
12.952
14.392
13.152
20.44
26.456
18.584
18.44
20.648
13.544
13.016
20.504
14.152
14.152
20.728
12.864
18.44
13.44
14.408
18.776
21.016
20.744
13.144
13.672
15.88
24.328
14.152
20.44
12.576
13.016
22.224
14.592
21.272
19.2
20.016
18.624
12.576
18.624
21.352
21.44
23.608
14.288
21.496
20.728
18.44
14.408
14.456
20.984
14.792
19.4
12.864
15.128
14.696
18.584
21.44
13.44
26.928
20.488
19.296
12.856
13.344
18.904
23.472
20.632
18.76
15.488
13.048
13.376
20.536
21.304
13.152
14.632
13.72
21.448
13.816
18.904
18.776
18.488
20.456
26.408
20.504
20.44
20.112
12.72
15.44
26.768
26.848
14.152
14.152
20.44
21.016
14.248
18.664
21.016
21.44
12.904
12.848
14.336
21.104
18.752
12.576
19.064
14.152
20.68
19.016
14.152
13.152
20.44
18.568
20.728
12.576
18.44
14.408
21.44
21.016
14.152
19.016
20.44
18.824
20.488
24.392
20.728
15.736
18.44
20.648
14.216
12.864
18.824
14.552
15.304
19.16
26.512
20.888
13.496
15.224
19.016
21.512
13.64
13.208
20.696
14.264
13.152
14.152
18.52
21.44
20.728
18.608
20.576
21.064
15.592
18.44
19
14.168
21.448
24.616
13.624
18.44
13.192
20.44
14.152
13.152
20.44
23.28
14.152
13.488
13.296
13.152
21.36
13.584
18.488
20.456
12.824
18.632
19.776
20.84
14.304
14.648
15.792
19.256
13.2
13.544
21.272
15.08
19.448
15.176
21.704
21.032
14.152
21.44
14.288
20.44
12.808
18.912
14.296
24.968
20.584
26.936
14.632
13.064
22.36
19.352
12.576
15.152
13.152
18.488
18.536
12.824
20.552
15.152
12.92
19.04
18.728
18.44
13.016
13.448
19.064
21.176
13.112
18.728
13.152
13.2
18.44
13.096
18.44
12.904
20.44
24.304
20.488
13.312
14.296
18.88
12.904
18.448
22.552
14.68
13.288
12.864
14.536
20.584
21.832
13
14.488
19.336
19.144
14.872
18.728
13.72
14.968
22.696
21.544
21.112
20.92
15.152
14.488
13.04
18.616
13.088
14.344
21.112
13.008
12.76
19.056
21.448
12.616
14.344
12.576
12.864
12.576
13.152
14.152
13.2
20.68
19.016
18.824
20.44
20.792
18.68
18.728
20.44
13.016
20.44
13.152
12.576
14.304
18.912
14.64
14.448
14.496
20.728
22.016
20.624
13.44
18.44
14.408
20.936
19.064
12.864
14.552
19.16
18.728
19.208
18.728
14.696
15.176
14.264
13.544
20.552
13.152
12.912
14.152
18.44
20.44
13.2
13.728
14.152
20.736
20.68
18.808
20.728
14.296
18.728
12.576
18.44
26.512
14.408
14.456
20.744
14.552
18.44
22.28
18.968
20.728
18.728
12.576
18.776
14.304
20.984
14.152
12.872
14.152
18.728
20.44
12.808
18.856
14.304
13.152
18.672
20.728
18.44
12.576
18.624
18.44
14.168
21.896
21.2
20.264
12.864
20.792
13.2
14.152
13.152
18.52
18.568
20.728
18.44
13.576
20.648
20.456
18.728
12.584
14.152
18.728
18.52
19.256
12.576
13.784
18.44
20.44
13.152
14.248
18.96
13.096
18.904
13.192
13.24
19.048
21.256
13.624
13.672
13.72
14.728
13.576
18.904
20.632
20.936
12.576
13.304
20.544
18.872
18.672
13.4
20.16
26.408
13.248
21.176
21.936
13.784
14.784
13.016
12.576
19.112
12.576
18.488
18.728
13.016
12.576
14.152
13.152
12.576
12.624
20.592
18.48
13.152
20.688
24.304
12.816
18.864
12.952
18.672
26.304
18.728
14.152
13.256
23.384
21.272
14.152
23.48
20.68
16.088
20.728
14.536
13.144
14.44
18.728
18.568
14.296
20.824
13.44
20.392
18.728
20.488
14.152
15.152
18.8
14.152
23.408
12.76
14.488
13.096
18.904
14.872
12.864
18.76
20.44
12.808
22.216
15.44
14.672
12.8
14.768
26.304
12.896
13.872
15.104
16.08
21.152
18.44
13.688
21.416
20.984
14.152
20.2
13.152
19.144
12.576
14.304
24.488
18.44
15.44
12.576
12.624
26.304
14.152
20.832
14.152
12.576
23.016
14.152
26.32
20.68
13.048
15.152
14.296
26.304
20.584
21.312
14.152
18.96
12.76
26.448
18.808
23.136
21.016
14.584
14.632
21.64
21.688
13.576
13.384
13.152
21.352
21.16
20.488
12.616
18.44
20.728
22.016
13.152
18.96
20.488
14.296
12.576
14.304
18.912
14.64
23.016
14.688
19.056
13.488
21.264
14.832
20.776
21.6
15.648
13.296
19.344
19.392
19.44
15.536
22.848
20.976
15.632
12.864
14.352
20.44
14.248
23.016
20.44
24.352
18.728
18.728
20.44
13.352
14.248
12.92
14.296
22.264
12.864
12.576
14.304
24.304
20.592
26.512
19.2
19.248
14.976
20.776
13.824
13.872
18.952
15.12
19
22.128
15.216
21.744
14.112
19.68
21.12
14.928
23.112
21.456
13.824
15.312
15.36
20.776
13.968
15.304
21.936
13.192
21.744
26.44
13.872
13.528
15.36
23.176
21.648
15.456
15.264
19.152
21.36
14.152
14.68
20.728
14.488
20.776
24.432
14.152
20.44
15.44
14.248
12.576
21.016
14.304
22.272
13.152
14.64
19.2
13.248
21.168
19.056
21.016
20.44
21.064
18.568
13.44
14.296
18.904
15.44
20.44
12.808
12.856
20.824
14.392
18.76
13.048
22.696
20.824
21.056
18.776
20.44
20.984
13.112
14.152
12.576
18.856
18.44
14.408
14.152
24.488
20.44
21.536
23.016
20.624
15.624
20.44
14.248
18.856
12.664
20.728
14.392
12.76
14.488
21.352
22.216
20.92
21.064
20.144
12.576
21.016
18.904
18.44
14.408
20.744
21.512
18.44
18.44
21.608
15.488
13.376
19.424
14.152
20.68
13.152
18.808
18.856
13.152
18.44
13.2
13.248
12.576
20.976
20.544
13.584
12.912
20.44
18.44
13.44
14.152
15.152
21.44
19.04
20.288
21.248
18.896
26.336
22.784
20.728
13.232
20.96
13.144
14.528
20.576
13.48
12.704
18.752
20.728
20.48
23.416
20.528
18.656
12.944
14.672
13.152
18.44
14.408
13.016
18.44
19.064
13.352
13.4
18.488
20.776
20.44
21.016
22.168
20.536
14.344
18.472
18.728
20.44
21.688
18.44
21.44
12.864
12.576
20.544
14.352
14.16
15.152
12.576
20.728
14.304
12.672
14.152
14.68
20.728
13.096
20.536
19.144
19.192
14.152
21.4
21.44
18.608
21.016
14.336
21.064
21.824
13.192
20.912
20.96
20.768
13.096
26.584
18.44
22.088
20.936
12.912
14.504
14.152
26.304
20.68
23.016
13.048
14.776
13.152
20.728
12.576
18.624
14.352
12.96
18.728
13.016
21.44
13.352
15.32
22.272
21.704
14.44
18.44
20.488
14.776
18.44
18.488
13.544
23.096
14.072
20.744
21.8
23.192
19.928
14.36
13.736
18.488
18.824
22.848
14.496
14.304
12.864
14.352
26.896
20.44
12.808
18.824
18.616
15.512
18.664
19.16
13.448
20.064
26.936
15.704
13.152
12.576
14.304
14.352
12.96
14.152
21.016
21.064
20.44
13.432
18.776
20.44
18.824
24.632
18.44
20.648
20.696
14.152
15.432
20.44
18.568
12.856
14.344
18.44
20.728
14.152
18.728
21.44
14.288
23.016
20.816
13.224
19.512
18.536
19.08
18.44
18.44
14.168
14.696
13.624
14.504
18.952
20.552
14.152
21.016
20.016
14.304
12.864
20.352
13.392
12.72
18.728
20.688
13.056
21.024
19.152
20.728
20.44
26.304
13.392
18.44
21.12
14.408
14.456
18.728
12.824
20.552
18.68
13.44
14.168
18.528
20.696
13.056
13.152
24.48
12.576
21.168
12.576
19.296
23.184
14.152
12.864
21.44
18.728
21.44
18.44
18.824
18.488
21.016
18.44
21.064
14.152
13.152
14.44
24.72
14.248
22.456
14.584
14.632
13
14.488
20.984
18.44
21.032
12.728
13.64
14.696
13.688
14.264
20.936
12.576
21.016
19.624
14.152
23.512
12.76
13.96
21.688
20.44
12.576
18.728
20.44
18.776
18.824
12.576
20.44
12.576
26.504
18.672
14.152
13.44
20.68
12.576
24.576
14.152
26.304
18.52
14.488
13.152
14.152
18.96
20.2
21.168
18.568
12.616
21.544
13.152
18.712
12.576
21.504
20.112
24.304
14.16
21.472
14.208
19.12
21.696
15.808
20.304
13.392
13.64
12.72
21.608
12.864
12.576
18.728
14.152
12.864
18.44
14.152
20.44
20.488
18.616
13.152
14.344
15.68
22.312
18.848
13
23.696
12.576
25.184
18.624
13.472
12.672
25.28
12.72
21.248
20.688
23.696
18.816
16.064
18.624
13.232
20.592
14.152
12.576
18.624
13.152
12.672
20.44
20.488
20.536
18.776
12.904
12.952
20.92
13.048
18.488
12.576
20.544
18.728
18.728
18.44
13.152
18.44
20.648
15.44
24.304
14.152
20.68
13.24
13.048
18.728
14.536
13.144
26.304
18.952
14.92
21.208
19.064
21.016
13.352
14.824
19.672
12.968
18.76
26.456
18.808
18.728
14.536
21.176
14.584
20.872
23.272
14.2
18.728
12.808
26.456
14.152
26.448
14.2
20.728
20.016
13.44
14.152
18.768
23.136
18.864
14.152
19.392
20.68
23.04
14.152
18.768
18.44
19.016
14.152
12.576
14.152
15.44
14.152
12.864
20.68
18.912
21.36
20.44
20.44
20.728
18.488
14.152
20.68
14.488
12.856
20.728
18.904
21.592
13.384
14.44
21.352
13.288
13.24
14.776
21.544
12.576
13.44
20.544
20.928
14.592
18.816
13.2
19.824
14.688
21.072
22.656
13.2
21.024
21.072
13.2
20.928
13.296
19.344
13.144
21.312
21.352
14.4
20.928
20.736
21.064
26.392
20.44
13.48
14.152
20.44
18.728
13.152
18.44
20.648
18.44
18.728
20.648
14.152
13.152
14.152
18.44
14.152
20.44
12.576
18.44
14.152
20.888
21.64
13.256
20.728
15.464
12.856
13.352
14.584
14.632
21.016
20.44
21.064
19.192
20.44
19.24
18.44
13.528
20.44
26.304
20.44
18.728
18.44
14.408
14.456
24.304
19.064
21.232
14.792
13.6
21.44
15.152
13.28
14.152
19.568
18.896
12.576
23.016
20.064
26.424
18.672
13.2
20.44
12.576
12.864
20.488
21.016
15.152
22.12
21.12
20.44
19.008
14.248
13.776
14.296
13.152
20.584
21.016
14.152
19.016
18.44
20.728
20.44
21.256
22.408
14.536
20.728
18.904
13.152
14.392
21.12
14.152
20.928
14.2
14.152
21.64
18.808
21.016
12.904
19.016
20.872
20.744
12.872
14.152
18.44
13.2
18.488
13.728
12.776
18.728
20.44
12.808
21.224
14.536
21.32
21.44
18.488
19.016
21.464
12.872
20.88
20.44
13.248
21.448
14.2
18.568
20.44
21.688
14.296
19.144
23.504
18.712
15.632
20.016
18.8
18.44
12.864
20.44
18.912
12.576
23.28
20.544
13.152
20.88
13.248
20.248
19.056
18.864
18.44
15.792
14.16
12.576
21.168
14.304
21.696
18.912
27.264
22.8
14.928
12.864
19.536
19.584
19.632
19.44
21.408
14.736
21.744
14.592
21.016
12.72
20.448
20.016
21.064
20.44
12.864
18.44
13.208
20.44
14.728
24.304
18.856
20.824
20.728
18.952
18.616
20.68
21.928
18.44
13.016
15.224
20.44
24.632
12.808
18.44
20.728
15.256
20.44
13.2
13.728
14.152
19.056
20.784
20.44
14.248
21.736
14.584
19.192
21.016
14.92
19.528
24.304
21.016
15.304
19.192
21.64
13.008
19.288
18.824
15.256
19.624
26.352
21.592
13.44
21.64
23.12
15.448
19.336
15.064
13.432
26.512
13.48
18.808
13.096
18.904
21.112
13.24
14.728
19.096
13.384
18.776
21.592
13.096
20.68
15.44
12.808
20.776
26.304
14.584
15.312
20.872
14.152
18.728
20.44
13.256
21.464
20.44
18.872
14.248
20.536
15.152
18.44
20.728
18.44
26.304
12.864
14.152
13.2
22.12
14.488
21.216
12.856
24.624
14.248
20.536
21.016
18.44
18.904
18.488
20.44
12.864
14.152
18.728
14.2
22.016
18.856
20.44
20.488
22.016
20.488
13.152
20.296
14.344
13.016
18.44
14.168
20.936
18.824
20.552
13.16
22.808
21.176
21.224
20.728
13.592
13.4
19.448
13.736
19.784
18.856
19.832
26.344
20.84
18.44
13.016
12.728
20.696
12.576
20.304
18.44
24.488
20.44
15.416
20.744
20.488
20.792
14.488
24.304
12.856
15.232
14.584
18.88
13.192
21.568
20.92
26.896
13.288
24.784
20.44
20.488
23.016
12.856
12.864
14.344
18.912
18.712
21.12
18.76
15.648
13.048
23.136
21.016
21.064
21.832
14.68
18.808
14.536
18.904
14.632
20.984
15.272
19.4
14.152
13.448
20.44
21.416
20.248
14.296
12.904
13.152
14.152
18.96
13.152
12.576
26.64
21.44
21.2
14.288
18.896
14.152
21.016
22.12
12.808
14.296
19.2
14.824
20.632
18.76
14.488
21.256
21.016
19.384
18.904
14.872
22.84
20.968
19.096
20.44
14.248
12.576
14.544
14.152
12.864
18.52
18.568
12.96
22.016
18.528
20.624
21.016
20.672
18.56
13.432
22.448
18.896
13.184
18.992
13.44
13.28
24.304
21.248
14.816
20.832
21.344
12.96
19.712
15.768
19.76
19.568
21.536
12.864
15.344
15.152
21.68
14.048
20.096
13.064
15.584
18.872
14.432
21.08
15.68
13.688
14.288
13.736
22.016
13.064
20.384
21.632
12.864
21.44
23.472
14.288
18.656
20.624
18.512
14.24
13.152
20.44
12.864
12.576
18.624
18.44
12.728
14.216
20.728
19.064
18.616
13.352
13.384
14.6
22.568
18.488
18.728
13.152
18.44
13.2
12.728
19.248
18.536
21.456
14.504
13.344
15.44
20.44
12.808
22.216
14.584
20.152
18.728
18.44
13.016
15.304
20.872
12.576
18.728
12.576
23.096
20.544
18.728
18.728
26.456
14.152
21.704
13.352
18.44
19.4
14.408
24.728
14.216
19.736
12.584
13.096
12.632
21.304
18.68
12.728
18.536
24.352
19.12
18.44
15.152
20.648
20.696
13.064
18.632
20.44
13.152
12.864
18.44
21.12
15.44
12.576
13.568
14.304
20.84
20.112
13.688
13.256
12.576
22.224
20.832
26.304
14.64
13.248
19.296
21.504
19.392
18.44
12.96
26.304
18.768
14.496
15.024
20.352
19.352
18.44
18.92
20.168
23.016
13.016
22.664
18.44
24.304
12.576
13.552
18.88
12.576
18.728
12.624
13.44
18.44
12.576
26.352
18.44
18.728
12.728
20.456
18.584
21.016
14.312
14.152
13.152
20.68
21.688
14.152
20.44
14.248
20.776
18.44
14.584
24.488
14.632
23.336
14.68
22.408
20.728
19.096
21.064
14.152
24.352
12.76
13.12
26.608
12.576
19.216
22.224
18.488
20.44
21.016
14.248
21.976
26.304
20.584
23.224
21.112
13.48
18.776
18.808
24.584
14.776
21.064
14.872
12.864
18.76
13.152
21.44
12.848
21.016
18.904
20.44
12.808
20.296
22.024
21.352
14.68
23.224
21.688
19.192
12.856
13.48
18.664
15.448
18.472
21.016
18.44
15.44
19.568
14.152
13.376
21.64
20.728
18.728
14.776
13.144
18.712
20.92
14.488
23.64
13.576
13.368
14.824
21.592
13.2
13.96
12.808
12.856
19.016
21.544
14.632
13.24
13.096
14.728
18.616
21.224
18.632
21.56
20.016
21.128
24.536
14.152
13.304
12.76
19.112
14.488
14.296
21.016
12.864
14.152
20.68
13.048
14.536
26.304
21.016
18.488
18.904
14.216
13.672
12.584
19.144
18.44
20.44
20.488
14.384
14.192
14.24
23.016
18.984
14.152
20.68
14.488
21.44
26.304
13.632
13.44
12.576
13.008
20.064
20.976
20.832
15.264
22.56
20.688
18.728
20.496
21.44
20.528
12.896
12.944
18.728
21.872
18.728
14.24
21.008
20.336
18.488
13.184
21.152
18.776
13.52
13.304
13.568
26.792
13.136
21.32
20.864
12.992
15.152
13.04
18.848
21.776
23.016
20.384
19.224
20.952
12.576
13.152
14.152
14.152
18.52
14.488
12.864
21.016
18.912
20.824
14.632
21.408
20.92
14.728
18.856
13.152
21.064
18.952
14.68
19.288
13.152
12.856
24.4
14.584
19.192
12.576
26.304
13.392
13.2
18.44
15.888
14.408
21.456
21.024
18.44
15.312
14.168
13.2
12.576
12.624
12.672
14.152
12.576
22.224
18.912
21.12
18.728
13.248
13.496
20.736
20.784
13.44
22.032
23.088
12.864
14.152
18.44
14.152
19.144
14.2
12.864
14.152
20.776
23.016
22.016
14.152
13.152
20.2
20.728
14.776
18.44
20.824
13.208
22.792
13.256
13
13.4
14.728
15.44
20.776
13.624
18.712
12.76
12.576
12.864
20.544
14.352
20.88
13.152
18.44
24.48
20.648
21.016
12.576
13.144
12.624
20.872
18.672
24.304
21.232
21.44
21.12
13.248
18.44
18.776
18.44
21.064
14.152
13.68
14.2
18.568
21.44
18.608
14.336
13.152
14.384
14.432
13.04
18.848
18.44
18.896
21.104
12.992
18.728
12.8
20.936
18.848
22.016
14.384
12.864
20.44
18.672
18.728
20.44
12.808
18.616
19.016
14.344
26.504
18.712
20.92
13.152
14.488
13.2
14.296
18.768
20.824
13.296
18.44
20.44
12.576
14.304
13.44
20.592
12.72
15.304
21.648
18.728
12.576
20.544
18.672
13.016
20.64
21.016
20.448
15.44
12.576
13.384
18.44
21.016
14.44
14.152
18.728
14.152
20.936
19.064
13.592
21.44
12.608
12.576
14.304
20.592
19.016
14.64
13.248
18.816
15.44
12.576
26.528
14.544
19.136
14.352
20.864
22.32
14.448
18.816
20.784
18.912
13.152
15.44
14.152
19.016
13.064
14.152
24.392
18.44
19.008
14.168
14.2
12.808
14.536
14.584
14.632
18.76
12.576
23.504
14.152
23.312
18.76
20.728
18.856
20.016
14.304
20.728
14.152
12.904
13.672
14.152
20.728
18.44
14.408
21.656
13.2
19.008
14.152
18.816
14.2
12.808
18.616
21.016
21.784
18.776
20.44
20.984
14.248
19.16
15.608
14.152
12.76
18.728
14.488
21.176
13.096
24.584
19.144
18.872
19.192
13.24
14.728
22.216
14.584
13.384
22.016
12.704
18.728
21.016
20.44
18.44
18.912
22.064
13.44
14.432
13.248
20.96
15.696
14.528
13.584
14.336
23.112
21.584
21
18.752
20.72
12.848
20.44
14.248
20.44
20.44
14.488
14.152
20.728
14.2
21.256
12.576
13.384
21.352
14.152
21.4
12.76
20.968
18.856
18.488
18.728
12.576
13.44
18.624
12.912
20.728
12.96
20.488
14.296
18.856
13.144
23.224
12.712
18.44
18.44
23.016
14.152
20.904
22.032
15.44
12.72
26.528
14.928
21.296
14.496
21.344
14.544
14.592
13.44
12.72
13.008
12.768
20.736
18.44
20.488
20.728
21.496
12.576
18.728
12.624
21.488
14.336
14.384
20.728
24.432
14.152
18.776
20.44
14.248
14.296
18.776
14.152
14.2
18.728
20.488
18.616
20.344
14.632
23.064
22.36
14.728
18.44
20.648
14.696
18.728
20.44
12.864
14.152
13.016
18.728
21.44
14.288
12.864
13.136
14.624
19.232
19.04
21.016
19.088
18.904
15.056
12.952
13.664
18.52
22.352
19.28
23.12
13.568
12.864
15.536
14.864
19.2
18.992
20.928
18.56
13.536
20.784
15.792
13.44
14.152
21.168
21.64
18.816
13.584
14.152
18.52
12.808
18.856
14.152
26.408
12.912
12.576
14.304
13.44
18.672
14.16
13.296
20.208
13.344
12.816
15.312
20.544
13.44
19.152
19.728
24.576
13.44
18.44
14.168
12.776
13.152
14.152
12.864
12.76
20.832
14.248
20.536
21.016
24.536
20.44
12.904
14.152
18.472
21.44
22.208
13.136
14.864
12.992
20.016
13.488
22.016
20.44
13.152
13.112
18.92
12.576
20.888
18.44
13.256
14.408
19.304
20.456
21.032
18.44
13.4
13.448
15.896
18.44
14.408
20.936
19.064
14.552
13.152
19.16
14.648
22.136
24.352
14.504
13.12
13.112
26.848
21.8
20.896
18.728
19.024
20.936
13.312
13.304
21.04
18.872
23.488
14.6
13.696
15.664
13.552
19.12
18.44
14.152
13.44
14.44
13.016
20.488
19.304
12.856
19.016
20.44
13.304
18.44
26.64
13.152
18.44
13.152
14.152
20.88
23.016
20.44
15.624
18.44
15.44
14.168
20.44
15.2
20.488
13.088
12.856
24.656
12.664
18.712
21.016
14.44
19.048
19.096
20.776
13.384
21.304
20.632
19.192
14.44
13.24
20.968
14.776
18.44
13.152
18.44
13.152
14.152
14.152
20.68
13.016
20.728
22.456
13.152
19.144
14.632
12.576
21.016
22.224
13.624
12.672
19.192
14.88
19.24
19.008
23.608
22.896
19.336
14.152
19.144
13.432
21.4
12.576
13.768
18.856
18.44
18.728
15.656
20.44
23.384
18.872
21.44
13.16
12.576
12.576
14.544
12.864
18.672
20.88
20.928
19.056
21.016
13.624
15.152
18.44
14.584
13.2
20.44
15.648
20.488
19.248
12.856
19.056
14.248
21.024
18.616
20.832
14.584
15.44
20.872
13.328
20.816
14.152
20.44
20.728
18.44
26.536
14.408
13.624
12.776
21.352
12.584
12.632
12.576
18.624
20.592
21.84
19.008
21.216
21.984
20.592
18.776
20.44
14.248
20.44
14.152
20.016
15.44
18.624
14.592
20.64
14.208
20.496
20.544
13.152
18.44
23.016
20.44
15.44
12.808
24.368
12.856
21.056
18.44
21.104
14.408
20.936
18.728
12.824
20.728
20.552
24.376
14.36
13.152
21.848
13.68
12.576
14.152
18.44
20.44
20.488
14.296
18.728
20.584
15.248
21.832
18.44
14.92
21.128
13.528
18.776
21.016
14.824
18.472
14.2
18.808
21.016
13.144
15.384
14.872
14.68
13.048
26.504
14.776
23.192
20.584
18.776
18.44
20.648
12.576
20.304
14.352
26.512
12.576
20.544
12.912
14.44
21.016
18.44
18.44
20.648
13.208
13.016
20.728
18.584
12.864
18.632
13.632
20.84
18.96
13.304
21.272
18.44
19.4
20.648
13.448
22.224
18.728
12.576
13.44
20.488
20.928
12.856
14.344
19.192
13.152
13.48
26.4
13.288
14.536
19.624
13.44
21.592
20.68
21.448
20.536
12.904
21.352
18.76
21.44
12.848
14.336
19.184
21.152
18.728
14.72
13.808
13.616
13.152
20.864
18.44
12.728
23.016
14.216
18.744
14.152
24.552
19.08
12.576
19.128
13.416
14.152
13.464
12.576
21.432
20.448
13.44
21.696
19.008
13.536
18.44
19.104
12.576
26.352
14.544
21.36
20.832
13.488
14.4
21.456
13.008
19.104
13.056
12.576
18.44
21.064
14.152
20.68
14.488
18.728
21.016
12.576
18.44
14.168
12.576
14.544
13.44
14.352
13.008
21.84
20.688
20.832
12.576
13.44
14.152
20.68
21.44
18.608
19.2
14.152
13.488
26.496
13.824
20.44
22.032
19.92
20.44
15.168
14.248
21.696
18.864
22.36
14.488
18.616
14.344
20.728
20.776
18.44
12.576
14.44
21.016
14.248
20.776
14.584
18.952
14.68
18.776
19.048
13.544
20.776
15.064
19.192
13.152
22.36
19.528
18.728
15.256
13.736
15.064
14.872
19.48
18.72
13.528
14.296
20.776
18.664
12.952
20.68
21.064
14.152
12.76
14.248
19.2
21.016
14.152
15.544
20.016
14.44
20.016
26.304
20.544
12.912
13.152
14.152
20.68
24.352
14.152
15.28
20.68
13.432
13.048
18.76
22.456
21.688
19.384
13.336
22.312
26.584
18.76
21.112
20.728
13.48
14.536
13.144
18.44
19.192
22.6
20.728
15.208
13.152
19.096
13.152
20.88
18.44
14.168
20.936
18.584
13.152
21.752
18.68
13.44
14.168
13.152
20.44
12.864
18.44
12.576
14.152
18.52
14.248
26.352
14.152
18.52
20.248
13.096
18.728
20.584
12.952
12.576
18.728
20.44
18.44
23.048
14.152
26.304
14.2
13.392
21.36
20.44
12.576
14.304
15.152
18.912
18.8
21.12
26.528
14.688
21.296
19.056
13.424
14.784
21.224
13.112
20.44
21.016
13.144
13.192
14.152
21.16
20.68
13.048
20.776
18.904
18.728
20.44
22.408
14.152
15.152
20.68
18.8
14.488
18.848
12.856
13.376
14.584
14.392
19.016
20.744
14.152
12.864
20.832
18.44
20.648
20.216
13.064
20.44
21.688
13.152
14.296
12.904
12.576
21.016
13.152
20.44
21.016
18.568
18.912
18.44
18.488
13.096
14.216
21.304
18.584
23.272
18.632
21.016
20.84
12.728
15.152
14.152
18.52
13.44
21.448
13.248
12.864
18.728
13.152
21.12
20.44
12.576
20.728
13.152
20.44
15.192
12.576
18.84
21.288
20.44
19.176
14.248
12.864
14.152
21.144
20.44
19.272
12.576
13.56
12.624
26.568
19.416
13.944
13.992
18.488
21.48
20.248
23.688
19.488
14.152
13.536
12.76
21.984
20.488
26.832
18.856
15.064
12.864
19.192
26.592
14.44
13.048
21.256
18.536
13.384
19.064
21.44
13.44
20.44
24.344
13.352
20.016
12.864
18.44
15.552
14.408
18.536
20.44
14.248
12.856
18.664
14.392
18.728
20.44
14.488
12.856
14.344
20.632
21.016
12.576
26.408
14.152
12.76
18.728
14.488
13.096
14.824
19.432
21.64
20.488
14.296
14.152
22.12
18.44
14.488
23.064
20.776
20.824
13.192
19
14.488
21.016
21.784
13.192
13
19.048
14.776
19.384
13.432
20.68
18.488
18.728
23.096
23.144
18.44
19.112
18.44
14.408
18.44
14.216
18.44
14.168
12.776
14.264
21.016
21.752
18.68
13.152
18.44
20.936
15.224
18.44
13.352
20.44
18.568
21.496
18.44
13.152
18.44
12.728
26.304
18.536
20.832
12.584
20.44
19.016
12.576
13.152
18.624
15.44
14.152
24.368
14.2
21.448
20.536
18.728
24.304
18.44
13.312
20.44
18.92
18.568
20.776
18.904
14.392
20.92
22.888
21.112
13.576
18.76
14.824
13.288
19.912
13.336
15.16
14.248
13.152
19.816
18.96
15.544
20.728
13.672
26.536
18.76
19.144
14.152
12.864
14.192
20.728
14.152
14.2
21.112
23.016
14.624
12.752
21.44
23.016
21.008
13.136
15.672
23.024
19.472
18.856
15.2
21.304
14.048
13.376
13.424
13.232
13.152
14.96
26.4
15.008
18.768
14.336
18.464
13.152
12.752
21.6
22.4
21.168
19.088
20.816
14.864
19.472
24.304
21.44
19.328
14.816
15.488
14.624
21.056
15.152
13.184
14.96
26.912
21.008
24.576
19.376
14.864
14.912
13.152
18.8
12.96
14.768
13.136
22.304
12.752
15.624
13.272
18.44
20.648
18.776
15.44
14.152
12.76
14.488
14.536
14.344
12.952
20.68
12.576
14.304
20.728
14.832
24.616
14.64
18.44
13.248
13.688
20.736
21.176
20.544
19.064
12.912
12.96
20.928
14.496
14.544
12.864
12.672
21.44
20.528
18.44
18.728
13.152
21.44
12.608
12.656
20.44
12.864
23.016
14.152
14.2
18.728
20.44
13.016
14.248
21.736
18.904
13.152
20.152
13.152
18.76
12.96
18.808
19.016
12.576
23.016
21.44
20.048
15.488
18.44
14.408
20.456
24.304
14.744
18.632
22.28
12.864
18.728
24.432
14.152
15.36
19.248
14.152
20.68
14.248
18.44
19.016
14.648
14.216
24.352
22.424
18.88
26.608
12.576
12.976
18.624
15.664
18.44
12.728
13.096
14.456
21.304
15.352
18.44
19.24
22.112
12.8
24.344
12.848
21.032
12.576
13.152
20.144
19.68
18.512
20.44
15.432
12.808
23.4
20.776
19.016
12.904
20.984
19.048
18.616
13.384
14.24
19.432
20.832
20.44
13.2
12.808
19.056
18.616
14.344
20.872
12.76
15.44
21.248
12.576
24.416
18.44
19.424
15.872
12.576
12.864
14.152
20.44
21.064
14.248
18.952
20.92
20.2
19.288
18.568
18.44
14.408
18.44
14.152
24.304
18.832
12.864
22.016
13.44
20.44
15.408
18.568
12.856
12.904
20.872
18.44
14.44
26.456
21.464
18.728
20.016
20.544
18.672
13.2
12.72
15.408
14.448
13.296
18.816
20.784
14.832
18.72
14.152
21.64
18.44
20.488
21.128
12.856
14.584
20.872
13.24
18.776
19.048
24.584
18.856
20.824
14.632
13.152
18.728
20.44
13.44
14.488
13.008
18.44
22.016
13.448
14.152
13.056
26.304
21.312
13.68
13.728
21.44
13.152
19.016
21.44
12.848
20.336
22.064
18.912
20.672
14.96
19.248
19.808
22.976
13.44
13.904
24.768
21.872
24.584
21.44
19.088
15.296
14.152
21.056
18.944
14.152
24.512
18.52
13.28
20.44
20.064
18.728
20.44
18.44
14.248
13.688
14.296
19.256
20.44
18.44
24.488
12.576
12.624
14.152
18.728
18.76
14.488
20.728
19.096
20.728
19.144
20.632
14.152
14.152
18.536
20.504
14.312
19.352
14.36
26.352
19.2
22.32
12.864
14.208
13.632
15.84
22.224
23.808
21.216
19.344
20.44
14.112
20.488
18.728
22.016
14.152
12.576
20.832
18.44
24.48
12.728
18.776
21.192
24.736
20.44
15.44
15.152
13.04
20.016
14.304
12.864
20.832
14.64
18.768
24.432
18.816
21.12
12.624
12.672
24.304
12.576
20.544
21.792
13.44
14.4
20.208
23.016
18.816
22.464
21.312
18.96
21.168
21.016
20.736
18.904
18.624
14.352
18.96
18.728
12.768
20.936
12.576
14.304
14.152
18.912
14.68
15.36
14.488
14.152
18.592
18.52
14.488
21.016
13.44
12.576
18.728
14.304
20.832
20.88
13.248
21.216
24.304
13.384
14.152
12.576
12.624
26.304
22.512
23.016
20.88
12.984
15.168
14.736
12.864
13.824
20.832
20.592
12.96
20.776
20.632
19.24
20.44
21.688
21.736
26.824
23.272
19.48
21.44
14.248
15.736
22.264
20.44
15.624
14.248
18.44
18.44
21.144
23.352
12.576
22.016
20.016
19.064
22.224
18.44
12.728
12.576
26.784
12.576
18.728
18.624
21.176
24.584
13.352
21.08
15.368
18.44
19.496
21.704
20.44
12.576
24.304
20.544
22.272
14.64
14.688
21.216
19.344
22.752
21.6
24.536
19.728
18.44
21.936
15.504
22.272
15.6
22.368
22.416
14.784
18.776
16.272
19.304
19.92
13.352
22.848
23.48
21.936
19.208
14.304
13.496
15.792
26.504
14.16
18.872
15.888
15.936
19.104
22.272
21.12
18.728
14.928
24.536
19.296
15.264
19.152
15.12
19.008
14.496
12.864
14.152
18.728
20.68
12.576
18.624
26.848
18.976
12.576
23.344
25.552
16
19.408
14.152
22.096
18.76
19.264
18.808
19.312
18.616
20.584
26.304
15.312
14.152
14.44
20.728
21.256
18.664
18.728
20.44
20.936
21.688
20.776
13.016
18.664
14.392
15.44
13.24
21.488
14.728
21.536
14.536
15.584
18.904
13.952
13.76
18.44
14.648
20.728
20.696
20.728
18.824
18.872
13.16
21.128
13.152
19.496
13.784
21.272
13.4
24.304
21.368
13.496
13.2
19.544
19.008
12.872
25.024
13.072
12.576
12.864
22.224
18.44
18.488
14.216
18.824
12.872
19.064
14.36
20.888
21.32
18.776
20.984
13.256
19.112
18.824
21.8
18.44
26.304
14.648
13.016
15.448
14.504
13.352
12.92
18.968
20.44
20.248
14.536
19.144
22.312
26.56
12.76
15.152
12.576
18.624
12.864
12.576
21.112
14.304
19.24
12.912
21.448
12.72
21.256
20.44
18.728
14.152
18.52
21.016
14.488
24.424
20.776
14.584
22.312
18.728
14.92
20.728
14.536
13.152
15.152
21.44
21.016
18.904
13.192
12.576
20.728
21.504
22.064
18.44
21.44
12.608
21.016
18.904
13.192
18.44
13
18.568
14.152
20.44
13.016
12.808
19.304
18.856
12.872
18.728
12.576
18.624
20.592
24.432
21.44
21.12
19.248
20.44
14.248
13.096
22.024
21.112
21.016
13.24
13.048
12.576
20.304
13.152
18.672
18.72
20.688
20.792
21.44
19.4
18.608
13.448
12.896
14.44
18.568
24.584
13.352
20.44
24.92
12.808
24.968
13.496
19.064
18.44
21.512
14.648
23.72
20.936
21.368
20.744
18.872
14.6
14.168
18.776
22.064
14.432
20.96
18.728
13.088
21.056
15.192
18.704
12.864
14.192
21.072
12.96
14.152
18.52
13.152
14.488
24.48
21.736
13.248
14.152
13.192
20.44
12.576
22.224
13.2
18.44
14.408
20.936
20.744
13.352
13.16
21.176
12.728
13.784
22.616
20.504
20.552
14.152
15.4
20.44
12.864
18.44
12.864
20.648
24.432
18.776
15.84
20.744
19.008
14.312
23.616
19.16
13.344
14.648
21.312
12.96
19.008
12.576
26.496
18.44
14.408
13.488
12.776
12.584
12.632
15.248
14.6
18.896
14.408
21.344
13.016
21.392
21.44
18.608
18.656
20.864
22.016
22.064
13.44
20.44
23.112
12.808
22.016
13.44
12.704
14.912
21.68
21.728
20.816
18.944
14.152
13.152
18.52
20.88
14.248
13.096
13.44
18.904
12.952
12.864
18.76
12.912
20.968
18.856
21.016
14.584
22.072
13.24
13.24
20.968
24.568
18.44
19.096
12.728
13.144
18.856
18.44
23.224
13.192
21.16
12.576
13.528
13.576
14.152
13.44
20.68
22.168
26.304
20.776
24.432
13.144
13.192
12.864
20.832
12.576
20.728
14.544
26.536
20.832
12.72
20.688
20.736
12.624
14.152
18.728
20.44
21.688
20.776
14.344
13.192
18.728
14.44
24.536
20.728
21.016
20.44
19.144
14.152
21.352
14.2
18.44
20.648
12.864
20.456
20.832
21.704
26.512
13.112
18.88
20.84
12.728
20.696
19.112
18.824
18.632
14.36
18.776
20.408
18.824
13.152
18.44
18.72
14.408
13.016
14.504
18.632
14.6
13.208
18.728
14.936
18.776
22.424
19.592
13.64
21.368
15.176
14.024
13.016
21.992
19.304
22.04
21.848
19.256
15.224
21.512
19.64
21.608
19.016
15.152
21.224
19.112
18.912
14.6
18.44
19.2
14.168
12.776
14.264
14.312
20.6
13.152
19.2
19.016
13.304
20.44
18.808
20.016
18.624
15.488
21.792
18.656
14.4
12.944
19.248
21.152
18.816
15.68
21.024
14.592
18.96
15.152
12.864
18.44
14.168
12.576
15.152
18.624
18.44
23.016
15.624
21.192
15.2
12.576
18.848
12.576
24.656
18.624
22.272
15.44
15.536
14.152
20.2
18.808
22.456
14.824
22.552
19.72
19.144
13.528
15.256
26.352
15.304
21.12
13.912
15.44
19.72
13.44
15.448
18.768
14.536
21.016
14.584
12.952
12.864
20.92
14.728
14.536
18.664
12.952
21.224
13
20.44
12.808
26.304
20.536
15.064
15.44
14.152
13.568
12.76
14.488
20.728
18.856
12.576
20.728
12.624
15.152
26.304
14.152
13.152
14.152
20.728
21.44
26.536
13.152
12.576
24.304
14.152
21.016
14.2
18.776
21.016
14.152
18.664
14.152
23.016
14.152
12.76
14.488
20.44
21.192
19.016
14.152
26.504
20.68
15.384
18.44
14.152
21.016
14.152
21.64
14.488
13.152
18.856
24.48
20.824
19.008
18.472
13.536
21.264
18.912
18.44
26.64
14.408
13.488
21.44
13.296
18.44
12.864
12.576
15.552
14.304
14.44
12.576
18.624
20.832
18.776
18.72
18.528
12.872
21.08
12.968
12.576
14.352
12.576
24.488
14.152
22.12
24.304
18.44
12.728
20.728
20.456
12.864
20.264
21.992
19.2
13.4
24.528
14.648
19.056
15.44
13.088
21.536
14.488
20.728
14.296
20.824
14.152
14.2
12.864
18.568
18.44
21.12
22.016
12.704
18.728
21.632
20.72
13.304
12.848
21.512
18.656
18.68
12.704
15.44
15.488
13.152
14.152
21.44
20.728
24.376
14.152
13.384
12.576
20.544
18.728
20.592
15.416
21.6
20.928
18.448
20.736
18.624
12.912
12.72
12.768
21.168
18.816
13.104
12.864
21.072
18.96
13.2
12.576
13.728
25.056
21.264
20.44
19.152
18.44
13.44
19.008
18.856
21.304
14.152
20.68
12.864
14.248
14.296
18.728
20.728
20.44
23.016
20.488
13.464
20.536
13.512
21.544
13.56
18.712
13
15.152
19.048
14.296
15.44
12.576
12.624
23.016
14.152
12.984
12.76
18.568
21.496
21.44
12.848
21.536
20.728
20.776
21.44
12.608
18.656
20.864
21.224
14.432
13.112
18.8
13.64
18.608
15.848
12.896
19.256
12.704
18.824
20.2
18.44
14.408
12.776
14.504
14.152
12.76
12.808
14.152
12.864
14.2
18.912
21.688
24.48
18.856
21.168
21.064
12.872
13.432
21.4
12.864
14.488
21.44
12.848
18.728
20.44
18.776
12.808
21.016
14.152
18.44
12.576
20.44
20.248
24.304
14.536
13.384
18.88
13.192
14.92
13.528
13.096
19.144
21.016
12.952
14.44
20.488
18.44
13.152
14.152
18.52
14.248
21.032
14.296
21.784
15.152
20.392
22.6
18.728
21.928
21.016
14.824
14.632
20.92
14.488
18.856
20.016
22.032
12.576
14.304
18.64
12.912
15.12
21.168
19.016
14.976
18.824
13.344
21.512
15.072
23.04
19.488
14.976
19.016
18.592
18.44
14.408
20.456
21.176
12.584
20.44
19.016
14.248
21.224
20.536
14.152
20.68
19.016
13.048
12.576
15.44
14.544
15.248
26.576
14.152
13.152
14.2
18.72
12.576
21.168
14.304
18.816
20.592
21.024
20.64
21.552
12.768
19.2
14.496
15.024
21.312
21.36
21.168
14.976
13.584
15.312
13.2
15.12
19.008
21.648
26.496
13.296
20.784
14.352
12.96
20.728
13.008
22.416
21.024
13.152
14.88
19.248
13.152
20.976
18.624
15.44
19.088
13.376
14.152
13.424
14.68
22.168
14.536
20.824
18.952
19
14.488
13.096
14.824
13.152
21.592
20.88
14.44
19.144
13.048
14.776
13.144
18.952
14.68
14.728
19.016
12.856
20.824
14.632
24.816
21.16
14.968
13.152
19.576
18.72
19.624
13.008
18.712
13.248
24.576
14.152
20.44
18.44
14.44
13.488
20.44
13.152
18.728
14.152
18.728
14.152
13.016
12.76
20.84
13.208
18.44
21.44
18.608
20.816
13.184
15.16
14.152
12.76
14.488
19.096
19.144
13.152
21.352
18.72
13
13.008
14.728
21.256
15.44
14.584
24.64
21.592
13.648
20.2
13.2
20.44
18.528
20.44
12.576
24.304
26.512
14.152
20.832
12.576
18.44
20.648
18.776
22.744
18.712
15.488
14.44
15.536
12.576
18.704
12.576
14.544
23.064
26.472
18.44
14.152
20.68
14.488
13.336
24.632
22.504
13.64
14.632
21.608
21.16
13.256
20.728
21.464
18.856
23.672
18.44
23.016
14.408
13.016
18.776
12.584
21.512
21.272
12.864
12.576
15.152
12.624
15.2
20.44
21.688
20.776
20.584
23.016
18.44
12.864
20.648
14.216
13.2
20.504
13.248
18.44
13.152
12.728
20.88
13.488
19.056
19.104
21.072
13.68
21.408
12.576
13.056
14.152
24.624
12.576
19.152
20.544
24.48
14.592
20.64
13.008
12.576
12.624
20.728
18.672
20.872
20.536
20.92
18.44
13.576
14.168
15.544
20.456
18.584
23.064
14.312
21.08
20.408
14.152
20.44
19.016
18.44
20.168
14.456
20.728
14.264
18.72
14.152
18.728
12.576
21.224
19.016
12.576
12.864
12.576
18.624
20.832
18.96
14.208
20.496
20.544
15.152
14.352
21.68
13.2
14.688
21.456
23.064
13.824
18.792
13.392
23.4
20.88
21.528
14.208
19.416
13.464
20.44
21.192
14.152
13.56
12.76
19.608
21.688
21.336
22.456
20.584
21.16
14.152
12.76
20.728
18.568
14.536
18.864
18.664
20.632
14.44
15.152
12.576
20.544
18.672
18.72
13.008
12.816
20.544
14.352
14.152
12.576
18.728
20.44
12.808
21.016
21.736
13.016
12.904
19.064
18.952
19
18.44
13.048
13.448
18.44
21.608
21.016
20.44
12.808
14.296
18.904
22.064
14.432
14.48
12.848
21.12
12.656
14.384
20.912
13.04
20.728
14.528
20.728
22.256
13.424
13.152
22.592
21.12
19.52
13.016
21.728
19.304
20.816
15.512
13.184
12.576
18.624
13.44
14.44
21.168
24.576
15.744
21.072
21.44
18.96
12.848
21.408
20.096
14.44
20.44
21.168
14.152
14.2
21.016
12.576
20.44
21.016
12.576
14.304
18.672
18.728
15.416
14.152
13.784
20.68
19.112
20.488
13.4
19.448
19.016
19.104
14.488
13.68
12.616
18.776
19.304
19.112
24.68
18.44
13.208
14.408
20.936
12.864
18.912
14.152
20.728
18.52
14.488
20.776
18.904
12.576
24.824
18.872
13.16
14.152
18.728
18.52
12.808
20.296
19.144
14.152
20.68
18.44
14.152
20.68
21.064
18.44
14.408
12.776
20.504
20.552
20.6
18.44
14.168
20.696
26.512
18.824
13.2
19.008
12.576
14.304
12.672
18.72
18.768
22.416
13.104
18.672
20.88
13.152
20.928
23.52
14.496
25.008
18.864
13.776
20.832
20.64
18.488
13.016
20.488
20.984
14.296
21.544
18.712
13.448
20.2
20.936
20.728
18.584
12.616
18.44
12.864
20.44
26.304
21.448
18.912
13.44
12.576
13.152
18.96
14.152
22.12
13.152
18.808
18.856
21.064
19.192
18.928
14.68
13.528
21.064
21.016
14.584
18.472
14.544
12.864
14.592
18.44
14.16
21.128
20.688
14.256
18.624
21.16
20.832
14.152
12.96
19.008
13.296
18.864
21.552
13.44
13.968
19.776
12.576
15.744
19.872
14.16
14.776
24.768
14.824
14.256
12.576
19.824
20.352
19.92
14.208
18.488
14.152
20.44
20.488
20.832
14.296
22.264
12.952
12.76
18.808
13.152
15.36
20.44
19.488
22.168
16.176
13.824
24.912
18.44
19.68
14.408
13.968
13.016
19.536
12.824
20.784
14.312
18.728
13.152
15.6
19.248
23.616
21.744
20.144
19.392
12.752
14.24
21.592
18.44
13.96
22.808
13.528
14.216
15.736
20.504
21.544
18.44
13.192
12.728
13.24
12.576
14.304
18.672
13.152
18.72
20.928
26.304
18.44
20.936
18.488
19.304
14.152
15.152
20.68
12.576
20.016
26.304
12.576
13.44
20.44
24.768
21.688
13.296
18.616
15.504
12.904
12.712
15.304
23.272
14.152
20.44
22.168
18.728
14.296
20.824
22.312
20.728
21.64
24.304
20.728
21.232
21.736
19.36
21.064
20.632
18.776
14.2
21.688
20.728
18.616
15.384
13.032
18.44
21.608
26.304
14.216
18.824
18.776
13.112
13.064
21.488
18.656
14.384
14.152
12.76
20.488
18.616
14.584
18.952
23.128
14.92
21.208
19.016
15.016
19.624
13.152
19.432
21.12
22.84
21.168
22.408
18.816
13.576
15.304
19.912
19.72
15.688
20.728
14.056
14.104
13.152
23.032
14.44
14.248
26.512
19.576
15.064
19.432
13.72
19.528
19.096
15.304
20.632
14.2
23.224
12.576
20.544
12.576
24.432
15.36
21.408
15.456
18.44
21.024
13.64
14.152
22.272
20.44
14.728
14.152
14.2
20.488
26.304
13.096
13.144
22.072
13.152
19
14.488
18.616
21.016
21.544
12.576
24.712
20.544
26.92
14.352
21.688
22.8
23.896
13.248
23.704
14.736
21.504
21.224
18.632
18.68
20.44
15.608
20.248
13.496
14.536
21.064
19.192
15.544
13.24
24.712
18.808
15.64
14.776
20.824
15.112
22.6
14.008
20.056
12.864
14.344
18.44
22.312
20.44
13.048
20.536
12.864
14.2
12.576
13.096
20.44
18.568
18.44
23.016
20.648
21.896
13.064
18.872
21.272
21.08
19.208
21.064
18.776
15.152
12.584
14.312
12.68
12.728
14.456
19.064
12.632
13.152
13.2
20.44
12.576
21.016
18.624
14.152
21.64
24.352
20.728
13.096
21.064
21.016
20.632
22.36
13.288
18.728
21.256
20.936
12.664
26.504
14.392
13.832
20.92
16.04
21.688
20.776
12.904
20.632
20.44
18.728
13.016
12.576
18.728
18.44
14.152
14.152
24.304
20.752
12.576
14.304
18.672
21.112
13.72
13.152
20.88
18.44
21.016
18.488
20.696
12.824
20.728
12.872
20.776
12.68
26.584
14.408
15.832
20.936
21.4
18.44
19.288
20.648
14.456
19.064
18.672
12.872
18.44
13.152
14.152
26.304
18.44
15.44
21.44
18.608
20.816
23.016
14.384
19.232
20.728
14.48
13.576
13.328
15.544
18.856
18.44
14.488
22.016
20.44
20.44
20.728
20.44
20.488
18.44
18.968
20.936
20.984
20.44
26.552
20.44
