12.912
13.08
12.576
12.888
13.296
13.152
14.152
15.152
12.864
13.152
14.152
12.576
12.624
14.232
12.864
12.84
14.448
12.816
18.728
14.664
18.912
13.32
13.488
14.736
18.512
14.904
13.032
18.84
18.728
14.688
13.136
20.856
13.664
14.784
19.152
21.24
13.32
20.928
13.728
13.656
13.536
13.704
18.856
21.672
21.6
21.352
13.728
15.76
21.576
19.768
13.824
21.616
15.312
24.664
14.28
13.312
15.768
21.28
22.536
15.864
26.304
14.952
13.872
16.2
21.048
16.536
14.312
24.504
16.632
13.928
24
22.736
21.768
13.544
21.336
24.872
23.304
22.28
17.112
20.768
23.16
27.416
21.888
23.264
16.296
22.472
17.904
20.72
24.672
27.128
16.44
14.936
22.488
22.304
24.456
24.512
24.384
14.48
17.952
21.008
24.72
19.976
18.408
24.704
23.016
14.432
24.744
20
18.792
28.808
23.28
16.616
18.648
17.504
18.816
22.832
23.184
17.96
18.672
14.648
25.2
22.256
22.608
14.624
24.816
14.672
24.504
20.96
22.752
15.128
16.8
20.936
18.888
20.504
17.256
20.432
18.744
22.64
25.632
14.888
19.08
14.216
26.088
26.744
24.096
14.672
19.584
25.64
26.472
25.568
18.36
24.168
21.472
24.336
18.264
13.152
19.752
21.6
24.48
26.688
28.008
21.096
18.936
21.504
20.304
27.072
25.032
13.56
20.76
25.248
27.528
13.776
25.416
27.024
19.704
21.552
25.872
20.88
25.92
24.304
20.928
19.192
20.496
15.76
26.904
14.008
25.752
26.656
28.92
14.104
19.968
27.352
21.456
22.24
27.984
14.608
27.552
14.176
19.2
14.224
21.048
15.952
27.576
21.88
21.264
14.968
25.992
22.696
25.92
14.344
28.968
19.192
21.936
20.8
28.704
20.848
28.512
25.096
22.2
20.464
26.928
22.192
26.856
16.6
22.104
22.648
28.392
20.896
30.36
14.704
22.848
24.952
31.056
22.84
29.904
28.168
29.712
14.656
29.64
15.064
28.248
22.792
23.616
14.92
28.704
14.128
23.832
23.176
29.04
14.824
29.448
17.272
24.096
23.08
24.624
21.328
31.632
13.816
24.72
23.224
23.928
26.032
25.056
13.152
30.024
15.48
24.072
17.088
25.8
13.656
30.408
23.904
32.256
23.592
30.624
15.48
25.872
17.328
32.88
21.696
32.688
23.184
33.096
14.112
25.944
15.72
32.472
20.568
33.6
22.056
30.888
16.704
25.296
14.592
33.984
19.2
31.272
17.208
26.28
20.256
25.968
29.664
26.496
16.872
34.344
14.52
34.152
17.088
26.76
28.056
31.488
30.144
25.896
27.312
26.064
25.2
36.552
25.608
32.16
17.856
31.248
30.144
34.296
24.912
28.224
16.44
25.632
16.848
27.36
21.696
31.968
16.824
27.336
16.272
31.824
25.8
27.792
14.928
32.28
28.176
34.368
24.144
29.736
15.912
32.424
30
32.112
14.928
34.2
16.176
34.368
22.704
35.616
25.992
32.904
16.32
27.192
16.128
34.68
31.416
34.368
15.144
26.616
19.272
28.104
25.08
34.752
22.368
34.68
31.656
28.848
21.624
34.896
15.912
26.904
24.36
32.952
21.888
28.56
23.016
27.288
21.984
32.976
23.832
27.264
28.44
28.992
15.648
33.72
15.456
37.248
21.384
34.056
21.192
28.464
15.24
28.152
21.408
29.52
28.536
34.128
25.584
28.536
20.712
28.584
15
34.872
24.408
36.96
22.656
29.808
14.904
35.616
22.752
37.344
16.68
35.952
15.408
30.24
15.336
35.808
23.664
38.856
15.552
38.064
25.2
30.672
21.528
30.36
15.816
38.088
23.664
30.216
14.952
36.264
15.48
39.552
22.008
35.76
20.736
37.368
17.904
30.936
22.392
30.024
15.36
39.672
15.888
38.4
21.816
38.448
23.904
38.616
15.432
30.864
24
36.912
16.368
31.56
25.896
36.408
15.504
31.776
24.552
31.104
29.76
37.032
22.488
37.2
24.576
32.088
15.504
39.576
15.072
39.624
21.84
31.872
21.408
32.64
20.856
40.008
22.944
40.896
20.472
31.944
29.16
37.872
22.608
32.16
22.056
31.608
23.904
39.696
26.112
37.704
14.04
33.192
19.608
32.4
15.936
33.168
14.064
32.736
22.272
41.784
20.52
33.672
14.328
39.12
16.416
34.008
20.184
42.696
19.992
42.504
22.44
34.632
14.448
42.24
13.96
34.968
42.576
19.336
35.064
42.912
13.152
42.84
13.32
35.448
13.368
41.376
19.296
35.664
23.328
43.392
41.52
24.576
35.808
21.024
44.736
13.872
36.024
27
42.192
44.28
18.728
42.648
20.936
36.216
25.304
42.264
15.632
36.312
13.88
42.36
14.048
36.768
22.016
42.336
22.064
36.624
19.352
43.872
21.92
36.48
14.768
42.288
13.736
36.456
21.584
36.864
18.752
45.792
16.4
44.88
19.688
43.008
27.176
37.296
21.584
37.344
21.512
45.312
25.16
45.96
13.928
38.688
19.256
43.416
42.744
36.792
13.152
36.84
13.32
42.888
21.408
38.856
20.856
43.344
13.152
45.192
37.56
18.832
46.488
43.656
18.808
45.984
21.736
38.352
46.32
21.064
45.168
24.952
38.976
22.12
44.664
26.608
38.592
14.776
39.36
20.944
46.728
20.752
46.776
22.24
39.144
14.728
39.072
25.096
39
20.704
39.408
16.552
39.216
23.32
45.744
14.488
45.912
15.016
39.96
23.704
39.888
16.192
48.336
24.16
40.104
22.528
40.152
28.576
47.04
22.864
40.248
26.752
49.176
19
40.704
23.368
47.232
27.496
41.04
23.464
41.448
21.832
47.376
22.72
41.184
30.328
42.072
24.376
49.56
22.384
41.688
24.352
42.696
16.48
48.744
23.968
50.472
22.096
42.36
22.144
43.608
23.512
51.696
19.72
49.464
23.728
50.592
25.936
44.04
21.904
42.888
21.352
50.976
27.64
52.464
19.168
44.592
13.456
43.44
50.568
26.104
50.616
52.104
13.152
52.272
44.4
52.368
26.344
50.376
21.472
44.424
14.08
53.352
20.728
43.8
14.776
44.808
14.224
49.776
21.832
44.544
22.6
53.352
20.008
44.76
21.016
45.288
15.304
52.416
16.552
52.464
20.2
45.312
27.208
44.76
24.736
50.808
20.224
53.736
14.512
53.184
25.72
51.072
24.448
45.96
21.736
45.768
13.264
46.416
13.792
51.984
25.48
46.512
21.448
52.2
25.696
54.288
23.704
46.296
19.072
46.704
16
46.512
21.328
52.92
21.496
47.208
19.744
54.936
19.912
47.424
15.76
53.472
20.368
47.88
24.736
53.208
56.496
54.984
15.024
54.672
18.912
47.76
16.32
53.208
14.088
47.256
23.016
56.304
23.544
48.072
25.032
55.68
14.04
47.928
14.088
55.536
15.456
56.784
19.584
48.312
25.752
56.04
19.44
54.048
19.248
56.016
13.656
48.624
21.864
54.552
24.312
48.96
19.2
57.888
24.528
57.336
22.056
49.224
21.024
49.752
22.872
49.56
29.28
56.328
14.928
49.776
25.176
49.824
23.304
55.392
14.832
56.76
15.72
50.088
21.648
55.176
21.336
55.224
29.544
55.392
20.832
57.6
17.4
50.328
15.288
49.176
23.856
51.144
16.224
57.432
15.552
57.6
23.28
50.208
15.168
54.576
20.136
50.544
22.944
57.072
21.552
50.76
20.16
49.728
23.688
51.096
21.456
49.464
22.824
57.192
14.712
57.36
26.04
58.608
22.968
50.976
20.736
52.464
20.304
56.472
21.072
51.6
23.64
52.368
15.288
51.216
17.136
58.944
27.984
51.312
21.672
52.2
21.36
59.448
14.208
59.136
15.096
52.584
17.904
58.872
20.592
51.24
29.04
52.608
25.968
59.376
21.096
51.744
14.784
51.312
21.552
53.16
16.44
60.048
20.688
53.616
26.616
62.544
17.184
60.192
22.872
54.24
14.16
54.648
24.168
53.016
14.016
54.744
14.544
61.032
16.872
54.96
14.52
62.448
22.248
54.936
22.896
55.944
17.424
53.592
25.032
59.64
14.88
59.328
25.848
55.056
22.896
64.704
21.144
59.832
28.032
60
22.44
55.728
20.088
60.456
14.496
63.624
23.184
55.032
14.832
55.2
25.44
63.168
14.568
56.376
21.216
61.704
15.744
63.912
26.952
56.4
21.72
55.488
13.488
56.736
21.816
55.824
23.904
57.192
22.752
63.96
14.04
57.648
22.128
62.496
14.976
56.544
15.024
56.592
16.392
57.48
22.32
65.088
13.848
62.976
25.656
64.944
14.304
57.312
19.872
63.36
22.32
63.528
20.808
57.576
22.536
63.744
21.264
66.072
14.232
57.36
19.68
58.848
20.328
66.336
21.096
63.504
15.624
57.552
57.6
65.448
13.152
65.376
15.6
63.624
21.168
65.832
66.72
15.608
58.848
23.336
63.936
20.864
63.864
15.872
58.872
16.28
67.2
21.488
58.728
59.376
23.232
66.744
13.44
59.832
19.008
65.16
13.424
59.568
18.512
68.616
19.04
60.384
68.352
24.528
68.4
21.336
60.288
19.224
60.936
13.872
60.744
13.8
60.792
19.128
66.96
19.056
68.808
60.816
26.472
61.224
69.312
61.08
21.184
61.728
19.312
69.456
69.864
13.648
68.112
24.64
61.68
70.488
13.152
68.616
18.84
63.024
26.328
68.712
63
63.168
21.352
62.376
19
68.904
72.192
62.88
20.944
68.328
62.496
13.6
62.424
19.888
70.512
26.776
70.56
20.104
62.568
23.512
68.616
13.96
70.704
13.32
62.352
13.728
61.8
61.968
15.816
62.136
20.728
71.064
62.352
27.072
70.2
25.2
70.128
13.368
62.496
19.056
62.544
21.744
62.592
21.072
68.28
21.12
62.568
25.128
68.376
19.656
68.424
13.944
70.632
14.352
62.88
19.44
70.248
18.888
70.056
25.056
68.424
19.344
62.472
13.152
67.68
21.48
61.128
21.408
60.816
19.656
69.984
19.344
68.952
13.872
68.64
19.32
62.448
62.496
19.064
62.424
68.712
19.28
66.84
23.648
61.128
20.096
62.496
27.224
62.544
15.752
62.592
14.48
61.44
15.608
60.768
14.336
67.056
19.544
60.984
13.712
62.472
19.52
67.2
16.448
62.448
25.256
67.656
13.784
61.584
13.592
67.512
21.08
61.8
18.848
69.888
15.896
68.136
21.704
71.304
14.312
70.152
16.04
68.28
20.048
62.448
22.496
68.136
20.144
61.824
24.512
61.752
24.32
60.84
14.888
62.448
23.456
60.576
23.264
62.304
27.272
68.952
22.04
67.08
21.608
69.048
26.096
62.736
25.424
67.104
14.912
67.032
15.08
62.52
28.928
69.168
21.176
70.176
15.464
67.464
28.952
61.752
22.28
69.72
14.648
70.968
14.336
68.256
20.024
70.344
24.152
62.712
27.92
70.32
26.168
62.808
19.136
62.496
14.024
62.904
16.232
62.952
21.68
63.12
26.888
63.048
14.336
69.096
13.904
62.904
18.992
70.632
21.8
71.88
14.408
63.048
16.256
71.856
20.384
68.904
19.712
63.312
22.52
68.76
26.288
68.808
24.896
63.096
21.224
70.824
23.312
68.712
20.12
62.52
22.928
62.568
19.856
62.496
22.904
68.784
20.192
62.472
14.12
71.76
26.168
62.448
22.376
71.136
22.784
63.504
15.032
69.432
28.4
62.52
28.208
67.608
15.176
61.656
19.904
69.744
23.672
62.472
19.76
62.64
23.768
70.008
23.096
67.296
21.944
61.344
14.672
61.872
28.64
66.36
15.008
68.688
23.816
66.816
18.224
70.704
14.912
67.272
16.64
61.44
23.408
67.728
21.416
62.496
21.584
61.824
24.872
68.472
21.2
68.4
23.768
62.808
23.816
62.376
15.464
67.224
14.792
62.472
14.72
62.4
22.328
67.248
14.216
62.376
29.624
62.544
19.832
62.112
19.64
61.92
13.448
70.728
16.016
68.016
23.744
61.824
19.352
62.832
22.04
63
63.048
13.152
62.016
67.944
62.352
13.32
62.52
18.768
62.688
21.456
62.856
15.624
70.464
19.392
70.632
68.88
15.152
62.448
63.336
15.368
69.144
24.488
70.992
13.032
69.24
18.728
69.048
19.256
62.496
26.744
62.424
15.752
62.592
14
62.52
19.688
68.688
14.456
68.856
14.384
68.544
27.272
70.392
16.04
62.28
14.048
62.328
21.296
62.496
15.704
62.424
21.632
68.952
15.08
68.04
25.688
69.648
16.736
70.776
14.384
62.184
20.192
68.232
23
67.56
25.928
61.608
20.576
62.376
23.744
68.904
20.552
62.232
22.16
69.6
15.128
68.808
20.696
68.736
14.864
66.144
20.552
61.992
14.72
68.28
15.248
66.408
22.616
61.776
14.984
66.264
19.832
62.232
21.8
60.96
21.728
68.928
22.136
61.176
23.744
67.344
22.472
62.472
13.76
62.52
20.768
62.448
15.176
62.376
13.184
62.304
13.352
67.272
21.56
61.68
18.968
70.608
21.536
69.696
21.224
67.944
13.592
62.352
21.44
68.4
19.328
71.568
24.776
62.496
13.784
62.304
13.832
70.752
14.48
70.2
25.808
70.368
22.376
68.376
14.864
70.224
20.912
62.352
25.64
62.52
13.208
62.328
25.976
62.496
19.544
62.664
62.592
19.088
62.64
21.296
62.328
15.584
62.376
13.952
66.384
19.88
62.232
13.448
62.76
20.336
66.408
14.264
62.376
20.672
68.904
22.28
67.152
24.848
67.08
67.488
68.736
21.032
60.984
67.032
18.728
69.36
13.376
69.408
22.664
67.656
13.32
67.584
61.632
24.592
67.2
18.76
69.168
21.088
61.296
13.696
67.344
21.424
61.512
23.152
61.32
19.72
67.128
15.448
69.336
21.736
68.304
21.664
62.112
20.272
62.04
19.12
60.408
15.568
68.496
19.456
62.064
19.144
69.312
24.112
68.52
26.92
62.088
18.808
67.056
13.336
69.024
26.944
61.392
13.792
69.36
13.36
61.728
19.016
62.496
24.944
61.824
12.872
61.872
13.4
62.04
62.208
23.016
70.296
21.344
68.304
62.472
13.44
62.4
15.648
70.368
19.776
62.616
13.704
62.424
26.712
68.832
21.36
68.88
19.248
68.928
19.296
63.216
21.264
63.024
13.272
63.192
13.92
71.16
19.728
63.288
13.416
63.336
26.784
70.584
15.192
68.712
12.96
62.52
19.728
69.048
23.376
62.616
21.624
69.144
19.272
69.192
23.88
71.4
25.368
71.568
19.656
72.696
26.664
62.664
19.08
62.352
68.52
18.728
72.768
15.656
63.936
20.864
63.984
15.512
64.152
13.28
62.4
19.208
71.808
24.776
62.496
62.664
12.864
62.592
13.392
62.4
23.04
62.448
26.808
62.376
26.864
73.584
20.792
72.912
13.76
64.92
21.248
72.888
18.656
71.016
15.944
65.304
19.832
71.472
24.8
71.28
22.328
62.328
20.456
62.496
18.944
62.424
14.792
62.592
23.72
71.28
14.408
71.088
20.936
62.496
16.184
62.544
22.592
65.592
19.28
62.76
14.888
73.728
22.736
71.736
21.104
75.144
15.392
62.472
14.36
73.92
21.728
74.688
14.216
66.096
15.104
62.424
24.032
66.072
20.48
72.24
28.208
66.168
23.576
71.736
28.544
74.664
20.912
63.672
14.96
70.8
22.928
73.128
23.336
65.496
27.104
73.584
21.392
71.832
14.96
62.64
25.088
71.688
21.416
65.856
23.624
73.824
20.312
72.432
14.72
75
21.368
72.048
20.456
71.976
15.344
65.904
26.192
71.232
21.08
62.4
15.368
62.328
21.536
71.496
21.344
68.424
25.232
71.472
15.92
65.52
15.608
62.328
21.656
64.776
21.104
64.464
15.392
64.512
22.88
64.08
23.048
69.528
20.456
62.376
20.864
71.784
14.432
63.672
20.12
69.72
20.648
71.688
22.976
69.696
22.904
71.904
15.632
62.472
28.52
70.08
20.408
62.568
15.896
62.376
23.144
70.464
14.432
70.392
14.96
62.4
23.168
62.328
22.376
62.736
16.664
70.584
14.552
70.032
25.88
69.6
14.768
68.208
14.816
63.456
22.064
62.424
20.072
62.592
22.28
70.56
22.688
68.928
22.736
71.976
22.304
71.304
19.472
63.312
24.8
62.52
15.248
62.568
14.696
71.616
23.264
71.544
23.672
62.472
25.88
69.72
28.088
62.328
23.456
70.176
23.024
64.224
14.792
62.952
21.44
64.32
26.408
70.128
21.776
72.216
14.984
63.744
17.552
63.792
24.56
69.84
29.648
64.248
15.896
62.376
16.304
72.024
29.672
70.392
23
64.56
22.328
72.168
16.736
70.416
22.424
70.584
22.472
64.992
16.52
72.48
27.488
70.608
15.656
73.656
22.784
72.744
30.392
62.352
16.04
64.2
17.648
72.168
19.016
62.496
23.144
64.464
15.872
64.512
24.56
72.48
16.088
64.848
16.256
70.896
28.544
64.704
16.472
62.352
16.52
62.52
16.208
62.568
30.296
70.536
16.664
62.664
17.192
62.832
25.04
70.56
18.608
62.448
25.136
70.776
29.264
62.424
21.272
68.472
21.08
62.52
21.968
62.688
23.456
72.096
25.904
70.464
21.752
72.552
18.56
62.52
15.368
62.568
17.816
62.736
14.864
65.064
13.832
64.752
19.64
70.8
14.288
65.208
21.896
71.016
19.064
65.184
21.632
71.472
19.28
62.4
13.688
73.128
19.256
73.176
19.184
62.424
21.152
62.352
71.52
13.336
65.328
19.264
65.136
13.432
62.424
65.232
21.312
71.28
14.04
65.688
14.088
73.896
15.816
74.784
14.544
73.272
19.16
73.08
22.328
62.328
14.216
62.496
14.264
62.664
13.832
70.392
25.28
64.56
26.768
62.328
20.936
71.976
22.904
69.984
13.952
63.792
14.008
62.52
20.296
63.888
20.344
69.816
15.832
62.664
13.72
64.392
20.368
71.64
14.056
63.888
20.224
71.976
20.872
69.984
19.96
69.312
23.368
62.64
20.416
64.488
20.224
70.416
26.992
64.704
20.92
72.672
14.608
64.92
14.296
71.088
23.944
73.056
20.512
65.304
20.08
73.272
13.408
65.4
21.736
65.448
16.144
62.496
27.472
62.424
13.48
62.352
21.928
65.4
22.576
62.448
21.664
71.616
21.712
73.704
70.272
19.464
62.52
14.232
65.448
70.656
25.128
62.424
18.728
62.592
21.776
70.56
14.624
72.648
14.672
64.416
19.28
72.024
20.288
62.352
13.496
63.12
19.544
64.008
25.232
71.976
15.8
73.224
20.288
64.152
17.816
72.24
17.984
72.408
21.992
62.496
14.36
70.704
22.328
64.632
21.656
62.52
26.144
62.928
17.912
69.096
28.52
73.104
14.288
62.352
14.216
70.08
21.104
72.168
22.112
70.776
14.72
72.624
19.208
72.672
21.056
64.56
17.744
62.328
22.472
70.296
21.68
64.704
21.248
64.752
27.296
70.44
16.544
62.448
29.672
63.936
14
68.664
20.168
69.312
18.776
71.04
21.112
63.288
19.24
71.376
26.488
63.504
26.536
68.832
13.744
68.76
21.712
62.928
27.28
69.096
14.248
63.264
14.416
63.312
22.024
68.88
26.512
62.448
19.96
62.376
22.168
62.424
13.576
62.472
19.384
62.16
21.832
71.208
16.48
62.976
21.928
67.944
22.096
62.352
14.464
71.28
20.032
62.448
16.84
62.496
22.888
62.664
16.576
62.592
15.064
62.4
20.272
62.448
14.56
69.576
22.768
70.584
16.936
62.472
27.904
62.4
14.512
68.448
14.92
69.336
14.968
71.544
15.136
63.672
17.584
62.52
15.472
68.928
14.68
70.656
15.448
63.024
23.296
62.472
15.184
62.4
23.272
69.288
21.04
63.096
25.408
72.744
21.016
71.472
23.944
62.4
15.112
63.048
20.8
62.496
16.168
68.544
15.856
62.472
24.544
62.64
24.592
62.688
24.16
62.736
22.888
63.144
20.776
69.192
15.544
70.92
23.272
62.448
15.28
69.336
22.768
68.304
14.536
63.552
14.344
62.52
20.272
70.128
22.84
62.376
14.608
68.184
14.776
62.472
17.344
62.52
21.232
68.928
25.6
62.616
22.888
62.184
15.496
70.152
15.904
62.04
16.672
70.128
22
66.936
21.688
66.984
21.496
68.952
15.544
62.52
21.232
62.448
23.8
62.496
26.848
62.544
18.016
62.352
23.824
66.6
16.792
70.488
22.12
60.936
16.288
68.784
24.136
68.952
22.504
61.08
21.592
69.168
16.48
67.416
23.728
68.544
15.736
68.712
16.264
71.4
17.992
66.648
16.12
67.896
18.328
63.024
16.936
68.352
24.304
60.36
22.432
69.408
18.76
60.576
16.888
60.624
22.816
70.152
22.984
62.52
22.192
61.368
16.96
69.216
16.048
68.544
22.816
60.792
16.144
60.48
22.552
60.288
16
68.616
23.368
60.624
28.816
68.592
20.944
62.28
20.872
67.008
20.44
69.096
15.088
68.904
14.296
67.152
22.264
62.76
20.632
62.448
22.24
69.336
20.968
61.704
14.656
69.672
22.504
61.56
17.152
61.488
15.16
69.816
23.128
67.104
23.056
70.272
15.064
69.24
21.352
67.848
21.28
69.696
21.088
68.784
15.736
60.792
21.904
68.76
21.832
68.808
27.4
60.816
18.448
60.744
16.696
66.792
17.104
61.08
17.152
66.288
17.92
62.136
23.608
62.664
24.376
72.192
15.304
66.6
20.872
72.048
16.84
60.936
27.928
62.424
14.296
62.592
19.624
60.96
22.672
68.928
19.72
69.696
19.888
68.784
16.696
69.312
26.344
69.72
22.912
61.008
17.32
64.176
15.088
61.224
15.016
68.832
20.704
62.4
27.952
60.888
25.96
66.696
14.608
71.424
22.456
61.272
20.704
61.44
28.432
60.888
22.96
62.496
23.368
68.304
28.216
69.312
14.584
68.28
15.592
69.768
22.6
69.936
20.488
70.104
21.616
68.952
14.584
62.4
19.072
67.248
21.28
69.336
15.808
67.464
60.672
62.28
66.888
20.864
62.376
13.232
62.304
21.2
62.472
23.408
68.88
18.896
67.128
20.984
61.416
23.912
67.344
27.2
67.392
13.808
69.6
23.696
61.728
13.904
61.776
19.832
69.864
13.88
63.072
19.808
69.84
19.256
71.088
14.384
68.016
16.712
68.904
24.304
62.712
14.032
70.08
23.68
70.248
21.208
71.016
68.304
21.56
70.872
21.032
68.4
18.92
70.728
21.016
62.496
62.424
15.384
62.472
62.4
13.44
70.848
12.888
66.216
20.728
68.184
18.976
68.592
21.184
66.6
13.192
62.328
19
61.296
14.008
61.344
61.272
62.52
13.152
69.288
26.304
69.216
15.672
66.864
24.6
61.152
20.928
61.2
19.656
68.688
19.584
69.936
24.552
67.224
13.56
62.472
21.528
69.6
19.536
69.528
23.544
67.656
19.992
67.824
14.16
68.592
21.768
69.48
19.776
69.648
13.704
62.376
13.272
70.704
27.12
68.112
23.928
62.52
14.016
62.688
20.424
62.016
16.392
62.424
22.68
69.912
23.088
62.04
15.936
62.208
14.064
70.176
14.112
69.384
13.8
69.192
15.888
67.32
27.216
69.168
16.704
62.376
24.192
62.544
13.44
62.352
15.048
68.04
22.776
62.208
21.264
69.936
19.512
69.744
24.96
62.112
17.208
69.72
15.816
69.888
16.344
62.496
25.632
62.544
23.88
62.592
16.248
69.12
27.216
61.488
22.944
67.536
13.632
63.024
17.312
68.712
21.2
62.28
23.768
66.768
20.936
69.216
26.504
66.864
16.592
68.952
21.2
61.32
16.688
61.488
26.456
69.696
27.104
69.504
24.992
67.512
25.16
66.84
17.768
66.528
29.336
70.536
16.664
69.264
14.192
67.152
14.36
62.4
17.168
66.768
22.256
62.496
14.624
62.544
15.032
60.672
15.08
68.76
14.768
68.808
20.336
66.576
24.584
62.424
22.712
62.592
21.08
69.72
23.408
61.128
23.096
67.056
29.504
61.344
15.272
69.432
15.32
67.56
24.968
62.328
23.336
69.696
20.864
70.824
14.072
69.792
21.8
62.4
21.968
62.448
21.536
68.496
21.464
67.944
23.192
62.472
62.4
13.368
62.448
13.896
69.816
13.824
62.304
13.152
62.232
15.72
68.28
13.248
62.448
14.256
62.496
19.224
62.664
16.032
70.512
19.44
70.68
13.608
62.688
21.216
68.496
24.864
62.664
62.472
62.64
19.2
62.688
68.616
12.864
70.704
68.952
18.464
69
15.632
63.288
19.16
62.496
21.848
68.664
15.776
71.112
13.544
69.12
21.632
69.168
16.16
62.376
18.968
62.424
21.296
69.672
13.544
71.52
13.112
62.448
19.64
69.096
27.008
68.304
19.256
62.472
19.304
62.64
70.968
13.208
68.136
70.344
68.112
15.44
62.52
19.448
62.688
13.496
62.376
13.304
62.544
21.392
70.272
13.76
62.4
14.408
62.568
27.656
70.896
19.304
62.904
14.792
70.632
22.52
70.68
22.928
62.928
62.376
23.872
63.144
22.256
70.992
26.984
63.12
21.392
70.848
13.64
62.496
13.688
62.424
21.896
69.072
13.424
62.52
15.752
70.968
27.08
63.336
19.448
71.184
14.096
71.232
15.344
68.64
21.272
68.688
15.56
62.256
21.608
62.784
21.776
62.472
20.264
63.6
27.992
63.768
20.24
71.976
22.568
72.144
20.216
71.832
16.904
72
22.352
62.448
16.52
69.816
13.688
62.424
70.752
69.48
19.168
62.448
19.024
62.496
15.352
62.664
13.48
69.072
19.408
71.4
25.696
62.328
19.144
71.616
15.952
62.304
19.48
68.472
20.368
63.72
25.816
70.128
19.744
64.176
21.592
72.144
13.72
72.072
25.168
64.2
13.936
72.288
13.864
62.736
23.512
71.304
13.48
69.552
13.288
71.52
15.856
71.208
21.664
71.016
19.912
71.184
19.96
62.472
22.048
62.88
19.216
70.848
20.224
71.976
24.712
69.264
14.32
63.432
13.888
71.4
63.408
21.648
62.736
19.776
70.944
68.952
13.632
62.76
26.4
71.448
13.728
69.456
24.216
62.424
13.224
62.472
16.512
62.4
13.56
71.448
13.608
62.376
19.28
71.064
15.608
69.432
69.24
21.448
71.448
64.896
13.384
69.744
23.032
62.472
68.64
21.312
62.808
13.32
62.976
21.104
69.144
26.912
62.352
21.32
70.56
13.328
62.808
21.056
71.736
19.424
69.024
24.872
62.352
14.24
62.52
21.728
71.328
13.496
69.576
13.664
63.984
15.872
64.152
19.52
62.4
22.208
69.768
14.216
62.496
20.024
62.304
21.992
64.152
13.64
71.76
19.448
64.008
13.736
64.176
22.424
62.424
25.352
62.952
14.36
63.84
22.208
62.688
16.976
71.856
20.744
72.264
22.712
70.392
14.96
72.48
14.048
62.328
19.976
70.656
20.984
65.064
62.472
20.776
73.32
13.384
71.688
24.592
65.496
19.6
62.304
12.928
62.472
13.336
72
74.088
23.016
66.456
26.584
62.424
74.352
20.896
62.52
15.304
62.688
24.592
62.496
21.4
68.304
19.528
65.952
19.016
73.8
19.016
72.048
62.376
21.752
72.264
74.472
13.152
72.6
72.408
19.016
62.736
73.944
19.352
71.952
15.56
70.32
13.568
74.448
21.296
76.056
14.024
66.984
26.552
74.832
72.6
19.984
62.808
23.032
62.376
14.32
68.904
73.032
22.216
67.44
73.368
62.376
62.544
18.44
75.312
22.208
62.52
14.936
62.448
13.544
73.656
22.472
62.304
19.64
62.352
22.808
70.68
15.176
67.608
23.264
67.656
21.272
73.704
21.2
76.752
27.968
62.52
20.816
67.968
23.144
62.496
14.912
67.944
15.56
62.472
19.688
62.64
22.856
76.368
26.984
73.416
27.032
75.504
23.6
67.512
21.368
62.52
23.336
62.448
27.104
76.176
21.392
62.424
17
62.472
15.368
74.04
23.336
73.848
21.344
73.896
15.392
73.344
23.6
69.192
21.728
62.4
24.056
67.128
16.904
75.216
20.432
67.584
23.96
67.632
25.568
67.68
16.256
62.328
24.584
62.256
28.952
62.784
23.6
73.872
16.208
62.28
22.016
73.728
14.504
62.496
25.592
62.544
16.52
71.592
24.848
62.28
14.456
70.128
26.864
62.376
23.432
71.304
16.76
73.392
19.928
65.76
16.976
62.448
26.624
62.256
20.552
62.424
26.36
62.592
15.008
71.76
22.976
62.448
14.744
74.136
27.752
71.664
15.2
73.632
22.448
71.16
15.296
62.328
28.184
62.496
26.432
62.544
20.96
71.952
23.288
71.88
15.416
62.328
16.064
66.216
17.432
62.784
16.4
66.552
23.648
62.4
17.456
74.688
25.544
63.336
24.272
69.264
16.52
66.552
24.608
62.76
15.896
62.328
16.904
74.376
15.632
62.424
26.12
72.432
25.208
66.48
16.376
72.288
29.264
62.256
24.752
72.264
24.68
62.712
17.288
74.4
21.656
66.768
24.824
62.256
18.992
62.424
27.44
62.592
15.848
74.04
22.376
73.008
16.064
71.016
14.672
68.424
14.6
73.152
21.608
62.76
14.816
62.448
29.024
62.496
16.952
71.784
22.88
74.112
20.768
68.52
21.176
66.408
15.344
74.256
27.632
69.144
15.2
72.432
17.648
66.84
17.576
66.768
21.344
66.936
15.992
74.064
24.08
72.192
16.328
66.36
21.416
72.528
24.104
66.096
22.832
72.144
17.36
62.472
16.208
66.72
28.016
72.408
27.824
74.016
24.632
71.664
24.44
66.072
16.928
65.16
24.656
62.448
17.264
62.616
26.312
62.784
25.04
62.592
17.888
72.72
24.776
62.448
21.584
70.656
24.992
64.944
24.92
70.872
16.928
65.28
17.456
62.448
16.904
62.496
24.632
68.664
16.88
72.792
28.568
62.28
25.376
73.128
28.664
71.496
17.912
62.304
23
65.832
26.168
72.24
24.176
72.048
17.264
62.256
17.072
62.304
18.32
68.472
26.888
62.52
19.256
72.288
28.904
66.576
26.312
72.624
23.72
74.232
20.888
62.52
18.296
74.688
24.104
72.696
19.472
75.144
23.48
62.472
17.528
73.2
16.376
62.328
25.904
75.336
22.232
62.424
16.64
63.072
17.048
69.12
17.096
71.328
20.144
75.096
23.192
67.464
25.16
67.632
17.288
73.8
30.296
76.128
17.384
68.256
31.592
76.104
17.12
72.672
30.008
75.6
23.576
62.328
18.944
62.376
27.392
62.544
16.64
62.592
19.088
67.08
22.976
67.008
16.664
67.176
16.832
66.504
29.36
72.192
18.488
72.12
16.136
71.808
16.304
66.696
18.512
74.664
16.76
75.912
24.488
62.4
30.656
75.288
24.944
63.576
26.912
67.104
24.68
69.552
17.408
69.24
29.096
62.328
25.184
66.216
29.432
74.184
25.04
62.472
23.888
72.72
27.056
62.808
17.384
73.776
25.592
65.184
16.88
62.472
23.648
62.88
22.856
64.128
23.264
70.176
25.232
72.384
17.48
72.792
26.888
62.4
23.936
70.128
21.344
64.176
15.872
64.104
28.52
62.472
20.888
62.28
20.936
72.408
21.104
62.256
14.912
70.344
20.72
64.752
20.288
72
22.976
69.648
15.224
71.376
15.632
63.024
21.08
71.832
26.888
72.6
28.856
73.608
15.224
70.896
27.152
71.064
18.44
73.152
29.648
62.52
29.216
62.688
15.104
62.256
15.632
71.664
26.84
66.072
21.728
62.52
23.576
66.048
17.744
62.856
24.032
74.784
15.44
62.952
20.648
65.16
25.736
72.408
23.384
64.776
27.152
69.504
13.52
62.472
13.688
70.8
15.904
70.968
15.832
62.256
73.944
64.992
13.152
62.52
19.44
71.208
22.128
65.256
27.816
62.424
14.064
70.512
26.112
62.28
19.92
70.968
27.888
70.416
28.056
71.184
24.624
62.352
25.032
62.52
28.44
62.568
24.048
62.616
27.456
65.904
14.064
71.952
22.152
74.04
19.92
62.328
27.648
74.376
22.296
62.784
14.664
65.352
20.352
71.4
22.8
71.808
25.008
62.736
20.976
68.424
17.544
73.152
21.072
73.92
15.6
62.448
21.408
70.776
23.496
72.384
15.144
62.472
27.072
63.24
20.64
71.328
23.448
62.736
15.696
71.544
15.624
71.712
21.432
62.28
25.92
62.448
21.648
62.616
20.496
67.464
15.864
61.872
15.912
62.52
21.96
62.568
20.088
70.176
13.896
62.424
20.544
70.152
22.632
62.4
14.88
62.568
14.928
62.376
14.496
70.704
14.664
70.392
22.632
68.64
14.4
62.448
27.768
70.536
15.096
70.104
22.944
62.352
15.072
62.28
22.68
68.688
20.448
68.736
23.736
71.784
22.224
62.472
17.352
70.92
16.44
70.968
21.528
62.256
15.696
69.024
20.784
70.872
15.672
62.64
27.48
63.768
17.448
62.616
23.136
69.384
17.664
62.352
25.032
71.52
15.36
68.688
19.368
68.016
26.976
70.224
17.544
62.472
17.712
67.68
25.08
67.608
27.528
62.496
15.456
68.784
17.424
61.152
27.312
69
17.76
67.128
19.488
67.056
24.096
69.264
15.864
69.432
26.472
62.52
20.04
62.568
19.128
70.056
26.376
62.064
28.944
67.752
16.152
69.96
25.2
61.728
23.088
67.416
19.176
63.024
18.384
69.912
27.312
68.64
18.72
68.448
25.368
62.376
29.496
70.824
26.544
70.872
20.952
71.76
24.84
62.928
31.848
61.776
27.336
61.944
23.304
67.032
25.272
69
22.8
61.248
16.368
61.056
17.616
69.264
21.504
61.512
15.672
69.6
16.2
61.608
19.608
69.936
16.656
67.824
24.024
69.792
32.712
69.24
22.2
61.488
30.768
66.936
24.336
61.344
24.864
69.432
16.872
67.68
22.8
69.048
24.528
67.296
24.936
69.504
32.424
69.672
22.872
69.6
24.36
61.728
26.208
61.896
28.656
61.944
17.064
70.032
23.592
68.76
16.8
67.008
23.928
69.096
17.136
67.344
22.224
70.392
25.152
61.8
25.92
69.768
25.128
67.056
19.056
62.424
17.664
68.712
17.232
62.52
25.92
69.048
25.968
62.496
23.616
62.544
18.264
68.352
30.672
68.88
27.84
66.888
23.208
68.976
17.616
62.784
19.584
69.312
24.912
67.44
29.52
63.048
18.888
67.896
16.296
67.944
16.464
62.352
22.632
68.04
19.08
70.128
24.888
68.376
27.096
68.304
17.544
62.472
17.232
62.52
23.52
69.648
18.048
67.896
25.416
67.584
30.144
62.472
19.392
62.28
25.92
70.368
24.048
62.496
22.896
68.784
19.104
62.712
16.512
62.28
25.68
63.048
22.128
69.216
18.096
68.424
27.984
62.352
17.232
68.76
28.44
68.448
26.688
62.496
25.056
68.544
18.504
62.952
17.352
63
29.64
68.448
26.808
62.496
18.576
62.424
24.984
62.592
21.432
62.52
19.32
68.568
18.888
62.976
26.616
71.664
28.464
62.352
29.592
70.92
24.48
70.128
24.048
67.776
17.736
67.344
23.664
62.472
20.112
67.2
18.24
69.408
18.168
70.296
17.376
67.704
26.184
62.352
20.712
69.48
18.36
68.448
18.048
60.576
25.776
68.664
17.664
62.952
17.832
66.48
24.96
66.528
31.248
68.616
17.016
62.424
17.544
61.272
17.472
67.2
17.52
69.648
31.368
69.696
19.776
68.904
18.144
69.672
25.272
60.96
16.92
70.008
31.608
61.296
17.376
61.344
17.064
67.152
24.192
69.36
23.64
67.368
21.408
67.296
23.256
62.424
15.384
67.392
23.472
62.4
15.36
70.848
15.888
70.176
21.216
62.424
21.864
61.872
16.272
69.24
20.64
68.688
23.448
69.936
24.936
69.144
15.864
62.472
27.072
62.52
17.76
62.568
23.568
62.376
16.296
69.264
25.224
61.632
22.632
69.72
23.88
62.448
25.128
69.336
16.056
67.104
22.224
64.752
16.032
66.24
21.6
60.288
29.088
62.136
24.216
65.664
15.864
62.472
15.672
63.24
23.64
68.568
23.208
60.576
21.816
62.184
17.064
61.032
22.152
60.12
20.16
61.848
15.888
66.336
26.496
65.424
25.584
62.352
15.072
62.4
20.52
62.568
16.608
62.376
20.256
69.144
14.904
68.952
14.352
61.2
14.4
60.768
14.448
68.616
24.336
66.744
28.704
62.472
24.432
62.52
21.12
62.688
26.688
62.376
14.376
60.984
13.824
69.072
26.472
62.52
19.2
62.328
16.008
60.816
13.416
68.904
21.744
60.912
16.152
62.28
22.2
62.448
22.248
66.456
16.656
62.304
19.944
61.032
19.992
60.96
22.8
61.848
14.208
68.376
22.056
66.504
19.104
62.232
19.632
69
14.4
68.928
24.168
67.176
14.256
60.864
19.944
66.792
14.112
61.08
19.44
60.888
23.208
66.936
22.176
67.104
26.664
69.552
19.392
62.28
21.72
67.008
14.448
67.056
13.896
67.104
24.384
70.512
14.712
68.76
21
68.808
22.128
62.016
25.416
62.184
21.744
68.712
22.872
62.52
14.4
62.688
22.368
62.496
16.536
66.744
24.264
68.952
21.912
61.08
22.8
62.328
16.728
62.376
22.536
66.624
28.464
60.792
20.712
62.4
15.24
62.568
14.568
62.736
21.216
62.664
25.464
69.072
21.192
61.32
20.88
67.608
23.088
61.656
15.456
61.824
15.264
61.752
14.712
61.68
19.56
70.248
21.408
62.496
14.136
69.264
22.344
69.192
19.632
70.32
22.32
62.448
22.008
62.496
20.376
62.424
21.984
61.632
21.552
62.28
15.96
62.328
26.928
62.016
23.856
68.064
19.464
62.352
21.072
62.28
15.96
63.408
21.168
62.736
62.544
62.472
12.864
62.04
18.912
61.968
62.376
19.248
62.184
13.656
70.152
21.144
69
67.128
15.44
62.376
19.328
69.384
21.456
61.752
62.52
12.864
62.568
69.456
21
62.424
23.448
70.392
18.816
62.28
13.464
68.568
21.192
62.256
13.56
62.424
19.128
68.472
13.656
66.6
23.424
62.208
19.32
67.056
19.248
69.024
13.176
67.152
13.824
69.84
21.912
62.448
20.16
62.016
22.248
62.544
62.472
20.304
60.84
62.328
62.376
62.304
20.616
70.392
21.384
60.36
13.632
60.528
15.96
66.096
23.088
66.264
19.176
61.872
19.344
68.4
16.152
62.568
16.08
66.936
25.128
61.344
23.256
71.472
13.584
69.24
23.712
61.368
17.76
61.536
13.728
63.144
20.136
70.032
23.304
70.44
14.112
69.408
13.92
67.896
15.408
67.824
21.216
62.472
20.784
70.2
23.112
62.448
18.48
62.616
13.848
62.784
13.896
70.752
14.304
68.28
19.512
71.208
27
68.376
19.488
62.784
22.056
63.552
14.184
63
22.392
62.688
21.96
62.736
14.808
62.424
27.336
62.472
15.264
70.56
23.952
62.448
23.28
62.616
13.848
62.424
23.616
70.512
20.304
63.36
13.632
68.688
19.68
70.896
18.768
62.304
18.936
62.352
70.44
17.576
70.368
68.016
22.128
68.784
17.976
70.032
13.224
62.52
24.072
70.488
25.92
62.616
23.688
62.424
19.176
71.112
16.104
69.72
26.712
61.728
24.12
69.696
16.368
69.864
19.536
62.832
16.824
60.84
30.072
70.368
22.08
68.616
30.048
60.984
23.376
68.592
23.784
62.16
17.352
60.888
22.8
62.496
24.168
62.664
14.856
69.312
24.624
61.44
15.312
61.608
14.52
67.536
31.128
69.624
22.176
61.872
16.344
70.08
18.912
67.368
24.6
68.736
30.528
68.424
21.336
62.232
23.424
68.76
15.552
68.568
29.04
62.736
23.328
62.424
17.136
62.592
15.024
62.76
14.592
62.448
22.68
60.696
22.488
69.624
23.496
60.912
28.104
62.4
21.312
66.888
30.48
62.256
15.648
70.584
25.776
68.592
15.384
68.76
21.312
62.328
18
61.056
26.328
69.144
21.816
62.352
16.344
68.76
21.792
62.328
29.52
68.616
21.168
68.544
16.176
62.232
25.704
62.28
15.432
62.448
20.4
60.936
20.328
62.904
22.776
62.832
27.864
62.88
20.232
62.688
26.28
62.616
19.728
68.904
14.976
61.272
23.424
70.56
26.592
70.608
21.48
62.976
20.808
69.144
26.856
69.192
16.104
67.32
17.952
69.288
26.04
69.696
24.408
61.704
26.856
69.432
22.704
61.44
20.112
61.608
22.32
67.536
22.728
69.384
24.216
66.792
15.624
62.52
18.912
69.048
17.16
69.096
24.888
68.904
23.016
68.832
24.864
67.2
16.632
61.248
22.32
67.296
16.608
61.344
22.656
61.272
24.864
67.08
22.272
69.288
24.6
67.296
16.368
68.544
17.016
66.672
16.824
62.64
17.472
68.568
23.4
60.816
24.048
62.304
16.656
62.472
26.544
69.12
28.272
70.488
16.56
69.456
18.528
69.864
27.576
67.872
26.424
62.4
20.712
68.208
14.88
62.496
23.208
67.224
20.496
70.752
16.704
69.48
22.752
61.728
26.88
61.896
16.848
61.584
23.256
67.392
24.864
62.52
21.432
71.928
21.24
62.856
25.008
69.504
23.496
72.552
16.704
67.32
15.432
69.168
27.6
69.816
27.408
70.224
18.576
69.912
23.064
62.04
21.672
67.728
17.52
70.416
16.848
68.184
23.736
70.512
27.984
62.4
25.392
68.808
24.12
61.176
17.688
70.224
19.896
69.312
23.064
65.04
20.352
66.768
25.2
69.816
17.928
69.864
17.736
63.072
23.424
62.64
25.512
62.448
18
61.176
19.608
66.744
24.936
70.752
17.304
68.52
25.272
69.408
25.08
68.136
17.928
62.784
17.976
66.312
18.384
61.8
25.752
68.328
18
69.456
20.328
60.624
18.096
71.832
17.784
62.4
24.432
62.568
17.76
69.336
26.328
69.264
23.856
67.152
26.544
61.56
18.192
61.608
20.52
67.296
19.128
67.464
19.296
61.512
27.264
71.16
25.392
61.608
26.4
73.416
19.128
65.544
18.696
62.352
20.664
71.64
18.192
68.448
25.2
62.256
16.248
62.304
17.256
68.352
24.024
66.24
22.272
62.088
26.88
62.256
15.528
68.544
17.736
62.592
27.984
66.96
22.032
61.128
17.76
70.296
20.568
67.704
18.216
61.872
24.144
70.08
24.672
68.088
22.68
70.056
22.848
68.544
19.416
70.032
25.344
68.28
23.472
62.568
18.72
68.736
30.288
71.664
17.616
62.832
23.904
71.88
27.912
62.688
15.36
68.616
28.008
68.184
27.816
62.472
23.664
62.52
25.152
68.208
25.2
68.256
15.648
70.464
23.496
68.592
20.544
62.88
14.832
71.568
30
62.736
23.808
68.664
15.456
70.632
24.024
62.64
18.192
68.688
22.08
71.856
17.928
71.904
16.536
62.472
29.904
62.52
15.192
70.248
18.6
71.616
16.128
62.784
22.776
62.832
27.144
68.88
29.352
70.968
27.6
70.776
25.608
63.024
23.376
71.112
24.984
63.36
16.392
69.288
22.44
71.496
19.728
69.624
16.296
63.192
26.784
63
16.632
62.928
21.12
68.736
14.088
70.104
16.296
68.352
20.184
70.32
14.472
62.568
22.08
70.656
28.008
63.024
15.696
63.192
63.24
21.352
63.408
28.96
69.336
23.488
71.424
27.136
63.792
13.864
63.96
18.112
69.528
22
63.936
16.888
63.864
16.096
69.792
18.784
63.72
15.232
71.808
23.08
64.176
16.408
72.024
21.376
69.672
18.184
71.88
22.192
69.048
21.88
71.016
24.208
63.024
14.656
63.072
14.584
62.88
27.832
70.608
24.76
62.976
22.168
70.944
20.176
69.072
14.704
71.16
28.192
70.848
23.08
62.976
20.848
72.144
20.656
70.752
14.824
69
20.512
70.968
22.96
68.736
20.848
70.944
20.416
72.072
15.304
62.64
21.112
62.568
20.32
62.496
23.128
71.544
15.016
62.952
22.744
62.52
14.992
68.808
15.04
71.976
19.168
63.144
21.376
63.312
71.16
21.44
63.528
14.048
69.456
13.256
63.144
19.784
63.192
15.752
68.28
21.8
62.568
19.208
70.656
20.096
69.024
13.304
71.712
70.92
12.864
70.848
70.776
62.784
21.408
70.992
13.416
70.92
25.104
63.288
13.272
68.976
21.24
63.384
13.128
71.472
62.52
13.152
70.608
13.2
68.856
15.44
63.144
71.112
13.416
71.04
13.584
62.928
62.616
18.968
70.464
20.216
67.872
18.704
69.96
14.552
69.048
23.6
67.176
19.088
70.224
20.936
69.432
22.784
61.68
67.368
20.472
61.056
67.104
62.472
20.976
62.28
17.184
66.768
19.272
60.936
19.08
69.024
25.728
71.592
14.136
60.6
25.344
72.048
25.512
69.096
22.68
67.224
20.568
69.192
20.376
62.52
13.104
68.808
61.176
15.344
60.744
13.472
71.232
21.68
66.36
13.448
68.448
21.536
68.136
19.304
63.504
14.192
60.792
28.04
69.24
14.528
69.048
20.216
69.216
28.064
61.224
14.672
67.392
14.84
70.56
14.408
69.288
15.296
69.096
20.984
67.344
19.832
64.272
25.4
64.32
22.688
69.528
16.376
70.416
13.664
67.344
24.872
61.272
22.04
62.76
13.688
64.848
16.016
67.296
22.664
70.944
22.472
70.752
21.68
68.04
22.328
62.808
19.376
70.296
15.488
63.624
19.376
69.552
13.304
69.36
19.712
69.408
13.76
67.656
19.808
70.104
16.016
67.752
20.024
69.96
19.832
61.608
14.48
69.936
14.288
68.784
25.856
68.832
19.784
68.88
28.352
61.008
21.32
61.176
13.568
68.904
19.016
61.272
13.664
67.2
26.912
67.128
21.32
66.936
21.968
69.984
27.416
67.272
14.144
69.36
23.792
61.728
20.12
67.776
22.448
69.984
22.016
62.232
15.104
68.4
26.552
70.608
24.8
70.776
15.128
69.144
15.056
70.992
17.144
63.36
14.912
69.528
20
63.576
13.688
63.744
21.656
63.792
15.944
71.76
71.208
19.52
63.576
13.152
69.264
21.96
71.472
70.56
19.592
70.248
23.48
71.616
13.152
70.464
13.32
72.072
18.896
69
22.064
70.608
27.272
69.936
23.96
69.984
19.928
69.912
14.696
69.84
19.664
69.648
21.752
69.576
20.6
67.584
24.608
69.672
22.256
61.92
25.424
67.968
70.176
21.728
68.424
15.536
62.712
20.024
62.16
15.992
68.088
14
68.256
20.648
70.584
20.216
62.832
22.304
62.52
13.832
69.048
25.52
71.256
19.208
62.544
12.896
62.712
70.8
12.864
62.808
69.096
21.016
69.024
25.144
63.312
13.552
69.36
27.136
69.408
19.504
63.576
13.072
71.664
22
72.072
13.408
72
21.256
64.368
14.344
70.416
21.712
71.544
15.4
71.592
14.248
71.76
21.256
71.808
19.864
69.696
14.032
71.904
26.92
64.272
19.408
72.36
70.248
72.456
18.896
70.344
18.728
64.752
13.136
70.8
15.344
73.008
19.232
73.056
13.16
71.304
19.688
70.752
21.416
62.52
70.728
23.152
73.296
13.12
64.704
26.728
70.152
19.456
70.2
64.608
19.016
70.896
15.704
70.944
24.304
70.992
65.16
19.088
71.448
21.776
71.496
15.704
65.424
18.752
71.592
15.32
65.88
23.288
73.728
71.976
66.264
21.728
71.832
66.24
21.584
66.168
74.016
15.304
73.944
22.312
72.072
20.44
74.4
14.728
72.408
19.576
74.496
22.384
72.864
13.792
72.912
21.64
67.08
14.128
73.008
24.496
75.336
15.304
67.464
15.112
75.072
19.96
67.44
15.328
67.608
13.816
75.696
25.744
73.704
22.912
75.192
16.36
75.24
15.568
73.248
15.016
67.656
25.144
73.704
13.672
68.112
22.72
73.92
28.288
67.728
13.44
67.896
15.528
66.624
66.552
18.896
72.6
20.984
71.568
73.536
65.904
19.776
73.872
73.92
15.152
65.568
19.04
73.416
73.464
19.032
71.592
13.44
73.68
71.688
26.304
71.736
19.272
66.024
74.112
13.152
72.12
66.528
74.616
21.488
66.864
13.224
73.032
21.432
75.24
18.84
73.368
24.768
73.416
21.216
72.144
19.584
66.072
23.832
66.24
22.2
72.288
14.448
66.696
22.176
66.864
22.104
72.912
16.872
74.88
22.56
74.568
14.088
72.696
21.096
72.744
20.184
74.472
20.352
72.72
74.808
13.136
74.976
19.304
73.104
16.112
72.192
19.28
74.28
21.488
71.808
13.976
66.216
19.784
65.904
24.872
73.752
13.52
73.68
21.848
65.928
19.496
71.736
20.864
73.464
23.552
73.512
71.52
71.568
73.656
71.784
19.016
73.392
20.984
71.52
18.992
71.688
13.4
71.376
15.608
65.544
13.496
74.472
19.504
73.32
13.432
65.688
13.488
71.736
66.024
13.2
72.072
66.12
72.048
21.624
74.136
13.872
72.504
19.92
71.592
24.312
65.88
13.92
65.208
14.088
64.416
72.504
21.72
73.752
22.368
72.6
14.752
64.608
19
72.576
13.528
72.264
16.936
73.392
27.784
70.08
15.112
70.128
15.16
70.296
20.368
63.984
23.056
71.952
19.984
63.84
17.752
71.928
23.32
73.056
20.368
64.224
21.856
72.192
21.064
64.56
27.112
64.728
28.96
70.776
23.968
65.184
14.656
64.872
14.584
72.6
14.392
64.968
13.96
72.936
17.128
65.184
17.296
70.872
20.704
72.96
14.872
71.328
29.08
74.256
23.488
73.464
20.896
72.072
14.944
74.64
23.152
71.928
14.92
74.136
22.768
72.024
14.416
66.312
14.344
72
14.032
66.168
13.84
74.256
21.808
75.384
15.736
72.432
14.224
66.84
16.552
72.408
23.8
74.496
14.488
72.744
20.176
75.792
14.584
67.08
16.792
73.128
23.2
75.096
26.848
67.464
15.616
73.632
19.624
73.68
23.392
73.728
22.72
75.816
23.128
75.984
15.016
72.792
21.304
74.52
23.272
74.328
20.8
72.336
26.128
74.424
15.616
66.792
21.064
66.96
23.992
74.928
29.32
72.936
24.328
75.024
22.456
75.192
15.304
73.44
15.712
67.608
18.28
73.176
15.448
73.344
21.736
73.272
24.304
67.68
22.672
66.768
20.32
74.736
14.968
71.424
14.896
73.632
14.224
74.88
22.792
73.848
20.56
65.976
14.608
71.184
20.776
65.592
17.224
65.76
23.272
71.568
17.44
73.776
15.328
71.664
23.536
71.832
16.504
71.88
22.312
73.848
22.36
71.736
16.048
73.704
23.896
65.712
23.104
74.76
15.352
65.808
25.36
71.616
21.928
71.784
16.816
73.992
20.464
66.24
23.872
62.688
17.32
73.776
15.688
73.464
15.256
74.712
14.104
72
23.632
72.048
21.64
66.456
23.368
72.264
23.176
75.432
19.744
74.52
22.432
72.408
22.6
74.376
20.968
75.624
22.456
72.672
20.944
72.48
14.752
72.408
17.08
75.576
20.728
66.864
21.376
74.592
15.184
72.84
15.112
67.128
17.32
72.936
23.008
74.904
20.776
72.792
14.704
75.24
15.232
72.888
14.92
72.696
20.608
74.904
15.136
74.352
29.464
72.6
22.912
72.528
29.44
72.696
23.128
66.264
15.256
66.312
20.464
74.28
23.152
70.368
22.96
66.816
22.408
71.904
23.296
71.592
15.784
73.8
21.352
71.928
15.64
75.216
20.488
73.704
22.696
71.952
22.264
74.16
19.912
66.288
14.68
71.736
19.528
66.024
14.416
71.832
25.624
74.64
19.792
71.808
16.24
65.976
21.448
73.824
22.096
66.072
13.384
74.16
13.216
66.528
21.664
75.576
13.672
66.984
27.76
67.152
21.328
62.52
13.576
67.248
21.544
76.296
14.272
67.584
73.392
13.528
73.44
13.096
74.928
25.424
74.976
19.472
73.104
21.92
67.512
67.68
21.12
76.008
21.648
74.136
18.936
76.104
18.984
76.632
13.272
68.4
13.92
76.488
19.608
75.816
27.216
76.944
13.584
76.992
21.672
62.52
25.8
62.688
13.848
74.496
20.136
74.544
22.224
66.792
18.872
75.24
13.44
72.528
66.936
18.816
72.624
15.384
72.792
15.912
75
72.768
72.336
13.152
75.024
19.2
72.192
66.48
23.032
74.568
13.36
72.816
13.408
76.104
15.856
66.672
21.304
75.48
19.672
72.768
74.856
13.696
72.744
19.384
74.472
66.84
74.568
71.976
73.824
19.384
66.192
18.952
75.48
13.72
66.408
14.248
72.696
15.736
74.784
22.024
75.672
22.072
72.84
15.04
74.928
22.168
75.096
14.296
66.504
27.184
74.112
24.832
72
15.52
65.208
22.048
71.136
21.736
65.544
15.424
74.232
18.112
71.52
26.2
65.808
15.328
71.136
29.296
71.184
24.664
71.232
22.432
65.4
27.04
73.488
23.848
70.656
21.616
72.504
16.264
72.192
21.712
72.36
21.76
72.288
16.168
72.336
23.176
64.704
22.984
70.512
21.232
64.92
20.56
64.488
24.688
69.816
22.456
71.784
22.624
64.032
20.392
70.08
24.52
71.928
20.248
69.936
21.016
73.464
15.784
72.192
14.992
70.44
15.4
64.008
16.168
71.976
15.376
72.144
22.504
72.192
15.112
63.84
14.8
63.288
21.208
63.216
22.456
72.144
22.864
63.432
17.032
71.52
15.52
63.888
20.968
69.816
15.256
69.984
15.304
64.392
26.392
70.32
21.52
70.728
22.048
64.296
21.616
72.384
25.984
64.512
16.312
72.6
22.24
70.128
25.048
69.816
24.856
73.104
16.864
70.152
23.032
62.52
16.6
64.368
25.168
64.536
17.056
64.704
16.384
64.632
23.992
73.68
28.6
70.848
17.368
70.896
21.256
70.584
21.904
64.272
15.112
72.36
26.68
72.408
23.248
63.936
15.736
71.904
22.024
69.912
21.592
69.96
26.68
63.888
23.128
64.056
23.776
70.104
28.384
71.832
20.272
63.96
15.04
71.808
26.248
73.176
21.496
73.344
24.784
72.072
21.832
72
24.4
69.888
16.528
72.096
15.256
71.784
25.384
71.952
20.152
70.08
16.72
64.368
13.528
64.296
22.456
71.664
20.824
69.312
14.152
62.52
19.96
69.408
18.928
69.096
12.976
71.304
27.064
63.432
21.352
69.48
19.48
63.408
72.336
25.224
63.144
20.832
71.232
19.44
69.12
13.488
63.528
25.656
71.136
24.504
63.384
71.592
15.464
63.84
13.44
63.768
13.488
71.856
21.48
69.984
70.032
21.032
71.76
13.4
69.888
69.936
71.904
13.544
64.152
21.032
71.64
19.16
63.528
13.448
71.736
13.44
69.144
21.408
71.352
13.416
69.36
19.224
62.808
72.576
71.664
69.912
73.32
64.488
13.152
64.296
14.16
64.464
15.648
72.432
70.56
24.664
62.808
24.712
70.896
64.464
20.824
72.912
15.352
62.52
22.36
70.248
22.408
73.296
23.776
70.344
26.704
64.752
20.272
62.52
21.52
72.648
70.656
13.816
73.104
14.344
70.152
23.752
71.16
22.36
63.288
13.888
70.776
15.016
63.144
22.984
69.432
13.912
70.44
21.4
71.808
21.208
72.696
28.816
71.904
14.824
69.672
14.992
64.08
27.76
64.248
27.808
63.816
14.176
69.744
23.464
69.912
29.512
62.52
17.32
62.448
21.448
70.056
22.216
69.744
23.944
69.672
13.912
69.84
22.84
61.728
13.528
67.176
67.344
13.152
66.912
21
67.08
19.008
61.248
21.816
69.216
20.064
67.464
27.912
69.312
13.2
70.32
61.488
60.936
26.04
60.984
19.128
68.832
13.536
67.44
19.584
67.248
19.512
61.536
13.92
61.704
16.608
69.912
25.896
62.52
18.984
61.488
13.512
67.416
19.2
69.504
21.648
67.272
26.528
67.32
18.776
69.408
18.824
69.336
14.072
69.264
20.6
70.512
15.728
60.72
23.816
66.648
24.704
62.376
22.232
62.424
15.92
62.232
14.168
62.4
22.856
69.648
24.944
68.856
21.032
60.984
19.76
69.072
14.888
61.32
21.296
62.688
23.864
66.936
26.072
69.264
23
67.032
15.608
61.44
23.816
66.888
20.264
61.296
22.232
61.224
14
71.112
23.768
62.52
22.496
63.048
24.584
68.496
20.552
62.544
16.76
68.832
15.488
66.96
26.096
68.928
23.864
67.176
28.112
61.224
19.52
69.192
15.968
63.24
22.376
68.928
21.104
61.296
28.952
61.464
16.88
62.592
14.048
62.52
14.216
66.648
15.944
71.016
19.352
68.784
28.88
61.032
15.608
61.2
20.816
62.328
15.584
66.816
22.952
61.224
23
67.152
26.768
67.32
22.616
67.488
15.344
69.336
14.792
67.824
15.44
67.872
29.528
62.04
21.296
68.208
21.704
70.416
29.552
70.344
21.92
68.592
21.248
62.64
21.656
62.568
19.184
62.736
15.032
70.824
14.36
69.912
19.928
71.16
23.696
62.568
24.344
68.736
21.512
62.904
21.56
68.832
18.248
69.36
21.416
69.048
17.384
63.336
21.152
71.304
28.52
63.672
21.008
63.48
21.056
71.208
23.264
63.216
20.912
70.464
13.64
68.712
16.088
71.88
24.176
69.168
22.544
63.456
24.632
71.424
22.88
69.432
13.328
72.6
13.856
71.568
16.184
71.496
15.032
71.664
21.68
69.672
29.288
69.72
21.176
69.648
22.904
63.576
22.112
71.304
13.76
63.672
19.688
69.6
13.256
69.048
25.184
71.016
27.272
70.704
14.48
68.832
16.928
68.76
19.856
63.048
23.024
68.976
26.192
70.944
26.12
63.072
16.448
69
20.696
70.968
70.296
27.872
69.744
19.88
61.752
67.68
21.192
61.248
15.72
61.416
61.464
24.92
69.552
17.048
69.36
15.056
69.528
25.424
61.776
15.392
61.944
21.56
70.032
19.928
68.16
21.896
62.568
25.544
70.656
21.872
70.824
16.4
68.712
14.648
70.8
20.096
68.448
21.104
62.376
27.152
70.224
26.6
68.472
17.408
68.52
14.816
68.928
23.624
68.856
23.312
62.904
23.36
69.312
23.168
63.12
63.288
63.336
69.264
21.216
69.432
63.48
15.312
63.648
23.88
69.696
28.728
71.784
13.776
70.032
19.464
64.32
22.512
73.008
24.72
63.816
28.968
69.024
16.896
63.432
17.304
71.52
29.712
71.688
27
63.096
17.928
70.344
24.936
70.512
27.144
71.4
29.352
61.968
22.56
67.896
27.528
70.464
20.616
67.512
29.664
67.32
17.472
67.488
25.68
70.056
25.848
61.224
17.856
66.912
25.464
66.72
20.832
62.448
23.16
60.936
19.848
66.624
15.576
61.032
15.264
63.12
25.272
60.528
25.32
60.456
25.248
66.264
28.656
61.992
28.824
69.36
19.272
60.408
23.04
66.456
28.728
66.624
22.896
60.672
31.104
62.88
25.272
60.888
23.64
60.576
17.808
62.184
15.216
66.672
18.024
66.48
31.152
62.448
19.8
68.856
31.128
69.024
24.696
66.432
20.064
66.36
24.792
68.568
23.04
60.936
18.528
61.104
18.576
68.112
18.024
62.04
29.112
66.648
19.2
65.136
29.448
68.784
25.536
68.832
29.544
66.96
27.432
62.208
27.6
68.616
27.768
66.744
20.136
62.352
27.984
60.96
20.472
66.888
28.32
69.936
24.528
66.624
28.536
62.472
29.304
66.72
20.832
71.928
20.88
68.496
31.488
64.464
16.536
64.512
20.784
62.52
15.792
60.648
26.4
72.096
28.608
69.144
22.776
61.392
21.264
70.2
28.872
61.368
27.48
70.056
29.208
67.224
21.216
69.192
22.224
60.72
20.832
62.688
28.8
60.576
16.368
63.144
20.976
72.432
21.504
68.64
31.032
62.328
34.08
62.496
31.368
61.344
21.456
68.952
29.304
72.12
27.552
62.448
26.52
72.096
27.768
62.424
22.176
68.712
29.424
68.88
21.192
62.448
16.68
66.936
16.848
62.664
16.536
66.672
26.184
68.52
16.632
62.448
25.8
71.496
21.048
66.744
32.256
61.032
28.584
69.12
26.232
70.128
26.04
67.416
30.528
66.984
25.656
66.792
27.864
66.96
28.032
61.128
16.8
67.416
22.848
69.264
20.496
61.632
33.984
69.6
20.832
62.808
26.28
70.056
28.728
70.104
22.656
67.752
28.584
62.52
28.752
67.968
15.48
69.816
28.488
62.064
32.616
70.032
18.144
69.84
30.792
61.368
26.28
67.416
20.928
67.464
20.976
67.272
16.224
67.68
16.752
69.528
27.36
61.776
28.728
69.984
19.776
62.112
32.184
70.2
28.392
68.088
27.6
61.536
27.048
69.504
19.776
61.872
19.704
60.6
26.472
61.728
24.24
59.736
23.928
69.864
32.616
67.632
25.704
59.88
17.112
69.288
16.8
60.216
25.008
60.144
23.376
68.232
28.104
70.92
17.712
66.768
17.64
60.336
25.608
66.384
18.096
68.472
26.064
61.56
17.712
62.088
25.8
69.456
25.728
67.704
17.616
69.672
17.664
72.12
25.512
61.968
23.28
68.016
31.608
69.744
31.656
61.992
27.504
62.4
18.192
70.728
18.72
69.696
25.968
69.864
26.016
62.232
25.224
62.76
25.152
61.968
25.08
62.496
25.848
69.864
28.056
69.912
22.944
62.4
16.752
62.568
17.16
62.616
15.648
69.984
18.816
70.032
24.984
68.28
29.832
70.728
23.28
68.736
15.768
63.144
15.576
62.352
21.864
71.52
25.512
62.688
21.72
67.536
25.368
61.704
19.536
69.672
27.744
62.4
22.752
62.448
17.16
67.776
15.168
61.344
22.776
61.512
15.144
61.44
27.552
62.448
15.24
61.776
21.288
61.824
17.856
61.632
23.184
61.68
15.312
67.968
20.64
61.656
17.208
69.504
15.336
61.752
15.504
67.8
27.552
65.688
21.84
62.496
17.568
68.304
21.576
70.032
21.384
62.64
27.432
70.368
27.6
62.496
22.368
62.664
17.976
62.352
22.344
62.4
25.752
62.568
15
62.496
25.968
70.824
23.256
62.352
21.504
62.4
21.432
68.208
17.88
62.256
27.648
62.424
18.216
68.232
15.744
68.04
15.432
71.208
21.24
68.016
16.248
62.424
21.576
68.352
21.504
70.2
18.312
67.488
22.2
61.656
23.928
67.224
23.616
61.272
28.344
67.2
16.032
61.368
24.24
67.416
30.288
69.144
30.336
62.472
21.504
67.08
24.072
67.248
23.04
60.096
28.848
61.824
25.776
66.792
15.264
68.64
15.672
61.008
16.08
67.296
22.968
61.464
23.136
61.392
13.824
67.2
21.552
61.608
14.16
61.296
72.624
62.352
21.2
61.56
20.648
66.768
24.776
61.416
22.784
66.384
14.432
69.192
20.256
61.56
67.608
62.376
14.04
62.544
26.568
62.472
20.016
69.48
16.584
62.328
18.912
62.256
14.64
62.424
16.008
62.472
22.416
67.56
23.304
61.968
22.752
74.136
25.8
61.944
16.608
70.032
22.176
68.28
20.184
62.568
13.992
62.496
15.12
72.624
16.968
68.832
21.696
68.64
23.544
73.128
28.632
62.496
20.4
62.664
17.808
62.832
15.336
66.6
14.544
72.648
15.672
62.376
14.76
69.984
22.248
62.352
14.376
62.04
20.064
70.008
29.232
62.136
15.72
68.184
14.688
68.112
20.736
62.16
22.104
62.328
29.472
68.376
22.56
70.224
14.208
62.472
14.376
62.4
21.024
70.368
13.752
68.496
18.84
62.784
19.008
70.752
21.576
68.16
13.224
70.608
23.832
62.976
14.04
70.704
70.872
15.152
63.12
21.44
62.688
62.376
68.544
15.2
68.712
15.44
62.4
68.688
62.856
13.152
68.904
21.72
71.952
63.36
62.328
13.44
62.376
21.408
62.424
21.576
62.592
18.984
62.28
13.512
63.648
24.72
71.616
24.752
69.624
62.472
62.64
13.44
62.328
21.288
69.936
25.056
69.384
21.624
68.112
22.032
71.52
16.2
62.448
13.488
71.856
19.896
62.424
16.704
62.352
22.152
71.64
19.8
62.328
16.488
62.496
22.056
71.064
14.424
63.432
22.272
62.4
27.12
70.128
19.128
69.456
19.176
63.744
21.504
62.352
27.792
62.28
19.44
63.648
21.288
62.376
18.848
71.904
70.152
72.36
70.368
70.176
73.104
21.016
68.352
13.264
62.52
70.128
13.72
62.496
19.768
69.384
22.096
69.072
13.384
62.4
14.392
70.968
22.36
62.016
20.728
68.304
22.336
68.472
13.624
67.92
19.432
62.088
20.68
62.256
22.288
70.344
27.496
62.472
18.904
62.52
26.872
62.688
13.6
68.136
62.304
20.544
62.472
19.264
62.52
20.512
68.208
15.64
62.376
13.888
68.424
70.872
70.8
14.392
70.608
25.344
62.976
13.152
63.144
15.6
72.072
16.368
69.24
13.536
62.448
27.624
62.256
27.672
63.624
19.92
62.472
13.968
63.36
25.296
71.448
19.944
62.496
28.872
62.664
21.12
72.072
13.848
68.88
20.136
62.448
13.824
62.496
28.032
62.424
22.2
62.472
14.088
62.64
14.616
69.408
26.664
69.456
16.392
67.704
22.08
69.912
19.608
70.92
26.616
62.328
22.104
69.936
19.752
62.664
14.4
61.872
14.448
67.92
22.776
62.328
14.424
67.896
15.192
67.824
21.24
62.352
15.648
67.8
23.616
61.968
13.824
62.496
22.152
69.024
14.16
70.872
20.208
71.64
24.936
62.448
20.304
72.096
14.952
69.504
27.72
69.432
22.968
69.48
22.896
68.328
20.064
62.496
20.112
70.464
22.92
62.472
68.76
19.456
68.808
19.024
62.496
28.072
68.424
15.88
62.232
23.608
71.4
19.936
62.328
13.504
71.616
24.232
72.024
21.64
70.872
16.648
63.12
19.576
69.528
16.264
62.256
21.472
62.664
13.72
72.672
13.288
62.52
21.256
70.128
23.584
63.936
13.792
72.024
23.56
68.712
21.928
62.4
21.736
69.888
19.264
69.816
20.152
71.784
14.44
71.592
24.088
71.76
13.816
69.888
21.664
64.296
13.072
62.304
21.4
64.512
16.288
73.56
21.576
72.528
26.784
64.776
13.992
62.424
16.44
62.472
21.528
62.88
21.576
70.488
13.464
62.496
14.232
62.664
16.2
65.592
13.728
73.32
21.4
74.328
25.888
65.736
24.976
71.784
23.824
70.632
21.472
62.28
19.112
62.448
65.976
12.976
71.904
66.072
13.44
75.12
72.168
62.256
18.96
75.624
19.368
62.472
21.576
66.48
26.784
72.528
20.952
62.496
27.12
62.544
19.488
62.592
21.576
67.32
27.024
75.408
12.912
73.656
13.92
76.704
13.368
76.152
13.536
69.12
19.704
63.408
19.152
68.016
14.28
62.424
27.288
62.352
21.816
68.4
14.064
74.448
20.232
68.736
62.904
13.152
70.752
62.64
23.84
62.688
20.528
68.856
18.896
62.424
22.68
68.712
27.168
62.52
24.336
76.608
16.704
62.376
15.792
62.544
15.6
62.712
23.448
62.88
27.456
74.328
25.344
62.496
16.152
73.104
25.8
62.472
25.968
75
21.816
73.008
19.824
62.496
16.152
62.544
14.16
62.472
15.408
62.52
26.376
62.328
16.584
62.496
23.352
62.544
14.88
62.712
21.288
62.88
24.336
62.568
15.864
62.616
24.072
62.544
26.04
62.712
16.008
62.88
24.216
68.088
28.224
74.136
18.672
68.304
15.36
68.112
17.088
68.16
28.656
63.648
22.944
62.376
25.272
62.424
29.04
73.992
17.448
75.48
17.856
75.648
25.824
67.536
21.792
62.424
19.8
62.472
24.288
62.64
26.496
73.008
26.064
62.376
17.712
62.784
30.24
64.272
20.208
67.92
19.056
62.328
25.104
68.016
24.552
67.464
17.76
62.352
17.928
62.4
15.336
62.448
28.104
67.176
23.952
74.184
25.8
66.552
19.608
62.4
15.456
66.168
24.384
74.976
22.872
72.144
17.76
66.432
16.728
62.28
14.616
74.568
16.584
62.496
16.752
74.544
28.8
71.712
21.528
62.4
23.496
65.688
25.824
71.616
73.464
65.232
20.568
62.4
13.776
74.208
28.344
65.016
13.752
65.184
17.64
70.872
14.088
63.72
22.056
62.448
16.104
64.776
14.472
64.344
27.72
70.392
24.408
62.4
25.776
62.928
22.704
62.736
24.432
72.264
22.56
62.472
16.848
64.8
30.216
62.448
24.624
62.496
26.832
62.904
21
72.432
22.608
70.68
20.976
70.608
23.904
62.976
22.032
62.304
29.28
64.992
24.168
62.52
21.696
72.528
22.584
70.776
25.872
62.784
14.28
72.432
14.208
72.24
28.776
62.328
13.464
62.256
19.632
62.304
19.2
71.112
23.688
63.36
21.696
71.448
28.944
62.376
20.112
72.384
21.6
63.552
19.968
63.72
15.816
62.328
14.184
62.256
62.304
71.712
15.688
71.88
19.696
68.808
19.024
63.936
21.952
69.624
27.28
62.352
25.048
69.84
22.336
63.888
14.824
71.856
24.352
72.024
21.16
64.272
23.128
62.28
14.296
70.488
14.824
62.256
27.712
70.944
15.04
65.112
23.368
62.4
15.136
62.928
14.944
62.496
23.152
62.304
15.64
62.832
25.888
72.84
22.936
65.088
16.984
62.256
20.272
71.064
20.32
71.232
22.528
71.04
14.536
64.488
14.344
64.536
20.752
62.304
20.8
62.352
14.128
65.28
21.976
62.328
16.624
62.496
21.832
73.224
13.72
62.352
19.648
62.28
25.576
71.328
19.264
65.496
26.872
71.544
74.472
24.48
65.4
21.168
73.608
21.576
62.376
23.016
72.504
13.104
62.352
21.192
70.92
65.328
71.256
62.304
72.552
62.4
18.608
72.168
21.576
62.376
26.304
69.984
21.912
69.672
15.48
62.52
71.208
21.064
72.216
71.184
71.352
62.52
69.288
20.728
63.696
20.896
71.664
19.024
71.592
24.472
63.84
19.48
71.808
26.848
62.496
23.176
63.744
18.784
62.952
19.312
63.84
69.288
19.576
63.696
27.064
68.784
19.432
62.352
70.68
68.448
21.36
62.256
67.944
70.032
62.52
21.792
62.448
62.496
68.544
70.392
62.52
62.688
26.472
62.616
62.424
65.472
27.216
68.28
27.264
68.448
65.736
68.904
62.952
62.4
67.248
62.376
61.464
69.432
70.2
73.608
65.736
69.984
71.472
61.32
66.048
69.576
66.864
68.832
72.96
69.288
70.656
61.344
69.432
62.52
61.728
69.816
62.184
72.072
62.28
69.768
62.016
69.744
69.912
67.68
61.728
67.536
67.584
61.992
62.4
61.728
62.496
67.584
61.872
70.08
62.208
62.256
70.224
70.152
72.36
68.208
68.376
62.424
62.472
62.52
71.088
62.496
62.664
62.352
62.28
70.248
70.776
68.664
71.712
62.28
62.808
71.376
63.624
63.792
62.88
64.128
68.616
69.864
68.832
64.2
62.328
64.536
72.504
62.472
64.2
64.008
63.096
70.104
62.592
72.12
62.448
63.816
71.904
71.352
62.4
68.688
62.376
68.784
68.832
62.52
70.968
62.496
63.264
62.592
63.72
62.568
63.216
70.944
70.872
70.8
70.728
62.376
62.304
63.552
69.6
69.768
71.616
63.624
62.472
63.6
63.768
71.856
62.304
62.352
63.84
73.128
69.816
63.984
70.152
62.28
70.248
62.496
62.424
70.032
64.32
70.728
62.736
62.904
62.472
69.84
64.128
70.296
71.544
69.432
71.64
69.768
69.696
72.624
71.712
71.28
70.488
70.536
70.344
70.872
71.88
68.928
71.136
71.064
72.192
71.76
71.448
71.016
69.264
69.312
69.48
70.728
70.896
70.944
70.872
