12.864
13.002
12.576
12.864
13.302
14.152
13.152
15.24
12.864
14.152
13.152
12.576
14.214
12.852
18.728
18.84
14.628
13.416
19.554
15.042
18.44
13.68
20.728
13.518
13.656
13.794
18.728
15.282
13.02
18.856
14.152
21.394
20.74
13.582
20.878
13.42
20.866
14.008
13.204
21.142
13.29
13.33
19.016
21.418
13.454
13.756
21.242
21.694
19.582
15.558
15.07
21.958
14.146
13.152
15.334
18.69
23.122
19.128
14.26
20.398
26.706
22.336
15.574
12.956
14.812
15.85
22.738
24.076
26.484
21.214
13.422
22.552
24.81
16.09
21.498
15.928
23.736
15.766
23.874
13.954
14.262
21.892
14.1
19.78
14.238
15.568
27.126
14.206
20.214
21.994
23.652
14.632
23.79
16.12
23.778
15.808
25.116
20.146
19.404
21.784
18.792
21.772
24.33
19.81
13.518
15.598
15.906
15.736
21.894
21.574
25.032
15.862
19.62
22
21.108
15.688
12.996
19.876
21.09
15.964
13.578
21.802
25.566
15.64
19.254
23.278
19.392
15.616
21.754
13.792
19.78
18.592
15.568
26.38
21.706
20.818
15.694
13.306
24.232
20.32
18.728
24.658
19.166
22.096
23.284
15.922
19.042
15.91
22.348
12.864
16.186
20.674
14.812
18.728
16.45
20.938
18.44
16.876
24.304
15.364
20.992
17.302
21.43
17.44
21.13
23.728
17.866
25.054
24.304
25.642
21.016
16.63
21.004
24.268
13.342
25.906
15.58
16.744
21.418
16.882
25.156
23.02
13.894
24.958
19.132
18.346
19.72
16.384
19.558
22.072
21.346
24.31
23.734
24.898
13.822
25.636
19.21
23.824
14.098
17.962
22.636
17.95
19.474
16.738
19.912
23.026
16.45
18.364
20.038
25.252
14.176
22.69
14.164
18.778
15.952
16.666
13.54
24.904
16.228
22.942
21.616
25.03
15.754
22.768
25.342
18.706
19.78
18.694
15.868
17.182
22.306
25.12
14.194
23.158
15.982
25.396
22.72
22.984
14.608
18.772
24.346
25.51
22.234
18.148
14.272
16.786
14.71
18.424
16.198
22.912
14.986
16.75
23.224
18.538
24.562
25.126
19.6
24.814
21.838
19.102
22.726
17.44
24.214
17.578
24.652
24.316
22.84
16.354
22.678
24.142
23.866
16.48
22.654
15.718
14.542
17.356
19.33
21.244
17.182
16.49
17.02
14.094
16.558
22.032
21.046
22.17
15.334
19.908
24.922
15.76
23.848
21.886
19.41
21.124
21.648
15.412
20.736
21.55
22.074
16.888
25.766
24.826
19.604
26.764
13.142
15.952
22.73
16.09
19.568
17.578
20.006
25.516
15.944
21.754
20.132
19.042
15.62
21.88
20.108
23.818
12.896
23.956
23.794
13.002
15.982
13.44
21.82
19.878
23.908
21.646
23.884
24.022
20.88
16.06
22.048
17.536
19.644
22.174
23.082
17.662
21.12
22.3
16.138
15.23
25.576
15.668
21.964
14.156
18.202
26.744
22.24
20.432
16.378
21.62
18.016
15.758
22.804
14.096
16.942
13.484
24.58
25.172
24.718
13.31
18.856
26.948
17.194
17.032
13.152
17.17
13.29
19.108
21.016
23.146
25.354
23.284
26.846
17.422
21.284
23.56
19.322
23.698
18.728
25.936
26.524
27.536
25.912
13.292
24.1
26.188
26.326
27.514
19.552
12.864
18.79
19.978
26.304
18.766
13.392
19.804
15.78
24.892
13.368
27.28
15.906
19.168
20.506
27.544
20.728
26.932
13.216
26.77
24.358
24.346
26.392
26.434
20.98
26.422
12.864
20.11
21.252
18.748
24.39
24.886
20.674
18.728
28.012
15.266
20.8
13.004
25.288
13.152
25.426
27.364
28.252
13.152
21.04
19.14
27.628
23.328
28.216
13.716
21.154
19.854
25.642
13.692
21.28
22.08
21.268
13.668
19.906
13.806
25.594
21.594
27.832
13.632
20.17
28.258
27.646
21.122
27.784
21.86
27.772
19.448
27.91
13.152
27.148
24.54
26.386
15.828
28.624
22.116
21.562
13.854
28.9
22.242
26.638
13.83
21.826
19.368
28.414
13.206
22.102
22.194
29.59
13.182
20.878
13.17
28.966
28.954
13.152
22.342
20.94
21.28
13.278
22.618
26.548
28.456
26.644
28.432
21.14
26.62
22.408
21.046
29.134
13.152
29.722
13.29
22.96
18.978
21.298
19.016
28.936
19.004
20.824
31.012
27.1
29.188
21.376
29.464
18.728
23.452
24.48
23.14
28.228
31.366
28.354
21.154
30.442
19.492
30.43
29.968
31.156
26.528
27.244
29.182
15.152
29.17
20.84
27.358
13.328
21.646
20.966
29.434
24.704
27.622
21.392
27.76
13.43
29.998
21.818
28.186
19.006
21.874
13.894
27.862
20.932
22
30.688
18.728
27.976
28.114
19.016
30.952
21.554
22.24
23.128
13.44
30.466
13.428
23.254
23.092
29.08
29.518
23.656
13.354
31.594
23.932
23.92
18.866
30.358
18.728
24.196
26.82
24.634
23.208
24.622
13.746
32.71
13.734
30.598
19.272
30.586
24.574
30.262
13.29
31
19.578
32.788
21.066
25.426
15.504
25.264
26.892
33.802
21.48
25.69
18.918
33.928
26.116
20.942
25.954
13.28
34.192
26.23
18.728
26.368
19.316
32.506
21.632
34.444
13.82
26.332
18.758
26.92
13.346
27.058
24.734
27.046
33.034
12.864
26.572
15.44
35.71
35.848
13.016
26.686
13.154
33.874
35.662
33.1
27.238
27.376
19.016
36.514
21.016
26.602
19.054
34.84
18.892
32.728
32.716
35.554
18.866
32.692
18.854
34.78
18.842
27.268
15.38
35.206
18.818
27.544
13.556
35.182
33.37
32.608
27.946
18.728
35.134
33.322
15.44
26.71
13.178
34.648
28.336
34.774
24.304
26.812
28.6
19.092
33.088
26.43
27.226
13.518
28.864
19.656
29.002
33.64
33.478
21.72
35.566
13.758
36.154
20.046
28.942
26.304
33.58
13.242
35.668
22.23
29.356
19.368
35.794
19.356
29.782
21.444
34.12
19.782
38.008
19.77
36.046
25.458
37.084
22.146
34.222
27.534
28.51
25.722
36.598
22.86
36.286
14.448
37.474
27.636
36.412
14.424
28.75
21.012
34.438
23.85
34.576
22.638
29.764
14.676
36.802
20.664
34.84
19.602
36.478
19.59
34.666
22.578
37.804
20.016
34.642
21.954
30.28
19.392
36.868
20.28
30.706
22.068
38.344
22.206
35.032
14.844
30.67
22.332
37.108
27.12
34.996
34.984
37.072
21.09
30.91
18.592
35.548
35.686
31.324
38.062
28.75
34.138
18.67
36.376
19.108
35.914
29.752
21.254
36.34
13.592
30.178
23.18
30.316
18.968
28.954
19.406
34.792
13.694
30.58
27.182
31.018
22.37
37.456
14.408
35.494
14.396
29.782
19.184
37.27
13.922
37.258
25.61
31.996
19.598
37.684
25.886
38.272
13.274
36.16
19.412
32.848
13.55
30.736
15.338
36.574
19.226
30.712
21.314
37.9
24.752
37.738
13.19
31.426
30.214
15.578
31.552
30.19
26.304
36.328
26.304
31.816
15.642
38.704
32.692
15.428
32.53
30.868
41.506
32.794
21.24
37.432
21.678
39.67
31.558
20.728
32.446
38.284
39.622
15.152
31.51
26.39
29.998
21.278
31.636
30.274
26.304
32.062
39.7
36.688
32.176
18.44
31.264
21.278
31.252
19.466
39.19
15.554
37.228
15.18
32.716
40.654
13.152
31.492
33.13
13.578
31.768
33.106
23.43
41.194
13.668
38.032
32.17
13.44
40.258
24.33
32.446
15.168
33.484
18.606
38.572
21.294
33.91
13.482
40.648
40.186
15.152
33.274
24.59
40.612
13.628
34.6
19.316
40.888
25.004
41.026
20.728
34.264
32.752
13.354
34.24
13.492
38.278
39.766
13.152
32.554
21.54
32.542
19.578
38.53
18.98
32.818
13.152
34.306
41.944
13.578
40.432
41.47
26.532
41.608
13.692
37.996
15.78
31.984
26.418
39.772
13.656
33.91
15.444
40.498
19.932
34.186
22.17
33.124
14.208
33.112
15.696
34.9
19.284
34.888
21.822
33.826
22.56
41.614
13.098
41.602
21.186
39.64
35.278
42.166
24.494
40.204
13.382
34.192
18.842
35.38
20.93
42.418
13.118
34.756
24.956
35.794
19.094
41.032
21.182
35.32
25.37
36.358
15.608
43.546
13.346
44.734
19.184
43.972
27.62
36.16
41.998
26.396
42.136
13.034
42.274
21.122
44.212
13.13
36.7
23.018
36.838
43.276
41.164
21.016
44.752
21.454
35.59
35.278
37.066
36.904
20.728
35.542
13.666
37.18
13.44
35.668
23.478
43.606
43.744
21.078
41.482
13.716
37.42
41.608
37.246
13.152
41.284
18.84
43.522
15.528
35.26
20.166
43.348
23.904
44.986
13.992
35.974
14.43
35.662
19.668
45.1
16.506
43.438
24.594
44.626
20.382
45.814
19.77
42.202
20.658
44.14
14.646
44.728
19.284
37.066
37.054
43.042
18.98
45.28
46.618
20.728
43.456
19.066
37.594
12.904
43.882
13.492
43.42
15.88
43.558
13.918
37.696
13.756
43.384
27.694
38.422
13.582
46.96
27.37
44.098
19.408
38.986
39.874
44.812
13.128
44.5
15.666
45.988
38.626
36.664
42.802
13.152
42.94
15.39
36.928
14.778
44.116
23.466
37.354
23.504
46.792
36.28
18.866
42.418
44.656
26.528
42.844
12.866
44.332
13.004
38.02
42.508
15.152
37.846
18.728
36.334
21.266
42.472
15.854
38.11
44.998
12.864
38.536
25.302
45.424
38.662
21.228
43.75
21.666
43.738
21.504
37.876
27.042
38.914
21.63
45.802
13.968
43.39
20.728
45.328
13.578
39.466
37.954
13.44
38.092
15.528
44.08
38.368
39.706
15.44
44.794
13.478
46.582
44.62
46.708
13.882
46.246
24.82
48.034
23.458
44.572
13.246
40.21
13.234
46.498
38.686
40.474
40.312
21.092
44.8
40.738
40.576
44.464
46.252
38.44
19.07
39.928
19.508
38.566
13.29
46.504
25.128
38.692
12.966
47.83
12.864
39.118
18.702
48.856
47.494
13.578
45.532
39.82
13.066
47.908
21.304
46.996
24.742
40.384
13.33
49.372
26.506
40.51
20.944
47.848
19.132
46.036
24.97
39.274
13.258
41.362
45.7
18.934
47.638
19.672
41.176
19.21
40.264
20.098
41.302
46.69
41.728
24.578
41.266
18.728
42.004
18.866
50.542
24.104
41.68
16.442
49.768
13.152
42.106
42.244
50.032
47.32
49.108
47.146
41.434
12.864
49.372
50.56
18.728
47.548
41.986
13.44
40.624
25.278
48.262
21.216
48.4
21.054
42.388
13.152
48.826
20.94
47.014
49.252
26.304
43.24
12.942
41.728
24.48
43.066
21.318
47.854
24.306
41.992
12.894
43.33
18.882
44.068
48.406
43.894
20.728
50.782
50.62
23.016
48.958
42.946
24.428
48.934
21.266
43.072
18.854
44.26
21.542
49.348
18.866
44.536
13.304
50.224
21.392
41.962
15.38
43.6
51.388
42.376
44.014
22.358
47.902
13.196
50.14
15.734
43.828
19.622
48.316
23.81
44.254
13.298
50.092
16.136
49.93
22.274
42.118
13.562
43.756
19.4
48.394
13.538
43.582
24.326
48.22
27.014
44.008
22.352
50.446
25.49
48.634
24.878
48.772
50.26
20.728
44.548
20.728
43.336
50.974
19.002
50.962
13.44
44.95
27.078
43.438
15.666
53.776
21.504
45.364
13.692
54.202
19.08
49.54
13.968
52.678
16.206
51.766
21.894
44.704
22.332
50.992
19.77
53.08
14.808
45.268
27.846
45.256
17.034
49.744
22.122
43.732
20.46
45.52
26.448
52.858
25.086
52.246
14.424
46.234
50.722
46.66
26.804
45.148
13.292
46.786
21.38
53.524
21.218
45.562
13.256
53.05
55.438
12.866
45.526
19.304
47.614
12.992
45.502
21.442
51.49
53.728
24.43
51.916
46.204
26.304
54.442
52.33
52.318
13.152
47.206
13.152
46.594
13.14
47.632
13.578
46.27
21.666
55.708
21.654
46.546
13.392
47.884
15.48
56.122
55.51
18.892
54.598
13.63
55.036
22.318
47.074
24.856
49.012
22.444
48.55
18.982
47.038
22.27
48.976
25.408
53.164
14.446
48.952
25.234
47.44
14.572
53.428
22.66
55.666
27.298
49.204
20.536
48.292
22.624
56.08
19.912
49.768
25.6
49.756
22.588
48.694
27.376
54.382
21.664
56.32
13.152
49.708
27.54
49.246
55.684
47.872
21.016
49.66
48.298
50.086
15.152
48.424
15.152
50.362
21.74
54.7
19.294
50.038
18.728
53.926
21.266
56.164
19.154
55.552
13.742
48.49
27.23
48.628
24.368
56.266
16.256
50.104
14.294
56.242
20.582
54.28
20.57
55.768
24.608
49.306
15.146
47.494
14.234
49.282
20.672
56.77
19.61
48.508
13.598
54.796
21.236
52.684
24.732
52.072
21.12
47.71
13.308
51.748
53.986
21.292
52.174
52.312
47.65
13.29
46.888
19.278
47.926
55.264
48.202
56.74
21.016
54.028
54.016
13.29
54.154
13.278
48.592
20.766
56.83
15.504
55.318
21.042
54.706
15.63
55.294
47.482
15.44
49.57
24.428
47.308
47.296
49.534
55.672
13.152
49.36
26.79
56.398
24.528
47.536
13.266
49.174
19.254
55.762
21.342
56.8
18.93
49.438
21.618
54.076
13.956
56.314
13.194
54.202
13.032
57.34
56.878
13.002
56.416
18.99
57.004
24.528
49.792
13.566
54.58
18.728
48.568
24.566
50.056
19.004
50.194
15.242
54.382
13.43
56.17
19.268
50.458
57.196
18.728
56.434
13.016
50.272
49.06
19.292
58.048
13.73
48.886
15.668
56.674
50.512
19.094
55.15
13.532
51.238
19.52
55.576
13.358
57.064
19.346
51.052
13.784
57.34
18.728
57.028
55.366
56.854
56.842
51.13
20.728
51.118
49.456
48.844
15.59
48.682
19.066
54.52
21.154
56.308
54.046
19.33
56.434
55.522
19.306
57.91
13.294
55.348
55.186
26.434
49.774
13.522
48.562
15.46
48.4
13.198
54.238
13.152
46.576
13.152
48.364
18.99
48.352
55.24
18.728
57.328
18.728
56.566
57.004
20.728
56.242
49.33
18.904
49.318
27.142
47.806
57.994
49.882
13.152
56.47
20.94
56.608
13.44
54.646
13.278
56.884
18.666
55.072
19.554
49.21
15.792
49.198
19.08
57.286
19.968
49.624
19.356
55.612
13.794
55.45
13.932
58.588
16.17
57.676
19.908
50.014
19.896
56.152
16.284
50.44
22.572
50.278
19.86
59.716
13.998
57.154
20.286
50.692
24.324
51.58
14.262
60.568
25.35
59.806
21.888
51.694
13.626
51.382
60.07
13.44
51.358
50.896
13.152
59.734
23.016
59.422
51.61
57.298
24.304
59.236
21.292
59.374
51.262
57.7
15.152
60.088
51.826
26.304
58.864
13.092
58.252
15.63
52.09
21.468
61.228
52.366
26.58
52.054
13.218
51.442
21.156
59.53
18.744
51.418
19.182
60.406
26.82
51.694
12.864
57.682
12.864
60.82
51.658
51.646
26.518
51.784
19.006
59.872
13.594
58.06
15.532
52.198
13.152
58.486
18.69
58.474
13.278
58.312
18.442
60.55
52.438
21.356
52.876
19.994
52.864
59.152
23.254
52.99
61.678
61.666
20.728
53.254
62.692
13.152
62.68
15.99
61.468
15.228
53.806
21.216
60.544
21.354
60.682
27.042
54.37
23.58
54.808
24.768
63.796
60.184
26.668
60.322
61.96
20.728
54.298
62.236
63.124
20.728
60.412
13.216
60.4
13.204
60.538
13.042
54.526
60.814
15.44
60.952
18.728
54.79
61.378
62.866
60.604
21.13
54.742
54.88
21.256
60.868
55.156
15.44
55.294
13.178
63.082
19.016
61.27
15.554
55.858
26.342
61.546
15.44
63.634
20.978
61.672
24.566
55.81
13.454
61.948
13.152
56.536
61.324
56.512
12.864
55.9
26.502
63.238
19.14
56.926
63.664
61.852
56.14
19.542
57.028
62.416
20.728
56.704
13.216
57.442
24.304
61.93
23.542
64.018
19.03
62.056
23.818
62.044
19.156
57.532
15.544
62.02
20.728
56.158
24.616
57.796
62.284
19.016
65.572
19.004
61.96
26.816
57.448
55.936
15.152
57.574
13.49
63.562
27.218
57.4
61.588
63.826
56.164
13.442
63.502
18.53
62.44
19.268
64.378
13.856
62.566
13.994
56.854
14.132
64.342
19.37
62.53
19.508
62.668
23.246
64.306
21.584
64.144
19.622
56.482
19.76
63.67
18.998
55.858
14.036
55.546
22.574
63.484
20.462
55.672
14.6
63.46
27.188
57.148
19.976
64.786
13.964
65.824
27.302
56.362
20.09
57.7
22.028
62.488
21.016
62.476
13.054
58.114
13.192
64.552
26.734
56.59
62.428
13.152
62.416
62.404
18.728
58.042
25.466
65.53
13.604
61.918
13.592
58.306
13.58
57.994
20.918
58.132
20.756
56.47
58.258
18.44
64.846
20.828
58.384
20.816
65.272
64.96
58.798
58.786
62.974
63.112
63.25
19.14
63.088
57.226
58.864
18.954
57.352
65.44
13.29
57.778
15.678
65.716
13.716
63.304
25.554
65.542
15.942
64.78
21.48
63.718
19.218
65.956
24.906
57.994
13.644
57.982
59.17
21.016
65.308
26.554
58.096
21.442
57.934
15.73
66.622
21.418
59.41
19.006
65.848
15.844
59.386
19.432
58.024
21.82
67.162
21.808
64.45
26.746
64.588
21.784
59.776
22.372
66.964
13.66
64.852
67.09
21.146
59.428
67.516
65.854
65.542
13.152
65.68
68.068
20.928
59.656
15.666
60.094
13.254
60.682
24.942
63.97
13.68
66.208
19.668
58.096
13.656
64.084
13.644
59.872
19.482
58.51
25.62
58.498
22.008
59.986
19.746
58.774
13.734
67.912
14.172
65.2
19.71
59.488
22.248
67.576
22.386
66.814
21.308
64.852
13.346
67.99
19.034
67.228
19.772
60.466
21.41
65.404
26.948
67.642
13.586
65.68
21.224
67.168
60.706
65.194
18.728
68.332
13.44
65.47
65.608
24.718
67.846
67.834
21.016
67.972
60.91
15.44
66.298
19.028
61.186
19.016
68.524
13.604
60.112
61.6
12.864
66.538
26.652
60.076
13.74
68.164
19.578
66.502
14.166
66.49
13.404
61.978
69.016
19.116
62.404
21.954
61.642
13.842
61.18
27.03
69.268
13.368
61.606
23.856
69.544
19.794
70.732
23.832
69.82
19.92
67.258
22.008
69.496
14.196
67.684
14.184
69.622
13.872
61.51
25.26
61.498
19.698
61.336
13.836
69.424
61.312
60.7
24.716
68.788
12.992
60.976
12.864
69.064
61.252
20.866
69.49
66.928
15.44
69.016
21.428
70.054
66.892
62.38
13.152
60.868
13.29
67.006
13.278
59.794
21.516
59.932
24.654
67.42
67.408
61.396
67.684
13.152
67.372
67.81
12.864
60.148
61.786
60.574
18.728
60.562
24.48
62.05
60.838
62.476
61.264
61.402
19.016
66.79
62.428
66.616
21.016
68.854
15.154
68.542
20.992
68.38
24.73
66.568
12.864
60.706
68.494
60.682
62.62
68.608
18.728
60.946
21.266
60.934
18.854
69.622
15.542
66.76
19.13
68.848
13.118
66.286
68.224
18.592
68.362
13.48
60.7
62.338
13.44
60.976
12.978
60.964
24.666
67.102
21.354
62.44
13.242
66.478
21.63
60.466
67.954
21.03
66.892
13.968
66.43
18.906
60.568
19.794
68.506
13.482
69.094
13.02
62.032
15.858
65.62
24.846
59.908
21.684
61.546
20.022
69.334
27.06
67.822
13.398
68.86
21.336
59.998
69.736
13.428
66.424
60.262
19.072
66.25
18.98
61.738
69.676
66.364
15.558
62.452
60.94
61.078
18.716
69.166
19.154
68.854
66.742
23.254
68.83
24.594
68.968
62.656
68.644
13.59
62.332
60.67
19.14
61.858
13.128
66.496
24.666
66.184
21.354
60.322
13.392
69.31
24.33
61.948
21.618
68.086
14.106
60.574
13.944
62.362
19.032
67
13.62
69.838
15.558
60.976
61.114
18.992
70.252
26.48
62.14
21.518
68.578
24.206
69.316
18.944
68.254
19.832
62.092
13.37
68.68
15.908
62.518
21.746
61.156
16.034
68.944
19.322
62.482
14.51
68.32
21.998
61.108
14.336
68.746
19.274
66.634
14.162
62.272
19.55
69.91
14.288
62.398
16.676
60.736
14.414
68.524
25.352
68.662
27.44
68.8
13.778
61.138
25.316
61.126
16.154
66.364
13.066
60.502
15.604
66.64
66.778
18.91
69.316
18.898
66.604
21.736
60.592
60.58
13.152
69.568
27.24
62.206
18.978
60.694
21.216
69.832
13.854
68.47
16.092
66.658
19.68
68.746
19.218
62.284
19.206
67.372
19.044
70.21
20.982
67.498
13.77
61.786
19.458
69.724
26.796
67.912
13.884
62.05
21.822
61.588
19.56
62.476
16.398
67.564
19.386
66.802
13.074
68.89
19.362
66.778
61.066
13.152
68.704
19.29
60.892
21.528
68.98
19.266
61.168
19.104
68.956
69.094
61.132
13.152
61.27
12.864
69.358
61.546
13.44
62.434
15.228
69.472
13.716
67.51
23.604
67.648
21.492
61.786
12.864
62.524
62.512
66.85
23.078
68.488
15.716
66.676
13.604
66.514
21.842
62.302
20.03
66.79
21.968
61.078
18.806
69.166
14.294
66.904
22.532
69.142
15.77
62.53
22.358
62.368
20.396
60.556
22.634
62.194
19.022
69.982
61.27
62.458
12.864
66.796
13.002
59.884
68.872
13.128
60.16
15.516
61.648
13.404
60.586
13.842
60.724
68.962
20.868
68.65
13.206
68.788
13.194
68.476
19.332
62.014
66.502
19.008
62.29
19.146
60.928
20.784
68.116
27.072
62.104
13.41
68.542
19.098
62.23
19.536
68.368
23.874
69.256
13.812
68.494
16.5
60.682
15.588
66.82
21.426
62.308
18.864
60.796
18.728
66.184
68.122
15.662
67.81
68.398
23.588
69.286
60.274
13.152
62.062
21.24
66.1
21.228
60.088
19.566
68.326
15.954
62.164
14.442
68.602
13.98
68.14
16.368
69.628
13.656
66.316
13.794
66.454
20.082
68.242
13.152
68.38
13.14
68.218
19.428
67.906
68.944
13.44
59.782
13.278
67.57
18.816
66.058
60.046
61.834
60.322
13.016
62.26
66.748
13.292
68.986
67.024
13.418
65.962
13.406
67.75
21.644
68.488
26.732
59.326
67.264
21.254
65.452
61.09
13.43
61.228
21.968
68.116
21.956
61.654
14.144
66.742
14.282
62.08
22.37
62.218
19.358
61.456
14.396
70.594
20.384
69.832
24.722
69.97
13.61
68.008
23.198
62.446
13.886
69.634
15.374
61.822
16.562
62.41
22.55
70.948
24.488
62.086
23.426
71.374
24.914
62.362
17.402
68.5
22.04
70.738
15.578
62.476
23.666
70.264
15.254
71.002
14.942
69.04
19.43
63.478
15.068
67.066
17.606
61.804
15.194
60.292
15.782
66.28
19.97
62.068
14.858
60.556
22.046
60.394
14.234
66.532
14.822
68.47
21.26
60.358
29.348
68.596
21.686
69.634
20.174
66.772
24.812
66.91
21.65
68.248
13.838
60.736
15.926
68.674
62.512
15.304
62.65
13.192
60.838
66.826
18.832
62.014
13.27
69.952
21.022
67.99
13.36
60.028
19.198
61.666
19.036
61.654
24.724
60.292
22.012
62.08
24.7
66.268
13.738
59.656
21.826
68.794
21.964
59.782
14.002
67.87
14.44
60.208
25.528
68.296
16.366
67.684
19.654
65.722
13.642
67.51
25.48
66.748
15.418
64.786
15.106
59.074
20.944
59.062
28.132
60.7
14.92
68.788
25.108
67.576
14.296
65.614
21.784
65.602
25.672
65.29
25.81
67.078
13.648
67.216
24.136
64.954
67.192
64.63
19.522
58.918
19.36
59.056
12.898
60.394
65.632
25.024
66.67
60.058
69.046
15.152
66.184
20.728
60.172
26.566
60.01
13.504
69.148
18.442
61.486
15.43
60.724
19.468
70.612
13.156
67.15
24.694
61.438
19.132
67.576
13.27
69.364
16.108
63.352
27.046
69.79
21.934
62.128
14.272
62.266
21.31
70.054
19.048
61.792
15.44
67.78
13.178
62.968
18.728
67.756
69.994
69.232
61.27
62.608
13.152
63.046
23.49
69.634
69.022
71.11
71.098
62.386
15.152
62.224
21.154
60.412
68.8
24.342
59.338
21.33
67.126
20.868
69.064
19.356
67.402
19.194
61.39
21.016
59.878
12.864
61.816
20.802
68.404
20.79
60.292
61.63
12.864
69.118
26.352
62.056
69.544
18.48
61.882
68.02
66.058
20.866
61.846
13.354
66.334
18.892
66.472
13.33
68.41
18.868
68.548
68.236
62.224
19.29
67.012
26.304
69.25
69.088
62.476
68.314
21.48
60.502
15.168
60.49
19.806
68.578
21.444
60.616
13.632
68.854
23.67
61.042
22.008
61.18
16.296
61.918
21.984
60.556
19.722
70.444
21.51
68.482
18.948
60.82
68.908
60.946
21.296
70.684
19.35
67.222
13.788
69.31
16.176
67.198
13.614
68.686
21.702
59.974
27.39
59.962
15.828
61.45
59.938
68.776
18.852
61.714
24.84
66.352
68.89
23.016
60.178
18.954
65.416
21.642
67.654
15.48
70.642
15.152
67.63
13.34
61.018
26.978
67.456
61.444
61.132
18.728
67.42
21.418
67.558
59.746
67.984
15.44
69.022
68.41
21.016
67.798
19.054
68.836
19.192
65.974
24.43
61.462
65.95
18.968
58.888
21.506
59.026
15.344
60.514
21.482
67.402
23.27
60.64
21.09
66.178
23.178
59.716
13.416
66.004
13.554
65.842
21.192
64.48
21.63
60.268
24.918
66.406
13.656
64.594
22.044
60.532
19.632
66.82
16.32
60.658
16.758
67.096
16.746
61.084
22.434
58.672
13.722
64.81
14.46
64.348
16.548
60.286
14.436
60.274
19.974
66.412
20.562
66.55
16.35
59.038
14.988
66.676
22.476
59.014
20.964
61.102
14.802
58.99
22.59
67.078
14.478
66.766
24.666
64.954
20.454
65.092
14.892
60.58
14.88
65.368
23.568
65.806
15.306
60.994
21.744
65.932
14.982
59.92
14.37
61.108
16.164
68.296
18.852
61.384
13.44
68.422
13.278
65.56
13.716
67.498
21.054
61.336
22.092
67.924
15.93
67.912
19.818
61.6
21.756
60.238
66.226
61.864
13.742
60.352
13.28
62.14
20.802
62.128
18.84
60.466
68.554
24.942
60.442
13.38
69.43
15.918
62.068
13.806
66.706
21.744
62.494
21.432
66.982
14.07
61.12
14.058
61.258
22.146
69.196
13.284
70.384
26.472
69.472
13.11
70.36
13.548
62.398
21.186
62.386
19.524
67.474
19.212
61.762
21.6
66.7
21.438
60.988
16.176
70.276
19.314
61.114
19.452
61.252
13.29
61.24
61.378
69.316
18.728
61.354
67.942
67.48
15.59
60.268
62.056
68.644
62.332
23.104
61.27
13.192
69.058
21.13
66.796
66.484
67.972
66.76
62.398
13.152
66.736
60.574
61.462
61.6
24.304
67.438
13.342
61.276
21.13
60.064
13.566
61.702
13.404
60.49
66.628
61.966
13.152
69.004
26.34
68.542
15.678
60.73
68.818
62.356
19.016
69.094
18.854
62.332
23.192
61.12
62.308
60.796
60.634
21.016
62.422
68.41
62.698
13.354
68.686
61.024
18.83
67.012
18.668
62.5
13.256
62.488
18.794
68.776
60.664
68.752
15.192
61.09
60.778
18.592
60.916
23.23
60.454
21.418
68.392
26.806
66.13
19.294
61.918
23.032
61.906
26.47
60.544
15.358
60.682
13.696
66.37
19.684
62.008
68.446
15.152
68.584
66.472
70.36
68.998
23.254
66.586
20.992
66.574
13.152
60.562
19.154
62.35
21.016
66.988
62.476
69.214
62.602
13.152
60.79
12.864
70.378
60.766
68.854
65.992
61.78
60.268
26.304
65.956
61.744
18.728
61.582
61.72
19.14
68.758
15.678
67.846
67.384
13.29
61.072
61.51
65.698
59.686
13.44
61.174
18.44
59.812
19.192
59.5
65.638
23.016
67.876
13.306
68.014
67.552
19.582
68.44
15.22
68.428
19.408
66.016
19.546
61.504
65.842
21.172
65.38
21.76
67.618
13.498
61.606
21.436
60.244
13.624
60.082
24.562
61.42
20.05
68.308
18.838
70.396
26.776
66.034
13.414
61.672
18.952
60.16
13.69
62.848
21.928
66.586
13.666
68.524
13.354
63.262
21.016
68.5
23.404
70.138
13.342
61.576
19.18
68.014
19.168
66.202
19.306
61.99
15.844
68.728
68.866
21.228
62.254
21.14
62.392
27.128
62.23
69.418
18.728
62.056
66.544
18.828
66.682
68.92
60.208
15.152
61.996
13.34
61.834
60.472
66.16
19.016
67.948
19.004
60.586
15.542
60.274
13.58
62.062
18.818
60.7
19.856
68.788
15.944
66.976
21.932
67.714
13.97
60.052
22.058
65.89
16.646
67.978
19.334
66.166
13.472
62.254
20.81
68.692
21.998
68.83
13.586
68.068
13.574
62.056
62.044
66.682
62.77
21.016
61.258
68.896
61.234
70.222
69.46
21.016
67.348
23.104
69.436
13.192
61.774
14.08
62.512
13.318
62.65
61.438
61.576
69.664
12.864
67.552
61.84
69.478
18.728
61.216
67.204
26.442
66.592
18.93
62.53
60.868
26.304
66.856
19.092
68.794
21.78
68.782
19.218
68.77
21.906
68.908
21.144
61.246
13.932
69.334
69.022
19.002
67.21
13.44
66.898
13.578
66.886
21.816
62.524
60.862
67
62.488
18.768
62.326
62.464
69.952
18.728
62.44
18.716
62.578
13.454
66.766
20.942
69.004
19.43
61.342
23.768
62.53
18.728
61.168
67.306
69.394
60.982
13.58
66.97
61.108
21.506
70.396
70.384
26.63
61.372
13.44
60.76
18.978
60.898
23.766
66.586
13.152
66.124
60.262
61.9
13.152
66.688
60.826
18.728
68.614
60.502
62.14
68.878
21.004
67.366
19.042
61.204
68.242
25.144
60.88
62.368
60.706
62.794
62.332
13.29
68.92
13.728
68.158
26.916
62.296
19.104
69.034
21.642
69.922
23.88
67.06
20.418
69.298
25.956
67.486
20.694
67.624
22.932
69.712
17.22
69.55
23.208
69.088
20.946
67.276
19.284
69.514
24.222
67.102
14.01
61.24
18.798
69.028
20.736
69.166
18.924
70.354
20.862
62.542
18.75
62.53
19.188
62.518
13.44
66.556
21.978
66.694
13.266
62.632
26.904
62.32
66.808
62.446
62.134
18.992
60.772
21.08
66.91
21.218
60.898
68.986
24.428
70.774
21.416
60.712
22.154
62.8
13.592
70.288
18.98
62.476
23.618
60.664
13.706
66.652
19.244
62.89
13.832
66.628
60.916
13.718
69.004
21.056
68.842
21.494
62.53
62.518
18.442
68.806
15.442
66.844
20.83
62.332
15.868
62.02
21.256
68.458
68.446
13.44
62.434
13.128
68.722
21.09
66.46
23.178
62.398
15.816
68.986
13.254
70.024
24.792
67.312
23.28
61.6
21.468
69.688
27.306
67.276
19.344
61.564
21.882
69.202
16.17
61.39
13.458
67.528
24.846
69.166
13.434
68.554
13.572
62.392
70.33
62.368
19.13
68.506
24.428
60.694
60.832
18.728
62.62
18.866
67.258
21.254
61.246
13.442
66.934
14.18
69.172
24.068
69.76
16.406
61.048
22.544
61.036
16.082
68.824
13.29
61.162
20.928
62.35
21.666
68.788
14.004
60.826
21.042
60.964
21.03
60.352
15.168
68.14
67.828
18.866
65.866
12.864
61.654
60.292
19.29
61.78
66.868
68.656
23.156
66.844
13.152
66.832
23.19
68.92
15.44
67.108
61.096
67.234
62.122
20.802
61.81
62.398
18.978
61.486
21.366
69.574
21.504
62.512
27.192
62.5
21.63
61.888
13.818
61.726
13.152
67.864
69.652
24.404
61.54
69.928
13.152
67.816
21.09
62.104
15.678
62.092
19.116
62.53
24.504
70.768
13.542
62.056
21.33
62.194
70.282
13.152
62.32
67.258
15.44
69.046
13.178
61.234
19.166
70.822
24.756
68.86
13.194
66.598
24.882
60.886
13.92
62.524
14.358
68.812
24.096
68.5
14.334
66.688
13.272
68.776
21.66
61.414
65.602
67.69
18.728
59.878
23.216
67.966
13.304
61.954
19.292
66.442
23.24
61.78
13.028
66.868
66.856
60.694
26.304
62.032
67.12
62.458
69.196
15.44
61.234
67.372
61.66
13.152
70.798
19.14
70.336
24.678
62.224
21.066
71.512
13.554
62.2
69.988
20.728
62.476
15.316
61.714
19.054
70.552
69.64
19.48
61.978
13.918
70.066
13.906
62.404
27.094
70.492
13.882
71.38
14.47
70.618
20.758
67.456
22.696
69.694
16.384
61.732
22.972
69.97
25.51
61.858
14.548
61.396
20.986
61.534
23.074
61.672
14.812
69.61
13.9
61.648
14.338
67.336
16.576
69.274
22.264
69.412
19.252
69.55
21.79
66.538
20.278
65.926
21.766
61.714
21.604
66.352
62.14
13.152
61.678
60.316
13.152
68.254
13.14
60.592
66.73
15.44
62.068
15.578
68.056
21.266
66.994
18.866
61.132
20.966
66.82
19.154
61.108
20.866
67.246
27.454
60.934
13.492
67.672
14.23
67.36
19.918
59.698
19.756
67.336
19.594
61.924
15.682
59.962
59.95
61.438
69.226
13.28
62.164
12.968
66.502
21.356
62.14
68.728
62.566
24.304
61.054
69.142
26.304
61.33
62.518
13.578
66.856
21.516
68.494
21.204
68.482
70.12
60.058
13.152
69.946
15.39
61.834
19.278
68.722
24.516
61.66
13.254
69.598
26.742
69.136
19.08
61.924
13.518
68.362
13.656
60.55
23.294
67.888
19.232
68.776
21.77
66.664
21.758
62.302
21.896
66.64
26.984
68.428
13.922
70.816
19.91
62.254
13.748
66.292
19.286
62.38
13.724
69.568
21.812
60.706
62.494
13.152
62.332
68.92
62.458
26.532
66.796
69.184
61.072
18.728
67.21
18.866
61.198
68.386
19.016
69.574
26.954
67.612
21.242
62.5
60.688
62.476
60.814
18.44
62.152
21.128
69.94
13.504
68.578
60.766
69.904
68.992
61.03
21.016
68.968
21.004
62.356
13.492
68.644
13.342
62.032
18.44
62.17
60.508
24.304
68.596
68.734
21.004
62.572
68.86
21.13
61.048
21.568
61.186
13.756
67.174
26.344
67.162
21.682
68.65
23.32
66.538
26.608
62.326
19.096
69.664
21.634
60.502
16.222
62.29
13.36
66.628
21.598
60.766
19.936
68.854
24.424
61.192
14.212
67.33
23.5
62.368
15.388
70.456
69.244
66.982
18.906
62.47
24.744
66.508
60.646
21.104
66.634
19.442
62.272
24.53
61.21
61.348
67.486
69.274
20.728
66.562
69.55
62.188
13.002
60.526
60.664
25.418
68.602
23.156
68.44
21.044
61.978
25.982
62.116
27.77
68.554
25.808
68.692
62.53
24.304
62.668
18.742
62.356
15.58
67.444
19.918
62.332
19.156
67.72
14.044
66.808
20.332
62.296
19.87
62.134
14.308
68.272
15.796
66.31
23.884
59.698
22.072
60.586
19.06
59.224
20.398
68.362
24.736
65.35
24.274
66.538
13.312
60.526
18.85
64.114
16.288
60.352
19.276
63.49
25.114
59.278
13.552
65.716
16.84
59.704
13.978
68.392
19.816
66.28
19.504
64.468
21.742
67.006
28.18
59.044
23.818
59.932
25.756
68.77
20.044
65.758
67.696
60.634
65.872
20.728
68.11
67.798
12.864
60.886
13.002
60.274
13.152
60.112
19.29
65.95
60.238
65.626
68.764
67.402
61.09
60.028
66.316
68.404
60.442
23.016
61.33
21.204
68.068
65.806
61.744
21.016
68.182
13.354
61.87
20.842
66.208
13.48
68.296
24.716
62.134
60.922
62.26
18.766
61.048
23.704
70.036
21.142
67.324
13.48
68.812
62.5
15.44
66.988
19.778
62.476
13.466
62.464
68.152
13.558
66.04
61.828
18.63
61.966
13.818
68.404
13.656
68.542
22.194
70.18
27.132
66.418
16.02
62.806
22.308
62.794
20.946
62.482
16.584
69.67
20.922
62.158
19.56
61.696
27.348
60.334
21.036
68.272
14.424
62.41
23.112
60.898
15.15
65.986
16.488
66.124
14.526
68.362
23.214
61.9
14.502
60.838
22.89
62.026
14.478
69.364
16.416
61.102
14.004
67.24
20.292
62.578
23.73
61.666
14.268
67.804
20.556
70.042
16.794
70.63
22.332
61.918
14.37
68.356
22.158
69.694
14.196
70.432
21.834
62.02
21.822
69.958
19.56
62.146
13.998
70.384
28.086
62.422
13.974
62.11
14.412
69.598
24.15
66.736
13.788
60.874
16.326
62.512
22.164
68.8
19.602
66.988
19.14
68.026
13.578
60.214
14.016
62.002
14.004
68.74
21.942
60.628
21.63
62.116
14.268
61.054
12.906
69.142
67.18
61.468
69.706
13.152
62.794
15.69
62.482
21.978
60.82
21.066
62.158
26.304
69.646
18.642
66.334
68.722
21.016
68.86
13.204
62.398
68.686
26.682
68.524
18.87
62.362
66.85
19.016
60.838
60.976
62.464
24.578
69.052
21.116
68.44
19.154
71.428
23.192
66.166
18.98
62.104
21.518
60.592
19.106
66.28
62.218
66.706
19.016
66.694
60.832
62.17
12.916
68.458
15.304
60.346
24.592
68.284
13.48
61.972
15.718
65.86
20.956
59.998
21.544
68.086
21.382
61.624
19.57
60.262
21.808
68.35
15.196
69.838
19.084
62.176
21.322
68.914
66.952
13.142
67.09
61.078
18.592
68.716
18.73
66.904
23.218
61.042
18.728
67.18
21.266
60.718
21.104
62.206
68.494
60.682
68.77
21.016
62.458
19.054
67.246
13.642
61.234
15.58
69.322
61.51
15.44
69.598
21.128
69.736
62.524
13.42
69.712
21.658
69.25
13.846
67.438
69.676
19.072
67.714
20.26
67.402
15.898
69.64
13.486
61.228
13.624
66.916
19.912
61.054
20.05
67.192
20.938
60.73
19.576
66.868
62.356
24.468
62.344
13.656
61.282
18.894
68.62
12.864
62.308
19.002
68.896
61.684
15.44
67.972
68.11
13.854
66.148
19.392
61.786
22.08
66.574
15.618
60.862
24.906
62.35
19.944
61.288
13.932
62.326
13.62
62.314
25.308
61.402
27.096
70.24
15.534
61.078
12.972
68.566
19.11
70.504
13.398
69.592
60.58
13.152
69.568
69.706
66.994
69.382
66.52
62.158
70.396
69.034
61.822
20.728
68.86
12.864
62.248
18.852
69.286
13.29
68.524
19.278
68.512
26.316
61.15
23.154
68.788
60.826
66.364
18.554
66.202
13.292
61.84
13.13
68.878
19.268
60.616
20.906
62.404
18.944
66.892
18.932
68.83
15.47
62.068
13.508
63.106
13.346
60.094
13.184
68.032
13.622
68.92
13.61
68.758
19.598
66.496
12.986
68.884
13.152
60.772
60.76
68.548
68.686
19.004
70.474
62.062
68.05
13.152
62.038
60.526
65.914
20.966
61.852
19.304
68.44
62.278
68.416
12.864
62.704
20.952
68.842
62.23
13.152
70.318
68.656
66.694
21.016
62.332
24.304
68.77
13.192
68.758
19.03
68.896
21.268
69.034
27.106
61.222
13.744
62.41
21.382
60.748
66.586
13.29
60.874
15.152
61.012
69.1
18.44
68.938
15.44
62.326
13.328
66.514
20.728
69.502
66.79
24.428
66.928
21.016
62.416
67.054
13.066
68.992
21.304
60.73
19.192
62.518
62.656
62.794
19.456
60.232
68.02
19.732
60.358
21.52
61.996
15.48
66.334
66.172
66.31
61.948
60.736
19.198
62.074
13.636
68.512
16.024
62.5
22.012
65.938
19.016
68.026
24.404
60.364
67.852
16.154
60.19
18.606
61.978
13.194
66.616
13.182
60.754
61.942
19.192
68.98
70.168
62.656
25.422
67.444
67.582
13.582
67.12
69.358
21.358
61.546
13.096
62.434
24.784
62.572
24.772
62.56
62.398
15.566
62.536
68.824
13.354
62.362
20.992
68.95
13.18
68.638
13.042
68.176
62.014
13.152
68.452
23.19
60.79
24.894
66.778
21.282
69.916
19.32
61.804
19.308
61.642
21.846
66.13
25.884
65.968
19.572
68.206
15.51
61.594
21.348
60.232
15.486
61.87
68.308
60.796
13.154
60.784
18.842
68.572
26.78
68.71
62.698
20.728
66.736
15.616
69.124
13.152
67.012
13.59
62.35
66.088
15.44
61.876
66.214
15.566
62.152
18.728
68.59
15.566
68.128
20.954
61.966
61.954
68.242
20.728
62.38
24.466
68.668
62.356
26.53
61.144
21.016
60.982
61.12
69.058
18.642
66.646
23.28
62.434
21.168
68.722
23.256
66.61
19.044
67.948
13.482
61.936
15.152
68.224
62.362
68.65
62.488
24.304
60.826
21.292
68.764
66.502
13.266
60.64
15.654
68.728
21.492
60.916
21.63
61.054
13.518
69.142
19.956
70.48
15.744
61.318
13.632
66.856
26.67
68.794
13.608
62.482
20.796
69.22
67.108
67.246
21.24
69.934
67.072
21.428
69.31
15.566
61.048
26.804
67.186
61.474
20.728
61.312
15.316
61.45
67.588
20.804
67.576
26.642
69.814
69.502
69.64
68.878
12.864
61.066
61.054
18.852
68.842
13.44
60.73
21.378
69.868
13.266
68.956
69.544
62.482
20.952
62.32
13.44
60.208
19.128
61.996
19.266
70.234
13.554
60.922
13.242
62.41
21.93
62.548
19.818
62.386
13.506
62.524
21.894
61.912
18.732
60.25
13.77
62.038
23.508
62.026
18.996
69.064
21.384
62.152
21.372
62.14
60.928
62.566
13.29
66.754
23.478
68.992
13.152
66.88
60.718
68.356
18.83
61.894
13.268
68.182
66.37
20.728
60.358
61.846
61.834
67.972
13.152
59.86
61.348
61.336
59.974
20.728
60.112
20.728
68.5
67.438
59.626
65.764
18.852
67.702
13.44
68.44
20.866
69.778
61.366
66.304
62.542
26.304
66.43
60.718
66.256
21.016
60.244
20.854
62.332
15.892
68.62
20.98
62.308
18.718
63.346
13.606
69.784
21.694
62.422
21.832
62.56
13.156
69.448
67.336
62.524
13.12
61.762
62.35
24.48
67.588
19.218
69.826
27.156
62.464
13.794
62.152
15.882
67.54
20.22
67.528
22.458
61.516
13.896
61.504
13.584
62.692
24.072
60.58
21.36
66.418
68.656
60.694
18.906
66.682
15.594
60.52
21.016
60.658
27.004
68.746
21.442
68.584
60.922
21.004
66.91
68.998
19.33
69.886
59.974
61.762
20.044
60.25
23.032
62.188
14.17
68.626
19.408
62.614
20.596
61.252
21.934
66.94
13.672
67.078
19.66
67.966
62.104
13.152
60.292
20.79
60.43
70.768
13.152
62.206
21.99
68.944
19.278
62.632
23.916
68.77
19.404
70.408
13.842
60.946
13.38
68.884
22.218
60.922
19.656
60.91
13.794
70.798
69.286
13.44
61.474
59.812
12.864
65.35
15.44
61.288
19.328
59.776
66.064
67.852
21.204
59.74
23.142
61.528
21.33
60.016
18.768
61.804
21.756
60.442
15.416
66.28
61.618
20.728
60.256
18.466
61.894
13.504
68.632
13.342
70.42
13.78
62.158
20.818
60.796
19.606
60.934
26.644
68.572
19.432
68.26
13.42
66.748
19.108
60.886
24.842
67.024
62.512
13.442
68.95
19.73
69.088
69.976
19.082
69.514
13.82
69.652
25.358
67.39
22.046
69.178
19.634
70.366
20.222
70.354
13.91
61.642
13.748
69.73
24.986
67.468
22.424
69.256
22.862
67.144
19.7
61.432
26.738
60.97
68.758
18.916
65.896
21.304
69.034
67.522
68.41
12.864
62.098
68.236
13.278
61.174
19.416
69.262
19.554
62.8
19.692
61.588
21.48
62.476
13.968
69.214
61.252
26.304
69.19
18.792
66.928
13.23
61.216
18.768
67.354
61.492
15.44
68.98
13.578
67.168
19.716
61.456
70.744
70.882
23.016
67.87
21.654
70.108
19.842
70.246
13.23
67.684
68.122
68.71
66.748
66.736
13.152
62.524
62.662
62.8
23.016
62.488
15.504
68.626
18.492
59.914
24.63
61.552
66.34
60.628
26.792
69.766
18.98
68.554
27.218
60.892
15.656
66.13
14.144
61.918
19.982
68.506
19.67
60.694
21.158
68.482
60.67
20.966
62.158
19.304
66.946
67.084
69.322
69.16
21.504
67.048
19.004
60.736
60.724
15.44
62.062
68.5
21.356
70.138
60.676
24.304
69.814
21.592
66.802
14.23
70.09
25.018
66.928
27.256
61.066
14.344
70.354
27.082
69.742
21.97
61.03
20.308
62.518
14.896
69.256
22.084
67.144
19.522
61.282
14.71
67.42
16.798
62.458
26.386
69.796
23.074
68.134
20.662
62.272
23.5
70.36
15.088
67.198
20.326
67.336
17.464
68.824
18.652
62.512
20.89
61
20.878
67.288
24.016
68.476
20.704
67.264
15.142
61.552
22.18
62.59
14.218
62.428
13.306
69.466
19.744
62.254
21.682
62.392
23.92
70.63
14.308
68.368
13.546
71.056
19.834
67.894
19.072
66.382
13.51
70.12
13.198
60.808
13.336
67.096
13.024
62.734
19.012
60.772
13.3
62.71
62.398
63.436
21.042
62.374
61.912
67.75
60.088
61.576
18.856
67.264
13.294
67.402
23.932
67.09
19.27
67.828
13.708
69.466
21.196
67.804
22.084
61.792
21.472
60.43
19.66
62.218
18.598
68.506
21.016
69.694
24.604
60.982
61.12
24.68
61.258
21.218
62.296
15.206
70.384
21.494
69.172
19.232
66.16
13.67
69.148
13.508
62.236
26.996
68.524
21.284
68.662
18.872
68.65
21.11
68.788
13.152
68.626
13.59
62.314
18.678
68.902
15.666
61.99
13.404
66.628
19.692
60.766
14.28
60.604
23.868
68.692
22.056
69.73
14.094
60.718
13.632
66.706
13.47
61.894
23.358
60.532
20.728
62.77
66.658
13.44
62.746
12.978
60.634
20.766
68.272
21.804
62.56
66.448
18.852
68.536
61.924
12.864
66.412
13.602
66.1
21.39
68.188
61.726
13.152
68.314
18.866
68.302
19.304
69.49
66.328
13.304
68.416
62.104
13.152
66.742
66.43
20.728
66.568
60.556
62.344
20.728
69.832
12.864
61.12
66.808
66.496
62.134
60.622
68.11
13.104
66.748
13.092
66.586
68.374
15.152
62.662
21.44
68.5
22.028
62.488
13.466
60.976
13.154
61.114
23.942
68.452
21.53
66.64
22.268
66.778
14.156
61.066
19.994
68.854
14.132
68.992
22.22
68.83
20.258
66.718
26.546
69.106
21.734
62.194
19.022
70.282
13.61
62.47
20.948
67.258
67.396
21.656
70.084
18.96
69.322
15.498
70.51
61.498
67.636
13.054
61.324
15.592
60.712
13.48
68.35
18.868
62.488
20.956
66.976
13.894
60.964
25.582
67.102
14.17
62.29
19.258
66.928
24.608
62.416
60.604
15.756
62.392
13.152
66.88
23.19
60.718
66.406
13.866
66.544
62.182
19.992
60.97
26.442
62.608
60.796
13.152
66.634
24.756
70.222
13.494
62.11
66.298
65.836
26.358
59.974
13.596
60.112
69.25
21.644
70.588
14.132
60.676
21.936
66.814
20.424
66.802
16.212
62.74
23.7
61.078
20.088
61.066
27.576
63.004
22.314
69.142
26.952
69.13
21.69
61.468
19.428
61.456
14.166
67.444
27.954
69.082
25.992
61.42
14.13
67.558
20.268
69.796
16.656
61.984
14.544
67.222
27.282
61.36
19.47
68.248
60.436
68.524
68.512
66.4
60.688
13.204
62.176
19.192
60.964
19.18
68.602
69.79
12.864
60.628
62.266
67.054
25.43
68.692
66.43
19.004
68.968
13.152
62.206
18.44
60.994
68.932
13.116
66.82
13.254
69.058
13.392
62.446
24.48
67.384
26.304
68.722
18.642
68.41
62.698
21.016
60.436
19.054
66.124
68.062
21.68
61.9
13.268
68.338
23.456
62.026
21.494
66.364
21.632
66.202
21.62
60.34
21.158
61.978
13.796
60.766
13.784
62.404
23.522
60.592
25.01
60.73
21.698
62.368
16.286
62.506
15.52
66.694
62.482
68.62
66.358
18.728
68.596
62.284
19.14
69.022
69.16
61.498
21.016
69.586
15.604
69.724
13.204
62.512
13.152
68.8
68.638
21.418
68.476
15.256
62.464
19.444
61.102
69.04
13.72
61.078
13.558
69.166
14.146
69.004
24.442
66.742
21.13
66.88
21.118
66.718
68.956
67.144
68.632
62.02
26.304
60.508
20.742
62.146
12.864
66.934
24.852
60.622
69.46
13.152
68.398
68.386
12.904
66.274
13.492
61.762
19.33
62.2
21.418
62.188
13.306
66.526
27.394
68.614
23.032
66.352
62.14
18.728
60.928
69.616
20.804
60.454
68.242
13.13
61.78
59.818
68.056
61.444
13.152
69.382
67.87
61.558
19.016
68.146
13.004
60.184
20.942
69.472
66.61
13.44
68.548
60.136
68.224
19.982
68.362
19.82
60.4
19.958
70.438
68.026
20.384
68.164
14.672
61.852
25.01
68.59
22.148
68.278
22.886
60.616
25.724
61.954
16.862
62.092
15.65
65.98
19.538
69.868
21.776
69.106
68.044
13.802
68.632
19.79
60.52
13.778
69.808
68.446
13.454
66.334
60.622
68.11
61.948
67.936
19.694
65.674
15.482
61.912
13.52
67.75
24.008
69.238
22.646
66.526
14.984
66.364
22.322
62.002
19.61
66.49
24.548
68.278
27.986
62.266
20.024
70.954
67.042
15.634
62.38
19.372
68.818
21.46
68.806
14.248
62.044
19.186
60.382
18.874
62.02
21.412
66.508
21.4
68.746
27.688
60.784
66.922
66.91
68.848
68.986
66.274
68.512
21.016
68.2
26.704
61.888
12.864
60.376
21.252
68.464
19.29
70.402
18.678
68.44
13.716
63.028
19.104
66.616
19.242
69.604
24.93
69.142
19.218
63.28
20.856
60.868
25.044
66.856
13.632
62.494
19.17
62.482
13.908
69.07
27.246
69.058
13.584
61.396
20.022
67.384
16.11
69.172
25.248
69.01
14.286
66.598
14.274
68.836
19.812
62.374
13.5
62.362
69.25
62.338
67.876
13.152
61.864
19.44
61.852
21.078
70.99
13.152
70.078
62.416
70.204
19.002
62.242
13.44
62.38
23.23
70.018
68.056
23.356
69.844
69.832
61.87
71.158
13.44
67.246
18.978
69.334
15.516
61.222
21.654
70.51
24.642
68.548
19.38
68.536
27.018
60.874
19.656
65.812
19.644
65.8
21.582
67.588
14.37
69.226
14.208
67.864
16.596
61.252
22.584
67.39
22.272
65.578
22.71
61.366
22.698
65.554
25.836
59.842
21.924
61.33
19.662
60.268
21.6
61.756
23.538
60.544
13.304
69.682
61.87
69.208
15.44
70.396
19.204
61.084
66.622
13.152
70.66
13.14
69.148
19.128
61.486
19.002
61.474
13.29
67.462
67.15
13.566
66.538
60.826
24.522
69.064
21.36
62.452
18.728
68.44
21.416
62.428
14.204
69.466
21.392
62.404
21.98
61.792
13.718
69.58
23.756
61.918
26.894
62.506
19.232
69.844
13.52
62.482
13.208
70.12
62.608
18.728
69.796
69.034
67.222
20.728
69.31
21.316
62.398
13.29
69.736
18.978
67.774
23.766
67.912
18.954
70.15
68.338
61.276
13.44
62.314
19.278
62.452
19.116
69.19
15.354
60.328
13.392
62.116
13.98
61.804
24.918
59.692
69.43
67.768
20.728
66.256
21.316
66.094
68.032
66.37
18.728
62.608
60.196
60.334
68.122
19.278
66.31
61.948
68.836
24.704
62.374
67.162
62.8
61.288
18.728
67.126
20.728
67.264
23.266
69.502
69.64
70.528
18.852
69.616
13.44
67.654
67.342
12.864
67.33
67.168
18.44
62.506
21.428
66.994
13.616
61.132
13.866
60.37
13.254
62.908
21.942
60.796
21.63
60.934
13.518
62.272
16.056
62.41
15.144
65.548
20.382
61.786
19.62
60.124
15.858
67.612
20.946
66.55
20.034
62.188
21.972
69.976
13.71
69.964
13.548
70.102
27.636
68.74
21.324
63.328
15.462
66.616
13.35
59.854
19.188
59.842
19.43
65.38
18.968
65.368
15.656
68.806
21.794
67.294
61.132
61.12
13.152
59.758
15.44
59.896
61.534
12.864
66.322
26.502
67.81
12.864
60.748
68.686
66.574
66.712
13.416
60.85
19.404
66.538
66.676
69.814
66.952
66.94
15.278
69.028
12.866
70.516
19.004
61.954
19.142
67.792
20.954
67.78
19.442
68.218
15.98
70.156
13.718
62.344
19.106
70.432
62.62
24.578
68.758
70.846
68.434
68.122
23.518
61.36
19.156
67.048
61.336
18.644
67.324
13.082
61.612
23.42
67.45
13.508
62.938
19.646
69.376
19.784
69.514
14.072
61.702
14.06
69.94
14.498
67.828
21.986
69.766
19.274
68.554
13.262
61.642
18.728
67.78
61.618
62.206
62.044
23.292
62.032
62.17
62.158
20.728
60.796
68.734
62.422
21.016
66.61
19.054
68.398
18.692
60.736
19.13
68.374
66.262
15.44
68.65
62.338
13.29
62.326
68.464
13.002
66.502
13.74
60.64
18.678
68.578
23.016
66.316
18.804
68.104
21.642
60.742
15.78
62.53
21.468
70.468
16.056
62.506
15.744
61.744
21.732
60.082
19.17
66.22
13.158
60.508
13.746
61.846
19.016
70.084
66.772
62.11
69.448
62.536
61.774
12.864
67.762
69.7
67.888
68.026
18.728
70.264
69.352
69.34
61.378
69.166
66.904
20.728
61.192
62.38
19.204
69.268
15.592
62.356
19.03
60.844
21.268
62.482
12.864
68.77
13.302
66.358
26.304
69.796
13.392
66.184
13.38
61.972
20.868
62.11
19.056
69.898
18.894
66.436
62.374
68.812
69.7
60.838
24.304
66.976
13.642
62.914
18.73
68.602
15.718
66.49
20.956
66.628
13.294
60.916
23.782
62.254
18.97
61.342
21.958
61.03
19.246
69.118
13.384
61.456
20.872
61.594
13.21
61.732
13.048
69.82
21.136
68.008
21.124
62.146
13.152
61.834
13.14
69.922
70.96
26.82
62.098
13.308
70.186
21.546
68.074
19.584
62.512
21.672
62.65
13.71
62.638
15.948
67.876
19.986
69.364
13.374
67.402
69.64
26.304
70.678
67.516
13.152
61.654
69.442
69.58
69.718
61.906
21.016
61.894
69.832
18.852
62.17
18.99
61.708
13.428
61.846
15.366
61.534
21.654
67.522
25.392
69.46
20.13
69.448
28.218
62.236
13.806
62.224
14.694
68.512
16.032
62.2
14.97
66.238
14.058
68.176
25.746
70.264
14.934
69.502
27.972
66.64
17.16
62.428
21.048
61.066
15.936
61.204
17.724
70.492
15.162
67.63
22.05
67.768
23.838
62.806
15.276
69.844
20.364
61.882
14.652
68.02
20.79
62.158
14.478
69.796
14.316
69.634
23.604
61.822
14.742
61.96
23.58
69.898
15.018
61.036
15.156
68.974
21.444
61.312
17.232
67
17.37
69.238
27.408
69.076
20.946
68.914
20.484
67.102
13.152
69.19
20.79
61.528
13.578
61.516
15.666
67.204
21.504
70.042
24.042
62.53
68.668
61.006
20.728
61.144
18.466
69.382
13.054
61.57
26.692
62.458
13.78
68.746
19.318
66.484
25.456
62.272
14.044
60.76
16.132
66.748
20.17
69.136
13.708
61.324
21.646
61.162
19.834
67.15
15.472
69.238
19.23
61.426
13.818
67.414
13.806
69.202
21.594
61.54
14.082
67.678
15.72
61.966
19.158
67.504
15.696
67.492
13.284
61.18
21.372
61.168
21.21
62.356
62.344
13.152
69.382
15.24
70.42
61.558
62.746
62.434
24.542
66.772
69.91
68.698
68.386
12.864
60.874
21.552
60.562
66.85
62.338
21.016
67.126
19.054
62.764
13.642
69.052
67.69
18.728
68.428
62.416
62.404
13.152
66.442
13.29
62.53
66.868
60.256
21.004
68.344
15.442
62.032
13.18
69.97
14.068
68.608
20.956
69.796
19.444
66.934
19.432
62.122
23.32
60.61
14.008
68.248
21.254
61.036
67.174
13.58
61.162
67
19.856
62.488
18.494
68.776
14.132
68.314
23.57
65.902
14.258
67.54
14.246
65.128
20.084
60.916
25.172
67.804
65.842
15.532
67.48
19.27
59.818
68.806
61.294
20.866
68.482
24.304
69.37
23.11
61.558
19.198
61.996
60.784
62.272
70.06
21.016
62.398
61.486
21.016
67.474
19.954
61.462
18.83
69.55
13.268
61.888
27.806
61.876
21.644
62.314
69.502
18.866
61.54
69.028
69.616
18.866
62.704
18.704
68.842
18.728
70.33
13.466
66.868
62.506
18.728
62.644
69.832
68.77
12.864
66.808
62.146
12.864
62.284
20.728
61.672
26.566
66.01
13.204
68.098
18.892
62.236
23.38
62.074
21.268
62.212
70.3
24.58
66.688
26.518
68.626
13.152
66.364
62.302
60.04
61.528
20.728
67.816
65.854
61.792
19.342
69.73
19.78
59.818
21.268
65.206
61.144
65.632
24.33
67.57
68.458
21.016
60.796
13.354
65.284
18.892
65.422
24.13
61.06
13.318
59.998
13.756
60.136
24.394
67.624
19.582
61.462
21.82
67.6
60.988
18.642
59.476
13.44
68.314
68.902
65.14
13.152
65.278
20.79
59.266
20.928
61.054
18.966
68.692
13.254
65.83
13.692
61.618
15.93
61.606
13.818
68.494
65.932
26.304
60.07
14.142
59.758
61.396
18.916
59.134
26.406
61.822
65.56
21.744
67.648
21.132
67.786
19.32
67.924
13.758
65.512
21.396
59.65
14.184
67.438
13.872
64.576
19.11
60.364
22.248
67.702
13.836
60.49
19.674
67.228
59.266
21.016
67.354
19.204
60.892
20.816
65.68
26.354
61.168
13.742
67.606
19.73
59.794
13.868
68.782
21.506
66.07
61.408
68.146
67.834
15.442
59.422
13.63
65.56
67.648
67.636
20.992
61.474
15.88
67.762
67.9
67.738
67.726
68.464
24.304
65.752
23.142
61.24
66.028
67.816
26.806
61.654
60.142
13.44
62.08
18.528
62.218
23.316
68.806
13.704
69.844
13.092
61.132
26.58
62.32
62.458
69.796
19.016
66.934
20.804
62.422
18.992
62.56
68.398
66.586
21.09
68.824
13.44
67.012
19.278
62.5
15.966
62.488
62.476
21.48
62.464
15.168
69.652
21.456
61.39
13.344
69.478
13.182
67.516
68.254
15.542
68.392
13.43
60.28
21.668
66.118
15.656
62.206
19.694
68.194
21.932
66.382
13.97
68.02
22.058
60.208
14.846
66.346
20.534
62.434
14.822
66.172
20.06
61.96
14.948
60.748
20.186
66.886
20.174
69.274
26.012
61.012
14.6
66.85
22.388
66.688
20.876
66.676
28.814
62.614
15.152
62.152
17.69
66.49
20.678
62.128
14.966
62.266
26.204
60.754
17.642
70.192
15.38
62.53
15.368
60.718
23.456
70.456
21.194
62.494
23.732
69.232
23.57
69.67
21.908
61.708
23.546
68.746
25.784
60.634
17.822
62.722
22.16
66.91
13.598
66.898
14.336
68.686
21.974
60.874
13.562
66.862
13.25
62.5
13.388
70.138
21.176
62.476
13.002
69.514
13.44
70.852
61.84
13.44
61.978
12.978
68.116
61.654
20.98
61.492
21.568
69.28
24.706
60.718
13.894
68.506
21.832
62.194
21.97
66.982
22.108
68.92
62.458
67.246
20.272
62.434
20.26
62.122
60.76
18.728
70.198
20.216
60.736
14.362
62.374
62.362
26.366
62.5
13.604
66.688
13.592
60.826
22.686
68.914
21.924
69.952
24.912
67.24
19.2
61.528
19.338
70.216
16.326
66.904
21.414
60.892
67.03
15.39
66.718
19.428
69.706
21.666
62.344
28.104
60.682
19.992
60.82
13.38
68.308
15.768
62.596
13.656
68.584
24.144
66.772
15.882
62.71
19.32
69.148
61.486
67.324
62.362
67.3
15.36
62.488
13.248
68.776
19.236
61.114
13.974
60.802
19.362
68.59
13.95
68.278
23.688
68.716
27.276
68.404
19.168
62.392
13.756
61.03
26.944
61.768
13.732
60.406
19.12
62.194
19.858
66.832
21.796
62.32
22.384
68.158
20.122
68.896
13.96
66.934
21.748
60.922
25.036
67.21
20.074
62.548
25.012
61.186
21.1
60.874
13.438
69.412
61.75
18.78
66.538
26.418
62.176
21.378
66.964
23.166
60.802
13.854
62.74
66.478
62.116
60.454
66.592
62.23
12.864
69.868
67.006
23.016
62.644
24.354
68.332
62.32
20.952
62.008
61.996
13.578
66.184
61.972
68.11
62.098
13.83
62.236
68.524
20.106
70.312
61.15
26.442
69.988
66.976
21.692
69.214
13.43
61.402
21.968
67.69
16.556
69.478
13.244
69.166
19.082
67.054
15.47
61.192
18.608
61.33
13.196
70.168
19.334
69.106
16.322
67.294
22.01
60.682
19.298
61.87
25.736
65.308
13.574
67.696
65.734
19.016
67.822
58.96
68.998
18.916
65.236
21.154
61.324
69.112
19.03
67.15
15.718
65.338
21.406
58.876
19.144
60.214
13.732
60.202
27.52
64.69
13.858
67.078
25.696
67.216
20.434
60.454
14.422
65.542
20.41
59.53
20.848
64.768
60.556
65.194
66.532
26.304
60.37
58.858
21.21
66.196
18.618
60.184
60.922
23.016
66.76
13.404
64.948
59.086
20.866
65.224
18.904
64.762
13.192
60.7
19.18
60.688
59.326
67.264
68.452
23.016
61.24
65.878
61.366
26.304
61.354
13.542
61.492
15.78
67.78
24.768
65.518
27.006
65.206
16.044
67.144
19.632
61.432
22.47
68.77
19.608
68.308
16.296
61.096
14.034
59.734
13.272
65.722
19.41
60.01
13.698
61.048
13.536
67.186
16.074
59.374
19.362
68.962
19.2
65.65
59.938
59.926
18.728
59.914
61.402
18.728
68.29
68.128
65.566
62.404
59.692
21.016
70.63
24.304
67.918
61.756
20.728
67.894
26.716
60.232
60.22
67.858
67.846
15.44
63.034
20.728
67.972
26.566
70.66
19.054
62.998
13.642
59.986
13.48
67.924
19.018
67.312
16.156
65.65
21.844
60.688
19.282
60.526
19.42
61.114
65.152
19.768
67.39
66.928
67.816
61.654
26.304
60.442
69.58
15.63
66.418
24.618
60.406
19.506
68.494
21.294
61.582
18.44
68.92
13.142
61.108
21.23
67.096
18.818
60.784
19.406
66.922
13.394
68.11
13.832
60.448
13.37
66.436
20.108
69.574
20.696
69.712
25.484
62.05
14.822
67.138
23.21
60.826
19.298
66.814
15.086
62.302
21.824
60.79
27.812
66.928
21.35
70.966
14.738
63.304
26.53
61.042
21.118
61.18
20.656
63.118
18.994
67.456
13.44
66.694
68.632
24.538
62.47
60.958
14.33
62.446
62.434
14.456
60.772
16.694
66.61
16.832
60.898
22.67
60.736
20.408
62.524
14.696
68.662
23.384
68.65
14.522
60.988
26.66
69.976
14.198
67.564
14.786
61.702
14.024
60.34
20.612
62.128
29.3
69.616
14.438
68.104
20.276
62.242
28.664
62.38
14.102
68.218
16.19
66.256
28.778
70.594
14.366
66.682
14.054
66.22
17.492
62.008
20.93
60.346
14.018
66.184
22.406
63.022
19.244
66.61
13.682
71.248
15.77
61.186
21.758
68.974
26.096
68.212
20.234
62.8
16.172
68.638
28.16
67.726
60.964
13.152
65.452
61.39
60.028
21.14
67.966
24.728
61.504
13.166
66.442
13.154
61.93
21.016
68.968
18.904
62.356
21.442
67.144
26.68
62.482
21.718
62.47
13.756
69.058
18.694
62.146
19.432
61.234
21.67
67.672
20.908
59.71
67.798
59.836
67.774
68.212
24.304
67.6
69.988
19.168
60.226
13.006
61.714
13.152
60.502
61.99
23.154
68.428
21.358
62.416
19.396
62.554
60.892
60.88
13.51
66.868
23.398
61.006
23.386
67.294
22.174
67.432
67.27
26.304
70.408
21.792
69.196
13.68
70.384
24.618
69.622
67.66
61.648
23.862
67.786
13.35
67.924
23.838
69.712
26.796
67.3
13.152
69.538
13.14
62.476
19.128
62.614
13.866
70.102
23.454
62.29
27.492
62.278
21.93
70.216
15.468
68.404
27.756
67.942
19.194
62.53
21.132
62.218
13.47
62.356
62.494
27.678
60.682
18.816
68.17
68.008
69.796
62.434
24.578
61.222
13.016
61.36
26.954
69.298
13.292
66.736
62.524
15.492
69.412
62.35
68.788
70.126
70.264
66.352
60.34
21.016
62.128
68.566
26.304
66.604
24.492
65.992
21.33
61.93
21.256
67.918
66.706
18.44
66.244
21.728
62.032
21.716
68.32
15.48
62.308
19.968
68.596
23.856
60.934
21.744
66.772
19.182
62.41
16.02
70.198
14.658
60.736
20.946
62.674
27.684
61.012
21.222
62.5
19.86
66.838
17.298
68.926
21.936
69.064
15.924
62.002
25.662
60.64
17.1
60.628
15.738
69.766
22.326
67.804
16.914
68.242
22.152
70.18
15.99
68.518
22.278
61.456
15.066
60.094
26.754
66.082
20.442
62.77
20.28
60.058
20.868
61.846
22.956
60.334
28.494
66.472
19.932
61.81
22.47
66.148
28.758
62.236
20.196
66.574
23.484
69.712
21.822
61.9
13.26
61.888
24.648
63.376
60.064
68.152
21.732
60.49
19.32
66.628
26.442
61.816
15.33
69.754
21.318
62.242
19.356
66.88
18.744
64.318
13.332
70.006
21.12
61.144
15.708
69.832
23.196
71.92
21.384
62.458
13.722
66.946
13.56
69.034
13.548
61.222
13.536
69.16
16.224
61.198
67.186
24.442
67.324
19.03
62.512
21.268
66.1
19.306
67.888
13.018
69.526
61.264
68.902
66.79
13.442
59.128
19.58
66.916
13.718
59.254
67.042
19.244
60.88
13.382
59.518
68.656
13.358
65.944
13.946
66.082
13.784
61.12
19.172
66.358
22.16
61.546
26.948
66.484
19.436
69.772
18.824
60.01
20.912
67.948
66.136
65.674
26.392
59.662
23.83
61.75
13.168
69.088
16.006
66.376
13.594
66.364
19.282
60.502
16.12
60.64
25.258
68.578
19.996
66.466
20.134
69.604
27.772
68.692
19.96
66.13
14.398
62.068
14.386
62.206
16.924
65.944
14.812
61.882
14.95
61.87
20.788
68.308
15.076
62.296
15.214
61.834
17.152
61.822
14.14
68.11
27.778
66.148
15.016
59.836
20.704
61.474
20.542
60.262
13.78
61.75
19.768
60.688
21.706
62.026
67.114
69.052
61.39
12.864
67.528
18.728
67.516
20.728
69.004
18.916
66.892
61.03
66.868
61.006
69.394
62.482
19.016
63.52
20.804
69.058
18.992
70.096
15.23
69.184
13.718
62.422
18.506
67.66
13.694
61.498
69.436
13.52
62.374
62.512
66.7
15.568
62.338
21.106
60.676
23.944
68.314
23.332
62.302
21.67
61.24
19.858
62.578
21.046
66.916
21.634
70.354
68.692
24.442
62.53
18.728
61.018
13.616
62.056
20.054
68.194
21.992
68.332
14.03
60.07
22.268
68.158
14.456
66.346
22.544
69.034
14.582
67.072
19.67
60.31
14.258
66.448
19.278
68.536
21.366
65.974
21.954
58.162
13.692
66.1
18.93
58.438
13.368
64.576
18.906
63.964
25.044
68.302
13.782
64.09
19.47
58.078
14.058
66.166
14.046
66.004
14.484
59.692
19.572
66.28
19.26
58.468
21.048
64.306
13.536
66.094
21.324
59.932
19.662
67.87
19.8
66.808
19.488
66.496
19.026
66.634
13.614
66.622
21.402
58.96
20.94
60.448
65.386
23.77
60.574
13.408
59.962
26.746
69.1
13.684
68.188
13.672
68.026
13.06
59.914
66.052
23.154
65.29
61.228
67.516
12.866
61.654
59.842
65.68
15.44
61.618
61.756
19.016
60.244
19.004
70.732
18.992
62.32
21.68
69.058
19.054
66.796
19.042
61.084
15.73
66.922
25.018
69.16
21.556
60.148
69.286
23.016
66.574
13.152
69.562
23.34
69.55
18.978
61.888
66.526
13.304
62.614
15.392
61.102
23.016
69.19
67.078
70.066
61.354
13.44
62.092
62.08
23.016
70.018
21.204
60.556
23.442
69.544
18.78
60.832
21.618
60.97
15.906
67.258
22.044
62.296
21.282
69.784
61.972
70.06
22.534
70.198
71.236
70.474
13.152
70.912
18.99
68.35
16.578
62.038
21.516
70.126
27.204
71.314
21.492
70.402
19.23
70.54
27.168
62.578
24.906
70.216
13.644
67.054
19.782
62.842
25.47
61.18
16.308
67.318
14.646
69.106
20.184
67.144
14.622
62.482
14.76
61.27
20.598
67.258
21.936
61.396
26.574
60.784
19.962
70.372
22.35
68.56
27.138
67.048
21.726
68.836
19.464
69.874
23.652
69.862
21.54
61.15
13.578
62.338
68.926
67.414
61.402
18.728
59.89
13.316
67.528
67.216
13.116
65.554
18.804
67.642
13.542
59.83
18.93
67.618
15.168
65.656
26.832
59.944
68.032
21.266
61.42
59.908
18.866
67.996
18.854
66.184
58.672
18.728
64.66
21.116
58.948
15.554
66.886
23.342
67.024
19.73
64.912
16.118
67.15
13.406
67.288
27.344
66.526
21.632
65.614
13.52
66.952
19.658
59.29
21.468
60.778
64.966
67.204
65.392
13.054
65.08
65.218
12.916
61.006
21.304
65.644
19.016
67.732
18.728
67.42
18.866
68.608
19.004
61.396
21.542
62.284
15.98
60.322
13.568
62.11
19.556
60.598
23.144
62.236
19.982
66.874
13.22
66.712
13.058
68.8
62.488
18.44
68.926
62.464
62.602
60.64
19.016
62.878
19.004
61.066
20.792
67.204
69.292
69.43
19.092
67.318
13.38
69.106
24.768
66.694
13.806
62.332
23.244
66.82
13.932
60.958
13.17
68.746
23.358
60.934
13.01
62.272
21.698
62.41
68.698
12.974
61.036
68.974
18.95
60.862
19.088
70.45
21.176
66.988
60.976
23.386
62.314
13.624
60.652
15.862
66.19
19.15
61.378
21.388
59.866
21.826
61.504
13.864
59.992
14.452
59.68
19.24
67.768
24.928
61.456
12.916
68.644
22.054
59.632
13.792
61.42
12.88
68.008
20.818
67.996
60.334
18.728
66.322
20.966
66.46
24.704
70.498
60.886
24.778
68.374
13.216
61.912
19.204
62.05
66.538
68.776
12.864
60.964
19.156
68.302
18.844
69.94
13.432
67.228
23.506
62.266
15.844
61.504
13.432
61.192
62.53
62.518
67.156
13.578
67.144
13.152
60.832
21.54
60.52
18.978
60.058
21.816
66.196
61.534
13.29
65.872
61.81
18.728
61.648
67.786
61.624
60.562
13.152
67
60.988
59.476
61.114
65.752
23.016
59.44
13.254
67.228
19.392
67.666
21.016
59.554
13.054
61.192
24.892
68.98
13.33
62.668
16.168
66.406
14.056
66.244
19.894
60.382
16.432
63.37
19.57
62.008
14.308
66.946
25.696
69.334
25.534
67.072
21.922
62.41
20.11
61.048
13.348
62.386
13.036
68.374
68.362
15.44
62.05
13.478
65.788
19.616
62.176
13.604
60.214
21.606
65.902
20.994
65.74
61.978
61.966
66.454
68.242
18.728
68.23
62.218
62.206
61.444
12.864
65.482
65.62
61.408
59.896
21.228
61.684
66.322
13.152
61.81
19.14
68.848
62.086
18.766
67.324
21.304
69.412
13.642
70.3
26.83
61.138
19.618
67.276
26.506
70.414
20.944
67.252
13.432
60.79
24.52
68.728
13.44
61.066
68.104
60.442
18.728
68.38
62.068
18.554
68.206
69.094
61.132
18.99
62.47
62.608
13.152
67.546
69.634
13.44
67.972
18.678
70.96
13.566
62.398
19.404
61.186
62.524
61.612
67.15
69.388
26.366
70.576
18.854
61.564
26.342
61.552
69.19
67.378
61.666
18.578
69.754
70.192
20.728
61.33
13.152
69.118
21.09
62.956
62.644
18.728
62.182
23.216
70.72
15.704
62.608
26.942
60.946
18.728
68.584
24.304
66.622
68.56
13.844
61.948
19.532
68.536
14.27
66.424
23.408
69.562
21.596
62.2
16.034
62.338
13.922
67.726
22.31
65.764
59.752
61.24
18.728
67.678
61.516
21.254
66.154
13.592
66.292
67.93
21.016
66.568
13.44
60.856
15.228
66.694
13.716
60.832
13.254
68.77
21.342
60.208
13.38
60.046
13.368
60.184
13.206
61.522
24.594
66.01
19.332
67.798
13.92
65.986
19.458
68.074
65.962
65.95
13.44
65.788
12.978
61.726
69.214
19.29
68.452
69.64
66.778
23.016
70.066
24.854
61.204
12.864
61.042
67.03
68.518
18.728
62.056
15.866
61.744
16.004
60.382
15.692
60.37
20.93
68.458
13.268
68.446
24.806
68.284
69.922
63.01
15.578
67.048
21.266
61.336
61.324
13.152
61.462
25.29
70.6
21.378
61.888
23.016
67.576
70.564
13.152
69.652
67.84
69.628
20.728
70.816
20.728
69.904
18.616
69.892
13.204
67.63
12.892
69.868
70.006
21.24
68.044
13.428
61.882
68.02
13.854
70.108
21.492
62.446
23.43
71.434
13.968
62.422
21.306
62.56
21.894
70.648
20.832
62.686
61.774
15.992
69.712
18.98
67.9
13.44
61.588
15.678
61.726
21.966
61.264
13.254
67.102
61.24
23.108
61.078
13.046
66.916
13.152
61.054
67.042
62.53
61.468
23.016
60.706
21.354
62.344
13.392
62.482
13.23
62.32
13.818
62.758
27.306
60.796
21.894
60.934
22.482
67.072
21.87
69.16
24.304
69.148
13.492
61.486
21.118
66.724
19.306
60.862
61
13.732
68.938
62.476
62.464
26.392
61.402
21.28
61.39
22.468
69.178
26.528
69.766
23.666
61.954
13.454
61.942
61.93
13.44
68.068
65.656
21.116
61.594
26.504
65.782
18.842
61.72
19.73
69.208
13.568
61.846
13.706
68.734
66.322
20.728
60.61
20.866
68.698
27.304
70.336
19.342
66.724
13.44
62.212
24.678
68.5
23.166
66.238
19.104
60.076
19.242
61.864
16.08
68.152
27.468
66.34
24.456
66.478
21.144
66.466
15.732
62.104
19.47
66.442
19.158
68.68
62.218
66.706
13.152
60.994
70.132
67.42
67.408
62.446
61.384
13.152
69.472
18.728
67.51
20.816
69.748
19.004
67.936
62.524
18.44
62.662
21.428
62.5
13.916
62.188
19.004
68.176
20.192
62.314
21.38
67.702
15.668
61.99
15.506
70.078
68.116
18.728
70.054
68.092
70.33
18.866
69.568
13.454
69.256
13.442
61.294
19.28
63.082
60.97
19.232
66.958
13.37
69.196
13.508
69.184
61.222
19.484
61.36
14.222
62.398
15.86
62.536
21.698
61.624
13.286
67.912
21.974
67.9
23.612
70.138
62.326
67.714
19.002
69.952
19.14
62.14
26.518
67.828
20.956
61.066
20.944
67.654
14.032
59.992
13.152
65.53
15.39
59.818
13.152
61.306
66.244
21.09
61.732
68.47
62.158
13.404
60.946
61.984
66.322
13.442
62.11
13.43
68.398
13.268
68.386
21.656
66.574
19.544
60.712
21.632
68.35
27.02
60.088
21.608
60.076
20.096
69.064
14.384
68.002
21.722
68.14
14.36
60.178
20.348
61.666
20.802
60.604
13.152
65.992
24.84
59.98
23.778
69.568
13.266
60.406
26.754
61.894
21.642
62.032
18.78
68.47
18.918
65.758
15.756
69.346
13.344
60.034
19.332
61.672
68.26
13.002
62.098
68.686
62.524
18.784
70.012
13.222
69.1
13.81
62.488
19.348
68.326
25.186
69.514
67.102
18.704
69.04
15.242
61.078
18.728
66.916
15.266
60.904
19.154
70.042
13.142
66.43
13.58
60.718
19.718
60.556
60.694
62.182
12.864
68.92
21.042
60.958
68.896
12.864
66.934
21.306
69.172
20.994
62.41
18.732
68.698
21.12
62.386
19.158
68.524
69.712
21.23
62.5
26.468
62.638
24.656
68.476
62.014
61.702
61.69
14.108
68.128
59.866
20.234
67.804
65.992
21.694
68.08
20.182
69.268
21.97
66.406
24.058
60.244
13.396
60.382
61.57
13.44
62.008
16.428
67.096
70.234
21.392
61.222
24.98
66.16
61.948
13.256
68.236
60.424
18.728
68.662
21.266
62.05
19.004
66.838
20.942
62.476
15.68
67.264
15.518
69.802
19.556
67.69
69.928
61.966
62.104
67.942
13.152
70.18
70.018
21.016
62.356
26.518
62.494
15.706
62.332
21.094
68.32
21.232
62.158
13.57
69.646
23.608
67.834
19.846
67.972
70.06
70.198
19.33
62.386
26.668
68.074
19.456
62.362
13.444
70.45
21.082
70.288
21.07
68.476
61.564
62.452
15.468
69.79
13.206
62.128
15.894
68.266
62.554
70.192
67.93
70.018
26.844
67.906
21.016
62.194
19.204
68.332
13.642
69.97
24.73
69.208
68.896
19.256
61.084
21.016
66.922
13.504
60.46
62.098
68.836
13.44
68.974
61.312
12.978
70.75
19.416
69.088
62.326
20.966
62.314
20.804
68.452
13.292
60.64
15.23
62.428
21.518
66.766
15.656
69.004
13.994
67.192
13.982
60.73
21.77
70.918
25.508
70.456
27.446
66.694
14.084
66.682
13.772
66.52
25.31
60.808
21.698
62.296
21.836
68.584
21.074
69.322
13.152
61.81
19.29
69.748
24.528
60.436
13.416
66.424
24.718
62.062
66.85
14.13
62.488
19.968
68.776
18.906
68.914
13.794
62.302
24.732
60.64
22.77
60.628
21.858
62.266
21.246
69.004
24.384
69.142
25.272
61.33
15.51
66.868
22.698
69.106
69.094
68.482
13.44
62.32
18.854
60.658
69.646
13.44
62.434
13.44
69.622
27.378
68.71
62.698
19.832
63.136
18.77
62.824
23.258
62.512
68.65
66.988
67.126
69.064
70.252
18.728
67.39
18.728
68.578
62.416
23.154
66.454
69.592
62.08
61.018
18.728
62.356
18.866
62.494
13.454
66.532
15.44
62.47
62.308
21.218
66.796
21.056
60.784
13.394
68.422
68.41
23.392
66.598
23.23
67.786
68.224
60.112
26.304
60.1
12.942
60.088
61.876
67.414
18.978
59.452
13.566
61.09
21.378
67.228
59.266
59.404
66.892
18.706
60.73
67.018
66.706
64.744
64.582
66.82
66.958
18.44
67.096
24.578
60.634
59.572
67.66
21.016
65.998
23.254
60.286
68.224
18.728
68.362
21.566
66.25
20.728
65.938
26.416
61.426
59.914
65.752
21.28
59.89
67.528
66.016
61.804
26.38
66.142
60.28
66.568
70.156
68.944
69.982
67.27
26.304
61.558
61.546
62.434
26.304
69.622
70.66
61.648
61.636
70.324
68.362
26.304
69.55
67.738
61.876
69.964
69.052
62.44
61.528
67.366
61.654
68.392
70.48
68.368
62.506
66.994
62.482
70.27
60.808
60.946
62.584
67.072
67.21
61.498
67.486
69.724
61.912
67.6
69.838
68.026
62.314
70.402
68.29
69.478
62.416
67.354
61.342
68.98
68.368
66.256
62.044
61.882
68.02
60.358
61.996
66.484
66.322
60.16
60.148
60.286
66.424
61.912
68.95
67.138
70.276
67.414
69.352
61.24
62.278
61.516
61.504
70.492
67.63
62.518
62.506
62.344
67.132
69.97
68.308
60.196
61.834
61.372
67.66
59.698
61.186
59.824
61.612
68.2
63.838
66.526
62.164
69.202
61.39
67.378
69.616
67.804
67.942
61.18
66.868
60.856
68.644
62.182
60.82
68.908
62.446
66.784
68.872
66.91
68.848
65.836
61.774
61.912
68.65
62.188
61.126
70.264
67.552
69.64
70.678
61.066
61.054
68.842
62.53
62.668
60.856
68.944
61.132
69.37
67.408
69.796
69.334
69.472
69.61
69.448
67.636
70.174
68.662
62.8
67.738
70.876
68.914
69.052
69.64
66.928
66.766
67.654
69.592
67.33
66.118
67.156
67.294
