12.864
12.864
15.152
12.864
14.152
12.84
18.728
13.152
18.728
20.44
13.152
20.44
13.152
18.64
14.152
20.752
13.152
24.328
14.152
12.84
21.928
13.016
20.504
12.792
18.68
12.576
20.44
14.328
13.016
22.504
22.392
20.68
24.616
21.016
18.728
14.152
12.84
22.016
21.016
26.304
20.44
13.392
18.44
12.576
20.44
18.904
14.328
19.016
13.44
12.904
12.576
15.44
13.728
12.576
14.152
21.016
19.016
20.44
22.016
20.704
26.304
14.592
24.592
22.48
14.768
20.656
13.152
18.944
13.232
12.576
18.992
14.44
14.328
12.864
21.016
20.728
20.44
21.016
14.328
22.216
18.504
14.152
21.016
15.152
18.728
14.152
20.728
20.44
23.016
18.904
15.592
20.44
18.728
18.44
13.016
14.152
21.44
14.152
14.152
12.576
13.44
20.44
20.44
18.44
18.44
20.44
20.44
14.152
12.864
18.44
23.016
20.44
20.44
14.328
19.016
26.304
14.152
20.44
15.44
20.04
12.928
19.04
20.44
15.328
18.816
14.44
20.016
20.44
12.864
18.728
20.752
24.304
14.152
18.44
18.44
20.728
18.44
14.328
12.616
12.864
20.44
18.44
21.528
20.616
24.304
18.44
13.44
20.928
14.44
12.728
22.216
18.728
14.504
13.016
20.792
19.08
21.016
14.152
14.152
12.84
20.728
20.44
12.576
20.728
20.44
12.576
22.016
20.44
18.728
12.576
14.464
18.44
20.04
12.728
12.616
20.504
14.392
18.44
24.304
18.728
21.016
21.016
12.904
18.44
19.128
12.576
13.152
18.44
14.152
20.44
18.44
19.016
22.016
18.704
14.992
26.328
13.28
24.616
18.44
20.904
18.44
13.152
12.576
14.44
21.304
18.792
20.44
18.728
18.44
20.728
14.152
12.84
21.04
14.152
13.152
12.84
14.328
18.616
20.728
18.504
19.016
12.576
14.152
23.016
19.016
14.152
18.44
13.44
20.44
21.304
13.152
15.44
18.44
13.328
14.328
23.016
13.704
26.792
13.48
18.728
21.44
15.44
20.528
14.152
12.84
15.152
20.44
21.528
12.616
21.704
14.392
13.152
18.44
14.152
18.728
14.152
20.44
14.328
19.016
23.016
20.904
18.728
14.304
12.576
20.728
23.016
20.44
13.152
18.44
14.328
14.216
12.576
21.44
21.04
18.528
26.304
14.416
21.016
20.44
18.904
18.44
20.44
21.016
15.304
12.864
21.152
18.44
26.64
12.728
12.616
13.152
20.44
13.152
13.04
20.44
18.928
18.728
18.728
18.44
12.728
19.016
20.44
14.328
12.576
19.016
14.464
12.752
20.64
15.192
12.864
12.576
20.44
21.016
18.44
26.504
22.016
20.728
18.44
18.44
13.152
14.44
12.728
20.728
18.44
26.328
18.44
18.44
18.44
13.304
14.328
12.616
15.44
18.528
21.016
19.016
13.304
24.792
20.44
13.48
12.728
26.968
21.44
16.056
13.144
12.576
26.632
19.32
18.44
14.152
20.016
22.016
12.864
20.44
13.44
12.728
13.328
12.576
21.216
21.44
20.528
18.44
23.04
15.328
12.576
20.44
12.728
12.616
20.728
20.44
14.328
18.44
12.576
12.576
12.576
18.44
20.44
14.328
13.016
20.904
24.328
13.192
20.68
20.44
18.728
18.44
13.304
23.016
18.44
12.576
15.44
14.464
14.352
18.44
20.728
18.44
12.864
18.44
12.728
24.368
15.152
14.44
18.728
18.728
18.728
14.152
20.728
19.304
14.152
14.84
18.728
20.728
13.016
13.44
14.304
18.592
20.44
20.44
14.328
13.152
20.44
14.328
21.04
26.528
13.216
13.152
20.44
12.864
18.728
15.152
18.64
14.152
21.44
14.152
14.152
20.44
14.328
26.304
13.44
13.328
26.816
12.576
22.016
12.576
21.664
12.752
24.328
12.576
18.464
21.016
20.904
13.152
12.576
18.464
26.304
20.44
12.864
14.152
21.552
12.84
18.728
20.44
23.016
18.44
14.328
14.216
21.44
18.728
13.152
20.44
14.328
13.152
23.04
20.44
12.576
20.44
18.728
18.44
18.44
15.152
12.576
13.44
18.44
21.44
18.44
21.528
13.152
20.44
21.016
18.728
14.216
13.152
13.152
12.576
18.728
20.464
12.752
22.016
12.704
18.44
21.128
13.016
18.44
14.728
21.192
14.616
20.728
12.576
13.152
22.08
23.04
14.152
20.44
12.576
18.728
18.464
14.152
12.84
14.328
13.152
13.152
20.44
12.864
14.152
24.304
20.04
21.016
13.304
20.728
12.864
18.752
18.44
20.728
18.44
18.44
14.152
18.44
18.44
12.728
18.728
18.728
13.016
18.44
23.016
13.44
18.44
14.152
21.64
20.728
19.016
13.304
18.792
13.44
20.728
18.44
20.44
18.728
14.152
21.016
14.44
12.728
14.216
20.728
12.576
12.576
26.304
20.44
20.44
12.728
20.616
12.576
20.464
20.44
15.304
12.864
20.752
14.152
15.152
20.328
14.616
13.192
18.504
26.304
22.016
14.704
12.864
14.88
21.592
19.08
23.016
20.44
14.152
14.152
12.84
14.152
19.016
12.84
14.328
12.864
18.44
12.728
13.152
14.152
20.44
12.728
12.616
21.016
20.44
12.728
18.44
12.728
20.728
18.728
13.304
13.192
14.44
18.752
14.152
13.152
20.44
13.44
12.728
18.928
14.216
20.504
23.016
18.504
13.192
24.304
19.016
18.44
20.728
18.44
20.44
14.728
20.44
12.864
20.44
18.728
18.616
20.504
12.792
14.152
18.728
18.44
20.44
14.44
19.016
20.44
20.44
24.304
18.728
13.016
20.904
20.44
15.44
14.152
20.44
21.016
18.44
14.328
18.616
21.04
12.928
14.152
18.44
20.728
15.152
12.576
20.728
18.616
20.44
14.328
19.016
20.728
12.576
14.152
14.152
20.728
15.44
18.44
18.928
21.528
20.616
21.44
19.016
13.704
14.152
21.192
18.44
12.864
20.016
18.592
12.576
20.464
18.752
18.44
14.24
12.576
20.728
18.464
14.44
26.304
21.528
18.728
20.44
21.416
14.328
13.304
19.016
18.504
14.792
18.752
21.44
12.864
18.528
18.44
12.576
12.864
18.44
14.44
20.44
18.44
14.328
22.216
18.728
12.904
18.44
21.016
18.728
18.44
14.152
20.44
12.576
18.44
14.44
20.44
20.44
19.016
18.728
26.504
18.44
18.44
26.328
22.016
12.864
12.576
20.464
18.44
13.128
21.016
18.44
20.44
14.328
24.592
14.152
19.016
18.44
24.504
14.328
13.592
20.216
21.48
20.904
23.368
22.392
14.056
19.08
13.368
21.016
20.44
20.304
18.728
12.592
14.152
20.44
18.944
18.832
12.576
18.464
20.904
14.352
12.64
18.44
14.152
12.576
14.152
21.016
21.64
19.304
14.44
19.016
14.152
22.04
18.592
13.28
14.152
21.168
20.44
21.528
18.616
12.904
14.152
20.44
18.728
12.616
18.504
15.44
19.016
14.152
13.152
12.576
20.44
21.44
14.152
21.016
14.152
14.304
21.016
20.904
18.792
21.016
18.44
19.304
18.44
12.728
14.216
13.44
18.928
14.152
24.48
18.768
18.728
18.44
12.728
14.152
12.84
13.152
18.44
26.304
20.44
12.728
20.616
12.904
20.792
20.44
14.152
14.152
18.728
20.44
21.016
20.328
12.616
15.152
18.44
19.016
20.44
12.576
14.152
18.728
12.576
18.464
12.864
20.44
18.728
13.152
20.44
21.44
20.528
13.152
18.44
20.016
20.016
18.728
18.44
15.44
26.528
18.816
22.016
13.152
20.44
13.152
12.576
12.576
23.016
18.728
12.576
18.728
18.616
22.016
12.864
14.304
26.352
23.016
21.44
13.152
18.44
21.016
19.016
24.504
21.192
22.016
23.016
14.304
13.304
21.792
14.48
14.368
13.056
18.44
21.328
12.728
20.44
18.728
13.016
12.904
14.152
12.84
21.016
20.44
13.152
12.576
18.64
20.44
18.44
12.728
20.44
24.304
12.728
20.616
15.44
15.328
12.576
18.816
14.152
18.728
18.44
20.44
18.44
14.152
18.44
12.576
12.576
15.152
14.152
15.44
18.44
19.528
13.816
22.016
18.704
12.992
21.68
13.152
14.152
20.44
13.328
26.304
14.152
20.728
23.04
13.328
12.576
20.44
12.728
26.768
26.656
20.44
20.016
20.704
14.192
14.152
14.44
14.328
13.016
24.304
13.152
12.576
24.304
18.44
20.904
13.192
22.016
20.704
18.992
22.48
20.768
12.576
19.016
18.504
12.576
19.192
12.576
12.576
19.04
18.728
20.44
14.328
19.016
12.576
12.576
12.576
20.44
18.44
21.04
22.016
12.704
18.728
20.44
13.016
18.728
24.504
18.616
15.592
23.08
14.44
18.728
12.576
14.152
14.152
21.016
15.304
13.592
18.44
14.328
13.704
13.304
14.152
20.44
22.016
13.152
20.44
18.44
15.44
14.152
26.304
13.392
18.728
13.016
22.08
18.44
15.192
20.44
12.728
20.616
26.328
18.44
19.016
14.152
20.728
21.44
18.728
14.152
18.44
12.864
12.576
26.352
19.04
24.528
13.152
21.04
14.152
18.44
20.728
14.152
12.904
20.44
21.04
14.328
12.616
24.304
14.152
20.728
12.576
20.464
13.304
19.192
20.016
14.304
12.992
21.256
20.48
12.864
14.152
15.368
18.856
13.944
12.576
21.04
12.928
14.152
20.44
15.44
12.576
20.44
19.016
14.328
12.616
20.44
12.576
12.576
18.464
20.44
12.864
20.44
18.44
13.328
21.528
21.016
20.44
18.504
22.328
15.592
18.616
13.152
20.44
14.728
14.216
13.152
18.504
24.328
18.44
20.44
18.728
13.152
13.152
20.016
20.704
14.192
12.576
13.152
18.464
21.44
18.728
12.576
18.464
12.576
20.464
14.352
12.576
20.752
23.04
14.152
12.84
18.728
18.616
20.728
12.904
18.44
12.576
15.44
20.464
23.016
18.504
13.192
18.44
26.304
12.576
18.728
22.016
18.44
14.328
18.616
18.44
12.728
20.728
14.216
20.904
15.44
13.192
14.68
14.568
20.856
12.744
12.632
14.152
20.44
21.016
18.728
20.616
13.152
18.504
12.576
21.016
18.728
14.44
12.576
14.304
18.592
14.152
22.016
18.704
20.592
18.728
14.152
14.152
18.44
21.016
18.728
14.152
13.152
12.576
21.04
15.328
20.44
15.152
18.44
13.152
20.44
14.328
20.616
12.576
14.152
14.152
18.44
20.44
21.016
21.016
18.44
15.704
14.152
14.152
15.152
22.016
14.304
20.592
12.88
12.864
18.44
12.864
14.328
13.016
18.504
20.728
22.016
18.44
20.44
20.44
12.864
12.576
21.016
21.664
18.752
18.64
12.864
14.152
19.016
18.728
18.44
20.328
18.616
20.44
14.728
13.152
14.616
24.304
20.44
20.44
14.44
12.728
18.992
14.616
14.504
21.592
22.016
20.304
13.152
14.152
20.44
18.728
12.616
26.304
20.104
20.016
21.504
12.864
18.592
14.48
13.168
19.016
13.056
18.728
14.152
13.152
12.576
20.44
13.152
19.016
20.728
13.416
22.016
20.904
14.152
13.44
21.016
14.152
14.152
14.152
21.016
18.44
14.152
22.04
14.328
18.616
14.504
12.576
18.464
14.352
18.44
14.728
12.864
14.152
26.304
12.84
20.728
23.04
18.44
26.528
12.576
26.304
18.728
13.016
21.304
12.576
21.44
12.576
13.152
20.44
20.44
24.304
18.728
18.44
14.152
21.64
19.016
14.328
15.704
20.216
18.44
23.016
14.328
12.616
20.104
14.392
12.576
23.016
18.44
14.152
21.64
20.728
18.728
14.216
18.728
20.44
14.152
12.576
19.016
18.728
18.44
20.44
14.328
21.816
15.44
18.904
24.528
18.728
14.152
12.84
18.44
12.728
13.152
20.44
21.016
20.44
18.728
18.44
14.328
20.616
14.152
12.576
20.464
12.752
12.64
20.728
18.44
21.016
15.704
12.576
18.464
18.44
21.304
13.192
21.304
20.44
14.328
20.752
12.576
20.464
20.728
26.304
18.992
13.016
20.44
20.904
19.192
14.152
12.576
14.152
18.44
21.016
18.44
21.016
20.728
18.728
13.416
13.016
20.44
12.728
19.192
21.816
18.728
21.016
13.152
18.728
18.44
13.016
18.44
18.728
18.728
13.416
18.44
12.576
18.464
14.352
24.304
23.016
12.576
20.464
22.016
20.728
13.152
20.44
20.44
14.328
20.616
20.504
12.792
20.44
20.44
12.864
18.44
14.328
13.016
20.44
21.304
14.728
20.616
12.864
14.504
14.152
20.44
20.44
22.328
18.728
14.152
20.728
20.44
20.44
18.44
13.152
14.152
18.728
12.576
20.44
18.728
20.44
18.592
14.152
19.016
14.328
15.152
12.576
20.44
14.328
19.016
18.728
15.152
20.44
24.328
12.576
23.016
20.904
20.44
26.304
12.864
15.552
14.152
20.44
18.728
14.152
14.152
20.44
18.44
20.728
20.016
13.016
14.304
24.304
18.44
14.328
26.304
14.152
18.44
24.304
22.016
12.704
18.592
14.152
24.48
14.152
21.168
20.44
12.576
20.44
20.44
20.44
20.728
13.416
26.504
13.192
20.44
21.08
18.44
18.44
14.152
22.04
14.328
20.616
12.904
14.152
20.44
19.304
24.792
22.016
18.704
20.728
23.016
21.44
13.44
20.44
12.928
12.728
15.616
18.728
12.576
18.44
21.04
12.728
19.304
21.016
18.728
20.44
14.328
13.016
20.904
12.576
21.664
20.44
26.304
12.728
20.44
22.016
20.44
18.44
20.44
14.152
21.44
18.44
21.016
20.44
24.504
18.728
20.728
21.44
18.44
20.44
18.728
20.44
18.44
20.728
26.304
14.44
14.328
18.728
20.44
18.44
12.864
13.552
18.728
20.016
20.704
18.728
12.592
14.152
19.016
12.576
22.016
14.304
20.728
12.592
24.304
20.48
12.768
12.864
20.752
20.44
20.44
18.44
14.328
18.592
20.616
21.44
18.44
12.728
18.728
18.44
13.016
14.328
12.864
12.864
14.152
12.576
20.016
14.304
19.04
20.44
18.44
12.728
15.152
15.152
13.04
12.576
23.016
12.904
12.576
20.464
23.016
13.152
26.304
20.44
14.216
15.152
23.04
20.44
20.44
13.44
20.016
20.704
15.152
20.728
12.576
24.616
15.152
20.44
18.728
18.728
12.576
19.016
13.304
15.592
13.48
18.44
15.768
12.864
12.576
21.44
12.576
20.064
20.44
26.304
12.992
14.304
13.152
20.44
24.304
20.44
12.992
18.728
13.016
13.152
20.44
18.728
20.44
26.304
14.152
12.576
18.464
19.016
21.552
12.64
21.44
14.152
12.84
14.328
18.728
14.44
21.528
18.44
13.704
14.328
18.44
14.328
12.576
23.016
21.304
14.152
15.192
12.576
14.152
13.44
21.64
21.016
14.152
24.304
20.44
14.152
12.576
21.016
20.064
12.576
13.152
14.152
12.576
18.44
14.152
18.792
12.84
20.728
18.616
14.504
12.792
14.68
14.168
24.592
19.28
14.152
18.728
12.84
14.328
21.816
24.328
24.304
13.44
12.576
13.152
18.44
15.44
12.728
14.216
20.44
14.328
18.728
13.016
13.416
18.904
24.392
12.576
13.152
12.864
12.864
18.44
20.728
18.44
14.304
14.192
18.752
13.04
14.152
12.576
18.44
15.152
14.44
18.44
20.44
12.864
14.152
12.84
14.328
24.304
18.44
14.44
21.44
21.04
24.304
14.152
20.44
20.44
12.576
14.152
21.016
18.728
26.304
20.44
19.016
20.016
18.904
12.704
20.44
20.44
15.44
18.928
14.152
13.216
20.44
21.192
18.44
13.152
21.04
18.44
20.44
18.728
18.728
13.44
13.152
18.44
12.576
12.576
13.44
22.064
19.016
12.576
15.44
18.44
14.328
13.016
22.104
21.016
20.728
18.728
20.016
12.704
14.192
21.016
18.728
18.44
18.728
12.576
14.152
12.84
18.728
20.44
18.728
12.576
13.416
13.304
18.44
20.728
12.576
18.728
21.664
12.752
14.24
12.928
19.016
21.304
20.44
14.328
12.576
20.464
15.44
24.528
20.816
22.016
14.152
20.44
13.304
14.152
23.192
12.576
18.44
18.44
21.016
12.904
12.576
20.728
18.44
13.152
20.44
18.728
13.152
20.44
14.152
20.016
18.728
13.152
20.44
18.728
14.216
19.016
20.44
12.728
14.216
18.904
12.864
14.152
12.84
18.44
20.44
20.728
20.44
18.44
14.328
20.728
14.216
15.44
20.504
18.44
12.576
20.464
12.752
20.728
12.576
20.728
20.44
21.528
18.616
18.504
20.728
14.152
12.84
20.728
18.44
12.616
18.504
14.392
13.08
18.968
13.152
12.576
21.04
18.464
21.016
12.576
13.152
18.44
20.016
18.704
24.304
14.152
12.84
12.576
15.44
21.44
15.152
18.44
14.728
12.616
12.576
18.44
13.152
15.152
21.04
18.44
12.576
24.304
26.304
18.44
18.992
14.152
12.576
15.152
14.152
21.016
20.904
18.728
15.152
20.728
20.44
26.304
18.728
15.416
21.44
18.528
20.44
18.44
14.152
12.576
14.152
12.84
20.728
19.016
20.904
13.192
19.016
21.08
18.728
20.44
12.576
14.152
20.44
18.728
18.728
18.44
21.016
24.304
14.152
21.64
24.304
20.44
18.728
18.44
15.152
20.44
22.016
18.728
18.44
20.328
20.216
14.504
15.304
14.392
21.88
14.568
18.728
14.152
13.44
20.44
20.752
18.44
14.328
20.728
20.44
13.152
13.152
20.44
18.44
23.128
14.152
12.84
14.328
12.864
18.44
18.44
21.44
12.576
18.44
19.304
14.152
26.392
12.576
20.464
14.352
13.04
23.016
18.44
21.44
12.576
14.152
18.44
15.152
14.152
20.44
18.728
18.616
14.152
23.016
18.44
13.152
12.576
18.728
12.576
19.016
18.44
12.864
20.44
18.728
24.304
12.576
12.576
14.464
21.952
12.864
21.04
20.928
20.816
20.44
20.44
18.728
23.016
21.304
14.152
26.792
19.08
14.152
21.368
12.576
18.44
22.016
21.016
18.704
14.592
14.152
19.016
20.904
26.392
12.576
14.464
18.44
14.328
12.864
20.752
20.016
26.304
13.152
14.152
13.04
20.44
18.728
20.616
18.904
21.992
14.68
14.168
12.856
14.344
19.016
13.032
26.504
18.792
12.576
12.576
12.576
14.152
20.44
24.304
18.728
20.44
22.016
18.44
12.576
15.44
20.464
15.304
18.44
18.44
13.152
12.576
18.728
24.304
12.576
13.016
18.464
21.192
18.44
12.728
20.216
18.728
22.08
24.304
18.44
12.992
14.728
14.216
20.504
20.44
18.44
12.576
20.464
21.552
20.64
12.864
12.576
18.44
12.576
18.44
13.528
20.44
14.328
13.016
20.44
18.728
18.728
20.728
21.44
18.752
12.576
20.728
12.576
21.016
15.152
18.728
14.152
26.304
12.576
18.44
19.016
14.328
20.728
20.44
21.528
14.216
20.752
18.904
14.152
24.304
19.04
14.152
12.576
23.04
14.152
21.016
20.44
13.44
20.44
12.928
18.728
20.44
18.44
20.04
12.864
14.152
19.04
18.44
12.728
12.576
12.864
20.44
13.152
18.728
12.576
18.464
20.44
13.152
18.728
15.416
20.016
14.304
12.576
14.152
21.016
18.44
13.304
26.392
21.08
20.968
14.152
13.152
14.152
20.44
13.44
14.152
20.728
12.576
21.664
20.728
22.016
18.704
24.304
20.592
12.992
14.152
20.752
18.44
13.44
14.328
13.44
22.016
18.44
13.016
12.576
19.016
20.44
14.328
26.304
18.592
19.28
24.768
18.44
13.856
24.304
13.152
18.44
13.152
14.152
21.04
20.44
18.728
14.152
21.64
20.44
14.328
13.152
19.016
20.904
20.792
19.08
21.44
12.576
21.664
19.016
14.152
12.84
14.328
18.728
20.016
18.44
21.016
18.904
14.152
18.44
18.728
12.576
20.728
12.576
18.464
20.44
26.304
12.728
18.728
12.576
26.304
18.44
20.992
18.44
13.28
21.016
19.016
18.44
21.304
20.792
14.152
21.64
18.728
14.616
12.576
18.44
20.44
20.44
18.728
20.616
18.44
18.44
21.528
12.576
14.464
14.328
15.328
12.616
21.216
13.504
19.792
20.44
16.08
12.576
22.464
24.304
18.752
14.64
20.728
14.528
20.44
20.44
20.304
12.592
23.016
14.152
13.152
14.152
26.64
20.44
24.528
21.016
14.152
14.152
13.152
19.04
20.016
14.304
12.992
14.304
14.192
18.48
13.44
21.568
20.656
20.544
14.152
19.016
24.592
13.28
13.168
19.056
20.44
12.728
14.216
12.904
18.44
14.328
18.44
18.44
18.44
14.328
13.152
18.616
15.44
12.928
15.616
14.44
12.728
18.44
12.864
12.864
14.152
18.44
18.44
12.576
14.152
14.152
12.84
18.728
12.864
18.616
14.504
20.792
20.68
12.576
20.44
12.864
14.328
22.216
20.904
19.016
14.792
21.08
20.728
13.368
13.704
14.152
20.44
18.728
14.216
13.304
13.192
21.44
20.128
14.152
26.304
20.44
14.152
15.152
12.576
13.04
20.064
14.752
22.24
12.864
12.576
18.464
20.728
12.752
18.64
21.04
19.016
14.152
20.44
14.328
19.016
12.576
20.464
20.44
12.576
20.464
18.728
14.152
20.016
14.304
20.44
18.44
20.44
14.728
21.816
20.728
20.504
14.392
14.152
20.44
21.016
14.328
19.304
20.216
12.576
14.464
14.352
12.64
20.728
13.304
20.792
18.44
20.44
21.016
18.44
13.304
20.44
14.328
23.192
14.152
13.44
21.016
14.152
12.84
18.44
20.44
21.528
12.616
20.44
23.016
18.728
18.504
19.04
14.152
15.44
18.44
18.44
12.864
21.44
22.128
20.816
12.576
13.44
20.464
21.44
18.44
20.44
12.576
21.016
20.44
20.016
20.704
18.728
12.592
20.48
12.768
12.656
12.576
24.304
21.44
24.304
26.304
21.44
14.152
21.016
21.44
20.904
18.528
20.44
20.44
20.44
12.728
20.44
23.016
14.328
12.904
12.864
12.576
15.152
21.44
18.44
20.44
18.728
18.616
13.44
14.152
18.44
24.328
14.152
13.416
21.304
13.592
20.44
14.152
13.152
14.152
20.44
12.576
12.576
18.464
26.304
14.352
20.992
15.28
18.48
21.44
18.44
12.728
18.44
14.44
18.728
18.728
18.44
13.304
18.44
14.328
23.016
13.152
20.44
21.528
18.616
20.44
14.152
13.04
18.44
19.328
14.328
14.216
12.904
20.792
20.44
13.152
20.44
19.016
18.728
20.44
18.44
14.328
19.128
12.616
24.328
15.152
12.576
18.752
18.464
14.152
12.84
13.44
15.328
18.728
14.44
12.728
18.728
20.616
18.44
14.152
23.016
20.44
13.304
12.576
18.728
21.44
18.728
15.416
20.44
20.44
14.328
13.016
19.016
14.504
18.44
20.44
18.728
14.152
20.44
23.016
15.704
14.152
20.304
12.592
23.016
18.904
18.792
20.44
18.728
20.728
19.304
13.152
20.44
14.328
18.44
12.728
20.216
18.904
14.392
13.152
21.016
21.44
18.904
12.576
18.728
20.44
24.304
13.016
19.304
18.44
21.016
18.44
14.328
24.304
22.016
21.504
18.592
14.48
26.304
12.768
18.992
20.88
18.44
13.152
14.304
20.592
14.152
21.016
18.44
23.304
14.328
20.728
18.44
20.44
12.576
12.576
13.592
20.304
20.728
19.016
14.152
21.44
18.992
14.152
12.864
12.576
20.464
26.304
12.576
12.992
20.44
20.44
12.904
20.44
22.328
22.216
18.44
12.576
18.464
12.752
21.016
20.64
12.928
20.728
18.616
20.44
13.704
23.192
18.44
14.328
12.864
12.864
18.728
20.44
12.576
20.44
18.728
18.44
21.528
18.616
13.44
12.928
18.728
13.016
15.152
14.44
13.44
15.328
14.152
20.816
20.44
18.44
20.44
21.016
20.44
14.152
14.152
18.44
18.44
15.152
20.728
14.152
15.44
20.44
21.44
18.44
20.016
12.704
22.016
22.016
20.728
24.304
18.992
22.016
19.016
14.304
20.904
12.992
14.152
20.44
18.728
18.616
20.504
18.728
13.192
13.08
14.568
21.016
20.856
18.904
13.144
18.792
12.576
26.304
20.016
20.704
13.152
18.728
20.728
18.728
18.592
12.576
18.464
12.752
23.016
18.44
15.528
20.44
13.152
20.44
13.04
14.328
18.616
18.44
21.44
20.728
20.728
15.44
23.016
12.904
14.304
13.152
22.192
20.728
18.44
21.528
20.616
13.152
12.904
15.152
12.792
18.728
18.44
12.576
20.464
22.016
14.304
14.192
21.44
13.152
21.44
21.016
13.304
20.44
14.328
18.616
15.152
13.44
21.016
21.44
14.152
12.84
13.016
13.152
20.016
21.04
22.016
13.328
12.864
18.728
18.44
20.44
14.328
24.304
14.152
22.04
20.44
12.728
15.304
18.616
12.904
20.44
14.328
12.864
18.752
20.44
21.04
13.328
13.44
14.152
21.016
18.904
13.192
20.44
13.152
14.152
21.016
21.64
14.152
18.44
18.44
14.152
14.152
20.752
21.44
13.44
14.152
12.84
12.864
14.152
24.592
20.88
12.576
20.44
23.04
13.44
13.328
21.016
21.44
14.152
20.728
20.44
14.328
18.728
20.44
12.864
14.152
15.44
20.44
18.928
20.44
13.152
21.44
19.016
12.576
13.152
14.152
12.84
21.016
18.44
14.152
19.016
20.904
20.728
14.152
23.016
14.304
20.592
21.68
20.728
20.368
20.44
14.328
19.016
18.504
14.152
18.728
14.152
13.304
21.192
13.48
19.016
13.152
20.08
21.04
20.752
20.44
19.04
14.328
19.016
14.504
19.192
21.08
15.152
18.44
19.04
12.928
12.576
19.016
12.576
26.304
26.304
14.304
15.44
20.44
18.728
18.616
13.44
20.928
12.576
18.464
18.44
18.44
14.152
21.44
13.44
12.928
14.152
26.304
18.728
14.152
15.44
20.728
14.44
14.328
13.016
18.904
14.392
12.576
24.304
20.464
20.44
24.304
14.44
12.576
18.464
14.152
13.152
20.04
18.64
14.328
12.576
23.016
18.44
26.304
14.328
20.616
18.504
12.792
21.04
18.44
20.44
13.152
15.152
14.152
12.576
19.016
14.44
23.016
19.304
13.592
14.44
15.88
12.728
21.44
12.576
12.576
20.728
12.576
21.016
13.304
20.44
14.152
14.152
12.864
21.44
20.528
14.416
20.44
12.728
20.44
21.016
23.016
20.44
12.728
18.616
13.152
14.152
12.84
20.728
18.728
13.016
20.728
22.104
13.016
12.576
13.192
19.48
13.152
18.44
21.528
18.616
26.304
20.44
18.728
22.016
20.704
14.152
12.84
20.728
19.016
14.504
12.576
26.304
14.152
12.992
18.592
20.44
12.864
23.016
22.04
20.728
14.152
19.016
12.84
14.328
14.216
18.504
19.016
26.504
13.016
15.304
21.192
14.152
24.68
20.04
23.368
14.152
20.44
24.616
12.728
20.616
20.504
26.304
12.792
20.68
14.152
12.576
20.464
23.016
18.752
14.24
20.928
12.816
18.704
20.44
14.152
18.44
14.152
20.44
21.528
12.576
19.016
20.44
24.304
21.44
18.44
18.44
12.728
14.216
20.728
12.576
14.152
14.152
23.016
13.304
20.44
21.016
21.016
21.016
12.576
21.016
21.016
20.44
15.44
18.44
12.728
21.816
12.904
21.592
15.44
26.528
12.576
18.816
20.44
14.44
14.328
13.152
18.44
20.728
18.44
14.328
13.016
12.864
24.304
20.728
20.728
13.152
13.04
24.528
24.416
15.44
20.44
14.152
21.016
15.304
12.576
15.44
22.064
21.952
14.64
21.328
21.216
13.504
14.992
23.016
14.48
21.304
18.768
12.656
14.152
19.016
12.576
12.576
20.728
15.44
24.528
12.576
18.44
21.016
14.152
26.304
14.44
24.304
12.992
21.44
18.528
18.992
14.152
21.64
12.576
20.728
14.152
20.728
21.016
13.704
14.704
18.792
21.016
20.44
18.728
20.728
18.44
12.864
18.44
14.328
13.152
20.44
20.016
15.704
18.44
13.016
18.44
14.328
12.616
18.592
22.192
12.576
20.464
23.016
18.44
24.304
20.44
13.392
18.44
24.304
14.328
15.392
20.44
15.28
12.864
14.152
21.64
13.44
20.44
19.016
12.576
21.016
18.44
12.864
18.44
14.328
18.616
23.016
24.328
14.152
13.416
12.84
18.44
14.152
18.728
18.44
13.416
15.704
20.728
13.152
14.44
20.44
14.728
13.152
20.44
18.728
18.44
14.328
14.216
24.304
14.152
18.44
20.44
18.44
19.128
13.416
15.304
12.576
14.152
13.44
14.152
20.44
21.016
20.752
20.016
19.104
15.704
20.44
12.576
15.44
23.328
14.152
20.44
14.728
18.44
14.616
20.728
20.504
24.616
12.792
13.704
18.44
21.016
18.44
18.44
12.728
14.216
20.728
22.104
13.192
14.28
13.152
20.44
18.728
13.016
18.728
14.152
18.904
14.152
13.592
20.728
18.44
12.728
20.616
18.904
15.44
13.328
13.216
12.576
12.576
15.44
18.464
26.304
14.152
18.768
21.44
18.44
15.152
12.576
12.576
12.576
22.016
23.016
18.44
21.44
13.152
18.44
18.44
13.44
13.328
20.44
18.728
14.216
13.304
14.392
13.08
20.968
20.856
18.728
20.44
12.728
14.216
12.904
18.792
20.44
12.728
12.576
14.152
20.44
15.44
21.528
19.016
14.304
21.016
21.016
26.504
12.576
12.576
13.44
14.152
12.84
21.016
18.904
12.576
21.192
13.48
20.44
20.968
18.44
13.152
20.44
14.328
20.616
13.152
18.904
14.152
14.152
20.728
12.84
13.416
20.44
14.44
13.152
13.44
18.44
14.328
14.152
14.152
13.44
18.44
14.328
12.576
14.464
23.016
14.352
18.904
14.24
14.152
12.576
18.464
18.616
14.152
12.84
14.328
18.44
14.44
12.576
20.44
14.328
14.216
20.728
20.44
18.728
20.616
20.728
18.44
14.328
13.016
14.504
12.576
20.464
14.152
15.44
23.016
18.44
21.304
19.192
13.88
21.016
12.576
21.44
20.528
12.864
20.752
20.728
12.576
14.464
19.016
18.752
13.04
20.528
12.816
12.576
18.464
14.352
20.016
20.728
20.44
20.44
18.44
18.44
14.328
14.216
21.016
20.44
13.44
14.152
18.44
12.728
12.576
19.016
12.904
12.576
20.464
18.728
22.016
20.44
12.576
14.152
19.04
12.576
21.016
20.904
19.304
18.44
12.728
20.616
18.592
20.44
18.44
14.152
15.528
18.44
15.152
20.44
14.728
13.152
18.64
20.44
18.728
12.616
12.864
14.152
21.016
12.84
24.504
18.728
20.44
12.728
20.016
18.704
13.152
12.576
14.152
13.152
22.04
22.016
21.016
14.304
12.576
18.464
21.304
22.016
18.44
14.328
18.728
14.152
13.304
13.192
21.48
14.44
19.368
23.016
18.44
18.728
13.416
12.576
19.016
14.152
18.752
20.44
13.44
14.328
18.928
18.816
18.44
12.576
12.576
15.152
22.016
21.04
18.704
18.616
20.328
14.216
18.504
23.04
12.792
14.28
18.968
14.456
23.016
20.44
12.728
18.616
13.152
18.44
20.44
12.864
22.328
14.616
19.304
14.44
24.304
15.152
20.728
20.016
14.304
18.44
13.152
18.728
14.152
15.416
21.304
13.192
18.728
18.44
12.728
20.44
24.304
12.576
13.392
12.864
12.576
18.752
18.44
18.44
22.016
14.304
12.992
18.88
21.968
14.656
18.728
13.344
12.832
20.728
20.44
14.152
20.304
14.192
13.152
12.576
18.464
20.728
18.44
13.416
15.152
18.64
21.44
14.152
14.152
18.728
12.576
13.016
20.44
14.328
12.864
20.44
21.016
18.44
13.016
21.304
14.152
20.728
12.576
15.44
18.464
13.328
18.44
14.328
13.016
12.904
14.152
19.016
23.016
20.016
20.44
18.728
13.152
14.152
15.152
20.44
12.576
26.304
13.152
14.152
20.44
20.04
24.304
20.44
21.528
18.616
14.44
13.016
14.328
13.192
18.44
12.864
12.576
20.464
21.016
22.04
15.704
20.44
18.44
12.576
20.064
24.304
14.352
15.152
20.44
18.728
13.152
14.152
13.04
15.728
21.216
12.576
13.504
12.576
18.992
12.576
20.464
18.728
19.04
14.152
12.84
12.576
12.576
19.016
20.464
12.752
14.152
20.728
12.576
13.816
19.304
12.576
21.192
20.464
19.08
12.576
15.44
18.928
12.864
18.752
20.44
13.44
20.44
24.304
12.576
18.728
20.728
20.44
13.152
13.04
18.928
14.152
18.44
20.728
13.152
12.576
20.728
12.576
18.728
20.44
18.728
12.864
12.576
21.152
20.592
19.04
14.48
18.928
14.368
23.216
24.704
16.192
18.44
13.68
13.168
20.016
20.728
18.44
19.016
12.576
12.576
20.464
18.752
14.24
18.528
18.44
14.328
14.216
18.504
13.152
12.576
13.016
14.44
21.304
20.44
13.016
21.304
12.576
19.192
12.576
21.08
20.464
13.768
18.44
18.44
14.152
12.576
18.728
20.44
15.152
21.016
14.152
12.576
21.04
18.928
14.152
15.152
13.04
14.152
20.44
12.728
20.616
12.904
20.792
18.44
12.576
13.152
15.44
18.44
14.328
21.816
22.504
19.016
18.728
15.44
18.44
14.152
21.016
12.84
26.304
12.576
26.304
18.464
18.992
14.152
14.152
12.576
14.152
12.84
18.728
20.616
18.904
20.792
12.864
18.44
18.44
21.216
22.04
13.152
13.152
14.152
13.44
20.016
18.704
12.864
24.616
18.904
13.192
18.728
20.44
13.416
20.44
12.728
19.016
24.304
13.392
18.88
18.44
12.728
14.216
18.44
12.728
20.616
21.016
14.152
20.44
24.304
12.576
21.016
13.016
21.44
12.904
18.792
22.016
20.728
20.44
13.152
14.44
18.728
13.016
20.44
13.48
21.016
15.704
20.44
23.192
12.576
24.304
14.152
20.44
14.152
22.04
14.152
12.84
12.576
13.152
21.664
14.352
21.44
18.728
26.304
18.44
21.528
12.576
14.152
18.44
13.016
18.44
22.016
15.152
14.192
26.304
18.728
18.44
13.44
20.728
26.304
18.728
15.416
14.44
14.152
18.728
21.64
18.728
14.616
12.576
21.016
21.016
20.728
20.44
14.328
26.304
20.44
15.44
14.152
20.728
13.152
23.04
18.44
20.44
12.576
20.728
20.464
13.416
20.44
23.016
18.44
19.016
12.576
13.152
18.728
20.728
15.416
18.44
15.44
13.328
20.752
20.44
18.928
19.616
14.152
20.44
14.328
14.152
12.84
18.728
18.592
14.616
12.576
14.152
13.152
18.44
13.04
20.44
18.728
20.44
18.728
18.728
23.04
14.152
26.304
14.152
20.44
14.328
20.616
19.016
14.504
14.392
18.68
20.568
12.576
18.728
18.44
20.44
21.44
13.152
18.44
20.44
18.728
18.44
12.576
14.152
18.44
12.576
20.464
18.728
20.728
21.016
15.152
12.576
20.464
20.44
20.44
12.728
21.016
14.152
20.44
21.04
13.44
20.44
14.328
20.616
18.904
18.792
14.28
18.728
21.016
20.904
14.152
19.192
12.84
18.68
26.568
14.44
18.728
21.192
14.152
13.48
14.304
20.44
18.728
14.152
12.84
18.728
18.44
21.016
21.528
18.728
12.576
12.576
19.016
15.704
18.44
13.44
14.328
20.928
18.616
13.616
21.104
13.152
20.44
14.328
18.616
14.152
21.016
18.504
12.576
14.152
12.576
23.016
21.664
12.752
18.44
21.016
18.728
13.152
18.44
13.304
14.152
22.04
20.328
18.44
20.016
20.728
14.152
12.864
12.864
20.44
18.44
15.44
12.728
20.616
12.864
14.152
18.728
14.152
14.152
18.44
14.328
12.616
20.504
13.152
22.016
14.304
20.192
18.88
14.152
20.44
26.328
14.152
14.152
12.864
14.152
21.016
20.904
18.728
14.152
18.728
13.016
23.016
13.304
19.192
15.48
20.728
13.016
12.904
20.792
15.152
18.44
20.728
12.576
20.728
20.464
14.44
26.328
21.44
20.44
12.728
18.44
21.016
20.44
14.304
12.864
12.576
21.152
20.064
13.84
19.328
18.816
19.016
20.904
19.192
15.152
14.152
20.44
14.328
14.216
20.728
21.44
13.152
20.128
18.44
21.016
12.576
18.592
22.064
18.752
13.04
18.44
14.152
18.728
14.152
18.44
12.728
20.616
20.44
20.44
13.016
12.728
19.304
15.592
20.44
18.44
18.44
18.44
12.864
21.528
18.592
18.728
18.44
13.152
13.152
18.44
12.728
22.016
21.016
20.704
13.304
14.592
20.88
19.168
14.656
20.944
12.576
20.464
19.016
20.44
18.728
21.44
13.152
14.152
21.64
20.728
13.192
12.576
19.08
18.44
12.728
26.304
15.392
20.44
19.28
14.328
13.168
20.616
18.904
12.576
18.44
13.016
20.44
14.44
15.152
22.016
13.152
14.152
21.44
20.44
26.304
13.392
18.44
21.016
20.728
22.016
14.304
20.44
14.328
18.728
20.616
13.152
12.576
14.152
15.152
20.44
18.728
13.44
14.152
19.016
21.64
19.016
21.44
21.304
26.328
20.44
13.016
12.576
15.44
20.44
26.304
20.04
18.728
14.152
20.44
14.328
13.016
12.904
18.44
14.328
12.576
20.44
14.328
12.616
20.504
20.392
23.016
18.592
15.28
14.152
21.168
15.456
12.576
20.728
18.44
18.44
21.016
12.728
12.576
18.464
12.576
14.152
13.152
20.44
12.576
21.016
18.728
18.44
20.728
18.44
21.128
14.152
18.44
18.44
23.016
12.576
18.464
26.304
26.304
18.44
15.152
13.152
20.44
14.328
22.016
18.728
20.44
26.304
20.44
20.44
20.44
18.728
13.016
18.728
20.904
14.392
20.68
18.568
13.152
14.152
13.152
14.152
18.44
18.44
21.04
14.152
26.304
20.04
20.728
18.728
12.576
20.464
21.304
14.152
19.016
18.44
12.904
26.392
21.08
14.152
14.152
19.04
21.64
14.152
20.44
14.328
19.016
18.904
12.576
19.08
22.192
20.48
21.016
12.768
26.504
12.576
21.016
19.016
26.504
18.44
14.328
13.44
18.592
20.44
13.08
18.728
13.256
22.192
12.864
12.576
21.04
15.728
12.576
12.576
19.016
21.304
26.792
21.08
26.304
14.152
24.592
21.192
20.016
14.304
12.992
18.88
14.768
21.856
15.152
14.152
24.304
12.992
12.576
14.152
12.576
23.016
26.504
15.192
12.576
18.728
20.464
22.352
26.304
13.392
12.576
12.576
18.728
14.152
20.728
20.44
12.728
12.616
23.04
26.528
18.816
18.44
12.864
12.864
12.576
20.752
21.016
18.904
20.44
12.864
12.728
18.752
26.304
12.576
18.44
20.728
13.416
20.016
18.44
12.576
12.864
14.152
12.84
18.728
14.152
14.152
20.44
18.592
14.44
23.28
21.568
14.152
21.44
15.328
14.152
21.64
15.152
20.44
14.152
18.44
26.48
14.152
14.152
21.64
18.728
12.616
14.152
22.04
13.44
20.44
18.44
13.152
14.152
21.04
14.152
12.576
20.464
21.016
18.752
18.504
12.64
22.128
20.816
18.704
12.864
14.152
13.152
20.44
12.728
12.616
12.576
21.44
18.728
20.728
18.44
18.44
14.328
12.576
23.016
14.152
23.016
18.44
12.728
14.216
12.904
18.728
14.392
18.68
18.568
21.656
14.152
14.44
24.304
14.152
18.992
12.576
20.464
21.016
21.552
12.864
18.44
13.152
21.04
20.44
18.728
18.728
21.016
18.44
13.304
13.192
21.016
15.704
15.44
22.016
18.704
18.592
12.864
20.48
14.152
14.152
20.728
12.864
21.04
20.44
18.928
24.416
19.016
26.304
12.576
21.016
20.728
18.616
14.44
18.44
13.152
14.152
12.84
23.016
20.728
18.904
14.216
18.504
19.016
21.304
13.192
13.88
24.568
13.656
19.544
20.44
14.152
14.152
23.016
20.44
15.44
21.016
15.152
22.016
13.04
20.44
12.576
15.44
18.44
12.864
21.04
23.016
18.44
12.576
14.152
13.152
12.84
21.928
13.016
20.904
20.44
12.576
20.464
20.728
14.152
13.152
20.44
18.728
18.44
13.44
18.44
21.016
20.44
14.328
26.328
14.152
12.576
14.152
20.44
26.304
20.44
13.44
12.864
12.576
20.464
18.728
15.152
20.04
13.44
18.44
19.128
14.152
13.416
20.44
13.304
14.152
14.152
20.44
21.04
14.152
18.44
12.864
14.328
13.016
20.504
15.328
18.728
26.304
18.44
12.576
12.576
14.152
12.84
14.152
24.304
18.44
18.44
21.44
20.728
20.44
15.152
18.44
14.44
20.44
21.016
21.528
20.616
14.44
20.44
14.328
18.616
14.152
15.44
20.016
12.576
20.064
18.752
12.576
20.728
21.44
14.152
12.576
21.016
18.44
12.728
20.616
20.44
21.016
14.152
20.728
20.44
14.328
19.304
12.616
14.152
21.016
20.44
26.304
19.016
20.016
20.704
13.152
18.44
13.04
14.328
12.864
22.04
21.016
18.992
20.44
18.728
20.44
19.016
18.728
14.616
14.504
13.592
12.864
14.68
12.968
14.152
13.152
12.84
12.728
13.152
20.728
20.016
20.704
14.592
18.728
20.728
14.152
12.84
14.328
14.152
26.304
12.84
18.728
14.152
26.304
14.152
21.016
20.44
21.016
14.328
20.616
18.504
18.44
14.152
21.64
12.728
14.152
18.728
13.304
20.792
20.44
19.016
18.44
21.304
12.576
13.44
20.44
18.728
13.44
20.752
13.44
18.728
20.44
18.728
20.44
23.016
14.152
18.728
20.44
14.328
12.864
15.552
14.152
13.152
21.44
13.44
14.152
12.84
18.728
20.728
14.216
12.904
20.728
18.44
20.728
18.44
14.152
22.04
14.328
13.152
13.152
26.304
18.44
14.152
23.016
14.152
18.728
13.152
18.44
18.44
18.44
21.528
14.216
18.904
15.44
20.928
14.152
24.416
14.152
13.152
14.152
13.04
18.44
14.328
18.616
21.44
21.04
18.728
20.44
14.328
13.152
13.016
12.864
12.576
20.464
14.352
19.016
14.152
12.84
14.328
20.44
14.728
19.016
20.504
21.016
14.392
20.728
14.152
14.152
18.44
12.728
14.152
18.44
12.864
18.44
18.44
18.44
18.44
12.728
12.864
20.44
26.304
12.728
20.616
18.504
13.44
18.44
20.728
14.152
20.728
19.016
18.44
12.904
18.728
13.416
13.304
21.44
14.152
14.152
22.04
14.192
21.68
21.568
18.656
20.728
14.152
14.152
13.152
14.152
12.864
12.576
21.152
20.464
14.352
13.04
20.928
18.592
12.576
12.576
18.728
13.152
12.576
14.152
21.44
13.152
20.44
12.864
14.152
14.152
20.44
12.864
14.152
20.44
13.152
14.152
12.84
12.728
12.576
15.44
20.44
12.728
12.864
18.44
12.728
13.152
26.304
20.992
24.48
18.728
15.416
20.44
14.152
20.44
12.864
14.152
14.152
15.44
18.44
12.728
14.216
18.728
14.152
20.728
18.44
19.48
14.152
12.864
18.44
14.328
12.864
21.552
14.44
14.152
13.44
12.576
13.152
22.064
14.352
14.24
26.48
12.576
14.704
18.728
22.016
23.016
14.304
13.704
21.792
18.44
15.304
12.576
14.44
14.152
12.84
19.016
20.728
15.44
20.928
18.48
21.168
14.152
18.44
19.016
14.328
18.504
14.152
12.576
19.016
18.904
18.728
14.152
14.152
12.576
14.152
19.016
20.04
18.44
20.44
14.328
13.152
19.016
19.016
21.44
21.304
15.152
13.152
20.44
20.728
12.576
20.464
20.44
18.728
15.44
20.44
18.44
18.44
14.328
18.44
18.44
14.728
13.016
14.152
18.44
12.728
20.728
24.304
12.576
12.576
19.016
18.464
15.704
14.352
22.016
14.304
12.992
21.016
20.44
14.152
12.84
12.728
22.216
12.864
18.904
26.352
14.792
20.68
21.304
12.968
12.856
12.744
14.232
18.44
21.016
18.728
20.728
18.44
21.528
12.576
15.152
14.44
12.728
15.152
18.44
14.328
12.616
14.504
19.016
13.152
20.44
12.576
20.464
12.576
18.44
18.728
18.44
23.016
15.304
12.576
14.464
12.752
18.64
26.304
20.44
24.304
12.576
13.152
14.152
20.44
20.44
20.44
14.328
14.216
13.152
18.504
21.016
18.504
12.576
24.392
18.464
20.728
12.576
22.016
14.152
13.152
18.44
20.44
20.44
14.328
20.44
20.44
18.44
14.328
13.016
12.904
21.592
20.728
23.016
20.44
14.304
13.016
20.44
12.576
13.152
22.064
21.952
21.04
18.928
20.416
21.104
22.016
20.704
18.48
15.168
20.44
19.016
22.016
18.904
21.44
14.152
20.44
21.016
14.152
20.44
12.728
14.216
18.904
20.792
14.68
18.728
21.768
20.856
18.744
13.032
12.92
24.304
18.808
20.44
12.864
14.152
12.84
21.016
12.728
20.616
20.504
20.44
12.728
12.616
26.304
26.304
13.304
14.152
22.04
14.152
12.576
13.016
18.904
22.016
12.864
23.152
24.304
14.152
24.304
20.44
20.44
23.04
14.152
13.152
14.152
12.84
18.728
14.152
20.44
20.44
13.152
24.304
14.152
14.152
21.016
12.576
20.728
21.44
13.304
14.152
14.152
13.152
20.44
21.016
18.728
23.016
24.592
12.576
18.728
21.664
21.016
21.44
14.152
14.152
19.016
20.44
18.728
18.616
13.152
20.504
12.576
22.464
18.752
14.152
20.44
18.728
12.864
14.152
21.04
14.152
20.728
18.592
20.44
18.728
20.44
14.328
20.616
14.152
18.44
14.328
13.016
20.504
12.576
18.44
18.44
13.44
20.016
12.704
18.592
14.152
12.84
22.016
15.44
20.44
20.728
14.152
13.152
14.152
20.728
20.728
12.576
20.44
14.152
20.44
24.304
18.728
20.016
14.304
20.728
14.192
12.88
13.152
12.576
21.44
21.44
20.528
20.44
21.016
14.152
20.04
12.728
18.728
14.152
20.728
13.016
13.704
21.192
12.576
18.728
20.464
20.44
18.728
18.44
12.728
18.44
21.44
14.152
12.84
14.152
13.152
18.44
14.328
12.616
23.016
21.016
13.016
21.304
19.192
12.968
20.44
13.656
22.328
21.144
19.432
13.32
20.44
14.328
14.152
18.44
13.704
12.576
23.016
20.904
14.152
21.016
12.576
14.464
26.304
18.728
18.44
15.44
18.44
18.928
20.816
22.016
12.704
18.728
14.152
13.016
20.44
13.152
22.016
12.704
20.44
20.44
13.152
12.576
14.464
20.752
13.04
20.928
20.816
22.304
15.152
20.592
14.152
14.152
21.016
20.44
20.904
15.152
14.152
12.864
18.44
23.016
14.44
21.44
12.864
18.44
24.592
14.152
24.368
20.44
12.728
12.616
14.152
21.016
15.304
20.44
18.44
18.44
14.328
22.216
12.904
20.792
19.08
13.368
14.456
21.44
18.44
24.592
20.728
14.152
13.152
13.152
21.44
13.304
20.44
20.44
23.016
20.44
20.44
18.728
13.016
15.152
20.904
13.44
12.576
21.664
20.752
14.24
26.304
22.128
20.416
21.016
12.904
20.44
14.328
18.728
15.44
20.44
20.728
21.44
12.576
13.704
13.44
14.304
13.152
22.016
18.44
26.304
20.44
18.728
20.44
14.328
18.616
20.504
14.152
26.304
12.576
20.464
14.352
20.44
13.44
26.528
14.152
18.816
12.84
23.104
12.728
20.44
12.864
20.44
18.728
20.44
12.864
18.728
19.304
18.728
23.016
18.44
12.864
14.152
18.728
20.44
13.304
13.192
19.48
18.728
18.44
13.44
12.576
18.728
24.304
14.152
18.44
18.44
13.152
22.016
14.592
12.576
12.576
18.728
23.016
20.44
21.016
18.44
24.592
18.44
14.328
14.216
12.576
15.44
12.576
21.44
18.728
14.152
20.44
18.44
18.728
21.016
12.576
18.752
20.44
18.728
13.016
14.152
20.44
14.328
18.44
26.328
12.576
18.464
19.04
20.44
20.44
18.728
18.44
13.528
18.728
18.44
13.304
18.728
14.152
18.44
14.152
14.152
24.304
20.44
20.728
18.44
20.728
18.44
14.328
14.152
20.44
13.152
13.152
18.44
13.44
12.576
23.016
18.44
12.728
13.152
20.44
20.44
21.44
26.304
20.528
20.016
13.152
14.152
14.152
12.84
20.728
20.216
20.904
18.792
12.576
18.464
19.016
21.552
20.44
18.44
18.44
18.44
18.728
18.728
12.576
19.016
12.576
14.152
20.44
18.44
18.44
20.728
20.44
13.416
20.44
14.328
13.016
18.504
18.44
13.152
20.016
21.04
20.704
12.592
26.304
18.728
23.016
26.504
14.152
13.152
12.576
18.728
14.152
23.016
12.84
18.904
15.592
21.48
19.016
21.44
13.704
18.44
12.728
20.44
20.44
19.016
12.576
14.152
18.728
18.44
12.576
13.704
12.576
18.728
18.44
14.328
21.016
14.152
20.44
18.44
21.128
12.576
12.576
13.44
18.928
26.416
18.44
14.152
14.152
21.016
12.84
24.304
18.44
18.992
24.48
18.728
12.576
13.016
21.04
12.576
12.864
14.152
12.84
18.44
23.128
20.44
20.016
18.44
18.728
14.152
22.04
20.728
15.416
18.904
13.304
18.44
12.576
20.728
18.464
14.44
12.728
12.616
15.44
24.616
18.44
12.576
12.576
18.464
20.44
20.44
12.728
20.44
14.328
14.216
18.504
21.44
12.864
20.528
12.576
20.44
20.752
20.44
12.728
18.616
12.576
14.44
20.728
20.44
18.728
20.616
18.44
13.152
20.44
20.016
20.704
12.592
14.152
24.304
20.992
18.44
19.28
13.568
14.152
18.44
12.576
21.664
26.304
20.752
18.992
18.64
14.152
21.016
20.44
12.904
12.728
18.44
20.44
13.152
20.44
14.328
14.216
13.152
18.44
14.152
20.44
20.44
18.752
12.576
21.016
20.44
18.44
14.152
14.152
13.44
18.728
18.44
14.152
18.44
20.44
21.016
13.44
18.44
22.016
20.728
20.728
20.44
15.44
14.328
14.152
20.44
18.728
18.616
12.576
20.44
18.44
14.152
19.128
14.152
21.016
13.304
23.192
21.48
14.152
12.84
20.728
14.216
20.504
12.792
20.68
20.168
13.152
20.856
20.44
15.304
18.44
12.576
18.44
15.44
22.016
12.864
13.152
12.576
20.728
12.576
20.464
26.304
14.352
24.592
18.64
14.152
14.44
21.192
13.08
20.44
18.728
13.016
23.016
20.04
21.528
18.728
13.44
22.016
12.704
18.728
18.592
18.44
14.152
18.728
20.44
14.328
14.216
18.728
14.152
14.152
18.616
15.44
18.44
20.44
13.44
13.152
20.728
20.44
14.328
20.44
14.152
18.44
14.328
18.44
12.728
15.152
21.44
13.44
20.928
12.576
18.464
20.44
12.576
21.44
20.528
18.44
12.864
20.44
13.152
18.44
20.728
18.752
13.44
13.328
21.44
18.44
14.328
21.016
22.016
21.016
20.904
12.576
13.192
20.44
12.864
12.864
18.44
20.44
22.016
21.016
18.44
19.304
14.728
12.864
14.152
14.152
12.576
19.016
20.04
20.728
14.152
22.04
20.728
18.728
13.152
15.44
13.328
12.864
20.728
18.44
20.728
14.152
14.152
14.152
13.44
14.152
23.016
20.904
12.576
15.992
20.464
19.08
20.44
21.368
18.728
13.44
18.44
14.152
13.152
13.152
13.44
20.44
12.728
14.44
18.44
12.728
21.816
20.728
22.016
23.016
22.016
20.728
18.44
21.192
22.016
13.08
18.44
14.328
18.44
12.576
13.152
18.464
21.552
20.44
13.152
18.44
14.328
13.016
20.504
20.44
21.016
20.44
18.904
12.864
24.304
24.304
18.44
14.728
22.016
14.304
20.592
14.152
18.44
14.44
20.016
20.704
18.728
14.992
14.48
12.768
20.656
26.328
18.544
13.152
20.44
24.304
12.576
18.44
21.016
24.304
20.44
14.328
21.016
12.576
18.728
21.016
21.44
18.904
21.192
19.08
15.768
12.576
13.656
12.864
23.152
20.016
19.016
20.44
18.728
15.704
20.44
18.728
14.152
20.44
24.592
23.016
20.44
21.016
18.44
15.704
13.192
20.44
14.728
18.616
14.152
21.44
18.728
23.016
20.44
18.728
20.44
14.328
18.616
14.152
23.016
18.44
20.752
20.016
12.704
18.728
12.576
20.44
15.152
14.152
21.64
20.44
18.728
21.44
18.44
20.528
20.728
12.576
20.464
14.152
13.152
12.576
20.728
12.576
20.464
20.44
18.44
14.328
18.44
12.616
20.44
13.016
14.328
13.016
20.904
12.576
13.016
26.304
20.44
18.728
20.016
20.704
13.152
14.152
13.152
18.44
22.328
14.616
24.304
18.44
13.152
12.576
14.152
19.016
18.44
22.016
22.016
14.704
12.864
20.44
18.728
14.216
13.152
12.576
21.44
22.016
18.704
20.592
20.48
18.728
20.016
18.44
14.328
15.44
14.152
20.728
24.616
18.904
20.44
18.728
18.616
20.728
18.44
14.152
18.728
18.44
14.152
20.44
12.728
20.616
14.152
20.04
20.016
18.704
12.592
18.728
20.48
14.368
13.056
20.944
18.832
21.016
13.152
21.04
26.528
20.44
12.576
18.592
20.44
12.576
20.464
20.44
14.728
24.304
20.44
14.152
20.04
19.016
14.152
26.304
20.44
18.44
12.728
23.128
21.416
14.152
23.016
20.44
13.44
18.928
12.864
14.152
20.04
12.728
15.152
12.616
18.504
20.44
15.44
18.728
18.728
12.576
18.464
24.592
21.44
14.152
12.576
14.152
24.304
14.152
18.728
15.416
14.152
18.728
14.152
14.152
21.016
12.864
20.752
14.152
12.84
18.44
14.328
12.616
21.44
13.152
21.04
20.44
18.728
14.152
20.04
20.728
18.728
14.152
12.84
13.304
14.152
20.44
18.728
20.44
14.328
13.152
21.44
19.04
14.152
24.304
12.576
20.728
12.864
24.752
21.44
20.528
18.44
14.592
20.48
23.016
18.44
20.44
18.728
20.44
14.328
13.152
18.752
20.44
24.64
13.328
14.152
12.84
19.016
20.728
18.616
14.504
13.192
14.68
19.368
13.256
12.864
20.744
18.752
14.232
18.52
20.44
12.864
20.44
23.016
14.152
12.576
20.464
12.576
13.152
14.152
12.576
18.464
21.44
18.44
19.016
14.152
12.864
13.152
14.152
21.44
14.152
20.44
18.44
13.44
18.44
20.44
12.728
18.728
13.44
18.44
23.128
14.152
18.44
24.304
12.728
18.592
14.216
12.904
20.792
19.04
20.44
19.016
14.328
21.304
13.592
18.44
21.016
12.576
12.576
14.152
20.44
14.328
21.016
18.44
18.904
12.728
21.192
18.728
21.016
24.504
15.192
22.016
12.864
20.928
13.616
19.504
12.576
23.04
12.576
20.464
20.44
13.016
18.44
20.728
21.016
18.44
21.016
24.904
24.392
12.576
18.464
13.304
14.352
12.64
22.128
18.44
24.304
20.728
22.016
15.416
18.904
13.192
20.44
12.728
18.728
20.44
13.152
20.728
20.44
26.328
18.44
12.728
15.152
14.152
13.016
22.04
18.592
20.44
12.728
18.752
14.152
18.44
12.864
18.44
18.44
14.152
23.016
15.704
14.44
24.304
14.328
14.152
12.84
21.928
14.616
13.016
21.016
15.704
24.392
24.304
12.576
24.304
13.392
21.44
12.576
12.576
20.728
18.44
12.728
22.216
20.504
21.016
12.576
20.464
20.016
18.44
21.016
12.728
13.304
19.592
20.44
14.328
21.016
22.016
18.904
13.592
14.152
18.728
18.44
18.44
13.152
20.44
14.152
14.152
18.44
13.44
14.152
20.728
19.016
26.504
20.44
19.016
14.328
18.904
13.152
18.44
20.728
18.44
12.728
21.44
12.576
18.728
14.152
20.44
23.016
18.728
12.904
20.44
12.576
13.152
21.44
18.728
20.728
13.304
20.792
20.44
18.728
22.192
13.44
20.48
18.44
12.728
20.616
20.44
13.304
20.016
18.704
14.192
13.44
22.48
12.928
14.368
19.04
20.44
18.44
18.44
12.864
20.752
14.152
18.728
20.44
20.44
12.576
15.304
14.152
12.84
14.328
20.44
14.328
12.864
20.216
12.904
20.44
21.016
18.44
20.44
12.576
12.576
15.44
12.576
20.728
21.44
13.304
18.44
20.44
14.152
18.728
26.304
14.152
12.864
20.752
12.576
20.464
14.352
18.44
24.48
13.168
18.44
12.576
13.44
22.016
14.152
13.152
19.04
20.44
13.152
24.304
20.44
23.016
12.864
23.152
20.44
19.04
13.152
14.152
12.84
20.728
23.04
14.152
20.44
18.44
13.44
22.016
21.016
20.44
13.152
20.728
18.616
13.304
21.44
13.152
20.728
12.576
18.464
20.728
15.304
20.792
12.576
18.68
14.152
20.44
18.728
20.44
12.728
22.216
12.904
12.576
20.44
18.728
13.016
22.104
13.192
21.08
12.576
18.44
22.016
20.704
15.304
12.992
20.48
18.44
12.576
21.016
18.728
20.44
14.152
24.304
20.44
12.992
18.44
14.152
19.016
18.44
14.152
14.152
18.44
14.328
20.616
20.44
12.728
13.152
12.864
18.44
20.44
12.864
12.576
20.44
12.864
14.728
19.04
18.44
12.728
24.304
13.392
15.328
21.216
14.152
20.44
14.152
12.84
21.928
18.616
20.504
12.792
14.152
21.016
18.504
12.576
26.328
12.576
12.576
13.44
18.928
18.816
12.576
18.728
20.728
18.44
15.44
18.44
14.328
14.216
18.728
14.152
18.44
14.328
21.04
14.152
21.44
14.152
18.44
13.152
18.728
20.44
18.44
20.44
14.328
13.192
12.576
22.064
20.752
14.64
13.152
20.44
12.576
18.44
14.328
13.016
20.904
23.016
21.992
12.904
20.44
23.016
18.728
21.304
19.592
18.44
12.576
12.576
12.576
18.728
12.864
19.016
21.44
18.528
20.44
18.504
14.304
18.592
14.152
13.44
20.44
20.016
14.304
14.192
14.152
13.152
13.04
20.016
12.576
21.016
18.904
20.44
20.44
12.728
18.616
18.728
12.576
20.728
15.44
18.44
14.328
12.864
20.016
18.704
18.44
15.704
12.576
12.576
22.016
14.304
18.592
20.48
18.44
14.152
20.728
14.152
20.44
12.864
18.728
15.152
18.616
20.504
15.44
15.44
20.44
13.328
18.44
12.576
13.152
12.576
21.016
13.44
12.576
18.752
20.44
26.304
15.152
21.44
13.304
20.528
14.416
13.104
20.728
18.44
19.016
14.328
21.016
20.016
18.44
14.152
14.152
21.016
12.84
18.44
14.328
20.44
18.44
14.728
14.216
12.576
19.016
20.064
20.728
14.352
14.44
13.152
18.44
14.152
21.44
21.016
14.152
12.864
14.152
15.44
14.44
14.328
20.44
18.728
14.216
18.728
22.104
18.792
14.28
24.304
12.576
14.152
12.576
18.44
14.152
24.328
13.44
18.44
14.328
18.44
14.328
14.216
18.504
21.016
12.864
21.04
14.152
14.152
21.016
19.304
20.44
13.152
13.04
14.152
18.728
18.44
20.016
12.704
18.44
13.44
20.928
14.152
19.216
20.44
14.152
15.44
18.928
14.152
21.44
12.576
20.464
14.152
12.84
14.152
18.44
19.304
14.328
21.192
18.728
22.016
23.016
18.44
12.728
20.728
20.44
14.152
18.44
13.328
12.864
13.552
13.152
20.752
13.44
24.304
18.44
20.992
20.44
20.88
20.44
12.728
20.728
14.152
18.728
20.04
20.728
20.44
15.304
14.152
20.44
14.328
14.152
14.152
20.44
14.328
20.216
21.704
18.792
22.016
20.704
18.592
12.88
18.768
13.056
20.944
13.232
12.72
18.728
18.44
12.728
20.616
12.576
18.728
20.44
18.728
20.44
22.016
20.44
14.328
18.616
14.152
14.152
13.152
18.44
13.016
23.304
12.576
13.992
20.464
20.904
23.016
20.016
18.44
20.44
15.304
14.328
13.016
20.904
21.992
18.44
14.328
20.616
21.44
18.528
18.728
15.152
14.152
21.44
20.528
13.44
14.416
20.728
18.616
19.304
13.592
20.44
20.44
12.728
18.44
20.016
14.304
20.728
24.304
14.152
12.84
13.152
15.44
24.528
21.616
18.44
13.504
18.44
19.792
12.728
16.08
21.44
15.568
21.056
18.752
13.04
14.152
12.84
21.928
18.728
14.616
26.616
24.504
14.152
18.752
18.44
14.152
15.152
14.304
18.592
14.48
23.016
18.768
18.44
18.44
12.728
12.616
21.704
18.44
12.864
18.44
13.152
18.44
18.44
12.864
21.528
20.44
13.44
18.728
21.016
20.44
14.328
14.216
18.44
20.504
14.44
12.864
12.576
20.728
13.016
18.44
20.728
13.016
20.44
13.152
22.016
13.152
12.576
15.44
22.064
18.928
20.816
20.728
20.44
15.416
18.44
15.152
18.728
18.44
20.44
13.44
12.864
18.44
13.44
14.328
12.616
21.016
18.728
18.44
21.016
26.504
14.152
21.44
13.152
14.152
20.44
13.152
20.44
14.328
22.216
13.152
20.904
23.04
18.792
20.928
13.152
12.576
18.728
18.616
21.016
18.728
14.152
12.864
18.44
12.864
14.152
18.728
13.016
18.44
18.44
22.04
18.44
14.152
14.152
20.44
12.576
20.728
20.464
15.44
13.152
19.016
20.904
20.44
20.328
14.216
20.44
18.728
20.44
18.728
13.304
14.216
22.104
15.44
13.304
15.592
20.44
22.016
18.728
20.44
18.728
18.616
12.904
20.728
12.792
19.016
14.28
12.968
18.44
18.44
14.328
14.216
18.44
15.44
20.44
13.328
20.44
20.44
20.016
14.152
18.44
14.328
13.152
20.728
18.44
13.416
14.328
20.616
18.904
18.792
14.28
14.168
19.016
22.016
12.704
23.016
12.576
20.464
15.44
21.552
14.24
20.728
13.152
21.44
13.04
19.328
12.576
19.216
13.152
20.016
18.44
20.44
24.304
12.728
22.216
20.728
12.576
19.016
12.576
13.152
12.864
20.44
18.728
13.016
12.576
20.464
14.352
19.04
18.728
18.616
20.44
24.304
12.728
20.216
13.44
18.904
12.576
14.152
20.44
12.728
18.728
14.152
14.152
21.64
14.328
20.616
14.504
21.592
18.728
20.44
12.728
12.616
19.016
14.504
19.016
12.792
23.016
12.576
20.464
18.44
18.44
12.864
12.576
13.552
18.728
20.44
24.304
18.44
20.44
20.728
12.576
14.152
20.44
20.44
14.328
20.44
12.576
20.44
18.44
20.016
13.016
18.44
20.44
21.528
15.704
22.216
13.592
12.904
26.304
12.576
18.992
15.704
18.44
18.44
20.44
14.152
24.304
20.44
22.016
12.576
20.44
19.016
20.44
14.328
13.016
18.504
12.792
14.28
20.016
12.704
19.304
13.016
18.504
18.752
20.016
23.04
14.152
21.016
21.44
18.44
12.864
14.152
20.728
12.84
20.728
12.576
14.152
12.864
20.44
18.44
18.728
18.728
18.44
20.728
12.576
14.152
24.304
14.152
20.728
18.44
12.576
13.152
20.728
19.016
13.704
20.44
18.728
12.616
13.44
18.44
13.44
21.328
13.216
20.44
13.152
12.864
24.48
21.44
12.576
13.592
22.016
20.304
20.44
26.304
12.728
14.152
13.152
18.44
12.728
21.816
20.904
12.792
14.28
18.968
20.856
20.44
26.304
20.44
18.728
20.728
20.44
13.304
18.792
12.864
14.192
12.576
18.44
12.576
21.44
15.152
18.528
14.416
18.728
21.44
22.128
20.416
12.864
14.304
21.152
12.992
14.48
14.152
18.44
21.128
24.616
13.304
12.576
21.016
22.04
19.016
12.728
14.616
13.44
12.928
21.44
18.44
14.152
20.44
20.44
14.44
23.016
20.44
18.728
12.576
18.44
14.328
14.216
21.704
21.44
14.152
13.44
20.928
18.816
20.44
13.504
12.728
20.44
20.44
14.328
20.616
13.152
20.728
14.44
23.016
13.304
12.864
20.752
20.44
14.328
19.016
20.904
18.792
20.68
14.168
13.152
13.152
19.04
19.016
14.152
13.152
14.152
20.016
19.016
14.304
21.304
14.192
18.792
19.48
14.152
13.304
26.392
20.016
14.704
14.192
18.48
14.368
14.256
14.152
18.44
22.016
14.304
12.992
26.304
23.016
20.44
15.44
14.328
12.928
15.616
20.44
14.328
18.616
14.504
23.016
13.704
18.792
18.44
12.576
14.152
18.44
12.728
20.616
14.152
18.44
20.44
15.152
21.016
18.44
14.328
22.016
20.704
20.592
12.864
18.44
18.44
12.728
22.04
19.016
21.304
14.152
15.592
18.44
13.48
18.44
19.768
12.728
16.056
21.144
26.632
26.52
13.608
23.016
14.152
13.152
20.44
21.04
12.576
21.016
18.464
14.152
18.44
23.016
20.44
14.152
21.016
18.904
13.152
20.44
13.04
18.44
12.728
13.152
18.44
18.728
13.416
21.44
18.904
22.128
15.592
20.44
18.728
14.216
18.904
18.44
14.328
14.216
18.728
14.152
12.576
22.064
12.576
20.728
12.576
18.44
18.44
14.328
12.616
12.576
20.728
18.464
14.352
18.44
24.304
18.44
14.152
13.152
22.04
14.328
14.216
20.728
12.904
14.152
12.864
23.152
19.04
14.304
21.328
20.44
26.304
18.752
18.728
12.864
14.152
14.152
13.152
21.44
13.152
14.44
12.728
13.152
18.44
20.328
13.152
14.152
15.152
21.04
20.928
12.576
18.464
14.352
20.64
14.528
14.152
21.016
19.304
13.592
14.44
20.44
12.864
12.576
14.152
21.64
20.728
18.728
12.576
20.44
19.016
21.304
20.728
18.44
18.44
19.304
14.728
20.616
14.152
23.016
12.576
18.728
13.016
20.44
20.44
12.728
13.44
14.152
12.84
21.016
20.328
18.728
13.416
20.728
13.416
18.504
13.192
21.48
20.44
18.44
20.752
12.576
23.016
18.592
13.44
14.152
21.016
18.44
26.304
18.44
14.328
20.616
19.016
18.904
18.792
18.44
13.88
20.44
13.768
18.44
12.576
12.576
12.576
18.44
19.016
18.44
21.016
20.44
15.704
13.152
26.64
18.44
12.728
21.016
20.016
19.304
20.44
18.728
14.616
14.152
13.152
19.04
20.44
20.44
14.152
21.016
20.016
21.016
14.152
18.44
12.864
14.328
15.952
20.616
14.504
21.592
13.152
12.576
14.152
20.44
21.44
20.728
18.528
14.416
14.304
20.592
24.304
14.152
12.84
14.152
18.728
12.84
21.928
20.44
14.152
14.152
18.44
14.152
22.04
20.728
14.152
12.84
12.576
18.728
20.44
13.016
14.152
15.44
12.864
14.152
20.44
13.44
20.44
12.728
18.728
20.44
20.016
18.592
12.704
26.48
24.368
18.44
14.328
13.016
18.504
13.152
18.728
18.44
13.152
20.44
13.016
18.44
12.576
14.704
18.728
18.592
20.48
21.016
12.904
26.328
18.44
20.44
12.864
12.576
18.728
20.064
18.44
20.728
13.416
13.152
13.152
18.728
12.576
18.44
20.44
22.016
14.44
18.44
21.016
12.576
14.152
21.04
14.152
13.152
14.152
20.728
21.016
18.44
24.304
14.328
21.392
21.44
20.44
14.328
18.44
18.44
14.328
13.152
14.216
13.152
12.904
18.792
12.68
18.44
20.568
24.328
20.44
18.44
20.44
14.44
20.728
19.016
18.44
23.016
21.528
14.216
18.504
18.44
18.44
15.152
13.44
19.192
21.48
18.968
14.304
18.592
12.576
21.016
22.464
18.44
19.016
12.576
13.192
18.464
22.016
18.704
14.592
21.016
12.576
19.016
12.576
20.44
18.728
18.728
20.44
14.152
12.84
22.328
19.016
18.904
15.192
12.864
13.48
19.368
19.256
18.752
13.44
18.44
18.928
24.416
18.728
14.152
18.728
14.152
13.152
18.64
13.152
18.44
12.864
12.576
18.752
21.664
12.576
13.152
18.592
20.44
20.44
18.44
14.328
14.216
14.152
20.44
13.152
14.152
13.152
21.64
12.728
18.44
12.616
14.152
20.728
12.84
18.728
12.576
23.016
13.44
14.44
21.44
13.152
12.576
14.152
12.84
20.728
14.216
14.152
12.84
13.152
15.44
22.016
12.704
20.728
14.192
26.304
24.304
18.592
18.44
20.44
14.728
19.016
12.864
13.304
14.152
19.04
20.44
14.328
20.216
12.904
20.44
21.016
18.44
19.304
20.44
14.704
18.44
21.016
14.152
18.728
18.44
18.44
18.44
12.728
19.016
18.44
23.016
13.704
14.152
21.64
14.152
19.016
13.304
23.192
20.44
19.48
14.328
15.768
21.656
14.344
18.44
15.832
14.328
19.72
22.016
13.152
18.44
24.304
12.728
12.576
14.464
26.304
14.304
14.192
23.016
18.904
24.392
12.576
18.44
26.328
12.576
12.576
19.016
13.016
12.576
20.192
23.016
18.44
21.128
14.152
20.44
26.304
22.016
12.576
18.768
21.664
20.752
14.24
18.528
12.864
18.44
24.304
18.728
20.44
15.44
18.44
19.04
14.328
13.328
21.44
14.152
12.84
14.328
18.616
12.904
21.592
18.44
22.016
12.704
14.192
18.44
20.44
26.304
20.992
24.48
19.168
20.44
12.864
14.152
14.44
14.328
13.152
20.728
19.016
20.792
18.44
18.44
18.44
20.44
12.864
14.328
13.016
14.504
13.192
20.68
14.968
18.728
24.616
15.304
13.192
18.44
13.152
20.44
21.528
20.752
14.152
13.44
13.152
24.304
18.44
13.44
14.328
14.44
20.44
14.328
12.616
13.44
20.44
21.04
18.728
15.328
13.016
20.504
24.304
20.44
19.016
14.44
18.728
14.44
13.152
18.44
19.016
12.904
21.44
13.04
20.928
14.152
20.04
12.864
18.728
18.728
18.728
20.44
18.728
14.152
21.016
12.576
24.792
20.44
18.44
15.152
12.576
20.464
21.016
14.352
19.304
26.792
18.44
15.48
19.368
12.864
22.016
20.728
18.44
18.592
15.304
13.192
22.016
12.704
18.728
18.44
20.728
14.152
14.152
21.64
18.728
18.44
18.44
15.44
18.44
26.528
21.216
20.304
12.592
12.576
14.464
13.152
21.016
18.44
20.728
14.152
18.728
14.152
26.304
18.44
14.152
22.016
14.304
14.192
15.44
20.44
15.44
20.016
18.704
18.728
14.304
24.304
18.44
13.152
13.152
13.152
26.304
26.304
20.44
18.44
18.44
20.728
20.44
19.304
12.576
14.464
12.576
23.016
20.464
18.752
18.728
20.44
18.728
18.728
18.44
13.304
14.328
26.392
18.616
13.304
18.44
22.016
20.704
12.576
12.576
14.152
20.44
21.016
12.728
18.904
18.44
12.864
21.016
18.44
18.44
14.152
12.864
23.016
14.152
21.016
20.44
12.904
18.728
13.152
21.04
18.44
12.728
14.152
12.576
21.44
12.864
14.152
20.44
18.44
14.152
22.44
21.304
19.192
14.152
21.64
18.728
14.44
12.576
26.304
20.464
14.352
26.304
14.152
18.44
14.152
20.44
20.44
20.44
18.728
14.216
12.904
20.792
23.016
18.728
20.44
13.152
13.304
23.04
12.576
21.016
20.464
18.752
18.44
13.04
20.728
20.728
18.44
20.728
14.152
20.04
18.44
20.016
14.704
26.304
20.016
13.44
19.016
24.504
22.016
18.44
21.016
20.904
15.192
18.44
26.304
20.44
18.728
12.864
12.616
24.352
18.44
20.44
14.152
20.44
20.44
18.728
12.616
20.44
19.016
18.728
14.216
26.328
13.416
26.304
18.44
23.016
18.504
14.152
26.304
20.44
13.392
18.728
15.28
18.616
24.304
18.44
18.992
20.44
13.28
24.368
18.728
14.152
19.016
14.152
14.152
14.152
18.728
12.84
15.44
12.576
21.664
18.752
20.44
19.016
15.152
14.152
12.84
23.016
20.728
24.504
14.616
18.44
20.44
20.44
18.728
18.44
21.44
14.152
13.152
12.576
18.728
14.44
18.44
18.752
18.44
20.44
12.864
18.728
18.616
23.016
18.904
13.192
14.152
20.44
20.44
18.44
12.576
20.728
20.44
14.328
21.016
14.152
20.728
18.792
20.44
13.08
20.192
12.576
21.304
14.152
19.016
20.44
21.016
20.44
14.152
12.84
14.328
20.44
14.328
19.016
18.728
13.152
14.152
21.016
20.904
20.44
12.576
14.152
12.576
12.576
26.304
12.576
21.016
22.064
18.752
13.04
12.864
12.576
12.576
18.728
14.464
13.416
20.752
18.64
20.728
12.576
19.016
21.44
12.576
26.328
15.304
12.576
14.152
15.152
12.864
14.152
12.576
24.592
21.28
19.568
18.44
12.576
20.464
21.552
12.864
18.44
14.44
15.44
18.728
14.152
18.44
12.728
13.152
18.44
12.728
20.616
20.44
14.152
18.728
13.016
18.904
14.152
18.728
18.728
12.576
19.016
12.576
15.44
18.44
12.928
14.328
20.728
12.576
12.576
21.016
20.44
18.728
12.864
20.44
18.728
20.616
12.864
14.152
12.576
18.44
19.304
14.152
22.016
21.504
21.016
13.704
20.44
14.328
20.616
18.88
12.576
19.016
18.504
21.44
24.392
12.576
24.304
20.44
12.864
20.44
14.152
20.728
20.44
18.44
12.728
20.616
20.304
12.576
19.016
18.44
20.792
26.304
15.392
21.28
23.016
20.304
18.728
14.592
15.416
23.48
18.44
12.864
20.44
18.728
12.616
20.728
21.704
18.44
18.728
18.44
13.016
12.576
14.152
20.44
14.44
21.016
20.44
19.04
20.44
18.44
14.328
22.216
13.016
22.016
13.704
18.704
20.016
20.728
15.416
18.44
14.328
12.576
14.152
24.504
14.152
18.792
21.64
18.728
13.152
20.752
20.728
18.616
18.728
15.152
12.576
13.44
12.576
14.152
18.44
20.44
12.864
20.752
13.04
14.152
13.152
14.152
13.304
19.192
13.08
13.04
20.44
21.328
18.728
23.016
15.704
22.216
14.504
12.576
20.464
14.352
13.152
12.576
12.576
12.576
18.44
15.152
22.016
21.04
14.304
13.152
14.152
20.728
20.016
20.016
12.904
18.44
12.576
14.152
20.728
14.152
24.304
14.152
12.576
18.464
20.44
13.152
18.64
15.728
13.616
20.44
12.728
20.44
21.016
14.152
18.728
18.44
14.152
12.84
12.728
18.728
12.576
20.728
20.728
18.44
14.152
24.304
18.44
21.528
14.216
18.728
21.44
12.576
18.44
19.016
14.328
23.016
20.752
20.44
12.728
21.816
12.864
14.152
20.752
19.04
13.328
20.44
18.728
13.152
12.864
20.44
20.328
12.864
14.216
13.152
20.44
12.728
18.728
18.616
14.152
20.728
18.616
20.904
12.576
18.44
12.864
26.352
12.576
14.152
14.152
21.016
18.44
12.728
20.44
12.864
20.44
20.44
18.728
14.152
12.576
20.728
12.576
13.016
12.576
21.44
23.016
20.728
13.416
20.44
20.904
19.592
18.44
13.016
22.016
19.304
14.304
20.592
14.48
15.704
14.152
14.152
18.44
13.528
21.016
22.016
14.152
12.84
21.44
15.304
20.44
18.728
22.016
14.152
18.728
15.704
15.152
14.152
18.44
13.152
18.44
21.04
12.728
20.928
12.616
18.44
24.304
15.392
12.576
14.152
12.576
23.016
18.44
18.44
20.44
14.152
21.04
18.928
12.576
21.216
14.152
14.152
23.016
24.304
18.44
12.728
20.44
18.44
14.328
12.576
14.464
18.44
19.304
13.44
18.728
14.44
13.44
18.44
23.016
14.328
13.44
12.864
20.016
13.152
18.44
14.152
12.576
22.064
18.592
14.352
15.68
14.24
13.168
14.152
14.152
18.44
21.04
26.304
20.016
14.304
13.152
21.44
24.304
18.992
20.728
26.304
18.44
24.328
18.44
14.152
12.864
14.152
14.44
13.44
14.152
20.728
18.44
14.328
22.216
20.904
21.592
21.016
21.44
20.44
15.44
20.44
13.328
21.528
19.216
24.704
15.44
18.728
18.616
15.152
18.728
13.016
15.44
18.44
20.728
18.44
12.728
21.016
18.44
14.152
15.44
20.44
12.576
18.44
14.328
21.016
12.576
20.728
12.576
14.464
21.552
20.44
18.44
20.44
14.328
19.016
23.016
18.904
12.576
20.464
18.728
18.992
18.44
14.328
12.576
18.728
12.576
12.576
18.728
18.44
18.44
12.576
18.464
14.152
12.576
14.464
20.728
12.752
18.728
15.44
13.328
12.576
20.816
12.576
15.504
20.44
14.328
21.816
13.152
18.728
20.44
14.152
12.576
18.728
20.464
26.328
14.152
14.44
14.328
18.616
20.504
12.864
21.44
20.528
13.152
18.44
21.44
20.528
14.416
18.704
18.728
22.016
14.304
19.016
18.904
15.152
13.44
18.44
20.44
26.304
18.992
15.68
13.568
13.152
18.728
15.152
18.44
14.152
14.152
24.304
20.44
18.44
24.328
13.44
20.44
18.44
24.504
12.576
20.464
21.44
18.44
20.44
14.328
13.016
12.864
18.904
18.792
14.68
12.968
18.728
20.456
18.728
13.152
20.728
20.44
12.576
20.464
14.352
20.64
12.928
12.816
20.44
13.016
20.44
19.304
13.192
18.752
18.44
18.44
14.152
20.728
15.152
12.864
14.152
18.44
21.016
12.728
13.304
12.576
18.44
15.44
18.44
23.016
12.576
23.016
12.904
14.152
12.576
20.44
14.328
20.616
20.728
20.904
18.44
14.304
20.592
14.48
12.864
20.752
12.576
12.576
19.016
14.152
19.016
20.44
14.328
12.616
13.44
18.44
20.928
12.728
18.616
12.904
15.304
20.44
18.728
20.616
24.304
26.304
12.576
12.864
12.864
20.44
21.528
14.216
20.504
18.728
18.44
20.728
13.016
18.904
19.08
18.728
21.44
18.728
13.152
14.44
13.152
15.44
14.44
12.576
14.152
14.152
12.864
14.152
12.84
20.728
21.44
20.728
18.44
12.728
21.816
20.504
12.792
14.28
22.168
24.304
18.44
12.576
18.44
14.44
14.152
20.04
21.016
12.728
14.616
12.904
18.728
14.392
20.304
13.152
18.44
20.728
20.44
14.728
20.616
18.904
13.44
20.792
18.44
18.44
12.576
18.44
14.152
12.84
14.328
18.44
15.152
20.44
18.728
13.016
20.904
18.728
19.192
13.152
20.44
12.576
13.44
12.576
20.064
20.752
18.44
19.128
18.44
14.152
14.152
20.44
12.728
14.152
12.84
20.728
12.616
18.504
21.016
20.44
23.016
18.728
14.152
12.84
18.44
20.44
18.728
14.216
14.152
14.152
21.016
12.904
15.44
20.04
20.928
19.216
14.152
24.304
14.152
20.016
20.752
14.152
18.44
14.328
13.016
18.728
20.44
23.016
20.016
18.704
14.592
14.44
12.576
18.464
14.352
18.64
12.576
20.728
21.664
14.44
18.728
20.728
14.152
14.152
13.152
18.44
13.04
12.728
18.44
21.016
20.44
12.576
19.016
23.304
14.152
13.152
13.152
26.304
20.44
24.592
12.728
13.28
21.016
18.44
12.728
20.728
20.616
14.152
13.152
12.576
14.152
18.728
12.84
21.44
20.728
12.576
26.304
18.464
14.152
12.84
14.328
20.44
14.328
12.616
18.728
20.728
12.576
26.304
20.464
12.576
14.464
14.152
20.728
12.576
21.016
12.576
18.728
14.152
18.44
12.576
20.44
14.152
14.152
13.44
18.44
14.328
14.216
13.016
14.152
18.728
18.44
21.016
24.304
22.016
13.392
14.152
18.44
14.152
20.44
14.152
14.152
19.016
26.504
18.44
18.44
14.152
12.84
18.44
14.152
18.44
14.328
14.216
14.152
12.84
20.728
12.616
18.992
12.576
20.44
20.44
13.04
12.576
22.016
18.704
15.216
12.992
12.576
13.152
20.064
19.04
18.44
20.928
18.44
14.152
24.328
14.152
14.152
15.152
12.576
20.44
23.016
15.304
21.192
20.44
13.152
21.44
15.152
18.44
12.728
14.216
14.152
20.44
12.728
20.616
20.504
18.792
12.864
12.576
14.152
15.44
13.328
13.216
20.44
22.328
13.152
20.44
18.728
20.44
18.728
20.44
14.328
14.152
23.016
18.752
26.328
13.44
13.44
12.576
12.576
20.464
20.44
21.016
14.328
18.616
21.016
20.904
12.576
18.792
18.464
20.728
18.616
14.152
18.728
14.152
12.576
14.152
23.016
12.84
18.728
18.728
20.44
14.152
13.152
14.152
20.44
18.728
13.152
21.816
12.904
20.44
12.728
18.728
26.304
12.576
20.752
12.576
13.44
22.064
14.352
20.44
20.728
18.44
13.44
20.44
18.44
18.44
13.152
22.016
20.704
14.592
14.48
18.44
18.44
15.152
20.728
20.44
20.44
14.328
13.016
20.504
21.016
12.792
12.576
20.464
18.728
12.752
18.64
14.152
14.152
21.64
18.728
14.216
23.016
21.016
13.704
12.576
15.592
21.44
25.08
23.368
20.44
14.152
23.016
21.016
21.016
18.44
18.44
12.864
14.328
20.216
24.304
18.904
12.576
18.728
21.44
20.528
18.816
20.304
20.728
12.992
23.016
12.904
18.44
14.328
23.016
20.44
13.704
14.152
20.728
18.44
19.016
12.728
18.616
20.728
12.904
18.792
13.08
21.44
14.152
20.44
12.864
18.44
23.016
20.44
20.44
26.304
12.728
20.616
18.44
12.864
18.44
14.328
13.152
20.616
18.728
18.44
13.44
12.576
21.016
19.016
18.44
18.904
12.728
21.44
12.864
12.864
12.576
18.464
12.752
15.152
12.64
15.152
21.04
22.016
12.576
19.016
21.016
12.576
13.152
20.44
12.864
12.576
18.728
14.152
24.304
12.84
18.44
14.728
20.616
18.904
13.152
21.592
21.04
12.68
14.152
14.152
21.016
18.504
18.44
13.304
12.728
14.216
22.104
18.792
13.08
12.576
26.304
20.44
18.44
18.44
21.016
18.44
14.152
12.864
20.44
26.304
12.728
13.44
18.44
13.528
20.44
13.152
21.016
18.904
20.752
18.44
12.728
18.616
21.016
12.576
21.664
18.728
14.352
14.24
18.528
18.44
20.728
12.576
19.016
18.504
18.44
13.152
12.576
26.304
20.44
14.152
20.44
20.44
18.728
15.44
18.44
12.864
20.752
20.44
20.44
22.016
18.44
18.44
12.728
14.152
12.864
14.152
19.04
20.928
20.44
18.44
20.44
18.44
12.576
20.064
24.304
13.152
22.016
21.016
20.44
18.728
14.216
12.576
14.464
18.752
20.44
23.016
20.728
20.44
18.44
14.152
18.44
21.016
21.528
26.504
18.44
12.864
14.152
18.44
18.44
20.44
14.152
18.728
20.44
12.576
26.304
20.44
14.328
20.616
21.704
20.728
18.792
14.68
18.968
13.256
14.744
21.432
26.304
14.52
18.808
18.44
14.152
23.016
21.44
21.44
20.44
18.44
22.04
20.216
18.504
14.792
15.328
18.816
12.576
18.44
13.152
18.44
20.44
13.44
18.928
18.816
13.904
12.576
13.152
18.44
21.016
18.44
12.864
12.576
18.464
20.728
14.152
20.44
12.864
12.576
20.464
14.352
18.728
20.44
18.728
14.216
23.016
20.44
14.328
12.576
18.728
14.152
12.864
18.752
13.152
18.44
14.328
13.152
20.44
18.728
18.616
12.864
12.864
21.44
18.752
13.328
12.576
20.44
22.016
20.704
14.152
18.44
21.016
20.904
13.192
22.016
14.304
12.992
21.04
12.576
19.016
18.44
20.44
19.016
21.328
20.44
14.328
13.152
12.616
18.44
20.44
21.016
18.504
14.152
12.864
12.576
20.752
12.576
19.016
20.016
24.304
18.992
21.016
18.728
22.016
15.44
20.44
14.328
12.616
21.016
18.44
14.328
13.704
20.616
18.904
13.192
12.576
12.576
19.08
12.576
14.464
20.352
23.016
18.64
21.44
20.728
24.304
21.016
14.152
20.728
12.576
19.016
20.44
12.576
18.44
14.152
18.728
18.616
21.44
18.44
18.728
18.44
20.44
12.864
12.576
15.44
13.152
13.152
21.44
13.152
20.44
13.152
18.44
20.728
18.44
20.904
14.152
18.792
20.44
18.728
23.016
21.304
12.576
26.328
18.464
14.152
12.84
12.576
18.728
26.304
18.992
20.44
18.728
14.152
20.44
20.44
18.728
20.44
13.016
14.152
20.44
19.016
12.728
21.44
18.728
13.016
14.152
18.44
18.44
20.016
20.704
12.992
14.152
21.016
20.44
14.328
22.216
13.152
18.44
18.44
15.592
20.44
12.728
18.728
20.616
18.44
18.44
12.728
12.576
24.592
20.464
13.44
12.576
18.728
20.44
12.576
13.152
14.152
12.84
21.016
18.44
21.44
22.016
20.704
22.192
13.152
14.48
24.304
20.016
12.576
20.464
12.576
19.016
21.44
13.304
26.392
18.44
18.44
21.016
20.44
18.904
15.192
18.44
24.304
14.152
15.152
20.44
24.304
20.44
15.392
12.728
21.016
13.152
20.44
22.016
18.704
13.152
14.992
13.28
14.768
21.456
18.944
13.232
22.72
19.408
20.896
15.152
18.784
13.44
18.672
21.328
20.16
26.816
18.44
12.576
15.328
14.152
19.216
15.152
14.152
12.84
12.576
18.728
12.576
20.464
14.352
14.152
14.152
20.44
12.576
18.728
20.44
23.016
18.44
20.44
14.152
12.84
18.728
18.752
18.728
18.44
13.128
18.44
14.328
12.616
15.152
20.104
14.152
12.84
20.44
15.44
13.728
14.152
21.216
12.84
18.44
14.152
12.84
21.016
12.728
20.44
24.304
13.392
14.152
18.44
24.304
14.152
14.152
26.304
22.016
14.304
21.792
19.016
15.704
12.576
18.792
20.464
13.48
20.44
14.152
14.152
20.728
14.152
18.728
12.576
20.728
12.576
13.704
12.576
21.44
20.44
20.44
20.44
14.328
14.216
20.44
24.304
20.44
20.44
26.304
21.528
12.616
13.016
18.44
21.528
20.792
21.016
18.44
18.904
23.192
18.44
14.328
18.616
21.04
18.504
20.44
18.44
12.728
21.44
18.728
12.576
18.44
12.728
18.44
14.328
21.016
13.304
14.152
18.792
18.44
22.04
19.016
12.904
14.152
15.44
21.64
23.016
18.728
13.44
20.016
20.704
12.592
14.152
15.152
12.576
24.592
20.44
18.728
13.016
20.728
20.44
12.728
14.152
20.44
14.152
21.44
21.016
21.016
19.016
21.44
21.304
20.728
26.304
20.992
26.304
22.016
