26.556
28.44
28.556
28.673
31.016
31.132
29.877
27.765
29.253
27.556
32.728
30.728
31.358
31.317
30.673
32.967
27.611
28.275
29.077
28.337
32.568
26.341
36.229
34.117
30.977
29.728
29.844
32.532
34.084
37.022
38.51
30.055
28.242
28.972
37.66
29.946
28.691
39.265
30.077
37.543
28.556
39.88
37.244
29.989
33.534
40.508
37.475
31.539
43.472
42.715
31.003
36.016
39.394
36.605
35.35
30.153
45.592
30.783
31.844
29.871
34.102
26.333
40.164
32.566
30.969
37.599
35.316
26.518
35.549
38.409
45.653
40.068
33.67
28.815
34.844
45.218
52.016
30.503
29.016
30.728
32.016
36.789
39.649
38.592
40.251
30.082
35.132
28.789
29.016
29.592
36.728
30.222
31.196
42.113
27.446
38.115
34.016
33.946
39.016
35.728
29.728
43.387
39.31
53.104
35.851
32.556
32.33
39.592
40.846
43.363
27.913
31.479
30.851
29.844
42.453
50.744
38.689
40.358
29.796
45.961
30.917
31.97
32.062
37.401
32.203
29.556
41.062
26.436
31.01
54.955
39.643
29.44
38.902
35.762
33.77
41.021
58.572
36.166
30.969
30.742
26.268
37.545
49.013
35.728
40.747
30.873
39.304
31.435
28.637
30.811
36.194
26.299
33.787
29.07
56.101
28.961
36.277
43.077
68.794
32.304
42.46
31.539
32.016
34.251
29.844
30.44
33.132
28.728
50.825
57.301
43.398
53.646
38.372
40.016
28.717
65.862
32.777
35.996
62.55
27.44
39.181
49.241
32.386
34.902
60.733
65.605
63.593
63.025
57.024
45.483
58.513
67.87
39.599
41.244
31.83
29.016
41.204
40.275
39.778
29.763
51.38
33.728
29.194
35.725
26.501
55.71
31.042
33.387
31.103
51.556
40.991
39.851
44.016
32.537
35.682
55.967
46.75
28.728
38.255
37.073
33.915
54.728
29.646
29.231
37.919
35.122
59.387
70.553
37.583
72.572
33.414
46.045
29.091
39.133
51.836
49.021
34.052
32.454
47.999
38.534
29.501
35.602
69.389
31.261
31.277
35.149
27.44
59.094
33.668
38.304
42.858
43.556
33.374
40.93
34.189
42.781
28.844
66.706
54.898
64.251
37.11
31.016
33.113
58.258
53.42
47.403
27.822
42.377
42.15
34.381
32.441
36.728
40.271
66.617
36.905
39.201
35.478
39.831
35.595
51.262
83.026
29.265
50.914
38.687
35.547
36.016
30.692
44.592
51.551
36.582
66.013
58.365
42.987
35.132
36.246
52.477
32.016
35.451
43.625
33.728
87.456
31.858
27.673
33.003
30.377
26.44
42.836
86.667
75.21
34.841
31.871
34.17
43.131
36.001
39.308
75.819
37.489
40.434
38.05
37.091
33.881
95.369
36.342
40.249
34.059
33.318
31.034
35.492
33.037
34.525
27.789
42.185
32.534
40.758
29.903
32.077
62.365
40.77
67.86
41.396
42.948
34.655
28.913
43.001
49.977
38.831
33.291
34.265
43.886
32.324
37.66
31.583
30.405
39.586
28.807
30.102
33.895
35.19
34.889
34.793
31.481
60.322
30.226
33.051
31.885
76.059
60.201
42.061
43.537
33.606
30.728
29.253
56.351
47.884
38.639
35.444
78.013
45.215
58.132
37.646
29.903
41.363
38.42
27.594
69.737
60.873
41.715
30.082
32.77
42.486
41.365
35.06
33.291
53.636
65.825
30.438
39.165
44.441
39.414
43.988
39.305
31.132
28.964
39.306
30.452
41.691
30.226
64.093
26.152
44.914
33.125
57.708
34.745
30.842
47.89
38.921
57.016
64.066
68.125
30.618
38.07
58.849
31.672
27.16
45.106
37.132
36.132
32.879
38.996
41.77
40.655
39.016
39.401
31.803
35.691
41.979
32.187
38.324
32.016
35.355
27.446
34.361
52.271
38.845
35.533
60.475
30.164
63.708
31.995
29.196
31.597
40.798
33.016
38.399
45.201
56.961
36.802
34.518
31.72
34.844
65.88
30.98
58.525
33.956
37.403
30.987
32.989
58.134
41.592
38.194
33.167
27.455
60.315
35.574
101.862
39.728
30.322
94.803
32.152
44.783
46.084
27.928
35.931
38.79
33.016
79.535
72.572
36.109
31.254
50.851
56.057
33.03
35.961
47.547
35.563
35.835
36.365
31.323
33.77
35.382
57.613
33.387
35.389
51.852
68.591
45.708
38.708
56.453
35.224
45.112
31.343
39.016
47.016
44.146
41.862
29.556
34.093
33.132
38.016
44.495
37.412
31.016
41.814
33.874
46.574
32.104
33.148
33.078
35.493
42.28
48.911
32.056
57.887
56.118
37.378
38.537
31.666
44.477
32.982
34.299
31.728
35.444
42.908
76.703
41.677
40.765
33.51
32.016
71.684
60.486
35.231
60.304
42.548
38.134
50.207
36.61
29.279
47.012
29.249
33.414
37.42
34.559
67.394
33.304
27.882
40.792
34.909
44.626
43.028
26.673
32.859
26.789
66.233
37.706
68.063
33.022
37.666
31.954
46.127
42.592
61.465
40.072
32.303
35.789
46.82
75.677
44.194
43.11
35.684
80.372
31.728
34.888
41.519
46.662
40.779
60.541
35.238
38.537
65.869
37.014
33.874
43.304
35.704
34.107
32.338
35.368
34.117
31.885
94.916
36.061
46.482
32.92
51.016
43.323
41.382
66.31
32.584
33.044
34.875
42.877
32.66
29.44
63.394
28.013
32.139
38.036
33.798
32.027
40.258
36.728
30.431
56.489
40.273
38.262
37.405
31.646
35.979
30.049
54.267
61.022
71.869
33.586
31.816
68.104
60.282
33.592
47.027
38.338
54.397
27.782
41.656
34.844
45.373
27.761
40.175
27.877
37.091
37.72
49.837
64.011
36.699
55.844
32.646
31.728
33.62
30.44
41.279
36.213
31.282
54.198
33.016
31.44
28.258
66.356
61.755
32.831
52.491
32.906
37.35
38.165
79.638
40.669
30.5
47.759
28.44
28.333
47.07
63.744
50.221
55.42
41.574
33.195
44.051
39.483
32.914
30.684
39.03
38.172
37.604
33.263
40.016
48.808
54.532
32.468
56.02
75.434
40.642
59.272
40.189
31.44
35.046
45.62
54.308
33.016
34.416
30.253
32.255
42.728
50.372
31.631
56.091
49.462
28.607
31.236
60.61
27.753
61.583
41.986
80.331
29.44
41.53
40.333
37.878
26.33
35.766
44.275
40.168
27.763
47.314
36.728
37.137
41.087
67.187
33.318
34.732
66.32
41.492
45.477
33.551
41.449
28.108
44.811
53.082
32.241
27.44
41.027
33.558
31.715
31.275
60.46
65.334
37.262
53.891
36.651
31.281
28.556
32.365
28.312
37.625
31.269
41.8
56.977
42.357
54.946
33.976
68.722
42.438
35.44
30.897
32.537
28.734
31.7
39.016
40.676
43.992
29.478
73.41
30.795
34.612
33.997
29.485
30.973
39.832
34.304
30.52
43.666
35.139
36.068
40.641
44.249
57.387
32.132
38.42
39.393
85.134
28.881
32.201
34.655
66.658
32.831
27.152
32.948
32.721
36.728
31.809
42.994
35.355
32.115
57.928
57.016
32.331
37.59
36.077
30.164
35.766
39.016
31.768
27.599
48.116
76.156
31.947
55.077
38.92
56.694
34.739
30.582
53.37
33.956
32.132
40.929
65.732
26.934
37.132
63.051
30.253
32.769
34.429
68.544
29.574
57.967
35.519
34.016
29.807
26.495
29.183
29.128
40.902
34.728
40.504
32.392
52.168
34.913
33.366
39.483
29.22
57.085
37.132
54.42
40.728
35.858
32.101
55.532
65.653
30.963
30.051
37.367
31.484
59.029
33.249
29.66
29.365
27.034
76.968
37.436
43.016
95.838
38.355
29.66
40.357
42.188
37.304
32.705
30.25
28.728
32.728
32.595
36.044
34.769
39.514
39.63
44.547
48.592
32.149
47.851
39.294
35.639
46.385
33.815
39.246
41.139
37.477
47.879
35.537
40.967
32.396
34.055
31.484
32.286
39.728
33.774
62.644
60.12
77.722
62.581
31.016
46.241
27.671
30.531
30.476
69.284
39.678
44.595
33.911
27.857
28.728
63.802
27.728
31.016
34.604
43.734
61.635
36.037
57.132
47.639
35.134
97.299
68.592
49.758
55.361
27.906
85.82
44.016
31.937
36.71
40.532
55.196
34.134
34.57
39.143
96.135
36.689
38.862
37.093
35.324
36.231
99.724
36.126
31.443
41.605
40.029
72.702
30.75
29.86
65.962
40.193
77.166
32.54
34.016
33.342
83.387
32.734
28.487
39.537
29.29
36.077
34.721
33.466
37.182
47.585
32.016
37.587
56.389
32.42
30.844
39.534
49.304
30.222
39.82
28.453
50.106
40.57
32.286
39.016
47.831
32.005
27.44
72.408
34.304
34.242
34.638
39.392
67.444
40.069
34.529
34.961
48.003
53.845
32.19
41.016
72.078
64.104
43.052
69.977
30.796
78.826
56.142
51.728
39.116
30.833
39.349
28.728
28.666
33.754
31.127
39.517
30.728
55.587
48.891
33.932
46.95
51.706
47.537
31.367
31.016
30.284
27.532
55.772
73.579
34.631
36.291
32.989
42.407
30.867
27.152
34.412
31.728
39.843
53.31
35.331
33.39
33.335
34.728
40.481
31.683
78.428
42.716
33.404
34.132
42.778
31.58
32.961
58.611
39.504
36.099
34.158
61.963
35.646
49.908
72.277
32.475
33.651
42.167
34.741
31.844
42.229
32.917
35.618
42.462
32.728
44.465
32.158
57.953
70.069
32.906
34.7
30.451
42.017
36.99
35.393
71.681
34.083
33.514
55.482
41.345
34.604
33.863
97.744
30.209
33.068
29.016
48.956
57.089
36.215
41.132
33.016
31.477
34.418
32.108
33.425
32.855
40.515
39.016
34.803
52.234
47.88
42.065
31.025
42.01
38.513
78.812
36.743
57.843
39.617
45.905
40.021
39.016
34.138
42.826
32.728
34.028
37.816
47.173
42.763
43.518
34.822
40.035
42.653
73.066
56.039
58.385
70.97
70.158
62.903
34.734
39.728
67.765
35.139
61.141
56.638
30.743
55.934
34.974
43.88
39.377
44.979
33.438
65.73
34.583
30.44
33.671
36.899
31.731
30.673
35.276
33.704
50.821
32.277
41.509
34.597
30.085
67.745
33.918
46.165
40.892
37.408
98.077
32.382
34.465
40.556
28.906
60.638
40.672
43.018
108.963
63.822
39.939
79.41
47.598
29.728
37.6
32.537
43.031
41.396
58.919
46.998
30.168
38.636
40.124
36.789
88.583
63.891
43.1
34.479
39.274
33.249
41.962
52.193
42.709
35.111
35.742
32.537
29.387
53.002
70.368
44.89
47.578
34.837
31.011
51.356
51.987
29.728
36.332
66.455
46.734
39.829
36.736
43.016
34.624
41.941
90.392
45.315
42.688
49.319
47.379
26.479
35.324
38.255
74.355
46.258
57.157
40.032
78.874
31.577
38.019
32.132
27.579
31.45
30.537
44.595
51.568
34.542
43.825
44.259
37.861
34.796
36.949
46.913
45.808
40.439
45.527
37.415
44.218
45.363
35.365
33.029
48.167
36.798
27.44
99.315
37.717
26.44
59.605
37.356
61.95
72.934
26.673
47.152
40.319
45.04
36.322
46.186
33.102
45.562
55.044
43.792
61.395
62.853
38.026
61.457
61.456
39.287
45.575
37.44
114.606
44.11
43.923
34.016
40.592
69.754
27.851
45.527
38.787
29.194
39.246
46.734
56.42
39.308
38.739
37.827
31.422
87.829
92.574
63.803
46.576
47.55
37.381
78.744
39.016
39.898
40.528
30.625
46.816
27.152
41.962
121.107
34.304
38.423
32.537
42.14
45.171
37.427
39.116
31.28
45.575
27.625
45.349
99.741
40.666
39.172
38.896
37.06
41.756
77.805
36.44
52.672
30.436
55.532
43.477
35.44
39.136
34.527
47.627
38.396
51.627
30.679
49.998
39.658
62.574
38.005
37.022
41.207
36.867
64.137
42.812
35.803
39.328
46.034
69.616
43.653
53.962
37.45
28.728
43.566
73.88
47.53
38.711
34.567
40.275
41.914
39.592
43.23
41.715
49.861
34.016
33.692
61.066
54.496
37.886
38.156
56.174
37.072
79.361
45.746
41.077
36.222
38.053
59.701
35.255
34.172
69.088
40.653
35.776
34.506
44.464
38.581
51.726
39.843
53.865
37.045
34.304
85.162
68.135
59.852
31.854
45.856
41.344
32.858
37.347
67.806
67.923
53.71
50.039
41.927
34.374
35.187
46.708
41.989
47.763
55.708
59.879
56.51
37.024
28.282
51.141
37.827
37.655
42.058
59.831
40.434
37.662
39.836
39.194
37.552
41.368
33.898
31.077
42.414
32.908
45.274
26.682
32.019
44.97
43.392
34.707
32.915
47.852
30.289
38.368
34.885
66.592
73.402
83.32
38.547
43.322
33.006
30.581
46.151
39.098
37.525
31.646
37.984
48.906
35.53
34.906
39.765
36.503
31.139
41.42
41.825
53.027
36.908
35.139
77.941
42.058
51.946
34.016
41.605
28.906
46.646
82.693
69.952
65.119
29.139
48.298
33.843
42.587
46.645
41.447
36.249
42.366
58.537
43.511
26.596
57.685
53.88
47.516
53.996
44.88
36.661
52.57
37.12
35.139
40.886
35.694
34.439
70.616
28.961
36.613
43.93
36.332
40.391
42.565
61.708
35.824
62.682
38.169
53.198
34
62.715
53.146
49.662
49.016
35.106
37.436
53.075
93.61
30.077
44.012
34.594
35.214
51.682
48.188
31.847
34.535
83.996
36.709
35.728
36.825
76.199
37.016
45.63
37.004
34.844
73.978
34.494
35.125
37.42
36.441
41.015
38.046
36.62
34.508
42.42
35.653
43.827
34.515
55.016
31.888
36.291
52.35
53.152
29.728
53.955
54.728
60.586
56.387
35.331
29.049
39.561
37.394
35.221
64.126
52.253
35.68
46.541
35.111
32.304
46.658
33.856
67.003
36.887
48.661
34.206
40.151
38.725
37.418
101.756
37.363
36.729
66.675
62.42
48.963
34.508
52.624
40.372
34.912
33.728
38.016
30.743
36.86
47.506
41.776
27.44
35.55
35.324
34.132
37.497
53.385
33.959
77.276
37.334
31.964
41.166
30.728
46.743
47.283
32.656
35.859
79.175
46.72
58.304
53.18
35.132
36.668
32.163
40.102
34.727
76.158
125.475
88.391
61.079
32.229
32.91
49.998
33.143
37.027
43.203
46.405
108.724
40.693
26.383
47.838
32.5
54.469
37.759
37.443
58.276
58.131
31.135
34.933
29.543
27.309
46.707
38.231
43.026
34.48
32.177
67.142
42.654
29.036
39.685
57.267
36.544
47.783
38.718
42.886
32.32
42.831
61.016
42.38
57.348
33.239
66.956
36.901
56.456
41.646
36.277
37.079
33.161
69.596
41.427
44.629
35.44
37.203
46.233
45.15
33.249
34.809
67.326
57.482
35.9
30.684
44.073
33.029
44.704
40.003
41.735
35.509
38.025
55.113
58.777
55.573
35.632
52.377
64.934
27.44
37.751
45.165
71.115
37.011
30.539
28.889
41.07
33.598
33.129
75.76
43.134
34.851
34.624
37.484
41.886
28.728
160.631
62.348
47.721
33.267
53.097
61.271
56.531
35.845
38.42
66.133
34.937
35.735
33.339
41.337
28.858
28.141
101.283
51.856
56.818
35.687
30.996
53.804
39.132
38.663
32.728
83.351
32.249
38.211
51.222
38.67
43.044
45.987
28.589
43.017
51.324
93.191
35.708
41.139
80.908
35.769
33.196
35.715
54.003
36.976
42.75
55.038
57.016
56.697
27.646
40.528
64.106
66.702
34.132
47.447
36.078
34.728
27.772
46.48
39.987
40.425
47.818
30.529
35.228
50.77
52.122
36.201
65.267
44.204
48.092
75.018
79.408
32.728
35.468
29.201
36.613
75.644
57.932
69.191
28.981
71.536
42.592
52.11
35.426
37.374
42.572
30.841
53.605
36.688
38.016
41.379
42.976
47.55
42.352
50.012
59.817
41.557
36.188
26.798
34.076
39.678
35.68
44.197
27.44
31.653
41.742
61.059
27.906
57.061
31.108
54.022
44.32
49.339
59.653
97.065
30.798
63.068
37.772
41.241
36.729
39.537
43.875
39.534
33.993
35.728
43.196
35.598
32.372
37.6
46.077
42.174
65.605
43.093
67.192
64.467
34.754
33.842
60.531
35.104
61.016
60.935
57.016
34.48
39.728
33.475
35.797
36.244
35.742
33.63
46.427
44.204
30.258
31.634
33.016
31.065
35.468
49.127
42.558
53.132
34.139
61.648
47.456
58.679
88.572
42.681
55.655
44.114
34.974
43.148
33.728
35.893
59.558
36.352
31.904
37.84
31.677
43.614
32.728
46.645
27.873
102.304
35.44
36.904
36.592
34.48
34.94
32.313
42.716
34.261
50.504
41.577
45.465
64.953
51.184
37.706
34.844
62.217
43.991
48.458
34.679
48.065
58.967
66.941
39.369
111.143
37.374
32.519
89.379
37.139
79.381
40.513
36.812
30.858
43.1
60.289
30.844
52.816
47.377
35.932
59.79
54.865
58.849
34.192
27.038
36.851
46.309
59.041
27.539
41.625
44.485
37.23
35.304
52.261
35.42
38.663
33.137
28.618
32.265
44.568
74.553
42.016
35.756
32.101
36.16
38.334
46.958
55.079
56.205
61.881
36.779
36.626
46.343
41.994
58.117
41.776
32.293
36.524
34.926
34.304
61.614
31.132
40.302
42.818
37.029
32.306
46.574
35.46
58.48
45.32
52.401
42.482
37.207
42.428
29.458
32.258
63.346
34.432
37.194
27.805
38.492
74.853
65.636
33.98
35.37
30.267
55.868
35.413
31.016
37.758
41.592
63.018
46.103
48.962
28.64
38.45
95.481
44.801
77.941
35.543
32.348
39.431
36.728
37.662
45.321
42.009
106.755
37.785
35.908
44.139
51.273
30.541
88.59
45.401
71.735
45.174
35.337
26.777
38.368
30.665
38.142
37.058
61.518
30.728
51.692
56.387
40.494
38.332
36.496
42.734
76.727
33.422
40.501
37.31
47.303
40.562
50.825
37.593
59.31
48.626
32.365
45.314
37.717
30.548
64.919
37.865
29.844
39.15
43.724
38.354
31.014
35.9
37.73
41.447
36.592
39.132
35.68
29.158
39.054
90.456
60.085
92.115
36.887
57.996
35.289
69.77
34.72
86.224
43.922
37.182
36.27
52.329
46.42
39.246
33.016
43.82
58.675
40.679
71.401
32.391
44.224
43.403
35.255
124.172
34.592
47.831
34.194
33.033
31.225
52.521
44.495
38.238
59.783
98.163
46.185
29.537
40.988
28.967
44.361
32.789
79.141
32.649
55.429
38.482
39.28
42.86
37.168
48.634
45.856
33.016
35.893
44.601
35.018
29.153
32.889
43.192
46.206
32.337
44.78
39.139
30.752
34.267
78.098
26.213
126.387
34.387
44.389
36.277
63.42
43.079
67.881
34.226
61.598
35.543
74.402
33.89
30.382
57.321
26.213
57.095
43.669
42.385
36.757
46.988
31.789
41.447
45.678
35.565
37.566
42.997
47.539
37.285
46.316
40.261
33.249
38.663
28.728
35.351
30.73
45.239
30.161
54.613
44.786
43.592
38.046
43.991
77.937
37.593
87.937
68.738
76.569
35.7
51.829
39.431
39.547
46.075
36.235
43.449
84.352
49.222
26.618
42.126
30.996
26.385
38.985
40.645
39.39
52.192
35.44
32.728
34.309
34.796
34.082
56.579
37.456
37.324
33.458
41.461
48.229
92.149
27.556
64.837
39.724
102.153
33.698
87.301
36.728
36.249
33.931
38.162
34.132
42.565
52.251
86.224
34.741
32.286
31.374
34.132
33.547
55.264
31.552
32.183
30.414
58.016
30.873
42.99
47.563
31.223
30.858
31.339
40.027
30.201
28.556
29.803
61.977
51.734
34.322
56.249
77.62
42.325
58.537
32.327
28.501
38.217
34.048
36.132
31.765
56.738
76.928
34.398
44.71
28.343
32.484
50.574
32.519
67.392
33.321
37.679
47.495
30.939
51.851
55.154
40.653
38.985
51.102
27.733
30.728
34.706
34.353
30.194
80.07
43.132
46.597
44.449
49.113
51.168
119.173
96.146
51.42
72.174
33.863
41.008
57.41
34.384
31.758
48.839
32.56
30.791
45.42
31.277
47.879
62.179
32.728
32.567
64.912
58.171
40.802
30.44
56.005
36.556
40.864
57.106
41.816
38.238
29.622
28.926
34.368
36.757
43.73
32.436
38.361
36.324
34.363
55.126
32.937
33.471
48.825
33.074
30.085
52.047
42.373
31.078
35.118
45.252
83.577
72.08
43.065
63.968
49.867
31.844
55.856
30.784
34.018
48.258
33.986
33.589
61.708
55.305
40.91
35.707
37.367
39.66
41.255
68.406
45.143
56.394
33.774
35.776
53.306
40.521
33.084
39.952
33.383
47.042
46.987
58.544
36.818
46.139
35.735
29.113
48.304
45.966
53.734
41.625
39.622
66.427
45.053
37.915
55.003
58.853
42.434
41.229
34.837
34.953
36.441
58.441
106.672
33.589
73.456
61.819
67.765
36.194
37.71
61.998
51.728
40.857
31.888
38.304
30.805
30.921
35.838
34.24
43.785
78.697
76.302
53.961
33.047
34.878
39.966
42.825
31.799
37.573
35.961
40.603
30.44
49.262
35.234
32.442
55.207
34.322
30.44
38.039
45.698
40.843
33.728
76.617
31.728
51.877
31.249
30.05
32.395
37.734
36.283
41.714
44.231
32.194
29.604
38.464
35.728
47.838
46.013
64.411
30.187
44.128
41.845
38.018
35.049
41.509
31.029
49.168
37.456
27.44
36.03
82.775
32.728
37.634
31.13
40.665
39.132
35.982
34.277
68.841
41.594
52.482
48.215
40.427
47.817
104.162
34.66
36.393
35.995
39.475
34.398
63.486
26.44
43.374
39.376
58.401
33.492
27.831
28.789
71.152
37.377
32.697
33.499
29.996
38.93
34.418
71.51
37.449
36.88
51.543
42.311
29.365
35.031
103.113
55.915
42.489
32.148
36.894
39.728
52.267
55.101
32.482
31.641
31.389
33.627
35.7
40.274
59.051
37.991
53.141
68.793
48.651
37.016
44.052
55.655
44.708
35.371
64.304
55.11
40.459
43.016
36.804
44.686
30.578
62.923
54.844
30.64
42.242
27.851
89.502
53.682
33.561
27.57
38.649
38.486
40.994
42.717
34.596
40.542
61.573
34.26
53.234
41.522
37.401
44.896
62.717
76.384
87.038
65.92
60.558
39.931
46.734
37.016
46.679
34.844
66.229
48.167
51.88
93.369
35.025
34
65.488
33.89
32.292
76.466
36.297
30.673
45.499
33.273
74.484
30.618
35.275
60.715
58.021
48.708
36.654
44.996
52.027
66.713
39.801
28.844
40.258
33.918
33.003
35.406
38.42
32.091
69.294
45.924
36.784
39.592
33.643
43.36
32.249
33.876
33.307
26.152
37.024
32.782
36.42
43.998
28.27
33.657
34.288
34.404
42.75
39.082
31.016
67.723
48.297
36.928
50.728
100.13
67.301
28.734
38.532
62.618
36.935
70.537
40.651
40.304
53.968
37.97
35.077
39.801
44.889
29.167
35.234
39.398
47.667
43.751
36.153
43.127
26.44
35.186
47.365
37.531
36.791
58.679
58.281
53.598
32.016
52.171
37.482
38.574
36.462
38.464
29.589
37.895
32.022
27.774
40.754
68.471
36.016
56.704
52.016
35.22
35.728
68.766
61.511
37.97
54.728
37.058
34.132
44.375
27.734
43.977
57.68
39.636
35.168
41.467
48.955
44.615
27.152
34.788
59.668
31.819
33.303
29.099
37.593
34.963
59.901
45.252
36.283
38.114
36.688
43.319
36.042
43.425
62.635
34.98
59.611
28.728
42.756
27.815
39.273
61.704
35.104
29.077
37.62
117.48
35.508
29.825
69.739
53.427
44.142
35.172
42.318
36.263
37.751
35.467
41.927
27.613
34.672
33.246
32.31
37.648
36.736
45.767
76.517
35.426
27.903
60.914
44.304
46.288
55.016
31.833
50.464
62.538
34.728
39.609
42.811
33.728
42.363
53.899
31.958
36.53
60.647
32.304
40.706
39.728
32.42
64.137
31.682
35.44
34.027
35.556
36.372
33.232
34.855
40.548
33.465
37.489
41.81
46.177
68.327
30.791
33.129
53.022
37.36
56.396
39.019
34.398
52.507
90.401
35.652
33.26
58.569
46.857
34.631
58.576
53.892
40.123
62.868
45.499
55.996
57.959
51.561
33.163
37.394
45.249
26.152
47.796
29.594
45.513
76.853
58.144
65.632
49.537
37.196
42.606
34.151
32.016
35.296
57.355
36.558
48.365
33.417
28.851
37.476
48.736
33.252
33.262
39.304
35.94
30.807
35.371
35.831
48.003
27.789
43.662
58.007
40.102
55.038
34.728
45.211
38.642
38.016
36.187
29.046
75.732
78.42
43.394
38.196
89.48
35.946
31.456
66.968
35.719
38.944
33.141
38.579
37.003
27.086
31.463
46.574
37.408
54.667
26.44
43.984
42.9
36.331
35.132
84.619
47.594
56.793
26.377
34.281
38.132
32.836
38.512
40.134
65.714
36.44
35.659
40.061
50.464
42.352
31.077
44.354
36.756
35.501
43.779
112.761
28.81
33.335
27.383
49.394
40.529
39.225
61.56
49.113
47.79
47.344
37.621
32.032
30.201
66.284
34.034
86.744
50.779
53.194
40.746
37.353
57.662
34.727
34.807
76.329
39.931
28.44
51.191
26.339
34.507
45.767
34.132
51.369
32.971
40.802
38.861
39.664
61.304
35.666
80.462
36.468
43.613
32.139
34.301
41.618
35.22
34.651
39.029
75.225
73.717
46.174
42.941
31.319
33.091
36.201
30.065
34.775
27.781
49.805
28.926
39.465
38.896
43.886
98.498
37.586
31.508
61.017
45.016
50.162
37.936
37.282
37.709
43.016
60.798
59.714
30.728
53.659
52.919
52.31
36.921
33.437
29.728
38.183
46.699
68.073
64.075
48.249
43.412
35.301
36.537
40.939
37.456
47.304
33.801
74.203
34.205
36.722
80.21
46.727
42.557
39.482
63.931
50.744
38.848
81.307
46.967
36.455
42.4
48.516
31.222
111.719
61.88
56.121
55.475
51.095
39.383
45.156
32.304
56.244
77.961
31.695
45.506
34.212
34.48
37.853
57.708
27.385
34.713
37.229
42.317
46.891
45.728
47.351
39.158
37.696
46.989
39.012
33.379
39.643
40.696
51.417
37.726
33.705
32.016
42.221
45.767
29.932
42.969
39.992
41.365
36.057
32.396
41.488
64.913
40.404
37.092
38.58
26.337
29.132
44.868
47.304
54.756
27.563
62.244
51.201
45.218
34.174
32.135
43.034
34.48
36.086
38.882
63.17
33.458
41.289
46.875
46.377
62.265
56.304
33.239
30.098
32.537
39.129
40.788
71.37
32.676
32.915
37.132
36.393
43.538
35.844
78.577
31.14
54.728
35.714
30.673
29.077
83.316
41.016
36.804
60.064
40.466
34.925
37.099
43.653
38.073
76.761
35.789
44.135
31.106
35.851
40.48
40.253
32.141
35.687
47.975
38.491
48.379
28.844
43.524
36.332
45.869
57.132
93.472
40.96
35.933
33.132
44.107
35.728
37.024
42.592
91.998
48.194
34.685
61.777
63.225
35.659
30.865
38.69
66.064
32.844
59.666
46.846
92.526
28.728
34.963
35.385
40.167
60.187
35.447
27.234
49.62
41.851
55.317
39.396
72.256
35.344
32.546
33.691
37.016
33.293
46.389
45.225
34.953
39.477
40.041
54.919
64.672
51.95
47.645
31.558
33.553
67.476
47.041
33.307
31.016
43.386
39.252
48.789
44.702
38.34
41.304
71.885
62.402
34.016
56.744
40.576
68.075
58.349
36.694
57.211
42.756
38.244
34.761
33.677
33.28
45.836
39.88
35.453
32.998
33.458
40.432
35.577
36.55
40.775
40.267
34.384
40.101
47.186
34.445
35.933
35.193
27.728
31.906
44.224
50.318
44.194
40.912
40.539
33.314
41.17
49.716
75.376
31.803
33.321
39.952
35.675
55.497
27.563
52.729
69.499
33.444
40.246
70.706
49.304
64.453
37.737
56.368
29.077
45.856
37.251
31.203
38.944
32.053
55.689
32.796
29.92
42.379
73.16
31.524
39.526
126.558
37.017
29.132
32.304
40.048
33.106
34.678
33.766
79.045
30.454
68.19
31.428
40.021
94.909
34.459
51.795
32.283
29.433
74.565
31.734
38.121
37.165
30.694
33.554
77.194
27.67
32.073
32.018
32.992
36.537
48.482
174.427
32.429
44.717
29.022
40.377
31.631
33.979
74.724
31.865
41.513
52.212
79.638
44.886
78.557
40.788
33.362
36.221
38.31
45.938
31.483
47.249
36.304
40.342
34.877
34.459
29.165
30.976
31.092
45.15
39.952
43.031
59.782
36.805
29.042
31.728
46.865
31.558
37.801
48.304
71.174
30.42
52.262
64.651
35.958
32.882
47.389
28.37
34.658
89.252
42.146
66.605
61.236
31.353
56.841
61.365
32.443
54.682
40.617
39.533
33.136
37.881
35.254
33.828
26.385
33.088
29.556
32.673
36.976
39.016
80.635
30.994
60.046
33.78
63.04
42.385
36.413
63.958
30.304
41.789
33.677
45.653
53.851
55.541
45.396
76.698
28.572
31.284
55.946
43.401
35.249
29.319
171.918
51.31
40.377
31.408
71.81
67.298
32.598
36.729
37.132
35.286
31.36
61.819
58.336
37.31
34.109
33.883
30.844
46
28.961
37.716
32.365
38.176
43.365
36.921
47.425
41.666
27.998
59.954
76.013
29.44
46.987
38.06
29.789
95.627
32.649
29.743
33.622
32.016
65.11
45.728
56.313
102.201
41.974
41.234
27.165
32.779
48.429
31.225
35.467
37.17
34.041
39.3
37.531
71.067
70.562
39.993
69.216
57.252
27.873
71.083
74.618
34
28.106
55.202
43.137
56.004
68.625
50.121
35.899
35.494
33.958
38.868
30.789
50.353
40.185
30.44
84.53
74.875
35.016
29.728
33.849
33.965
36.132
38.368
35.056
36.029
48.317
56.662
65.418
58.836
50.841
61.867
45.355
43.757
42.674
53.419
48.855
44.88
35.878
38.515
34.281
40.054
27.673
60.228
34.304
73.716
90.119
79.554
43.606
36.694
30.728
34.068
104.244
34.87
35.501
48.304
43.08
35.906
30.844
34.137
50.882
30.734
37.113
43.159
37.572
40.089
39.005
33.016
35.693
32.304
37.696
32.326
37.414
98.56
31.194
32.162
53.021
34.795
36.454
73.381
48.914
29.955
78.32
34.116
45.671
34.061
38.121
35.323
45.948
37.154
46.407
59.899
62.534
46.473
39.82
68.361
61.963
48.708
64.88
48.139
36.255
43.058
40.858
61.86
37.844
36.091
37.103
44.779
43.695
67.469
35.7
35.132
74.731
57.334
32.163
42.105
34.994
61.078
30.858
51.805
56.738
28.95
50.34
102.61
35.028
37.887
38.674
45.598
50.861
39.543
90.406
36.523
37.668
48.465
34.699
40.644
38.189
31.194
34.363
27.767
37.394
71.506
40.425
33.855
47.343
30.728
30.556
38.889
34.444
44.491
47.062
27.875
69.122
32.779
44.277
34.953
44.394
34.726
35.357
38.217
34.333
56.825
57.362
54.507
38.621
27.709
33.938
60.283
27.728
36.914
35.83
31.899
34.918
26.706
43.263
30.594
39.094
41.339
63.725
26.541
53.899
43.801
42.873
36.889
42.132
43.106
38.016
36.022
48.139
32.313
40.143
37.003
42.948
43.75
37.181
35.44
36.955
43.586
34.844
39.074
30.789
52.39
37.25
85.436
40.795
45.369
37.428
40.016
73.888
35.846
35.775
30.728
61.435
51.012
98.409
39.897
30.563
36.413
69.958
40.561
33.732
30.906
37.106
80.908
45.965
41.967
39.42
27.444
51.855
49.994
40.658
30.728
34.774
32.728
60.605
36.207
63.581
45.869
33.016
43.365
41.871
31.022
63.588
34.475
106.048
34.42
59.193
37.622
43.881
36.797
31.948
39.485
28.807
36.859
52.747
67.778
34.809
41.097
29.627
57.499
27.343
39.444
33.389
68.82
37.394
36.653
44.484
56.429
44.717
72.605
34.249
51.465
37.941
84.251
54.153
35.51
26.152
60.612
31.646
41.7
63.759
55.284
47.42
37.819
38.793
69.423
32.304
38.34
100.908
40.342
44.402
46.233
32.51
50.635
31.503
38.284
42.523
78.982
36.07
39.615
34.304
38.875
30.477
36.249
68.251
26.44
45.225
43.185
34.132
70.37
57.737
26.152
38.772
52.431
62.148
45.636
26.618
97.01
39.012
40.051
67.401
45.643
41.817
39.362
38.278
56.909
72.797
43.428
36.479
42.859
53.701
36.633
42.675
50.463
39.951
38.354
35.042
44.758
84.086
45.903
36.42
42.537
41.11
38.141
97.86
38.258
38.374
39.691
34.728
33.979
37.416
37.524
32.561
29.132
49.126
40.304
61.243
45.931
37.099
62.505
40.473
37.25
40.075
59.138
47.254
45.451
44.457
33.739
52.802
40.233
47.42
40.178
36.908
40.123
45.961
82.582
103.27
30.967
38.758
47.708
32.249
42.646
54.934
59.016
36.879
56.561
65.625
27.44
52.37
42.201
65.46
41.405
41.007
39.41
40.898
49.243
32.016
44.902
26.818
41.419
33.449
39.65
42.681
39.369
39.314
86.402
29.556
35.775
37.598
38.292
31.886
85.894
44.174
42.468
41.72
38.642
34.589
48.015
49.62
36.132
27.796
61.106
40.822
43.255
42.653
54.941
43.42
62.737
42.029
45.251
79.174
34.504
69.862
64.733
38.093
33.016
47.124
32.275
36.098
47.871
37.587
45.88
35.474
51.831
72.619
75.605
35.707
32.728
38.223
73.311
26.44
44.971
26.44
70.63
42.461
40.349
52.592
40.294
108.432
28.961
43.668
28.844
46.013
31.875
44.758
78.475
86.649
38.936
35.679
36.653
27.44
49.682
44.655
46.829
80.031
41.653
39.519
50.684
47.522
33.728
46.267
48.612
48.728
57.646
37.765
103.702
70.42
39.876
35.803
60.221
36.579
38.395
37.553
67.14
45.722
30.983
44.285
31.953
47.386
40.287
35.728
47.947
39.149
65.837
50.696
34.016
45.327
38.072
36.213
34.451
39.046
55.304
31.139
53.563
37.44
67.394
46.253
68.998
46.658
45.882
83.631
45.998
69.519
57.601
49.579
31.66
38.895
52.52
44.669
29.493
38.443
29.267
51.931
39.498
69.686
51.533
38.964
28.556
44.738
45.368
48.304
34.317
44.628
42.516
54.456
46.404
32.084
37.949
44.923
36.296
39.67
65.501
44.018
45.31
72.591
34.479
66.032
85.853
29.634
35.741
32.132
53.168
51.286
33.106
77.631
55.365
37.291
35.179
31.44
37.01
44.498
42.708
31.556
51.471
36.44
41.816
26.961
35.762
83.484
37.421
83.823
43.483
44.941
51.999
35.83
40.404
43.435
37.38
33.039
38.984
49.113
37.901
43.16
46.191
44.079
43.51
32.249
45.728
38.655
33.286
34.249
29.132
77.46
46.049
70.719
28.679
45.293
52.61
74.841
40.5
27.673
44.731
43.133
32.45
34.966
36.111
37.256
33.728
46.63
42.118
39.835
38.066
33.725
38.299
64.987
37.332
36.42
49.924
68.88
41.336
54.669
37.853
33.17
54.88
36.886
27.44
45.403
36.948
26.501
39.728
42.379
34.332
53.084
39.238
114.269
30.961
67.243
47.645
44.333
44.278
30.728
37.538
33.368
76.344
39.906
67.942
41.132
41.659
38.347
30.728
47.206
67.723
47.954
71.168
37.27
39.249
66.701
46.589
62.648
60.42
35.44
45.965
67.222
50.196
37.57
30.728
41.912
32.57
34.829
39.844
39.917
51.31
61.634
62.95
51.581
50.498
65.996
41.7
37.141
51.588
30.915
49.304
36.221
45.938
35.563
39.026
40.685
45.43
40.918
28.596
37.606
68.066
60.372
37.496
100.089
32.913
58.184
46.377
40.058
43.73
43.432
42.818
37.963
70.479
36.255
42.824
48.715
46.027
31.86
70.143
57.825
40.946
40.034
45.636
61.01
28.728
35.24
33.016
44.957
39.245
39.019
41.878
34.795
38.508
41.94
69.032
38.113
29.205
33.941
54.859
57.744
46.915
40.918
45.835
41.151
40.016
39.725
73.27
35.789
58.13
55.675
28.484
98.306
35.458
95.851
40.974
64.939
27.084
45.17
30.458
39.629
34.537
36.831
52.891
34.732
39.807
41.295
41.79
37.126
84.961
75.986
59.084
61.304
90.502
30.844
43.647
36.275
48.735
39.649
40.109
31.194
45.883
26.682
78.228
34.341
37.03
73.218
40.747
39.149
35.501
38.065
57.941
33.382
41.041
39.708
38.46
40.472
61.377
71.789
51.722
44.305
36.536
36.996
35.728
86.998
33.629
52.603
60.776
56.592
33.293
51.908
37.352
32.653
44.84
81.128
56.598
44.388
76.047
38.107
63.763
39.252
42.708
36.283
37.771
60.859
65.947
79.435
80.408
50.525
75.005
32.984
44.587
37.132
36.817
31.618
35.905
36.486
43.565
40.711
45.224
57.417
44.998
35.844
46.592
42.029
38.018
65.46
70.02
36.433
29.851
53.35
41.11
35.295
29.741
37.812
68.937
35.7
30.825
44.388
31.251
59.59
37.249
74.101
32.223
36.968
44.396
43.428
40.973
39.189
44.689
35.035
63.608
41.414
44.182
101.703
52.356
36.872
32.016
43.846
36.844
33.505
45.181
40.389
65.679
69.126
58.081
86.799
40.541
34.304
59.515
31.849
37.345
35.405
40.084
48.377
61.921
34.201
44.552
30.717
64.188
59.069
36.9
33.073
50.676
40.449
41.364
28.44
38.395
74.032
40.385
43.14
26.491
36.216
35.371
31.201
95.775
42.063
34.304
61.723
37.839
48.927
49.948
60.701
58.805
30.475
34.02
44.765
50.489
69.739
32.475
33.169
43.693
32.6
36.244
64.21
82.431
31.412
47.062
37.186
35.864
39.359
26.508
32.895
61.983
35.728
62.614
39.304
31.188
49.787
49.99
42.392
33.766
61.304
49.311
69.82
44.628
41.316
53.261
35.728
37.435
27.44
67.216
41.837
49.392
63.211
61.165
35.041
48.467
44.072
36.989
42.077
33.108
47.967
34.712
60.372
46.946
42.715
61.345
45.519
48.776
76.836
50.677
34.781
42.269
38.218
36.9
42.365
31.188
81.225
32.622
34.561
28.967
33.649
30.44
37.656
48.166
26.613
60.454
134.979
38.799
32.581
45.773
34.722
71.098
41.947
28.186
34.863
32.065
48.22
38.132
45.896
27.422
38.127
32.194
59.42
36.872
41.568
39.822
38.189
35.684
36.763
52.772
36.022
35.06
62.71
32.262
36.427
37.016
59.172
51.563
33.574
34.548
30.967
45.728
88.836
61.77
42.667
76.977
37.058
43.126
69.379
36.557
41.21
33.931
32.583
73.304
31.157
45.915
34.849
30.759
71.48
46.965
44.168
46.225
35.885
47.713
52.116
58.629
43.147
36.063
60.523
37.496
35.727
36.368
57.615
37.16
31.728
42.077
50.765
55.304
34.081
41.227
57.058
71.51
35.686
32.728
47.803
32.158
34.205
29.187
49.921
31.44
43.524
38.154
37.132
35.014
43.016
92.504
36.728
39.821
56.909
41.94
32.799
40.016
44.029
34.973
37.598
27.689
114.632
57.977
32.292
26.527
95.636
36.008
58.724
95.611
37.926
41.213
55.108
57.243
41.672
34.31
66.102
36.646
38.198
32.305
69.858
34.65
27.556
30.132
34.081
37.449
98.141
75.794
37.914
34.774
37.919
34.89
33.464
34.952
52.383
34.5
47.131
62.269
57.19
52.271
70.579
39.306
31.781
35.309
67.386
33.025
29.844
34.685
68.346
35.487
57.304
46.575
42.577
39.608
36.81
32.984
32.728
84.015
29.789
69.163
36.728
41.165
27.587
45.91
34.026
94.657
44.592
40.355
34.26
32.319
84.436
41.693
31.016
34.609
33.697
81.814
33.93
59.247
31.592
37.537
53.708
58.225
35.885
40.63
68.456
44.289
40.061
27.086
51.789
37.263
53.774
34.465
27.152
33.553
37.005
34.698
32.836
59.785
36.015
26.442
31.616
34.932
36.158
29.734
33.108
29.215
34.746
68.196
55.389
34.884
36.741
33.8
41.631
63.862
38.778
33.924
54.612
34.671
36.796
38.559
63.018
50.693
40.561
37.096
42.392
57.937
41.254
59.51
62.113
55.016
32.573
57.546
31.263
33.78
32.132
43.451
31.496
33.841
53.844
31.674
34.31
31.62
38.936
40.229
46.592
62.196
32.312
47.825
74.429
39.728
38.545
54.433
32.043
50.778
28.952
33.526
46.119
26.556
54.385
31.322
63.073
59.038
59.641
40.904
55.471
27.821
29.994
33.016
42.625
40.504
78.228
27.763
35.487
37.137
32.518
44.796
32.977
55.722
34.582
57.156
33.532
39.786
28.728
57.3
36.474
59.734
43.708
40.993
37.44
44.367
39.341
37.132
48.714
38.888
34.033
35.521
66.058
40.609
41.583
35.357
35.13
32.504
48.564
57.592
34.452
35.768
28.734
62.456
30.44
60.113
33.258
33.375
31.777
33.78
53.782
33.156
103.901
40.396
54.303
76.684
64.02
48.536
41.66
63.396
30.941
40.304
43.229
38.202
30.44
34.719
31.407
46.401
41.295
59.069
28.728
39.985
34.102
29.734
33.361
52.994
62.964
31.537
56.653
33.025
43.146
35.885
75.86
42.173
35.862
40.061
31.092
34.122
42.982
54.242
34.184
29.158
27.858
73.044
49.161
49.503
55.62
59.679
39.708
47.624
31.728
60.426
28.728
31.914
38.202
33.69
54.132
32.016
50.607
43.106
37.695
42.022
37.126
36.728
53.82
29.699
28.051
42.33
61.818
64.506
26.165
83.137
40.054
32.627
38.058
48.732
34.404
80.563
36.063
62.508
42.008
33.653
34.753
60.339
65.213
62.684
29.501
36.44
29.274
44.42
75.128
152.134
34.787
38.936
32.846
35.967
35.02
41.763
48.941
51.358
32.943
35.288
34.708
60.948
43.401
32.607
49.352
42.546
63.697
42.537
80.614
67.53
50.161
30.194
39.728
37.078
54.42
53.137
35.254
43.599
35.315
46.746
83.32
39.149
54.694
43.496
34.304
33.67
37.386
52.818
35.103
32.648
45.622
32.71
60.161
38.312
39.363
35.514
32.545
30.57
52.418
48.605
29.35
30.323
27.44
31.983
56.1
36.44
36.33
33.361
31.556
37.763
35.787
42.68
36.761
48.111
35.506
39.304
30.399
33.249
42.001
59.946
44.634
34.465
49.496
58.527
43.558
32.874
29.906
47.905
47.337
60.193
30.62
43.339
34.767
32.279
34.198
44.257
30.728
56.545
42.455
50.662
66.55
27.739
39.238
71.412
59.357
40.787
27.844
42.275
57.478
75.08
67.422
34.054
35.199
52.456
42.344
31.829
45.375
26.974
33.149
31.44
42.179
36.185
38.01
28.244
36.241
43.386
44.703
73.704
66.42
30.791
43.016
74.593
43.594
42.016
43.167
54.646
38.998
59.319
51.971
37.15
43.517
47.21
37.29
57.612
43.921
26.618
37.523
43.469
53.304
71.996
36.557
43.873
63.456
52.047
42.735
34.28
45.31
37.825
80.862
57.827
38.636
28.44
70.63
35.775
52.537
43.777
41.151
27.268
52.753
52.044
42.755
34.472
30.679
43.16
28.728
36.762
32.765
34.595
55.88
42.537
36.941
68.772
65.616
35.117
29.728
49.976
37.578
59.981
36.954
42.385
28.556
30.844
38.387
43.133
29.937
39.992
44.223
51.197
41.304
36.913
42.173
40.575
73.534
35.891
31.016
44.237
38.182
31.016
62.813
43.729
48.88
45.56
27.62
67.277
38.765
38.024
28.961
107.398
30.844
65
33.018
51.849
38.545
26.44
36.433
42.035
51.31
48.323
50.326
45.814
34.906
28.86
71.816
34.561
42.735
30.961
37.023
27.649
40.88
43.482
38.285
50.23
59.568
38.346
44.084
35.72
41.494
42.029
30.728
41.61
37.346
60.584
80.244
59.008
47.103
37.353
39.505
27.44
56.051
45.622
31.653
37.167
72.426
35.728
38.943
52.13
34.602
69.69
36.207
50.895
46.554
32.07
42.557
31.501
31.187
40.018
57.875
47.878
64.28
57.787
31.077
52.225
42.508
52.856
52.396
33.773
49.661
71.996
41.72
32.016
33.437
27.486
42.982
48.07
60.186
35.016
32.017
38.991
100.136
48.31
46.198
50.429
39.574
31.343
43.976
38.264
51.066
39.592
40.97
40.383
32.679
36.286
42.557
46.168
44.902
59.484
33.728
68.847
36.392
27.589
35.309
63.401
44.168
52.717
56.799
29.005
44.884
36.687
43.661
104.32
34.177
48.179
38.01
61.016
54.517
34.698
34.643
31.789
70.074
63.334
80.765
56.168
36.31
44.998
33.051
47.171
38.545
39.519
121.074
48.721
49.882
36.666
37.313
37.297
41.029
36.042
38.216
35.761
43.865
60.735
41.238
37.88
104.172
33.829
49.139
31.249
120.228
44.88
36.515
45.992
56.825
66.632
55.263
56.058
42.179
69.689
49.667
35.041
43.215
43.16
37.619
27.44
40.822
41.761
31.852
43.427
41.055
35.682
38.6
42.831
83.405
28.44
62.264
37.128
35.809
54.044
36.954
58.157
39.304
125.473
48.708
122.847
34.304
35.535
28.915
44.737
53.203
87.025
41.319
33.313
28.407
42.001
62.332
40.918
29.728
40.863
51.331
70.816
45.779
35.61
35.913
44.812
39.801
37.043
40.728
45.903
39.473
39.162
56.046
40.65
38.024
49.592
63.512
26.394
68.771
63.539
55.36
43.859
37.255
46.719
54.378
31.317
36.152
37.983
36.899
59.816
44.577
62.284
36.618
35.878
42.132
38.605
44.908
34.265
43.139
58.21
39.142
37.544
26.556
86.572
40.232
40.348
45.818
39.265
32.392
37.324
46.355
45.958
61.503
38.305
38.079
38.195
32.728
40.026
36.714
32.016
55.516
59.844
37.804
39.978
43.42
72.323
38.249
46.383
51.814
35.016
53.482
37.702
27.761
55.998
52.904
55.134
30.401
34.163
48.051
64.317
69.594
32.91
38.339
66.742
51.898
37.887
28.728
39.546
37.073
39.32
43.016
40.979
58.218
37.496
56.014
33.82
39.841
30.844
37.215
52.113
36.474
51.977
32.343
47.734
43.586
44.593
40.445
35.281
37.016
54.619
44.826
39.286
48.316
26.44
32.49
38.084
35.35
29.44
44.201
35.123
72.603
34.554
32.091
35.528
32.55
65.644
26.324
34.561
30.392
37.44
32.021
35.651
31.213
33.368
56.016
41.542
48.418
41.487
37.489
33.663
27.844
44.579
46.582
45.592
33.327
59.653
44.929
32.17
65.103
29.029
86.819
35.336
29.077
39.91
27.822
35.74
69.8
35.459
59.747
51.807
39.58
31.556
28.554
36.016
28.027
52.328
30.886
82.273
60.489
28.39
68.825
34.849
44.394
31.996
32.799
29.658
38.346
59.891
38.579
38.01
36.241
37.132
31.215
38.363
58.168
34.246
61.791
34.65
50.024
30.426
66.028
66.42
62.031
46.719
39.728
28.321
59.558
88.266
35.44
27.44
33.526
55.67
45.77
58.671
32.301
32.044
41.846
31.475
34.42
31.42
35.222
34.623
51.653
33.368
32.365
43.541
31.599
65.086
36.344
34.844
54.06
32.003
29.319
30.577
45.265
57.482
33.382
32.812
56.356
38.929
30.303
52.739
35.905
33.622
33.738
45.056
27.275
31.626
63.114
64.945
57.249
53.651
37.462
63.022
34.664
124.308
30.556
31.695
29.796
45.011
57.88
45.985
33.587
32.304
44.675
51.708
55.592
59.882
41.308
55.541
34.396
33.656
30.42
36.172
28.44
49.908
43.489
26.71
32.291
53.537
37.722
29.267
27.906
39.077
65.384
33.508
33.272
31.331
47.219
29.495
57.462
35.016
30.844
44.825
57.592
55.989
44.108
79.994
40.728
38.53
31.103
53.88
34.016
39.855
26.44
39.016
36.561
35.734
51.88
40.62
68.68
56.768
32.11
30.341
32.858
63.798
40.304
33.489
37.377
29.779
39.495
60.537
56.412
57.592
51.386
33.016
52.908
30.759
31.905
30.255
39.05
42.081
47.592
37.054
40.482
30.657
29.693
31.116
32.09
56.291
57.235
31.036
34.551
31.561
57.64
36.134
30.499
48.88
60.937
59.587
31.339
46.161
27.855
53.82
30.728
47.251
31.767
36.341
76.17
42.458
27.831
36.873
35.491
54.979
38.124
52.198
77.841
27.214
43.867
32.474
47.583
51.962
38.021
29.161
68.138
30.851
42.543
34.91
28.513
37.201
27.844
31.831
33.319
42.304
37.379
31.106
36.124
30.194
30.926
37.51
56.414
35.055
53.445
26.429
32.819
45.513
43.221
37.073
37.132
40.766
27.796
43.283
31.303
49.513
47.171
29.191
42.145
39.304
51.861
57.978
47.66
31.351
31.016
31.982
32.194
52.646
34.842
27.728
35.449
39.415
40.358
38.137
32.332
42.361
43.567
56.106
64.42
52.255
37.708
39.71
42.021
36.227
40.825
38.401
32.346
30.728
41.205
30.693
65.953
35.789
37.783
27.849
70.3
29.44
30.728
52.88
45.244
34.996
61.646
42.734
38.475
32.908
36.877
71.383
54.625
38.97
30.077
27.57
43.544
53.537
86.174
32.291
35.363
61.036
38.524
54.584
55.386
28.734
30.858
57.902
30.933
44.593
32.366
28.728
35.397
34.728
31.399
32.545
35.016
31.29
36.378
41.592
33.066
31.297
30.556
29.022
48.844
35.761
31.077
39.251
41.708
30.453
74.739
31.77
33.772
42.592
63.717
44.249
44.12
30.007
33.038
40.526
35.825
85.043
102.76
63.388
67.168
94.876
40.478
55.509
95.702
27.683
33.419
31.742
54.998
50.88
34.43
35.401
31.804
45.825
44.778
28.728
39.992
46.78
47.474
44.394
102.611
41.596
42.213
49.304
27.313
40.787
32.572
73.475
34.917
39.477
35.974
33.422
47.77
35.425
74.456
44.058
32.728
31.66
32.501
33.662
28.293
30.981
38.641
31.844
36.529
31.331
56.476
42.592
36.364
31.084
39.909
42.083
34.314
37.194
39.402
56.51
30.09
32.284
38.778
33.728
43.163
32.132
30.877
32.365
30.425
41.674
31.913
42.955
39.572
39.471
37.763
56.832
30.674
71.682
31.405
34.779
37.458
60.781
33.126
28.961
30.5
45.877
29.245
38.962
52.181
30.335
78.966
29.197
30.514
38.002
33.49
29.556
54.993
35.492
31.44
28.751
67.268
37.042
31.734
29.444
38.303
57.537
31.906
33.908
26.152
36.939
44.016
30.198
31.515
30.089
37.062
32.893
62.153
33.298
28.913
41.986
34.388
44.598
29.362
40.158
41.135
35.746
33.881
32.454
30.171
31.83
34.861
28.292
59.266
32.639
64.128
68.051
34.244
42.653
55.789
29.187
27.44
42.191
59.646
33.565
32.825
28.484
36.829
44.66
47.598
33.016
32.091
31.693
38.495
34.139
78.898
41.304
40.614
31.304
44.677
63.188
30.051
33.305
48.427
33.25
43.304
40.658
58.738
30.397
32.399
39.887
57.147
49.378
66.88
40.066
40.697
42.699
31.33
36.867
38.77
37.446
60.192
49.304
47.279
36.728
33.167
32.201
36.198
43.858
35.596
48.603
65.989
43.405
33.579
33.181
57.695
32.098
43.7
35.931
33.647
37.132
33.764
40.052
32.111
36.342
34.573
35.728
34.347
35.728
40.635
39.728
58.88
44.18
42.239
34.396
45.956
35.713
71.958
29.315
35.903
39.889
37.563
33.051
32.728
32.653
45.97
70.168
35.728
69.744
63.77
33.016
32.66
29.675
47.177
51.563
42.836
34.194
54.953
30.383
30.899
33.586
32.502
68.105
64.793
68.509
35.673
60.054
38.016
40.285
31.961
37.487
38.077
39.147
43.434
62.728
39.778
30.007
34.044
36.637
32.961
30.411
40.127
26.391
29.958
105.093
34.361
73.324
41.677
37.612
33.051
34.882
30.741
27.282
45.113
53.627
40.601
35.231
37.748
36.836
91.032
31.467
76.284
33.641
31.186
38.845
41.019
32.304
36.967
67.707
106.738
43.083
33.085
47.259
51.661
53.561
33.263
34.409
35.725
36.304
31.727
28.534
77.291
55.501
43.789
40.82
40.594
29.396
38.941
29.44
33.401
39.842
34.717
55.558
34.491
45.904
82.265
29.067
84.71
57.298
65.456
32.9
32.845
41.362
35.65
30.851
125.424
43.94
65.314
52.23
39.833
30.728
37.892
37.187
40.172
34.751
26.503
31.889
38.125
32.927
30.084
47.787
26.805
42.246
85.049
41.592
35.451
41.225
34.141
69.743
32.66
32.543
56.777
26.489
34.728
104.55
63.291
48.558
40.038
32.269
37.603
58.55
35.129
42.038
32.674
67.933
55.674
68.393
32.844
32.681
36.054
32.016
35.142
39.304
36.234
41.602
42.522
38.633
37.035
63.113
55.794
38.18
53.168
28.011
89.456
56.927
50.144
35.787
32.722
30.374
47.046
26.667
57.748
30.363
45.469
58.893
35.794
29.053
38.489
38.084
31.577
40.01
103.515
26.44
46.777
37.482
39.728
31.273
55.689
107.544
37.016
31.646
29.728
29.556
37.605
35.789
32.31
37.62
69.794
38.262
42.996
32.893
50.484
30.194
40.144
47.968
69.746
38.484
68.772
32.889
31.961
132.777
33.293
44.618
34.267
57.168
72.269
32.77
37.844
30.729
31.188
30.789
30.105
36.818
55.078
31.277
93.841
32.738
61.565
55.386
28.911
31.51
30.571
43.798
89.412
31.202
26.518
32.016
29.558
26.501
65.846
31.789
61.016
31.22
42.787
26.537
30.44
32.099
37.016
30.844
43.989
89.498
48.882
26.277
46.622
28.451
34.225
35.768
39.728
50.456
43.304
30.858
35.877
31.961
39.715
53.113
40.174
28.44
42.601
44.234
36.636
62.893
38.638
66.526
29.271
29.045
30.705
30.884
40.764
39.572
59.052
34.311
40.016
64.6
34.016
36.087
61.747
33.921
46.284
33.694
35.556
75.201
32.097
31.73
34.86
40.442
27.187
34.427
74.104
30.943
55.763
58.106
65.174
72.794
63.232
33.234
36.053
29.998
67.482
33.029
59.592
27.44
78.232
46.42
55.003
31.906
68.32
48.822
49.236
29.225
73.398
77.286
69.003
63.291
40.016
44.379
35.846
51.291
32.324
30.836
68.941
94.841
40.258
55.014
62.592
45.86
30.788
46.333
29.478
28.858
39.881
61.597
26.44
32.057
45.66
58.613
38.002
39.262
46.901
44.29
62.865
36.006
29.609
30.411
54.517
46.873
37.213
29.273
32.807
30.418
28.741
31.734
64.251
51.906
41.803
30.939
35.234
61.056
42.144
38.21
40.139
32.317
38.262
64.436
37.295
37.016
29.589
32.746
41.192
33.377
31.537
45.322
27.782
33.196
31.598
42.767
42.686
37.11
37.489
39.906
29.719
44.75
43.016
41.737
33.21
31.396
27.498
62.243
34.931
67.276
31.221
38.372
37.852
29.563
71.397
49.737
95
57.402
35.404
66.165
33.978
36.151
55.867
59.068
35.44
37.592
41.013
53.728
39.415
42.304
44.332
29.049
30.391
29.679
56.737
29.132
35.596
34.341
27.728
39.398
70.115
35.572
75.203
27.618
47.86
31.948
30.728
27.919
33.779
59.816
39.553
28.012
38.414
35.289
68.017
30.762
39.734
33.107
60.937
40.844
34.081
29.911
30.885
33.728
107.459
38.833
30.541
29.178
37.515
56.894
91.456
55.289
33.182
29.013
31.015
42.708
60.104
79.592
30.851
39.196
101.37
30.556
41.486
31.358
43.873
40.231
67.646
41.548
28.44
59.363
46.979
45.699
32.695
31.269
36.529
57.217
44.504
32.819
31.249
27.673
39.278
50.44
34.766
28.44
36.597
42.592
55.31
32.942
29.027
81.402
36.858
40.375
43.749
33.237
33.182
31.789
54.213
31.563
63.587
64.218
87.649
61.88
30.815
68.682
30.055
37.22
30.858
58.08
87.522
34.403
37.067
46.005
46.122
34.41
27.765
51.841
30.967
67.653
50.586
26.455
27.902
54.59
33.964
32.709
39.255
81.169
32.077
40.657
45.916
63.777
39.304
30.775
37.187
32.778
34.879
80.037
95.456
33.525
32.785
71.592
49.53
36.728
39.308
35.932
31.015
36.734
40.389
41.479
38.139
56.51
30.57
41.592
50.658
26.794
26.26
44.139
42.662
28.722
32.728
34.153
32.158
70.827
151.968
29.801
29.746
38.605
41.807
38.11
35.238
50.734
28.669
33.071
40.016
31.131
41.019
31.673
65.88
38.564
45.709
30.054
54.88
29.485
32.286
32.002
39.946
31.09
72.977
27.606
72.294
52.011
30.734
31.556
36.851
63.901
38.818
26.934
33.737
56.996
26.611
38.598
32.016
91.108
56.596
31.728
40.416
42.539
30.075
45.732
53.627
31.049
32.829
29.965
44.603
29.91
37.844
38.941
34.249
82.772
42.774
59.282
31.919
58.592
37.693
34.21
30.212
37.365
29.643
64.284
35.417
56.132
29.19
32.132
45.728
37.878
32.763
29.081
32.626
31.82
39.728
30.514
32.451
46.187
69.888
27.789
37.261
55.506
42.253
26.556
29.789
29.17
52.601
49.974
61.748
29.673
73.965
49.88
30.789
72.025
85.482
74.62
28.255
36.055
32.394
26.152
43.708
30.44
30.556
34.304
30.728
40.444
43.589
34.365
44.675
37.568
29.706
39.613
72.473
40.728
32.44
57.456
52.113
51.401
54.88
70.168
34.425
29.679
28.798
40.058
56.913
35.728
35.33
39.796
32.189
44.88
54.313
54.077
60.601
32.937
38.71
66.168
39.592
37.284
63.603
33.458
33.548
34.431
74.491
39.728
39.808
65.81
43.201
39.526
56.517
38.957
37.874
45.876
30.564
52.624
34.31
51.883
74.394
44.027
27.485
28.116
40.061
33.492
35.728
32.961
28.644
47.592
54.646
30.728
30.591
99.244
29.337
57.132
33.361
38.62
46.455
86.394
31.482
36.056
61.886
40.746
37.249
39.662
40.016
30.522
37.153
43.955
36.014
27.673
33.559
47.965
28.989
40.533
36.306
39.793
31.28
32.195
51.512
32.942
57.916
30.261
53.534
56.949
27.937
39.066
47.425
38.497
39.998
32.099
67.592
33.244
44.482
36.961
28.132
31.591
73.537
62.853
27.44
26.97
43.328
34.629
35.603
33.834
33.194
40.42
31.207
40.022
61.838
37.612
27.385
63.272
104.816
33.559
32.133
30.44
45.621
31.166
35.054
52.765
40.657
29.556
36.145
38.49
36.378
45.886
33.237
35.925
72.168
54.728
31.655
39.244
30.743
35.246
46.289
35.02
43.834
41.137
31.084
31.996
42.227
33.998
51.086
52.06
57.592
36.919
34.249
40.293
35.267
40.355
56.205
33.1
34.722
32.874
40.705
42.708
35.85
38.025
56.881
34.369
32.085
35.459
46.792
31.029
34.718
32.606
32.132
103.694
73.811
61.365
56.613
34.615
32.161
39.77
32.106
58.451
42.282
45.222
28.513
73.625
34.115
70.656
54.906
48.289
28.948
35.016
38.291
33.607
56.065
37.667
37.016
58.184
27.44
33.786
39.194
61.16
27.44
32.133
30.642
33.793
51.44
87.224
28.711
28.485
54.919
31.859
32.922
40.106
31.975
33.553
36.035
35.637
93.805
82.058
44.325
29.356
44.215
32.016
38.675
81.601
29.706
55.879
29.44
41.939
96.684
34.513
37.201
66.941
32.689
37.249
40.348
40.108
60.35
30.81
42.434
46.183
33.443
36.803
35.274
66.577
72.762
38.764
36.652
73.003
65.867
95.912
27.862
40.999
38.016
34.773
34.718
56.016
53.304
42.035
31.961
44.849
66.323
94.134
72.954
48.994
64.282
31.07
43.358
43.038
53.932
82.926
105.134
32.643
50.484
31.365
37.058
41.082
31.095
35.027
33.429
56.689
34.691
30.994
110.065
46.882
30.467
35.684
42.482
34.183
38.029
37.627
34.643
33.003
35.172
32.017
47.974
26.44
53.905
32.078
67.987
35.281
32.997
39.114
54.145
39.004
38.482
33.978
51.284
41.637
33.525
34.225
43.585
40.273
30.556
46.304
43.304
32.791
28.965
38.339
53.198
32.915
28.728
34.06
39.148
27.33
32.75
34.482
29.095
26.812
30.014
27.765
35.102
61.996
67.962
32.113
50.078
31.679
37.681
41.397
41.342
68.416
53.973
27.915
30.261
53.174
27.806
32.209
40.13
29.754
42.304
70.932
32.613
42.934
72.33
80.937
41.761
56.71
49.3
32.62
62.556
32.394
42.132
31.31
59.084
73.277
36.055
46.172
35.851
34.458
63.946
30.803
33.034
40.348
50.807
40.465
50.653
33.553
32.255
29.383
63.957
33.388
31.249
33.333
55.456
50.764
58.441
87.909
28.54
33.285
35.287
31.118
45.978
31.728
36.323
27.829
34.382
85.546
31.413
84.673
46.846
68.332
32.596
33.82
59.822
32.427
41.939
60.304
43.592
31.941
35.486
29.431
40.592
35.377
31.55
38.01
33.592
31.955
50.508
76.986
31.845
36.933
32.078
48.481
32.255
53.537
37.283
29.844
33.007
32.085
53.116
40.375
39.493
29.692
54.01
31.844
46.094
29.098
32.475
38.154
63.843
76.156
27.274
31.358
101.276
30.741
32.503
29.074
37.201
37.934
50.962
32.394
47.939
53.88
38.284
29.368
52.458
32.003
35.44
66.062
44.579
31.556
27.895
27.728
31.441
53.987
31.043
64.759
30.556
34.19
42.42
56.25
37.166
38.483
38.016
67.742
32.716
32.318
34.492
59.456
31.875
57.923
30.791
34.585
35.88
49.444
53.332
32.906
30.673
56.631
31.034
39.893
27.152
30.753
34.297
48.698
30.728
30.471
31.629
37.132
61.06
26.337
34.091
39.255
30.458
61.227
60.232
26.152
28.772
30.862
30.13
54.88
36.075
32.367
28.82
35.932
29.965
44.613
39.134
36.425
35.13
29.308
54.37
27.532
73.139
38.886
31.42
34.341
35.231
29.315
48.361
39.634
43.66
55.677
64.436
33.353
42.643
52.498
32.131
65.129
41.304
68.588
32.331
38.387
40.561
48.392
30.165
55.543
29.939
33.794
72.741
38.477
40.458
30.708
50.517
44.653
29.684
38.016
29.44
33.743
28.527
39.86
39.016
38.262
26.275
55.522
34.844
34.62
51.194
26.796
60.513
29.086
28.86
51.88
27.262
100.853
30.807
59.816
65.656
29.895
40.046
32.069
60.643
35.728
31.274
57.31
37.905
65.793
31.281
33.454
60.828
88.748
39.173
27.789
26.947
30.134
73.692
57.508
31.809
36.196
34.497
30.556
38.727
45.304
38.844
63.934
27.475
39.879
32.049
36.451
41.348
40.853
31.37
31.143
63.407
36.403
34.291
45.379
41.21
35.556
45.783
27.728
32.014
54.587
31.959
28.99
32.016
35.45
85.966
66.026
43.728
30.44
35.084
31.772
42.42
59.844
31.394
67.225
29.625
43.855
37.284
43.88
45.93
28.734
33.308
32.053
33.027
50.801
58.117
26.275
35.846
33.548
36.065
38.77
30.01
32.012
60.586
34.016
56.572
44.074
74.284
51.537
61.333
32.65
33.109
28.769
63.592
49.8
44.065
33.459
35.61
32.547
33.728
30.949
45.501
67.409
29.503
39.925
42.649
36.099
33.016
42.216
40.446
38.132
40.392
30.394
34.077
71.996
32.886
31.313
62.286
40.016
43.032
28.818
31.491
39.049
44.636
36.765
64.296
48.882
30.728
95.955
48.414
30.874
33.733
51.996
31.44
35.564
27.785
29.681
49.188
31.304
29.454
27.876
62.314
41.345
31.861
39.521
32.266
40.016
27.728
33.582
33.527
37.758
39.739
27.932
31.477
39.994
30.167
58.056
36.844
37.598
39.315
32.743
28.631
34.405
34.016
96.065
44.924
35.955
61.744
62.643
27.44
28.817
50.185
70.076
53.221
45.365
58.996
35.681
31.596
26.541
31.34
40.113
32.844
48.942
29.772
43.246
31.23
37.175
31.446
51.178
71.236
68.437
31.868
39.306
44.113
48.613
31.415
30.503
35.077
70.462
66.051
30.304
114.704
30.853
34.741
29.501
65.201
28.761
33.089
33.728
58.234
32.636
26.165
46.077
49.038
64.537
31.669
32.986
70.474
40.762
33.022
41.653
39.85
36.538
30.728
51.88
27.911
39.31
42.257
73.573
32.375
57.864
65.523
31.525
43.299
30.558
66.161
46.68
56.849
43.843
33.651
43.445
34.625
37.733
63.027
56.592
84.572
35.789
41.317
36.634
31.844
35.036
48.524
30.983
61.137
32.3
34.592
44.074
31.965
39.905
36.593
29.166
33.569
29.399
37.402
30.49
90.092
39.294
30.756
33.754
56.156
30.679
48.387
27.385
32.903
27.501
37.477
101.708
61.996
35.825
34.398
56.077
49.601
31.031
32.728
47.091
43.436
41.255
43.21
61.132
48.298
37.249
33.843
73.537
43.559
28.91
38.876
38.135
47.338
28.877
66.311
37.565
41.571
71.016
40.939
33.63
56.204
32.598
33.521
39.572
57.637
39.925
41.413
32.101
31.361
50.098
56.849
35.472
33.308
63.188
58.11
39.653
80.341
31.772
38.027
32.917
48.291
32.807
38.016
30.867
32.304
34.532
39.555
42.706
35.043
35.451
32.074
46.59
30.99
48.25
33.281
39.911
70.028
38.259
36.31
39.918
28.884
46.378
32.266
30.728
31.868
43.873
71.413
31.906
33.644
44.194
38.218
37.249
47.077
35.651
49.422
28.44
31.025
45.185
31.141
32.286
58.631
55.482
28.062
40.179
35.44
36.181
37.841
59.9
55.731
37.304
33.39
37.132
31.793
44.423
33.911
48.257
64.592
33.116
29.565
66.994
37.518
53.016
80.149
49.237
37.315
32.554
41.927
38.194
33.301
35.57
30.846
28.734
48.394
53.653
40.913
65.029
33.431
27.844
32.005
69.629
38.979
32.238
63.041
26.556
29.9
26.673
56.417
37.418
61.792
32.533
55.394
35.221
31.728
41.338
60.14
32.053
71.057
53.592
35.002
69.137
38.033
27.618
35.921
47.866
32.896
39.304
49.47
43.018
37.02
35.015
31.649
35.475
26.268
51.137
45.363
36.853
40.508
42.339
50.341
58.858
31.728
32.746
42.201
36.291
32.016
110.203
38.464
85.618
41.153
36.983
62.365
42.243
31.731
54.133
43.621
84.093
33.623
36.14
60.428
32.773
33.918
71.812
32.32
36.022
56.951
65.468
32.132
40.213
29.871
31.587
61.934
52.103
43.763
32.677
93.937
33.479
59.728
27.728
40.282
27.787
32.17
63.732
57.486
54.42
36.346
34.479
44.005
52.082
33.836
74.581
41.304
56.698
27.877
34.871
56.794
31.902
37.084
39.596
31.162
27.258
52.346
35.392
39.889
34.995
39.568
47.914
32.944
53.77
35.118
36.949
30.44
32.608
30.728
46.954
44.156
46.672
27.44
33.589
30.47
33.534
35.708
38.016
28.132
33.253
26.534
83.255
71.163
37.258
37.031
41.304
49.662
39.728
34.734
28.179
27.268
49.849
32.581
55.451
68.869
66.071
34.645
46.187
48.99
69.104
34.878
45.966
40.42
34.254
35.914
33.844
54.691
48.544
62.932
46.775
51.22
42.263
33.98
59.728
38.554
44.67
34.672
48.332
59.763
47.763
47.022
27.152
38.567
54.798
41.139
108.247
41.543
56.06
30.634
34.693
27.728
46.046
105.267
65.901
31.077
33.726
27.594
31.957
34.304
33.728
37.559
35.282
33.844
34.419
26.827
40.475
31.621
46.249
33.795
27.387
36.826
32.828
37.059
38.032
32.663
74.786
41.694
26.388
81.582
31.99
51.013
130.158
71.592
58.446
40.391
40.844
38.965
33.075
41.824
31.277
37.998
72.058
43.203
34.234
33.322
33.438
39.898
29.851
37.614
40.537
44.196
34.816
39.304
31.455
42.304
37.191
41.735
32.766
33.568
34.028
71.629
37.059
37.42
46.09
31.249
77.063
47.18
48.794
33.239
61.304
40.899
50.444
36.846
41.42
28.086
42.736
71.574
64.796
39.541
76.858
43.546
34.748
46.007
43.016
27.446
42.695
61.334
46.412
40.022
46.528
28.996
32.537
35.674
35.619
59.907
59.056
35.166
55.016
37.683
26.556
35.399
29.679
32.33
37.744
70.904
35.632
33.178
69.113
41.866
55.182
40.203
36.099
35.691
36.73
88.989
42.332
48.306
35.42
37.622
41.513
39.479
30.658
59.482
42.627
58.592
40
110.822
34.46
49.225
37.427
36.291
31.728
48.058
60.579
40.81
35.955
39.728
33.328
34.131
34.247
29.735
43.504
40.48
54.304
45.054
36.934
36.085
40.479
42.716
39.365
30.832
44.016
34.035
40.151
34.439
50.499
34.33
34.446
36.963
34.851
35.653
88.051
31.827
37.596
32.8
43.541
44.403
52.743
33.034
72.574
39.836
35.44
38.234
30.524
84.808
49.669
50.986
47.159
49.676
53.728
42.592
64.436
41.509
29.016
34.768
34.967
28.44
73.971
33.459
35.975
73.284
34.892
38.258
77.523
37.517
51.411
29.062
72.784
32.016
27.807
31.415
27.753
36.16
34.961
47.248
29.728
42.792
40.508
29.158
43.71
37.846
33.884
47.42
60.743
42.592
42.86
31.556
36.633
41.453
36.016
50.464
28.44
62.067
44.183
48.414
38.416
83.491
38.019
34.707
37.566
61.996
41.708
47.797
44.485
62.087
44.304
38.889
39.863
32.734
62.437
37.304
42.325
47.07
36.901
53.708
37.703
52.625
36.277
27.713
42.222
29.029
32.91
38.396
37.312
44.262
32.972
37.545
34.748
34.179
39.016
31.552
37.42
33.726
30.025
36.757
43.513
40.988
34.761
51.708
38.478
26.734
36.709
35.968
40.028
43.573
34.775
40.549
35.865
37.31
42.668
50.841
29.961
34.427
57.815
34.275
33.534
30.844
40.187
36.393
57.424
34.741
35.372
38.06
43.034
38.005
30.921
39.825
57.781
51.084
30.126
63.5
34.645
34.59
51.304
36.764
36.734
46.995
37.365
30.311
29.679
66.942
69.592
30.373
31.689
31.728
37.977
31.923
41.811
56.646
68.842
40.477
27.129
32.462
100.765
31.36
35.763
35.44
31.422
38.224
70.592
39.027
29.556
46.343
31.991
61.216
41.317
38.176
37.093
28.728
50.409
36.469
47.708
56.016
32.3
35.046
45.598
57.273
42.877
30.972
96.647
35.546
32.992
27.948
32.937
116.179
62.711
29.895
65.571
60.355
32.944
62.291
39.729
83.118
33.349
36.723
28.906
33.022
45.239
30.728
36.441
37.187
36.387
55.132
39.704
28.789
30.391
41.248
30.908
36.016
33.939
32.855
30.572
50.422
46.016
31.374
53.091
29.44
32.979
63.67
31.552
27.618
40.069
31.016
29.557
26.931
49.853
44.876
45.684
31.278
38.08
59.454
38.485
33.801
29.804
59.577
60.482
26.78
45.365
42.839
37.596
32.327
32.787
43.016
29.303
51.361
33.02
44.622
31.881
61.456
40.227
68.772
69.32
39.143
51.607
32.482
31.203
27.275
33.205
34.077
37.607
61.965
39.095
32.869
30.556
33.328
35.44
29.673
45.842
36.304
35.132
54.701
49.621
67.304
114.88
33.054
32.61
31.628
39.459
56.204
41.406
64.494
27.753
31.07
55.984
29.872
29.077
32.691
30.846
46.165
32.465
45.877
35.996
41.536
32.053
30.728
35.427
37.249
61.257
32.132
83.66
50.482
64.233
30.236
33.728
60.181
31.669
65.043
38.016
55.216
61.789
40.076
48.249
29.394
26.766
28.653
51.304
41.625
148.77
39.342
68.88
30.887
71.32
37.347
36.777
34.323
61.893
53.639
29.756
32.444
37.365
29.474
37.991
57.822
33.016
31.539
34.227
33.829
49.545
46.708
55.662
56.464
30.524
70.24
37.016
31.957
34.561
35.502
39.82
74.989
37.333
43.194
32.135
58.42
55.31
52.823
33.054
32.142
35.173
46.261
46.206
39.294
73.868
52.653
40.041
37.929
29.996
36.503
43.132
30.791
31.563
36.393
44.401
48.167
95.21
30.631
34.741
30.022
32.8
31.545
26.446
34.233
57.15
35.53
34.466
53.396
41.955
31.1
71.502
35.851
42.304
26.741
30.421
32.728
40.652
32.197
61.456
31.058
46.947
46.72
54.077
63.123
50.44
31.868
69.356
40.158
38.903
28.789
63.877
31.765
38.91
47.255
35.714
36.345
43.49
36.236
27.556
42.695
33.383
39.157
32.304
35.846
30.188
32.763
37.016
35.104
40.706
32.304
42.194
27.275
31.906
37.854
37.68
50.142
36.022
34.71
42.373
31.055
32.375
28.086
33.692
41.522
57.284
55.525
40.304
32.841
76.077
62.615
28.029
31.532
30.717
30.962
42.917
42.222
31.548
32.91
51.55
56.855
40.524
33.016
67.086
51.441
66.389
68.06
36.3
44.049
34.576
27.845
32.337
35.036
31.552
36.556
41.783
34.185
51.788
37.249
43.333
28.878
41.425
29.337
32.882
32.55
32.485
61.016
31.058
30.728
33.918
57.52
33.465
31.01
68.229
43.55
29.07
92.346
30.638
44.444
42.405
43.36
50.75
40.31
53.934
58.924
68.965
34.537
30.681
28.201
76.741
37.403
29.2
40.016
54.834
32.917
61.293
26.519
36.236
70.124
34.016
35.933
41.44
57.5
30.188
29.413
27.728
29.447
34.53
31.449
44.761
37.052
32.877
81.74
29.735
33.077
50.291
31.495
40.465
60.981
38.016
29.673
77.818
31.728
28.946
43.158
41.304
26.303
63.763
43.985
32.79
29.937
64.107
35.367
26.509
36.831
42.642
30.587
33.789
29.844
36.372
41.304
29.42
56.592
60.653
55.251
76.251
29.227
38.396
35.084
63.658
59.728
28.46
62.708
40.42
54.082
66.532
68.598
35.629
49.221
30.556
39.893
32.901
29.089
65.891
38.737
26.339
44.016
31.255
38.401
30.161
31.317
70.401
40.962
31.091
30.621
39.95
71.589
37.153
45.597
46.698
33.028
39.786
35.202
35.617
81.333
32.016
36.728
30.535
106.273
47.88
34.081
61.132
32.304
38.997
31.571
32.716
52.337
56.49
40.394
36.206
30.44
48.592
30.151
40.016
35.582
40.499
28.679
59.473
38.332
51.82
30.789
41.822
39.477
33.71
57.612
30.398
27.337
36.686
31.022
31.317
38.365
45.319
32.407
36.728
29.953
29.987
87.326
44.88
29.932
33.614
46.245
29.11
31.447
66.168
28.135
33.223
29.016
30.426
42.371
40.259
49.976
29.692
33.923
30.44
69.182
64.168
40.67
28.906
61.701
39.022
45.361
30.91
38.62
34.113
54.851
38.682
51.612
35.249
31.77
37.372
31.66
52.941
31.091
43.88
37.893
28.679
32.867
35.212
37.043
27.486
41.617
31.276
39.793
34.249
32.366
31.797
33.114
32.887
52.88
31.29
31.921
35.501
43.913
59.98
29.789
46.429
31.982
78.385
28.728
53.815
33.189
27.537
37.249
31.016
39.765
28.903
67.482
30.741
35.486
49.657
63.374
34.348
40.465
68.304
32.867
66.706
31.269
47.049
30.014
31.051
67.256
27.152
51.611
30.44
85.156
37.928
38.73
39.361
32.62
36.967
34.108
29.57
30.796
32.016
41.515
32.113
80.884
32.229
61.66
27.268
32.304
41.891
54.693
26.851
35.096
47.304
40.339
64.526
58.22
44.414
27.479
60.645
32.304
47.562
38.936
37.304
51.052
39.34
30.542
78.488
45.598
56.318
30.801
27.44
31.578
32.803
39.752
40.554
55.756
33.758
31.084
30.961
36.049
59.48
33.077
28.567
53.016
34.513
28.961
31.886
26.517
38.805
26.75
26.627
43.153
26.4
32.298
92.981
29.157
30.42
53.102
114.248
42.592
26.421
28.717
33.965
29.281
47.569
39.285
65.88
30.487
44.467
39.175
32.949
27.237
71.295
49.982
32.304
33.47
49.906
55.016
37.337
65.075
41.363
44.846
31.194
60.796
37.194
29.884
31.673
31.543
29.089
48.181
31.434
32.75
27.82
41.61
28.622
42.069
34.053
42.014
54.715
26.44
29.556
31.003
37.185
30.948
31.13
36.998
32.275
37.42
88.963
26.851
71.196
40.42
33.337
40.304
59.592
43.825
29.556
35.249
58.534
66.908
37.42
26.491
44.998
46.51
28.728
31.728
33.301
51.708
38.904
51.007
26.334
54.553
37.765
61.596
31.539
30.97
30.446
52.401
47.168
32.792
48.06
30.827
29.058
60.537
31.06
33.016
47.796
54.32
45.989
56.322
31.238
45.069
29.757
63.131
35.789
30.132
31.533
31.242
43.304
38.449
26.385
30.728
38.387
65.763
60.104
38.189
29.016
74.277
36.508
41.253
82.093
31.255
37.077
28.728
29.143
30.556
29.556
29.774
29.158
38.805
58.304
53.493
38.867
32.42
44.641
36.728
29.671
44.387
67.475
38.365
48.392
46.108
30.906
43.365
37.622
47.768
30.728
63.998
36.961
39.944
96.735
47.774
37.194
30.405
33.093
26.152
45.724
31.955
31.386
39.902
29.39
31.564
32.195
57.512
35.003
30.885
28.091
39.745
49.465
39.861
31.067
34.492
29.294
36.358
30.728
38.84
27.642
59.906
41.644
40.561
88.286
40.506
69.422
46.31
31.653
31.17
29.541
65.829
53.229
33.889
59.475
33.319
64.049
41.665
32.181
43.269
55.043
29.31
30.131
45.304
42.763
55.363
32.251
41.079
37.016
53.625
29.025
70.732
55.884
49.058
93.477
47.601
38.908
75.832
33.196
61.034
63.998
30.44
33.429
31.515
47.432
35.44
36.062
42.865
33.21
39.653
31.612
41.329
32.874
34.728
30.419
75.644
26.935
27.738
27.34
62.428
30.462
29.802
39.175
30.844
32.778
79.368
30.728
46.172
93.073
27.946
46.904
47.948
30.734
74.122
26.222
35.153
40.016
41.605
59.381
31.016
28.865
62.032
31.119
56.877
38.251
29.007
31.168
44.553
31.97
35.926
36.372
44.592
32.1
47.117
39.074
29.132
44.831
86.162
39.478
32.566
30.728
53.769
51.029
32.285
32.851
38.745
38.69
32.978
51.78
37.839
31.139
30.585
64.13
28.049
30.818
53.627
50.537
37.963
42.767
27.446
29.679
41.796
45.572
47.398
27.789
54.715
29.932
31.003
32.207
31.462
31.922
30.324
30.269
31.757
42.845
65.076
70.677
31.593
39.595
31.826
31.249
29.714
30.859
86.861
37.263
69.951
50.354
58.87
29.33
54.132
44.88
26.991
66.537
35.877
46.141
31.682
35.055
28.728
31.229
41.289
54.332
55.291
65.522
30.501
31.867
33.189
27.869
27.643
41.513
62.217
31.133
33.993
62.304
29.44
26.213
31.563
31.27
38.158
31.044
37.418
31.504
52.62
53.049
37.565
63.225
83.282
37.284
67.88
53.344
44.016
63.517
37.646
47.862
56.893
26.453
52.346
41.304
31.891
51.996
54.808
50.741
32.81
38.583
45.9
47.598
54.245
33.143
36.705
33.26
59.621
51.825
42.252
46.284
93.283
33.249
31.728
38.337
63.901
65.025
35.218
62.57
31.391
26.686
32.022
53.88
30.44
31.728
26.701
34.132
26.646
51.392
31.22
30.308
35.739
37.434
36.541
31.343
55.016
41.574
30.446
58.491
31.693
68.744
30.953
27.728
45.298
32.043
42.77
46.217
27.44
51.972
38.448
40.107
38.016
33.366
35.44
52.169
51.88
51.428
37.187
27.716
37.304
32.975
38.406
45.723
36.194
31.439
40.016
35.156
75.446
39.73
57.227
30.82
72.761
81.744
70.134
32.844
34.079
84.904
35.91
54.88
29.728
46.484
46.086
29.42
34.374
61.765
32.434
32.893
35.753
51.708
48.384
34.167
31.7
73.989
51.906
64.045
33.819
33.421
39.195
47.369
66.342
39.202
29.077
30.061
58.851
27.092
40.282
57.552
43.51
40.868
56.413
31.673
34.875
33.277
38.304
30.994
78.877
51.51
35.728
53.341
36.855
38.201
35.403
37.234
68.003
39.407
76.46
31.81
71.184
39.243
59.728
35.931
47.537
29.362
55.021
30.452
32.016
64.169
53.314
40.573
30.061
110.761
28.463
27.906
30.98
34.813
30.44
38.468
43.042
40.143
37.673
73.618
56.134
37.016
36.363
60.941
31.201
47.743
26.152
32.304
40.728
28.991
28.501
48.137
28.103
40.368
49.992
33.943
31.913
44.622
52.772
35.917
57.358
28.44
72.442
27.213
30.556
31.903
58.194
40.763
42.592
49.998
83.68
29.796
69.908
34.37
58.196
31.572
42.304
45.232
36.658
41.049
28.891
44.937
31.407
43.598
38.381
39.189
32.498
73.934
31.586
29.817
32.961
30.33
61.819
30.564
38.395
43.986
41.597
40.244
48.045
41.028
37.02
38.745
71.422
29.09
43.148
43.092
42.579
31.38
31.788
29.439
39.962
29.556
34.016
60.65
38.415
27.509
32.018
45.22
31.616
70.363
33.679
27.108
31.339
51.315
69.684
62.086
68.35
37.517
61.132
50.491
118.836
53.928
29.638
33.869
39.643
50.901
46.102
33.019
32.277
30.735
39.728
34.966
58.333
30.93
37.654
32.564
39.657
62.852
32.059
37.426
34.061
47.657
52.863
78.841
40.98
71.944
32.354
58.346
34.013
85.273
35.834
38.415
27.556
31.503
32.82
31.167
37.222
33.103
76.082
86.02
34.198
78.544
82.88
27.653
49.86
49.119
38.537
35.179
62.896
57.012
34.089
43.586
40.617
72.168
42.728
34.733
33.307
63.424
34.569
57.394
34.685
28.556
32.23
31.789
35.09
67.392
38.463
34.132
66.523
42.132
50.556
34.239
48.101
37.442
33.787
30.818
33.132
36.591
56.401
33.279
53.625
33.513
33.172
53.229
31.401
29.517
63.403
29.405
48.88
35.693
48.482
32.591
49.867
35.412
34.329
26.503
39.588
72.22
34.047
39.728
43.25
49.715
66.166
73.483
71.891
34.171
42.516
35.09
66.578
37.44
60.18
40.128
33.211
101.273
41.556
44.475
33.444
46.477
41.789
36.934
88.456
110.08
36.482
31.798
57.286
31.517
35.919
61.174
36.55
26.152
35.981
34.42
35.755
32.479
35.186
33.453
49.702
75.227
42.276
30.393
74.456
33.938
35.94
33.273
44.285
40.132
66.859
26.44
51.547
30.67
65.892
28.387
66.694
37.839
63.304
39.156
56.587
56.016
34.246
32.304
45.163
32.251
53.796
34.967
35.57
51.37
31.229
60.229
58.774
35.317
72.605
34.919
38.607
69.238
49.126
40.671
33.417
27.556
43.133
68.793
46.88
38.909
35.426
46.42
33.828
79.88
40.287
34.061
37.077
41.035
31.844
41.494
48.297
37.099
45.016
32.073
41.961
40.706
90.194
34.425
35.57
33.115
41.46
41.577
34.15
35.467
35.051
79.983
98.596
34.671
32.559
34.733
34.335
35.46
38.052
38.683
34.342
29.44
32.744
38.861
32.016
45.763
34.521
28.018
30.794
35.666
64.51
38.808
59.611
32.57
45.67
54.458
43.558
29.031
29.618
27.777
37.963
37.565
48.126
38.025
33.512
42.304
72.168
74.258
34.534
30.97
43.689
59.68
52.172
34.719
28.607
33.807
44.708
42.495
57.853
34.212
55.586
37.304
95.401
34.274
38.847
29.016
33.821
37.709
36.797
31.889
41.371
39.773
39.89
41.035
37.091
36.18
68.011
37.27
33.444
42.132
26.44
33.163
52.613
64.308
56.196
33.961
50.484
74.943
44.374
50.601
63.519
36.207
34.016
32.724
108.018
46.091
34.212
26.534
32.1
73.017
43.476
54.168
32.621
43.366
57.422
63.369
65.425
30.914
35.144
42.607
41.604
97.606
51.094
41.268
37.763
41.899
34.987
64.932
42.934
37.194
32.422
37.187
65.453
58.37
41.592
74.429
40.851
42.077
41.46
49.941
36.434
43.372
42.207
67.867
30.501
61.812
34.671
55.874
31.728
67.476
40.416
39.65
47.218
54.258
33.938
40.568
53.113
31.942
76.973
60.049
28.918
33.32
40.746
48.351
33.211
41.213
32.587
81.148
37.675
65.322
31.963
39.728
63.965
34.424
58.304
70.989
33.684
34.934
39.563
34.829
67.794
42.079
40.26
51.967
27.967
43.462
26.541
34.15
37.286
33.067
76.941
42.44
29.132
40.5
57.689
28.788
40.047
71.193
31.366
53.11
32.34
34.317
33.828
38.23
42.941
57.365
41.09
47.025
61.606
33.437
42.961
52.754
29.384
83.132
32.758
71.249
72.303
36.248
41.679
68.882
94.027
46.592
39.372
40.658
30.82
37.26
33.06
48.948
37.064
32.016
35.295
41.218
33.355
40.5
45.245
32.279
43.133
47.364
27.213
34.452
51.673
30.728
33.368
37.046
54.056
35.487
39.708
65.261
34.006
32.728
54.351
43.839
32.127
34.987
41.253
30.132
39.506
48.051
30.365
46.625
29.365
33.91
74.341
46.453
58.198
35
34.088
39.862
55.844
68.779
41.638
39.012
58.242
39.304
35.186
67.874
60.447
38.242
54.907
35.444
32.052
36.454
64.961
64.342
46.287
36.804
55.949
44.751
35.611
56.299
29.57
30.482
42.015
36.646
50.477
50.251
38.024
33.051
58.712
52.065
57.458
39.728
60.317
27.765
54.776
99.401
40.15
38.895
69.427
42.075
53.583
73.677
61.928
34.689
33.931
30.691
39.704
33.207
69.135
49.592
39.08
70.229
35.822
54.454
117.381
35.885
53.041
29.906
38.059
48.186
67.222
35.775
41.132
72.235
29.844
73.894
32.844
66.811
41.042
36.015
74.189
30.084
42.763
39.42
33.451
36.31
36.427
109.508
55.915
75.231
34.376
37.922
31.153
50.21
43.298
36.7
44.271
45.759
31.962
38.847
56.421
43.935
37.023
47.304
73.311
40.856
71.572
37.373
39.803
66.975
66.92
38.42
59.837
34.079
33.039
53.556
45.244
35.672
37.503
34.534
36.708
57.016
57.053
42.598
48.372
48.488
67.873
67.805
55.304
49.75
39.067
43.298
50.957
55.874
51.876
41.86
48.221
126.681
55.14
40.269
64.856
39.871
40.214
69.087
49.49
40.276
61.304
43.435
44.106
44.923
40.411
57.842
44.244
50.691
65.789
41.181
55.963
64.308
54.653
52.003
43.891
46.592
75.641
49.014
64.88
66.025
59.627
47.572
69.62
54.889
67.68
53.88
59.605
64.35
67.724
69.284
64.592
139.184
66.88
59.304
135.425
60.229
67.058
69.168
66.71
65.003
93.603
74.168
75.398
79.86
74.168
84.032
