26.488
28.44
28.488
28.536
31.016
31.064
29.44
26.488
28.456
30.728
32.728
31.064
30.872
30.728
32.936
32.584
31.256
33.92
36.016
32.704
32.752
28.72
28.288
38.416
32.944
35.064
32.232
36.832
39.24
26.808
29.968
27.776
32.856
29.784
30.44
28.872
30.12
37.848
38.016
34.256
29.744
36.256
41.368
28.152
32.76
35.928
31.416
40.344
39.304
31.16
35.016
26.664
30.824
37.272
30.84
29.488
34.728
36.456
30.44
34.104
31.728
36.312
38.52
29.928
29.256
44.664
32.472
31.32
30.728
34.592
55.88
28.44
30.016
26.44
39.448
29.016
26.44
31.824
46.512
30.96
38.688
38.496
50.168
34.84
39.896
38.504
36.776
40.064
40.248
39.64
29.608
39.016
32.488
61.016
52.44
28.152
46.88
63.168
51.672
50.552
29.016
36.448
31.216
38.016
37.504
36.952
35.632
33.52
40.048
33.728
37.88
45.304
30.488
40.872
51.848
30.536
57.016
38.024
36.392
34.76
30.248
31.016
39.016
41.592
31.728
31.08
47.376
32.016
26.544
37.152
29.28
31.488
32.256
40.112
41.304
30.792
55.56
48.792
32.328
31.064
38.592
30.44
29.52
64.64
41.592
27.488
29.44
29.248
59.552
39.728
46.096
36.544
26.512
26.32
36.208
31.064
32.824
30.44
72.232
42.968
29.816
37.304
30.872
37.016
40.76
28.568
30.776
57.064
42.704
31.776
34.592
30.488
46.4
61.064
38.016
31.104
39.072
35.728
30.72
61.456
55.728
51.904
55.536
27.472
26.784
29.92
75.168
28.752
33.216
28.968
30.728
44.4
52.592
28.44
34.248
28.44
53.256
44.808
32.136
37.704
53.728
27.672
37.32
52.352
55.608
34.592
29.12
63.096
31.944
52.88
44.232
74.76
58.736
50.568
27.584
26.44
38.136
53.552
47.608
31.464
83.84
28.872
31.32
33.824
32.568
30.728
27.576
29.536
62.424
51.88
39.064
44.952
36.952
31.56
86.568
30.216
40.824
59.168
37.272
30.6
29.688
29.728
38.856
32.184
29.832
72.504
29.4
29.928
52.264
41.736
46.584
34.872
46.68
28.728
29.496
39.064
30.984
34.792
32.952
29.488
71.64
28.968
45.576
32.016
31.944
75.192
51.728
30.728
56.448
57.656
30.104
56.792
29.96
31.928
28.856
47.144
29.912
29.016
52.344
36.552
57.064
29.512
28.488
35.496
58.304
31.44
64.344
29.088
30.792
35.16
39.016
34.016
28.984
32.584
32.44
45.592
29.064
28.44
29.112
34.176
30.728
34.64
43.808
37.304
50.792
31.016
54.24
33.944
31.248
61.4
67.056
59.424
45.264
35.472
43.152
39.016
78.456
53.744
38.424
35.552
30.072
31.52
37.8
55.368
56.376
29.064
26.664
32.472
26.248
38.28
77.504
30.408
35.072
29.496
28.44
30.888
35.976
29.784
34.392
44.112
49.44
36.944
32.44
71.608
28.824
39.824
31.728
31.056
38.304
44.592
44.352
28.8
43.016
56.448
91.056
32.16
38.064
36.728
40.304
28.824
38.304
51.816
44.112
36.504
67.92
39.728
40.128
34.016
32.016
31.056
35.984
30.144
123.568
34.112
40.512
61.696
29.84
34.32
58.624
44.304
49.392
36.48
56.016
26.928
30.096
44.544
30.728
26.152
27.656
64.904
32.552
34.928
39.304
44.352
50.44
49.592
31.112
35.728
46.08
33.728
34.824
35.696
40.872
34.544
39.352
42.032
29.776
57.016
33.424
60.016
34.192
63.688
29.68
40.432
38.016
28.488
64.304
28.592
42.736
43.4
28.44
27.288
50.408
40.136
37.352
31.88
37.208
30.008
32.216
43.784
34.472
38.6
26.648
70.136
27.44
37.784
28.712
33.16
48.2
31.208
32.456
54.344
45.728
36.152
39.304
38.84
43.208
31.488
51.176
30.728
38.024
45.272
33.08
47.88
30.008
30.776
39.016
28.728
29.496
37.44
35.544
41.808
33.432
37.056
93.616
40.824
32.704
44.712
32.032
33.48
28.72
32.808
37.168
31.136
39.584
37.016
52.88
37.064
30.584
28.44
39.064
33.728
38.44
32.488
33.016
35.728
30.664
49.936
37.192
50.64
45.728
51.776
30.44
26.2
34.888
56.296
39.824
30.44
28.728
44.88
30.768
28.896
73.584
38.352
32.4
36.768
54.816
28.944
32.352
30.672
34.728
33.096
38.184
29.832
34.304
29.64
38.304
31.064
29.672
41.592
44.4
31.72
52.848
29.376
39.592
42.384
30.76
26.728
46.928
37.28
72.424
29.512
39.88
41.848
31.336
44.304
42.64
30.44
33.016
37.592
42.304
27.152
34.352
63.4
35.728
32.016
36.936
34.112
30.728
28.376
36.104
41.4
62.312
29.48
71.768
40.136
46.552
44.984
55.832
29.24
26.44
39.368
32.696
45.072
32.016
68.36
68.216
34.568
29.728
54.016
31.16
32.728
56.88
41.552
34.4
28.44
44.664
95.6
30.792
47.64
35.208
53.12
26.392
61.456
36.352
29.016
35.44
57.808
31.408
40.472
29.296
31.264
30.592
36.016
61.976
39.016
47.584
27.704
32.272
38.08
30.928
35.056
63.184
32.016
46.432
35.44
29.248
39.616
36.064
45.472
60.4
29.248
26.152
30.736
33.904
47.872
28.72
30.728
30.824
40.304
31.728
43.536
33.264
39.256
30.76
37.584
36.728
37.152
54.056
29.384
28.92
31.352
28.76
30.968
27.152
28.616
34.304
51.968
52.504
40.552
56.112
53.52
30.768
34.064
28.896
56.192
30.624
35.232
28.8
38.928
41.048
42.096
37.104
65.952
37.352
40.32
42.528
37.296
33.016
31.584
106
69.312
34.56
36.288
26.976
60.864
62.304
34.992
52.752
31.44
60.304
54.456
26.248
30.832
37.224
29.2
31.728
43.016
33.728
55.976
30.824
31.728
28.488
53.728
73.216
28.864
68.168
54.584
29.44
28.952
30.928
60.016
44.944
37.304
44.592
53.304
28.632
30.44
41.592
38.544
35.4
56.64
45.352
40.368
35.08
27.728
29.608
30.616
44.192
32.824
69.872
26.872
27.44
43
50.44
31.288
36.776
27.496
30.424
53.512
37.48
31.632
31.048
65.416
29.016
35.064
33.016
32.728
39.784
89.752
45.4
43.592
38.64
42.32
44.048
27.488
29.44
39.592
30.928
44.76
37.456
26.224
32.304
33.312
26.152
28.36
44.592
80.056
50.304
31.152
55.456
36.824
31.92
41.344
60.632
31.248
34.776
56.688
40.896
46.104
36.624
37.928
52.576
40.616
34.592
31.016
31.016
29.256
43.976
38.016
32.824
31.488
31.536
38.016
53.184
45.88
66.192
71.368
53.28
68.264
55.304
38.352
30.632
59.04
32.304
43.928
29.472
76.8
71.912
28.44
32.808
31.488
34.296
32.872
38.424
31.032
32.728
26.52
30.888
32.44
36.728
30.568
28.696
34.544
30.424
28.552
41.32
34.408
36.776
28.696
55.592
28.744
32.632
41.08
42.304
38.248
32.032
29.488
28.576
44.464
50.472
48.016
42.592
29.44
37.592
37.28
30.92
68.264
32.304
30.44
30.776
34.016
45.88
32.016
38.008
30.488
31.488
43.056
94.6
40.728
30.728
65.456
35.44
39.328
34.336
29.728
55.928
58.136
44.744
33.016
32.352
34.304
37.92
47.808
39.456
31.104
28.752
36.728
34.304
33.12
39.872
45.408
39.68
34.728
54.88
26.616
32.44
30.568
53.728
40.112
27.44
57.448
47.416
46.984
80.24
63.84
36.768
34.456
42.816
27.784
41.352
31.104
26.488
40.2
40.032
46.56
89.088
26.152
36.28
28.888
33.976
44.136
32.824
38.184
40.552
29.352
28.44
28.728
38.568
30.488
38.456
32.016
42.344
74.792
43.88
31.208
38.832
31.064
42
35.44
63.408
73.168
51.456
31.408
61.216
37.016
29.104
37.544
31.072
28.776
56.168
30.728
38.216
33.224
45.512
32.016
37.64
30.968
42.352
26.384
36.032
34.88
58.112
33.968
30.656
28.784
54.032
43.016
55.52
40.928
36.632
61.136
36.224
34.352
33.44
28.776
42.88
34.584
29.016
52.488
28.776
42.304
34.928
46.528
69.744
32.352
32.304
28.512
42.688
34.32
51.176
59.624
31.352
32.728
28.76
51.592
37.928
29.096
39.728
37.784
37.112
31.4
30.728
26.44
58.168
59.6
31.728
30.608
39.016
74.256
26.576
46.504
69.984
35.264
30.92
30.728
28.776
42.592
68.072
45.56
58.304
36.016
42.304
28.536
66.752
37.312
38.016
30.44
29.44
35.872
31.888
37.456
64.624
36.016
80.032
28.44
35.728
33.016
40.744
31.016
28.728
30.776
63.744
46.4
76.504
31.192
31.24
31.048
36.856
65.944
39.736
53.032
26.44
39.448
35.728
40.592
56.304
56.832
74.216
34.32
30.768
32.728
46.016
48.616
38.488
70.216
34.592
38.592
67.68
39.648
32.736
32.544
37.016
31.152
35.28
42.048
28.656
32.776
26.544
51.304
30.776
59.504
55.064
30.776
76.4
40.424
34.064
47.976
30.728
31.224
29.832
26.248
47.88
38.808
30.456
36.264
58.584
29.44
34.016
30.44
28.328
70.704
60.016
32.112
55.44
48.952
34.128
31.056
45.504
41.592
77.952
32.4
29.328
38.496
40.472
30.144
51.552
46.304
30.872
32.88
27.392
68.928
36.8
38.272
54.336
55.064
30.728
31.064
39.304
42.76
27.928
33.64
68.648
29.728
50.384
31.776
37.016
29.44
39.448
73.312
39.088
64.24
40.816
30.784
49.976
26.512
38.08
37.648
35.44
36.496
42.784
35.152
38.256
52.24
59.072
32.24
37.328
32.096
34.016
30.44
30.944
57.152
39.68
32.528
38.096
35.984
26.152
53.792
53.56
30.8
46.648
35.648
30.44
69.056
33.368
38.624
68.432
40.88
31.28
27.728
29.168
45.296
33.536
62.864
55.184
37.472
40.592
30.8
96.32
32.048
39.008
36.896
63.104
59.168
54.272
37.976
31.064
58.472
33.32
64.64
30.848
29.456
38.384
37.4
30.536
38.264
38.064
33.032
32.304
37.88
30.912
29.488
45.128
53.52
30.056
47.568
30.824
32.976
36.872
33.56
79.736
70.808
33.176
31.064
30.152
43.976
37.304
33.992
38.216
29
59.144
31.208
32.776
29.728
26.152
31.728
93.608
34.016
65.88
29.016
32.088
70.296
31.728
33.92
94.72
33.016
32.728
28.728
59.64
70.968
38.616
54.728
44.112
44.904
72.168
78.48
33.912
45.888
30.12
29.928
36.632
36.064
29.44
74.608
51.136
55.744
62.744
58.192
34.472
44.08
30.448
37.936
32.872
26.944
62.68
72.568
54.128
32.304
29.456
83.504
34.832
49.232
37.76
30.728
44.768
40.496
34.064
32.624
55.232
29.6
32.768
38.816
34.544
36.728
30.512
29.576
40.4
56.264
56.048
32.096
33.824
27.536
42.752
36.704
33.44
26.672
27.728
62.96
56.336
30.704
29.792
40.88
30.728
31.088
30.176
45.304
48.224
32.192
33.68
68.528
26.536
39.056
27.68
55.664
56.36
42.592
28.24
53.768
66.928
37.216
27.152
32.224
34.016
32.032
69.168
37.016
40.416
32.304
29.184
32.112
55.432
56.2
30.96
27.44
59.568
32.44
26.44
56.488
64.744
40.936
32.824
50.24
59.032
44.768
29.8
48.024
27.448
32.056
43.144
37.672
98.68
37.528
35.016
30.776
43.064
35.776
34.776
74.656
32.944
39.624
29.728
29.776
28.576
30.544
49.952
60.304
37.016
30.44
28.728
35.528
28.856
31.784
38.352
33.512
41.696
30.824
27.44
61.84
31.888
70.096
37.488
28.624
30.016
31.064
27.728
40.256
43.184
30.728
65.744
52.64
35.728
27.68
31.936
61.744
35.632
39.28
49.88
27.328
35.528
29.536
63.896
45.904
29.624
40.192
45.04
66.928
32.592
34.064
52.168
35.552
42.136
57.064
32.016
34.552
46.944
29.56
28.888
44.536
37.376
55.016
38.104
28.792
46.12
61.768
41.704
27.44
33.904
43.592
36.776
31.304
29.912
32.84
63.368
37.976
26.984
67.44
26.792
68.928
68.456
35.24
46.184
32.168
39.992
44.024
35.24
34.016
76.36
27.536
36.728
30.728
32.728
37.304
52.696
33.112
42.976
31.304
33.88
43.744
37.528
38.296
28.504
34.792
30.44
37.728
33.936
86.784
56.4
37.632
32.824
39.36
37.24
44.688
28.176
26.304
32.832
32.88
61.168
30.768
29.856
50.544
46.856
32.8
47.304
28.152
52.4
33.96
39.488
29.448
31.176
32.184
29.064
38.472
28.92
36.728
44.304
70.968
40.296
37.016
65.064
28.152
37.32
31.848
75.824
34.528
30.696
30.496
30.024
89.344
40.152
59.392
28.776
37.2
26.928
36.016
28.44
32.088
54.824
26.224
37.776
28.728
37.824
40.056
51.824
33.728
76.352
28.152
36.56
30.488
34.112
28.44
34.776
44.424
31.016
34.776
46.784
26.44
31.44
39.688
86.208
40.696
36.096
29.704
37.016
65.184
40.168
59.728
27.376
53.304
46.624
30.792
30.584
28.92
32.792
44.016
33.728
35.216
47.48
34.064
38.168
32.192
51.896
34.4
29.144
36.128
34.472
30.896
37.16
61.592
33.104
33.872
31.52
39.016
58.208
66.592
44.096
28.784
30.752
61.52
38.768
32.816
58.944
33.584
47.304
37.712
29.112
31.28
48.128
28.736
31.184
37.928
35.96
34.088
32.016
30.624
29.232
65.024
59.04
35.728
68.208
30.816
40.352
55.344
60.672
33.36
48.288
71.32
32.728
34.064
32.064
53.88
30.672
32.408
35.536
34.016
33.728
37.728
69.096
41.016
40.584
29.784
35.112
38.04
33.016
35.064
37.16
41.528
29.016
34.728
28.44
32.088
28.776
37.704
32.728
32.488
45.976
38.344
33.112
32.92
32.248
40.304
62.056
36.184
32.392
55.496
37.592
28.52
42.88
71.728
38.728
27.808
30.728
56.304
55.024
41.304
37.552
55.304
101.656
51.992
35.304
65.744
29.592
28.68
36.408
34.016
38.376
32.664
57.016
40.632
44.52
33.768
40.536
40.064
32.904
38.232
39.728
40.168
68.096
58.936
33.304
37.064
28.552
46.592
68.92
59.504
37.048
52.456
72.424
55.168
51.112
75.928
73.48
59.608
33.016
72.184
32.056
55.144
41.336
47.512
50.744
48.592
33.64
54.4
29.128
30.36
38.776
30.424
30.776
31.672
32.352
55.24
34.888
27.256
53.464
31.912
38.112
105.808
39.84
33.856
27.648
31.024
44.528
60.832
43.12
28.44
35.928
28.728
57.816
40.504
26.152
42.88
34.6
84.368
39.496
29.44
26.152
30.728
41.488
28.152
27.488
51.84
31.928
31.976
42.304
44.736
58.672
39.304
47.44
28.552
26.44
34.728
30.088
37.576
77.704
36.472
29.536
37
38.488
55.096
64.504
40.312
30.52
33.256
55.288
31.336
31.064
46.016
28.504
29.512
30.28
31.288
66.32
51.016
68.288
39.304
42.896
32.632
35.264
54.04
54.568
28.216
61.064
38.112
52.32
38.208
28.416
50.536
31.104
31.152
30.96
39.064
48.048
26.976
36.144
30.672
29.04
62.736
35.304
35.808
53.856
69.528
56.592
32.536
64.504
26.44
32.968
29.72
26.536
30.728
52.376
67.544
39.272
33.32
34.776
30.728
30.264
31.736
39.728
38.336
31.136
43.88
39.344
38.144
28.728
26.2
32.304
39.664
29.44
53.008
29.44
26.368
51.928
40.816
33.424
33.232
44.824
28.776
27.44
57.216
33.968
58.496
41.016
30.256
54.064
30.44
60.592
28.72
54.824
32.552
35.016
36.824
29.784
57.672
61.592
37.016
75.8
30.488
36.248
58.264
58.016
38.304
34.16
53.472
78.208
32.728
28.776
64.592
46.456
45.144
31.144
34.592
26.872
58.016
44.928
51.104
40.176
32.432
69.44
78.408
47.976
36.496
30.984
32.472
30.44
40.016
41.768
29.064
30.536
29.624
37.592
30.92
42.304
28.912
50.88
39.04
32.208
34.656
54.728
56.216
30.824
38.552
32.12
38.168
32.064
36.776
29.728
50.712
34.824
31.728
38.472
39.672
30.816
37.824
35.016
37.016
29.064
41.352
28.44
28.488
142.536
32.424
29.776
65.352
61.32
35.688
60.064
85.032
28.488
32.76
58.168
32.088
61.576
34.024
39.304
30.728
68.408
38.416
38.456
36.304
29.152
36.64
40.16
34.448
30.896
29.984
33.152
38.72
33.248
33.056
53.024
33.104
51.632
38.48
31.568
33.064
32.096
39.776
52.064
31.016
26.264
37.44
43.112
32.12
33.128
31.496
49.264
60.344
63.032
30.92
26.488
31.448
45.176
55.784
53.776
62.056
44.92
26.344
47.368
51.64
57.016
34.024
35.728
29.064
38.208
31.296
66.592
60.016
36.64
28.824
29.592
70.824
31.752
64.792
28.152
42.52
30.44
35.44
45.112
39.808
31.944
65.824
31.728
43.016
28.44
107.688
30.872
29.976
76.312
51.264
41.352
30.728
63.976
37.592
31.776
37.304
40.728
62.792
41.48
37.728
35.704
30.488
40.552
31.776
43.96
48.624
32.592
40.064
51.12
26.928
30.728
26.44
47.128
55.304
49.336
39.4
37.864
35.016
28.792
26.2
40.168
32.296
29.44
26.584
40.528
38.872
61.696
26.152
37.72
109.984
32.968
46.672
51.256
35.704
32.176
36.776
30.728
59.344
36.824
39.992
31.824
38.352
28.56
63.84
35.824
26.272
38.176
77.824
44.88
38.992
39.728
37.016
31.36
45.808
31.696
33.184
34.912
36.16
31.44
39.568
36.016
32.944
32.064
31.728
32.256
37.296
34.224
32.304
34.032
92.592
58.288
45.36
56.4
45.024
29.584
57.712
43.064
55.064
30.728
42.352
39.352
31.016
35.016
33.16
34.184
34.88
29.648
28.976
26.624
32.776
45.152
30.904
51.68
29.408
39.056
47.592
29.264
68.168
56.672
38
35.408
37.448
27.44
70.08
37.728
41.136
60.624
55.496
40.304
27.824
96.352
29.44
29.008
31.216
35.44
37.648
40.168
35.008
46.592
30.44
36.304
57.744
35.488
37.936
34.304
37.504
58.352
32.032
40.48
32.44
74.488
30.536
37.64
74.984
27.608
30.728
38.456
72.456
54.056
56.264
30.728
28.952
33.32
40.328
56.544
61.816
29.44
32.016
39.744
29.632
26.44
84.416
39.728
37.808
39.104
35.936
30.656
29.072
58.064
30.56
34.592
51.688
26.288
37.376
38.144
34.304
49.472
36.776
29.776
38.264
34.864
44.304
37.872
39.016
37.016
42.936
26.424
34.304
73.264
37.304
31.072
55.28
29.728
42.848
31.016
26.336
83.384
49.352
27.632
26.44
39.08
55.208
96.192
31.224
32.728
47.896
40.016
56.584
55.168
27.44
88.336
47.168
38.224
37.016
32.016
37.016
38.264
47.424
58.184
33.992
28.728
30.936
40.352
32.424
31.112
58.168
36.016
32.224
38.304
35.728
29.712
31.488
134.016
55.592
28.488
27.152
47.048
32.456
30.44
68.264
29.288
32.824
32.392
61.064
39.824
34.592
42.08
44.592
31.808
29.44
47.936
34.064
38.432
33.68
27.152
31.04
64.88
32.728
35.896
39.304
27.44
28.728
38.376
72.224
35.064
68.672
30.728
33.728
43.136
31.016
37.016
37.16
29.536
75.232
29.016
34.24
44.456
37.544
34.304
28.536
32.664
38.712
32.52
40.88
32.44
36.088
33.072
31.096
36.424
43.672
41.64
40.6
37.848
55.4
35.736
35.048
36.776
31.752
47.384
37.832
55.16
35.352
34.288
64.408
32.064
36.856
66.192
33.824
62.584
49.2
29.992
28.44
35.8
30.648
33.016
37.064
35.776
65.784
30.824
32.776
51.304
34.944
40.4
62.528
69.168
26.488
32.296
30.728
57.064
46.304
28.312
31.96
61.528
31.112
35.896
53.464
32.152
30.52
39.712
33.928
68.536
39.784
34.312
52.6
43.592
32.008
36.136
50.648
29.224
30.952
42.688
30.76
34.816
56.288
55.856
28.872
100.944
83.88
27.44
32.288
40.64
30.872
43.808
37.16
75.536
27.848
61.424
32.912
32
33.248
37.016
28.976
52.184
30.944
43.472
44.48
32.304
28.728
59.144
39.304
29.064
34.304
50.632
33.776
55
52.552
48.808
26.296
47.168
84.184
38.816
34.552
62.384
49.952
31.28
45.008
31.016
54.504
27.248
30.552
29.936
42.592
30.624
32.592
36.48
33.648
66.768
82.896
30.584
69.504
30.44
29.776
37.064
60.456
35.064
43.016
45.672
58.184
32.064
32.44
52.064
83.128
28.696
37.728
29.584
31.776
45.824
40.592
30.864
54.192
51.08
37.44
31.776
59.728
52.536
28.816
32.184
34.872
31.08
30.488
27.152
40.616
30.824
45.032
32.84
32.168
31.256
71.592
71.864
29.728
32.728
28.728
36.016
66.304
32.168
53.064
58.632
30.84
40.352
105.936
30.488
38.352
28.8
49.688
30.488
31.016
33.856
31.744
39.064
32.112
36.728
54.776
37.544
54.152
49.168
28.816
30.44
26.152
30.728
58.4
45.016
70.024
32.872
42.592
75.16
28.488
29.016
39.152
38.664
44.952
31.8
31.608
30.696
51.44
49.224
30.304
58.304
34.016
32.728
28.544
26.192
37.04
29.144
37.088
40.016
30.776
32.304
30.824
39.304
30.776
42.44
35.384
43.208
54.152
37.4
30.248
99.632
26.936
36.344
34.304
98.792
69.416
38.016
39.32
35.288
31.496
31.44
34.904
31.112
30.68
32.304
51.168
31.488
28.776
34.176
28.152
36.624
50.68
43.08
58.6
28.648
28.44
42.408
29.728
62.304
38.112
34.304
47.04
29.44
85.792
38.56
35.064
30.728
55.352
30.92
30.968
80.216
62.744
26.152
54.872
29.776
38.6
39.304
36.304
39.728
30.832
31.376
30.16
43.016
39.728
59.456
33.824
78.752
32.48
34.256
27.344
37.432
34.728
40.304
29.072
68.168
30.16
32.728
73.24
56.728
31.064
32.056
30.728
37.864
43.256
52.072
35.32
34.504
61.528
34.312
33.256
37.24
79.384
38.392
61.088
30.896
29.744
96.272
125.84
78.456
33.968
32.576
45.776
68.384
33.872
28.728
40.16
32.776
29.648
70.608
31.616
39.456
63.584
64.592
36.08
41.376
28.448
65.88
27.744
85.376
40.008
30.432
34.784
38.432
51.168
37.352
35
97.704
28.808
44.696
49.064
39.752
32.6
30.968
32.696
34.872
28.664
30.448
51.728
28.728
46.88
26.152
30.44
100.368
28.568
32.216
37.304
38.024
32.072
33.752
28.776
29.48
30.16
33.608
65.816
31.784
44.592
28.712
66.88
39.8
41.592
30.44
42.6
36.728
28.632
28.44
41.016
45.768
32.424
35.824
45.816
26.712
38.52
31.128
27.968
30.936
100.52
32.488
35.824
30.616
30.44
42.304
26.488
44.056
26.152
30.664
31.016
60.712
78.52
35.728
54.568
43.336
30.728
33.304
32.824
36.776
48.584
39.992
30.728
30.536
38.016
30.104
32.792
34.28
35.048
30.776
29.248
29.624
36.872
35.352
58.304
30.44
40.256
36.016
104.016
32.728
63.688
33.776
29.024
32.016
56.016
30.44
53.728
28.576
27.488
28.624
38.992
33.016
34.96
31.168
40.576
76.688
38.704
31.072
76.96
49.144
38.128
39.136
30.784
36.224
79.744
84.592
29.92
29.728
26.512
36.256
44.704
28.912
27.68
40.96
38.608
30.776
44.176
33.224
44.704
35.432
34.92
34.968
30.44
31.176
38.304
28.728
30.632
28.728
39.56
67.688
62.592
53.112
27.152
61.112
68.744
60.304
69.952
29.44
38.368
60.736
28.864
61.808
29.392
32.168
36.4
45.568
74.456
37.064
32.552
77.688
47.96
35.048
49.928
32.216
45.656
39.944
39.728
35.192
35.936
31.184
67.712
32.16
30.776
29.6
31.304
28.416
50.44
30.64
26.368
37.936
26.464
28.432
32.864
65.032
35.08
29.016
30.808
30.728
33.016
34.984
32.872
38.44
32.016
28.2
32.112
34.344
26.472
50.76
31.608
54.696
49.464
45.016
58.592
46.872
78.52
33.72
32.808
41.496
31.224
44.952
46.352
33.72
29.448
57.336
39.144
32.472
44.28
31.608
29.976
32.664
28.44
57.256
30.776
73.864
37.192
49.52
40.016
26.152
34.304
42.592
38.256
38.304
29.776
39.792
28.68
34.728
37.368
30.936
28.776
26.424
47.544
109.288
31.272
30.44
61.832
35.064
28.632
54.592
28.44
30.912
59.728
26.152
30.72
32.016
28.44
34.304
60.016
30.888
53.552
51.096
68.904
43.728
41.592
32.728
28.536
38.352
40.016
64.592
39.592
51.912
26.152
29.44
39.728
56.128
42.496
37.256
32.704
57.472
41.64
60.88
37.6
32.848
32.016
45.64
32.584
71.512
47.08
33.776
26.488
32.352
64.784
73.576
36.032
26.344
54.32
31.912
31.568
31.376
79.456
47.688
35.016
52.344
48.16
29.44
27.44
30.928
123.856
32.544
29.472
30.72
29.064
31.728
28.152
28.68
30.776
37.304
53.728
35.296
29.104
51.928
30.776
37.016
56.264
53.904
41.592
58.832
64.592
53.36
45.24
28.688
35.448
37.856
77.456
42.304
39.104
30.728
63.416
62.792
29.72
37.688
84.032
33.176
28.424
45.304
29.912
30.728
33.728
30.68
48.88
41.288
51.088
32.216
56.176
44.024
29.672
31.112
38.36
38.888
45.304
26.296
37.64
32.984
30.44
37.448
38.952
29.256
38.04
28.728
48.888
26.488
47.896
44.824
33.832
29.32
34.016
58.888
29.984
43.336
39.304
27.464
32.824
42.712
29.992
32.016
36.76
38.064
32.008
62.536
29.776
54.264
26.224
60.712
42.352
30.536
40.904
46.304
37.776
37.064
39.352
72.08
28.536
32.664
68.928
35.112
30.576
85.344
30.776
32.728
50.024
40.304
35.44
43.712
48.208
43.04
45.856
43.088
40.144
32.728
68.976
29.488
45.016
38.584
32.728
36.952
39.4
37.48
32.488
74.056
37.384
32.872
31.48
32.488
31.336
34.984
31.672
39.88
71.504
39.448
65.592
26.296
39.728
26.824
36.824
29.512
31.728
38.304
68.88
39.552
62.208
30
29.808
40.064
37.016
32.112
27.536
27.344
74.984
32.072
71.96
29.536
28.728
37.264
32.512
41.304
32.064
28.44
30.888
29.488
32.416
40.64
30.44
56.168
31.256
54.304
37.792
32.8
58.968
29.016
32.016
64.592
27.536
70.264
40.552
36.728
30.776
30.728
26.2
85.344
32.008
32.728
29.656
43.776
29.728
43.232
61.304
31.824
44.64
32.352
38.688
42.336
32.304
31.872
42.68
37.016
30.728
33.128
47.776
31.496
47.736
29.488
28.776
31.016
65.168
63.056
75.896
56.504
40.304
29.912
30.992
26.84
27.2
40.512
26.152
33.16
64.168
35.128
36.608
30.856
55.24
32.104
30.952
29.56
68.136
55.944
52.728
34.544
58.112
26.44
36.808
34.216
42.592
36.904
31.728
30.44
50.736
62.016
34.496
58.304
31.104
37.232
57.792
35.824
35.112
30.6
32.808
65.016
28.584
40.312
55.168
35.016
63.68
28.816
28.728
30.784
32.032
50.68
50.56
29.248
56.416
27.728
32.464
46.976
40.672
42.592
31.6
38.128
50.416
57.016
64.352
55.64
26.152
26.152
74.216
122.92
64.88
30.968
31.016
68.592
28.8
39.912
27.2
31.064
35.44
38.304
45.568
30.672
40.096
32.4
27.184
34.016
38.688
31.776
38.544
60.192
31.92
40.336
31.728
41.584
37.296
38.784
44.832
31.2
28.848
38.976
31.104
36.912
28.536
36
30.728
29.544
26.248
63.32
37.336
29.304
28.488
29.4
40.016
51.44
36.168
40.352
55.88
54.8
32.304
31.728
37.016
28.44
34.008
37.064
35.016
30.984
63.88
37.752
77.64
30.888
41.016
37.176
31.088
47.304
64.016
38.952
26.608
69.72
30.976
56.088
50.856
30.984
30.488
41.48
59.016
30.728
26.184
35.352
56.28
30.648
33.096
38.016
31.776
48.168
59.936
30.728
44.352
43.016
30
28.848
41.376
61.304
43.112
34.04
32.168
28.968
56.136
58.016
58.344
30.728
123.192
32.696
43.64
55.456
32.44
35.768
48.784
30.728
28.784
29.488
33.64
32.4
38.592
32.352
43.68
80.504
80.216
37.112
73.544
44.36
35.304
56.712
31.32
42.408
71.128
30.216
34.936
39.864
29.112
32.04
28.728
29.256
37.304
32.072
66.44
54.064
35.392
37.304
29.192
85.456
43.704
47
29.344
28.568
52.672
55.736
31.84
29.488
77.456
42.304
29.152
37.36
27.488
29.008
44.88
32.92
34.112
45.2
41.408
32.096
43.16
37.184
38.304
26.152
47.232
37.016
46.296
37.016
32.352
63.12
52.128
28.68
26.152
27.44
28.84
43.568
35.848
57.352
30.616
33.16
44.824
29.816
26.248
60.696
38.528
64.416
53.16
30.624
28.44
34.992
29.776
59.584
39.016
30.832
27.44
32.016
65.8
30.968
59.608
49.496
39.688
32.744
67.336
142.264
28.776
41.272
38.256
59.8
48.456
30.808
45.728
35.896
63.952
38.584
33.04
67.192
44.92
28.888
40.936
37.016
33.304
41.992
43.48
40.408
36.824
30.728
40.936
29.192
67.864
52.28
30.232
28.824
32.92
42.304
36.328
49.096
33.064
28.848
34.304
29.776
69.456
85.784
76.224
28.712
36.92
54.824
38.312
59.304
29.44
72.744
48.664
85.168
34.728
34.336
37.984
29.016
46.432
62.88
26.2
59.808
63.688
32.776
94.32
37.384
35.016
38.184
40.632
28.44
37.016
31.128
38.856
58.824
29.112
33.48
37.128
39.016
29.256
90.504
66.216
63.88
38.44
29.848
29.656
30.904
30.488
38.016
31.016
33.464
35.912
38.016
54.352
31.16
30.008
31.976
31.304
32.072
47.592
37.88
26.408
30.536
44.632
40.84
29.864
29.8
31.832
45.688
29.96
32.168
36.776
37.256
41.592
34.984
32.632
29.728
28.6
38.016
31.104
28.152
30.728
30.728
70.136
43.784
44.792
32.824
32.488
54.4
29.728
27.728
44.592
81.712
35.064
49.6
31.272
48.12
68.744
31.304
26.248
53.176
32.872
43.064
45.304
31.776
39.272
39.264
76.512
29.52
44.016
40.608
32.256
31.824
37.344
38.112
35.52
39.016
51.736
44.584
42.016
52.144
73.504
34.192
47.2
38.848
28.872
29.64
32.304
103.368
32.832
35.76
39.016
68.976
98.024
58.928
34
27.536
29.016
32.824
35.016
32.032
33.544
30.728
39.88
42.536
31.544
38.552
45.64
37.64
32.888
32.936
40.184
31.352
73.64
29.288
55.256
53.384
27.68
44.552
37.112
49.64
32.12
31.016
34.16
69.456
30.728
37.064
29.488
33.136
39.496
37.024
47.08
79.976
32.064
27.44
34.352
31.064
35.16
60.168
34.728
26.856
33.824
39.624
74.912
28.728
26.2
55.28
33.728
45.536
35.984
59.312
27.44
30.44
30.08
41.528
34.688
72.896
88.136
30.224
42.584
65.792
34.16
29.824
45.472
52.016
29.016
30.88
27.624
35.248
41.352
26.896
55.08
40.624
51.472
29.44
34.528
39.616
27.184
53.392
46.2
45.52
52.288
57.312
35.536
41.824
32.512
33.968
55.6
65.488
108.976
36.304
41.888
99.472
40.064
64.24
31.888
39.592
42.016
32.896
31.984
38.016
43.688
31.256
31.44
52.472
37.008
45.696
29.44
31.888
29.056
51.168
45.664
55.056
26.992
38.064
45.52
33.016
35.016
30.744
42.304
28.392
30.36
34.008
46.056
34.104
39.32
38.672
30.8
43.088
32.336
68.144
71.264
38.016
65.552
75.92
64.448
33.056
39.104
41.072
67.76
65.408
71.408
32.816
33.344
30.488
37.184
38.432
60.272
30.56
37.328
33.16
42.304
37.376
43.312
31.456
33.52
30.728
52.168
46.192
29.92
95.752
28.6
31.048
77.744
44.352
64.216
29.04
36.048
28.776
40.312
29.856
32.064
78.912
37.44
30.528
121.464
31.032
62.76
60.4
34.016
37.256
30.704
38.672
31.52
34.776
28.584
30.552
27.728
32.04
32.088
65.976
42.832
55.224
27.608
28.872
34.616
28.68
36.344
26.568
38.616
46.304
41.304
50.912
32
29.888
38.816
57.824
31.472
30.776
138.344
80.552
30.488
26.696
38.592
49.064
30.48
35.016
33.016
32.904
68.808
26.248
48.528
44.296
76.744
30.904
47.776
34.304
39.728
59.664
28.152
67.304
31.08
40.472
42.352
56.352
35.304
55.2
31.272
55.08
34.968
36.936
68.984
35.304
43.272
28.656
119.88
51.528
50.616
51.728
62.664
29.352
33.24
26.44
30.888
35.44
61.416
32.064
32.424
33.912
35.016
33.48
64.344
29.688
40.872
43.416
27.384
31.728
39.432
30.12
31.608
30.216
33.624
39.728
32.712
26.44
92.48
58.44
27.528
30.536
31.416
43.304
40.584
37.184
41.112
45.48
36.168
52.536
30.504
28.872
34.352
64.456
61.168
53.872
37.304
26.24
29.92
29.728
57.168
28.776
40.112
43.352
31.4
55.56
37.208
36.248
46.112
34.616
36.824
39.728
34.952
40.736
28.76
35.984
31.232
62.064
29.952
69.456
39.016
27.728
29.904
51.88
33.208
37.344
53.728
72.376
26.44
32.104
37.176
37.048
30.728
64.416
30.624
29.728
52.024
33.064
31.064
28.488
55.416
53.512
38.184
35.56
46.976
32.952
40.68
38.808
45.096
37.224
66.312
40.064
27.44
31.112
53.304
28.44
34.016
48.224
26.672
29.12
37.328
51.776
28.44
36.416
40.304
57.552
29.312
64.736
30.08
26.488
29.264
30.128
69.496
41.792
32.336
26.44
71.504
45.688
33.728
45.152
29.6
92.528
42.112
44.336
29.024
37.592
34.28
64.456
38.344
29.032
79.656
52.304
40.304
41.072
37.064
45.12
31.008
42.728
29.304
39.4
35.728
29.536
33.728
33.064
28.624
56.456
29.728
29.44
51.304
32.152
75.928
28.968
46.936
38.88
44.824
37.064
35.544
44.88
28.824
29.352
62.928
65.024
43.232
39.944
52.456
27.728
37.728
31.776
42.2
54.144
49.88
31.728
30.536
40.184
29.44
41.728
28.872
40.304
46.112
31.016
26.744
29.184
36.632
55.016
36.2
64.064
88.808
37.232
34.376
34.064
30.44
46.456
28.728
39.576
68.792
41.48
35.536
56.736
29.44
41.352
38.848
29.44
47.016
39.808
52.344
43.032
38.592
50.28
36.776
29.488
63.856
33.664
31.072
26.8
56.168
31.408
29.296
70.144
62.752
39.28
43.648
30.256
48.544
30.44
38.512
49.84
36.928
38.896
54.096
31.504
33.712
27.28
31.648
35.296
37.264
45.016
34.728
49.072
29.704
68.56
35.992
37.648
35.296
29.016
51.664
31.312
36.4
48.928
65.488
32.896
30.496
68.688
48.064
45.952
44.32
56.368
44.304
75.376
29.824
31.792
27.04
89.728
63.592
36.488
32.176
37
59.352
27.44
52.44
32.352
30.888
78.216
42.984
32.536
26.344
34.728
40.016
62.128
64.504
39.64
32.304
30.912
33.728
28.152
39.344
55.504
31.312
38.016
43.344
30.912
41.544
28.776
54.72
42.312
66.928
36.728
33.128
29.064
26.232
30.12
55.288
28.728
45.528
29.976
26.44
31.224
29.728
37.512
33.24
60.168
57.336
38.904
56.304
60.072
34.2
32.328
31.064
34.056
38.184
28.728
50.44
57.192
31.56
37.016
26.808
36.344
36.936
37.352
26.2
59.168
80.728
54.728
45.256
30.536
48.88
30.44
55.408
26.152
29.304
48.552
26.2
46.168
32.296
32.104
26.44
49.928
30.304
37.592
27.488
36.016
47.976
56.464
39.568
62.928
28.672
46.336
37.296
34
26.848
32.016
34.064
49.832
29
67.208
33.896
38.024
81.744
56.016
36.4
43.36
101.056
32.44
43.304
35.176
30.568
28.504
30.616
61.592
34.024
58.016
30.944
37.176
28.832
37.112
31.28
32.048
31.616
38.624
44.592
78.272
51.168
42.8
102.456
28.824
30.792
28.728
43.64
34.056
39.864
52.728
63.912
26.376
28.584
31.272
38.76
38.328
35.728
71.016
28.824
63.864
38.64
49.936
41.344
37.152
52.064
54.728
35.488
58.616
32.504
36.872
56.6
29.288
28.44
67.88
35.288
71.336
43.728
64.64
32.728
26.44
68.552
55.064
30.536
28.776
68.264
37.304
43.352
32.12
31.448
32.488
51.44
49.352
28.728
45.576
39.736
30.728
31.064
42.592
39.176
31.064
61.112
73.456
39.8
30.784
29.528
58.6
38.936
35.824
47.144
52.304
38.312
34.592
36.776
30.56
40.928
31.728
30.576
53.928
29.664
50.976
55.632
47.04
30.728
31.248
41.576
89.848
41.136
49.336
42.904
45.832
37.4
76.36
37.304
28.728
27.816
28.488
48.88
37.408
48.856
29.728
65.304
40.4
41.544
53.872
31.872
28.616
69.024
27.792
35.064
39.304
73.272
43.824
67.032
34.92
27.44
49.368
44.616
34.584
38.24
29.728
30.92
34.592
34.304
29.776
39.88
34.824
38.016
36.792
26.304
41.88
28.512
58.84
30.96
43.488
32.304
63.696
63.552
30.624
31.44
57.36
43.872
29.28
50.304
38.64
36.048
37.112
46.656
110.472
30.624
44.072
47.952
37.92
41.352
32.52
45.592
35.928
65.592
67.456
34.384
38.016
32.304
26.44
42.304
31.288
55.304
38.44
29.192
32.248
50.296
70.264
39.064
51.352
32.4
34.36
38.248
35.728
30.728
38.536
68.824
26.632
45.008
31
63.056
42.808
33.016
28.488
36.184
31.672
38.44
30.088
60.456
43.336
46.592
58.984
35.728
32.016
27.352
60.736
70.6
28.864
38.728
51.88
31.576
52.984
37.192
38.104
26.152
41.304
37.72
28.168
33.016
69.432
58.768
52.112
37.064
30.632
29.728
26.152
52.728
37.48
46.304
32.88
33.872
37.776
40.4
38.44
31.352
104.416
32.008
35.96
29.896
56.408
31.824
40.136
30.928
30.304
33.856
31.264
30.728
28.488
65.496
81.792
30.776
28.56
47.016
65.568
26.2
28.168
33.256
32.824
53.448
36.016
54.776
62.856
53.584
27.464
38.272
51.992
28.72
41.24
32.608
40.328
66.592
32.176
40.4
43.808
36.728
51.536
38.216
52.096
32.064
34.992
29.776
45.728
37.16
36.728
59.12
31.728
35.728
32.776
39.016
43.056
27.152
107.904
34.88
30.192
36.304
62.032
37.16
30.776
34.328
54.536
30.584
34.136
42.344
32.312
155.96
61.928
40.28
30.968
36.056
28.44
39.64
32.088
62.136
119.504
33.144
31.752
55.32
92.368
30.728
30.728
56.016
39.016
38.344
37.024
28.728
29.032
29.496
35.784
38.016
30.968
29.44
55.16
34.288
30.44
27.728
28.728
32.44
41.848
35.688
90.344
30.776
81.464
29.44
41.592
37.304
43.824
39.592
28.44
30.648
29.44
33.92
32.608
52.016
53.296
101.584
32.992
81.032
70.24
70.288
47.776
30.544
37.312
38.08
29.488
44.632
70.84
26.44
52.488
132.944
28.584
31.992
28.92
42.592
29.728
34.304
49.84
40.096
26.608
40.016
28.816
53.584
34.192
40.72
27.44
38.848
29.056
74.456
38.944
61.312
30.88
37.016
58.504
36.232
30.44
41.672
27.8
65.168
37.016
32.744
42.592
37.832
30.92
33.856
37.264
26.512
30.44
74.32
41.488
64.168
29.016
30.776
32.056
37.728
86.984
38.424
35.064
39.912
29.16
29.688
39.592
30.44
33.064
60.928
34.328
49.504
37.072
54.24
63.76
98.472
38.128
29.296
62.224
45.776
31.312
35.16
62.024
29.728
57.136
30.536
29.824
49.304
38.992
38.312
60.928
31.12
48.448
29.536
34.4
34.864
35.632
62.832
38.8
38.608
54.592
60.736
32.304
54.304
39.064
57.208
57.504
65.952
29.44
30.824
30.632
32.216
32.6
32.408
34.304
30.056
26.984
31.112
33.32
37.688
46.64
27.968
26.576
36.824
40.352
29.672
58.816
27.92
28.384
59.888
29.44
52.064
41.592
37.56
70.248
61.592
27.728
42.92
52.776
42.728
53.784
34.616
90.08
31.064
31.008
38.304
34.752
38.048
54.728
82.08
43.448
31.776
28.224
74.456
37.152
100.08
31.488
49.352
39.56
54.728
31.448
37.976
52.728
33.016
26.152
35.32
27.44
28.44
30.44
31.064
105.152
44.24
65.168
29.696
27.56
70.168
28.728
29.488
32.304
59.776
56.88
26.152
44.592
70.784
40.592
42.56
37.544
34.016
30.848
80.552
50.304
30.416
29.984
27.44
37.472
66.144
48.32
41.736
54.728
28.248
56.856
35.544
28.632
42.6
30.888
31.416
40.824
42.304
56.952
53.16
29.44
30.888
40.528
67.416
26.664
50.472
30.12
30.888
54.336
55.416
53.424
30.264
42.536
40.632
39
46.592
42.888
93.336
50.88
37.104
29.536
40.624
48.216
40.728
34.016
28.296
33.384
50.952
46.64
51.728
40.928
34.016
54.016
30.44
29.08
81.904
31.072
51.592
26.8
38.016
36.448
34.576
43.64
28.864
34.088
30.112
43.496
46.48
42.208
38.416
73.616
51.928
48.944
59.792
30.56
53.304
37.752
28.728
32.44
26.44
64.408
73.576
44.016
32.344
36.728
31.256
36.728
29.968
42.448
31.728
28.896
63.592
29.064
33.912
28.44
170.968
35.448
48.616
43.656
36.504
32.472
30.584
50.76
40.472
43.304
62.168
61.112
26.152
39.64
36.2
38.016
50.56
47.352
76.048
45.824
29.776
31.72
41.824
36.832
58.72
28.768
26.656
30.784
38.992
41.304
27.04
35.728
29.776
31.744
63.952
36.304
33.04
32.272
34.048
32.08
29.776
27.808
35.344
36.728
36.496
36.112
88.608
74.264
42.632
52.536
34.064
105.2
50.304
29.44
29.44
29.968
40.728
40.096
32.728
52.728
64.336
34.728
32.824
28.312
31.96
32.352
29.128
40.696
44.584
60.472
31.776
34.36
42.352
31.584
39.208
30.728
99.584
38.192
59.264
37.28
39.776
28.928
33.728
41.696
39.824
66.512
31.52
32.048
29.456
35.264
41.592
32.192
39.92
55.568
31.616
33.104
32.024
37.064
34.952
58.76
27.608
54.752
30.536
38.304
97.488
32.592
67.44
51.824
31.488
37.968
38.496
55.312
32.304
55.912
31.84
37.392
67.64
42.24
37.064
28.152
78.36
29.728
45.32
32.728
39.016
37.016
28.744
37.672
34.728
27.968
28.824
27.152
40.016
30.704
37.712
53.168
28.152
47.16
64.968
29.976
38.904
61.52
28.44
42.592
35.728
28.24
30.968
37.016
52.728
36.216
66.024
26.432
35.352
37.44
39.888
38.544
28.896
37.872
39.6
32.256
29.728
40.816
32.488
30.856
32.144
36.4
89.488
30.248
63.376
37.504
42.824
57.016
34.432
38.584
40.72
31.168
30.016
39.736
37.744
80.584
31.312
40.96
37.44
31.648
83.776
73.264
40.016
54.944
30.488
32.696
37.544
37.112
76.728
29.728
31.016
40.336
67.592
30.728
30.728
40.616
29.488
28.336
84.032
37.504
26.2
32.752
26.32
34.016
29.488
26.44
52.648
33.064
29.656
30.952
67.24
31.304
37.728
38.592
36.816
30.72
55.64
28.152
56.648
43.88
28.776
41.528
37.256
40.352
45.88
32.304
37.288
38.016
29.904
55.168
62.88
62.88
30.528
36.816
75.744
31.152
30.44
62.456
35.84
29.864
40.064
29.552
44.24
66.592
30.608
40.24
29.696
26.864
48.992
32.728
36.56
45.488
30.176
30.968
46.304
51.896
45.88
37.592
55.456
41.592
66.304
28.576
29.584
30.112
28.584
28.152
44.56
32.52
59.176
26.808
35.44
39.824
78.648
38.12
48.008
30.536
74.096
35.624
90.152
39.32
41.352
36.544
84.608
67.592
46.48
47.592
58.048
39.48
38.176
39.272
31.264
62.712
30.016
31.776
40.424
50.544
31.112
42.64
29.728
37.168
30.44
54.016
28.92
37.448
33.184
34.376
30.112
29.728
31.84
40.288
29.44
57.136
37.168
45.184
37.112
40.096
29.44
53.304
29.488
50.16
32.896
60.064
38.752
39.728
53.92
54.424
67.408
45.616
38.224
35.824
30.592
33.064
31.6
41.832
38.368
28.92
53.296
26.464
32.064
30.728
36.304
28.912
38.064
59.592
70.456
34.44
34.304
30.728
32.192
31.28
35.016
58.064
31.728
59.792
38.592
37.52
30.44
30.96
34.128
29.728
34.336
29.824
27.584
120.832
39.728
33.824
28.536
55.016
32.936
32.44
32.488
48.688
65.176
30.184
47.016
49.784
42.016
36.824
57.016
36.4
38.592
30.72
35.728
41.568
29.856
66.592
40.224
30.88
38.832
30.24
74.168
44.688
61.016
33.016
44.88
50.856
40.304
30.992
57.44
40.016
38.768
26.384
69.296
26.432
37.016
46.688
32.016
52.168
30.44
60.304
39.608
53.728
64.304
37.232
28.88
33.248
42.592
33.28
32.44
63.088
28.728
34.016
36.224
40.016
73.456
56.144
30.752
32.304
42.672
42.64
35.488
39.256
28.2
30.888
35.064
27.152
64.64
31.272
29.64
32.808
44.016
42.216
54.024
34.688
30.728
42.64
37.448
60.296
29.488
52.096
30.968
26.44
27.656
36.568
29.176
40.264
44.328
53.216
38.64
62.928
34.728
30.576
37.384
29.016
43.192
71.304
37.016
52.392
30.872
63.416
39.592
35.624
78.28
86.552
59.904
45.56
39.016
27.552
40.56
55.648
51.216
29.728
33.072
32.016
57.408
59.728
32.728
38.056
53.728
31.776
28.2
27.44
40.488
46.296
30.216
38.424
31.224
34.592
27.488
37.04
27.44
39.488
31.136
28.44
30.648
32.616
44.928
45.384
56.952
61.232
40.448
40.32
43.816
26.152
28.36
37.016
63.872
55.016
28.904
33.992
38.12
53.592
38.064
32.352
27.656
46.296
52.664
28.824
51.536
36.728
32.448
28.616
28.664
42.392
39.896
56.6
42.728
52.616
34.4
44.304
52.024
38.592
37.016
28.56
62.208
29.824
26.488
42.304
39.96
30.488
44.184
38.456
37.064
33.272
36.92
66.272
35.44
32.648
67.88
31.016
34.064
71.072
38.064
35.84
32.592
33.4
29.488
43.456
37.264
28.672
31.36
54.208
57.136
58.624
33.016
29.632
72.64
26.2
42.4
39.328
30.44
70.88
30.728
38.592
29.76
34.848
61.016
33.456
31.544
38.544
37.016
37.392
31.44
63.592
29.04
79.688
39.888
28.656
32.304
32.016
35.232
111.12
30.304
28.848
38.288
29.856
32.016
37.344
40.728
35.304
38.016
28.704
62.936
30.872
30.728
27.152
50.936
30.728
29.728
39.936
42.64
31.44
26.536
45.168
27.44
26.44
76.176
63.488
58.224
65.456
39.072
61.168
34.016
39.856
37.264
46.88
30.848
55.928
28.616
26.488
30.488
41.304
53.816
38.64
40.016
38.144
30.728
36.056
30.584
41.592
30.44
40.304
39.128
53.88
65.168
64.008
57.024
31.856
61.664
50.44
66.736
40.352
32.248
39.424
37.096
34.448
28.776
37.88
30.968
39.304
54.296
37.784
32.312
29
30.728
34.016
33.608
43.256
30.296
68.024
66.104
26.312
44.56
35.016
74.664
44.016
32.304
27.152
30.44
28.808
30.776
34.904
54.216
30.44
31.208
40.568
80.216
42.104
39.752
106.32
29
47.352
44.88
30.488
40.376
27.44
47.384
26.552
45.168
32.016
67.904
50.76
79.168
32.416
37.504
32.728
30.832
41.44
26.608
54.296
31.064
35.304
60.648
41.256
26.152
30.76
29.44
29.968
32.4
45.168
57.168
34.728
26.488
47.88
31.064
45.768
28.952
41.632
30.92
52.328
29.096
37.784
31.592
34.04
45.304
43.88
44.736
27.832
36.008
47.904
29.816
120.568
30.728
61.256
29.44
30.688
32.896
26.464
27.2
41.152
43.088
40.96
27.536
31.888
44.896
30.784
40.192
30.824
39.28
55.168
31.44
36.496
31.264
32.992
31.36
34.304
53.312
40.016
31.728
54.576
29.44
38.592
61.68
40.576
45.168
30.544
29.728
73.88
52.168
61.576
29.728
36.184
64.352
28.44
29.536
68.856
32.224
64.264
91.464
31.016
29.64
32.984
85.592
29
34.776
56.424
62.456
42.112
58.24
35.248
29.536
37.936
86.192
30.784
39.064
29.776
28.312
34.12
44.928
59.128
55.096
58.504
32.392
47.304
43.48
36.512
31.288
34.688
40.728
95.456
40.728
30.464
38.864
29.792
29.84
28.688
36.416
39.344
35.024
27.872
39.392
55.28
28.44
34.064
30.888
30.728
67.64
36.016
28.384
41.592
39.64
36.328
38.776
28.728
32.016
29.704
36.712
34.352
53.32
26.488
30.968
32.536
61.976
29.944
59.288
37.256
28.672
35.824
38.016
35.872
50.792
26.152
30.44
35.488
38.408
30.056
32.016
31.104
30.44
62.112
32.16
44.976
35.728
29.584
30.832
57.352
37.064
36.776
56.744
30.824
32.776
100.24
41.704
30.728
33.728
43.592
30.44
37.856
32.408
32.864
32.352
28.152
47.76
35.728
42.528
39.304
30.488
48.296
31.784
37.64
42.64
30.928
27.664
32.824
32.488
35.112
28.68
30.888
61.952
28.536
31.584
37.224
36.776
28.872
54.504
27.912
40.44
27.488
28.872
32.84
28.568
61.792
34
26.152
30.928
36.776
70.096
28.904
29.584
32.312
36.352
29.968
67.936
27.152
79.76
38.44
33.208
84.744
28.728
64.744
37.64
39.608
42.304
87.08
36.44
37.688
55.256
32.504
40.352
37.112
51.312
67.152
29.44
30.928
48.976
32.016
31.728
59.304
30.112
55.928
36.792
36.84
29.44
29.064
78.688
44.656
41.344
44.688
32.752
31.12
51.088
44.656
37.064
29.104
48.592
33.28
31.648
35.256
29.056
32.016
31.016
34.664
38.312
53.728
29
33.128
43.976
70.456
44.304
31.304
30.728
32.696
54.384
31.064
29.44
26.152
30.928
29.44
30.576
27.24
30.728
30.776
34.424
78.176
60.016
35.064
42.776
42.152
38.4
38.928
44.64
36.728
72.816
37.584
70.8
28.728
87.072
32.016
43.44
40.728
36.048
37.016
31.256
44.592
41.76
36.904
30.624
54.432
27.152
53.824
29.84
85.88
30.592
31.12
51.776
26.848
71.024
30.016
36.272
34.352
31.024
31.792
34.72
35.984
57.808
52.832
86.032
31.12
37.888
30.968
55.696
32.464
32.512
29.392
30.64
40.768
76.504
72.496
40.624
31.312
58.928
55.136
43.736
29.728
39.592
64.6
42.544
28.44
62.568
30.536
53.064
44.304
37.64
30.968
48.056
32.304
29.144
30.872
34.592
64.28
53.36
31.088
32.728
36.896
38.624
60.976
30.728
34.592
26.72
40.304
41.408
38.192
28.44
29.168
67.616
53.88
47.88
33.864
63.304
35.056
55.928
26.704
28.912
39.76
35.248
39.064
30.584
38.592
32.792
28.728
35
36.216
34.104
34.256
29.504
46.072
32.68
49.288
31.016
56.304
40.344
37.304
69.616
26.464
61.832
52.952
27.248
32.6
32.648
49.736
32.728
33.304
90.216
32.016
43.224
38.64
44.68
26.488
30.728
26.216
32.728
68.056
30.904
26.152
29.032
54.28
59.776
83.608
61.576
29.704
31.432
42.592
63.4
63.88
36.728
53.848
52.376
46.664
57.36
55.832
37.248
38.84
55.688
59.096
32.024
31.592
35.536
39.08
74.168
41.336
30.584
57.032
63.32
27.848
39.656
36.728
43.304
68.696
30.776
28.472
31.64
30.728
34.112
34.376
30.824
34.376
56.792
57.56
26.68
32.648
72.056
31.824
38.024
27.312
89.192
61.88
43.928
42.488
43.592
55.976
35.336
30.488
38.024
45.4
32.728
35.176
71.36
28.984
52.256
57.736
33.592
44.88
28.488
38.616
39.256
79.928
28.488
39.304
28.824
45.672
46.168
45.88
36.304
37.288
39.472
28.696
32.08
52.984
30.952
29.016
28.632
32.16
42.592
38.928
26.736
62.64
30.776
40.728
29.016
39.04
52.776
47.928
64.992
67.168
118.56
30.016
62.592
36.784
29.064
28.912
51.112
62.712
31.6
27.64
45.72
40.304
35.112
44.352
35.88
30.48
46.008
34.776
55.896
41.592
67.592
35.44
52.048
40.336
32.44
31.256
45.184
40.064
77.312
39.2
29.728
42.784
38.72
34.352
64.976
30.776
59.168
44.984
34.016
38.552
35.24
36.016
34.728
33.016
28.984
30.952
30.76
40.016
30.088
33.016
40.984
36.712
54.776
40.904
37.112
31.112
31.16
72.872
90.488
30.728
31.496
52.88
35.888
35.44
56.544
36.776
39.864
30.224
31.032
26.912
37.4
34.688
35.776
37.256
31.824
42.304
51.232
45.76
96.456
56.304
26.184
31.992
41.832
64.44
32.688
81.528
37.208
80.016
33.744
85.84
29.248
36.728
32.016
30.824
87.752
91.224
64.04
58.016
77.288
55.256
38.504
31.488
60.592
53.856
32.56
54.928
44.896
37.024
29.768
36.824
28.616
41.304
40.016
65.832
29.44
36.44
32.128
53.736
66.248
52.336
70.824
29.112
55.8
32.152
35.208
42.016
28.536
34.776
27.488
28.44
35.44
33.016
51.768
40.048
26.344
69.816
34.112
64.344
41.592
36.12
28.536
44.328
40.776
39.864
46.304
38.472
29.776
94.624
55.544
32.792
39.016
30.92
33.064
30.712
35.936
36.28
35.368
68.976
47.176
56.104
30.776
32.064
44.592
31.016
40.16
32.288
30.776
36.896
38.624
27.776
30.752
42.536
32.72
28.928
31.136
39.88
63.88
34.304
30.808
32.536
42.304
27.472
42.032
56.24
28.928
27.488
26.816
29.776
105.376
48.4
30.928
41.536
85.264
32.704
55.312
37.208
67.072
83.456
28.44
63.744
29.712
37.304
53.728
44.552
42.592
27.776
29.44
29.488
28.656
78.384
28.752
59.304
31.808
42.656
32.016
30.44
34.776
31.728
30.824
34.016
47.504
39.392
30.728
30.728
37.976
55.784
77.504
30.44
43.248
28.152
45.792
45.12
31.968
39.496
34.016
62.008
35.176
60.4
45.872
34.728
30.824
32.44
34.728
53.736
29.784
30.552
68.52
45.592
53.928
35.712
85.44
59.4
30.728
57.768
36.504
39.392
29.592
32.016
33.96
38.064
30.888
43.304
77.736
33.992
50.84
84.032
32.488
51.144
30.44
75.744
34.032
31.44
44.304
31.92
53.328
80.832
31.008
35.28
32.736
31.016
59.184
29.488
43.216
30.392
101.104
60.592
34.72
69.368
30.448
54.304
34.96
31.936
29.064
31.744
39.232
30.16
60.208
39.616
47.072
44.464
51.592
38.752
61.6
53.968
31.44
42.256
28.384
46.448
29.632
44.96
35.112
41.304
29.112
33.016
30.6
41.448
28.536
30.464
26.432
30.488
39.728
29.816
63.824
41.096
48.88
38.848
58.456
37.304
53.016
30.44
95.504
29.112
29.16
63.552
39.288
29.256
34.728
67.896
36.744
38.376
32.904
40.872
29.44
53.88
55.648
37.216
39.144
29.104
52.632
42.352
31.312
39.76
54.688
34.096
31.504
49.592
32.992
32.56
67.304
81.232
30.44
28.952
31.12
47.4
37.16
36.016
37.024
33.296
68.888
43.016
55.784
44.744
31.112
42.4
30.688
35.016
30.44
38.408
58.376
26.152
36.304
31
42.568
31.776
35.656
34.264
39.352
33.064
29.56
77.368
32.536
31.624
29.992
37.24
32.248
79.688
31.336
55.256
33.304
29.992
28.488
49.016
41.592
58.216
78.24
30.968
31.584
74.216
35.144
62.312
42.928
30.776
44.592
38.592
32.88
32.016
30.776
29.656
53.928
26.488
30.728
55.256
115.784
36.152
43.304
45.08
58.808
31.016
34.424
29.912
74.36
40.088
42.776
55.88
31.544
45.368
36.392
38.36
47.504
63.592
48.728
43.016
41.096
30.584
27.224
66.392
31.728
58.744
32.12
53.288
40.016
30.536
34.184
47.432
32.12
36.824
51.848
55.736
37.136
50.44
31.304
30.872
53.072
46.04
29.44
28.768
29.44
39.064
35.728
40.016
34.544
26.44
32.968
27.152
30.304
35.728
50.24
41.728
29.536
36.304
27.44
26.872
28.44
34.968
32.016
32.376
33.016
27.68
31.864
53.032
40.064
38.016
29.632
51.856
53.112
34.728
36.824
32.616
60.016
29.872
49.768
26.44
34.352
37.28
57.592
30.848
28.632
44.096
33.728
33.112
68.456
62.504
62.128
33.728
27.776
29.728
55.64
82.336
32.824
44.888
29.728
28.2
55.848
45.064
26.856
30.744
31.728
42.552
32.04
55.352
40.488
33.32
39.44
32.016
65.12
43.544
30.848
32.824
42.896
30.952
63.104
39.16
32.432
32.24
35.888
39.776
57.776
32.384
38.432
55.52
39.448
63.248
65.592
48.216
32.4
44.88
38.024
30.768
30.44
37.592
66.968
60.304
62.752
42.168
58.016
29.744
67.688
61.472
37.04
69.92
32.528
38.288
31.136
56.624
37.952
29.84
38.768
31.376
48.704
56.792
26.672
40.28
26.776
34.984
112.608
29.728
39.376
40.208
54.784
57.952
62.448
74.496
51.736
45.064
32.016
28.464
30.912
32.632
43.44
42.592
32.448
30.816
37.344
29.952
29.04
56.928
33.776
40.992
31.728
30.816
29.664
33.792
38.64
26.672
31.008
84.8
35.136
34.928
31.016
44.352
28.728
34.016
46.592
43.256
31.016
34.304
32.44
77.632
31.048
32.016
46.216
61.144
37.536
31.432
46.84
33.448
30.776
43.096
29.016
43.144
35.272
61.304
50.2
45.688
30.728
31.576
45.872
35.944
33.832
62.44
29.848
52.696
55.384
27.832
50.072
32.44
78.808
68.776
30.904
35.928
80.584
37.912
49.96
35.728
38.728
41.44
33.736
31.864
28.728
71.512
31.72
63.928
32.256
31.816
81.792
29.704
68.4
49.264
51.456
32.64
30.536
71.568
32.496
40.456
56.016
61.456
33.904
61.592
31.776
60.2
37.544
34.064
32.064
39.312
55.704
36.96
32.016
57.12
30.728
32.016
39.984
28.704
86.592
30.44
47.784
31.728
52.872
31.728
39.016
44.64
63.648
26.2
27.928
28.648
40.304
41.688
37.536
55.104
39.592
29.536
28.864
35.392
35.064
35.008
52.152
32.896
64.304
42.256
75.664
31.992
44.4
26.208
65.928
37.296
40.224
33.552
34.304
32.16
55.008
45.304
31.776
43.016
54.776
44.784
38.112
41.496
63.648
30.816
39.728
47.664
39.4
39.792
46.016
33.064
35.792
34.016
28.64
30.704
30.44
39.152
35.44
41.768
29.008
40.112
34.064
56.304
30.824
36.728
37.736
60.344
83.168
37.776
56.304
81.744
32.4
95.712
44.88
28.728
31.488
42.64
32.728
38.128
61.224
39.256
30.736
32.344
53.144
55.448
42.872
37.016
29.864
35.16
75.288
30.488
52.968
31.896
30.44
116.664
30.536
40.016
29.864
34.472
37.64
34.304
31.448
34.376
31.584
67.064
42.632
32.12
44.592
29.048
27.84
50.696
36.768
41.384
37.832
91.16
43.976
76.088
60.104
39.304
28.856
27.44
96.584
29.384
33.824
32.44
44.488
33.976
60.424
30.232
42.592
56.024
32.8
31.728
28.44
49.544
29.776
29.584
57.256
46.432
62.584
34.24
29.488
28.152
76.88
92.632
33.224
28.472
31.16
27.44
40.016
64.928
44.592
28.976
31.968
35.016
41.592
32.016
40.016
28.44
29.904
32.064
37.016
33.032
43.4
29.488
77.088
39.304
48.784
35.728
37.072
30.728
28.336
30.536
33.256
104.504
34.728
35.016
54.872
38.856
34.344
57.8
36.504
67.032
29.112
45.72
33
46.968
30.44
50.136
65.304
30.072
42.352
32.016
58.304
35.448
50.728
30.936
36.744
37.512
46.688
38.76
42.688
35.448
30.824
30.456
31.704
54.016
63.912
32.728
35.16
37.016
26.568
52.784
81.168
28.832
28.488
35.488
52.36
31.896
28.824
40.392
33.24
31.064
61.848
38.856
68.664
39.672
73.152
28.32
53.112
28.848
39.24
38.496
30.728
37.496
32.264
83.912
26.44
32.584
36.952
30.04
38.488
55.816
28.44
44.344
26.152
45.992
28.872
32.584
28.68
29.776
36.016
32.016
40.016
29.984
44.64
42.528
40.4
28.728
34.728
28.536
30.824
41.432
26.152
32.776
44.064
38.592
36.016
56.168
32.44
39.544
26.152
31.016
41.512
29.624
34.92
42.928
30.304
26.152
34.8
28.728
30.44
48.88
42.728
39.656
28.872
34.304
45.88
37.288
35.728
44.64
123.808
80.064
31.112
35.984
30.92
27.632
30.44
55.208
40.16
31.728
35.096
36.632
30.584
42.304
35.912
39.32
31.016
38.168
31.784
53.816
33.752
28.904
31.832
34.528
29.96
80.504
30.44
30.968
27.152
27.968
32.44
34.496
29.848
56.624
36.856
68.432
38.112
33.68
37.328
31.728
30.304
48.448
49.36
52.488
35.256
29.544
30.792
31.32
32.088
30.936
39.016
57.144
47.592
76.984
37.512
31.08
27.288
30.888
42.696
35.304
48.88
44.64
77.592
53.016
30.776
36.984
29.144
37.16
30.528
114.008
38.256
57.552
28.856
29.28
46.904
39.512
29
56.88
30.968
51.176
88.904
30.44
39.032
35.72
38.408
35.816
35.536
27.224
39.032
72.88
32.12
33.208
30.968
36.776
38.056
77.944
53.776
40.304
60.304
35.872
59.688
48.264
78.072
92.048
39.96
35.696
31.608
60.696
29.784
30.792
36.728
55.32
29.208
35.496
38.304
30.912
71.28
26.928
74.256
34.304
62.304
34.512
33.12
31.248
60.816
30.968
37.104
39.304
35.272
47.592
40.4
36.12
29.648
37.616
31.424
98.912
28.64
40.208
31.856
47.504
83.792
29.36
44.208
35.408
43.296
57.056
41.984
35.44
28.528
32.304
33.136
68.088
26.352
31.896
42.48
36.048
29.68
51.88
29.44
38.304
26.352
31.44
27.68
42.304
82.36
28.728
31.728
39.776
82.88
28.44
32.064
38.016
32.4
30.488
40.136
28.488
32.744
45.608
53.192
33.08
52.12
45.128
35.608
34.472
42.4
38.608
40.312
39.352
26.488
37.88
43.928
48.536
32.728
26.296
32.488
62.056
30.904
29.752
43.592
30.76
42.792
40.872
28.488
30.6
43.304
53.36
39.776
48.368
35.536
101.464
37.064
29.432
50.928
37.056
30.824
30.872
36.2
56.64
164.648
38.016
40.776
29.824
47.128
71.416
32.104
55.192
56.424
30.536
40.184
37.808
32.336
32.208
36.824
30.944
30.488
44.912
31.28
31.328
72.176
46.872
30.704
41.064
44.432
41.84
26.44
28.928
32.352
31.728
39.84
30.816
76.128
34.944
70.72
49.056
37.872
29.008
37.104
28.8
80.112
65.328
41.592
42.336
30.864
28.752
39.728
32.4
26.928
42.304
39.456
34.352
55.312
45.504
59.68
30.432
72.744
29.968
51.36
31.248
27.2
33.696
31.088
28.704
33.552
72.24
71.608
36.528
63.456
71.424
53.728
26.152
51.544
38.112
46.912
31.256
39.776
34.664
29.024
31.728
39.92
60.456
34.352
32.016
31.104
34.728
32.112
45.016
67.88
81.128
30.728
61.592
57.064
35
32.648
27.68
28.616
59.888
30.104
29.696
69.512
42.464
28.52
62.168
39.304
34.856
40.304
31.304
37.016
33.992
28.76
28.568
29.576
39.592
55.016
28.728
29.776
28.2
30.728
45.416
52.168
32.304
38.44
32.016
59.784
55.824
37.592
39.912
32.256
46.92
36.384
34.016
30.536
26.152
40.824
28.488
29.976
80.976
32.904
34.392
45.624
32.28
35.832
27.048
39.304
42.936
37.464
35.592
31.56
30.44
32.088
31.896
36.504
41.832
50.44
73.32
44.968
34.488
44.296
29.256
49.88
27.384
35.016
169.032
40.2
55.368
31.896
63.168
30.816
38.536
29.728
32.44
54.04
33.928
29.896
69.544
53.032
29.56
29.128
37.576
37.304
29.912
32.12
28.568
62.936
53.88
38.984
37.016
32.016
74.312
28.968
37.304
39.336
30.728
44.208
36.944
27.936
34.304
45.632
30.864
35.84
32.728
32.352
38.352
69.456
66.216
73.744
64.592
39.064
30.56
31.728
30.728
45.168
33.728
52.944
37.256
29.728
51.168
54.016
27.632
28.488
47.456
38.224
26.2
37.768
38.536
31.144
32.872
35.8
44.968
48.832
40.936
39.544
35.992
72.04
38.224
64.912
35.2
38.016
32.016
47.008
38.544
58.304
48.976
92.672
40.624
57.472
30.584
39.04
56.576
32.552
30.728
69.56
36.536
29.624
32.552
30.68
29.44
31.928
40.136
34.424
30.488
38.456
28.424
87.504
68.792
30.2
46.808
60.168
42.88
32.112
52.88
30.728
40.376
38.744
29.912
40.52
36.728
28.616
29.144
38.792
67.88
30.2
35.048
27.152
59.096
101.624
38.792
28.76
30.488
30.968
28.296
62.904
38.064
41.112
30.84
45.592
70.84
36.088
34.016
81.736
51.488
55.304
42.352
29.44
38.304
31.728
101.368
63.552
48.816
27.024
37.44
62.648
30.536
36.016
26.152
53.264
35.32
63.64
35.368
29.016
63.208
38.976
38.784
28.728
32.728
32.056
35.968
28.984
27.616
58.072
37.264
43.12
57.4
27.2
35.128
37.576
49.152
36.728
49.864
38.392
29.776
36.304
32.512
41.352
35.728
64.304
31.968
56.728
78.136
50.072
28.744
31.432
28.44
26.68
30.808
39.728
30.856
40.544
38.192
27.2
62.856
27.448
35.304
37.016
37.752
29.624
39.24
32.328
32.016
53.776
31.976
41.584
56.984
28.896
67.592
33.824
35.016
30.968
65.096
52.64
30.728
54.056
38.264
32.776
30.904
38.496
27.592
38.544
34.84
31.152
48.24
36.528
31.056
26.2
29.424
27.488
39.072
61.2
45.408
32.976
100.704
59.712
59.728
29.728
31.216
37.064
38.544
62.592
37.064
49.296
32.304
51.592
58.032
29.728
34.352
41.536
48.12
33.776
32.144
63.944
56.168
29.096
31.728
34.016
31.112
38.016
32.064
40.728
34.016
65.112
29.776
35.824
78.368
35.824
49.072
64.88
33.28
32.848
30.736
57.88
127.024
39.472
31.84
31.168
30.016
33.016
57.904
27.44
28.432
66.104
29.44
34.768
89.32
35.776
42.304
33.824
43.312
33.064
30.952
31.96
28.728
40.888
38.4
29.064
37.728
26.44
34.176
30.728
32.824
36.952
29.08
42.088
31.096
50.584
52.544
34.064
37.672
65.928
86.68
34.296
31.288
37.816
79.992
29.224
26.52
42.712
34.968
55.416
89.168
29.536
45.384
35.936
55.504
30.944
46.672
29.488
35.44
35.776
39.56
35.104
55.448
33.896
47.688
30.776
46.664
62.592
28.44
37.68
29.728
43.968
61.696
34.728
30.936
36.824
32.424
60.872
46.448
28.2
35.208
34.064
54.216
62.72
27.728
35.688
62.376
36.744
61.304
38.552
41.304
61.016
40.304
70.904
40.352
59.928
34.304
30.776
77.384
60.2
43.064
29.432
31.16
55.208
28.728
35.096
30.824
33.512
63.08
37.688
70.592
85.496
29.144
52.04
61.184
32.016
32.544
56.592
31.392
30.72
31.016
32.928
41.016
42.816
38.544
31.064
64.512
80.4
44.688
27.2
40.656
49.104
28.736
30.432
30.96
40.608
37.112
37.728
29.136
32.36
30.968
103.416
31.728
41.376
37.496
32.784
26.2
35.776
30.536
32.464
44.752
28.488
41.56
31.12
44.376
30.504
35.872
37.032
46.304
32.76
40.728
47.208
49.592
27.336
44.664
32.728
45.992
49.64
41.064
32.064
27.296
37.184
32.44
30.44
47.312
50.728
32.056
117.544
32.872
31
53.64
65.128
30.776
37.576
47.944
34.304
54.952
30.04
28.872
69.928
31.336
29.304
38.064
55.992
31.32
44.328
29.44
27.096
26.424
34.632
61.016
39.24
46.968
29.488
30.696
31.696
37.464
31.44
29.016
31.016
45.144
28.776
47.976
31.728
32.016
70.264
40.016
38.864
35.776
37.472
44.304
31.152
35.728
26.64
32.688
72.096
54.624
32.352
30.44
30.488
34.016
27.152
30.704
26.192
55.016
34.904
30.872
30.728
37.064
29.016
32.936
32.264
26.312
28.52
55.408
53.016
33.864
31.992
42.592
28.584
45.48
27.912
30.888
37.416
37.016
30.44
34.728
38.016
64.64
33.728
32.016
39.112
42.592
26.304
31.72
97.632
28.8
30.528
31.056
55.448
30.728
37.304
32.984
30.776
78.688
28.904
31.728
43.04
44.304
33.552
36.824
26.2
52.48
29.488
46.048
37.304
88.472
32.36
39.592
35.288
28.728
61.64
34.304
32.648
52.728
29.44
31.168
38.176
29.344
31.792
29.104
38.08
36.44
61.688
31.016
35.144
38.04
68.928
30.776
48.576
33.016
62.784
45.016
37.392
36.64
36.4
43.44
32.728
95.712
44.064
30.488
39.824
38.88
31.712
36.776
32.728
32.44
51.976
32.304
28.744
66.592
30.952
29.968
35.32
44.968
36.376
26.584
30.952
72.04
28.648
38.056
43.864
66.568
66.232
29.32
30.808
28.44
31.336
35.928
38.584
32.632
28.84
32.008
35.656
32.352
29.728
31.728
47.536
29.136
27.44
36.384
35.888
35.232
45.776
55.184
30.584
62.432
38.792
53.12
30.728
39.896
79.032
82.664
53.672
30.488
62.504
28.952
38.12
40.792
46.328
30.04
31.976
31.44
29.864
43.248
34.728
49.176
40.584
27.192
37.264
28.92
28.584
29.536
57.304
53.728
34.592
71.168
28.44
72.408
26.376
30.776
31.304
33.992
37.88
54.304
41.048
35.336
40.016
35.304
30.552
40.112
34.592
27.632
38.016
62.72
35.776
73.456
54.784
32.312
57.128
32.016
70.856
28.2
47.208
37.016
30.216
41.864
36.584
65.784
31.352
30.728
64.792
57.304
37.016
50.408
26.264
26.536
38.584
35.44
32.44
39.808
30.44
30.488
31.976
62.984
31.112
39.976
47.016
42.264
34.872
55.56
28.728
52.368
29.44
28.872
33.016
30.688
30.664
77.536
61.744
27.152
35.392
42.64
31.36
29.016
37.408
63.88
41.056
26.248
31.264
51.256
30.832
47.688
31.44
30.728
29.576
47.144
37.544
46.016
35.984
42.304
28.872
28.728
30.44
53.016
28.2
32.064
26.328
45.312
44.856
65.216
43.16
53.112
28.808
46.424
28.712
60.92
30.248
73.88
30.968
32.44
37.064
38.552
47.24
35.824
28.912
52.432
45.04
35.488
54.304
61.552
28.488
38.136
39.304
31.256
43.064
28.728
48.632
33.064
39.352
51.352
32.92
31.048
32.296
31.256
32.968
38.552
45.304
26.488
47.304
66.976
46.448
31.984
32.576
69.168
37.016
41.624
43.016
33.272
39.536
33.08
26.488
50.888
32.536
53.816
31.064
30.152
47.48
29.528
62.936
32.024
45.64
40.712
82.168
38.6
39.736
31.208
30.184
42.056
58.552
56.08
32.608
122.472
56.96
31.328
77.264
32.728
65.904
30.912
65.704
28.8
38.208
38.016
30.624
30.44
32.84
34.688
28.2
29.688
37.112
42.696
32.904
35.352
43.304
26.52
34.248
30.44
64.296
59.784
43.272
28.92
44.592
34.968
32.4
39.816
30.768
101.064
43.272
39.72
34.968
38.136
34.104
53.592
52.312
35.64
74.568
33.816
36.744
32.232
31.08
33.768
51.096
36.024
80.952
56.88
59.16
32.568
35.736
31.464
29.592
27.488
41.304
29.776
35.728
36.784
40.112
33.16
30.912
32.4
30.488
61.064
47.52
36.528
36.016
30.816
52.688
36.728
33.056
38.456
70.168
32.384
58.664
41.416
34.472
98.344
29.24
36.232
29.288
26.152
31.256
29.144
29.44
36.632
34.728
31.64
49.88
54.488
37.256
40.432
33.84
26.44
88.608
30.808
48.096
31.336
30.184
39.928
46.944
45.016
29.472
29.016
30.968
26.488
32.728
30.592
28.44
96.688
30.776
36.976
62.504
61.304
32.424
27.152
57.032
39.8
35.288
59.176
31.016
80.984
37.44
29.728
56.936
32.728
43.816
78.432
40.496
28.44
29.44
64.64
26.44
28.928
36.416
34.016
80.896
40.016
37.504
62.272
56.672
51.168
71.216
45.592
96.328
39.304
31.016
31.912
31.776
36.344
31.72
37.104
71.912
31.528
30.616
73.952
31.864
39.352
28.64
32.776
30.872
44.584
84.712
130.264
39.16
32.4
39.168
43.88
32.648
29.088
30.584
28.472
26.456
29.728
28.576
33.256
27.664
30.184
63.648
53.592
29.616
45.12
61.104
49.88
37.632
28.68
35.44
65.304
34.304
26.68
43.024
28.672
45.76
30.44
37.208
39.88
30.44
26.44
67.048
33.728
38.856
60.064
28.152
89.12
29.44
61.696
31.168
33.016
47.056
56.824
91.024
40.192
28.72
77.216
38.44
34.592
41.64
32
29.888
34.016
29.744
63.392
31.728
35.6
56.496
68.288
28.736
38.864
41.304
33.872
49.512
37.52
33.008
30.896
27.488
54.456
26.864
34.824
39.392
29.36
52.776
30.128
36.504
29.456
29.832
27.44
32.864
58.448
34.112
32
75.928
51.488
45.496
46.976
32.016
40.904
52.544
33.728
32.336
29.016
36.304
32.152
26.272
30.728
32.2
46.72
27.248
31.888
38.656
69.928
28.44
37.064
26.152
60.504
39.016
30.68
47.528
28.44
51.728
40.352
56.304
62.88
64.544
54.304
37.472
31.792
78.56
30.848
29.776
30.416
35.544
48.792
53.4
29.688
58.056
30.936
30.744
29.728
31.44
68.304
31.248
29.44
39.568
32.016
39.016
40.752
45.928
36.304
38.512
33.04
43.408
54.256
67.024
29.104
32.016
59.632
42.064
28.488
43.552
78.624
67.168
27.552
30.584
29.064
35.064
40.016
30.536
40.544
29.536
36.272
34.856
79.816
34.984
39.304
32.92
34.08
29.848
37.096
46.736
34.024
38.392
30.04
37.048
48.976
39.016
38.24
28.744
47.272
31
35.728
95.368
30.856
55.168
42.472
32.896
30.536
62.224
81.744
45.304
29.016
30.536
30.344
31.16
38.304
37.488
41.824
28.672
29.44
58.304
26.152
63.504
39.16
30.536
39.352
39.592
40.104
41.8
30.728
32.064
37.256
36.344
27.536
39.064
32.632
44.44
37.288
34.936
27.296
32.344
30.232
42.304
59.152
40.112
73.12
29.248
45.4
42.736
53.824
43.64
34.432
63.28
53.408
37.648
29.936
31.696
34.544
27.424
34.672
44.592
35.44
67.648
28.096
30.776
61.504
41.144
33.472
50.064
39.04
34.528
54.728
32.456
28.472
40.544
42.304
34.776
34.192
68.904
26.56
38.128
30.304
61.696
26.68
28.776
30.984
65.312
28.152
32.728
32.016
59.496
30.744
39.728
32.824
37.688
67.144
31.064
32.352
30.728
45.12
38.696
40.664
38.552
53.064
68.056
53.4
50.304
92.504
30.728
44.072
55.496
35.96
26.44
30.776
30.808
49.064
45.496
37.144
29.032
32.44
71.368
43.096
37.016
54.904
43.32
46.552
29.56
31.528
53.168
59.896
34.728
27.296
67.624
50.144
36.272
31.728
36.32
33.776
28.296
42.592
39.624
35.728
80.232
61.848
30.84
35.976
65.544
30.728
57.272
31.728
32.728
28.44
30.376
40.744
30.44
35.032
37.24
57.928
54.856
32.824
42.44
37.624
37.016
37.672
62.504
31.728
71.32
46.112
40.824
31.52
30.552
28.728
30.776
30.44
29.864
46.976
53.168
39.872
33.976
29.6
30.664
29.648
37.432
67.368
32.448
50.76
38.592
52.784
37.016
38.016
32.304
37.016
29.44
31.064
54.88
62.848
30.976
44.944
59.8
29.608
51.456
31.816
38.568
56.216
79.168
30.456
52.44
38.088
34.296
28.344
56.304
67.456
37.272
56.352
30.36
33.728
30.888
43.176
37.216
113.656
65.592
33.824
32.016
28.728
35.424
49.896
38.112
62.904
67.352
33.432
46.04
48.12
70.968
67.744
30.936
33.728
29.784
30.792
27.24
40.968
35.496
48.024
59.168
29.592
68.52
31.368
95.496
30.984
75.976
33.192
35.776
32.28
36.44
61.128
57.368
33.576
57.896
30.024
70.664
42.552
40.44
54.456
32.424
40.112
33.088
26.472
41.64
36.552
32.304
59.88
30.728
30.648
38.856
56.432
32.448
72.88
31.016
48.688
34.272
35.728
35.016
37.216
31.728
31.264
34.656
30.352
40
30.584
29.968
30.392
31.936
30.92
43.736
47.584
26.408
62.216
45.464
28.632
58.4
29.016
39.968
31.728
30.824
116.28
29.44
69.048
38.016
42.304
58.432
53.152
38.136
35.304
34.184
68.072
48.88
51.08
30.728
58.568
32.216
61.552
82.744
30.728
47.816
43.16
32.728
31.064
30.488
61.816
27.064
52.36
63.12
59.608
31.008
63.216
63.024
32.016
30.776
37.544
64.032
36.064
31.728
83.808
47.68
30.728
29.728
27.656
50.416
43.784
32.464
33.016
36.592
40.672
35.44
32.128
39.016
27.56
44.352
47.768
32.216
28.904
34.232
51.112
32.728
48.448
52.64
53.016
37.016
29.784
45.112
32.4
44.712
31.08
64.104
34.728
33.816
44.448
30.632
31.44
38.304
31.152
55.92
65.328
32.736
28.944
31.392
31.2
30.488
33.648
30.576
32.968
32.784
45.072
38.64
41.808
36.16
38.496
41.592
62.544
32.832
52.8
28.824
55.032
56.52
34.728
35.352
28.44
77.216
32.92
29.208
49.304
34.296
39.4
31.704
56.952
58.92
31.128
42.64
35.288
43.736
34.904
28.728
55.112
31.824
71.96
35.44
52.808
46.064
37.256
35.384
31.352
44.12
32.648
30.536
42.4
55.064
32.312
31.16
30.728
40.16
33.944
58.384
32.272
26.84
31.12
56.368
31.216
38.464
28.912
30.64
43.864
32.128
89.328
31.064
53.512
55.016
33.112
37.24
32.44
33.208
28.888
43.88
31.096
42.304
28.744
30.472
40.36
26.248
32.44
26.488
32.488
67.352
34.64
37.64
99.328
65.688
43.688
31.496
46.304
32.984
40.728
36.872
36.8
30.68
48.608
39.016
71.168
33.728
64.168
26.152
30.488
28.728
38.456
32.304
34.296
62.984
59.432
62.6
30.488
41.016
33.896
54.824
66.352
39.512
35.92
32.6
34.048
30.728
33.728
26.336
81.832
56.304
32.824
28.728
71.976
34.064
37.016
50.312
30.92
53.24
30.776
36.016
33.944
37.352
66.92
34.064
29.288
32.936
30.344
31.832
30.44
43.304
56.36
75.848
44.312
32.168
35.2
28.536
67.328
26.664
46.872
39.24
54.256
34.248
120.096
39.016
63.312
28.744
37.432
47.352
42.592
41.4
38.56
30.888
32.128
38.064
34.336
31.744
58.672
61.592
42.016
29.016
53.6
31.944
35.728
37.752
37.8
39.048
74.368
28.576
68.168
28.856
99.896
66.112
57.744
32.016
30.488
48.864
72.168
65.576
52.512
43.784
35.776
37.448
35.112
37.08
34.488
40.592
38.136
31.464
42.448
28.44
30.44
30.888
29.976
38.016
41.784
37.752
30.584
69.96
37.064
43.368
39.816
26.44
48.304
33.208
63.592
48.16
38.68
30.44
53.128
35.288
62.456
45.224
30.44
38.304
38.072
31.4
57.64
29.728
38.176
54.064
28.912
39.728
43.6
67.168
53.296
56.224
39.728
68.592
37.92
26.296
29.44
36.776
40.304
56.16
54.768
31.016
57.456
45.64
54.36
30.824
34.968
51.816
40.016
29.744
46.88
38.44
31.288
34.432
78.376
54.424
29.752
41.304
42.28
43.776
37.832
31.016
62.168
54.824
32.792
27.488
32.528
31.728
37.136
31.728
37.296
29.904
51.096
30.672
36.024
40.32
39.912
31.008
42.12
38.976
42.304
29.424
36.016
48.576
28.44
36.368
31.136
30.44
59.776
30.488
35.584
55.064
33.512
30.728
28.728
46.304
63.592
58.328
32.44
38.728
53.368
33.256
43.352
37.064
31.112
37.88
36.248
34.16
52.616
56.504
38.592
32.128
33.064
31.992
30.728
42.352
55.496
35.44
33.776
84.672
35.984
32.192
49.304
30.56
32.016
68.768
72.624
38.096
56.352
34.064
53.52
32.432
67.488
32.24
36.576
45.728
39.008
29.936
32.624
65.792
54.56
59.168
91.648
39.776
32.096
30.944
36.776
32.44
26.152
37.016
30.44
31.728
27.152
28.152
53.728
61.56
45.88
65.688
27.928
41.4
37.208
31.728
53.448
41.624
38.304
32.064
34.064
49.624
38.016
40.304
31.064
46.664
42.016
28.472
40.384
30.92
30.008
55.496
85.064
39.032
73.72
37.88
35.976
54.488
31.496
39.224
29.672
38.064
33.08
41.016
46.568
42.536
37.968
44.016
31.064
80.976
33.032
85.104
45.08
33.128
60.584
31.496
66.344
28.728
71.736
44.4
34.104
41.304
32.688
37.272
54.576
28.704
34.296
28.728
72.168
37.656
26.376
39.624
75.56
64.288
46.928
45.056
30.704
32.016
61.144
42.232
30.488
47.64
96.744
41.64
30.44
61.016
32.536
57.72
28.984
30.304
57.768
30.232
33.016
31.48
29.608
27.016
47.944
30.232
73.72
38.488
34.304
40.352
90.32
39.728
35.936
34.016
31.184
42.4
30.44
84.032
36.8
45.488
28.776
60.656
39.016
32.384
43.232
30.32
40.016
34.208
30.176
29.984
31.712
40.728
30.32
28.928
37.616
35.024
31.232
46.216
31.728
34.728
37.736
30.824
117.992
32.016
29.768
28.856
33.728
43.304
32.096
31.904
29.792
87.44
51.592
31.088
38.096
28.304
30.992
28.728
42.304
54.776
51.952
29.864
30.64
35.824
36.392
36.92
30.008
42.776
54.728
29.624
39.728
59.912
62.36
31.928
27.416
54.824
37.144
29.192
66.2
35.728
32.648
40.856
86.744
30.152
41.96
29.016
56.168
32.304
29.336
31.872
30.968
31.992
67.168
42.352
62.08
47.304
29.832
30.488
28.856
30.776
29.624
62.072
31.016
39.224
98.08
64.184
56.544
40.352
31.52
45.88
29.44
41.304
30.688
27.672
32.304
35.296
46.2
47.104
56.808
45.952
48.696
46.48
43.224
33.088
42.312
61.696
33.424
39.472
39.52
39.328
31.44
40.816
58.64
31.984
29.632
51.96
80.56
30.776
31.344
33.808
38.896
31.744
54.168
38.016
66.288
28.464
38.832
34.56
85.008
80.08
63.456
69.264
32.304
59.776
30.728
36.64
34.856
50.608
52.664
80.792
31.4
26.888
40.016
30.776
37.016
31.544
34.712
92.12
36.728
33.848
54.056
35.624
44.592
58.88
38.552
31.88
35.304
117.368
52.44
30.488
32.936
33.728
30.848
39.536
29.44
29.488
30.728
41.352
47.072
28.64
66.688
38.16
44.688
37.832
40.04
42.968
48.296
30.304
32.504
58.432
32.072
29.256
43.304
60.208
30.152
26.416
32.944
36.592
30.64
66.976
41.344
45.464
62.312
31.16
32.168
60.056
31.304
38.264
31.112
58.456
44.12
61.448
49.248
43.016
60.368
30.584
30.44
84.952
44.408
80.2
28.856
37.304
63.512
40.76
41.064
30.968
43.016
45.896
66.344
31.304
31.016
34.904
39.304
38.64
40.016
62.168
29.728
29.256
93.136
55.024
37.064
62.512
55.592
30.64
40.4
65.728
39.728
38.896
31.024
39.016
69.168
30.576
47.184
40.16
47.232
51.592
28.8
31.248
29.824
42.304
38.496
69.504
44.592
72.264
36.72
38.928
30.304
64.656
32.064
40.752
37.064
60
27.408
42.536
55.776
29.184
31.392
56.168
53.168
39.12
53.088
31.52
58.168
52.896
31.104
58.992
39.84
31.248
53.616
29.664
42.88
74.592
29.52
50.488
39.888
45.456
53.024
44.784
27.632
32.728
30.432
115.576
29.76
70.592
45.888
53.728
45.696
64.464
37.44
34.512
33.824
52.872
39.728
30.44
37.304
36.016
44.688
45.92
26.248
37.056
31.568
27.496
30.664
47.168
34.256
40.784
30.992
31.04
44.768
51.296
46.064
27.152
44.96
36.608
39.056
29.264
37.016
34.728
62.816
29.984
32.672
31.016
33.2
40.352
31.088
26.24
32.096
30.776
29.44
35.352
30.808
40.592
51.016
34.728
39.784
40.304
66.472
70.84
62.968
31.336
45.592
32.44
29.368
45.976
30.968
51.64
31.736
30.536
79.784
55.352
29.912
35.176
54.92
63.32
30.728
37.224
59.216
28.376
53.832
26.624
33.224
40.44
37.592
35.688
44.776
38.84
50.592
33.608
47.336
31.544
29.728
31.352
63.36
29.48
45.128
32.304
37.016
32.024
64.472
35.728
46.04
112.336
33.128
29.44
68.936
46.592
41.64
42.352
33.768
99.456
40.016
87.984
37.424
38.352
50.488
64.712
30.44
30.92
31.688
35.536
38.456
35.384
35.728
63.712
37.112
35.24
35.824
45.304
33.256
32.728
31.328
30.896
42.224
31.232
48.688
37.28
74.168
70.8
34.256
54.504
44.472
39.064
38.448
38.016
34.944
68.928
40.544
39.352
38.208
44.592
40.016
54.728
44.696
42.88
46.352
41.12
42.64
50.592
77.744
59.776
106.656
69.976
61.016
55.016
70.168
58.016
80.384
78.32
60.592
63.216
62.352
94.128
92.16
67.312
69.88
74.608
