29.016
26.44
29.44
31.016
28.728
38.016
28.44
29.928
28.44
27.728
39.304
28.44
30.728
35.728
26.44
37.016
30.928
30.728
38.216
37.88
28.44
30.44
36.016
32.728
28.016
38.016
32.728
46.592
28.88
39.592
31.304
34.728
29.016
30.504
28.728
28.728
34.08
28.728
30.728
26.216
36.168
35.304
28.728
33.728
28.44
31.504
28.44
26.328
36.304
32.304
31.016
33.016
36.904
29.992
29.44
39.328
34.304
29.88
31.368
26.152
27.44
42.08
31.592
34.016
33.88
42.88
30.728
30.728
32.216
33.704
41.016
36.592
28.728
32.016
38.016
41.904
31.392
32.016
37.592
32.44
29.016
34.016
43.016
44.88
47.88
30.304
27.44
31.592
34.016
37.304
40.568
30.728
31.304
34.016
31.304
30.792
40.592
33.728
29.016
31.728
32.016
30.728
30.728
26.152
40.728
33.728
31.728
34.016
28.728
32.616
32.016
37.104
26.44
29.304
32.016
27.728
29.592
29.304
29.44
28.304
38.128
34.88
30.44
27.728
30.304
30.304
29.44
31.016
27.728
42.016
36.44
32.44
29.304
43.016
37.592
30.728
28.44
34.728
26.44
32.44
33.016
29.728
40.816
30.44
31.728
34.168
26.44
39.728
34.592
31.28
33.304
31.192
27.44
30.44
27.016
32.016
40.728
27.816
29.304
32.592
28.728
26.616
29.592
32.304
27.728
29.728
31.216
47.456
41.744
32.304
32.016
28.44
41.016
35.016
29.44
32.016
30.44
26.152
35.016
40.416
41.904
39.728
28.992
30.728
27.728
35.88
26.568
31.592
42.592
31.728
41.616
31.44
32.728
27.728
29.44
32.728
46.592
31.304
35.016
38.304
40.992
30.728
31.728
31.016
28.728
30.44
28.44
38.016
28.44
32.728
49.88
29.728
43.016
26.152
29.44
32.592
39.728
32.592
32.44
30.44
32.016
28.728
38.768
28.728
42.304
35.392
38.44
27.44
32.304
38.016
27.44
30.44
38.016
29.304
38.456
36.632
36.016
27.728
33.728
29.44
32.728
27.728
29.44
36.44
43.88
28.728
30.728
35.304
28.44
41.928
44.616
29.728
26.416
36.592
30.44
30.728
37.728
39.304
32.44
29.88
35.728
32.416
39.456
26.44
29.016
28.44
33.016
38.104
46.304
30.728
37.304
39.728
32.44
28.44
31.128
39.816
35.304
34.592
32.304
39.016
31.592
30.44
37.016
29.304
32.728
28.304
32.88
28.728
26.616
31.44
37.44
27.728
29.016
32.016
28.592
30.304
28.44
29.928
30.44
43.168
26.152
31.44
34.016
45.104
29.016
26.44
31.728
37.728
34.416
40.592
28.88
28.44
28.016
35.592
26.44
30.728
29.44
28.928
47.592
29.728
29.016
30.728
26.44
32.728
29.88
29.728
43.368
55.168
51.592
39.88
31.304
39.592
35.504
38.192
29.728
34.728
31.592
34.016
39.104
29.792
29.016
31.592
39.192
50.28
37.368
30.44
26.44
29.44
33.728
38.016
27.44
38.44
36.304
28.44
38.304
35.88
33.304
32.792
30.016
28.44
26.44
33.928
30.728
37.016
26.152
29.016
34.304
32.592
31.68
48.88
29.016
32.304
28.992
28.44
30.728
50.168
30.44
30.728
31.016
29.304
35.88
41.592
32.728
31.728
35.616
31.592
28.44
50.88
32.304
29.728
32.44
37.168
29.44
49.592
28.44
34.016
31.304
28.928
28.016
30.44
33.592
30.728
29.304
31.016
29.728
30.304
44.592
32.728
32.016
33.504
35.016
29.304
26.44
29.304
34.88
29.592
28.728
38.592
29.44
29.728
34.592
28.016
43.904
38.304
35.016
32.728
28.016
34.216
30.728
29.592
38.016
26.44
29.304
32.016
38.016
27.44
28.704
37.392
33.016
37.592
28.44
32.016
26.304
29.728
32.416
29.016
31.016
28.728
36.44
33.728
26.44
30.304
33.016
34.728
34.016
30.728
30.728
26.216
31.016
40.592
26.48
28.016
42.168
35.256
29.728
36.592
33.28
27.016
45.168
28.728
36.304
26.44
28.016
27.44
40.592
28.304
38.192
44.016
41.904
28.304
30.504
46.456
36.08
27.44
42.304
40.592
28.88
29.728
36.016
38.44
26.728
28.216
29.704
33.592
37.016
42.016
42.88
29.968
29.728
35.304
33.016
29.44
28.528
31.304
36.392
28.016
31.728
38.016
28.304
31.016
43.592
33.728
37.592
28.44
31.016
33.728
31.016
26.44
32.016
30.44
40.592
27.152
26.24
31.728
38.016
36.304
34.88
26.44
30.304
27.728
38.592
29.304
26.152
41.168
35.304
32.016
29.016
30.304
35.728
26.152
32.44
29.128
26.44
29.88
26.44
26.44
52.168
26.44
36.592
39.592
41.592
29.016
26.44
39.728
36.592
31.592
28.44
34.592
33.728
30.728
30.44
36.304
30.728
32.216
39.728
37.016
27.728
36.016
32.704
34.192
36.592
28.48
39.304
27.592
36.44
32.304
34.728
27.728
43.592
29.48
26.168
27.728
33.728
43.304
38.016
39.592
41.728
29.304
32.304
36.192
26.88
34.504
29.728
31.016
27.728
34.016
29.728
40.88
27.152
29.728
28.016
31.016
30.104
35.304
28.016
29.304
31.592
34.016
28.016
37.016
31.44
26.44
31.728
33.592
38.68
27.44
37.592
31.88
27.728
35.016
30.44
31.016
27.44
29.016
41.88
25.152
28.44
38.44
33.016
46.168
26.44
29.128
34.016
36.792
26.28
29.44
26.152
32.728
38.304
37.88
50.88
30.768
29.856
29.728
37.728
31.016
29.728
29.592
27.016
28.304
26.192
31.28
38.592
28.728
40.728
40.592
48.08
29.592
31.016
26.44
29.128
42.168
37.592
29.304
27.728
33.304
29.016
28.016
27.44
42.032
28.44
30.304
29.016
27.728
42.304
32.992
31.592
28.728
33.592
28.016
27.44
29.216
33.104
26.44
26.152
30.728
48.744
26.152
29.728
32.304
28.728
43.168
29.44
29.728
33.728
30.304
28.728
26.44
31.016
28.728
26.152
25.152
32.88
39.728
28.44
48.168
32.304
39.728
29.216
32.592
40.792
36.592
31.016
36.168
30.728
29.016
31.016
34.904
32.016
40.304
32.304
30.728
30.44
37.304
30.392
27.152
29.728
28.64
39.88
38.592
27.928
27.728
37.88
38.304
32.592
31.016
33.728
30.304
32.992
38.168
30.056
33.016
29.704
28.792
27.88
39.168
29.304
30.016
37.168
32.728
35.416
34.304
34.304
30.992
27.44
29.592
27.44
26.44
37.44
41.304
32.616
49.704
40.592
38.48
28.304
28.728
29.44
36.304
32.016
30.728
44.592
28.44
40.592
31.728
34.728
34.728
30.728
46.88
28.728
32.616
35.304
26.44
32.304
28.992
34.728
38.616
28.44
28.44
28.44
27.728
31.016
38.744
36.632
34.88
28.44
31.728
29.304
36.88
32.016
39.728
42.592
53.168
38.44
31.304
34.016
30.44
29.304
28.44
37.504
28.304
42.304
28.016
39.168
37.016
33.304
31.192
32.016
32.016
29.728
38.304
47.592
31.016
27.704
43.304
26.152
39.88
32.016
33.504
37.88
28.568
40.592
36.304
41.304
29.592
26.152
34.016
32.016
28.704
38.592
30.48
35.304
26.44
26.44
32.016
29.728
32.016
37.44
30.304
28.44
32.68
27.016
35.592
28.68
32.016
34.728
26.152
26.44
31.528
35.304
30.792
28.44
27.44
38.016
31.016
28.592
30.44
28.728
37.728
29.44
26.152
27.728
30.44
34.016
31.016
26.152
28.728
40.016
32.44
43.88
30.304
36.44
27.44
28.016
30.44
30.304
36.592
28.48
27.44
37.88
26.168
37.728
42.016
31.016
28.904
26.792
46.88
27.44
30.128
26.152
30.44
29.304
31.016
28.44
31.016
26.44
48.744
32.016
28.016
32.016
30.016
26.44
40.88
30.44
26.152
28.304
26.152
40.728
26.616
29.592
37.44
31.304
32.792
29.44
38.128
31.728
30.016
34.016
28.44
26.152
34.016
29.592
26.28
33.016
26.152
27.728
31.016
41.016
37.44
30.304
27.728
34.304
26.152
36.592
34.592
33.016
28.504
30.728
33.88
38.44
30.304
28.728
31.44
32.728
26.44
29.592
33.016
30.592
26.152
31.304
28.44
25.152
34.016
35.504
34.304
32.304
27.792
43.68
31.728
28.44
32.016
30.304
28.304
38.192
36.44
31.016
29.592
39.728
32.592
32.016
33.304
29.992
38.88
26.152
30.016
38.304
35.728
39.68
35.304
28.44
30.44
33.304
35.016
30.304
28.44
35.304
29.216
30.728
33.728
30.016
26.44
28.44
32.016
29.304
28.304
28.016
46.88
31.016
37.592
44.168
30.728
49.744
32.032
31.12
30.016
29.88
35.728
28.304
32.728
33.016
38.104
28.792
37.592
30.728
29.728
35.016
30.44
29.304
38.656
27.016
29.704
33.728
30.016
32.728
36.592
29.728
28.728
33.016
29.304
31.728
30.44
31.928
28.616
30.104
28.728
32.016
31.104
28.44
26.44
32.728
31.016
37.016
29.304
35.304
28.016
30.016
28.016
26.44
26.44
32.592
25.152
38.88
28.728
28.44
28.44
41.016
43.656
29.904
26.592
39.304
30.304
29.44
39.728
29.728
40.304
34.016
32.016
30.44
31.928
26.44
28.44
35.88
30.44
29.304
28.44
32.728
38.016
40.304
28.44
29.728
35.304
33.016
29.016
26.44
35.128
34.216
42.592
26.152
31.592
35.304
36.44
39.168
29.016
34.016
32.016
31.104
37.592
51.592
31.592
41.592
31.08
37.368
29.728
35.304
30.016
38.016
33.728
37.304
26.44
32.016
33.592
31.304
30.44
26.44
26.152
30.016
38.016
32.304
36.44
26.152
29.44
32.304
29.304
28.44
39.304
29.016
29.728
31.304
27.152
29.84
36.304
40.592
28.728
34.304
31.016
31.592
28.016
30.728
38.304
29.728
27.44
34.016
27.44
32.592
30.44
29.528
37.592
30.304
32.592
26.44
32.728
28.44
28.016
33.592
29.88
39.168
29.304
29.728
26.152
26.44
26.44
31.528
36.344
31.832
39.32
30.728
29.728
50.216
28.44
26.44
28.016
38.016
36.304
26.44
32.016
33.504
42.192
32.592
28.44
32.328
38.616
30.304
35.304
41.592
46.592
27.44
30.592
33.304
26.152
31.592
35.304
31.728
29.728
27.616
30.728
35.304
29.728
28.44
28.728
28.728
29.728
29.728
37.44
33.728
42.304
30.44
38.016
32.304
36.392
34.304
26.44
28.728
30.304
32.728
42.304
27.728
29.016
30.44
28.44
35.592
43.592
44.456
30.728
33.592
29.304
32.592
28.08
33.016
28.44
38.304
32.592
30.728
28.304
26.152
30.728
26.216
28.904
35.192
33.88
29.728
30.304
26.44
33.728
29.88
26.44
39.728
36.728
27.44
32.616
36.592
32.592
30.016
44.016
32.44
31.304
41.016
28.44
32.728
32.016
35.304
30.728
27.728
30.304
34.016
28.592
31.592
30.44
31.592
33.88
30.304
27.016
29.44
29.44
38.016
28.928
32.304
38.88
28.44
29.016
29.728
35.728
40.304
30.728
27.728
35.016
38.904
32.304
27.728
39.304
30.728
38.304
29.016
38.016
35.504
42.88
29.728
31.016
32.504
35.728
38.592
35.28
31.592
29.592
33.592
33.728
29.728
28.728
26.152
38.304
32.304
38.016
40.592
29.016
30.304
36.592
27.728
32.304
34.016
41.168
40.304
30.016
26.152
34.84
36.328
30.728
30.728
29.016
26.904
38.016
28.44
39.728
35.88
27.728
30.304
34.592
29.728
32.592
30.44
30.304
32.728
35.504
30.728
37.304
33.304
31.016
31.016
30.44
28.304
40.016
36.592
30.704
28.44
43.128
39.168
28.44
27.44
33.728
30.728
29.816
37.44
29.728
36.304
30.304
27.728
30.44
30.44
31.016
29.88
29.728
35.592
32.728
29.304
36.304
28.304
28.44
42.304
28.016
33.304
30.44
39.168
34.304
38.192
26.48
31.216
29.592
26.44
44.728
29.016
33.016
27.44
26.44
27.728
35.016
26.728
31.304
27.44
26.152
35.728
30.728
35.816
40.592
31.016
36.104
29.728
28.304
30.016
28.592
29.016
31.792
37.304
27.44
39.592
29.44
29.016
26.152
35.728
31.304
31.592
28.016
31.592
27.728
30.44
28.44
33.728
38.44
31.616
36.016
26.704
31.792
31.44
36.016
27.728
32.016
31.104
28.728
28.304
42.456
31.304
28.728
32.728
36.616
31.728
30.016
29.104
33.728
33.728
32.728
41.592
31.304
36.592
31.016
34.016
32.016
26.44
37.528
39.016
26.44
32.016
38.016
39.168
28.728
35.016
32.904
38.016
26.304
30.44
38.016
45.168
33.456
37.016
32.016
28.704
28.44
38.016
30.728
36.304
27.152
27.016
33.304
40.304
35.592
26.44
26.152
31.24
26.44
26.152
29.728
42.016
38.016
27.728
40.304
34.728
29.016
32.728
30.616
38.44
30.728
28.44
31.304
27.728
30.304
28.016
26.44
31.016
26.504
29.192
39.728
38.016
43.168
45.592
29.728
29.728
29.016
35.504
41.016
35.304
28.44
32.728
33.216
42.304
47.392
27.152
40.88
29.304
40.728
29.728
38.016
30.728
27.44
38.304
27.152
40.592
26.44
29.44
38.016
37.592
34.304
28.728
30.728
38.88
25.152
29.728
52.88
32.304
30.44
34.304
29.304
26.44
35.304
26.152
31.24
28.304
28.016
42.016
36.304
29.728
37.304
27.152
28.64
32.728
28.728
38.616
36.728
52.744
29.016
38.632
26.152
32.44
39.304
29.728
32.592
37.44
35.304
31.016
27.44
32.728
29.44
26.152
39.928
36.016
29.728
26.152
38.592
29.728
44.304
37.728
43.456
29.728
26.44
37.44
30.304
37.592
34.592
35.304
30.792
26.44
31.016
36.104
29.016
32.304
31.728
39.304
27.44
26.392
37.48
33.728
34.016
31.44
27.44
39.304
35.88
30.728
32.216
30.104
29.192
37.304
29.016
37.016
26.44
45.88
32.44
34.304
29.728
39.592
35.592
31.592
32.016
42.304
31.44
27.728
39.592
34.168
26.152
32.44
28.728
33.816
28.104
34.016
28.016
38.88
28.728
33.016
46.744
32.304
51.92
29.304
27.152
38.24
25.152
32.216
27.704
26.152
38.744
36.592
28.44
31.792
35.304
30.792
40.88
31.592
30.728
42.016
44.704
32.016
29.44
45.456
32.544
32.016
27.016
43.904
30.992
26.48
36.592
44.168
31.256
27.44
35.304
27.016
37.992
26.728
34.016
36.88
34.304
30.44
34.016
30.728
28.016
26.44
35.016
34.104
31.592
28.016
44.88
31.016
33.88
35.504
28.592
43.28
34.304
30.016
33.016
44.104
30.728
28.616
30.44
39.168
31.304
26.44
31.592
29.728
31.016
30.44
25.152
38.592
29.728
29.016
37.592
37.728
29.016
35.304
35.304
28.728
32.592
29.44
34.88
40.88
30.368
29.456
26.44
29.728
39.88
30.304
43.592
29.016
37.016
27.728
27.728
32.592
34.592
32.016
26.44
31.728
36.304
31.792
31.728
31.592
29.304
29.016
33.592
28.728
30.304
29.728
39.728
29.728
38.44
33.928
29.304
34.88
35.016
31.728
36.592
32.08
32.44
32.016
38.304
35.304
29.728
35.016
29.592
34.728
33.88
34.304
30.304
34.016
36.44
30.728
28.728
43.416
32.904
28.392
26.28
30.44
35.016
29.44
27.152
30.016
32.88
26.152
29.304
33.592
27.728
34.168
26.152
28.592
34.016
33.728
30.304
28.304
28.728
27.728
37.44
34.592
37.28
28.016
32.728
28.016
40.592
32.016
34.728
28.44
49.128
29.44
30.928
36.016
43.592
27.152
35.728
38.016
34.016
29.728
47.88
40.304
40.744
46.304
32.304
29.304
29.44
39.304
33.592
32.728
29.44
27.728
29.016
38.816
44.568
39.568
29.016
25.152
32.016
29.728
37.016
32.592
29.44
39.016
28.504
32.304
31.728
27.152
26.44
31.016
33.304
39.592
36.016
30.44
28.016
29.728
36.016
26.44
34.592
37.728
31.016
29.304
34.728
33.728
29.104
29.016
28.728
32.016
30.44
31.928
35.816
26.504
36.304
34.192
29.68
28.016
32.016
33.728
28.304
28.016
42.304
25.152
29.016
30.728
28.016
31.728
41.016
44.88
32.304
27.728
31.44
33.304
29.992
31.44
29.304
29.44
40.528
28.728
29.88
33.304
48.88
27.568
39.304
34.216
35.728
29.728
28.592
31.728
40.016
39.304
29.304
41.016
33.016
29.704
27.44
39.728
31.016
38.456
27.944
41.728
31.016
28.44
29.728
27.728
38.88
35.592
28.016
36.592
28.44
32.016
30.304
28.44
28.016
31.728
26.44
37.44
31.016
29.728
32.728
29.304
27.728
29.728
29.016
26.152
30.44
42.168
44.304
28.304
27.728
34.68
29.728
41.304
38.456
29.304
39.304
44.016
34.304
40.304
26.44
30.44
36.728
33.416
32.504
28.44
29.304
28.44
29.016
29.728
26.44
26.152
29.016
30.44
37.592
27.152
44.016
40.704
46.304
26.192
29.44
30.928
27.728
31.304
27.152
29.84
25.152
35.304
31.592
30.728
40.616
32.728
43.816
37.592
28.44
32.728
34.016
30.728
40.728
32.016
28.704
26.592
26.44
29.304
26.44
30.304
38.744
40.304
27.392
31.28
44.768
31.016
37.44
32.016
27.016
39.304
32.016
27.504
35.016
32.016
30.304
39.728
27.728
37.304
30.392
33.304
29.992
27.728
28.44
39.728
27.44
29.44
32.216
26.152
37.24
29.016
38.016
37.44
47.328
28.44
34.304
32.192
29.016
40.456
39.592
29.08
34.304
45.456
32.728
37.816
28.44
26.152
31.24
30.304
28.44
27.44
30.728
31.016
35.304
30.728
44.592
26.152
30.44
28.44
26.44
27.152
38.24
28.44
37.592
26.152
34.016
42.016
30.304
29.304
50.88
37.728
26.44
30.728
28.016
35.304
29.44
31.592
35.304
31.592
28.016
31.592
28.304
27.44
30.728
28.44
38.592
42.016
29.016
36.592
35.304
29.592
33.728
51.456
30.44
28.44
26.44
36.304
48.88
34.016
25.152
32.728
29.728
34.016
30.304
39.304
30.016
26.44
29.928
29.728
48.168
29.728
29.44
26.44
32.728
43.456
31.728
37.016
31.016
28.44
31.128
27.728
34.592
28.44
40.456
31.592
27.728
39.304
31.728
34.016
37.904
26.152
29.304
35.304
34.392
38.28
32.44
27.152
36.016
30.304
32.88
39.304
30.728
33.304
36.592
32.728
39.016
36.904
33.88
32.88
30.728
35.592
27.528
29.016
31.592
30.728
37.304
43.592
27.728
29.504
31.016
43.016
38.592
33.304
28.44
33.304
39.592
26.68
32.728
30.016
35.304
29.728
36.304
27.728
31.016
28.44
35.792
35.88
28.728
35.016
31.304
27.728
35.304
32.728
30.728
30.44
38.016
27.728
40.016
34.304
32.88
38.016
28.44
26.152
32.44
29.728
28.44
33.528
38.016
42.168
28.44
30.728
32.216
26.504
29.016
29.304
31.728
31.304
38.016
34.304
31.304
33.592
35.728
28.44
32.304
35.304
32.016
28.016
38.304
33.016
32.44
43.528
36.616
29.704
27.152
38.24
28.016
39.728
28.728
36.216
26.904
39.456
30.728
38.216
34.88
31.728
29.016
35.304
44.016
29.728
26.44
38.304
37.456
36.304
27.44
28.728
42.304
33.304
37.016
28.304
38.016
26.44
30.304
43.592
35.016
40.304
32.728
36.44
28.728
33.304
28.728
32.016
34.304
31.304
30.44
34.016
31.592
31.016
39.168
31.056
32.016
28.704
38.592
37.768
27.44
35.304
28.728
31.44
29.728
37.016
28.904
35.304
41.592
29.728
29.592
28.728
32.728
28.44
44.016
30.304
28.192
29.68
32.792
27.44
30.928
40.88
28.44
37.016
32.504
35.304
33.504
35.304
31.992
31.304
36.728
34.728
33.304
29.992
27.728
33.504
29.016
32.904
31.44
28.304
39.304
31.728
29.016
43.592
29.48
28.44
29.016
26.44
35.128
32.016
28.728
26.44
42.456
29.016
38.88
38.304
29.44
33.304
38.392
28.44
29.016
30.504
36.88
29.304
28.44
41.304
38.016
28.704
31.016
37.304
29.304
26.44
33.016
29.728
32.304
30.728
38.016
30.728
27.44
30.304
28.016
30.728
28.728
28.304
29.44
29.728
48.016
29.016
28.728
26.44
31.016
28.904
38.792
30.728
30.44
36.016
28.44
27.44
26.704
37.016
33.728
42.168
33.016
31.016
26.504
38.016
33.728
42.416
26.152
30.04
38.728
31.816
34.304
27.152
27.152
26.152
28.728
28.016
41.592
44.016
37.592
41.016
37.728
40.592
31.016
37.88
30.968
27.44
40.592
31.728
31.304
29.44
37.592
39.728
32.792
36.68
29.304
32.728
34.88
29.168
33.016
26.44
29.728
29.016
27.44
28.44
43.592
39.304
28.44
43.128
39.728
31.728
30.44
44.168
40.728
29.44
32.128
35.016
34.104
30.44
27.44
30.304
28.016
30.44
27.152
36.728
29.728
25.152
28.728
35.304
30.592
33.304
28.44
31.728
26.152
28.84
36.728
42.304
45.88
32.968
37.016
29.016
28.44
30.016
35.592
27.44
33.304
39.728
32.016
28.304
38.016
26.728
35.304
34.392
27.152
35.016
37.704
31.016
33.792
30.728
36.304
31.728
27.016
28.728
35.016
32.016
30.728
32.216
39.304
31.192
38.68
30.728
28.016
28.016
26.152
27.016
31.016
37.44
37.592
32.304
32.304
37.728
34.728
26.616
30.44
29.528
27.44
34.016
38.016
28.44
33.304
28.44
38.304
32.728
28.728
34.304
30.728
26.44
29.88
39.88
29.44
37.016
28.904
29.44
36.592
27.728
33.304
34.728
38.016
32.728
31.592
39.016
28.44
32.328
36.216
32.728
28.016
31.016
30.304
35.592
44.592
29.016
29.016
34.016
28.728
49.592
29.216
38.304
32.728
30.728
36.016
29.104
28.304
41.904
28.728
26.152
29.304
30.728
42.168
36.08
27.44
28.728
27.44
26.44
46.592
27.44
29.016
30.304
26.44
38.016
43.104
30.44
38.016
55.168
27.728
32.728
29.504
29.592
26.28
31.368
31.016
29.44
34.528
40.816
30.728
28.728
29.304
26.152
31.016
29.728
28.304
40.728
29.728
32.728
29.216
30.44
43.592
30.592
28.44
42.032
40.032
37.304
28.016
34.016
29.016
26.44
27.728
33.016
30.728
37.728
30.44
25.152
30.728
29.928
34.016
27.152
28.44
39.728
34.304
26.192
27.68
34.304
33.016
28.304
31.016
28.728
27.816
35.88
26.152
30.304
47.304
28.44
32.016
39.728
31.304
29.44
38.304
40.592
32.728
29.592
28.68
31.592
29.44
35.304
38.016
33.016
28.728
42.744
34.016
32.592
27.728
31.304
39.592
33.88
38.016
30.44
27.152
29.728
35.592
29.728
26.416
28.728
36.304
29.728
29.592
37.304
26.44
38.016
32.592
34.592
30.304
28.728
33.728
36.44
26.152
32.44
29.592
28.592
36.08
28.728
29.328
29.304
36.592
32.08
26.368
39.728
30.304
27.44
48.88
32.304
43.592
30.728
26.216
26.152
36.016
35.728
27.44
34.304
53.656
42.016
48.592
27.28
31.168
31.016
35.592
26.44
36.04
26.728
47.416
35.016
30.44
34.104
32.88
47.568
30.304
32.728
29.016
42.504
26.44
28.016
29.728
26.152
39.168
36.592
26.728
39.88
38.456
29.44
31.016
26.44
38.304
32.016
31.304
38.592
29.216
36.016
29.88
29.728
28.728
26.44
34.016
38.456
28.304
29.728
28.44
38.88
39.304
33.728
32.728
35.416
43.016
32.44
31.44
34.592
31.016
37.592
26.44
29.44
30.728
30.016
28.016
34.728
28.704
27.792
26.44
47.88
32.592
31.304
47.304
28.44
33.592
31.304
32.88
29.304
26.44
29.016
34.016
31.304
34.016
30.728
29.728
30.728
27.44
26.528
41.216
33.016
38.88
32.304
36.728
31.016
26.504
27.728
31.016
42.168
35.304
34.728
28.44
41.456
36.44
29.44
32.016
35.016
29.592
26.28
31.728
30.728
27.016
30.44
27.728
32.016
38.44
27.44
29.016
36.44
28.016
31.304
40.88
33.304
32.728
30.728
43.016
38.504
29.504
42.08
28.44
37.304
30.392
37.304
29.304
30.016
30.304
36.304
28.592
42.168
41.256
32.88
29.016
32.88
30.304
39.592
37.016
31.016
46.168
35.304
28.44
37.416
34.016
30.704
35.792
38.216
26.44
34.304
28.728
31.016
28.104
29.592
38.016
26.152
29.304
49.88
31.304
27.44
27.44
44.28
32.592
28.44
42.592
32.016
30.728
26.216
28.016
33.304
39.728
27.728
33.304
31.016
29.728
34.016
30.728
29.44
28.528
43.016
31.728
38.016
29.592
32.304
28.728
33.304
29.616
32.304
37.392
27.728
31.016
43.016
28.728
33.016
30.44
35.528
32.88
35.592
29.728
45.592
32.68
38.016
32.304
33.792
38.44
29.016
33.728
34.016
29.016
39.744
35.016
35.304
28.728
39.592
28.304
33.728
28.44
28.016
36.592
36.016
29.728
29.304
29.728
28.816
35.304
42.456
31.304
31.728
28.216
36.816
31.728
26.44
38.016
32.728
41.416
26.152
30.44
33.304
26.44
42.328
32.016
37.304
32.728
31.016
30.104
29.44
28.44
25.152
27.44
31.592
37.44
29.728
42.016
31.016
30.728
26.216
42.304
36.592
31.016
28.728
28.016
44.016
26.44
31.016
27.44
34.304
33.016
30.728
43.456
28.016
32.592
33.304
31.592
38.016
35.304
29.728
43.592
34.28
29.88
33.768
31.304
34.592
32.016
30.44
35.592
28.016
39.304
31.016
37.016
31.304
26.152
30.304
38.016
26.44
32.016
38.304
30.304
27.44
34.016
31.016
29.728
28.44
31.728
39.728
32.016
35.592
32.728
29.728
37.304
43.592
31.592
27.016
36.016
35.304
32.016
33.728
41.592
42.88
34.728
29.44
31.592
30.728
37.016
40.728
32.728
39.304
30.44
33.968
26.44
28.728
31.304
33.728
36.44
27.44
44.304
35.016
29.728
33.728
26.152
30.44
32.016
30.44
27.728
31.016
27.728
27.152
26.44
43.592
34.304
34.304
28.728
34.88
31.568
29.44
28.44
32.88
28.44
36.304
30.728
30.44
30.728
30.44
38.592
27.44
36.016
32.016
47.304
30.44
28.44
38.456
39.728
31.016
42.592
29.728
30.728
39.304
36.192
30.728
28.616
27.728
42.016
31.016
29.728
36.016
30.592
27.44
28.928
30.44
25.152
29.016
35.304
30.304
29.88
27.728
26.152
33.304
31.016
30.016
38.304
27.44
36.304
34.168
38.456
35.304
33.016
28.504
31.304
26.152
29.728
38.016
35.728
51.504
28.016
25.152
45.304
35.592
39.728
35.016
29.304
33.592
29.728
35.304
29.728
27.44
31.016
31.016
29.44
26.44
29.128
36.88
26.368
38.016
29.304
25.152
32.728
50.88
33.304
42.168
35.592
31.08
31.792
39.88
39.304
32.88
32.016
29.016
35.304
37.992
32.016
39.304
34.792
30.304
31.44
32.304
28.328
32.016
39.728
34.016
26.152
34.304
30.992
38.456
31.304
29.728
34.304
32.304
27.728
31.016
27.44
43.016
36.616
42.88
28.44
37.128
34.304
34.016
33.728
31.016
34.592
31.592
36.592
45.88
29.368
26.152
28.016
31.016
36.016
42.104
37.44
39.728
29.728
30.44
35.016
30.44
47.48
32.304
30.304
28.44
31.016
44.504
28.44
29.728
38.016
26.152
52.168
30.856
26.344
39.304
29.592
29.592
32.28
30.44
39.304
40.728
31.728
45.592
28.728
32.304
38.88
36.304
30.592
33.28
28.768
39.856
41.344
29.016
46.88
32.592
37.592
30.728
29.592
26.28
31.016
28.728
31.44
33.88
29.016
45.856
28.144
28.728
42.016
36.016
32.728
27.44
30.728
32.216
33.728
36.016
31.728
29.016
31.728
28.44
27.44
28.728
33.816
31.016
37.44
27.152
42.456
31.016
30.728
29.816
35.728
28.816
29.304
27.44
29.016
32.728
29.728
39.88
29.728
31.304
29.728
31.304
33.016
37.016
28.44
32.016
47.304
29.304
30.728
28.44
29.504
27.392
34.304
40.456
31.728
30.728
28.728
38.616
28.728
32.016
35.304
27.152
25.152
30.016
32.728
31.816
34.304
30.992
30.44
28.728
34.304
38.88
31.728
36.88
28.304
25.152
27.728
32.816
30.728
33.728
40.592
41.88
40.88
29.592
28.68
35.728
26.152
28.016
30.44
27.728
35.88
27.016
29.016
42.304
29.728
32.592
29.728
38.016
26.44
35.216
31.592
26.44
35.128
34.216
32.728
36.44
26.152
30.728
26.44
30.728
28.728
33.016
38.104
39.304
29.016
27.016
29.304
31.304
29.728
39.168
26.256
36.304
40.592
28.728
34.88
26.44
32.592
39.016
29.728
31.728
29.216
28.44
39.728
33.728
29.304
29.304
49.168
30.44
27.728
30.44
38.88
39.88
28.44
34.592
32.592
41.016
28.44
30.304
32.728
37.44
28.44
30.44
28.592
29.016
35.304
29.88
32.016
30.728
35.816
30.104
30.728
27.44
31.592
31.728
29.728
27.728
29.592
30.44
34.328
33.592
33.592
29.304
32.016
34.88
29.728
29.728
26.44
36.44
38.456
35.304
33.304
37.592
35.016
31.728
26.44
35.304
30.792
31.016
51.88
33.016
28.016
39.88
30.728
27.44
37.328
27.152
38.304
44.88
34.368
31.056
28.944
37.304
28.016
41.592
46.592
28.88
30.368
38.304
55.456
28.44
48.304
27.728
35.016
37.168
40.88
29.016
32.88
29.728
29.44
38.016
30.728
28.616
27.44
27.728
34.016
39.304
27.592
30.28
30.304
34.016
30.44
29.728
28.728
30.728
29.016
28.928
28.016
33.104
36.992
30.728
26.216
28.016
36.016
32.016
46.592
27.44
30.592
28.44
38.016
31.104
31.592
34.304
31.592
34.304
33.728
29.728
28.728
34.016
36.592
28.016
35.08
34.592
30.304
41.88
29.016
26.152
40.728
31.24
38.728
40.592
35.304
36.792
32.216
37.304
30.44
33.304
27.592
26.152
28.728
34.728
39.728
35.728
31.216
30.304
37.592
29.016
32.904
30.792
28.68
38.568
38.016
28.704
35.592
28.728
32.016
31.016
36.304
32.992
31.728
28.44
28.016
26.152
34.016
33.728
37.616
33.016
26.152
26.152
30.728
32.216
35.304
25.152
28.728
31.016
26.44
28.304
38.016
31.304
29.728
28.728
38.44
30.728
28.016
40.728
30.016
29.728
26.44
25.152
39.304
29.728
30.44
29.304
31.44
44.456
30.44
29.016
32.904
28.728
31.728
30.44
45.304
27.44
28.592
28.44
35.016
38.016
26.44
29.016
39.88
28.592
34.728
39.88
29.592
31.08
34.016
28.44
30.392
30.016
43.592
28.728
40.592
31.592
28.44
39.304
36.592
38.016
35.016
36.592
31.016
30.728
26.44
35.128
29.728
38.016
25.152
33.728
27.728
38.016
26.304
38.016
31.016
29.728
26.152
29.44
29.304
38.016
27.44
26.152
30.728
46.592
27.728
29.728
28.016
34.168
37.016
38.304
28.44
38.44
29.44
32.44
31.728
31.44
29.728
30.728
28.728
26.616
36.304
40.368
51.88
41.304
32.016
31.104
30.44
30.016
38.016
28.44
37.168
43.592
45.88
34.016
29.728
33.616
31.304
46.304
31.592
31.592
32.016
30.016
32.728
29.416
28.68
29.016
26.44
31.016
41.592
28.68
41.592
32.88
29.728
46.88
32.768
31.856
35.304
29.328
31.992
39.728
29.304
30.728
26.216
33.704
27.728
27.728
27.44
28.44
33.88
27.44
33.88
28.44
31.016
40.904
43.304
32.44
29.304
30.792
29.728
28.44
27.528
31.016
38.016
29.904
31.416
31.592
30.44
26.44
26.44
34.168
29.728
38.016
34.728
28.304
27.44
36.592
41.904
45.792
28.44
36.728
27.44
32.304
39.592
35.08
28.168
27.152
32.24
34.928
26.152
31.016
26.152
36.016
26.152
31.304
30.016
29.728
39.88
30.016
32.616
31.016
46.592
34.016
30.592
28.728
35.592
27.016
29.728
39.616
29.728
33.304
28.792
39.592
28.44
41.304
29.592
32.88
28.728
37.592
34.728
32.016
28.44
27.528
33.592
34.304
28.592
41.88
29.44
38.304
37.016
30.304
26.44
36.592
28.016
35.304
34.68
26.44
42.304
40.192
36.592
34.016
31.728
33.592
37.592
33.304
27.152
30.728
38.592
36.44
26.44
29.016
32.728
40.728
43.592
28.44
28.016
30.44
40.592
28.728
26.44
39.592
38.68
43.592
33.016
48.08
29.304
32.016
28.44
30.728
27.728
28.016
32.016
35.016
29.016
26.152
31.592
38.016
29.904
35.016
31.304
28.44
33.728
38.592
26.152
32.728
35.304
40.728
32.44
35.128
26.44
30.44
31.728
31.592
28.44
35.28
39.88
30.568
28.44
46.88
35.168
34.016
31.016
28.44
26.152
25.152
28.44
33.304
38.016
28.44
35.88
43.368
28.44
25.152
28.44
36.592
29.016
26.44
33.304
29.992
29.304
33.792
38.592
28.44
29.44
30.928
33.728
31.728
32.304
28.016
26.152
33.64
32.88
28.728
31.44
39.728
33.728
30.728
30.928
30.016
28.016
32.016
29.016
27.44
28.728
29.728
28.44
30.304
46.168
42.016
32.016
31.104
38.88
32.016
28.704
28.44
36.592
40.592
42.168
34.304
29.304
29.44
32.44
36.016
41.104
43.592
28.304
32.728
29.304
30.592
28.728
34.304
28.504
26.152
30.728
42.168
29.44
28.728
26.44
37.456
29.728
29.44
41.168
26.152
31.192
30.44
40.328
26.216
37.44
30.728
29.016
38.304
28.304
26.192
31.016
43.592
31.016
29.88
43.304
29.728
28.592
29.728
35.592
36.304
30.728
27.728
43.592
42.456
31.016
38.304
36.592
29.728
32.416
29.016
32.016
26.304
28.992
36.304
31.016
42.168
31.592
48.904
39.728
33.304
31.44
32.728
37.88
27.44
36.88
31.016
32.44
29.728
36.016
26.152
32.44
29.016
26.152
32.304
31.016
36.728
28.44
27.728
28.728
37.416
27.44
29.44
35.88
29.016
31.016
38.016
44.016
32.592
31.016
28.904
34.016
27.44
25.152
29.216
33.728
29.304
26.152
27.728
29.904
33.88
41.728
29.016
40.168
29.656
26.44
35.592
30.44
30.728
28.304
38.016
26.44
31.528
38.456
31.44
30.728
32.016
31.104
28.016
30.728
34.728
30.44
28.44
26.44
39.304
32.728
31.816
28.44
33.528
30.304
40.304
31.728
33.304
39.304
29.44
31.728
28.592
30.44
38.016
36.304
39.728
29.304
28.304
30.504
27.728
26.152
29.304
28.44
34.216
36.016
43.592
42.744
44.304
27.44
33.88
28.728
31.016
28.728
26.504
33.816
36.392
37.016
27.44
27.728
29.592
36.304
30.728
29.728
26.152
32.88
25.152
36.304
31.592
31.44
32.728
26.44
28.728
33.728
35.592
28.68
30.168
26.856
26.44
27.928
36.44
27.44
43.328
25.152
28.016
29.728
38.168
33.728
26.44
32.728
29.728
31.216
29.728
36.592
35.304
30.728
32.216
30.304
28.44
37.304
37.88
34.304
30.992
30.08
29.016
26.152
37.304
26.152
35.304
35.016
31.016
34.728
34.728
28.728
30.44
26.152
26.152
26.44
46.304
35.728
28.728
35.304
28.44
31.128
32.616
27.728
29.728
31.216
37.88
35.88
31.016
48.168
28.592
31.592
28.44
26.152
30.304
28.728
35.304
28.44
27.728
28.728
38.016
30.304
26.44
30.44
31.928
30.728
29.728
28.616
37.592
29.48
44.456
29.904
27.728
44.304
26.152
40.592
35.016
34.104
34.304
31.016
36.016
35.304
27.44
38.44
32.728
45.08
27.152
28.016
31.728
27.728
29.304
38.016
39.728
39.168
37.456
29.344
27.728
28.728
31.728
39.728
29.44
38.592
29.304
25.152
32.44
31.016
36.304
38.44
42.328
33.592
32.304
26.592
38.88
36.768
33.016
32.304
37.728
34.704
31.728
30.816
30.728
30.44
29.44
28.728
37.728
32.016
32.016
28.704
30.192
33.592
38.304
28.016
32.44
35.016
36.504
29.592
32.304
29.728
29.728
34.728
26.152
32.728
30.616
28.44
31.016
38.016
27.728
39.168
31.304
26.152
37.592
28.44
38.016
39.88
31.304
36.592
29.728
31.616
40.728
29.504
30.728
26.216
32.504
33.992
43.304
30.392
30.728
37.016
34.016
32.016
26.728
32.728
30.728
32.592
32.44
26.728
38.016
29.016
27.728
28.016
29.616
30.44
25.152
37.016
28.728
45.592
47.304
26.44
35.128
37.816
29.88
26.44
41.168
37.88
44.168
38.016
33.592
36.304
32.016
30.728
29.816
38.44
29.304
32.016
29.728
38.016
32.728
34.592
33.592
37.304
33.88
28.44
26.328
30.44
27.44
35.016
41.304
32.592
36.48
39.456
31.016
30.44
31.016
28.728
34.728
31.592
27.728
38.592
35.28
30.768
35.88
29.728
32.728
36.616
30.304
28.44
28.728
31.304
35.304
30.416
40.728
29.016
29.016
28.728
38.592
30.728
26.44
39.728
36.168
43.304
33.728
26.152
30.728
40.616
34.904
29.192
36.68
34.168
43.456
28.728
31.304
40.592
31.44
27.44
30.44
26.152
32.728
29.728
26.44
44.728
28.728
42.216
28.016
35.728
30.304
30.016
28.304
28.016
44.168
30.44
28.728
36.44
30.44
27.44
40.168
36.592
43.168
31.304
30.304
37.304
27.44
30.44
32.016
38.016
28.704
26.152
42.592
35.728
38.44
35.304
28.016
31.728
35.616
29.304
36.592
34.016
30.592
31.016
30.016
32.304
30.44
35.304
30.728
27.728
31.016
46.456
38.344
35.032
31.44
26.44
28.44
27.728
32.592
30.44
41.304
39.728
27.44
32.304
27.792
32.016
44.016
31.016
29.44
28.728
32.304
28.44
40.304
30.016
30.016
50.592
28.304
35.016
29.304
29.728
27.728
29.304
38.168
33.728
29.44
30.44
30.304
38.504
31.728
30.816
26.44
40.304
32.592
30.728
27.728
30.304
38.304
30.728
26.152
39.728
43.304
26.152
32.88
28.016
26.44
26.152
35.728
39.728
30.016
49.592
29.304
29.44
46.304
42.168
36.304
30.728
28.304
26.44
41.128
44.48
36.304
35.592
34.88
33.728
31.728
38.016
33.88
35.368
30.856
26.44
28.44
26.328
33.728
38.616
30.728
36.728
27.728
29.88
38.304
26.152
31.24
31.304
38.88
38.016
27.44
42.592
29.728
52.168
39.728
30.44
30.728
41.08
33.304
34.016
29.728
41.016
40.304
47.88
28.728
35.016
32.016
36.304
29.728
39.728
28.016
32.016
46.592
28.88
31.728
35.304
28.592
27.728
41.728
34.304
32.016
30.44
31.304
31.592
36.016
29.016
31.592
34.304
38.592
31.728
29.616
31.104
37.392
30.304
28.728
30.44
28.728
28.304
45.168
28.656
35.016
29.728
26.44
32.016
29.728
26.44
35.592
29.44
28.304
36.016
39.592
30.728
27.728
29.728
39.592
36.28
32.88
27.016
33.728
30.44
32.016
44.304
36.304
30.592
44.304
28.728
32.016
28.44
40.016
28.44
25.152
33.016
30.44
27.728
26.152
35.304
31.304
30.44
28.304
34.728
29.728
49.168
30.016
27.728
31.616
29.304
33.728
30.728
35.728
30.44
30.304
35.304
33.728
38.016
29.904
31.44
28.304
30.992
46.88
51.968
34.016
26.152
30.728
26.216
30.104
33.728
30.44
27.152
29.728
38.24
31.328
41.016
26.44
29.304
32.016
32.728
29.304
30.44
28.728
34.016
29.304
26.44
29.016
29.44
28.728
39.304
34.792
26.44
39.016
28.504
34.168
36.728
29.816
28.728
31.304
33.816
28.016
32.304
42.88
32.88
38.592
28.728
31.016
27.728
33.88
32.968
26.152
36.44
28.328
26.44
30.728
34.016
36.304
29.44
30.928
32.728
31.016
26.504
28.016
31.016
26.44
46.304
32.016
28.016
37.304
29.728
29.88
39.304
34.88
29.44
30.928
39.728
41.592
33.304
31.304
33.304
46.88
31.592
32.728
27.728
32.016
26.44
43.304
27.728
39.728
33.016
35.592
39.728
38.792
44.016
26.44
30.016
34.304
30.728
28.728
34.304
31.016
28.304
41.792
34.016
39.304
38.456
28.728
34.016
32.016
26.304
29.016
36.592
29.016
35.304
45.88
28.016
31.016
28.44
34.016
31.728
30.992
46.88
27.728
41.168
32.88
28.44
33.728
28.016
32.728
30.728
27.44
30.44
39.728
29.304
37.304
30.392
29.48
28.568
26.456
38.44
43.592
31.44
29.592
35.304
30.44
28.728
27.728
31.728
28.016
32.016
34.728
41.744
32.728
29.728
26.416
53.88
32.016
28.728
33.304
32.592
28.44
39.88
30.568
26.152
27.728
26.44
35.592
32.504
29.728
33.016
35.016
30.728
33.304
29.728
31.592
29.728
26.44
26.152
28.84
33.592
32.592
43.016
28.44
41.728
29.44
33.016
38.104
32.392
31.48
30.568
40.456
25.152
31.304
31.016
39.728
30.304
31.592
31.728
38.592
29.728
29.44
25.152
26.44
27.728
41.88
39.728
32.016
26.44
39.88
40.016
30.728
28.616
28.304
37.168
32.656
28.144
30.016
31.016
27.016
25.152
34.016
30.728
47.168
38.016
26.44
37.592
26.44
28.016
34.304
28.016
34.016
35.88
39.728
44.304
25.152
36.44
33.016
28.016
33.016
38.016
31.104
37.392
26.44
29.44
31.216
29.304
38.456
26.152
45.88
30.016
31.016
28.904
39.304
29.016
28.44
29.728
34.728
26.44
30.44
37.016
27.728
31.592
30.728
29.016
30.44
33.016
38.016
28.728
31.016
43.592
29.304
29.592
28.728
30.44
30.44
28.44
36.304
33.592
30.728
31.016
30.44
35.016
28.44
29.928
28.016
27.152
30.728
36.304
27.152
31.304
36.304
31.592
31.592
34.68
32.016
43.168
32.728
26.44
27.152
32.016
31.104
36.728
34.616
29.44
28.016
38.016
29.728
42.168
44.456
28.44
28.44
26.152
31.24
30.728
39.728
37.88
29.216
34.016
28.304
31.016
40.592
43.192
29.016
31.592
34.88
31.728
31.728
36.816
29.728
26.44
30.728
26.152
39.304
50.88
29.304
34.016
26.44
28.728
37.416
41.592
26.44
35.592
30.016
33.88
29.728
30.728
37.304
27.728
44.304
37.592
31.504
30.592
38.016
30.44
35.016
28.44
38.44
41.592
32.304
30.728
35.016
40.592
28.016
32.016
30.728
27.44
38.592
36.304
43.168
32.728
31.816
34.504
38.392
30.728
29.44
31.016
39.728
30.368
26.152
30.592
39.168
32.728
36.592
31.304
27.728
35.216
32.88
26.152
29.728
37.304
43.456
29.304
28.728
33.88
30.44
26.152
43.304
28.44
43.592
31.88
29.304
26.152
28.728
32.304
49.744
42.304
30.728
32.592
39.304
38.016
31.44
31.016
33.016
33.016
28.504
34.016
34.016
34.304
32.304
40.728
26.44
47.592
32.304
33.016
38.456
30.344
37.016
34.304
27.44
32.88
41.88
28.44
33.592
32.592
33.304
38.88
34.304
28.304
26.44
35.592
29.88
34.416
38.304
36.304
31.016
27.728
26.728
32.592
28.016
26.152
39.88
28.016
26.152
28.44
37.592
28.304
34.88
38.304
30.728
35.016
29.592
28.44
28.44
36.304
25.152
30.968
31.592
26.152
47.592
39.304
38.28
37.016
27.728
36.304
32.44
39.304
29.992
49.48
28.44
31.504
39.168
26.256
38.016
31.728
28.016
36.016
29.592
32.728
30.304
35.304
45.304
26.152
42.88
36.016
45.904
30.592
39.88
34.168
36.168
38.304
35.304
34.728
37.592
30.728
30.728
29.816
29.016
35.304
37.304
35.192
32.016
34.016
26.44
32.728
28.44
41.016
30.728
36.304
38.992
38.08
25.152
31.016
29.728
31.016
39.304
38.016
31.592
30.44
27.152
40.728
34.592
30.44
37.016
28.016
43.168
31.728
41.616
33.504
31.392
29.28
35.728
26.44
39.728
28.728
27.728
29.304
35.592
27.44
35.304
29.304
32.016
26.304
27.728
32.728
31.728
45.88
28.44
27.152
38.568
32.728
39.168
32.256
38.544
50.032
32.728
34.592
28.016
30.704
28.728
31.44
41.168
36.168
27.44
29.592
26.44
26.152
28.64
26.528
31.616
26.152
34.016
26.152
30.728
53.456
51.48
38.016
32.728
32.016
29.904
42.88
29.016
40.016
32.304
39.304
30.304
42.016
34.016
30.728
29.016
28.44
27.016
43.304
28.304
28.44
28.44
27.44
31.728
42.016
40.592
39.728
28.016
29.728
26.152
39.64
31.528
27.728
26.152
26.152
26.44
26.152
35.016
33.016
28.728
41.592
31.08
26.44
28.304
26.44
28.728
38.016
29.904
28.44
38.016
32.016
31.304
39.304
28.792
29.016
29.728
29.728
29.016
39.304
37.192
30.728
28.016
30.728
34.88
30.728
31.592
47.88
44.304
37.592
33.08
31.304
28.016
38.016
41.016
36.504
33.192
29.44
46.592
43.304
38.016
28.728
33.816
36.44
28.728
37.992
35.88
30.016
29.728
29.592
31.304
27.44
32.304
32.016
26.304
36.016
31.392
42.48
27.44
30.728
28.016
38.016
28.44
29.44
35.728
32.416
34.304
55.168
26.152
34.728
33.592
32.728
30.728
25.152
30.44
34.328
28.016
38.016
42.304
31.44
39.304
42.016
34.016
28.304
33.504
30.728
37.016
39.704
25.152
27.728
35.304
36.88
30.44
45.456
36.144
36.304
30.44
29.304
39.304
28.592
31.304
31.728
35.88
40.304
29.304
29.728
34.88
39.728
46.592
36.016
29.016
46.592
28.44
31.728
36.88
37.016
32.016
43.168
31.728
29.728
40.592
29.44
29.44
28.728
41.88
27.152
28.728
39.728
43.592
33.08
25.152
31.016
43.168
42.304
36.304
34.304
30.44
26.44
26.44
30.44
32.592
31.304
31.016
42.032
30.304
41.728
47.168
29.456
30.304
35.016
30.728
38.216
34.016
30.44
32.88
29.44
33.328
26.416
30.728
31.016
35.88
32.304
31.728
30.816
27.016
29.44
31.016
33.88
30.728
27.728
28.016
31.304
32.728
27.728
36.44
36.304
28.728
33.016
26.152
29.016
33.504
29.304
31.016
36.592
29.016
27.016
32.68
30.304
32.016
30.304
39.304
30.016
37.728
33.216
29.016
31.592
28.304
34.728
26.152
30.016
29.304
29.016
38.456
37.304
29.728
31.592
30.44
28.44
31.016
41.016
26.152
27.728
33.504
40.992
32.88
28.304
29.728
29.016
28.304
30.992
40.304
39.392
31.304
28.304
29.728
32.728
37.816
28.504
34.728
37.192
45.304
36.016
29.016
31.728
27.728
32.304
30.192
29.728
40.304
29.592
26.28
32.568
41.256
26.44
31.216
34.016
36.704
32.304
41.592
26.28
44.568
29.016
31.44
36.304
40.016
27.152
28.64
41.016
33.304
31.728
28.592
30.44
38.44
42.328
26.152
30.728
39.592
26.68
32.592
34.08
30.768
28.016
29.44
34.168
32.592
28.016
36.592
31.304
29.016
34.368
31.016
43.304
42.392
27.728
31.016
27.728
42.304
27.728
29.304
46.88
26.152
30.44
43.056
37.592
26.152
43.24
31.304
27.928
29.44
43.016
36.44
30.44
32.016
30.44
32.728
27.016
32.88
35.568
32.256
38.592
31.016
36.304
41.728
38.744
40.88
34.016
36.72
34.304
30.992
39.728
29.728
33.592
38.68
29.44
28.528
36.016
32.728
30.728
34.016
29.304
31.016
29.728
29.016
36.44
30.016
27.152
29.728
30.728
29.728
31.016
35.304
38.016
27.44
39.592
28.728
28.728
33.816
27.728
31.592
29.016
31.016
33.592
30.728
41.816
26.504
29.016
32.304
28.728
29.016
32.904
37.304
28.016
31.592
29.728
29.88
26.568
37.656
32.728
32.304
30.728
30.728
29.816
28.904
29.728
28.016
35.304
31.728
31.728
29.592
35.016
31.016
29.44
28.44
31.016
26.152
36.728
28.016
30.728
26.216
33.728
42.592
31.016
28.304
34.304
32.192
30.304
29.728
28.44
30.44
35.304
29.016
26.44
27.928
43.016
46.592
31.728
30.728
27.44
29.016
31.704
30.304
34.304
31.016
28.016
27.64
27.152
27.728
30.44
43.016
42.592
28.48
36.592
38.168
42.056
31.544
29.728
31.016
30.728
30.728
29.304
31.728
40.88
30.304
26.152
45.88
30.44
33.016
41.08
36.44
30.568
32.304
30.728
28.016
26.44
30.304
44.016
28.44
32.304
41.88
26.44
28.44
35.304
38.44
36.328
32.304
30.44
48.592
30.304
37.592
29.48
41.168
31.016
36.44
39.592
34.592
27.728
30.44
40.592
43.28
35.016
34.592
31.28
37.44
28.928
30.44
27.152
36.44
26.152
31.016
34.728
30.728
27.44
31.016
26.504
28.44
29.728
28.728
26.152
30.728
26.216
35.304
49.168
33.728
38.592
30.016
34.592
25.152
29.304
48.88
30.304
33.728
38.016
27.728
38.304
32.728
26.152
32.728
39.728
32.728
41.592
32.304
39.592
26.728
30.616
29.728
40.592
44.304
37.88
37.016
31.728
26.152
27.44
30.304
43.88
29.44
40.816
32.016
31.104
28.016
31.592
40.456
31.728
30.728
27.016
28.44
41.928
27.728
28.016
52.304
38.192
29.016
38.744
29.592
29.592
42.168
32.928
40.416
31.104
41.016
25.152
27.44
29.904
39.016
28.44
39.728
32.016
37.104
29.016
31.016
42.104
42.304
28.44
28.728
44.016
28.44
34.592
26.44
30.304
31.016
38.304
34.992
29.304
45.304
28.44
26.44
29.304
39.304
28.728
31.016
28.904
26.792
38.44
42.304
28.304
29.728
52.168
35.304
29.016
29.728
32.592
32.304
35.88
42.168
39.304
32.016
28.728
26.44
34.728
39.592
35.08
38.304
30.44
31.016
26.152
40.168
38.304
35.016
32.592
27.44
43.304
38.016
43.304
29.016
42.88
36.304
31.792
31.44
35.528
39.304
28.728
31.728
30.44
44.88
27.728
31.016
32.016
31.016
28.904
27.44
38.44
31.592
43.592
30.728
39.416
30.304
28.44
26.152
32.728
29.728
36.304
40.728
28.304
25.152
35.592
26.28
34.168
34.016
28.44
29.928
26.616
34.104
36.592
29.016
50.168
32.728
30.728
59.168
29.304
35.304
28.728
38.616
37.016
47.168
27.44
38.016
39.728
36.416
33.104
28.592
36.592
47.792
30.304
29.728
30.304
38.304
38.44
31.016
29.216
32.304
31.592
28.728
31.216
39.816
26.152
28.728
36.304
30.728
41.88
28.44
30.728
37.304
27.728
30.592
26.44
31.216
26.44
31.016
27.152
41.456
32.728
32.88
39.304
31.592
31.016
31.016
31.216
40.592
26.44
42.032
31.304
27.016
41.328
38.016
36.304
28.44
30.44
38.016
40.704
29.504
30.992
39.168
29.304
32.304
29.728
26.416
40.592
26.48
29.304
31.016
35.016
36.44
25.152
26.44
26.44
33.016
32.016
26.44
28.44
47.744
26.432
30.728
40.88
29.016
34.304
26.44
26.152
35.304
28.44
34.016
38.88
30.016
31.728
41.616
26.152
37.104
30.728
28.616
37.016
31.728
35.728
36.016
32.88
30.304
32.992
27.28
28.768
37.456
33.304
26.152
26.44
38.728
29.728
37.304
29.728
37.592
29.304
38.016
30.304
35.728
29.44
32.728
29.016
35.304
32.016
28.704
37.304
32.728
32.728
31.728
30.08
39.592
29.728
42.016
31.304
27.904
35.016
31.592
27.016
27.44
30.504
27.44
29.728
38.88
29.568
30.728
30.728
27.152
30.44
41.456
29.016
32.592
39.88
28.44
26.152
31.016
34.592
40.88
27.152
31.44
29.016
36.504
26.152
36.592
33.016
32.016
28.44
41.592
35.88
30.304
38.016
32.016
28.728
27.44
35.304
28.44
42.016
31.44
27.904
40.304
36.592
47.88
38.568
32.88
30.768
30.44
41.592
30.304
29.728
30.728
35.016
30.728
30.016
31.016
26.44
41.016
45.592
31.48
26.152
28.44
32.728
39.304
32.728
37.44
28.44
42.456
26.44
34.592
32.304
38.592
36.304
31.728
29.728
31.728
36.592
28.728
31.304
27.728
34.016
31.44
46.304
33.304
31.216
29.016
27.728
35.304
28.44
33.728
28.304
30.016
36.304
31.016
30.44
37.016
29.016
28.592
30.728
26.44
35.128
30.728
29.816
30.44
27.152
43.04
26.152
37.44
29.016
37.792
42.304
35.016
30.44
29.528
32.728
30.016
28.44
26.328
40.592
32.016
29.88
37.88
39.368
33.656
29.728
33.616
29.728
34.016
33.104
26.44
32.016
28.728
32.616
27.728
34.304
33.592
32.728
29.728
31.44
28.728
29.728
25.152
29.016
36.592
26.44
31.016
30.104
36.44
37.88
25.152
30.44
32.592
29.304
33.728
31.592
26.152
32.016
31.728
30.816
28.016
29.44
28.304
35.728
29.016
27.728
38.016
33.504
39.592
37.48
32.304
36.44
26.152
29.016
34.592
37.728
34.304
37.016
31.304
32.992
36.88
28.768
31.016
31.016
31.592
36.44
31.304
27.992
30.44
26.152
26.152
37.592
29.728
34.592
36.08
30.728
29.728
28.016
28.728
32.304
37.592
31.016
29.592
29.016
26.44
35.304
41.592
26.44
34.168
36.856
26.44
29.44
38.016
26.44
34.728
33.016
41.016
32.592
30.304
28.728
28.728
28.304
27.44
46.592
28.88
29.44
37.88
43.168
42.256
28.44
40.88
29.728
28.816
28.44
28.44
38.304
30.304
42.456
33.592
37.304
31.592
30.728
35.304
30.792
26.28
30.304
27.44
26.728
29.216
33.104
44.016
29.728
28.016
37.728
27.44
43.456
26.44
27.928
34.216
27.016
38.016
38.44
31.304
27.992
31.016
28.016
40.592
26.152
38.592
30.728
36.016
31.592
27.728
31.592
29.728
32.592
29.44
33.304
30.728
29.016
34.016
29.88
41.456
32.304
30.728
38.016
28.44
28.728
27.728
41.304
27.728
29.216
37.304
42.592
29.304
26.152
39.016
28.504
26.44
32.016
28.44
41.168
31.304
30.728
26.44
33.728
27.152
28.728
35.304
30.792
41.88
26.568
29.016
36.304
30.728
27.152
44.592
37.68
30.44
35.304
36.304
29.616
28.44
26.44
32.016
34.728
31.016
26.504
38.304
25.152
33.728
31.304
29.304
51.168
37.592
31.728
35.616
30.928
30.728
27.44
36.168
31.728
36.304
32.728
26.152
27.64
26.152
32.928
27.728
35.728
27.44
32.728
29.592
40.304
46.168
44.304
28.44
31.304
33.016
28.44
36.168
33.728
29.216
27.728
29.928
28.728
45.88
29.88
39.88
32.968
37.44
27.152
28.728
33.304
29.44
38.016
36.016
28.728
32.016
34.592
36.016
27.44
26.44
29.016
35.128
39.728
34.728
26.616
34.728
26.616
39.728
42.016
30.304
28.304
28.44
32.728
31.592
42.48
29.568
37.88
30.016
41.104
29.304
28.44
28.016
26.728
42.88
26.44
30.728
28.44
27.728
35.016
27.728
30.416
32.728
36.616
32.304
31.592
30.728
35.728
30.016
37.456
29.104
28.44
33.592
26.152
28.44
31.44
31.016
44.88
28.728
30.016
32.592
32.016
37.304
37.728
28.44
31.128
33.592
36.592
37.44
30.528
28.44
28.728
28.44
27.44
35.304
27.44
39.728
26.44
26.152
35.016
32.016
27.44
33.728
39.728
49.88
38.168
34.304
32.304
36.192
34.08
29.728
39.728
30.592
34.304
28.592
36.304
28.016
34.728
34.016
25.152
32.728
43.456
33.304
33.304
36.44
32.592
37.016
27.728
29.304
28.728
37.728
35.616
31.104
37.392
28.44
36.016
27.728
27.152
26.24
28.44
32.592
39.304
38.592
30.728
34.88
32.728
29.416
32.016
28.704
27.792
30.304
29.728
26.44
29.016
33.504
42.592
32.728
26.152
32.44
32.016
32.016
41.904
27.152
35.304
35.016
31.704
29.44
39.728
26.44
30.728
29.816
34.168
28.456
38.592
42.88
39.728
28.44
33.016
35.728
32.592
30.728
31.304
45.456
28.728
27.816
26.152
42.456
36.44
30.928
30.44
26.44
29.016
38.44
29.304
44.016
28.44
30.728
28.616
28.44
38.328
25.152
26.64
36.592
29.728
25.152
33.016
44.104
27.728
36.44
27.728
31.016
31.728
38.016
28.44
33.016
36.44
27.728
29.728
34.728
39.88
29.728
38.44
31.592
28.44
31.304
28.728
26.152
31.304
32.728
44.016
32.304
26.44
30.016
42.168
30.44
36.304
30.728
38.216
31.592
29.592
31.08
31.44
30.016
31.016
30.016
27.728
29.592
35.88
26.152
31.592
28.44
34.304
42.016
36.304
30.728
33.304
31.016
41.592
30.728
29.88
27.768
37.656
35.304
26.44
37.304
28.728
32.616
40.592
30.304
30.728
28.44
43.016
31.128
38.616
30.44
39.304
29.992
42.28
29.368
29.728
25.152
39.616
28.728
29.016
46.592
29.304
28.44
38.456
36.44
28.016
31.016
33.304
30.44
38.88
38.016
25.152
27.728
31.592
38.016
26.304
28.016
31.304
39.728
30.44
36.728
28.592
25.152
32.016
32.304
47.168
35.592
30.44
30.44
30.304
27.152
29.728
31.216
29.44
41.88
31.304
28.016
27.44
35.016
34.104
38.304
28.016
29.728
35.016
32.504
34.168
38.592
30.728
29.304
33.728
29.592
37.44
35.592
25.152
32.016
28.728
27.728
30.44
43.304
28.44
38.016
42.168
28.44
29.928
42.216
28.304
40.304
27.44
26.152
29.728
37.016
29.44
39.304
34.304
38.192
31.728
35.304
34.392
28.44
25.152
36.304
35.392
39.728
29.016
34.304
31.44
34.592
35.304
32.592
46.08
29.592
28.592
37.592
28.44
34.592
32.728
28.728
29.728
26.152
31.304
35.728
37.016
31.216
43.592
27.152
32.24
28.728
27.44
35.016
29.728
25.152
29.44
34.528
30.728
25.152
46.592
32.592
29.728
35.016
32.728
38.304
30.728
26.152
27.728
47.304
36.592
44.304
39.728
34.992
36.48
34.368
31.056
27.44
30.128
34.592
33.728
33.304
28.44
30.304
37.016
31.592
33.304
31.68
30.728
28.616
30.44
30.592
28.44
38.304
30.304
30.44
28.728
28.304
36.728
26.44
38.728
29.44
26.728
45.592
38.744
32.88
26.152
37.24
29.016
32.216
34.016
40.304
34.304
28.592
26.48
26.44
31.592
30.592
26.44
27.44
33.728
27.152
27.016
32.592
43.68
35.592
29.728
25.152
27.728
51.456
28.304
39.88
31.016
30.304
37.88
34.728
32.016
31.216
45.08
28.568
31.256
26.152
28.44
37.592
41.48
28.016
38.592
30.44
37.44
28.728
37.88
31.016
37.44
44.016
28.728
33.816
28.44
32.728
28.44
26.44
39.928
29.016
29.304
26.152
36.592
32.728
30.616
34.88
44.592
31.304
28.44
28.44
35.88
34.016
31.016
32.592
42.304
29.016
35.304
28.44
35.304
28.44
35.792
40.88
26.44
29.728
26.44
29.728
26.152
28.64
43.016
45.304
27.728
29.304
44.016
37.592
31.44
38.016
30.728
28.728
35.728
40.88
32.728
36.616
26.44
44.88
28.016
29.728
41.88
36.016
26.44
39.168
35.856
38.168
27.728
28.016
33.304
37.44
38.016
32.304
33.016
39.304
37.304
32.016
26.44
28.016
34.016
30.728
36.504
37.992
39.592
29.304
28.728
26.616
26.44
29.592
40.88
29.016
41.88
34.016
28.728
36.728
32.44
28.44
34.728
32.016
27.152
27.728
28.44
40.304
28.44
34.592
34.304
38.016
29.728
30.728
27.44
31.592
26.44
27.728
35.016
29.016
40.728
31.016
28.904
33.016
27.728
38.016
28.304
38.016
31.304
27.728
36.016
29.728
28.44
26.152
32.592
30.44
33.728
29.304
28.44
36.592
30.88
29.016
28.44
28.44
31.304
36.728
36.016
32.016
47.456
35.016
33.016
32.304
27.152
32.728
34.216
25.152
26.64
30.304
37.592
34.016
36.304
46.192
26.44
26.44
36.88
32.44
30.44
35.88
29.016
35.88
32.304
27.44
31.728
28.304
36.592
36.216
32.304
27.44
33.016
32.104
27.728
32.728
28.44
41.928
41.592
34.016
31.728
32.016
31.592
32.728
28.304
26.44
33.928
35.592
29.44
41.728
27.728
26.44
27.728
39.728
37.304
42.304
31.016
30.728
32.592
32.728
29.728
33.016
28.504
26.44
48.456
29.544
36.44
29.728
44.88
35.728
32.592
35.728
28.44
35.88
29.016
35.592
37.304
30.728
28.616
37.44
31.44
40.456
38.016
30.304
38.016
30.728
35.016
34.104
27.728
31.592
29.592
29.44
28.528
28.728
28.44
40.456
38.344
26.152
33.016
31.016
32.728
27.728
36.304
41.592
28.728
35.304
31.016
26.44
35.592
28.68
30.728
35.304
30.728
29.592
32.016
31.016
37.592
35.48
30.968
30.016
28.856
28.104
26.152
39.728
37.44
38.016
31.016
30.304
29.728
28.728
38.592
33.016
28.016
33.592
36.592
33.28
27.568
29.304
35.592
32.592
28.016
32.016
27.504
32.728
25.152
26.728
30.44
43.456
37.44
29.304
31.016
28.592
38.016
29.904
27.728
29.44
30.728
26.152
31.24
31.016
39.88
26.44
28.44
28.016
38.016
32.016
38.016
32.304
29.728
29.728
36.016
33.592
32.016
29.016
29.016
26.152
30.304
37.44
28.728
34.304
38.44
43.592
30.44
34.304
28.328
32.592
28.44
27.728
32.304
53.88
29.016
26.728
34.016
30.44
33.016
37.592
29.728
26.44
29.504
28.44
35.928
26.44
32.728
42.016
27.904
32.592
30.304
29.44
27.44
42.016
33.592
28.728
32.728
40.728
26.616
28.104
33.728
28.44
26.44
34.016
28.44
30.44
31.728
26.152
30.44
36.304
27.44
30.728
36.304
42.368
37.168
29.592
38.28
28.968
34.592
44.592
34.728
28.44
27.528
37.456
34.304
26.152
37.168
35.304
37.304
35.016
31.44
34.104
36.792
28.016
30.304
32.728
26.44
37.016
26.44
29.016
36.728
29.728
27.44
29.44
29.728
44.88
32.016
45.304
28.44
42.168
34.304
32.192
26.48
43.168
26.152
33.728
31.616
29.304
37.728
26.152
33.592
28.728
41.016
28.728
26.44
37.44
36.592
35.728
26.44
36.44
29.44
32.128
27.728
30.304
29.728
28.016
29.728
38.592
32.016
40.304
32.016
40.704
29.304
31.016
32.504
29.816
36.592
38.016
40.48
28.728
34.016
34.016
29.728
35.728
26.44
32.728
30.616
36.504
30.792
28.68
27.44
31.592
43.016
40.592
30.016
26.44
31.304
32.592
38.304
28.44
26.44
37.016
43.304
27.44
27.728
36.016
34.016
32.592
28.44
31.728
45.592
26.44
31.728
29.016
31.592
26.152
36.592
30.44
26.44
35.592
44.016
31.592
37.304
28.016
27.44
41.304
38.016
32.304
28.016
26.44
37.728
33.728
30.728
34.88
27.44
31.592
26.44
36.016
33.016
42.08
29.016
29.304
28.304
36.728
33.304
29.016
33.304
28.44
26.44
29.304
45.168
29.728
36.016
39.992
26.152
28.728
32.592
31.592
38.016
37.88
32.168
28.856
31.544
31.728
26.152
31.592
30.728
38.216
38.304
28.992
27.44
32.728
31.016
35.016
40.592
26.44
31.28
33.016
29.44
46.592
29.016
27.728
30.304
38.016
26.728
37.168
30.728
32.304
28.304
38.304
27.728
30.304
34.016
31.904
29.304
42.032
32.728
45.944
34.016
42.704
39.592
33.728
31.592
29.728
40.88
29.592
37.616
36.44
30.016
26.152
29.504
28.728
31.304
40.88
27.968
38.44
37.728
41.016
30.728
28.304
31.728
36.816
35.992
38.304
30.728
30.016
32.728
37.592
29.728
32.728
38.016
40.704
37.392
31.016
31.728
31.016
28.728
49.88
28.016
30.728
36.304
28.192
38.08
32.368
29.304
28.44
40.304
27.44
31.216
37.88
35.728
29.768
29.016
36.016
32.728
31.728
31.304
39.992
30.44
38.016
28.016
26.152
37.24
44.88
35.304
36.792
38.304
32.016
28.016
31.016
32.592
36.44
30.728
34.304
30.728
30.44
36.44
28.728
33.88
32.016
28.44
32.728
26.152
40.84
32.728
29.016
26.152
36.728
30.728
36.728
30.304
41.592
38.016
34.728
37.416
28.44
26.44
28.016
34.304
26.192
31.592
49.168
36.304
27.728
31.016
43.792
35.016
28.304
31.216
29.728
40.592
27.728
38.016
37.304
29.016
27.728
33.728
31.728
38.016
36.44
28.44
26.328
31.592
35.304
29.016
44.016
27.728
26.44
28.728
33.304
43.016
43.016
31.016
28.44
31.016
29.304
29.44
36.88
31.016
38.016
28.44
31.128
32.88
45.88
28.44
37.168
34.304
26.152
26.44
35.016
30.728
34.592
39.88
28.44
38.016
28.392
39.304
31.304
34.304
36.016
33.304
31.44
31.304
28.016
34.304
30.728
31.016
30.728
28.616
30.728
36.592
26.728
31.016
33.304
28.304
29.016
28.304
37.592
37.304
30.728
36.304
28.728
29.304
27.016
30.728
28.44
31.304
30.728
41.304
34.392
29.44
32.016
49.592
31.44
33.016
30.904
49.592
29.44
32.592
29.016
39.304
26.392
31.48
28.016
27.728
45.304
39.304
29.016
36.44
26.152
29.016
31.016
34.304
38.88
26.152
26.44
38.88
32.728
35.592
29.728
29.016
52.104
26.152
38.592
30.728
43.456
38.88
30.44
26.44
31.016
26.152
30.04
38.44
35.128
29.728
29.728
27.728
29.728
39.168
30.728
32.016
26.152
31.728
30.816
36.016
36.592
26.44
28.728
32.728
38.016
34.704
28.992
28.08
32.304
28.44
40.592
29.928
27.016
26.152
30.728
26.216
37.88
30.44
28.328
29.44
38.592
26.44
28.44
28.44
33.728
28.016
26.816
29.44
38.616
39.304
29.88
33.016
32.304
27.792
31.304
29.592
28.68
28.44
28.44
27.528
38.44
41.728
35.304
32.728
27.728
32.304
29.88
28.44
27.528
32.304
34.016
26.152
29.016
40.104
41.88
32.016
33.592
45.88
28.44
29.016
32.728
27.44
27.44
26.44
29.44
25.152
38.016
27.728
29.44
38.128
40.168
27.728
42.592
26.152
33.304
26.392
29.88
32.88
44.592
40.304
29.304
28.44
27.728
42.304
31.728
39.304
31.728
26.44
39.728
32.728
27.44
35.304
31.016
29.44
35.592
26.728
30.304
32.016
28.44
42.168
33.304
26.44
29.728
27.728
34.016
31.016
30.728
38.592
36.48
29.304
28.728
32.592
26.152
29.304
30.792
29.304
35.304
28.44
29.592
29.728
33.728
29.216
31.728
32.304
29.304
27.728
29.88
33.88
38.016
26.152
29.016
32.304
32.728
28.44
28.44
44.304
38.304
29.304
32.728
35.568
35.304
31.44
33.016
29.728
31.44
44.592
32.016
28.592
28.304
26.192
27.44
37.44
34.304
33.392
26.48
25.152
39.304
28.304
40.592
26.44
32.016
36.592
35.016
42.016
35.728
34.816
33.016
32.104
27.728
32.016
35.728
35.016
27.44
27.016
37.592
34.28
35.728
34.304
26.152
31.592
31.592
38.592
31.728
29.616
28.704
31.392
28.44
39.304
28.44
40.728
28.016
32.728
27.44
30.304
35.304
28.728
37.456
25.152
26.64
36.304
33.016
38.016
29.016
39.728
28.016
28.016
38.016
28.016
37.88
34.568
30.056
29.592
38.456
30.44
37.016
27.728
30.304
34.016
37.592
34.28
29.016
39.504
28.304
27.44
32.44
26.44
30.304
32.016
37.304
41.016
28.44
31.728
41.168
26.152
30.728
26.216
51.744
29.728
38.016
29.016
29.304
36.08
29.168
28.44
26.152
31.016
28.728
27.728
45.168
26.44
29.592
41.88
27.44
36.304
26.44
32.592
32.016
38.304
33.592
32.016
26.152
31.24
32.728
34.216
43.592
31.592
29.728
31.016
35.592
37.016
28.68
38.88
31.016
29.728
27.728
26.44
27.728
35.016
25.152
30.44
38.592
27.64
32.728
31.728
28.44
28.728
35.592
28.592
26.44
31.304
27.992
48.88
27.016
26.152
51.592
39.728
36.592
31.44
37.44
32.728
28.728
41.592
37.304
28.304
34.304
31.592
34.728
38.304
25.152
30.304
30.304
38.016
28.728
30.728
36.592
27.728
31.616
37.904
32.592
29.44
31.016
26.152
28.016
36.704
39.592
30.728
27.728
29.016
36.592
32.016
26.152
30.728
33.016
26.152
31.016
26.152
28.84
38.592
27.728
37.592
29.592
34.016
37.904
44.016
28.704
31.016
27.728
32.016
29.44
26.44
33.016
43.728
38.016
32.016
37.44
28.304
33.016
28.792
31.592
38.592
38.016
29.904
28.304
30.992
33.592
27.016
30.728
30.728
28.016
41.456
40.592
30.728
36.304
29.44
28.528
25.152
33.728
38.304
38.592
29.728
27.616
29.016
33.592
30.44
39.168
28.656
29.016
31.728
35.592
46.304
31.016
34.016
34.016
30.728
27.728
29.304
29.016
28.44
38.592
26.44
38.016
31.592
28.728
28.016
34.016
28.728
31.304
41.88
28.728
31.304
31.016
26.152
43.304
30.44
28.44
38.304
26.44
30.728
35.88
29.304
32.016
41.904
44.304
39.792
27.016
35.88
28.44
42.168
35.304
33.592
39.304
29.728
38.44
32.728
27.44
26.528
29.44
36.168
41.728
30.728
38.592
29.016
37.168
34.016
39.016
26.152
26.152
32.44
28.592
42.08
36.016
41.056
26.704
39.728
38.016
31.592
28.728
37.44
27.44
33.016
30.928
39.304
34.304
33.392
33.016
32.304
30.304
28.44
43.016
31.016
34.904
37.592
53.88
26.44
29.728
31.304
37.592
31.728
30.304
31.44
28.592
26.152
35.016
46.592
26.44
33.016
30.728
38.216
41.88
31.728
41.304
40.016
31.016
28.904
35.504
30.016
29.728
36.728
41.816
27.016
28.728
32.016
31.304
28.44
41.656
26.152
36.728
33.728
32.728
29.44
32.128
28.728
37.216
38.704
49.744
27.152
30.44
30.728
25.152
30.304
29.392
40.88
37.016
27.728
38.816
29.44
28.016
29.728
26.44
26.44
34.016
38.016
32.016
29.016
26.44
33.88
31.016
26.152
27.728
32.44
37.592
31.016
39.728
30.416
29.304
28.44
29.928
39.728
26.152
40.304
32.728
41.592
27.44
36.128
33.592
26.152
36.592
27.44
31.016
28.304
29.44
35.728
38.44
28.44
34.016
30.592
29.504
26.44
36.016
27.016
34.304
27.728
32.88
52.368
26.256
34.944
26.44
31.44
26.152
33.728
30.44
28.44
32.304
28.728
34.016
36.704
30.44
29.728
26.44
34.016
35.504
31.016
30.728
31.016
26.152
28.728
32.928
32.016
35.016
32.728
27.728
28.728
32.616
31.016
37.168
30.44
27.44
34.016
30.016
26.728
26.152
36.44
33.016
32.728
30.016
37.016
42.032
28.44
29.728
33.728
28.44
35.304
34.392
25.152
28.016
28.304
28.728
36.016
39.168
35.304
29.504
26.44
30.304
38.44
28.016
33.192
41.88
40.968
30.456
35.544
39.632
45.168
33.592
31.016
32.728
29.016
32.44
26.728
28.44
28.44
28.44
32.304
33.792
38.88
29.304
40.304
46.592
27.728
38.304
34.016
37.48
27.728
29.592
31.08
35.304
26.152
41.592
38.168
40.728
32.728
28.304
36.016
26.152
34.016
30.704
38.192
31.016
30.728
36.44
26.44
34.88
29.44
34.304
35.016
33.304
30.728
32.44
36.304
41.304
33.016
53.88
32.728
31.816
32.44
32.44
32.88
39.304
28.304
26.152
31.24
28.728
31.416
29.44
26.44
37.528
44.016
30.728
42.592
31.728
48.592
26.152
32.728
26.152
29.304
39.728
36.44
33.728
29.44
34.528
25.152
39.304
29.728
32.304
37.592
27.728
37.304
31.592
28.44
43.128
34.016
26.44
29.304
28.44
39.728
41.168
28.44
35.016
28.728
30.304
37.104
36.304
32.016
47.904
37.44
30.304
31.304
28.44
38.44
29.728
27.616
29.104
29.016
25.152
36.592
41.88
30.44
34.168
29.728
27.728
44.016
46.592
28.016
29.016
29.728
34.592
40.88
28.44
43.456
31.016
30.304
34.304
26.44
26.152
30.44
33.88
29.016
34.104
37.992
34.016
32.728
34.592
27.728
31.728
44.304
26.592
31.728
35.616
28.704
32.728
28.728
29.44
32.304
41.016
29.592
32.28
33.304
30.728
40.88
27.728
31.592
30.728
38.168
27.728
29.728
31.304
34.304
35.592
39.392
26.152
29.728
37.304
31.44
33.016
29.304
30.792
28.728
39.304
34.304
27.44
34.304
29.016
29.016
26.44
29.728
26.44
31.728
38.016
29.904
45.304
28.792
47.304
29.016
35.016
36.728
28.728
30.392
35.016
37.88
29.728
30.016
29.016
45.88
32.016
26.304
28.592
36.44
42.304
29.728
26.152
28.44
37.88
37.44
34.016
36.704
31.304
30.304
37.016
37.592
32.016
31.104
34.168
30.728
25.152
37.304
41.168
33.056
32.728
34.016
33.304
48.592
29.016
32.016
34.304
30.992
31.728
38.08
29.728
28.44
32.016
34.704
30.392
49.592
33.304
28.728
37.88
26.168
29.728
34.592
39.728
31.728
41.616
26.44
39.016
31.304
36.592
37.592
34.728
34.592
28.88
32.768
27.44
42.304
30.728
27.152
28.64
33.016
39.592
43.168
32.728
45.016
29.728
38.016
31.728
30.816
29.904
35.016
26.152
37.44
28.016
31.304
29.016
36.304
29.728
37.304
29.016
29.016
32.592
31.44
29.44
27.44
39.728
36.304
38.992
28.304
30.016
28.304
33.592
28.016
39.304
41.992
31.48
29.88
45.304
28.728
43.592
27.44
39.728
26.152
32.728
37.88
36.016
30.728
33.592
29.44
27.328
28.816
27.152
35.84
31.328
40.304
26.152
39.592
36.88
35.728
31.168
33.728
27.44
29.016
31.016
44.504
35.304
41.88
35.016
31.44
30.728
28.616
41.016
26.728
32.592
39.88
32.968
32.016
36.504
31.728
34.168
27.44
44.88
27.016
32.88
36.88
29.016
36.44
38.88
32.728
26.64
31.016
28.904
26.44
33.928
38.016
43.016
26.44
30.304
37.304
35.304
32.016
41.904
32.016
31.304
28.016
35.728
31.44
35.728
28.816
30.44
33.728
29.728
31.016
37.728
27.016
30.816
32.728
26.152
36.44
47.592
32.016
29.304
29.728
34.016
45.304
29.728
33.016
30.904
29.992
26.152
31.728
38.304
48.592
33.304
33.728
32.016
35.728
30.016
34.016
33.592
30.44
32.728
29.304
39.728
29.44
39.592
29.304
29.016
27.728
34.728
32.304
41.168
29.728
27.728
29.504
27.728
34.304
43.592
37.592
28.016
31.728
29.616
31.44
30.728
26.216
27.44
37.88
29.768
27.44
41.592
27.728
30.728
29.016
29.016
29.88
42.592
26.152
32.728
39.016
26.44
28.728
36.016
32.016
35.728
26.44
27.728
32.728
42.168
30.728
33.304
28.304
33.304
39.728
29.592
34.016
28.016
30.304
33.728
39.592
38.016
30.304
31.016
32.504
41.192
29.48
31.304
29.44
40.304
48.168
30.304
30.44
40.728
42.88
31.304
29.728
27.44
35.016
31.44
41.016
30.44
37.928
28.728
32.016
41.904
38.592
30.48
31.968
30.44
29.44
30.728
29.44
42.168
29.016
27.728
36.44
29.44
31.016
35.88
35.016
30.504
40.592
30.016
31.016
37.016
28.304
32.44
26.728
39.016
29.304
37.456
28.016
35.304
42.304
38.016
30.728
28.616
28.44
35.304
32.728
29.728
28.728
28.016
31.016
32.728
29.728
28.016
26.152
32.016
31.592
27.728
32.592
35.728
30.016
28.44
26.328
26.152
29.728
33.016
35.704
27.44
39.728
27.44
30.128
45.304
42.304
26.44
29.304
36.168
28.056
33.592
36.016
26.44
35.304
31.592
30.728
28.616
27.728
29.016
37.704
29.44
30.304
31.016
29.016
41.728
38.44
33.016
28.44
29.928
38.88
28.44
26.44
40.728
26.152
31.592
30.68
39.368
41.168
33.056
30.304
26.152
32.792
44.016
41.904
36.192
27.152
31.728
35.304
37.016
29.88
29.304
35.88
32.592
32.016
32.592
27.016
29.44
26.152
32.592
35.88
30.304
36.44
27.44
31.016
36.304
28.728
30.728
37.728
30.816
29.904
36.592
31.016
29.016
39.304
32.728
26.152
32.728
33.016
29.728
26.152
34.88
29.728
26.44
34.016
32.88
41.568
31.304
27.992
34.28
44.016
29.016
33.016
26.152
37.88
30.728
26.152
27.728
32.592
39.304
30.304
36.728
29.728
34.728
29.728
26.152
32.728
32.728
37.304
31.304
26.44
27.928
31.728
38.592
38.016
28.728
36.592
26.728
31.304
32.728
37.592
31.016
29.016
43.88
34.728
37.304
28.44
26.152
31.128
34.016
31.016
41.168
39.728
29.728
38.016
37.016
32.504
36.016
28.016
33.728
29.592
36.968
28.856
33.968
35.88
25.152
45.304
29.728
34.304
30.44
30.728
28.728
38.016
31.592
30.728
37.016
26.44
28.44
37.592
31.304
33.992
33.592
27.728
39.304
29.88
26.44
28.304
28.016
35.592
28.44
38.016
34.592
29.016
28.44
32.728
35.304
30.728
27.44
25.152
40.592
31.928
47.592
33.728
30.304
28.728
41.304
36.592
30.728
37.304
30.44
37.728
36.304
32.728
28.216
26.44
37.592
31.88
43.016
28.304
26.44
30.44
26.44
35.304
44.304
41.592
40.592
28.88
26.44
28.44
40.592
28.016
39.592
31.48
39.728
33.592
29.44
36.928
32.728
31.728
40.504
26.152
31.592
30.728
35.304
27.152
39.44
31.592
31.016
28.728
41.304
26.44
29.592
40.728
28.016
29.728
27.616
41.744
26.44
28.728
26.44
30.304
41.592
26.44
29.128
31.592
42.304
30.44
31.016
28.728
37.728
29.304
34.304
31.304
31.016
29.016
37.792
27.728
31.44
27.728
29.304
36.592
28.016
26.152
37.304
33.016
28.504
29.016
37.016
27.728
32.728
26.44
32.728
29.728
36.016
27.728
34.016
28.304
40.592
45.392
26.48
35.304
34.392
28.304
35.016
32.88
41.304
32.44
27.728
29.016
35.304
39.304
39.592
36.016
32.44
27.728
30.44
39.304
31.304
30.44
28.44
38.016
26.152
28.84
33.016
45.304
26.44
36.728
26.44
28.728
27.44
37.44
35.728
29.728
27.728
30.44
33.304
36.216
32.728
34.304
29.016
48.88
28.304
36.44
31.728
36.44
29.44
36.592
27.44
33.304
41.992
26.44
31.592
35.304
28.44
28.016
26.44
39.88
39.304
31.304
27.016
32.44
31.592
41.592
26.152
39.792
36.016
29.304
38.016
27.44
37.016
33.704
35.728
34.728
28.728
26.152
38.592
34.728
36.016
42.304
26.152
51.616
26.44
34.016
31.304
41.592
37.304
44.592
25.152
29.44
37.304
29.592
37.88
26.44
37.592
31.88
27.152
37.88
32.168
35.016
37.016
29.304
35.304
31.992
31.44
27.44
29.304
26.44
39.88
28.304
30.992
34.728
45.816
28.104
31.728
42.592
38.016
30.304
35.304
30.792
34.016
30.728
37.016
28.728
48.592
31.728
27.016
29.728
36.304
33.728
27.728
30.016
34.016
36.168
26.44
40.592
31.28
36.88
36.016
26.64
31.592
32.728
29.728
28.44
29.592
35.88
32.568
41.304
27.728
43.368
28.728
26.616
26.152
37.016
30.04
39.168
26.152
38.592
31.592
29.48
28.568
35.88
31.728
46.416
31.44
29.728
42.016
31.504
26.152
31.592
27.016
35.304
33.304
34.216
35.704
31.728
31.016
26.152
31.016
29.016
33.728
28.216
29.728
26.44
37.016
30.44
26.44
32.728
30.592
36.304
31.016
29.728
27.728
37.016
35.016
31.016
32.504
35.304
30.728
26.216
28.904
34.192
28.016
44.016
28.44
26.152
39.728
37.88
33.728
36.304
34.304
32.192
30.728
26.728
38.016
29.728
31.728
30.304
36.44
38.016
33.304
27.728
40.88
28.728
37.728
36.816
36.016
26.44
29.304
38.016
25.152
32.304
35.504
28.592
35.728
42.016
30.304
28.728
29.728
28.016
39.592
30.728
29.016
27.152
38.24
41.592
37.016
33.728
32.304
28.016
39.592
34.304
28.728
31.016
33.728
37.304
33.304
33.304
34.792
27.728
30.016
32.728
37.304
36.592
26.152
30.728
28.016
35.304
34.392
35.304
28.016
35.88
32.016
30.016
34.08
41.592
32.304
31.592
30.728
28.616
40.904
28.016
31.304
55.656
41.88
26.728
30.44
27.44
38.88
26.152
37.88
40.568
42.592
34.728
37.88
30.968
40.856
28.304
37.304
31.592
36.592
29.48
27.728
36.592
28.728
32.728
29.216
31.016
28.44
30.016
38.88
41.168
30.728
35.016
29.728
28.816
32.304
36.304
39.304
36.016
31.728
30.44
29.528
29.304
31.016
30.728
39.728
27.728
28.016
34.016
30.704
30.016
26.704
34.216
43.304
29.016
29.44
29.44
32.216
31.304
30.304
35.592
40.68
27.728
30.728
27.44
28.44
34.016
32.016
35.304
28.304
28.016
33.016
36.304
32.016
38.304
27.792
36.304
28.016
34.016
28.44
31.016
29.928
34.016
36.44
26.44
31.728
34.728
30.304
28.44
28.44
29.016
26.152
36.304
32.792
29.016
38.016
34.016
29.728
26.152
30.44
35.528
29.728
40.616
50.416
28.44
35.304
28.728
36.304
31.016
43.88
34.016
31.904
28.728
30.44
29.44
26.44
30.44
31.728
27.728
31.592
29.728
44.88
28.44
30.304
34.016
31.016
30.44
27.44
38.88
28.44
45.592
32.728
32.592
35.304
28.44
29.44
28.016
28.728
33.728
32.616
35.304
31.016
26.64
27.152
42.456
36.592
36.592
30.44
29.528
32.592
35.592
31.016
28.904
36.392
30.728
26.44
30.728
29.816
28.44
31.128
28.44
32.44
30.728
27.152
28.64
42.88
31.016
50.456
32.016
29.592
31.08
34.728
30.304
27.152
28.728
43.416
32.904
37.104
25.152
29.44
35.016
30.728
26.152
42.328
29.592
37.168
28.44
32.728
30.44
39.168
29.856
42.168
29.728
36.592
41.88
30.728
28.816
35.016
30.504
36.792
28.728
30.44
43.592
27.016
31.304
38.88
29.44
43.168
30.728
29.016
36.304
28.016
32.592
30.016
26.44
43.304
27.728
35.304
32.016
28.44
27.816
28.392
33.304
40.992
29.44
31.304
28.016
35.592
26.152
28.016
36.592
28.728
29.304
29.016
29.016
32.904
40.168
30.44
38.592
43.304
51.168
36.304
32.44
35.728
28.68
30.168
26.44
26.152
32.592
38.44
31.304
43.168
50.456
29.016
32.016
39.728
31.016
26.44
37.44
28.592
35.304
30.44
28.44
33.728
32.016
39.168
29.304
41.456
32.728
29.44
27.328
32.416
29.104
60.744
49.168
26.656
28.728
29.016
34.016
30.504
28.44
27.528
32.592
28.016
34.016
38.88
32.304
29.304
44.016
30.728
27.728
31.304
39.728
32.52
55.608
30.44
32.016
26.44
27.728
29.592
41.016
35.016
31.592
28.44
29.928
32.304
35.728
29.728
31.592
29.304
30.728
26.152
31.24
30.728
32.416
43.016
30.728
28.44
29.928
38.304
29.728
40.304
34.016
38.016
33.728
31.616
28.728
38.44
26.728
35.416
38.44
47.128
34.216
30.304
25.152
37.44
29.44
40.88
26.152
34.016
39.304
28.44
38.504
36.592
26.44
32.728
29.592
34.016
42.304
34.016
28.728
28.304
33.728
39.304
26.44
29.016
37.592
50.456
31.728
35.728
37.304
32.016
27.44
41.304
28.304
32.44
37.016
28.728
40.728
31.728
38.016
31.44
31.016
30.304
38.016
26.152
27.728
39.88
36.016
36.304
35.728
28.728
33.304
31.44
34.728
32.728
29.728
31.44
28.304
35.592
30.728
30.016
35.016
34.592
27.016
29.304
49.88
33.016
30.592
36.88
38.368
26.44
26.152
30.728
28.616
38.016
28.704
37.456
29.304
37.592
28.44
27.728
32.016
26.152
30.04
35.016
26.152
28.84
42.744
38.456
32.44
36.328
37.88
29.304
26.44
29.728
28.44
35.304
33.016
27.728
43.032
31.592
43.304
28.304
39.728
35.304
39.592
30.728
27.728
36.416
34.304
29.792
33.728
32.88
41.728
31.304
30.728
28.616
29.728
32.88
29.568
28.728
29.728
26.44
28.016
26.44
31.592
30.68
28.44
27.44
28.728
32.616
32.728
30.728
30.728
33.592
29.016
31.592
29.504
38.192
31.016
25.152
30.728
32.016
28.704
30.44
26.152
38.304
28.44
26.328
32.016
28.44
29.016
31.504
29.728
27.152
27.44
28.44
27.528
33.592
35.016
47.304
28.44
26.44
31.304
31.44
48.168
29.592
29.328
39.728
34.304
32.28
28.304
32.192
26.48
31.592
28.44
32.728
28.016
36.016
28.44
26.152
27.728
37.016
32.44
34.304
32.304
29.728
29.88
37.016
28.592
37.728
29.728
34.016
28.44
37.128
32.016
26.304
30.192
29.016
42.168
37.656
29.016
47.456
28.544
29.728
30.016
33.016
37.592
29.728
32.016
29.216
44.304
31.592
29.728
32.416
38.016
29.728
28.44
29.016
27.928
33.728
37.168
38.656
30.304
28.44
43.456
26.44
29.304
28.44
39.304
26.152
33.592
29.728
26.152
31.728
29.616
36.016
26.44
36.168
34.304
28.44
30.304
36.592
28.304
33.304
40.792
37.792
29.728
38.416
32.304
37.456
39.168
