18.594
18.44
19.527
19.549
19.57
21.458
19.613
18.701
18.637
21.152
18.64
23.594
23.44
24.927
21.482
18.57
23.44
21.328
24.749
19.44
18.528
18.682
18.44
24.994
23.549
18.77
25.058
18.946
25.501
22.055
25.677
24.498
26.119
24.674
19.496
26.183
29.938
33.559
30.114
22.536
22.557
24.711
21.133
26.354
21.309
22.93
25.218
35.728
20.44
21.528
32.658
27.149
23.704
36.658
37.461
23.48
27.101
31.522
35.728
27.544
24.232
21.72
35.728
36.941
32.816
22.962
38.583
32.461
25.005
37.549
28.626
25.448
32.461
22.402
39.015
33.223
26.178
26.066
35.728
27.554
24.642
38.263
37.594
25.085
33.906
29.794
37.44
40.082
28.637
23.058
39.879
26.034
37.44
23.656
26.477
37.44
45.431
37.44
23.853
26.808
29.362
32.44
37.783
27.005
44.359
37.847
27.202
25.09
37.44
26.578
44.127
29.666
35.749
25.421
37.44
37.442
26.797
31.352
24.84
37.44
26.594
29.949
34.37
50.592
29.058
37.68
24.146
36.101
27.901
37.722
29.789
24.477
43.298
40.386
41.741
37.877
46.829
37.765
28.05
28.205
30.226
37.44
31.581
41.736
44.016
47.757
28.445
32.466
30.488
46.909
28.264
25.618
28.706
32.461
26.061
31.816
31.704
37.461
26.525
31.88
38.728
25.901
37.682
36.056
37.482
32.61
27.698
37.44
32.52
42.808
44.037
31.762
36.325
31.784
32.746
26.605
44.634
40.226
32.922
32.114
52.143
34.002
38.565
32.557
36.32
37.645
33.141
43.666
39.029
40.754
45.317
27.309
33.605
44.13
33.76
43.085
38.714
30.573
60.602
33.794
52.757
27.949
38.512
34.237
53.466
35.058
57.621
33.213
38.176
29.768
33.397
31.522
38.485
42.21
61.173
31.965
39.861
28.786
38.549
62.274
38.17
35.896
58.058
32.984
66.213
43.138
39.434
48.36
52.789
62.647
39.744
36.002
36.965
30.957
33.12
36.178
38.341
34.866
53.962
31.154
33.184
36.509
37.44
53.33
46.685
52.527
36.04
52.304
37.128
57.658
47.416
37.946
36.637
32.634
32.925
54.255
53.08
39.344
61.101
37.522
35.728
33.944
38.149
53.965
36.037
37.853
58.991
40.408
37.813
34.029
44.501
37.517
38.789
34.472
37.96
42.114
37.44
32.002
37.09
37.44
32.445
44.261
41.666
37.882
32.488
40.17
55.176
37.792
35.464
32.88
39.618
38.101
35.906
33.056
48.461
36.81
62.216
57.898
35.57
37.786
38.525
39.141
47.08
39.794
62.301
39.122
35.81
37.44
42.632
32.661
39.586
39.882
34.541
33.896
37.544
38.984
50.605
49.56
37.44
40.781
32.661
36.402
44.549
51.49
37.44
38.045
46.866
35.728
33.021
38.109
35.904
55.064
53.791
35.752
37.813
39.506
36.234
34.594
35.856
55.416
36.77
33.725
37.08
50.834
61.389
44.877
37.44
39.165
37.461
58.653
32.949
40.674
38.728
37.362
35.917
37.461
34.605
41.293
72.781
35.728
37.869
32.549
39.89
37.637
42.312
32.858
40.333
37.954
37.44
49.176
35.728
35.73
37.882
38.552
40.303
50.973
52.058
45.794
38.48
35.682
53.567
55.837
51.722
41.058
38.144
46.546
36.165
70.701
75.653
67.789
38.208
51.677
36.496
41.832
36.25
52.12
39.874
42.029
53.65
37.594
54.205
37.482
62.093
44.17
46.248
37.658
40.136
39.013
60.957
35.968
52.045
32.789
47.933
51.61
39.821
53.098
53.576
44.053
41.997
37.085
35.877
39.906
39.765
52.461
53.786
37.282
32.741
40.104
42.658
44.413
37.44
39.368
36.928
60.856
36.816
41.277
36.17
38.232
39.125
43.453
35.813
49.341
59.434
54.296
37.589
42.584
37.744
59.405
42.76
54.781
56.669
44.824
58.922
42.712
53.666
41.421
37.594
61.976
43.464
45.618
32.461
40.706
44.349
42.728
37.57
41.149
44.791
44.504
51.879
64.525
35.767
51.48
39.922
40.568
37.943
43.389
39.565
41.944
51.719
45.832
39.474
47.586
52.162
58.541
39.783
63.229
59.138
44.184
38.626
61.938
38.247
44.493
58.802
46.648
43.069
37.44
48.557
35.994
60.178
52.015
47.4
38.17
48.754
38.192
51.709
37.946
87.997
52.367
45.618
35.728
42.973
49.794
59.282
32.482
47.837
44.258
37.44
58.546
54.034
37.44
43.522
37.461
76.344
48.765
60.386
37.461
62.408
48.696
37.44
43.917
37.594
73.272
49.16
35.728
46.914
37.615
67.069
35.728
45.224
51.912
36.037
45.4
49.688
53.842
47.464
51.085
44.301
61.906
66.461
45.149
37.594
54.637
45.592
37.637
77.346
35.925
68.434
44.079
52.456
51.41
70.098
37.44
51.72
51.327
64.141
32.549
51.896
38.17
55.917
32.858
49.672
38.613
48.493
38.234
51.581
37.856
52.802
54.677
47.757
37.632
57.245
70.733
57.154
72.109
44.17
51.464
37.44
68.285
37.461
46.706
59.749
49.528
51.816
47.837
47.058
50.28
51.791
47.501
32.48
69.389
63.41
46.898
69.72
37.634
50.274
52.162
51.325
56.45
53.879
62.738
44.234
50.36
57.856
47.581
44.677
52.269
37.44
53.757
35.728
50.045
52.333
50.221
38.728
61.176
37.568
48.93
36.122
50.685
37.877
65.106
52.565
52.994
48.216
70.904
65.592
37.44
54.946
44.127
49.768
37.482
64.189
44.303
53.41
65.165
56.749
53.32
37.461
49.341
44.016
49.496
36.037
79.917
37.44
59.138
55.16
49.048
44.016
64.536
55.637
49.09
55.778
37.44
66.066
55.821
64.056
83.709
39.01
52.53
35.965
65.085
32.653
56.44
36.141
54.861
51.762
51.016
37.917
55.97
37.538
65.058
37.56
49.746
52.701
55.656
36.17
51.544
66.098
57.592
60.12
37.613
50.808
39.101
56.962
52.589
57.517
37.544
56.605
53.565
51.693
37.586
56.381
37.44
57.869
37.594
76.69
37.482
56.978
37.504
67.8
37.658
58.354
37.44
54.776
35.994
52.264
73.218
86.973
37.594
74.461
51.749
60.216
60.57
56.237
58.258
37.461
60.68
75.634
32.594
87.122
59.144
54.365
32.658
53.32
37.879
58.408
81.901
86.696
54.05
74.072
35.946
79.56
61.981
64.936
53.592
60.957
77.912
72.733
68.888
37.44
78.376
51.461
56.797
32.682
71.218
51.903
61.24
58.728
63.682
71.837
89.858
61.88
70.301
61.789
63.01
37.44
73.832
58.12
60.274
60.162
37.44
56.984
60.338
37.44
58.626
57.594
59.448
37.616
63.202
88.69
32.44
58.178
37.44
63.666
32.546
71.688
37.634
60.242
79.864
37.44
82.152
37.594
81.106
92.861
36.08
64.616
51.304
68.237
35.992
63.325
64.813
44.016
72.168
91.256
74.21
79.965
89.986
64.808
37.856
72.296
44.277
75.384
36.565
64.072
37.44
59.96
66.514
64.402
32.458
62.29
32.48
88.978
32.44
64.333
53.527
73.821
60.242
65.597
90.952
60.04
39.728
83.128
60.082
64.77
60.925
37.44
75.213
37.461
76.434
66.456
69.677
35.882
67.165
65.853
35.925
67.341
74.829
66.184
57.592
61.005
37.746
74.626
65.634
84.114
36.056
75.069
50.877
64.424
35.965
61.778
52.653
61.8
32.674
63.954
52.162
77.176
38.184
70.397
76.685
51.48
62.706
91.794
58.682
84.082
71.704
68.792
68.946
65.768
35.728
84.589
78.477
64.898
37.44
70.253
36.128
66.941
36.282
68.696
57.103
64.584
37.658
75.272
36.48
71.16
73.834
88.381
36.256
88.002
36.144
67.624
37.498
65.112
32.594
81.133
71.954
80.509
37.456
81.864
37.61
72.552
37.765
67.373
32.853
66.728
69.016
35.728
72.77
59.901
81.458
35.789
89.48
64.343
82.434
32.498
73.122
38.386
69.41
38.008
71.698
57.896
69.453
38.45
76.141
39.138
66.562
37.16
69.384
36.037
72.872
67.56
83.981
71.069
90.557
87.778
77.141
81
79.821
37.594
67.442
75.997
37.77
80.285
36.192
83.373
37.946
76.061
44.234
95.416
38.389
72.104
72.925
67.746
73.727
73.101
51.749
89.256
38.17
71.677
38.991
67.698
72.786
67.874
47.346
71.629
60.277
77.25
73.005
72.893
37.594
76.114
96.402
99.89
77.112
73
81.954
66.642
70.13
32.44
66.685
37.661
70.306
82.994
37.44
71.682
44.661
88.504
32.682
73.325
39.903
83.613
44.058
69.901
51.304
77.122
32.658
73.144
71.965
37.658
77.053
50.746
83.608
37.44
77.496
35.994
69.917
36.149
83.538
55.503
76.893
35.925
68.648
37.946
90.936
37.968
77.624
52.789
101.112
71.8
80.354
71.842
100.93
35.728
91.885
35.882
71.64
35.904
71.794
44.058
69.149
66.637
76.392
39.728
86.413
67.634
82.189
101.41
36.058
66.765
69.72
69.474
77.096
51.61
72.984
77.005
69.693
51.304
69.715
32.658
69.869
36.013
77.357
38.034
84.312
36.322
84.333
37.944
71.554
57.431
75.842
72.797
69.219
71.64
39.127
68.195
80.349
84.77
73.192
52.794
67.613
44.346
71.901
66.856
35.728
89.41
32.44
66.632
37.527
71.72
76.008
37.44
69.896
84.45
89.672
88.626
44.677
67.715
37.44
66.803
37.461
102.957
37.482
71.379
35.77
83.133
37.525
77.021
37.68
72.909
57.834
76.264
38.122
68.019
59.077
84.973
53.365
68.461
32.72
81.549
52.207
89.57
38.496
84.258
40.517
83.48
44.671
100.168
39.76
69.523
38.581
85.144
38.469
69.432
38.624
90.386
37.978
87.874
59.999
73.896
32.688
73.117
37.776
69.939
82.227
58.901
89.981
37.456
72.136
39.21
69.491
36.165
73.245
36.186
83.4
67.955
66.643
98.397
82.285
95.373
89.928
35.968
71.549
90.637
81.859
69.48
69.635
84.456
35.77
72.744
37.525
67.165
35.749
67.32
69.741
37.44
91.096
89.917
35.904
92.605
38.991
84.76
83.581
89.603
72.957
66.712
73.4
73.155
37.44
71.709
89.731
69.485
69.373
35.728
90.861
37.482
66.883
32.704
84.104
37.44
71.592
68.28
37.482
84.701
67.656
95.811
89.699
44.016
77.32
32.97
66.408
37.925
71.496
59.546
66.851
59.967
71.939
36.122
83.427
35.877
71.581
37.632
77.203
54.853
77.224
82.845
69.4
37.44
82.221
53.391
72.243
32.48
72.664
80.019
44.17
69.373
53.791
71.661
65.279
80.483
97.437
76.744
67.725
69.213
60.034
90.968
52.589
66.723
37.944
69.677
32.498
69.565
44.52
72.92
52.008
82.275
38.029
80.563
100.051
84.605
69.693
37.44
90.115
77.336
37.44
68.291
70.445
66.733
57.592
72.088
72.109
72.131
57.592
73.352
82.173
88.728
44.016
73.683
73.304
52.304
73.459
72.28
44.016
81.635
67.256
76.744
71.277
76.099
37.44
73.853
37.44
68.008
72.563
71.384
66.591
83.139
82.093
37.44
89.581
89.603
83.624
96.845
77.267
69.421
37.44
109.443
37.44
66.531
73.885
52.304
71.64
57.791
72.995
37.813
71.949
44.768
71.971
44.389
77.059
36.277
69.88
56.698
70.035
69.923
50.592
68.211
32.613
70.365
37.568
68.52
85.208
44.122
70.963
37.61
69.117
67.231
71.272
36.053
85.427
90.115
69.603
51.304
69.624
37.592
81.912
99.533
71.821
80.243
37.461
72.131
73.219
38.728
69.507
57.815
68.061
35.728
68.083
86.637
35.728
88.392
51.349
66.813
44.303
66.968
37.525
83.523
52.346
69.277
81.701
80.232
51.189
71.587
38.01
66.808
64.165
73.229
37.92
71.784
37.808
73.272
32.762
69.16
37.45
81.981
32.44
73.069
50.861
74.024
100.979
54.592
69.533
77.288
73.043
37.44
80.397
37.594
74.019
66.84
82.061
76.083
69.704
69.592
77.213
57.613
68.035
32.568
73.123
38.056
89.677
54.077
71.699
52.498
71.453
37.453
69.341
71.763
73.251
44.613
89.405
83.293
53.304
83.181
71.469
35.728
66.557
35.728
67.779
32.682
70.067
44.703
68.221
36.058
70.376
33.013
69.997
37.967
72.019
36.256
82.04
44.81
73.261
38.698
83.416
76.771
37.44
69.325
35.861
82.013
83.368
96.189
32.44
73.144
66.899
71.587
72.808
91.896
83.651
103.005
66.76
71.715
56.592
102.136
73.091
77.112
80.2
52.48
72.755
47.879
67.709
72.931
71.752
38.749
73.373
51.57
72.861
33.458
84.216
33.346
69.571
37.594
76.792
72.813
39.904
71.635
66.723
71.677
95.165
82.787
91.075
40.032
69.629
69.517
87.805
44.016
83.427
37.77
71.715
36.058
69.469
68.879
72.957
82.579
37.594
71.8
82.221
73.043
66.931
67.085
89.373
69.661
32.594
92.216
89.571
71.725
35.882
73.48
37.637
89.768
35.882
76.056
81.677
69.699
69.453
37.44
71.875
57.594
69.363
52.815
84.584
37.904
72.872
58.058
88.493
37.813
89.181
32.634
73.469
53.855
67.224
59.877
76.179
58.831
71.8
36.586
71.821
37.808
68.509
32.762
73.064
83.352
68.04
37.44
71.928
37.594
75.816
52.458
72.771
57.813
67.725
37.834
88.547
37.989
74.035
44.41
82.056
32.832
87.677
55.653
82.499
51.274
88.52
37.44
82.941
73.229
97.517
80.739
72.76
90.648
37.461
92.136
52.986
71.891
32.474
76.045
51.696
69.667
59.85
71.821
32.805
67.843
44.693
76.264
39.114
79.752
66.44
71.528
37.829
73.149
56.784
76.771
37.605
69.592
76.28
39.728
77.235
37.616
71.923
44.17
69.677
32.858
77.165
35.813
85.72
80.275
89.363
72.051
66.872
73.293
58.97
69.448
37.44
69.603
32.528
72.957
44.415
73.112
32.44
76.467
77.688
82.109
32.549
71.997
86.819
38.749
89.907
80.328
53.253
82.216
80.771
35.728
80.792
39.882
72.413
37.637
87.635
68.591
88.989
37.546
77.411
36.368
73.432
52.255
89.32
35.877
88.941
37.498
66.829
37.653
71.784
53.674
89.405
54.229
98.36
37.584
67.181
35.728
69.469
67.357
72.979
37.44
82.067
89.421
71.576
35.728
81.864
74.285
37.44
66.707
84.461
77.549
55.57
84.904
77.592
73.08
37.634
82.301
73.256
69.277
51.325
67.165
53.479
67.32
37.901
77.075
37.44
71.763
35.994
71.517
76.072
35.728
69.56
35.882
71.715
73.069
75.891
38.749
71.779
53.304
66.733
89.955
37.44
76.376
32.661
77.464
44.682
67.352
44.837
83.507
38.058
87.928
37.44
80.883
35.728
72.771
37.749
67.992
67.213
71.101
40.037
82.856
72.477
82.765
32.44
81.587
32.594
66.675
82.963
37.44
77.384
35.968
67.005
37.722
100.227
69.448
83.469
71.624
71.779
37.44
76.6
35.728
101.155
78.909
44.277
71.597
90.019
39.882
70.04
37.504
80.328
32.725
71.949
53.565
69.971
37.586
68.259
89.613
35.728
74.035
32.816
69.256
35.904
80.477
32.858
90.232
38.079
71.32
38.234
89.475
38.389
73.096
70.051
38.728
69.939
37.682
72.227
72.248
72.269
85.491
35.728
69.779
32.44
71.8
37.527
89.288
35.949
66.776
71.597
69.219
72.04
76.195
57.613
82.349
72.504
90.259
90.413
73.101
32.44
83.656
73.011
73.032
88.787
35.728
83.075
35.749
73.496
37.903
71.784
69.406
35.853
77.293
37.474
71.848
76.136
82.291
38.728
82.445
37.549
88.6
89.955
38.949
72.243
37.637
73.198
36.058
72.419
51.946
88.307
37.701
90.195
37.856
71.95
77.037
37.44
72.259
51.48
69.08
44.301
71.502
64.189
87.523
76.878
52.234
82.099
71.454
69.475
39.728
66.563
89.784
71.939
37.525
71.694
59.146
77.048
69.736
77.091
77.246
71.667
71.822
37.44
80.376
35.728
82.664
37.749
69.486
83.107
39.728
84.328
37.482
69.683
57.237
69.571
51.258
83.992
57.746
109.613
77.235
80.856
44.17
68.344
87.165
44.346
83.454
44.368
73.075
37.722
73.096
36.277
80.451
35.898
103.405
117.427
117.315
35.882
66.936
74.158
38.728
73.246
74.334
37.44
84.488
57.861
69.976
69.731
32.44
71.752
37.527
73.64
32.616
80.728
36.37
72.216
36.258
74.371
39.079
89.059
51.501
72.547
44.589
73.902
36.743
72.723
37.831
90.611
36.096
72.766
72.52
81.075
37.44
88.296
71.918
35.936
88.072
70.357
66.76
36.378
71.982
72.136
67.091
32.882
83.512
51.304
66.734
32.525
80.355
71.079
89.843
36.168
66.798
51.789
73.219
51.944
82.44
32.498
90.728
38.92
73.016
44.141
72.904
44.192
88.259
72.014
80.435
32.44
80.59
37.794
68.878
50.882
66.232
39.037
67.454
44.925
89.475
39.213
73.763
36.434
71.784
54.189
73.006
39.41
69.827
44.898
69.448
39.186
84.536
36.674
71.891
55.095
95.512
38.85
82.734
45.805
71.955
38.759
80.643
39.581
72.398
37.869
74.019
70.957
67.907
38.711
71.662
33.533
73.15
38.887
67.838
36.509
66.792
44.93
67.214
38.552
88.035
38.706
66.59
38.861
83.278
40.349
71.699
37.837
71.187
51.858
69.208
38.28
71.63
90.984
70.543
66.206
38.832
69.16
58.853
71.448
38.208
68.67
38.362
81.624
39.184
67.246
33.205
87.8
37.893
83.155
52.981
65.576
38.202
70.798
33.024
82.552
38.645
66.307
38.4
89.395
33.088
67.55
38.309
73.038
38.33
67.326
37.552
73.08
37.44
94.568
53.994
71.923
66.878
73.432
73.054
35.728
67.342
37.482
88.296
37.503
66.584
32.749
67.939
66.76
66.915
73.07
37.44
74.024
66.979
66.734
44.016
77.155
33.104
87.976
37.44
67.731
37.461
83.886
44.282
66.44
37.904
89.528
37.792
80.483
37.68
70.638
66.659
35.728
88.28
44.282
72.568
72.723
72.744
37.504
70.632
72.787
35.728
68.542
35.749
70.83
32.704
75.384
37.791
66.739
47.813
70.36
38.101
71.848
58.522
72.67
33.21
76.424
53.898
66.979
39.119
80.467
45.007
81.155
36.762
90.91
39.45
66.131
39.338
72.819
45.359
84.04
39.381
73.662
37.536
80.216
37.69
68.504
37.845
70.259
38.8
92.28
37.088
70.035
52.442
83.656
36.73
70.344
39.818
85.699
52.106
70.12
38.928
68.275
34.282
69.763
83.784
35.728
80.339
37.615
84.76
71.715
71.87
73.358
37.461
69.912
68.067
70.355
52.304
91.976
70.664
53.413
73.086
44.234
86.974
32.44
73.128
74.35
37.44
99.038
37.594
69.726
71.88
37.77
66.702
91.39
83.411
67.699
71.72
37.44
69.608
67.594
69.496
71.651
36.346
67.672
44.101
99.694
39.149
72.248
37.594
71.87
68.024
83.779
83.267
76.355
85.043
44.016
77.598
73.086
84.44
100.595
51.304
68.75
37.725
69.838
37.44
85.992
68.014
70.435
57.613
67.39
91.411
105.832
52.458
69.72
89.742
37.44
70.163
51.461
67.651
37.482
66.472
75.637
67.694
39.791
66.782
51.013
76.67
36.234
71.491
36.256
69.512
37.877
91.4
71.555
66.11
68.664
76.552
35.728
66.174
37.615
71.928
68.616
67.171
37.44
81.059
57.994
66.28
37.616
81.502
35.77
66.59
89.944
73.299
66.654
68.675
70.83
35.765
81.251
51.386
66.606
64.341
69.027
52.362
69.048
51.45
66.803
52.672
69.491
51.626
73.112
57.914
69.4
55.802
89.555
36.357
67.31
58.645
66.531
87.886
67.24
69.125
69.662
35.813
84.75
37.834
66.238
71.726
35.728
67.88
37.615
81.902
51.637
69.923
32.458
77.011
37.813
70.366
32.501
87.72
55.458
86.675
35.746
68.43
99.384
89.006
76.76
35.968
66.515
37.589
82.003
66.958
44.037
72.312
73.134
66.488
69.443
38.749
66.931
32.77
89.619
35.882
67.107
89.395
37.44
71.683
32.661
83.438
68.392
37.904
69.88
108.435
82.19
72.078
82.099
37.44
71.587
37.44
89.475
53.861
83.23
64.149
67.918
51.903
73.272
54.058
90.76
66.915
37.44
73.47
37.461
86.291
35.882
69.379
73.134
71.822
90.51
71.864
44.016
96.952
32.704
72.04
58.858
67.662
39.815
71.816
39.728
68.104
35.882
69.459
32.57
88.947
71.902
59.946
83.39
35.968
72.078
44.256
68.632
32.544
87.987
38.032
67.342
40.453
72.563
36.341
75.918
33.562
81.939
58.917
96.36
45.205
77.848
38.426
76.803
36.848
76.691
39.669
85.379
37.024
70.6
32.645
85.288
73.043
39.037
66.798
52.525
67.752
32.68
66.574
36.701
69.662
55.789
69.683
44.077
76.771
105.992
89.747
84.435
72.99
37.44
75.944
66.632
76.654
72.808
35.728
66.696
38.815
72.184
53.503
76.872
36.192
75.96
77.182
69.336
58.282
102.958
72.979
39.08
84.734
76.488
44.17
71.576
37.792
68.131
37.946
80.286
37.968
73.507
32.922
73.928
91.816
82.104
51.304
83.459
76.28
72.835
66.856
73.278
66.766
71.72
76.142
76.296
38.922
73.251
35.877
82.339
40.432
88.627
37.653
115.182
35.728
72.936
71.624
44.213
83.379
37.461
71.8
32.594
73.422
73.576
37.658
77.464
39.146
84.286
36.101
71.774
37.589
75.262
32.677
66.083
37.898
68.771
44.72
67.192
36.474
72.414
40.362
66.302
37.85
79.923
37.872
71.411
32.44
91.832
35.794
80.654
37.44
88.142
76.03
69.384
85.406
80.094
32.749
66.782
37.703
89.603
35.991
71.491
39.479
75.779
38.434
73.934
33.122
75.955
38.61
73.043
39.698
66.931
53.986
82.019
52.274
82.04
56.562
72.728
37.25
90.75
39.138
71.838
55.959
73.192
46.114
80.547
39.469
73.102
34.024
67.39
33.912
67.411
38.999
67.033
48.221
108.92
38.242
73.342
38.13
72.296
38.285
69.518
37.906
86.872
73.427
76.248
37.44
83.736
44.016
69.491
69.513
76.067
38.728
89.822
37.44
76.376
84.531
76.819
58.479
69.641
35.968
77.262
39.749
69.817
37.637
84.238
68.126
52.394
85.08
35.749
69.902
70.303
77.256
38.192
83.544
63.946
76.899
37.568
99.587
37.589
66.942
37.61
66.83
37.498
82.051
44.186
69.539
35.941
88.76
52.495
118.648
71.47
57.592
80.024
37.48
71.779
86.734
71.689
72.777
37.792
105.198
58.592
73.619
72.041
88.995
72.483
72.371
67.593
83.214
72.035
69.523
37.594
82.211
37.44
67.699
92.12
47.458
79.875
76.03
38.968
66.718
50.856
73.006
32.744
71.961
36.365
83.715
32.786
66.937
37.874
69.358
39.896
75.913
39.65
89.667
38.472
77.155
33.56
76.243
36.781
69.465
38.802
71.486
39.357
71.507
57.912
88.062
57.133
96.35
73.705
37.44
71.726
56.592
69.481
35.946
77.102
39.968
73.123
37.589
71.945
39.477
66.499
38.032
69.454
68.142
66.83
37.461
102.051
69.273
89.427
35.968
67.049
37.722
80.403
52.41
89.625
60.031
73.646
44.48
72.467
52.634
96.088
83.31
69.731
37.44
75.886
80.441
32.594
67.929
36.256
77.283
36.01
80.771
52.698
67.593
72.414
80.835
84.323
37.44
87.411
32.661
68.766
37.44
89.054
57.727
80.142
66.43
37.44
81.918
37.594
81.939
37.482
67.694
80.515
32.522
72.27
44.101
73.225
66.846
72.867
89.555
81.843
37.44
66.798
71.886
88.174
71.662
77.15
66.638
37.44
73.059
57.749
66.281
53.77
86.569
36.192
71.39
37.546
66.478
35.834
69.566
75.987
37.77
90.009
37.658
66.83
51.146
71.651
44.101
66.739
51.189
69.427
32.677
81.715
53.631
71.337
38.72
96.025
44.874
67.113
37.162
71.134
36.65
90.355
39.205
80.11
44.17
71.598
73.391
72.819
87.507
72.995
74.35
37.44
69.438
71.459
69.481
73.235
71.657
38.728
89.545
38.728
81.566
81.721
37.44
74.142
85.363
37.482
73.118
88.473
82.627
35.728
81.715
60.415
71.87
35.904
81.891
37.44
67.779
32.661
73.001
44.815
72.489
40.303
88.91
58.325
66.931
33.146
80.953
58.634
66.707
45.055
72.995
38.41
71.95
45.231
71.571
38.586
83.193
40.341
82.014
38.629
80.569
58.517
80.457
45.205
72.878
38.026
71.699
37.648
67.721
74.735
77.209
37.44
71.763
38.927
68.318
77.139
71.427
76.782
37.461
97.203
87.091
68.313
32.44
71.401
38.861
90.755
35.949
79.31
71.998
74.953
65.641
37.44
68.595
35.994
87.417
44.325
73.171
37.68
75.726
36.101
71.081
37.722
99.235
32.81
66.457
38.165
69.678
36.853
85.699
39.274
71.721
38.362
82.942
64.383
69.897
37.461
68.585
70.206
77.561
67.849
100.003
52.415
67.891
51.503
99.779
66.734
37.44
73.555
89.977
66.531
92.153
110.574
71.795
88.483
69.838
84.926
32.482
66.947
74.035
36.053
87.523
33.008
73.011
37.962
89.299
89.321
37.44
67.609
87.497
37.482
80.451
44.016
71.939
37.637
88.761
71.982
37.461
106.67
68.558
73.113
51.458
71.934
37.48
73.022
35.922
80.51
73.331
82.153
32.44
78.041
88.862
70.75
74.105
37.44
66.659
36.261
69.481
60.015
86.035
44.303
77.257
47.791
71.278
37.813
100.899
74.101
83.854
52.789
89.742
71.763
71.918
114.073
35.882
80.361
37.637
81.849
40.191
85.07
44.213
108.425
67.913
69.801
83.555
69.977
37.44
69.731
69.086
37.44
66.174
69.529
55.549
73.017
73.171
52.698
80.259
32.986
69.081
36.208
81.902
37.562
69.523
51.45
73.278
32.616
91.033
38.903
82.521
69.475
67.763
77.651
77.539
66.494
37.44
71.715
66.937
38.946
73.491
32.701
66.846
37.656
67.001
53.304
73.289
37.458
69.843
35.904
88.265
37.594
73.486
67.241
36.101
73.129
36.256
66.883
71.971
37.44
82.659
51.458
73.347
44.28
80.569
55.101
69.39
89.811
69.166
37.594
66.654
69.075
71.363
37.482
87.651
51.37
67.939
50.991
67.694
71.715
38.882
88.537
71.891
36.234
82.446
39.055
89.801
52.143
88.889
37.637
82.377
32.458
82.398
32.48
66.953
73.241
72.062
38.728
71.817
67.171
70.189
73.593
66.814
35.728
89.369
37.749
89.39
37.904
72.478
71.833
82.479
82.387
44.101
88.942
77.097
73.251
80.339
52.304
72.894
67.182
69.47
58.815
67.491
37.77
72.979
37.925
113.267
32.613
72.222
54.101
69.31
38.256
72.531
82.286
80.174
37.44
72.995
35.941
66.883
69.305
76.259
72.547
32.44
89.369
57.661
66.857
37.52
88.878
51.408
68.766
71.454
55.877
84.409
38.005
71.63
69.785
71.806
68.094
37.44
71.715
66.937
89.491
72.179
89.667
71.689
53.858
81.977
37.658
69.598
60.213
69.753
44.101
77.774
36.256
69.129
37.877
71.417
66.771
50.813
71.593
32.568
76.014
36.056
72.035
36.077
69.523
106.211
52.304
92.233
83.854
76.942
44.016
84.297
99.251
70.206
35.877
83.961
36.032
69.715
32.586
72.003
37.808
82.425
36.362
69.379
37.45
88.201
36.005
85.422
32.96
80.377
37.648
71.598
71.619
76.841
66.729
35.728
69.817
32.549
69.438
35.904
76.126
37.791
88.147
32.613
72.035
37.44
73.257
73.145
35.728
76.099
32.682
69.721
38.17
68.142
36.192
76.43
38.213
92.051
38.367
83.939
37.589
92.761
32.677
84.115
60.831
91.203
52.853
73.225
64.034
82.579
73.667
72.622
32.44
69.443
44.194
74.131
32.616
80.819
35.97
69.641
40.391
99.395
53.346
82.35
32.834
73.438
36.322
71.993
53.41
69.481
38.231
68.435
51.853
77.523
70.078
67.391
70.233
73.054
39.277
81.875
37.565
90.963
32.52
68.585
39.474
76.339
72.227
47.458
69.315
52.813
88.803
38.968
67.625
36.056
72.979
65.81
67.934
38.098
72.355
36.52
88.777
38.274
72.265
48.162
82.553
38.184
80.707
37.938
83.662
32.626
69.55
36.514
69.571
33.069
81.726
38.024
73.881
52.178
71.902
73.257
96.345
73.699
76.654
37.44
114.009
66.697
92.318
68.339
38.192
76.894
38.08
74.115
73.07
88.691
70.41
85.646
84.601
37.44
69.822
32.794
73.043
67.615
77.598
37.637
69.753
83.507
37.637
72.862
52.858
68.617
53.946
81.438
59.01
73.593
39.832
69.214
38.92
71.902
39.074
69.657
67.812
69.966
33.101
71.987
37.789
69.876
39.543
89.63
36.898
77.251
32.786
89.673
39.207
72.228
37.495
98.915
35.784
72.404
37.938
88.425
51.026
80.179
38.247
76.067
57.202
67.822
37.757
83.31
32.578
83.731
37.933
109.353
36.754
82.974
32.909
72.862
52.797
72.884
73.305
71.726
52.927
82.281
72.836
37.504
69.39
80.345
72.1
37.44
82.387
72.542
35.77
73.364
37.525
82.585
36.08
72.34
35.88
69.961
44.301
67.182
52.855
80.27
51.81
92.291
32.498
71.78
38.253
84.734
36.674
87.555
37.496
76.11
67.332
32.44
80.02
35.728
105.374
37.615
83.395
84.483
76.105
72.793
77.214
69.102
35.882
80.19
69.545
69.7
88.387
69.876
92.297
73.385
50.592
72.473
38.728
72.361
84.649
73.07
77.092
82.713
84.601
67.956
37.44
69.977
32.528
67.998
82.286
71.774
39.728
83.529
72.217
35.728
73.305
84.66
35.728
87.748
37.482
89.102
83.257
35.728
67.678
72.1
67.988
35.728
85.476
35.749
69.897
44.17
69.918
69.673
32.746
67.961
100.249
66.67
77.092
76.446
71.801
76.089
37.44
67.044
44.261
77.065
32.549
84.82
37.504
70.174
67.525
70.329
39.728
72.084
37.792
85.305
69.86
81.881
72.169
88.457
72.078
37.616
66.766
71.988
68.142
37.44
89.23
51.327
66.585
37.749
71.806
36.032
71.428
32.853
66.916
39.141
70.404
58.095
69.758
32.917
69.246
37.872
89.668
40.026
80.222
44.447
69.71
37.44
89.598
37.461
68.02
37.482
66.841
72.729
73.15
88.105
32.44
69.326
66.948
89.502
51.81
72.457
75.278
39.728
65.966
57.882
67.321
87.876
38.792
69.497
66.718
37.504
69.673
44.591
89.828
37.594
69.716
37.482
90.004
37.637
68.692
37.792
70.313
83.934
37.834
100.356
84.644
68.398
70.153
76.974
70.596
99.684
77.705
103.86
69.481
37.44
80.436
32.528
82.057
35.749
73.545
39.237
72.233
37.792
89.721
57.946
82.276
39.434
67.764
47.855
69.785
76.473
69.961
37.44
98.916
37.461
68.404
36.149
78.558
36.304
91.78
37.792
68.601
36.346
71.822
51.567
89.577
66.798
71.753
38.728
71.908
37.44
69.396
35.861
72.884
69.305
82.26
104.014
68.702
32.44
72.457
39.261
87.412
39.415
71.433
32.461
72.654
72.676
37.44
69.097
38.794
89.785
37.882
71.94
32.97
88.894
37.525
72.382
37.44
73.07
66.425
57.901
71.646
69.401
84.356
91.044
69.732
90.153
82.308
67.396
55.277
82.75
37.965
81.572
36.253
85.326
74.014
67.902
87.79
81.945
37.44
82.9
82.788
71.342
32.44
69.764
44.061
86.452
58.882
69.94
33.037
77.428
37.44
100.116
69.737
69.492
68.046
54.882
71.801
39.303
89.556
39.325
68.11
37.613
77.332
32.834
76.953
70.322
67.908
32.461
72.996
77.415
69.284
39.037
68.372
37.991
66.66
57.479
80.414
32.834
76.702
73.924
51.008
80.878
50.629
77.3
66.921
66.942
37.44
91.897
37.594
66.718
69.406
35.728
82.494
35.749
77.049
69.47
44.016
89.758
84.713
71.801
73.689
82.377
69.732
76.42
38.728
89.241
35.816
88.996
37.461
73.017
37.482
84.238
71.726
91.081
74.036
72.857
32.44
69.412
86.061
77.166
32.749
89.721
38.237
82.142
36.258
71.764
67.118
69.54
57.592
96.894
52.813
91.982
59.367
83.47
36.056
69.492
37.944
71.78
89.934
66.756
90.644
67.865
37.44
67.886
100.441
35.728
76.462
80.75
88.105
66.793
39.728
71.748
51.882
67.102
37.77
71.924
37.925
71.812
53.679
67.833
37.968
69.721
37.456
67.076
66.964
82.852
58.592
71.406
69.428
69.049
81.87
39.728
71.625
88.713
71.801
37.44
88.489
37.461
67.444
88.265
35.749
72.42
51.37
100.041
35.925
72.462
59.146
83.817
37.834
71.305
35.728
83.326
38.015
69.614
69.769
44.016
72.99
38.97
69.812
36.192
84.233
32.746
69.854
38.234
68.409
35.989
85.364
60.81
70.185
70.34
57.88
83.828
51.368
85.582
44.322
68.004
69.758
38.882
68.446
90.201
35.728
68.622
37.615
69.977
77.998
37.504
68.553
35.728
77.774
56.815
84.062
77.684
88.638
87.593
69.481
59.056
77.502
36.144
68.19
38.032
68.078
36.586
69.966
38.341
77.454
58.496
71.876
37.44
88.564
76.052
44.016
88.206
37.637
80.361
39.792
76.116
37.546
69.204
40.101
87.625
84.713
69.801
77.289
37.44
90.91
53.461
69.332
37.882
69.22
39.77
66.841
37.925
76.862
44.479
88.484
36.101
91.038
37.989
86.393
32.944
67.748
60.431
83.236
37.786
71.79
36.074
71.945
80.5
37.658
82.254
37.44
72.009
32.528
71.764
36.549
67.785
38.037
93.14
82.094
51.304
71.049
35.992
75.337
39.346
65.892
44.834
68.846
36.589
101.268
38.344
76.756
66.51
71.732
37.44
71.886
37.594
76.308
37.749
69.662
76.35
69.572
32.749
84.126
83.748
90.169
84.857
35.882
76.212
37.44
89.7
82.388
35.749
82.409
37.504
69.23
55.57
72.852
44.391
69.406
37.746
71.828
32.834
75.982
36.456
66.804
53.143
66.958
73.246
67.401
69.022
37.44
66.377
88.132
44.016
82.02
89.774
37.792
69.662
37.68
68.084
35.834
83.972
35.989
70.393
36.01
73.348
65.365
77.102
70.19
90.612
68.9
77.321
76.676
70.164
73.252
69.94
74.094
39.728
84.382
70.137
70.025
68.18
91.134
39.882
84.089
55.637
70.51
57.592
70.265
32.946
77.753
37.768
77.774
40.722
100.996
57.41
71.15
44.632
71.305
36.786
71.46
37.874
71.614
32.962
71.769
36.184
85.39
71.145
57.592
70.1
37.48
83.988
70.409
68.564
35.728
77.918
37.749
76.606
88.228
98.782
70.27
37.461
73.092
70.713
70.601
66.756
69.844
73.065
44.016
69.486
32.44
68.174
37.661
68.062
44.349
73.284
32.637
66.772
89.593
35.749
82.014
88.969
37.594
66.591
88.078
75.966
73.854
36.058
69.209
74.03
52.304
83.118
37.658
69.673
36.213
79.961
40.234
81.182
36.656
66.137
37.61
83.892
71.646
35.728
74.068
37.615
71.156
75.71
66.665
52.304
66.687
55.525
74.041
37.946
72.996
39.434
74.084
38.256
77.038
38.01
83.86
38.165
69.748
36.453
84.169
32.474
68.324
37.562
70.345
77.3
66.788
70.676
83.764
85.785
69.007
78.494
78.516
53.97
70.937
67.058
68.692
68.58
70.468
44.474
78.222
70.911
57.592
70.265
66.82
37.44
68.708
35.861
66.729
85.417
37.44
69.039
55.461
69.193
37.882
66.948
32.97
68.969
37.925
90.19
32.44
69.012
72.5
35.728
71.188
39.01
80.943
82.164
68.585
44.037
72.473
44.192
68.761
83.449
37.44
100.137
88.692
35.882
68.847
37.44
72.601
37.594
69.156
39.215
71.977
44.57
67.732
36.325
72.02
69.546
69.908
51.967
76.596
37.989
68.484
78.105
69.86
37.44
68.148
58.527
85.103
70.457
59.925
70.345
36.08
83.833
37.834
70.255
70.143
72.831
71.519
37.594
103.806
83.028
35.728
66.249
37.615
72.404
44.437
66.292
36.325
71.513
65.013
88.068
52.501
71.823
36.389
84.111
44.277
73.065
53.765
82.02
38.586
69.641
37.941
99.929
37.696
67.951
69.572
71.727
83.348
69.769
85.791
57.322
82.479
40.01
71.967
37.765
89.321
36.586
88.943
36.208
72.964
51.962
71.652
53.05
71.673
39.472
68.895
36.826
79.983
36.581
70.937
57.136
81.225
39.424
82.447
67.578
71.535
39.77
77.289
89.711
60.255
77.599
72.42
51.458
91.241
32.68
70.063
88.484
38.882
72.105
73.46
52.304
72.548
32.592
102.569
37.68
72.857
51.41
66.479
37.698
89.433
73.055
73.876
37.44
71.764
67.652
98.207
69.828
87.983
82.404
57.88
66.425
35.768
67.513
32.589
73.268
37.616
71.689
37.637
75.844
71.732
44.016
73.487
71.775
44.192
67.796
37.68
69.684
76.905
51.304
80.527
72.015
37.44
87.903
88.591
89.012
67.727
67.967
32.682
96.655
38.17
66.943
38.991
67.897
38.346
90.052
32.768
72.073
40.789
90.095
36.144
84.383
32.565
87.871
38.186
71.225
61.274
83.647
38.629
87.935
39.984
89.556
37.738
73.311
72.399
87.22
37.44
69.241
37.594
71.796
39.482
71.951
54.61
75.972
32.44
73.46
37.927
72.015
37.949
72.169
59.17
73.257
37.591
69.545
36.146
77.433
69.321
66.809
72.964
66.719
82.073
67.695
37.44
80.383
71.871
72.025
89.913
83.401
37.501
89.023
50.592
83.844
37.546
87.999
88.42
35.749
82.175
51.503
73.263
35.792
71.817
73.305
36.101
73.46
55.189
69.748
36.277
77.103
32.965
69.924
52.319
77.545
36.741
71.7
52.629
70.388
44.65
66.809
32.805
67.764
73.385
47.703
80.873
71.561
66.634
69.316
37.722
91.871
37.749
89.359
37.77
105.38
37.925
71.668
77.156
37.968
85.577
55.394
72.132
71.753
91.108
37.653
80.329
67.817
37.44
67.705
38.946
77.193
44.058
76.415
90.703
77.257
87.012
71.833
76.921
90.676
37.44
102.697
70.052
44.016
72.74
32.837
71.428
37.658
83.449
69.737
103.625
84.047
37.44
70.068
33.061
91.556
72.549
89.577
36.304
71.999
72.153
71.908
35.789
76.063
35.728
79.951
71.439
69.193
37.813
71.881
39.434
84.569
44.255
83.391
36.144
79.945
74.031
80.1
33.12
82.388
44.607
87.609
44.095
67.631
36.25
72.852
37.44
76.873
37.594
73.161
77.316
37.904
73.071
69.225
37.68
82.047
37.834
83.535
37.856
92.356
88.911
70.265
76.287
35.728
70.175
96.196
84.751
59.922
67.972
35.944
68.127
69.881
66.703
56.991
74.724
66.879
35.968
73.033
89.721
51.368
73.076
37.656
72.164
86.985
32.461
72.207
80.495
37.44
71.983
37.461
68.271
36.016
77.359
83.913
35.813
66.601
44.101
71.823
36.256
84.377
32.544
80.265
44.831
73.087
32.986
68.308
37.941
70.329
44.895
73.017
39.317
66.772
32.805
90.793
36.026
91.215
32.714
73.236
52.602
73.124
39.69
86.212
86.633
86.521
68.676
35.749
70.431
44.41
89.519
73.54
32.44
89.428
32.461
88.916
71.604
66.692
82.313
73.001
37.44
72.089
66.777
69.332
73.087
76.441
81.929
58.592
84.351
73.039
71.993
37.594
72.948
44.149
101.503
36.037
69.391
44.591
67.012
59.546
71.833
36.101
88.255
37.856
69.743
36.144
71.764
58.831
69.919
36.053
71.807
51.941
82.361
37.696
72.116
84.004
81.759
44.016
76.447
38.728
89.401
35.949
71.956
67.57
68.911
71.465
71.353
37.68
79.641
54.901
72.596
38.122
82.751
67.439
52.394
65.993
37.749
83.748
35.904
72.303
37.44
71.124
81.812
69.033
66.921
83.343
37.44
69.764
35.994
69.919
69.673
44.037
73.028
37.525
81.983
73.204
87.092
38.904
72.313
89.935
72.089
74.111
44.016
69.599
37.504
66.82
37.525
93.241
66.996
37.44
103.284
35.994
89.305
37.749
71.86
44.303
76.015
83.369
52.304
83.391
82.079
69.833
77.055
53.458
72.943
69.364
37.594
66.719
44.282
71.807
58.437
67.828
37.792
72.116
89.871
94.959
66.189
69.247
64.21
81.935
37.77
71.689
51.391
66.644
71.999
73.22
37.44
87.908
58.261
71.663
71.817
69.039
73.86
71.748
37.882
66.703
89.657
66.879
35.728
77.167
35.882
68.255
69.609
67.897
37.461
85.252
47.615
71.94
37.77
69.561
39.658
89.716
37.546
87.737
33.168
83.359
74.18
37.44
76.868
37.594
73.289
32.549
76.377
36.437
69.599
44.858
69.487
69.641
99.529
69.951
69.839
32.44
69.993
37.661
67.615
72.836
76.191
32.44
99.145
76.5
37.44
69.721
101.343
69.897
71.652
37.44
69.273
66.761
87.983
73.071
72.159
32.44
72.047
37.44
71.668
54.661
71.689
37.749
71.844
37.637
103.599
44.325
69.487
60.346
92.708
39.434
71.796
69.551
37.594
72.639
83.993
57.749
88.015
69.369
35.728
88.457
35.749
73.545
73.167
44.17
99.321
39.925
89.876
77.364
83.785
74.073
68.228
57.592
83.849
80.404
35.728
66.559
32.549
82.713
38.037
80.201
37.791
71.556
51.304
69.177
37.592
71.599
67.887
66.975
69.663
83.017
71.705
37.44
88.26
76.015
71.636
37.637
86.857
37.658
67.412
68.767
73.588
71.476
66.698
76.185
57.592
69.674
67.695
37.44
79.849
37.461
67.471
32.549
89.492
36.437
66.714
36.277
101.135
80.223
37.594
73.178
57.349
69.466
32.44
72.954
39.794
76.975
69.396
74.084
39.034
68.372
73.06
39.077
73.082
69.636
67.924
77.279
39.728
82.1
35.749
76.655
37.44
82.276
81.897
69.519
69.407
84.495
51.503
69.583
71.604
35.728
69.759
69.647
69.535
69.423
35.728
68.244
37.594
68.399
69.754
68.442
44.208
77.13
37.696
73.284
36.037
76.239
69.727
35.728
72.148
38.949
71.903
53.103
83.791
33.125
77.546
38.213
92.1
87.855
73.076
66.168
88.831
51.389
82.319
36.21
72.074
44.016
90.095
71.983
69.338
67.759
72.714
52.304
72.868
72.89
38.728
71.711
72.799
71.62
72.842
69.263
71.284
37.594
66.372
38.815
86.66
37.904
66.282
51.125
88.703
37.813
82.058
32.901
103.279
71.967
80.522
32.749
67.743
38.103
89.898
38.258
72.052
38.279
97.673
32.968
73.562
44.589
71.85
53.677
88.271
45.031
88.292
39.186
72.047
37.207
72.068
39.095
72.09
38.983
82.378
37.671
71.999
38.493
71.887
45.181
106.975
61.335
71.796
52.023
66.751
39.245
66.772
38.599
76.927
53.287
77.748
65.709
67.236
39.197
102.324
60.018
71.679
46.039
104.767
38.594
69.188
82.41
37.44
71.498
37.594
83.119
71.94
51.989
71.962
37.477
67.85
36.432
69.871
36.32
72.426
37.674
79.514
37.829
68.735
79.956
69.044
81.999
37.482
72.954
73.642
83.13
71.818
37.44
101.172
37.44
72.26
36.261
72.015
67.77
71.791
81.946
68.1
52.368
92.388
84.543
37.44
72.431
88.719
71.14
44.346
82.895
72.783
69.338
58.322
73.226
77.247
82.202
37.44
76.89
75.978
69.732
76.154
37.461
69.775
83.663
69.818
38.829
101.972
58.05
76.927
44.605
68.682
51.426
104.836
91.314
74.058
37.069
69.412
32.69
67.834
38.712
88.122
52.599
69.876
38.621
67.898
37.976
68.052
37.864
69.807
36.418
85.428
37.64
77.05
37.44
89.471
72.959
37.44
73.78
69.535
37.44
69.69
32.653
76.244
37.44
73.999
77.087
44.016
77.242
36.037
76.996
37.525
71.818
72.639
32.501
71.594
82.148
71.903
73.124
38.728
77.012
39.728
100.1
51.482
69.322
36.17
73.076
40.192
66.831
45.013
69.519
33.434
72.074
38.522
69.428
40.944
66.383
45.498
76.938
53.386
73.759
38.608
67.647
33.696
73.135
52.783
69.823
38.538
67.578
38.693
75.999
33.514
72.954
38.202
83.375
40.757
66.33
36.778
66.484
38.8
67.706
40.021
89.327
44.709
100.148
38.064
82.036
35.728
73.258
73.946
37.68
81.967
32.768
66.655
100.143
38.904
73.098
71.652
69.407
69.562
67.983
57.592
73.204
37.48
76.959
38.88
91.78
51.48
73.268
59.367
77.156
59.922
68.111
51.677
66.932
55.17
76.954
35.749
82.308
71.663
85.284
39.058
77.172
44.279
71.994
39.368
66.815
37.656
82.303
37.677
71.924
52.765
71.946
36.12
95.567
32.674
73.188
53.362
66.81
39.517
73.231
38.605
80.452
39.426
73.407
38.114
88.362
38.269
88.783
37.89
71.338
58.311
72.826
36.6
69.514
36.354
81.668
33.042
72.09
32.797
88.511
39.485
68.532
58.839
81.22
64.994
76.442
37.816
88.596
37.97
71.284
39.592
76.239
37.48
71.194
32.568
73.348
37.789
86.436
36.037
90.858
73.812
37.44
69.3
72.388
52.549
69.476
77.231
37.44
69.919
72.34
38.749
82.228
44.103
73.316
55.725
73.738
44.546
67.759
88.047
35.882
76.868
35.904
72.623
51.391
90.511
81.866
71.62
69.375
39.058
73.13
37.48
90.751
36.034
67.306
80.127
37.44
91.082
74.303
38.728
73.124
84.612
37.44
101.434
83.055
83.476
68.031
36.037
71.786
73.14
51.304
82.095
44.08
72.516
76.671
86.559
66.847
73.002
37.44
89.956
82.111
57.746
81.999
36.168
82.02
81.642
37.616
66.996
39.103
89.284
37.658
71.039
39.146
89.06
32.634
83.482
39.189
80.436
89.791
72.746
69.567
66.655
69.61
76.031
84.986
32.749
84.34
71.962
80.65
55.613
82.404
36.034
72.426
48.322
71.78
73.135
72.223
32.44
77.311
35.927
69.466
72.82
37.44
69.242
75.53
51.304
72.618
60.52
76.772
37.474
72.927
69.882
69.903
37.44
84.858
69.812
83.967
104.522
68.41
76.698
32.44
92.452
37.527
82.74
73.162
72.383
72.538
52.304
90.159
51.392
90.58
73.668
32.637
84.09
37.44
81.444
89.999
99.887
73.508
89.396
51.232
80.751
72.106
36.208
69.727
84.815
66.703
82.058
44.016
73.012
38.728
86.767
91.588
88.943
36.346
73.898
71.652
76.074
44.016
82.095
38.837
72.116
36.058
69.338
59.88
91.226
69.647
37.656
89.668
52.077
69.556
44.232
67.978
57.986
68.132
32.808
101.22
36.162
107.642
33.117
73.13
36.205
73.284
59.56
71.706
38.248
72.927
45.069
69.482
51.09
80.303
79.391
50.592
76.212
38.746
87.834
37.968
73.055
37.989
71.343
53.477
72.564
38.165
66.186
59.386
84.34
36.208
88.228
69.562
73.583
33.184
71.471
38.005
89.892
59.093
71.914
44.853
77.268
51.407
76.356
32.896
84.111
37.584
84.132
37.605
78.02
89.908
44.17
70.33
32.44
69.684
73.039
37.44
88.127
38.794
69.615
53.615
73.236
35.904
82.324
37.925
66.746
36.346
69.3
32.901
66.788
38.522
66.676
52.01
69.631
38.298
80.186
36.453
69.14
52.074
108.895
39.429
69.316
37.984
71.738
32.938
83.626
44.693
70.047
51.247
76.202
36.202
69.823
76.111
36.101
104.266
39.989
76.287
38.143
77.108
59.098
76.33
60.719
69.818
68.341
69.439
39.162
92.26
37.45
72.948
68.405
72.97
33.226
71.924
37.781
71.946
54.335
73.434
33.424
71.855
46.111
91.076
40
69.231
53.487
66.586
37.376
81.94
76.895
71.85
51.458
77.071
37.44
83.226
66.58
37.44
84.335
32.594
87.69
66.911
69.332
67.087
37.44
66.975
37.594
69.396
37.44
103.684
64.261
89.572
71.994
73.082
76.325
107.103
52.746
84.858
35.834
76.212
38.389
73.167
37.877
72.388
51.631
100.143
66.831
69.519
35.965
68.607
86.762
76.916
89.604
67.626
82.847
37.44
71.802
44.016
82.356
87.978
73.332
71.62
66.575
74.063
75.951
35.749
84.106
59.103
95.06
32.725
84.015
52.015
102.57
39.637
93.124
36.192
85.146
35.813
68.367
35.968
76.522
70.01
83.898
37.904
70.453
35.925
76.74
38.08
77.162
35.968
66.783
89.738
37.44
72.159
51.861
67.781
86.735
66.623
37.44
76.645
88.132
69.621
38.728
91.375
37.682
82.33
100.484
44.016
76.773
58.97
73.327
77.082
44.016
73.637
36.037
69.658
37.658
84.746
52.346
68.101
35.728
72.922
38.015
91.076
36.17
72.298
51.391
71.253
64.479
82.874
37.567
75.962
35.989
81.85
36.01
66.671
89.892
82.447
96.068
71.823
73.178
83.333
51.386
77.487
68.309
51.304
80.197
71.818
69.039
37.44
83.327
83.749
72.703
67.925
71.813
69.834
52.304
77.455
38.858
77.477
36.08
68.698
70.053
38.728
97.407
37.682
66.762
44.058
83.05
37.813
71.471
57.834
76.293
69.514
38.728
69.669
35.949
68.223
37.837
66.778
37.458
80.399
66.954
37.44
76.842
37.461
83.263
69.082
66.618
44.437
71.706
33.125
71.861
33.208
77.215
52.325
73.77
35.813
72.325
90.079
90.101
72.789
37.44
73.61
57.727
89.898
37.882
83.119
44.57
67.807
40.191
69.962
38.213
70.117
39.301
66.805
33.056
82.693
32.944
73.647
36.032
69.802
52.853
76.223
37.808
82.911
37.962
68.133
51.717
101.62
64.938
71.775
37.626
82.197
38.981
67.951
38.749
71.706
67.061
35.904
70.949
70.97
72.325
44.301
71.146
67.167
39.728
73.589
90.677
39.904
71.498
35.792
72.719
69.007
37.44
71.295
36.013
90.517
36.168
82.138
37.656
68.026
72.981
52.501
74.069
37.722
69.423
102.378
77.199
37.44
73.487
84.175
66.73
37.594
76.218
73.706
37.504
75.994
52.058
72.415
37.68
81.503
37.701
75.258
44.255
81.679
83.967
37.44
73.189
88.143
37.594
85.365
87.119
72.207
32.482
69.562
37.44
69.317
33.061
83.471
39.082
77.093
37.904
76.981
44.192
69.669
89.29
37.44
69.711
69.599
54.88
67.754
37.701
66.709
32.922
90.997
51.744
69.685
71.706
37.44
69.461
32.528
73.215
55.482
73.237
32.461
71.791
44.349
73.546
83.701
89.589
37.44
66.677
39.861
71.631
32.549
66.719
37.77
66.607
76.895
73.317
76.271
57.749
69.759
32.704
80.447
37.791
76.202
32.88
71.823
38.101
82.111
38.255
82.533
32.81
82.154
84.042
32.44
91.93
36.061
83.951
52.749
67.573
36.103
68.927
75.482
73.77
57.746
76.858
56.701
82.746
57.789
104.367
67.589
71.743
69.365
74.319
32.44
72.341
77.562
92.383
37.44
71.471
35.861
73.359
40.103
72.981
67.935
37.594
68.09
44.149
66.378
67.903
67.466
50.991
71.221
39.013
76.575
35.834
87.663
75.055
88.751
67.039
37.474
72.927
37.496
72.682
83.237
82.725
67.679
32.44
84.367
44.061
81.189
70.943
58.88
72.165
70.719
44.258
68.607
88.762
69.05
44.325
83.338
81.626
77.114
68.069
38.861
80.49
37.496
77.045
37.65
90.266
86.821
37.44
95.775
32.528
108.73
57.882
88.618
38.17
72.239
51.658
96.127
72.549
89.237
89.258
44.016
82.479
73.301
37.44
73.055
73.21
67.898
84.453
44.413
83.541
37.634
89.562
44.322
71.983
39.144
82.271
37.44
90.026
53.327
69.514
67.802
38.765
82.223
68.111
32.616
69.733
59.97
68.287
47.503
69.642
32.858
71.397
53.546
66.751
44.234
85.306
67.861
77.215
66.703
71.391
82.479
37.594
66.901
66.922
72.943
66.965
71.786
66.741
90.895
83.717
84.538
76.693
39.149
70.181
35.97
67.002
64.258
77.823
37.904
68.645
84.266
38.213
68.687
38.101
70.175
38.256
68.33
38.277
69.951
83.439
37.92
68.127
44.207
87.882
32.496
71.77
102.191
73.279
73.034
73.989
39.056
72.81
69.498
32.44
82.319
59.613
88.074
73.429
37.656
80.517
72.005
85.093
39.08
84.714
52.567
69.669
69.29
35.728
67.711
38.015
89.466
37.903
68.154
32.592
71.242
36.48
107.797
39.034
66.085
68.639
71.061
37.461
82.815
52.682
65.903
75.658
39.08
66.079
37.634
66.901
72.255
68.943
109.365
75.386
55.458
71.007
37.44
69.295
37.594
88.117
35.882
69.738
38.037
84.426
32.592
71.781
68.202
57.592
68.357
69.978
32.44
67.599
38.194
71.621
82.042
90.197
37.44
71.818
71.973
71.461
81.615
60.189
84.437
51.458
75.658
32.813
71.546
32.968
84.234
66.322
69.855
32.877
73.077
38.232
72.031
44.386
69.786
39.749
83.541
70.095
66.783
71.338
44.016
72.559
33.104
90.447
33.258
72.335
83.023
37.44
83.045
57.994
98.799
37.882
66.154
81.509
44.016
67.263
72.618
72.506
81.727
51.458
69.082
66.57
51.501
71.791
77.279
72.901
59.88
66.789
37.501
90.01
36.056
69.765
37.81
71.519
67.541
82.229
71.85
32.482
77.205
32.504
69.359
74.181
77.002
71.823
76.378
71.599
90.154
37.44
89.109
39.061
77.397
47.749
73.151
47.637
89.706
37.594
89.327
51.482
69.482
81.637
57.592
69.925
52.68
72.079
70.101
72.389
51.01
73.21
39.037
67.765
35.992
69.919
32.813
80.341
44.967
83.029
40.056
69.983
45.277
73.071
38.632
68.026
54.253
86.714
38.274
69.935
39.896
76.357
36.984
68.111
38.605
83.999
84.954
64.056
77.375
39.144
78.33
37.832
84.618
82.106
32.44
82.127
72.015
80.437
72.191
89.546
44.525
73.434
89.722
88.543
73.098
35.728
104.319
80.207
69.695
73.183
37.594
72.005
70.026
73.647
69.135
66.623
58.592
67.845
52.613
77.333
72.421
39.056
71.909
88.597
37.44
89.551
55.594
67.573
80.394
66.456
71.882
37.677
108.57
37.44
71.791
38.927
85.813
36.282
81.567
44.325
88.255
37.546
70.81
35.728
67.498
84.453
89.007
91.429
72.65
37.594
80.005
37.749
82.826
32.704
75.781
38.991
71.135
39.013
72.357
37.968
72.778
37.989
67.333
52.41
66.421
71.909
37.834
73.13
59.455
72.085
73.173
44.016
84.661
32.704
84.149
44.058
69.37
57.813
71.925
39.034
72.079
69.855
99.301
40.277
67.589
59.765
73.21
38.186
87.765
58.874
71.919
73.407
69.429
73.05
66.805
67.76
83.514
72.736
87.423
69.578
37.44
67.866
37.594
69.888
76.309
73.53
37.461
67.285
75.44
81.594
72.949
77.237
32.44
74.058
37.661
67.013
44.082
66.768
91.055
75.744
71.365
72.72
69.408
99.162
37.746
71.717
38.834
71.872
38.056
93.226
35.944
72.714
57.613
77.002
32.568
89.823
44.589
72.378
39.277
73.2
35.965
71.754
101.775
59.81
80.597
35.882
83.685
88.239
52.613
73.328
71.749
35.728
71.904
50.768
66.725
77.546
44.037
73.701
75.989
66.81
35.728
72.298
83.386
80.741
39.882
73.429
32.44
71.717
37.794
89.471
66.693
37.77
69.248
32.725
97.402
44.037
71.157
37.44
72.245
72.666
35.792
81.621
58.97
82.576
76.997
88.485
36.01
73.44
35.765
82.928
73.482
32.44
84.437
83.258
52.117
73.013
74.234
66.922
73.344
32.568
71.898
35.922
66.72
101.141
67.962
66.784
54.88
72.005
71.893
70.981
68.602
35.728
71.29
37.482
75.712
72.8
69.488
38.728
72.042
35.949
83.664
44.237
69.685
37.44
79.84
87.061
100.549
35.728
84.037
37.44
69.258
44.074
72.746
53.562
66.501
44.384
76.122
44.538
71.744
73.098
107.119
66.741
32.77
66.629
83.317
51.304
72.672
69.36
72.981
68.456
82.202
71.957
37.44
73.445
80.8
69.488
37.44
72.176
37.461
74.197
53.749
73.152
89.973
39.728
73.194
73.216
69.637
35.728
77.392
35.728
68.613
39.904
89.834
35.925
70.122
36.08
78.41
90.832
37.44
68.853
44.261
70.074
86.229
44.037
77.317
69.738
71.76
73.114
37.44
77.002
51.727
70.357
37.482
84.512
70.533
70.688
85.509
69.93
37.44
67.818
59.861
73.04
57.615
70.394
35.77
77.216
32.592
89.904
64.613
77.258
39.434
69.946
44.122
68.368
35.877
68.522
84.41
32.594
68.298
37.549
68.053
32.637
67.808
37.725
92.362
40.413
66.65
73.205
37.44
72.96
44.261
71.781
36.149
83.802
71.29
44.016
72.378
32.704
69.066
66.554
88.976
69.397
53.746
66.618
37.634
69.573
35.728
81.994
37.615
66.816
37.637
71.77
52.591
83.392
89.546
35.728
69.034
67.589
37.44
76.277
50.592
71.232
35.813
68.986
59.592
66.341
64.21
77.029
52.365
71.584
72.805
77.093
72.848
73.002
88.757
67.712
35.728
73.333
100.021
52.458
69.376
71.797
66.752
90.24
85.258
83.728
38.88
70.149
58.592
84.037
35.946
85.392
50.901
71.946
66.768
37.44
70.922
69.744
76.565
32.44
72.986
37.44
76.874
37.594
82.096
36.034
82.25
37.656
76.938
44.344
66.693
70.581
32.594
66.736
44.215
74.224
32.904
67.178
52.525
69.066
37.746
82.954
38.967
81.909
51.789
67.93
37.543
70.085
71.84
73.194
66.816
73.504
90.458
59.429
71.68
33.058
73.034
69.346
88.389
39.101
88.277
38.189
67.765
38.343
82.586
36.498
71.941
44.386
71.829
37.874
73.184
35.762
71.738
71.893
83.381
76.602
37.594
71.69
98.378
52.546
67.733
32.44
71.754
72.976
68.864
37.461
71.285
82.906
44.058
82.261
37.44
73.882
38.927
71.77
36.416
73.125
38.17
102.346
38.325
73.168
38.08
69.189
36.501
71.877
38.389
91.232
68.543
89.386
54.698
81.941
39.12
85.962
52.741
82.117
38.896
84.938
38.25
70.026
51.871
101.381
51.893
69.936
37.44
69.957
77.978
70.133
37.613
72.421
72.576
72.597
73.685
38.728
66.24
37.549
69.328
44.103
67.749
82.037
35.728
69.392
51.482
71.68
44.303
71.834
37.525
73.056
82.544
37.504
72.298
65.498
66.586
72.608
88.496
37.594
82.784
37.616
71.738
37.637
66.693
59.125
69.914
37.68
69.536
38.901
67.69
36.01
81.978
69.333
38.728
66.421
32.482
66.576
71.53
39.749
72.752
69.44
32.44
69.461
37.44
77.082
57.861
69.637
51.615
71.792
67.813
69.701
37.44
89.189
32.528
96.944
37.44
81.898
44.394
101.386
36.016
83.674
68.362
51.304
71.584
83.738
66.426
68.048
35.728
88.202
37.482
77.157
35.904
69.712
32.461
76.8
83.888
76.842
89.664
50.592
73.152
66.773
52.661
66.928
37.616
72.949
69.504
35.728
69.658
39.882
66.88
73.301
73.322
66.41
37.44
72.832
72.853
35.728
72.741
37.482
66.896
57.637
71.984
76.538
35.946
87.626
69.514
50.677
83.536
68.09
77.312
68.266
37.44
89.221
38.794
69.509
82.197
82.352
36.013
76.64
47.634
81.861
69.349
73.237
82.458
35.728
80.613
44.016
82.901
37.504
72.789
69.61
37.616
71.632
44.016
89.52
55.103
91.274
72.629
67.45
104.005
38.77
66.693
75.648
58.88
73.002
37.701
71.557
44.122
69.978
72
35.728
72.154
37.482
66.709
88.73
72.352
37.44
82.506
81.994
80.282
71.637
38.728
83.258
37.682
88.48
83.568
32.44
92.122
83.077
84.832
44.17
77.786
37.658
69.941
36.08
68.096
38.101
67.85
44.389
71.472
38.01
71.626
69.381
36.277
72.069
73.29
71.445
68.8
66.954
51.346
81.509
40.168
82.33
37.789
66.485
73.04
73.194
32.658
73.082
39.925
71.904
51.304
69.525
90.08
72.368
37.44
72.522
35.994
90.41
37.482
66.698
32.837
83.253
44.458
69.274
38.08
66.629
64.367
69.184
55.989
71.738
36.41
72.96
37.765
104.581
39.92
89.136
37.941
91.557
36.096
72.645
32.44
88.4
69.621
38.882
89.642
37.703
89.397
32.925
71.685
38.728
83.573
37.44
92.394
37.594
72.949
73.104
37.904
82.192
66.058
82.346
37.813
88.501
37.834
73.189
37.989
84.677
38.144
91.765
71.653
72.874
57.592
66.629
50.946
81.85
35.901
66.672
87.76
73.248
35.728
77.002
37.482
82.09
37.503
67.712
58.991
76.266
47.546
82.554
37.567
67.109
37.722
80.33
38.728
71.952
87.973
39.17
69.328
60.125
87.749
67.746
88.57
37.768
72.058
72.08
85.568
35.728
70.389
74.277
68.698
84.186
69.141
51.304
85.696
32.525
70.65
37.88
90.805
38.834
86.96
70.981
70.736
68.891
78.245
59.25
84
70.421
84.976
37.981
86.597
38.002
80.352
90.773
36.234
80.394
77.482
37.44
68.304
37.461
80.725
32.549
67.013
37.44
71.835
44.037
73.056
40.458
82.01
32.746
87.632
37.701
90.453
37.589
73.141
55.477
87.829
36.037
73.584
72.405
35.882
76.293
66.715
67.936
71.691
66.779
89.733
80.421
40.037
71.776
37.525
83.397
57.813
67.952
71.707
35.728
66.528
65.482
80.282
32.749
73.104
89.925
68.747
38.77
66.768
35.728
84.122
52.549
71.877
82.032
72.32
74.208
75.829
90.784
69.739
37.594
73.093
58.815
77.515
90.869
35.728
71.957
52.746
80.779
52.901
73.6
38.256
66.955
32.677
72.709
38.298
72.731
55.519
67.419
36.341
73.04
69.595
88.682
71.904
67.792
50.832
71.813
91.568
66.789
77.077
91.498
32.44
83.653
32.594
89.008
35.815
88.096
75.851
39.728
73.605
32.44
71.76
37.527
80.181
40.215
70.069
36.213
66.624
83.179
68.133
38.037
85.221
38.858
77.109
36.613
71.664
38.634
100.618
36.362
77.04
67.717
69.595
73.083
66.971
44.016
66.459
77.147
67.168
37.482
72.523
37.504
76.544
32.858
89.099
51.679
66.72
38.234
72.875
38.256
87.963
38.277
89.584
52.698
70.005
68.293
38.882
82.048
70.069
89.424
51.37
73.179
44.325
72
37.44
82.155
35.946
87.243
70.731
37.44
66.619
47.727
77.173
32.637
110.394
57.991
89.349
37.879
77.237
72.992
53.477
71.68
32.832
69.835
37.653
69.856
32.741
71.611
80.165
76.987
44.016
69.808
32.704
89.696
36.058
73.584
51.679
88.539
35.968
66.427
66.448
50.592
69.136
54.861
73.957
66.779
37.44
67.733
100.955
69.376
88.197
58.794
114.618
85.04
69.861
32.44
77.349
38.861
69.637
44.082
90.592
40.37
101.547
37.858
68.101
57.746
70.256
36.167
76.677
39.389
99.099
35.81
71.787
35.831
83.408
35.853
82.096
35.741
71.851
104.672
83.627
70.048
68.469
89.824
35.728
73.179
37.482
105.467
88.821
36.117
75.776
37.605
83.264
37.626
72.885
36.048
99.44
37.802
73.061
36.357
71.616
71.771
36.266
67.792
71.813
67.258
82.635
72.256
51.325
82.677
86.699
32.637
77.253
82.075
58.634
71.963
32.522
91.851
72.805
91.627
88.181
56.592
67.936
38.88
82.091
55.834
87.845
37.456
69.467
32.944
69.355
60.298
81.509
33.253
76.731
60.341
72.885
51.962
66.773
37.717
67.995
44.672
76.949
38.16
68.171
69.659
69.813
68.368
66.789
77.744
59.376
83.632
84.72
73.008
80.363
37.44
70.251
73.072
68.96
37.504
66.715
32.458
89.403
32.613
70.091
66.779
67.6
80.288
66.576
67.664
35.728
88.085
37.482
67.04
51.503
73.595
44.058
71.749
76.971
55.437
71.792
37.725
88.347
44.546
82.235
37.634
93.589
33.522
71.744
36.343
71.765
71.653
81.808
66.763
95.984
73.605
99.227
32.44
71.781
91.269
73.024
67.045
35.904
84.133
35.728
72.955
38.815
71.776
59.103
73.264
44.725
88.485
51.546
73.44
56.901
68.928
37.989
71.749
37.877
66.571
54.031
66.459
32.986
73.813
38.208
69.035
39.695
66.656
33.584
89.611
38.005
69.499
38.16
71.787
36.448
69.275
33.269
88.896
58.89
67.184
38.245
72.139
44.533
67.093
37.354
70.581
36.976
82.069
51.93
65.691
81.045
37.616
75.333
72.421
71.376
37.461
71.397
32.549
65.952
71.307
68.795
71.083
80.171
37.44
97.392
88.48
80.768
57.749
72.923
51.37
89.077
36.192
72.432
59.88
72.587
51.501
82.875
44.589
81.029
72.784
35.728
84.539
68.56
32.682
82.581
82.069
83.291
54.901
89.979
52.522
73.067
32.944
69.755
37.632
76.709
68.331
78.069
77.685
83.84
32.616
110.395
68.283
86.704
73.792
71.813
73.035
81.323
82.944
80.032
73.387
71.675
76.229
37.44
89.184
37.44
105.205
37.594
82.693
37.616
106.448
68.203
38.77
69.824
59.103
67.712
69.333
66.821
73.109
35.901
71.931
89.552
67.04
73.061
66.683
67.637
66.459
37.44
76.213
38.927
83.301
51.304
69.456
72.944
71.632
71.653
52.304
76.075
69.296
80.651
73.339
59.592
84.027
80.448
76.203
68.091
84.645
91.733
66.821
72.709
93.797
83.552
72.907
67.995
69.349
44.344
68.437
88.859
79.68
68.901
67.322
71.456
69.211
88.565
73.253
84.208
85.296
71.584
84.672
75.76
57.592
89.648
69.803
51.458
77.291
66.779
77.6
91.221
69.776
105.131
90.085
83.04
72.261
51.634
66.816
66.971
73.392
67.413
67.035
70.256
66.811
76.432
89.52
73.541
94.896
72.917
88.272
80.693
100.981
67.803
69.957
69.712
76.267
68.021
71.776
95.264
82.352
69.973
89.595
82.416
66.704
71.792
60.034
73.28
72.235
82.523
90.144
72.432
87.52
71.808
69.696
83.717
68.939
68.16
69.915
84.469
83.157
104.379
89.733
89.755
67.643
72.731
72.885
81.84
73.195
75.883
72.171
95.925
68.08
71.835
73.723
69.477
69.632
69.787
97.408
82.896
77.451
84.939
83.627
76.981
71.669
72.891
84.245
73.067
71.488
80.309
82.331
103.285
81.573
75.728
89.216
83.504
76.192
76.213
88.901
81.189
87.611
97.365
102.853
76.741
79.696
99.584
87.205
81.76
80.448
81.403
87.957
82.512
87.2
88.421
80.043
82.597
87.685
82.507
80.395
85.616
86.437
95.659
86.347
81.035
82.523
82.544
89.765
88.853
