26.44
31.016
31.016
28.44
33.016
28.44
28.44
35.728
31.016
26.44
32.728
51.016
40.304
37.016
34.728
42.016
35.104
29.728
44.592
35.728
30.728
27.728
32.44
39.016
32.016
63.88
38.016
50.304
32.728
34.016
37.304
36.392
32.016
29.728
32.728
52.44
30.44
29.44
58.304
64.592
26.48
29.016
40.016
49.88
56.88
35.728
29.44
46.592
30.44
38.016
28.44
54.728
53.728
48.168
38.016
56.016
33.016
49.432
38.304
44.304
30.728
46.904
29.728
28.816
45.304
31.304
36.728
28.44
44.304
45.728
30.44
29.728
43.592
30.44
53.728
37.016
38.416
58.88
76.456
37.016
30.304
53.592
29.728
32.016
50.168
40.016
64.304
38.192
32.44
34.728
31.48
40.304
45.592
38.592
32.728
31.728
33.728
36.728
29.728
26.44
31.728
30.928
28.728
78.456
28.728
55.168
42.304
37.016
34.728
51.016
34.016
59.304
36.016
32.016
44.016
54.304
37.592
62.88
54.016
39.728
50.592
40.016
34.304
30.728
38.016
29.44
53.728
37.016
38.016
31.104
39.728
36.44
57.016
55.592
31.728
55.592
68.88
44.016
30.44
33.016
37.928
73.744
54.728
40.016
41.32
32.728
31.816
32.728
28.44
68.168
42.592
26.152
39.304
43.304
92.88
55.016
60.144
38.304
37.392
36.48
29.568
30.728
44.016
79.88
35.728
38.168
37.728
31.016
29.44
30.728
29.728
34.728
85.744
38.016
33.304
35.992
29.44
32.304
40.992
28.728
76.168
26.152
29.44
36.728
28.616
48.104
43.304
46.456
42.592
33.728
31.728
42.72
34.056
57.456
35.44
29.44
37.016
30.44
30.016
48.304
40.304
54.016
28.592
36.016
30.44
44.016
32.44
42.328
40.304
29.44
28.528
70.016
37.304
90.608
45.592
51.728
29.728
38.592
39.728
31.016
32.304
27.152
26.152
46.88
49.88
34.016
29.016
41.592
36.728
30.728
58.88
32.016
35.016
30.728
32.728
48.592
29.44
35.728
31.016
61.88
30.44
62.016
30.68
65.592
62.88
26.152
28.44
61.168
45.304
55.304
29.44
29.016
31.728
35.728
43.016
26.416
29.728
29.44
53.88
28.152
52.728
32.728
32.44
36.592
30.728
54.304
29.504
58.304
32.44
28.44
39.528
38.304
32.592
26.88
30.728
51.728
31.728
41.592
37.304
49.88
30.44
36.016
30.728
51.592
34.88
37.592
29.016
38.016
33.016
29.016
40.304
32.016
44.88
29.728
35.728
42.304
32.44
35.016
32.016
30.728
39.728
52.016
29.016
36.016
69.168
31.728
31.968
35.856
59.168
64.88
30.728
58.016
37.304
77.456
46.304
36.728
30.728
28.728
30.44
35.528
40.616
55.304
32.504
38.304
38.44
53.728
31.728
56.016
32.728
29.44
30.728
27.728
30.728
29.016
59.728
38.304
79.456
30.728
41.304
48.88
35.016
33.016
48.592
31.44
53.168
33.728
35.728
33.728
33.728
58.48
29.968
43.456
33.304
35.728
42.592
31.728
35.016
43.016
27.152
29.728
26.44
34.016
31.728
57.216
44.592
42.016
32.728
32.304
39.792
33.016
46.88
50.168
38.304
28.728
38.016
37.728
31.016
27.152
32.016
39.592
39.016
42.016
32.016
50.88
39.016
43.016
32.016
26.304
39.728
32.016
53.016
32.016
26.152
37.016
31.016
26.44
39.016
49.016
40.016
27.44
34.728
30.44
37.304
26.44
26.152
31.728
60.456
27.728
52.456
51.88
31.016
26.44
49.88
46.304
26.168
38.456
31.544
31.016
33.728
40.304
58.904
50.88
88.032
30.72
33.408
39.304
34.016
40.304
26.152
30.44
40.304
29.528
50.192
45.728
35.304
39.728
32.016
69.592
66.592
56.304
29.728
36.744
40.016
30.704
80.192
37.128
29.44
30.928
61.456
30.728
60.744
29.304
54.168
58.304
28.728
34.304
28.728
44.88
38.016
52.728
55.016
30.44
82.88
34.728
37.304
28.728
49.544
29.44
37.016
44.016
29.728
36.728
30.728
37.592
30.728
35.44
29.44
37.016
64.592
31.016
28.44
30.728
31.016
38.504
46.016
47.304
30.704
40.592
38.304
67.392
60.304
30.44
37.928
53.728
37.216
31.728
37.592
28.44
32.728
35.728
30.44
56.168
97.744
39.304
28.152
32.304
68.592
32.728
33.304
29.44
33.728
30.728
29.816
28.904
51.88
37.592
64.304
37.592
65.456
51.592
49.88
28.44
30.728
36.728
54.88
90.32
31.016
55.168
39.016
29.44
34.728
39.016
33.728
31.44
50.592
38.016
34.016
30.728
30.728
30.728
36.304
30.728
38.016
31.016
26.152
32.44
31.016
35.016
28.152
32.44
38.592
44.016
45.592
36.28
32.44
52.168
32.016
30.856
56.016
30.728
48.88
57.592
34.304
69.392
122.608
26.44
38.592
35.728
43.592
40.016
50.88
39.304
33.016
32.728
31.728
38.016
27.44
28.728
42.88
68.88
55.304
34.728
32.304
42.592
31.016
32.504
145.592
53.304
59.88
36.016
39.88
65.592
46.592
53.016
31.728
31.728
75.28
31.016
32.728
32.728
28.44
26.152
33.592
82.032
39.304
53.728
40.592
37.016
41.304
37.016
49.304
33.304
56.168
34.728
32.728
26.44
32.728
44.304
32.728
44.592
32.992
63.28
47.88
27.728
33.728
43.592
35.728
86.896
39.304
43.728
34.728
61.592
60.592
35.728
52.728
35.016
39.016
60.304
31.016
44.016
31.44
55.016
35.016
40.104
38.304
29.44
45.592
28.728
30.44
36.016
33.304
60.304
69.168
28.44
32.328
32.728
52.728
28.152
38.016
44.68
30.44
33.728
30.44
41.592
38.592
55.456
29.44
38.304
67.392
31.44
80.744
34.304
28.44
28.728
27.44
66.88
26.44
48.456
28.728
41.592
37.016
50.88
30.728
26.44
45.88
30.568
28.728
44.304
52.304
48.456
29.44
31.728
28.44
62.328
36.728
28.728
34.728
34.016
53.016
32.44
31.44
37.016
35.016
46.88
29.016
29.44
36.728
59.728
37.016
42.304
47.392
34.728
32.728
28.44
45.304
70.744
31.304
44.592
27.728
39.728
33.304
27.728
36.016
37.016
43.016
29.728
37.016
28.152
28.152
52.88
40.016
61.016
38.304
31.016
38.016
31.104
48.192
28.728
32.728
28.728
30.728
39.592
68.88
26.152
37.592
31.728
57.216
68.592
40.016
41.304
32.304
82.184
30.728
31.016
42.016
55.592
38.016
29.728
32.728
71.456
30.728
41.016
36.728
70.168
34.304
29.728
54.456
28.44
37.016
28.728
54.016
33.016
40.728
61.416
30.44
29.44
29.016
27.728
30.44
31.928
33.88
46.592
28.728
54.304
36.016
33.816
62.504
30.728
32.016
28.44
28.44
53.928
26.616
58.104
33.192
46.592
34.016
29.016
34.592
30.728
49.304
38.168
35.44
40.016
28.152
38.04
35.304
70.392
35.016
39.544
60.304
32.728
38.88
28.368
32.016
28.704
39.592
38.592
44.592
27.728
29.44
70.88
58.168
38.016
34.728
30.728
41.592
32.304
50.44
39.304
56.016
53.728
29.44
36.728
31.016
46.076
40.304
57.164
29.728
37.016
40.728
29.44
29.812
29.44
48.172
37.88
45.168
36.728
34.016
40.304
30.992
36.728
42.304
32.304
53.492
29.016
37.28
70.88
36.728
32.728
26.152
80.196
52.44
33.728
30.728
51.168
33.728
32.728
50.88
67.968
53.636
39.728
28.44
50.44
39.304
29.44
42.304
38.44
36.728
35.816
30.02
64.88
46.456
31.144
36.728
29.44
53.592
32.44
44.88
28.728
29.44
49.592
70.88
42.304
85.928
40.016
30.704
49.168
38.656
31.728
29.44
93.744
112.148
37.016
31.728
66.032
54.728
32.016
38.304
31.44
55.456
54.948
26.152
39.728
31.016
30.44
38.016
37.268
39.076
31.728
29.728
31.016
26.152
33.016
38.304
32.016
44.016
39.728
30.724
58.016
75.32
32.304
37.208
41.304
34.016
29.44
85.164
37.304
32.44
128.02
30.728
29.728
44.216
43.168
39.856
28.44
31.016
27.44
35.016
37.016
47.304
31.992
63.48
54.88
37.304
30.728
47.592
94.284
32.016
69.456
58.616
37.728
31.016
37.804
93.684
90.58
31.016
34.904
63.168
34.016
35.728
30.728
34.016
30.728
37.304
41.592
30.44
56.016
42.304
46.592
60.304
42.88
31.016
27.44
30.82
29.44
26.152
43.304
79.88
42.304
27.152
39.728
49.592
37.916
32.016
88.744
48.168
28.44
32.728
28.152
30.816
40.304
47.592
28.44
35.928
46.304
30.992
71.316
66.196
38.304
55.88
37.016
49.08
37.304
30.728
103.76
30.728
37.592
32.44
30.728
26.152
29.728
45.616
34.592
42.304
34.728
49.592
54.728
138.028
38.304
27.728
37.016
31.016
38.504
30.44
37.016
56.88
27.44
42.304
57.592
35.684
38.304
28.152
30.44
28.328
32.216
50.44
54.728
125.668
30.728
33.416
43.592
126.908
55.196
30.968
30.728
38.304
37.016
37.016
145.372
88.744
38.304
133.276
36.728
37.44
30.592
42.88
30.968
30.44
62.016
28.44
39.016
32.304
28.152
43.88
149.768
28.152
29.728
42.304
130.924
91.896
128.228
39.728
56.88
59.328
31.016
34.728
38.504
38.592
50.304
30.44
34.304
31.928
28.616
56.88
30.768
66.032
41.728
50.416
44.704
34.304
53.728
32.016
34.016
37.016
38.44
41.128
29.44
30.928
36.728
40.668
30.728
34.728
42.304
31.88
53.728
69.88
43.592
32.728
31.728
31.016
130.268
34.728
37.016
31.016
26.504
52.88
37.304
35.304
38.016
55.88
155.332
38.016
44.02
37.104
45.592
83.076
30.44
37.304
37.016
50.44
33.728
28.152
30.728
33.728
33.016
38.88
33.728
31.016
68.504
37.304
30.44
40.592
38.592
30.728
137.7
84.592
31.728
39.88
35.016
60.504
170.764
45.052
28.44
39.98
30.728
71.168
55.016
30.728
47.304
42.304
30.44
28.44
38.016
291.504
26.152
31.016
52.88
39.968
43.856
39.592
32.056
57.168
26.152
32.728
30.616
26.152
71.168
33.016
149.98
49.168
29.44
64.592
29.44
33.016
29.704
39.728
30.44
47.592
33.016
28.44
30.728
26.44
62.592
35.016
30.728
43.016
37.016
30.728
63.456
30.728
30.44
43.592
58.592
55.28
38.44
44.016
37.304
48.592
39.728
46.88
50.592
36.48
29.568
37.304
34.728
30.728
43.016
70.456
30.44
133.132
32.016
44.304
46.168
40.304
36.992
32.016
31.104
34.88
37.728
29.732
33.728
28.44
52.728
31.016
31.016
130.904
52.44
30.728
26.216
38.016
32.728
60.88
38.368
30.728
34.728
29.016
144.532
33.016
132.932
153.948
28.964
53.94
36.728
40.016
35.728
37.304
32.016
35.904
29.44
32.016
146.524
74.168
64.304
31.728
33.016
54.88
33.728
50.88
32.728
34.216
32.104
44.592
29.728
37.016
48.592
32.08
30.18
41.592
59.88
29.44
30.728
26.44
56.168
31.016
124.724
30.728
29.728
30.728
65.592
36.44
32.016
153.172
30.772
62.88
71.88
31.728
37.016
32.016
34.728
142.228
26.152
70.88
32.304
31.304
30.44
38.304
148.452
40.728
26.44
39.728
37.304
33.728
47.304
29.44
59.304
130.108
29.44
38.304
121.036
30.44
29.728
132.748
30.728
40.592
42.304
29.028
37.14
38.592
35.016
56.304
78.168
30.44
32.016
50.456
29.44
40.304
29.44
54.456
29.44
39.592
29.44
33.016
53.728
38.304
42.304
30.44
64.592
61.948
32.728
29.728
33.124
32.212
35.728
62.592
46.304
62.304
161.156
29.44
61.304
29.728
79.22
47.304
28.44
26.152
37.304
45.728
74.168
33.924
40.98
29.728
35.016
40.016
30.728
38.016
31.304
154.02
39.592
46.068
36.304
36.728
41.304
64.88
30.728
36.256
92.456
35.728
49.88
30.968
33.016
74.168
30.44
44.592
29.44
28.728
35.728
46.592
51.88
72.88
62.304
45.88
140.854
32.44
46.592
40.304
30.328
32.016
38.592
37.894
26.152
60.304
40.881
40.016
37.304
28.728
28.152
29.64
42.304
30.721
66.168
40.056
51.168
47.304
59.016
130.614
42.304
41.304
34.592
28.152
31.728
26.152
151.046
124.208
64.88
61.792
43.592
53.728
32.416
31.44
47.016
35.016
30.504
30.728
54.728
29.992
55.304
65.88
49.88
32.304
38.592
34.08
31.728
37.016
30.44
155.894
29.844
40.304
36.728
30.44
26.152
26.152
33.728
26.152
28.152
43.88
38.88
59.456
41.568
29.44
41.304
35.44
260.001
46.592
54.304
30.728
30.728
123.904
38.304
32.44
44.016
39.728
32.016
122.566
177.686
38.016
34.016
30.44
30.44
117.006
37.304
30.44
30.44
80.168
76.168
30.856
40.728
28.728
41.592
31.728
28.416
27.728
50.904
61.88
134.216
28.152
38.016
30.44
30.44
124.86
27.44
39.592
31.728
124.14
33.163
122.34
42.304
46.592
140.483
146.817
36.44
28.152
66.592
29.44
40.304
173.593
31.016
41.016
30.728
43.016
137.371
26.152
51.633
71.168
154.74
33.728
57.88
55.016
29.016
39.864
138.248
42.592
117.532
26.304
38.592
52.304
143.488
28.728
35.304
96.032
60.88
29.728
35.016
63.168
44.256
30.144
112.032
41.304
54.72
36.304
30.728
30.728
28.814
56.016
35.728
52.592
126.56
29.44
32.016
36.728
36.728
28.616
36.016
32.704
126.592
41.728
29.44
29.176
34.264
32.016
38.016
117.963
63.88
55.016
29.796
37.016
44.592
37.016
28.152
37.016
42.304
37.016
29.44
41.36
28.728
49.456
29.728
29.016
65.304
39.016
38.44
32.728
32.016
48.88
29.728
32.304
59.728
26.152
40.016
34.728
37.016
50.592
30.44
34.304
132.728
29.816
43.304
29.44
55.168
31.016
117.896
54.372
29.44
32.44
46.168
37.016
30.728
135.416
32.728
30.728
29.828
32.016
57.168
43.304
35.44
38.304
223.083
31.44
69.592
40.304
62.032
98.744
41.016
37.016
47.016
32.728
37.592
76.032
30.68
198.48
39.171
53.016
31.728
30.816
49.456
32.304
26.592
39.115
30.44
70.456
128.696
35.728
142.48
127.352
45.88
36.728
30.728
37.016
30.404
28.44
31.016
27.704
42.304
53.928
73.456
31.728
61.592
30.728
28.616
36.016
32.44
72.88
28.728
51.44
40.304
38.016
83.32
37.016
32.016
107.244
28.44
45.592
53.08
49.168
38.728
36.504
42.792
127.596
33.016
29.728
74.744
29.728
78.456
28.44
30.728
29.68
87.744
32.016
35.728
30.016
38.728
63.304
58.88
54.592
45.28
54.728
67.592
126.785
108.32
33.008
30.896
56.304
38.214
26.502
34.016
131.985
128.158
31.728
44.592
30.48
37.728
63.88
101.744
30.728
31.016
26.504
32.016
56.523
32.016
42.304
31.016
26.152
26.152
26.152
148.404
63.88
29.44
38.128
54.016
200.614
35.212
39.016
30.44
51.592
86.456
65.592
29.44
30.928
33.728
59.168
30.523
144.356
29.728
53.728
55.016
30.44
26.152
49.304
26.152
35.728
38.416
41.304
32.304
49.592
38.865
33.88
30.728
29.728
32.216
36.728
54.304
32.728
26.44
54.592
86.961
29.44
31.728
29.728
44.304
65.304
31.728
51.592
32.728
26.152
31.728
36.728
53.016
33.016
157.377
30.728
27.44
43.016
28.904
30.44
130.04
30.728
55.168
39.728
60.016
54.88
44.592
54.168
215.344
37.016
35.016
37.88
46.304
34.304
35.72
32.016
42.592
86.456
39.944
50.168
30.44
29.44
32.128
37.016
38.304
30.728
26.216
76.032
45.592
35.304
30.728
38.304
52.728
28.44
35.016
39.016
59.592
29.44
29.44
31.728
137.692
29.728
29.44
35.728
38.304
129.566
30.971
155.259
37.08
34.304
26.152
62.168
31.256
42.592
26.152
126.608
127.76
33.016
29.78
134.88
41.304
44.304
30.712
28.6
32.304
30.078
44.304
56.016
36.728
35.816
34.304
29.728
66.592
38.304
37.304
31.304
31.016
29.889
60.592
37.592
28.28
49.107
41.592
28.44
30.992
28.728
140.616
39.416
36.209
52.304
51.592
31.728
142.745
29.728
28.44
38.88
71.168
32.016
38.88
40.368
38.304
34.016
29.44
44.304
32.728
34.016
30.728
138.4
30.728
37.304
32.792
38.304
45.728
157.456
30.728
185.808
30.44
32.44
129.142
31.44
28.152
40.952
41.304
37.016
126.078
26.44
34.016
144.499
40.304
46.168
125.088
32.728
30.576
29.44
40.152
39.243
38.304
38.304
30.728
30.44
29.728
37.304
36.728
30.728
32.016
48.88
62.608
28.728
32.728
60.616
34.728
95.016
31.016
41.016
32.192
31.016
47.592
30.44
41.592
37.44
28.152
30.728
37.016
168.104
152.792
29.22
35.016
28.44
85.128
26.616
66.456
37.206
28.44
26.152
232.843
149.384
156.118
40.006
43.718
29.728
45.616
30.44
29.728
28.728
26.44
72.28
37.768
46.592
80.944
29.44
39.304
46.592
124.12
33.016
43.016
32.504
29.44
47.304
28.728
37.016
44.88
30.44
34.728
146.849
36.728
29.728
31.016
41.304
26.152
40.016
39.296
39.728
37.304
30.107
36.304
29.473
56.304
28.152
55.572
32.728
44.592
40.304
104.483
28.152
34.304
41.304
33.016
28.44
76.32
39.408
30.44
41.304
155.603
53.728
32.016
30.728
34.728
32.44
37.016
46.88
130.87
38.016
26.152
34.592
118.441
32.016
30.44
54.728
132.462
38.304
26.592
38.016
144.884
26.44
35.728
135.872
30.728
60.304
71.456
47.88
29.15
28.44
35.483
42.971
62.304
39.728
30.44
44.304
26.44
139.392
34.36
50.168
30.44
64.456
68.344
34.016
27.44
63.88
35.304
32.016
26.152
84.032
33.016
30.44
37.592
30.728
38.304
43.592
117.528
42.304
49.88
29.44
31.728
26.152
32.304
38.592
37.88
63.88
45.88
30.728
41.304
51.592
32.44
45.928
39.728
28.152
45.304
31.728
31.016
41.728
50.168
32.728
41.603
38.304
26.44
29.728
31.216
45.592
36.728
42.88
29.838
31.728
26.44
126.873
42.304
30.728
65.456
30.44
154.016
61.88
42.304
125.326
31.728
30.44
32.728
42.88
29.728
32.304
30.728
74.88
31.016
40.016
37.016
125.07
33.728
48.416
32.016
34.304
37.536
42.304
43.016
31.728
29.44
38.304
38.304
133.392
29.28
33.016
39.304
44.392
171.816
30.728
33.016
29.44
135.328
26.152
46.592
37.728
32.016
26.152
157.3
36.728
31.016
32.016
31.728
61.016
26.152
49.456
32.728
31.816
89.608
34.592
31.728
126.313
26.152
53.016
44.592
33.016
116.225
30.728
34.016
39.016
66.456
27.152
59.016
32.304
36.728
29.44
42.016
32.304
34.592
30.728
29.816
56.304
140.504
49.592
31.728
28.44
30.728
29.44
34.304
33.728
30.728
51.44
30.44
26.152
30.44
64.456
34.171
84.608
43.016
33.728
53.88
152.747
36.592
30.728
34.304
80.744
137.192
34.016
128.169
80.457
33.945
26.44
35.728
62.592
38.016
34.592
54.304
53.392
86.456
28.548
41.016
30.728
54.304
35.304
94.192
38.44
30.728
30.046
33.016
32.304
122.446
31.016
124.646
53.016
53.88
41.592
53.88
65.676
29.579
27.44
34.016
44.304
35.016
42.504
74.168
35.016
40.016
117.211
47.84
30.44
32.44
30.44
59.744
26.152
33.016
38.104
56.728
30.728
89.587
38.1
31.188
113.656
35.728
34.728
30.728
70.456
117.912
142.179
34.016
85.904
39.392
37.304
32.792
29.728
36.016
34.016
30.728
192.043
29.476
136.564
40.016
38.016
31.016
32.304
29.728
126.609
30.728
38.016
58.227
44.592
28.44
32.728
36.104
59.456
38.304
169.144
51.168
32.016
29.265
38.304
59.016
53.728
43.016
127.054
33.304
30.507
29.728
30.728
37.896
50.44
29.728
50.592
120.83
46.592
31.016
34.728
124.908
29.728
42.728
56.016
28.704
32.016
31.728
114.816
127.15
45.728
42.304
29.406
130.104
32.304
31.728
31.728
37.016
39.728
31.016
57.032
35.728
67.88
38.016
35.728
28.44
34.728
143.716
36.016
35.728
33.728
54.416
30.728
30.728
29.528
80.168
64.304
34.304
32.016
30.44
26.152
51.744
38.016
31.728
35.44
30.728
169.016
31.016
32.504
30.728
30.44
155.881
58.456
46.744
28.44
42.592
120.724
29.68
32.44
41.304
29.592
37.304
63.168
29.856
44.768
148.168
69.601
32.689
46.304
28.152
81.592
31.304
30.44
66.592
30.44
29.528
56.744
128.289
190.88
30.728
57.168
31.532
124.644
152.744
119.108
54.728
32.728
35.728
29.544
34.728
34.016
28.304
30.992
45.68
33.728
63.744
59.304
55.728
30.728
36.819
136.928
54.728
29.44
30.728
128.476
55.592
42.304
63.88
55.016
120.841
38.304
30.44
38.016
29.652
31.44
34.016
46.88
40.44
38.216
28.152
34.016
55.456
66.88
30.44
61.208
36.728
28.44
49.88
36.728
32.44
33.928
42.592
54.168
30.728
32.728
29.44
37.016
33.016
54.304
26.152
31.016
145.918
30.44
244.408
80.296
30.44
42.304
30.44
136.574
62.006
56.016
124.496
28.929
30.44
43.016
60.168
30.456
42.592
63.092
31.944
28.632
28.152
34.304
39.304
148.78
60.744
74.168
34.304
62.592
32.88
30.768
28.44
57.992
40.304
36.992
67.904
30.728
57.456
26.44
42.304
30.44
38.304
65.592
117.64
52.728
31.728
35.016
32.728
30.504
40.392
250.897
34.073
30.35
27.728
35.016
32.016
59.168
27.44
61.744
30.44
41.592
30.728
63.88
30.728
29.44
52.168
36.856
57.88
47.592
58.304
28.728
33.728
30.728
62.88
38.592
28.728
28.728
33.728
29.728
40.016
26.152
30.44
48.88
42.016
29.44
58.304
30.35
35.728
31.016
38.504
44.88
44.304
62.88
29.44
61.272
32.76
39.048
75.168
28.152
30.44
42.136
35.56
31.728
61.032
37.614
32.728
54.728
30.656
48.456
34.728
38.44
41.016
34.016
55.016
56.504
155.304
32.016
69.569
35.728
31.728
30.016
35.016
103.744
29.632
32.016
28.44
31.147
27.152
47.88
31.728
53.728
40.016
30.728
87.168
148.742
32.016
28.728
28.728
39.728
35.016
44.816
142.142
76.456
31.236
29.728
129.041
30.728
27.728
59.592
28.152
43.304
32.016
55.168
28.44
151.737
34.304
64.425
28.152
55.08
36.728
50.88
59.944
44.88
30.44
35.44
66.88
27.44
42.304
26.44
34.304
34.016
32.016
30.728
38.592
118.148
30.728
38.016
37.016
29.44
42.304
66.592
57.304
37.016
28.44
37.128
31.416
58.304
63.88
37.016
26.152
56.016
147.23
28.728
35.016
53.304
30.44
45.592
38.016
29.904
130.028
37.016
29.44
44.128
29.44
264.001
64.168
31.016
52.44
42.304
32.728
37.016
145.393
29.728
37.304
53.728
44.304
67.392
30.814
26.152
38.128
31.728
79.744
27.152
28.44
35.513
130.747
33.835
28.152
30.612
65.7
52.44
29.928
27.44
121.46
26.152
31.304
37.016
118.939
26.152
54.456
27.44
30.44
146.139
38.016
27.152
35.84
59.728
33.592
28.816
36.304
35.715
28.728
117.745
64.88
28.728
46.88
83.456
38.016
37.016
29.728
31.016
33.728
73.456
46.016
39.88
42.568
32.056
30.728
33.728
34.592
50.592
40.304
59.889
28.152
30.68
26.152
37.24
42.328
57.168
135.246
37.44
37.592
34.304
26.192
66.168
73.168
28.44
38.016
121.601
61.646
59.728
149.856
38.592
28.728
30.44
34.016
36.728
143.046
144.534
26.152
33.728
123.555
38.016
30.728
86.456
31.728
32.016
52.704
32.016
156.59
43.452
42.592
30.728
28.728
34.016
50.44
32.016
29.016
30.44
45.88
70.304
121.467
28.152
33.728
28.587
122.899
148.265
115.22
27.728
49.508
31.796
28.152
61.016
54.168
44.592
38.592
42.592
142.387
32.728
60.304
43.304
26.44
145.284
41.592
26.152
35.88
143.099
40.016
36.728
39.592
35.44
30.728
118.219
39.88
38.592
50.592
42.592
35.44
35.728
35.304
40.592
39.728
52.016
31.016
29.019
37.016
40.304
68.592
28.44
26.44
39.728
35.728
29.006
132.995
33.728
41.016
26.44
132.328
129.139
30.728
39.592
44.88
27.728
36.728
31.728
28.728
46.236
26.152
39.592
38.016
28.152
30.728
138.036
29.483
31.016
74.88
34.304
36.768
173.379
30.44
48.168
123.083
34.592
49.28
54.304
30.728
42.016
83.104
29.537
32.728
29.44
73.456
45.304
42.412
29.44
161.724
30.44
68.88
36.016
40.016
35.728
46.592
55.304
29.728
39.08
54.304
28.44
40.016
42.304
44.168
35.016
28.152
30.84
26.328
42.48
40.304
32.016
27.44
59.304
46.88
28.152
29.713
193.515
38.304
33.728
40.304
26.192
30.44
29.44
56.168
147.38
30.728
27.152
35.304
47.592
181.992
58.68
42.592
45.592
28.44
29.728
46.708
52.44
40.304
148.814
29.44
35.728
32.128
32.728
31.016
31.016
116.904
36.016
31.016
31.016
67.592
135.592
33.728
43.88
53.728
140.548
34.036
44.304
32.728
31.016
42.592
37.304
28.728
48.992
68.88
62.88
26.44
39.304
61.016
28.44
26.44
34.016
29.44
37.016
41.304
30.728
47.304
60.88
29.728
29.44
28.528
91.744
42.016
71.456
32.304
63.88
44.592
58.304
37.016
34.904
30.728
66.168
35.016
39.016
142.379
38.304
30.44
35.528
32.216
29.07
31.728
26.152
26.44
61.368
44.88
36.728
39.016
67.88
32.016
154.704
48.592
36.016
30.44
26.152
39.016
31.016
50.193
57.556
29.016
30.44
57.792
37.304
38.016
35.44
53.56
34.648
76.88
37.304
35.192
34.304
32.304
33.728
29.44
59.88
68.904
31.992
31.08
60.88
60.168
30.728
30.728
129.448
38.625
29.728
30.728
26.216
44.816
64.592
34.88
47.592
26.28
30.728
38.016
31.728
58.968
30.728
51.44
44.304
28.728
37.416
145.068
28.956
28.728
41.016
30.728
32.304
37.728
37.016
31.016
32.016
33.304
28.728
70.168
32.016
38.88
34.592
31.28
99.968
125.456
30.728
55.592
32.016
31.016
33.728
35.68
269.745
34.016
30.44
62.304
32.728
156.766
29.854
31.728
32.016
115.457
34.016
36.016
56.304
64.032
37.016
50.504
37.016
26.152
31.016
36.44
30.44
166.753
40.304
29.44
39.728
245.654
29.728
149.811
56.304
30.44
55.168
28.878
30.44
38.304
29.44
35.304
29.728
39.016
49.456
46.144
29.728
115.934
32.016
29.256
30.728
62.592
30.728
37.016
42.304
43.592
28.728
35.704
41.304
30.44
55.168
34.304
42.88
42.352
30.44
32.016
36.187
32.016
43.592
30.68
54.728
45.304
33.016
39.14
29.728
29.44
34.016
26.44
28.44
37.016
44.592
41.016
35.728
32.304
59.728
29.44
32.128
33.728
27.44
37.592
31.88
44.304
33.728
61.456
39.016
55.592
43.304
30.44
38.304
151.51
39.016
136.224
37.592
127.43
118.731
26.44
29.44
34.728
30.44
37.304
30.44
47.592
28.68
29.728
32.728
49.304
30.44
32.44
65.592
31.728
34.286
32.016
59.168
162.377
72.592
30.44
35.44
28.728
28.728
146.542
38.88
29.568
83.608
31.728
26.44
30.44
64.168
65.88
71.592
26.44
88.104
31.728
42.816
38.304
52.592
29.44
30.928
39.616
55.456
30.728
34.728
130.532
26.42
33.016
164.139
28.704
30.44
45.128
38.304
33.792
28.152
61.304
28.44
50.44
74.456
168.904
147.726
30.728
85.168
29.396
29.728
39.016
29.44
170.44
169.528
35.44
53.371
43.552
32.016
130.673
31.016
28.728
122.76
49.88
68.304
38.304
31.728
47.904
43.016
31.016
53.168
27.44
44.88
40.302
144.761
32.016
143.537
29.515
44.304
34.304
143.792
28.728
46.88
41.334
30.822
129.36
35.016
57.016
28.704
62.369
41.304
30.44
47.016
127.369
31.016
32.504
39.728
41.304
99.608
32.304
37.592
63.304
48.592
61.016
129.704
28.747
31.728
126.968
26.152
74.456
32.016
135.281
58.744
53.728
31.216
31.016
30.44
29.728
51.304
26.44
54.456
40.244
44.728
37.016
31.304
36.016
63.88
33.016
29.016
31.304
41.016
29.728
64.168
29.656
38.592
37.592
26.152
30.44
45.128
28.728
30.44
38.592
39.424
131.184
30.728
34.016
38.016
36.304
28.192
49.168
119.771
46.392
31.016
35.304
30.44
43.88
31.44
97.032
49.168
38.016
45.592
30.728
66.104
33.992
34.304
31.016
29.016
37.304
29.728
33.592
47.88
30.728
29.016
33.728
28.44
60.368
122.816
26.44
30.44
39.728
36.728
75.168
28.656
51.744
31.016
33.016
41.592
31.016
118.459
71.856
28.44
29.928
32.616
72.168
32.728
32.304
31.728
40.491
31.728
31.728
28.416
32.016
29.728
37.016
29.728
76.744
29.016
40.304
32.44
29.44
29.44
143.998
50.488
26.152
42.592
170.534
26.152
46.592
49.296
35.016
95.744
32.016
36.728
122.1
150.432
30.728
46.304
30.992
31.016
219.112
41.8
123.955
42.304
37.016
34.928
90.896
31.728
36.521
161.451
30.44
36.728
34.328
30.44
53.88
30.728
51.304
31.728
28.416
29.904
29.728
51.616
34.304
113.678
26.48
31.016
60.592
50.08
38.016
213.742
29.728
36.728
51.168
42.016
64.88
139.832
36.976
31.728
30.816
36.016
28.44
29.728
26.44
77.456
40.544
37.304
42.304
28.44
39.016
28.44
36.016
30.44
53.592
32.728
29.521
59.499
41.592
29.787
28.152
66.744
26.152
35.44
123.764
31.016
41.304
60.497
28.728
39.816
26.152
33.728
29.44
31.728
30.728
64.88
137.108
29.728
33.016
41.704
53.992
33.728
33.728
29.728
50.44
57.304
36.016
69.88
118.897
32.785
51.168
37.016
26.44
128.633
40.016
33.728
30.728
76.168
51.304
30.696
35.806
32.016
64.35
43.592
28.44
137.425
40.513
37.201
32.689
69.456
59.304
31.992
38.016
37.016
86.608
31.016
42.304
46.592
39.728
35.016
30.728
39.304
67.592
54.456
31.44
29.728
30.44
31.728
38.304
29.728
29.728
49.168
29.016
65.592
39.48
32.568
56.856
47.304
38.304
34.016
134.7
91.744
34.304
48.592
30.44
40.328
47.456
74.168
40.04
57.304
37.016
30.728
121.888
81.614
40.728
36.672
30.44
77.456
32.016
40.016
55.016
27.152
29.016
27.152
70.592
38.304
162.008
79.744
44.371
32.44
131.158
28.44
51.88
43.592
58.28
28.44
36.968
43.256
42.592
38.016
34.016
64.304
26.192
37.592
26.152
125.486
122.174
142.862
28.152
63.792
30.016
30.016
37.016
63.456
27.728
27.44
30.728
32.016
160.249
33.728
52.88
33.016
32.728
26.44
33.016
28.44
47.304
29.728
29.44
29.728
30.206
49.694
38.304
37.016
31.016
26.152
52.84
30.728
30.44
27.152
26.152
144.249
29.728
32.304
36.016
30.728
42.304
155.06
30.728
53.88
28.44
29.752
116.92
37.592
51.016
34.683
40.016
30.728
35.304
36.728
35.304
49.304
30.44
31.928
29.728
29.44
28.728
40.728
103.456
32.016
26.44
29.284
63.88
59.304
158.048
29.728
37.016
129.704
38.792
30.728
30.728
48.88
53.88
31.016
56.88
36.016
31.728
34.016
45.016
72.88
34.016
30.44
41.548
50.18
35.016
59.032
47.592
30.192
33.304
43.016
30.44
125.528
27.728
30.728
128.307
41.368
29.44
92.456
132.516
49.88
28.568
31.256
163.352
36.728
38.304
55.592
29.728
31.016
32.016
68.592
37.88
42.88
36.016
47.592
67.272
59.592
35.016
146.724
37.016
28.44
31.728
30.728
39.416
37.304
37.304
38.304
32.304
34.992
29.438
31.728
36.728
28.728
30.728
37.304
201.99
73.168
62.656
26.44
43.016
63.304
29.793
38.481
42.016
35.728
70.032
39.12
78.168
121.828
64.304
26.44
62.592
34.392
40.016
26.44
40.304
34.304
38.192
155.612
26.44
26.152
32.44
30.44
36.728
37.016
44.304
26.44
29.016
35.158
26.44
34.728
30.728
65.168
29.456
30.944
59.88
46.832
26.72
27.728
30.728
28.152
55.179
26.44
39.545
36.728
30.44
137.528
56.304
83.032
30.728
30.44
40.328
37.016
31.44
30.44
37.304
28.44
39.528
32.016
55.016
53.016
30.44
27.152
52.88
32.016
26.304
56.28
27.728
39.016
26.44
48.425
28.313
36.728
40.304
72.504
30.728
39.633
127.412
31.728
33.016
45.728
32.44
40.304
37.016
164.289
38.304
33.016
31.211
40.304
34.016
30.955
29.728
134.609
38.304
40.728
39.728
30.44
118.993
37.681
47.304
29.728
55.216
38.304
28.44
71.744
126.441
61.808
32.304
55.265
30.44
42.592
40.304
143.824
37.728
33.016
38.592
36.728
51.168
31.728
38.304
27.152
31.953
31.728
45.174
80.456
29.728
26.152
44.416
32.728
43.592
37.016
54.88
54.304
137.38
43.304
32.728
37.016
40.304
40.304
33.592
38.016
62.707
39.728
35.016
28.44
32.44
35.128
31.016
40.808
32.44
26.44
33.928
46.304
26.152
72.456
35.016
54.304
76.744
31.728
49.456
52.016
29.44
35.304
289.176
40.353
40.016
30.728
46.016
34.016
29.728
40.728
126.219
29.44
61.592
40.016
143.348
136.436
38.304
35.728
35.016
39.304
70.168
183.971
37.304
45.728
60.592
68.168
58.88
39.304
27.152
46.304
41.726
78.032
40.016
33.728
230.035
38.016
66.88
43.728
57.168
27.44
37.328
36.304
54.416
35.728
191.132
43.304
34.016
37.016
32.304
36.104
32.016
58.592
42.016
33.728
46.304
53.792
31.064
27.152
40.016
31.016
36.104
59.168
38.304
28.728
59.304
31.016
32.728
30.728
41.816
32.728
46.568
33.016
39.304
44.592
32.016
56.456
135.868
114.32
30.728
33.728
30.44
29.728
28.728
38.304
31.88
161.766
34.016
51.456
31.44
30.44
46.592
32.728
30.44
26.44
32.728
141.68
51.44
120.257
29.728
115.72
53.168
32.304
44.592
44.016
53.928
30.216
30.728
46.592
28.152
68.168
44.88
41.88
40.016
87.104
38.304
39.728
60.304
141.179
32.016
50.88
32.016
41.304
29.44
35.904
32.628
30.728
42.304
27.728
31.016
32.304
148.852
38.304
158.716
44.88
30.604
52.168
124.644
29.728
38.016
52.44
29.44
30.728
38.216
36.304
63.44
75.793
124.376
30.44
37.016
42.304
30.728
44.592
26.152
30.44
29.728
61.016
38.016
34.728
54.504
31.016
44.88
27.44
138.52
32.016
37.728
37.016
26.44
27.704
26.152
37.24
29.153
36.016
50.168
34.728
30.44
29.44
34.728
31.728
30.728
56.88
30.44
30.728
149.32
34.592
30.44
150.972
81.36
28.44
29.252
65.744
39.728
30.44
29.307
146.419
30.44
135.03
47.718
39.728
55.016
39.016
30.728
117.416
54.526
116.376
38.44
30.44
74.168
37.016
32.44
27.44
32.016
39.016
60.592
32.728
29.44
50.68
39.416
137.379
39.267
36.592
32.08
31.168
29.056
31.728
74.456
26.152
32.016
29.904
77.744
31.44
34.592
62.592
34.016
68.08
27.48
26.368
38.568
162.604
34.304
39.592
128.451
37.304
39.016
56.88
26.152
62.304
34.728
32.44
125.126
36.728
34.616
29.44
39.304
161.07
34.304
30.728
32.44
72.32
118.238
38.88
29.568
32.728
29.44
102.32
38.016
59.726
66.304
30.44
36.016
117.004
28.44
36.728
45.728
39.304
36.016
26.152
29.44
38.016
198.179
38.304
45.88
26.152
30.44
39.168
64.032
137.033
39.304
119.758
56.304
30.44
114.668
67.928
45.416
125.857
38.016
37.304
53.728
33.88
37.592
32.728
29.44
31.728
59.168
67.88
52.44
159.856
32.44
50.056
121.356
68.592
47.592
44.592
30.728
37.016
30.304
29.665
27.44
44.592
43.88
33.728
57.168
47.929
117.43
74.518
33.016
60.016
32.728
69.168
31.728
36.684
40.416
137.275
43.592
211.88
32.728
37.88
32.728
38.44
58.016
38.296
59.016
63.904
46.592
67.88
144.084
31.728
34.728
118.963
30.728
45.168
29.728
50.428
39.304
44.304
44.304
39.304
76.107
31.995
52.88
44.592
267.216
59.68
76.456
61.592
27.152
33.016
47.528
126.419
28.152
54.456
44.016
38.016
55.168
32.016
44.88
28.368
32.728
39.592
55.88
32.728
37.016
35.016
29.016
59.456
39.016
34.304
70.88
39.728
38.768
34.256
40.016
34.129
28.44
30.728
56.216
43.592
69.168
149.361
32.016
85.608
49.304
26.152
30.44
44.304
35.44
43.88
150.928
29.016
35.595
42.304
39.592
26.152
133.792
30.68
261.294
64.748
54.728
146.292
43.592
29.739
40.592
37.592
28.44
44.592
29.016
109.744
44.016
35.728
30.44
104.456
27.44
128.579
49.88
37.016
73.456
38.304
28.44
131.926
35.728
121.992
28.44
37.016
31.016
32.728
143.971
52.88
39.728
44.304
40.304
119.857
32.304
64.304
167.638
34.592
32.728
29.44
94.168
128.446
72.744
37.016
169.024
31.44
30.44
38.304
117.945
37.867
66.304
45.592
32.728
28.216
33.728
33.016
29.44
27.328
32.016
35.728
26.152
40.728
61.32
123.432
45.728
35.728
30.44
125.641
30.728
37.777
32.065
140.897
36.728
30.728
27.152
142.654
77.32
39.016
32.016
34.592
38.304
34.016
69.88
130.953
27.44
26.44
32.728
123.342
129.686
37.592
56.016
73.168
26.152
35.728
30.44
112.129
133.195
36.016
26.704
42.592
26.152
32.016
48.88
85.032
43.88
99.896
53.016
31.728
31.728
47.592
38.016
44.592
32.728
30.616
28.44
27.44
30.728
140.571
44.304
31.728
37.304
29.44
30.928
27.728
54.728
40.304
50.304
26.152
40.016
30.44
28.328
59.456
35.728
35.44
69.168
38.256
46.88
31.016
36.995
31.728
42.304
42.304
41.304
32.016
59.728
30.44
35.44
37.072
34.304
30.728
56.304
28.44
49.304
30.728
37.304
28.952
35.44
57.456
30.494
53.592
36.728
41.728
28.44
47.88
30.728
34.76
37.481
90.168
31.728
28.728
146.785
32.304
35.304
41.592
28.68
34.016
34.304
29.728
52.592
39.304
37.016
81.304
27.592
30.44
30.44
28.44
28.44
62.592
44.88
43.016
30.728
26.44
49.88
29.728
41.592
39.728
26.44
34.016
32.728
241.95
31.038
38.526
120.414
30.728
57.124
30.44
97.032
38.728
58.016
28.44
73.128
29.44
33.728
31.728
58.016
30.704
124.592
31.016
26.152
30.728
53.728
79.016
148.806
44.416
30.44
57.128
39.558
54.302
52.19
30.878
45.592
75.356
29.44
69.328
50.304
28.728
57.016
30.44
28.44
37.592
46.304
42.592
30.88
143.179
39.304
27.152
39.728
37.016
34.904
30.44
57.232
151.011
48.592
39.016
32.08
37.016
144.016
31.304
29.44
38.168
62.456
31.016
64.016
30.513
36.801
40.016
41.304
32.304
58.016
40.304
58.304
29.016
32.728
26.152
56.504
37.016
27.44
39.016
27.728
27.44
58.016
32.728
34.216
56.016
31.016
32.304
42.521
30.728
28.44
32.304
123.691
35.016
61.592
155.547
54.88
146.678
26.44
31.016
37.304
30.728
36.728
38.016
60.304
52.592
34.016
35.016
31.728
148.724
30.235
42.523
30.728
61.168
115.112
42.016
34.304
157.68
124.625
43.016
81.456
38.592
37.304
41.776
37.728
30.816
293.956
36.532
38.02
30.44
119.32
27.992
30.44
39.128
29.44
28.152
50.44
30.321
29.44
44.192
54.88
26.152
145.656
31.728
31.016
30.728
35.44
74.88
122.82
44.304
83.744
55.88
30.728
37.016
57.016
63.304
26.392
32.68
30.728
30.452
35.016
30.731
28.44
41.016
30.728
34.728
49.304
52.304
38.592
30.968
149.076
38.016
60.592
32.016
33.728
75.168
30.728
42.016
61.168
64.168
35.016
32.016
30.44
29.998
30.897
28.728
45.592
30.728
53.88
30.728
61.016
28.44
46.016
40.592
31.728
44.016
170.497
62.88
123.372
141.4
30.34
30.44
128.721
213.086
42.592
64.304
29.792
38.592
26.152
42.344
36.939
44.592
35.728
68.304
40.304
32.728
29.728
30.44
40.328
47.592
40.304
47.016
41.016
46.592
29.728
36.128
33.016
32.44
43.016
41.592
29.728
36.44
36.016
35.016
27.44
75.456
101.016
55.216
44.592
54.744
27.44
30.728
51.44
28.728
84.168
26.152
42.771
32.016
45.304
35.728
26.416
32.728
38.44
32.016
29.728
27.44
42.88
30.44
35.64
32.016
63.592
39.728
34.016
47.88
38.568
32.016
30.728
56.016
28.152
38.304
71.168
29.44
40.049
40.016
57.928
49.592
40.304
31.44
44.592
68.88
32.304
37.304
32.139
31.016
35.728
38.304
47.304
53.304
36.792
131.76
28.728
35.44
30.728
50.456
39.944
35.728
147.68
126.003
29.728
32.304
56.416
48.304
183.566
30.728
55.456
28.44
37.128
32.616
40.728
127.71
36.728
147.843
29.304
56.016
38.016
28.704
53.728
130.632
34.592
28.44
37.44
29.44
40.728
67.592
31.88
38.016
152.212
29.904
31.489
27.44
50.88
53.728
39.728
35.016
30.728
135.392
37.016
26.216
146.817
46.616
28.152
62.304
63.956
43.88
32.44
44.592
36.728
138.096
32.784
30.44
28.44
29.928
128.616
39.728
138.862
30.728
60.016
30.44
56.222
41.304
29.728
29.728
135.897
53.592
36.304
30.728
40.016
30.44
85.744
122.28
38.592
30.728
234.32
32.016
29.904
38.592
35.28
36.728
96.608
47.964
31.728
76.744
60.032
31.44
35.44
26.152
43.016
27.704
37.043
33.728
32.728
45.016
29.44
80.456
40.304
39.592
30.44
95.32
39.43
29.728
28.152
138.249
38.016
37.016
30.728
148.803
44.88
65.196
155.484
50.172
30.44
27.44
44.304
130.636
40.728
35.728
39.728
32.728
29.44
30.928
39.616
29.104
68.744
125.641
26.44
33.016
62.691
172.27
43.88
61.592
52.44
47.928
29.44
32.304
62.016
42.592
63.744
38.852
29.44
39.304
137.836
26.524
30.44
40.728
39.016
30.728
78.904
38.216
26.44
44.88
40.016
38.016
55.168
29.728
29.44
29.44
137.291
147.489
31.728
29.728
64.88
43.016
30.728
46.328
31.016
73.456
34.016
37.016
32.728
30.728
73.456
26.44
42.328
34.016
30.728
39.304
26.44
64.168
39.304
47.016
38.843
38.016
33.504
33.016
152.024
140.104
50.276
30.164
34.052
28.44
29.728
30.44
29.728
39.609
64.88
34.016
29.728
150.988
28.44
37.304
42.275
36.987
30.728
136.936
31.019
30.728
29.728
28.728
38.284
136.99
132.596
117.14
29.44
28.528
31.016
27.152
32.016
39.304
31.361
75.168
29.728
28.152
28.44
44.304
36.728
28.44
151.128
41.016
44.592
32.44
55.728
79.744
66.832
26.44
29.44
33.016
28.728
32.728
46.307
53.728
43.216
30.728
40.728
144.296
45.304
45.728
37.016
137.587
33.728
142.34
33.428
37.316
27.152
40.016
35.304
30.44
129.294
29.728
26.44
30.44
46.592
37.304
40.592
32.48
157.876
30.728
30.44
47.304
145.275
55.761
125.153
53.728
91.216
29.44
37.592
32.016
55.104
63.592
35.728
51.456
38.304
57.016
37.304
30.44
127.652
28.44
44.592
32.728
27.44
38.016
31.44
133.728
30.44
37.016
45.792
26.44
31.016
66.592
31.016
38.304
145.593
30.44
38.016
51.592
38.304
37.392
37.592
131.139
30.44
31.016
43.016
39.88
37.016
34.304
45.168
30.44
36.728
48.304
132.526
29.016
32.016
124.206
28.44
31.016
67.304
30.44
56.304
121.784
47.592
59.168
37.88
32.44
34.016
29.504
38.016
26.304
37.392
34.728
52.88
50.88
88.168
33.728
97.744
38.592
38.304
152.947
32.304
40.304
66.456
37.016
65.792
45.456
40.113
39.016
40.304
38.304
37.304
58.016
51.44
38.304
30.44
67.456
27.44
81.836
35.601
134.945
29.633
68.321
146.689
44.592
31.728
29.616
46.88
49.88
65.592
37.304
52.168
32.728
28.728
38.016
32.728
42.88
39.016
37.016
125.315
30.44
30.728
29.728
28.44
33.016
64.545
62.88
41.304
120.793
30.44
31.016
29.502
27.152
57.592
32.728
26.44
54.456
29.728
37.592
43.016
32.304
26.592
30.728
26.152
30.44
38.44
37.528
30.536
69.592
32.728
35.728
29.44
33.304
31.016
45.592
52.091
37.016
36.304
33.016
39.304
29.44
26.44
37.016
133.502
68.99
37.592
47.304
29.44
149.214
30.44
31.902
37.016
50.44
30.728
123.425
29.728
54.88
39.016
29.44
121.624
50.528
37.016
29.44
58.88
45.833
162.188
36.728
46.88
34.016
105.32
32.728
28.152
43.592
127.624
33.592
29.921
32.609
30.2
124.4
26.288
127.921
66.592
30.728
29.728
162.576
53.728
69.304
32.304
49.392
35.209
31.016
28.44
27.528
33.592
63.88
48.456
32.016
66.88
56.304
117.678
31.016
63.456
42.016
39.592
60.456
33.304
29.44
43.016
37.304
31.016
67.608
33.728
28.152
29.64
120.376
67.992
56.304
51.592
37.016
38.304
34.864
44.592
114.875
31.728
125.464
37.016
34.016
137.707
38.016
27.44
142.619
36.728
31.016
64.304
37.016
27.44
120.875
47.88
44.592
80.032
34.728
26.449
61.608
29.44
26.152
47.592
58.016
41.728
298.761
37.304
138.416
38.304
79.168
28.44
49.88
54.728
49.016
26.44
36.728
32.304
93.168
32.728
60.616
71.592
44.88
28.152
35.728
26.44
30.44
56.304
56.016
50.456
53.144
123.032
46.52
29.728
115.208
29.572
30.44
37.016
44.592
38.304
37.016
44.88
30.768
49.056
65.016
56.88
30.728
35.816
81.032
32.016
133.881
30.969
37.016
28.728
61.744
131.382
32.07
28.152
36.304
26.152
34.016
57.88
30.44
39.128
28.016
31.016
36.728
29.44
39.304
32.304
58.304
49.592
40.304
117.083
32.016
40.304
142.58
37.268
37.016
30.104
27.152
36.016
44.016
44.859
38.016
28.704
30.44
141.036
35.728
50.416
33.904
81.592
40.016
30.728
30.728
34.304
40.304
36.728
30.728
154.16
38.016
31.016
31.728
37.016
26.44
31.728
40.728
27.152
29.016
39.728
54.168
38.304
117.083
56.016
58.592
54.728
42.304
38.304
38.592
65.08
36.728
35.504
56.016
34.728
32.016
41.592
36.016
30.728
34.016
62.88
42.704
26.152
32.016
39.016
32.304
26.44
63.88
40.728
33.816
175.424
115.168
155.993
32.728
66.168
35.016
29.728
140.536
31.728
55.88
34.728
62.616
34.728
30.728
29.728
43.304
30.728
38.932
174.411
144.745
40.304
36.016
132.32
29.728
27.728
35.44
38.016
29.728
40.728
116.664
28.44
29.728
45.728
29.44
50.592
30.44
42.88
30.44
52.328
31.016
30.44
30.728
26.44
29.44
26.44
30.728
68.168
34.856
29.44
38.304
30.728
26.152
32.016
31.728
37.592
30.68
32.016
33.728
46.88
74.744
119.432
146.12
129.39
112.808
32.304
33.728
29.44
26.44
141.099
45.016
29.728
42.592
32.016
142.899
29.44
41.728
54.168
126.787
38.016
59.456
38.144
34.832
54.32
53.88
42.592
30.88
26.152
72.04
40.016
38.44
35.44
125.568
31.016
120.104
30.728
38.44
38.44
31.728
29.728
33.016
45.728
27.728
32.304
117.561
26.44
28.152
29.64
35.728
39.616
30.728
45.416
43.592
30.68
38.016
26.152
155.248
123.616
31.016
31.87
36.958
183.646
40.016
40.728
35.016
29.44
34.016
58.304
30.728
52.456
30.728
30.728
52.168
29.44
44.168
42.592
153.16
35.728
140.438
29.44
44.102
30.928
26.44
38.44
37.44
56.016
38.016
58.88
29.204
34.182
38.016
32.304
29.44
30.728
30.728
38.216
50.592
127.68
115.968
62.016
39.016
132.113
33.728
36.44
30.44
29.44
26.152
37.592
32.728
60.88
26.152
46.592
61.456
30.728
52.44
30.44
38.016
26.152
36.304
44.948
140.036
43.304
29.728
26.44
27.152
26.44
38.081
32.304
45.728
31.44
64.456
53.456
30.44
64.88
33.728
30.728
28.616
28.728
63.12
41.592
26.44
39.304
57.88
74.168
30.728
40.392
30.44
47.592
42.304
32.016
28.44
39.728
34.016
31.016
32.728
31.728
40.016
31.728
37.168
55.016
122.904
43.992
32.728
47.304
30.728
28.44
41.304
34.728
28.152
44.592
32.016
33.728
28.152
37.304
31.304
45.88
31.728
59.304
53.235
58.456
50.88
38.44
29.44
37.016
38.968
34.016
37.016
30.728
43.016
35.016
38.592
35.313
31.016
26.44
61.592
61.304
27.44
38.304
38.728
33.016
73.456
30.44
75.168
37.304
53.592
31.016
46.904
30.44
26.152
30.728
244.961
36.728
69.592
32.016
54.324
31.728
30.44
155.748
42.304
63.168
42.016
39.728
29.448
26.152
157.281
29.728
63.88
42.304
134.003
139.892
41.016
31.016
31.016
60.016
146.291
31.728
33.016
39.592
31.016
44.304
51.88
31.016
29.44
40.304
36.016
31.728
40.416
36.468
28.44
29.928
69.88
32.44
35.128
38.734
64.88
39.304
28.152
30.728
28.44
57.592
38.304
47.88
56.88
45.304
131.744
147.622
31.728
123.323
42.304
28.192
32.44
31.728
46.416
31.104
50.592
31.016
29.728
29.44
93.456
35.44
32.728
30.728
53.016
55.592
29.016
40.304
30.44
34.304
32.728
29.44
40.728
32.016
31.016
29.44
30.44
46.632
66.592
35.016
26.152
34.84
57.88
36.44
44.88
31.016
38.504
31.016
146.824
75.168
30.728
34.016
32.016
29.016
44.697
44.076
28.44
56.304
36.188
42.88
35.016
55.016
42.304
36.728
32.44
36.016
153.867
119.755
30.44
38.88
41.304
32.304
33.728
38.816
49.88
33.304
59.728
30.728
45.168
32.216
30.728
69.456
28.152
127.819
35.016
27.152
47.592
46.68
40.968
35.016
59.744
29.016
34.304
41.592
119.62
50.308
30.728
33.016
35.304
37.016
30.44
29.44
28.528
37.304
35.728
56.731
120.03
50.592
61.518
34.08
119.729
161.657
37.016
31.016
32.504
62.792
31.016
62.592
30.728
34.728
30.728
33.416
123.105
35.793
31.728
33.728
47.592
33.016
31.892
53.968
59.168
32.016
71.235
41.592
38.28
40.747
30.728
32.016
69.32
145.42
55.708
32.728
26.152
39.728
84.304
30.728
32.248
57.016
30.904
46.592
31.08
41.728
125.268
44.88
38.235
26.44
118.123
58.592
31.016
148.878
38.766
39.016
107.184
46.592
36.728
32.728
30.728
29.728
26.416
54.88
50.44
26.44
46.499
33.728
31.016
30.304
35.728
31.728
50.304
62.168
162.056
53.728
62.592
120.379
74.528
35.216
32.728
64.168
37.304
30.728
39.592
34.016
38.304
43.304
33.992
47.48
29.44
34.016
69.456
63.744
30.728
53.304
30.728
32.216
56.744
40.304
74.744
33.032
32.44
33.728
30.728
127.355
56.561
27.152
38.304
32.304
28.44
31.128
126.532
28.152
39.24
38.016
32.728
62.032
30.728
50.456
34.016
31.904
34.728
34.592
33.728
32.728
29.44
43.88
69.456
33.728
32.728
31.816
28.152
57.732
37.304
30.44
28.44
32.44
163.649
35.44
38.304
33.176
158.254
37.144
32.728
30.616
69.88
32.968
59.656
40.016
29.44
58.04
33.728
26.44
30.728
108.32
27.152
41.04
41.592
28.728
37.592
146.854
31.016
72.104
30.44
29.728
41.016
27.44
32.016
32.728
50.236
44.88
31.968
67.88
29.728
67.304
35.728
32.44
30.728
31.016
42.304
31.016
38.016
37.016
40.016
27.152
58.304
63.592
29.016
138.6
53.88
51.728
43.592
29.728
27.728
39.304
51.44
49.592
34.28
30.728
30.44
122.929
33.728
36.016
34.016
145.051
30.728
61.016
34.016
33.728
58.456
30.728
30.44
33.016
27.44
40.016
41.304
62.168
32.016
32.016
35.728
31.016
79.761
32.056
72.896
42.592
149.72
37.296
48.88
29.016
62.88
75.744
29.44
38.016
30.44
34.592
36.728
44.638
45.88
42.728
54.592
30.728
44.616
72.168
36.44
127.656
32.016
145.977
40.016
38.128
26.44
100.032
104.608
32.728
37.304
32.792
41.483
30.728
32.216
44.382
120.116
40.304
32.192
26.44
32.728
175.048
49.88
38.016
143.904
36.728
35.816
47.016
29.728
31.016
44.728
41.304
38.016
125.904
30.728
29.816
41.592
40.728
32.728
159.451
43.016
30.44
29.528
123.416
32.616
47.168
37.016
45.704
35.016
62.256
37.592
28.28
30.44
86.168
36.44
39.016
39.592
31.28
153.222
28.44
37.016
33.016
30.728
29.44
26.152
44.88
83.456
34.544
30.728
66.88
53.016
43.592
31.728
27.728
30.48
32.304
41.016
37.304
65.88
52.728
91.368
33.728
29.44
68.304
124.844
35.016
30.504
36.44
143.504
36.728
29.728
32.728
123.345
32.728
160.304
118.721
159.95
40.238
123.616
29.016
33.016
37.192
40.016
47.016
72.248
30.728
42.304
63.592
30.44
40.304
117.532
56.728
39.016
115.217
30.305
40.193
32.304
57.016
150.22
29.016
28.44
35.44
36.728
34.315
360.84
130.464
27.44
53.728
41.016
59.744
30.728
26.44
44.502
39.304
42.88
44.592
58.056
294.104
62.744
28.728
40.016
30.756
235.902
29.016
35.728
31.016
30.44
28.44
85.128
36.016
57.168
29.44
52.88
32.44
50.304
77.304
38.016
32.728
29.016
56.016
28.44
31.128
35.016
33.728
44.966
26.44
30.44
76.456
54.016
43.02
31.544
123.54
29.728
32.728
59.304
57.009
36.016
48.92
158.23
28.152
36.728
38.216
37.304
30.728
43.304
125.352
36.753
51.24
30.728
44.216
61.88
30.728
136.206
33.108
31.016
26.44
47.864
30.728
32.44
43.728
32.304
32.016
36.304
30.44
43.016
27.44
31.016
77.456
57.88
30.568
26.152
72.168
118.056
29.728
54.304
41.592
32.016
38.016
46.592
30.44
37.016
56.304
30.44
36.728
30.44
29.728
27.152
148.56
43.592
232.84
28.152
150.67
46.304
41.792
37.304
157.534
141.985
37.016
34.88
33.968
117.657
31.728
54.958
35.728
31.307
49.304
30.44
126.75
27.728
29.44
42.592
39.592
35.44
29.44
62.128
43.592
47.88
71.168
62.88
37.304
46.168
155.656
33.016
119.979
27.152
37.016
34.016
126.878
62.304
42.304
28.728
37.016
36.016
32.016
39.393
30.016
32.016
54.168
43.016
30.44
59.304
30.44
37.016
115.528
35.728
27.728
30.44
31.728
62.304
45.88
30.44
37.304
31.016
122.494
28.48
177.564
33.016
30.728
48.304
57.168
142.387
31.016
32.728
70.168
29.44
35.44
29.44
28.44
45.728
38.728
31.403
39.304
61.592
31.728
37.304
31.728
39.88
155.084
157.515
117.003
66.88
71.744
26.44
37.304
35.016
28.152
29.728
31.728
36.016
79.216
49.744
46.016
42.033
28.728
35.44
32.44
74.368
26.44
48.764
37.052
30.44
30.44
59.728
76.612
87.828
33.928
26.44
42.328
51.304
55.54
34.228
32.44
43.592
32.016
26.152
127.104
49.88
56.304
42.304
40.728
84.032
53.88
40.304
29.728
51.304
39.304
63.88
32.968
141.707
31.016
40.728
42.016
47.304
67.88
32.016
38.88
51.592
30.44
60.88
127.219
33.728
63.88
54.728
32.056
50.304
35.728
45.592
44.592
49.592
30.728
30.016
49.592
132.435
38.304
32.44
69.928
29.44
37.016
48.88
134.368
35.44
30.44
46.016
143.449
28.44
51.337
30.728
56.016
148.128
35.44
26.44
38.88
41.304
29.44
30.728
47.966
33.854
71.608
51.88
38.016
32.304
45.728
68.816
42.592
33.28
35.728
31.216
59.728
64.816
140.416
118.96
255.768
132.089
39.188
31.016
217.304
61.592
33.016
36.728
35.304
31.728
121.801
30.44
36.592
38.304
29.016
30.44
34.728
30.728
29.44
30.779
35.904
38.304
31.304
124.537
30.728
34.728
53.728
45.592
39.016
31.016
30.44
70.592
30.728
70.592
30.728
30.44
40.168
44.016
29.668
63.592
33.016
37.016
29.728
26.152
37.592
33.016
42.304
38.592
37.592
53.456
39.016
29.44
32.016
37.016
63.592
38.304
42.304
74.992
160.638
35.44
39.728
46.592
49.608
33.016
26.152
37.016
35.304
39.016
32.016
38.016
37.592
131.035
35.728
30.44
58.016
26.44
41.833
41.304
61.179
77.592
61.88
30.728
40.016
47.168
32.016
61.016
31.728
28.416
31.104
122.392
37.392
137.08
64.304
28.152
75.24
32.728
52.168
36.644
27.728
30.689
81.368
46.592
32.44
37.528
39.304
33.728
30.44
29.528
35.816
26.504
43.592
35.304
32.304
64.168
27.44
121.668
34.304
180.272
30.728
30.728
26.152
31.016
129.232
29.728
74.456
149.112
71.592
45.256
30.728
37.304
35.192
58.28
59.592
32.304
42.304
30.728
48.88
39.016
28.44
38.44
59.016
44.592
32.016
45.016
32.728
30.44
28.728
77.304
33.728
28.152
151.244
43.304
117.992
30.68
52.568
127.256
34.728
55.616
45.592
28.44
37.016
129.528
63.168
46.168
52.304
33.016
37.016
29.728
32.016
128.696
61.784
35.016
239.264
31.728
190.296
31.728
44.304
37.304
140.049
27.44
34.016
64.304
32.728
40.216
32.104
40.016
28.728
38.304
153.996
31.016
69.88
43.592
32.44
41.592
29.44
30.44
35.728
30.728
28.728
35.016
53.728
26.416
31.016
39.016
29.44
51.328
31.216
33.728
55.88
30.728
34.304
32.192
57.592
26.44
28.44
30.728
37.016
121.62
30.44
27.152
67.168
35.056
30.44
29.32
28.44
132.497
58.304
29.585
49.016
39.304
30.44
30.728
44.016
28.44
75.168
30.44
40.016
30.88
88.768
37.88
30.44
32.016
88.168
65.592
32.728
54.88
40.016
33.728
32.016
29.904
39.016
37.016
77.456
32.016
44.592
43.592
58.28
30.968
32.304
35.304
149.195
32.728
43.88
31.728
34.416
159.828
39.016
55.592
29.728
33.728
33.016
29.44
26.152
42.304
33.728
27.44
26.44
49.88
149.972
55.304
36.016
68.592
34.304
30.728
64.392
59.168
27.152
52.728
45.974
43.88
30.728
139.208
37.304
31.728
30.728
41.592
31.016
30.728
79.084
44.592
39.304
47.88
40.304
195.206
40.016
29.44
38.304
35.304
39.304
46.528
63.616
28.44
37.873
29.728
39.44
30.44
35.304
41.304
26.152
128.44
29.728
44.592
46.168
35.016
50.168
29.44
37.304
33.728
30.44
33.016
47.592
30.904
32.016
42.972
59.88
120.776
58.664
39.728
142.952
45.304
30.728
33.728
31.728
46.926
29.44
39.328
56.168
66.016
42.016
38.728
85.168
34.016
30.44
31.728
39.016
29.44
37.304
42.304
48.88
29.44
34.592
38.48
29.44
43.88
38.161
36.728
32.728
30.728
173.916
30.44
67.592
32.728
31.728
51.216
158.348
30.44
37.016
44.304
30.792
49.168
29.44
92.168
123.694
29.44
34.016
29.728
28.44
43.526
35.016
148.872
35.728
29.204
37.016
138.137
55.016
32.016
29.728
35.44
26.152
42.592
56.016
119.638
31.728
39.059
72.947
36.304
45.88
47.304
57.168
33.728
28.728
30.728
40.016
34.537
55.016
30.203
34.016
162.131
30.728
44.592
32.016
29.326
29.016
40.304
34.016
38.016
44.728
30.616
137.704
35.44
34.728
62.168
32.304
188.622
73.168
37.016
168.104
32.792
35.728
31.728
36.728
30.728
30.44
33.016
45.016
38.88
43.024
70.88
65.592
82.056
30.744
26.232
34.657
30.728
40.923
30.728
30.734
29.44
41.304
36.304
30.728
37.304
29.44
32.44
52.592
29.016
42.304
37.592
59.304
30.792
39.592
31.016
28.152
39.24
26.328
42.304
32.016
37.304
76.168
106.744
56.728
32.304
42.592
38.88
48.592
34.304
28.728
71.016
42.016
31.504
35.592
38.016
26.152
31.24
52.168
29.728
68.304
61.592
35.728
30.44
29.528
44.579
120.724
27.44
30.44
71.592
29.44
28.44
34.016
28.728
35.067
41.304
30.792
62.323
148.438
53.168
67.168
37.016
30.104
33.016
56.016
40.728
29.44
27.152
37.016
36.016
44.304
51.88
46.992
37.304
33.728
37.728
34.016
31.512
30.6
48.592
143.166
29.44
44.304
28.728
149.75
26.152
91.608
28.44
61.592
32.44
39.016
42.592
27.44
45.728
138.728
30.44
26.152
32.304
39.016
71.556
40.644
51.88
43.592
28.728
26.152
65.592
38.592
39.928
36.728
245.34
33.016
68.88
29.728
30.44
32.016
59.728
30.728
37.016
49.728
30.728
88.456
38.216
41.592
27.728
34.728
52.44
29.44
42.88
43.304
30.44
44.521
27.152
40.728
47.304
46.88
31.44
37.016
28.152
37.304
30.728
44.592
86.456
35.728
29.44
55.08
34.304
26.152
40.84
35.44
39.592
29.44
30.44
35.44
30.44
38.988
30.728
71.88
30.44
53.744
35.44
34.304
131.574
26.152
55.728
32.016
39.699
30.728
40.728
37.304
127.228
32.728
62.744
30.44
34.728
47.016
161.486
26.44
124.075
32.016
55.392
28.152
45.097
26.152
42.592
32.209
54.55
60.572
49.88
40.568
47.592
126.651
35.44
148.292
35.016
33.016
53.592
32.016
118.062
46.592
28.44
37.016
28.44
46.456
49.128
50.44
113.184
44.592
119.55
34.728
72.216
36.728
29.816
28.728
52.44
27.44
46.88
46.592
28.44
36.12
65.768
26.44
32.728
44.304
53.016
31.728
42.304
36.728
34.016
35.504
84.592
35.016
51.88
32.728
45.728
29.44
35.304
32.016
34.728
30.44
43.304
34.304
30.753
44.304
32.304
29.728
168.268
137.574
30.016
54.168
47.304
29.592
172.68
37.192
82.48
28.728
31.728
40.728
56.216
40.592
53.456
144.992
31.016
34.304
171.526
51.88
44.592
52.016
40.304
32.016
43.592
66.592
35.44
54.304
30.728
37.252
30.44
26.152
64.88
44.88
30.728
120.003
126.281
35.091
30.728
31.064
46.168
155.846
34.016
30.728
53.016
29.44
41.88
34.592
30.776
26.44
28.44
28.152
34.304
35.728
31.216
29.728
35.016
29.728
29.016
38.016
84.88
55.88
61.016
26.152
70.793
35.016
32.016
42.592
26.152
31.728
38.016
28.44
125.769
29.44
29.44
37.016
36.104
39.592
37.016
51.728
44.88
28.728
66.592
37.016
41.016
32.728
98.968
33.728
32.728
125.619
29.44
27.152
134.7
123.024
52.304
32.304
34.304
51.44
30.44
31.928
29.728
39.416
37.728
53.728
46.304
28.44
121.768
128.896
32.072
37.16
30.248
32.728
30.728
39.728
28.44
69.88
30.728
37.304
29.44
38.016
28.44
32.44
134.728
46.016
30.728
30.398
31.728
28.416
44.592
65.304
32.728
37.816
37.592
124.32
28.728
28.44
30.728
58.016
42.88
154.104
98.912
30.728
38.174
47.304
38.016
52.704
62.88
40.304
33.016
79.88
30.008
34.016
38.016
55.016
41.304
43.304
30.728
62.304
34.992
37.304
30.728
142.944
121.166
30.728
34.616
32.728
58.744
28.152
38.304
159.998
30.686
30.44
43.016
155.92
37.016
53.168
116.564
30.452
35.44
45.592
37.016
28.44
118.11
70.456
81.744
39.016
39.016
30.904
37.192
33.88
30.728
60.456
147.832
32.304
32.728
30.44
40.304
30.728
53.88
31.728
39.304
35.992
68.168
52.195
36.728
26.152
30.44
38.016
133.96
54.168
29.809
47.88
27.728
33.728
26.152
34.88
75.168
33.728
47.592
29.016
55.064
30.107
44.016
30.856
58.168
131.729
29.728
53.456
30.728
30.44
46.592
37.016
50.44
28.152
30.728
75.171
66.032
28.152
30.84
37.128
50.616
31.016
38.592
28.44
40.728
59.304
50.168
30.728
34.016
110.896
125.584
72.792
86.168
35.016
30.728
36.592
34.728
31.016
38.592
30.48
49.88
30.44
37.592
47.88
50.168
40.856
32.744
30.728
30.728
47.304
58.328
38.44
32.44
121.076
44.564
85.652
147.288
43.592
35.728
29.44
36.016
32.704
38.44
37.592
47.016
30.196
42.592
39.304
177.894
43.88
35.728
136.14
47.592
48.828
30.44
37.304
30.728
27.152
42.304
37.728
28.728
57.016
27.152
38.304
52.304
41.592
35.304
32.44
28.152
41.894
52.728
55.016
32.728
63.168
27.728
38.016
36.728
55.592
50.168
27.44
42.016
38.304
29.44
36.728
44.592
30.44
57.168
26.44
44.304
29.44
38.304
38.016
37.016
30.44
26.152
28.728
26.152
32.728
61.852
29.728
124.155
30.44
39.016
44.686
46.592
30.728
69.744
30.44
69.496
30.728
33.728
35.216
30.728
44.016
29.44
37.016
34.728
36.016
61.88
139.964
35.016
124.104
30.44
31.016
28.152
65.592
32.016
31.728
40.416
30.728
201.051
34.016
45.304
117.531
32.728
36.44
33.019
27.44
32.016
52.168
38.016
174.971
30.44
61.88
30.728
50.44
37.304
38.304
32.728
46.304
61.92
30.728
38.44
32.728
138.593
116.008
40.728
126.336
30.728
33.728
38.016
150.251
28.152
33.016
130.616
50.592
29.227
65.259
29.838
47.592
59.016
42.304
30.504
27.44
71.168
129.625
57.744
107.184
48.592
115.07
59.88
32.568
30.456
32.728
35.304
29.592
29.44
32.728
155.992
29.016
26.152
54.728
37.016
31.728
29.44
31.44
30.728
66.88
140.326
29.44
35.728
35.016
42.528
28.728
35.44
62.304
115.825
54.592
37.016
34.728
26.152
27.44
45.592
38.304
28.44
61.304
39.728
37.592
29.728
128.536
30.728
36.016
71.704
57.016
48.904
41.728
26.416
31.016
33.304
29.44
33.728
82.032
29.44
99.032
32.304
32.44
32.016
63.592
29.339
32.304
118.08
32.016
26.304
63.592
30.44
54.304
126.368
39.592
51.88
124.032
33.016
30.728
44.592
54.728
61.803
27.152
32.091
31.179
40.592
30.44
32.016
27.152
38.304
30.728
30.728
32.728
30.44
45.304
30.728
55.592
41.289
29.44
32.016
39.304
63.945
30.633
39.304
31.192
32.728
41.544
64.304
34.016
155.707
29.728
34.016
30.728
37.016
35.728
32.728
30.44
47.304
39.728
29.016
30.728
118.683
36.212
33.728
28.152
139.926
36.016
37.504
30.592
29.44
53.168
41.016
131.537
37.304
63.592
33.88
44.88
38.016
29.44
31.016
51.592
44.592
64.032
27.44
30.44
29.728
30.416
50.304
137.147
48.168
28.728
44.592
34.304
37.016
30.44
128.932
37.016
46.078
47.304
34.016
27.44
31.328
30.728
56.88
28.44
39.592
116.324
31.44
88.032
29.44
29.646
150.728
32.016
28.44
38.016
33.016
32.728
28.44
32.016
38.304
54.168
26.592
43.656
41.016
38.016
27.44
38.592
43.592
30.68
35.44
30.44
34.728
146.544
30.728
47.592
130.246
31.016
36.016
30.304
42.304
31.216
40.304
93.456
33.016
30.904
127.044
30.728
30.728
46.592
29.016
36.728
46.443
34.016
29.323
45.88
32.728
45.88
32.016
28.44
34.304
30.44
142.209
30.728
129.409
37.304
136.731
31.44
31.728
28.798
37.486
31.774
35.016
37.304
58.016
32.016
26.304
38.016
124.819
29.184
35.728
53.88
38.016
31.728
38.304
33.984
31.016
29.728
165.184
30.44
30.44
121.908
39.592
30.728
32.728
39.016
29.44
38.016
32.44
71.168
141.64
84.056
35.728
31.016
59.016
43.75
26.152
39.64
39.304
38.75
36.728
53.816
34.304
42.304
30.44
38.673
33.016
47.016
57.168
32.728
40.728
149.171
31.728
30.616
147.662
30.027
36.315
30.44
37.016
47.304
30.728
54.592
30.44
31.928
29.44
120.628
40.016
53.728
38.416
31.504
31.728
28.44
26.44
59.016
32.728
163.944
33.728
33.728
155.15
50.304
26.152
29.016
36.728
35.728
39.304
69.744
37.44
33.016
53.768
34.016
39.728
62.88
134.208
47.88
30.728
45.016
123.694
37.016
36.728
37.88
35.304
47.592
27.48
61.368
38.016
140.182
120.116
32.304
43.592
37.016
74.504
40.016
65.016
31.728
33.728
30.44
32.304
55.88
32.44
128.728
41.302
30.728
39.416
38.504
26.152
37.016
29.44
37.016
32.728
75.88
28.44
38.88
32.304
26.152
37.016
28.152
44.304
32.592
122.88
38.016
37.592
78.68
35.016
28.152
47.592
52.728
65.592
57.456
27.728
126.236
30.524
40.728
51.728
29.728
37.592
46.304
44.88
56.016
40.592
31.28
40.016
31.728
29.728
41.304
38.016
56.592
30.44
34.304
120.249
28.152
127.537
34.016
126.704
68.592
40.345
34.016
35.728
68.88
32.44
42.328
30.44
38.304
32.728
43.592
128.881
41.304
56.016
30.728
27.152
65.168
26.152
31.728
26.152
38.235
48.168
42.016
126.702
38.016
26.44
33.016
53.728
33.016
82.504
59.88
37.368
148.868
144.422
30.71
37.304
36.4
37.216
29.44
32.016
30.44
28.328
28.44
31.44
26.152
141.622
59.168
44.016
33.728
45.728
30.168
27.44
29.44
37.88
26.152
29.44
44.304
49.304
116.792
31.728
30.44
43.928
40.616
45.79
59.168
26.152
38.88
45.016
29.678
31.016
28.728
32.504
42.392
104.456
38.744
26.44
33.728
43.016
29.44
38.016
29.44
30.928
28.728
119.502
37.016
29.728
38.88
27.152
26.152
30.728
43.016
36.104
29.016
67.704
39.192
64.456
37.728
57.016
171.776
29.264
129.744
28.44
61.016
32.304
38.016
26.44
29.728
29.44
43.155
28.152
32.016
38.44
45.592
76.744
26.152
60.744
30.728
34.016
53.728
41.592
40.304
147.144
51.496
44.592
34.32
31.728
138.121
168.857
26.345
30.728
55.016
83.809
34.728
36.728
26.44
31.016
77.387
130.142
65.592
37.304
43.728
51.396
122.964
45.252
53.728
144.729
32.217
30.44
135.14
39.304
29.016
42.304
30.728
38.44
32.016
69.304
65.592
72.168
34.016
33.728
58.016
45.304
33.304
118.798
32.304
45.304
30.728
49.304
33.992
31.016
38.304
43.016
31.016
32.728
29.44
116.63
85.744
40.432
44.592
40.304
40.304
37.016
59.88
36.728
122.26
39.728
34.016
30.704
76.456
84.88
38.304
39.728
35.216
28.152
142.273
53.728
66.456
30.728
26.152
44.016
29.016
131.438
33.728
50.816
29.44
32.44
30.728
28.152
49.168
28.44
30.728
26.44
60.304
53.168
41.304
30.728
32.216
28.904
29.016
76.32
34.016
36.728
30.728
28.44
75.032
31.008
58.168
185.376
38.452
32.728
58.304
28.44
39.728
31.016
40.728
35.728
140.44
37.592
322.609
36.44
31.016
36.104
46.304
60.168
38.304
32.592
51.44
30.44
30.728
37.44
37.016
32.304
40.304
33.728
29.728
50.88
64.88
43.619
32.016
30.44
29.528
56.016
79.744
42.88
28.152
34.592
32.304
83.304
29.441
47.729
91.217
29.728
47.592
37.016
122.504
26.152
30.728
49.592
39.304
32.304
30.728
32.44
39.728
28.584
131.148
30.44
35.44
43.016
26.504
26.44
30.728
26.44
134.016
30.728
142.348
133.414
40.334
27.152
32.016
38.304
37.79
37.304
35.016
31.016
30.44
38.304
38.016
30.158
31.728
138.224
42.304
33.592
42.88
26.152
61.304
40.728
31.728
34.592
30.44
37.304
39.992
26.152
29.44
32.728
41.811
34.016
30.44
33.016
134.904
29.728
88.032
37.934
55.016
27.704
104.032
38.304
28.152
121.79
29.728
33.304
27.44
37.592
28.44
47.592
47.304
150.171
37.667
86.32
30.456
40.304
229.956
62.592
32.304
37.016
33.016
61.88
47.592
32.104
36.968
45.88
30.44
132.48
30.728
27.152
62.592
35.44
67.304
31.728
47.616
43.016
32.016
38.592
28.152
60.304
32.304
39.592
35.016
28.44
31.728
41.82
37.016
57.592
149.467
75.456
30.728
32.016
27.728
38.016
37.104
243.835
37.304
60.744
26.44
63.88
48.328
92.032
71.168
35.016
39.704
124.02
48.708
32.728
34.216
39.304
38.392
35.728
32.728
30.616
61.216
57.304
32.304
28.728
33.016
32.44
42.592
58.784
33.728
41.304
30.728
26.216
42.016
109.472
42.304
27.152
29.44
34.016
29.7
27.44
62.304
35.728
30.44
63.592
141.886
48.304
124.454
32.016
56.744
47.592
34.728
50.304
32.304
26.152
166.452
32.44
27.152
32.44
26.152
28.152
39.304
31.728
57.168
48.88
29.728
38.016
27.728
50.88
30.44
38.016
37.104
32.728
38.016
80.488
37.443
29.728
32.016
32.304
63.304
32.304
27.728
39.016
30.728
43.592
34.304
29.016
30.44
62.304
29.44
40.304
29.728
29.728
44.304
29.44
131.822
43.254
30.44
36.728
52.592
30.44
42.496
58.456
29.44
31.728
30.728
29.728
33.728
44.88
41.592
30.44
28.44
127.568
37.016
248.875
35.016
32.904
27.44
126.128
31.728
26.152
30.44
45.016
30.728
38.016
31.104
54.192
120.612
37.016
29.966
35.016
36.728
26.152
51.44
28.928
36.44
32.016
28.728
37.016
72.104
36.728
90.608
31.184
30.728
29.44
29.44
37.728
29.616
44.304
84.192
37.68
123.387
27.152
130.62
111.072
48.304
35.44
44.592
29.016
39.016
32.104
31.016
36.142
91.744
30.728
58.016
38.88
30.768
70.168
38.056
32.016
43.016
28.728
27.152
32.44
30.728
29.728
41.728
56.416
57.032
26.152
38.016
45.728
54.88
30.44
29.728
74.456
33.728
39.304
32.44
30.728
30.44
118.734
30.44
62.275
39.016
30.44
42.016
29.44
36.819
28.44
32.304
36.44
32.016
30.44
26.152
28.728
124.088
167.576
67.744
37.592
49.052
62.304
26.44
30.44
28.44
30.44
69.88
35.016
88.744
60.232
29.44
118.465
60.928
46.592
35.44
33.728
166.44
30.44
30.728
50.456
29.409
32.016
28.728
32.728
42.304
123.931
34.304
31.44
60.168
88.32
134.819
33.016
34.728
26.44
30.728
34.084
29.016
56.88
30.768
35.728
31.728
33.728
154.628
35.768
50.88
32.728
31.016
30.728
32.016
39.304
37.44
30.728
37.304
29.728
47.016
53.592
29.44
37.795
34.304
35.683
75.744
53.456
30.728
58.168
32.016
30.728
98.456
49.304
131.192
74.256
123.604
30.728
34.016
130.193
26.152
26.152
31.24
42.304
30.44
35.728
155.982
35.44
31.728
26.44
31.281
44.88
31.016
30.44
76.208
46.168
31.87
111.456
31.728
58.913
78.168
41.556
34.016
60.304
30.728
29.816
42.304
42.592
40.48
35.016
30.44
133.83
34.518
126.19
35.728
29.728
80.416
32.728
56.592
26.152
37.016
36.728
32.44
42.304
30.728
48.88
27.44
102.128
30.44
42.728
35.728
41.592
45.304
32.016
43.016
33.592
73.32
32.016
28.44
38.328
50.592
44.304
39.812
44.788
37.016
52.44
32.728
74.88
30.728
35.728
69.88
40.648
34.016
30.747
27.44
39.304
29.44
38.304
36.192
38.304
57.592
52.88
32.728
27.728
64.304
26.192
32.304
34.992
40.016
34.304
143.052
157.252
140.496
34.728
119.713
29.016
30.728
48.88
28.616
43.016
121.408
57.592
30.44
28.44
42.592
30.88
32.44
38.88
26.44
40.304
34.304
30.992
30.44
29.528
29.728
28.152
41.016
32.016
30.814
35.728
55.592
52.401
149.025
30.513
83.88
33.768
48.88
35.968
37.304
59.192
32.728
33.728
35.44
50.168
34.016
61.304
70.168
126.752
37.016
41.016
28.44
52.304
50.304
37.28
36.728
43.592
41.592
58.68
29.728
147.182
39.304
38.88
38.728
30.728
26.44
34.592
39.68
29.44
55.88
31.304
117.16
76.648
30.44
139.94
43.304
34.016
29.44
29.614
50.304
43.304
35.728
58.816
29.728
32.016
38.592
28.44
32.328
31.016
38.016
82.904
153.348
32.304
30.44
32.44
37.528
55.304
46.168
30.68
41.768
30.44
44.304
183.126
30.44
54.592
30.728
99.68
47.88
31.728
31.728
34.304
164.688
52.44
39.304
29.016
43.6
37.592
29.44
27.152
116.014
44.304
33.728
155.491
154.436
31.016
38.504
58.304
45.304
31.192
41.08
66.568
29.728
29.44
32.44
50.728
37.816
61.592
31.016
31.728
76.592
32.728
38.304
36.728
33.728
68.1
31.016
122.424
35.728
57.016
30.304
53.304
31.792
28.44
140.504
41.016
35.192
28.28
118.979
129.123
28.44
34.304
66.88
144.568
66.592
33.728
29.44
30.728
52.016
29.728
65.504
61.016
29.44
41.304
30.728
27.152
55.304
39.304
26.152
62.304
26.152
32.44
46.304
74.889
28.728
44.592
29.44
39.728
26.152
28.728
59.304
39.728
28.44
28.728
30.728
116.184
37.592
44.016
47.016
61.304
145.592
31.88
37.88
32.304
37.016
31.016
34.304
26.152
31.728
42.592
33.016
32.44
39.304
31.192
38.68
55.768
33.259
32.016
31.728
27.152
127.203
74.456
50.456
35.144
28.44
39.304
36.728
29.728
36.934
36.44
29.646
70.456
122.512
48.592
39.304
266.48
32.728
85.896
31.728
38.592
33.688
139.891
27.44
35.728
30.728
29.816
38.304
40.728
184.051
39.728
30.728
51.304
31.728
30.816
37.592
26.152
30.728
26.44
149.198
31.886
39.016
45.304
33.728
80.744
43.592
46.592
40.016
75.304
29.016
30.728
129.542
61.43
163.574
26.152
31.728
33.016
30.44
35.728
119.518
42.304
46.592
30.728
45.88
33.016
30.728
40.728
156.262
27.152
35.206
53.728
81.76
30.728
31.016
64.168
30.728
36.592
135.617
40.304
43.016
28.852
35.44
26.44
59.304
52.168
69.744
28.44
45.592
90.39
26.44
37.592
42.68
30.44
27.728
33.185
29.728
32.728
44.592
52.304
32.016
63.392
30.728
45.416
35.44
77.88
41.304
136.116
26.152
174.04
28.152
33.016
29.352
26.44
29.44
44.304
26.592
44.592
47.592
38.304
42.192
46.592
35.44
56.304
31.728
49.88
32.304
29.396
32.304
72.192
31.44
40.304
45.816
37.016
32.016
37.592
42.88
56.456
48.592
26.44
32.016
232.075
48.88
74.416
62.592
121.131
57.592
36.728
46.592
26.44
36.728
36.016
29.44
38.128
43.728
51.728
28.016
34.304
64.592
43.88
32.168
39.728
142.105
65.88
57.592
70.627
34.016
37.728
34.592
70.88
49.304
38.768
51.88
31.728
31.304
29.105
44.88
59.592
26.44
35.304
40.016
125.816
47.168
35.304
38.016
35.44
80.456
83.168
33.016
154.78
40.016
48.704
163.569
66.592
187.838
42.592
33.204
35.728
32.44
29.728
49.592
29.48
47.016
38.016
262.08
42.304
27.44
32.44
31.728
54.728
40.616
191.724
128.436
63.924
36.728
29.68
37.016
44.696
140.792
53.728
49.304
36.016
29.44
93.456
69.744
43.304
37.304
30.44
38.016
38.016
32.728
30.44
29.728
53.728
27.44
38.44
26.44
77.128
61.304
51.728
43.304
37.24
32.016
44.304
144.126
28.728
34.016
35.44
32.728
82.304
38.616
42.78
38.016
48.88
32.016
26.304
130.747
35.728
126.904
33.728
28.152
38.44
49.304
32.016
41.756
37.592
36.88
46.768
50.656
31.728
30.44
31.016
30.324
28.728
32.728
50.414
41.102
30.59
28.152
136.184
60.456
31.944
121.414
79.456
30.544
29.728
30.401
37.016
32.728
30.44
28.328
29.728
38.216
61.168
37.016
49.416
30.44
33.812
32.016
29.44
29.44
40.304
63.304
34.592
28.728
77.144
28.656
54.456
36.016
67.456
31.728
239.48
45.304
39.016
38.016
32.016
37.728
45.728
151.523
30.728
41.304
29.332
31.728
30.816
39.016
30.904
69.742
160.118
31.016
126.097
37.304
31.728
188.654
38.016
53.904
30.44
30.44
38.016
150.232
32.728
26.152
30.44
32.304
44.592
26.44
29.486
65.592
118.686
29.728
38.416
55.504
30.075
35.728
29.44
31.016
33.016
74.168
30.44
39.728
169.595
141.185
39.304
31.073
32.304
39.208
30.44
70.88
38.88
36.768
31.056
35.728
66.592
33.416
42.304
29.684
31.172
32.66
97.744
37.748
62.304
29.728
32.416
44.592
37.817
30.304
42.304
146.971
27.44
61.592
26.44
32.016
39.728
53.016
65.168
36.728
141.507
32.016
39.304
39.304
38.304
36.192
30.728
31.728
56.88
31.728
43.016
238.656
30.728
30.728
56.232
26.44
30.728
34.728
42.88
32.44
30.728
29.44
31.016
27.44
30.44
53.728
35.728
26.44
31.016
42.592
52.728
65.704
31.728
28.416
39.728
63.88
70.107
32.728
28.44
30.44
65.88
156.768
34.016
45.592
61.304
30.44
31.928
28.44
37.128
152.364
126.665
139.899
29.016
38.592
77.288
26.304
53.728
40.304
116.942
53.304
38.44
62.472
49.592
47.48
31.728
38.44
30.728
26.152
50.592
30.44
48.728
38.304
74.744
137.353
38.016
37.251
35.728
54.968
37.304
35.544
42.88
93.368
34.728
30.728
30.44
38.592
38.016
62.304
38.016
59.592
137.27
53.456
37.592
39.168
41.592
29.44
29.44
32.44
34.368
56.304
40.761
157.548
33.016
32.016
30.44
180.161
44.304
66.88
45.88
45.168
34.728
60.304
145.081
46.168
33.256
33.016
32.016
63.592
124.017
29.44
31.44
35.016
44.984
53.728
35.304
48.592
54.728
30.728
30.44
39.304
37.592
29.016
30.44
37.928
37.016
54.094
60.456
72.744
31.032
82.68
129.472
29.016
55.592
131.825
36.592
29.204
30.728
68.201
119.272
45.16
30.44
39.592
42.304
147.47
30.728
70.168
38.304
132.724
29.281
29.44
59.88
44.592
47.88
73.168
38.304
101.601
45.728
52.44
45.016
31.728
30.44
29.44
53.728
41.016
65.304
116.046
40.734
35.956
32.728
52.304
48.9
37.016
57.016
37.304
79.88
47.592
26.28
30.44
144.728
33.416
44.88
56.728
37.777
147.689
30.44
29.728
44.016
59.904
46.88
30.068
26.44
31.016
40.728
40.016
33.016
118.504
32.016
28.728
34.728
37.304
54.728
42.304
26.152
29.016
31.44
34.88
29.728
57.168
26.152
32.728
80.02
37.532
129.02
26.152
63.592
241.323
31.728
53.88
40.776
143.667
32.728
38.016
37.016
29.016
67.88
33.016
47.88
33.728
42.304
61.889
71.168
29.44
43.016
130.99
38.016
37.104
26.592
30.728
38.016
45.304
30.1
44.016
26.304
54.433
36.44
45.016
31.016
64.744
46.168
30.856
29.44
130.422
117.764
29.44
46.592
44.48
125.412
29.016
30.44
36.728
42.019
44.728
30.497
31.728
36.816
61.304
48.88
137.968
32.44
38.304
33.016
30.728
29.728
40.728
79.88
38.216
62.304
62.304
41.304
75.032
26.152
43.728
41.872
33.76
30.448
161.675
46.88
26.152
34.728
44.492
42.38
125.468
131.176
28.44
27.44
32.728
37.016
66.592
26.44
28.44
53.728
58.592
28.44
44.592
61.304
37.016
28.44
165.528
43.168
34.016
28.44
52.168
35.728
26.152
33.016
29.728
73.168
32.44
51.928
28.728
115.153
44.016
34.88
70.592
26.44
30.44
35.728
28.152
33.728
38.304
142.041
58.168
32.968
38.304
169.24
30.728
31.728
39.016
52.168
38.056
30.016
38.016
37.016
26.504
32.016
40.395
26.152
36.04
31.016
30.728
37.016
51.185
31.728
30.728
37.304
142.43
122.564
32.016
55.729
30.817
28.152
55.168
30.728
38.206
43.804
26.152
28.44
30.44
38.592
28.152
31.728
135.969
49.592
35.728
30.44
123.326
35.168
30.44
64.256
147.07
38.88
31.728
63.304
70.032
30.72
48.88
30.016
34.304
55.016
30.728
32.216
30.44
43.016
29.016
26.44
63.304
37.88
37.016
44.592
137.828
81.168
28.728
28.152
29.64
38.328
67.592
38.304
38.603
31.728
39.481
35.44
142.528
29.924
44.592
30.728
29.816
143.216
29.728
151.216
43.592
34.016
44.304
122.592
38.016
30.728
144.504
50.88
150.169
54.304
32.304
41.256
30.744
75.168
45.025
34.728
145.769
30.728
42.304
52.88
29.179
43.88
32.016
40.321
38.88
37.016
30.44
32.304
141.635
35.265
31.728
30.078
49.592
59.88
45.88
51.44
97.744
137.299
43.065
29.44
32.128
37.216
40.304
37.304
32.792
36.016
42.592
32.016
52.016
81.032
38.304
38.016
32.44
28.44
37.016
32.728
31.728
46.88
37.592
46.592
35.016
68.32
170.544
44.88
59.168
96.32
66.456
132.8
73.168
127.748
131.081
152.79
168.764
