24.44
24.44
24.488
25.776
24.44
25.824
24.488
25.776
25.824
25.728
24.728
25.824
24.776
25.872
25.92
24.44
25.968
25.872
24.44
30.968
31.728
24.824
24.92
31.208
32.304
25.304
26.16
25.352
26.544
25.064
26.688
25.16
32.736
25.208
26.304
24.824
26.4
31.112
24.728
26.304
24.824
31.776
26.544
32.304
25.064
37.44
25.112
26.448
26.256
31.208
26.304
25.256
26.208
36.488
25.976
26.592
32.88
25.832
26.928
31.88
24.968
37.256
27.312
36.584
24.632
31.776
30.728
24.44
36.064
24.64
24.44
24.488
32.12
24.584
24.68
25.824
37.44
31.352
37.16
32.256
31.688
26.064
37.016
26.112
31.832
26.448
26.544
26.592
33.168
32.016
24.968
27.024
36.296
27.072
31.544
33.36
33.408
36.68
26.736
32.168
37.112
26.88
24.44
37.016
27.024
31.304
25.728
37.536
25.256
37.632
25.304
26.4
26.448
32.736
37.208
32.504
38.16
26.072
33.168
32.6
27.264
37.016
26.504
37.112
31.776
27.744
26.168
34.032
26.216
25.544
27.36
32.072
27.408
32.016
25.064
38.448
25.4
27.216
25.208
32.544
25.256
24.824
38.16
37.016
36.584
37.352
25.64
32.64
32.168
37.256
37.304
37.352
25.64
31.776
27.264
33.936
26.216
33.312
26.264
27.12
38.448
26.12
27.456
37.016
32.744
31.728
27.456
33.032
31.728
26.648
38.976
26.696
27.792
26.744
28.128
32.84
27.6
32.792
37.88
33.936
37.208
27.744
37.256
27.552
33.704
27.512
37.4
28.176
39.264
31.728
33.512
35.328
29.136
28.944
28.512
27.704
27.752
28.608
27.56
28.656
27.368
34.944
37.256
27.032
33.32
27.128
34.704
33.416
34.752
31.92
27.512
27.368
33.656
28.752
27.704
31.728
27.512
28.896
27.08
31.824
27.32
34.896
28.704
38.456
28.752
27.464
28.56
33.752
27.8
34.656
34.472
35.376
38.648
29.424
34.856
29.232
28.232
29.568
31.728
27.656
29.472
34.184
34.232
35.808
31.776
35.664
27.896
29.088
34.04
29.136
32.936
28.992
28.8
33.272
27.08
28.656
28.032
34.896
28.224
33.176
27.792
27.84
33.512
34.368
27.32
39.456
27.176
28.272
33.704
33.8
28.656
27.608
37.256
27.944
28.56
37.592
34.52
37.928
28.616
39.224
29.28
27.992
27.608
35.664
31.872
37.016
36
27.272
29.328
35.184
27.656
28.992
27.704
35.088
37.016
28.896
27.176
29.04
37.064
28.368
27.272
39.936
27.08
33.608
39.792
38.936
37.544
27.992
34.52
28.328
28.376
37.544
28.232
28.04
34.992
29.04
27.752
27.8
35.376
27.848
29.184
29.232
38.744
34.232
34.328
29.184
33.992
40.368
39.32
28.088
29.184
39.656
28.992
37.064
27.848
37.016
29.712
28.184
28.8
28.232
40.608
28.28
28.328
39.896
28.664
27.992
34.28
35.904
27.704
33.992
40.656
35.184
27.656
29.328
40.416
39.368
40.752
28.184
29.04
29.088
33.32
37.016
35.904
33.464
39.032
28.08
27.56
31.968
39.368
39.936
34.424
27.992
35.376
29.184
31.824
29.328
29.376
34.808
40.704
40.136
31.872
37.112
30
41.328
37.208
30.336
28.376
30.192
29.76
29.568
35.856
29.048
31.824
35.576
31.872
28.904
36.48
28.952
41.568
30.576
40.568
35.624
37.352
30.288
29.72
40.808
37.104
28.856
31.872
28.952
30.576
41.952
31.92
41.808
27.32
29.856
36.144
37.016
40.992
39.464
35.28
37.352
27.32
28.656
33.368
27.176
28.992
35.28
33.8
27.608
34.992
33.944
28.8
27.512
32.064
33.8
27.608
39.984
34.136
37.304
27.992
27.56
34.328
39.416
28.184
35.952
28.424
29.52
37.352
29.568
28.76
36.336
37.688
31.824
35.576
30.192
38.024
39.752
28.76
40.656
35.048
36.144
36.192
29.144
37.352
29
28.808
30.384
34.376
27.944
30.048
39.56
37.208
28.376
31.728
28.424
29.136
28.472
28.28
29.52
35.856
29.904
36.192
35.864
41.04
40.232
30.288
30.336
41.424
30.296
29.624
36.152
31.248
40.76
37.776
36.392
31.536
31.104
37.632
30.584
37.112
31.488
30.92
42.336
41.288
38.064
29.72
29.768
32.064
37.016
31.872
30.104
31.92
36.392
31.968
30.44
36.728
30.536
41.624
37.352
30.68
37.208
31.584
31.016
37.544
30.92
43.104
32.4
31.352
31.4
38.736
32.304
38.592
37.352
32.736
31.208
32.304
31.256
32.112
31.112
38.688
37.688
37.256
32.592
32.024
32.072
43.248
31.976
33.12
42.632
31.728
37.88
33.456
43.824
31.256
32.832
31.592
42.92
32.496
37.496
38.832
31.64
32.496
32.832
32.88
31.112
37.4
38.976
32.544
43.872
37.784
31.592
38.12
44.256
32.784
31.976
43.064
32.312
33.216
43.448
31.728
33.648
40.224
32.936
34.272
34.32
32.312
34.128
40.416
38.408
32.216
40.512
38.504
39.888
32.888
33.84
44.072
40.128
45.024
34.512
40.184
37.112
41.088
44.36
35.136
34.088
34.944
31.872
39.704
35.04
33.272
31.728
39.608
35.424
44.696
31.776
34.464
33.848
34.992
41.52
41.328
37.16
34.944
33.608
41.232
35.04
39.752
34.608
33.128
40.944
34.512
34.608
33.56
40.944
33.416
34.752
41.04
40.232
37.16
34.896
34.376
46.032
34.472
46.368
34.04
35.616
40.328
31.824
31.872
36
35.664
35.232
39.704
34.56
37.112
34.368
33.8
46.176
45.608
41.184
33.896
33.944
31.824
45.032
33.56
33.368
44.456
34.512
39.464
39.608
44.984
34.56
34.608
40.328
34.944
41.52
45.032
35.568
31.728
41.856
45.464
41.904
41.808
34.896
33.368
41.184
40.8
33.272
34.608
33.368
31.776
41.184
39.224
40.992
41.088
39.56
34.464
39.656
34.32
40.896
34.752
41.28
34.232
34.848
41
45.936
41.904
41.952
31.92
41.432
35.24
35.856
41.768
42.624
35.336
36.192
37.064
42.152
35.288
31.728
35.336
41.864
36.72
37.112
43.488
35.288
41.576
35.624
42.96
42.768
42.296
46.56
37.016
43.488
45.464
37.296
36.872
36.92
37.632
43.208
37.256
31.776
36.92
38.4
37.112
38.256
44.064
37.016
37.392
43.68
37.488
35.72
37.536
37.344
43.872
35.384
37.2
35.432
35.24
37.056
37.104
31.728
41.624
46.896
35.528
36.384
37.064
36.48
42.632
47.088
36.44
36.488
47.424
36.152
43.968
31.776
37.584
36.056
43.632
35.864
37.112
43.728
37.296
46.568
35.384
36.96
41.912
43.488
31.776
35.288
37.104
40.856
46.232
42.768
35.952
41.384
42.528
35.24
36.096
35.288
47.904
35.336
36.48
35.576
36.432
35.624
48
43.248
43.056
42.056
35.864
36.72
42.392
43.248
36.2
37.056
36.824
37.16
48.336
37.208
44.304
37.256
43.784
44.4
37.592
37.4
37.448
38.64
44.36
38.408
48.864
39.072
48.96
38.36
39.744
39.552
38.504
39.6
31.776
39.504
45.792
38.696
31.92
48.584
49.488
45.936
38.36
49.584
37.256
37.304
40.08
43.4
38.736
48.728
37.544
38.4
37.592
37.16
37.928
38.784
37.976
31.728
49.064
38.12
44.648
38.784
37.736
31.872
45.6
37.832
44.36
31.776
44.456
45.312
44.792
39.216
38.648
45.176
39.552
38.024
46.128
44.84
37.016
50.64
39.224
49.88
39.936
46.224
49.976
40.32
45.08
40.656
44.216
40.512
37.784
40.32
49.592
44.36
39.456
44.552
37.16
39.456
38.408
39.264
38.456
45.792
38.504
38.552
31.728
38.12
39.936
31.728
38.36
39.456
44.648
39.504
51.072
38.504
39.84
45.032
49.928
39.744
45.416
40.128
50.36
46.088
40.752
40.8
39.992
46.28
37.208
41.184
47.472
50.984
37.016
51.936
41.664
51.224
48.24
39.752
42.048
40.896
46.088
47.424
37.496
40.184
37.592
40.848
37.4
45.128
44.936
40.992
37.544
41.04
31.968
44.12
39.696
37.208
31.824
38.264
45.36
31.728
39.456
45.984
38.744
50.64
38.552
39.888
46.176
39.984
44.456
50.928
39.936
37.112
50.12
39.552
45.608
46.08
50.216
39.888
39.848
38.984
47.04
51.648
39.128
40.944
40.08
38.792
46.848
38.408
46.944
44.936
40.512
46.128
45.08
31.776
39.416
40.032
40.08
39.272
50.6
51.696
39.368
37.256
40.752
50.984
45.752
39.08
40.464
44.744
38.36
40.176
40.224
50.216
46.08
45.272
39.696
39.368
39.416
46.512
50.744
31.728
39.752
51.936
40.088
46.424
51.272
52.128
46.808
41.184
37.256
46.904
46.712
41.808
40.28
41.904
46.904
40.712
31.776
40.52
48.144
46.808
41.712
31.728
46.808
48.144
48.192
37.112
48.24
39.32
41.568
51.128
47.184
45.656
40.752
39.464
45.8
40.416
45.656
39.224
40.8
45.512
40.416
45.368
40.368
37.064
40.464
40.272
50.744
46.8
46.848
51.08
40.416
46.328
40.464
37.16
47.28
46.568
41.184
52.752
40.184
48
41.808
40.568
41.664
47.384
52.8
46.472
48.048
31.824
46.808
53.232
32.16
46.904
52.232
53.328
41.904
41.336
47.864
42.528
53.856
47.624
42.96
41.432
42.528
41.48
48.576
40.808
42.384
40.856
31.872
52.424
40.616
42
40.952
48.528
42.336
41.288
47.336
48.432
40.904
40.712
53.568
40.184
37.112
48.528
47
48.336
52.328
52.944
47.336
31.872
41.144
52.52
37.208
42.056
53.472
48.96
41.96
49.104
48.056
49.152
41.624
54.24
49.296
48.248
42.056
54.24
43.248
48.728
37.256
49.872
54.72
50.208
42.2
32.016
42.008
43.824
50.112
48.584
43.92
42.44
48.728
50.064
43.68
48.92
42.968
43.824
43.016
43.872
43.92
43.112
49.64
50.592
54.2
31.728
55.296
43.256
45.264
49.784
45.312
43.592
44.88
32.208
54.248
45.216
50.216
44.552
44.928
44.6
54.728
37.016
55.872
37.016
51.464
45.512
31.728
52.656
44.984
46.464
55.112
45.08
46.416
55.448
46.224
43.88
45.984
43.976
44.832
51.36
44.072
31.824
51.792
44.408
43.976
45.312
56.448
50.36
55.448
31.92
44.456
51.648
44.264
32.256
44.072
45.504
44.168
50.696
44.504
50.792
51.648
44.84
44.648
50.984
45.984
44.936
45.6
45.032
57.168
51.08
52.416
51.128
46.272
37.448
45.656
57.264
52.184
46.512
45.992
52.8
57.648
56.6
37.208
47.28
46.472
47.616
47.424
46.856
58.272
46.664
46.712
54.048
48.096
45.848
45.512
53.328
52.04
46.464
52.992
49.784
55.112
43.88
47.136
44.544
50.312
50.36
45.216
51.504
55.256
45.072
37.304
37.112
55.64
45.216
37.208
45.176
45.552
51.84
45.08
51.128
31.728
46.416
51.464
46.464
37.112
46.512
45.8
45.848
46.704
45.416
37.304
56.312
45.8
46.656
52.568
37.352
53.52
57.744
46.616
47.712
52.904
57.84
46.952
47.808
54.576
47.576
58.128
47.96
54.816
48.296
48.912
37.304
58.56
48.632
37.4
55.536
48.728
58.376
47.96
49.296
54.248
49.104
48.296
55.392
49.2
48.2
31.824
48.248
54.536
49.632
54.344
55.68
48.152
46.28
52.808
46.376
45.944
45.992
46.04
51.896
45.704
37.016
46.656
37.016
56.744
53.04
45.272
52.848
51.8
46.416
45.608
52.944
52.136
52.472
46.04
47.232
37.016
31.92
46.52
54.096
31.824
53.096
47.952
54.24
58.608
54.336
48.192
48
47.808
54.336
37.064
48.144
47.432
54.672
53.96
31.92
47.768
59.088
54.296
49.056
54.344
49.104
47.912
48.2
47.576
49.152
47.624
55.44
53.912
49.056
47.864
54.152
58.848
55.536
48.248
49.104
47.336
31.872
53.624
31.824
49.632
37.016
37.064
48.96
48.152
59.088
54.68
48.816
48.248
55.344
54.632
59.376
58.568
49.584
48.536
49.392
48.584
49.488
47.96
37.064
49.68
49.296
49.344
55.632
55.304
49.68
49.112
55.968
49.16
50.016
49.208
59.904
49.064
58.952
37.4
55.688
50.304
49.496
55.832
50.448
56.216
50.832
37.064
50.312
51.168
51.216
50.408
60.672
50.552
51.648
50.648
60.864
50.696
58.272
37.064
50.072
51.888
50.12
50.216
51.792
50.024
37.112
56.6
51.456
60.248
31.824
50.216
50.312
37.016
51.456
50.504
51.552
51.648
49.64
55.928
57.504
51.072
50.88
50.072
31.776
51.504
51.552
55.832
51.408
51.456
56.168
61.344
49.976
50.592
49.832
50.928
49.64
51.312
49.304
31.728
51.216
57.024
56.88
49.832
50.928
50.976
50.784
37.016
61.632
50.688
50.496
49.448
57.024
50.832
55.544
57.36
49.112
50.928
37.16
49.208
50.544
55.592
31.776
48.968
50.544
56.832
60.584
50.64
50.448
49.16
56.784
49.256
56.64
50.496
49.976
62.352
56.024
50.88
61.112
50.928
50.36
57.216
50.168
50.216
56.504
31.872
56.84
50.168
50.216
56.024
51.84
51.12
50.312
51.168
32.016
63.024
51.552
55.784
58.08
49.592
57.888
49.64
51.216
49.688
31.824
51.072
50.024
50.072
50.168
62.544
56.696
50.024
57.648
56.408
31.92
37.016
62.88
37.112
32.208
57.936
63.024
50.456
51.552
50.264
57.84
51.408
57.696
37.016
56.984
31.872
58.08
57.032
51.888
50.6
51.936
61.928
50.936
52.032
50.84
52.272
50.744
63.36
50.552
31.728
37.4
58.416
57.368
51.984
51.176
37.544
57.992
51.56
51.416
50.744
58.8
52.608
50.36
59.136
50.696
56.504
52.08
62.072
58.176
56.648
62.216
50.984
50.792
51.648
50.504
52.128
56.84
58.416
50.408
52.464
37.064
57.272
63.6
62.36
51.368
63.504
51.656
58.04
59.136
52.992
53.04
58.232
31.968
37.16
64.176
58.568
53.184
37.256
31.872
53.28
63.032
53.328
37.064
31.728
51.272
53.616
37.4
53.664
37.448
58.608
62.936
50.984
58.944
62.552
61.784
52.32
50.312
31.968
50.408
57.984
51.648
62.168
63.264
32.112
58.56
51.888
51.08
58.416
32.304
57.656
58.752
51.224
52.56
51.272
58.848
57.8
31.776
52.704
32.112
51.464
57.512
31.92
51.32
52.656
57.848
59.184
57.896
51.464
57.992
51.56
37.256
51.992
58.04
63.696
53.184
51.656
53.232
51.704
51.032
31.728
53.136
50.936
56.984
57.032
52.128
56.84
58.656
62.648
50.744
62.552
37.16
57.848
52.224
51.464
31.728
64.176
52.704
51.656
31.728
64.416
51.752
53.184
64.512
51.848
31.92
59.568
53.088
64.224
51.416
52.512
52.32
37.112
58.608
57.8
52.656
37.208
62.696
52.752
52.8
53.136
52.808
59.472
64.32
63.272
54.048
63.608
60.144
54.192
51.704
63.272
53.808
60.624
51.992
53.088
52.04
59.616
50.888
59.664
31.872
53.76
37.112
62.84
57.848
31.968
51.656
52.416
52.464
51.752
32.112
51.8
52.896
58.376
59.232
37.112
52.04
31.776
64.464
31.872
53.76
58.472
53.808
37.16
53.376
53.424
58.856
53.472
52.424
53.808
52.52
53.616
31.824
53.76
63.512
53
64.656
31.824
63.896
60.672
53.384
60.72
54.336
37.16
60.48
53.048
65.568
31.776
54.864
53.336
54.672
54.72
59.192
60.768
53.24
54.576
53.096
54.192
52.904
59.24
54.336
59.576
53.144
54
54.336
59.528
53.576
54.48
53.672
31.968
54.816
37.112
52.856
54.912
52.904
59.192
54.288
54.336
64.376
54.528
37.064
54.576
37.016
54.912
59.144
54.96
60.768
53.24
53.856
58.328
65.664
31.872
54.48
57.992
37.16
59.664
52.752
51.704
57.752
31.872
53.28
51.848
53.328
58.376
53.376
58.184
51.512
64.608
51.56
37.208
57.704
51.512
57.8
52.656
52.464
51.416
37.064
51.752
31.728
58.52
52.656
51.608
51.704
59.328
52.944
37.4
31.728
63.608
53.136
32.064
53.472
32.4
65.088
57.464
60.336
51.032
54.384
63.08
53.712
59.04
64.608
51.08
58.656
50.888
52.464
58.272
63.6
57.128
51.744
63.312
57.464
63.36
51.032
51.888
51.08
52.224
57.752
31.776
58.088
59.184
52.752
58.424
52.8
52.848
58.568
53.184
52.376
31.872
31.92
59.192
53.568
60.336
52.088
63.552
58.472
59.808
31.824
62.888
59.472
52.376
53.28
57.464
31.968
50.312
59.616
50.936
51.272
58.128
63.456
57.608
51.416
58.512
52.368
57.608
52.752
52.8
59.088
57.608
52.704
52.512
59.04
52.608
51.8
52.704
58.376
59.232
52.184
53.04
59
53.136
59.384
63.6
63.936
60.624
53.096
59.384
54
53.432
60.768
54.336
62.888
53.384
37.112
54.528
31.776
55.104
61.2
61.248
60.2
55.056
61.584
60.296
55.392
53.624
55.44
37.112
53.96
55.056
53.288
53.336
59.864
53.432
52.76
52.568
52.424
54
52.04
37.208
53.904
58.616
51.944
59.52
57.752
51.56
59.424
51.896
37.304
59.376
58.568
59.712
52.904
64.56
58.952
53.568
53.048
64.704
31.776
53.192
65.088
54.384
54.432
53.192
65.328
64.52
54.816
53.528
60.864
37.064
54.672
31.92
59.768
61.344
37.256
61.152
53.144
54.96
52.712
61.248
59
37.208
64.616
54.192
53.624
53.432
37.016
53.624
53.672
54.672
59.72
31.968
53.528
54.816
31.776
59.912
61.344
31.872
54.008
66.48
61.728
55.056
60.632
66.384
61.824
54.296
55.392
65.384
55.728
54.92
62.016
32.064
62.4
53.912
59.96
62.736
53.768
55.584
60.296
55.632
54.104
54.2
65.576
60.824
61.68
55.536
54.968
61.256
31.776
56.064
61.112
67.392
32.16
60.728
54.296
55.872
54.344
55.968
60.44
55.2
65.672
31.968
60.2
55.056
54.008
61.584
55.392
60.344
54.44
55.344
60.776
55.68
67.056
66.056
55.872
61.544
62.4
37.112
62.448
55.4
56.016
37.448
61.976
62.928
55.88
67.536
62.216
63.312
37.304
57.12
55.592
63.456
61.928
61.976
56.832
55.592
56.688
55.688
56.832
56.928
62.544
62.592
56.16
56.208
62.496
61.688
56.544
55.496
56.592
67.92
61.832
56.928
55.4
61.688
55.736
56.592
55.592
55.928
31.776
55.976
57.072
55.112
63.408
61.976
63.072
55.112
62.928
66.68
68.016
56.832
55.544
56.496
66.968
63.024
61.976
56.88
56.688
66.44
32.016
31.92
57.408
61.544
56.976
55.352
55.4
62.496
55.448
68.064
62.072
55.688
63.264
61.976
57.072
56.928
56.12
61.976
57.072
63.36
57.456
55.976
68.352
56.024
57.36
56.072
57.408
63.456
67.592
68.688
56.6
57.216
67.688
63.744
56.936
57.552
57.08
57.128
31.728
58.272
57.224
58.32
58.464
37.016
63.704
58.56
57.992
58.368
58.04
69.456
58.088
69.6
37.016
69.128
69.984
58.616
59.712
58.664
59.28
65.568
58.76
31.728
60
59.192
59.24
66.336
59.288
60.384
59.336
66.672
37.304
69.512
59.72
31.776
59.768
60.96
58.76
58.568
70.704
60.912
60.96
58.04
64.328
66.384
58.136
59.952
59.52
58.232
31.968
31.824
57.608
69.416
59.472
59.328
58.04
63.848
69.176
59.232
65.76
37.016
63.8
63.608
63.176
59.232
56.984
65.76
63.272
31.968
63.176
57.512
58.368
57.32
58.176
70.032
57.944
37.112
69.56
65.136
65.048
70.224
58.856
58.904
58.712
65
70.752
59.144
31.728
58.952
37.16
60.096
65.768
66.624
65.816
59.624
65.912
59.72
60.672
66.104
65.672
60.576
67.344
66.056
60.104
60.152
71.088
70.28
61.056
60.248
66.776
37.112
60.44
60.248
61.392
37.064
60.632
31.728
68.016
71.904
61.872
67.064
61.728
31.776
72.624
68.832
61.44
67.248
61.056
61.104
70.856
67.632
31.92
61.248
60.816
67.344
59.336
61.152
67.68
61.488
65.96
61.056
71.048
31.824
60.296
67.152
60.96
66.632
60.536
61.632
66.824
60.632
72.768
37.16
68.016
60.776
67.064
61.968
61.16
68.496
62.4
61.112
61.16
68.496
68.544
67.496
62.352
37.064
61.112
73.056
62.352
60.872
61.968
68.016
73.344
37.016
62.112
72.584
31.776
68.072
68.784
61.64
62.592
61.688
31.728
67.592
62.736
62.544
61.736
68.832
72.824
62.072
68.928
62.12
73.776
62.168
37.112
31.728
62.6
62.648
69.744
63.792
62.552
68.84
63.696
63.744
68.456
63.792
62.264
64.176
31.728
61.016
60.824
63.6
60.872
31.728
72.68
63.216
61.208
63.024
61.304
61.352
66.968
74.304
72.536
62.448
67.64
67.688
68.592
72.824
62.4
61.832
61.64
62.784
31.728
61.784
68.312
61.88
74.496
68.408
63.264
67.976
31.872
61.64
31.728
31.776
74.592
63.36
62.072
61.88
69.456
68.408
63.024
68.456
69.312
68.504
32.16
32.208
68.84
68.936
74.64
37.016
62.984
63.936
63.128
37.112
64.032
69.32
62.168
70.368
68.696
31.824
64.032
68.456
62.024
37.16
69.936
62.648
62.264
69.6
68.6
63.696
62.408
63.744
63.6
62.36
68.648
63.504
37.016
70.032
74.024
63.6
63.272
69.56
62.888
31.872
37.064
69.512
70.368
70.464
64.272
64.608
32.016
63.128
75.504
64.992
62.264
32.16
68.792
71.808
68.6
71.616
64.944
62.456
64.272
62.504
63.696
69.128
37.256
63.224
70.08
74.312
63.888
37.16
69.848
31.728
63.944
31.824
71.232
65.04
65.184
64.616
75.6
64.232
31.968
65.856
64.328
72.144
64.376
31.872
70.664
72.24
64.232
71.808
70.856
64.664
64.472
71.808
65.616
64.808
74.744
72.288
65.904
64.856
64.904
72.48
66.528
64.76
66.336
70.808
64.616
64.664
66
64.232
70.76
31.824
71.096
64.52
65.856
71.048
64.856
65.952
64.664
66
74.792
64.808
70.856
66.288
76.512
70.184
66
75.512
65.328
70.52
32.016
64.088
72.144
64.136
72.192
69.944
63.56
63.416
64.8
64.896
62.456
64.752
68.984
76.32
71.088
74.12
63.936
62.504
70.32
68.792
31.968
64.416
69.128
63.744
69.464
63.272
63.888
69.8
64.224
64.656
62.648
64.464
69.176
70.992
63.84
74.552
75.648
69.128
70.512
62.744
31.92
63.888
62.36
68.888
70.224
70.56
37.016
62.6
62.648
63.984
63.792
63.84
74.6
75.504
64.272
69.944
64.32
63.992
31.728
71.136
63.896
32.064
65.472
74.792
65.328
70.04
65.376
37.208
63.656
64.512
63.704
69.992
74.84
71.136
37.064
64.232
75.32
71.048
65.616
75.608
65.808
64.088
65.664
65.712
65.52
75.992
65.328
63.8
63.848
76.944
37.016
65.712
64.184
64.232
64.088
31.728
75.416
71.616
71.808
63.416
65.712
69.944
65.52
65.328
71.376
63.848
63.656
69.944
65.04
75.512
76.368
63.992
65.328
64.04
71.856
64.088
65.664
64.136
65.712
64.232
64.28
76.992
63.704
75.512
70.28
71.616
64.944
64.136
75.8
65.376
64.808
71.712
37.112
65.76
31.776
65
77.424
65.336
66.432
37.064
72.48
76.712
77.376
66.96
67.008
66.576
78.144
66.296
66.912
66.96
66.632
73.248
78.336
66.488
78.672
66.824
67.728
77.72
66.728
74.304
66.104
74.4
66.488
74.544
78.056
31.872
67.44
66.872
79.008
31.776
68.112
67.112
31.728
68.496
66.968
74.544
68.592
74.88
72.632
31.728
66.44
80.016
31.824
66.776
68.352
67.92
74.256
78.488
74.592
79.44
67.592
68.688
74.12
31.776
68.544
31.872
75.36
68.736
66.488
31.824
72.776
69.072
66.824
32.16
66.872
69.168
73.16
75.456
67.208
68.544
66.776
67.16
31.776
66.968
79.632
67.064
74.88
66.872
73.4
74.784
78.68
68.496
67.688
68.304
79.872
67.544
68.64
67.64
37.064
69.024
67.784
75.36
75.216
69.264
31.872
68.264
69.12
69.168
74.12
69.216
79.208
75.504
69.12
79.352
68.6
74.888
31.728
37.256
69.936
69.224
69.984
69.272
37.4
80.168
69.464
70.608
69.8
70.656
70.704
37.112
31.872
79.64
76.56
69.608
31.968
79.4
31.776
68.408
70.704
68.504
70.08
68.072
75.984
78.392
31.728
67.4
69.216
67.448
69.264
68.352
74.88
31.728
66.248
68.784
66.296
74.832
68.16
66.392
68.208
65.768
31.776
67.632
77.384
72.392
73.488
77.72
66.864
31.776
77.48
67.296
66.248
67.104
77.576
66.912
73.44
66.632
67.872
32.016
67.824
74.112
78.488
79.44
68.448
79.776
67.112
75.024
73.64
32.112
67.208
68.64
78.776
68.688
74.024
79.112
74.648
68.216
74.552
69.408
37.4
79.496
76.032
74.792
75.888
68.6
69.696
79.448
31.824
68.456
69.792
68.504
68.072
68.12
79.448
73.496
67.304
66.68
66.104
74.16
68.016
67.824
66.536
66.584
79.2
73.728
72.92
79.056
66.248
66.584
67.68
66.632
74.064
78.104
73.112
74.448
74.256
66.728
74.304
66.824
37.112
67.968
73.4
31.776
67.448
74.544
73.496
68.496
79.632
67.064
68.88
67.112
68.928
66.92
75.216
74.544
67.016
67.352
68.256
31.728
67.256
74.736
37.304
74.072
74.928
67.88
68.736
67.928
67.256
37.304
66.632
78.008
74.304
66.296
68.112
66.344
31.92
66.392
67.728
66.44
78.008
67.112
67.16
67.208
68.064
37.256
79.632
66.872
66.44
72.968
68.544
78.056
68.352
66.92
67.016
68.112
68.16
78.392
79.776
66.968
80.112
66.824
66.872
68.208
68.064
78.344
79.728
78.68
68.016
67.824
78.584
68.16
31.968
74.256
77.768
79.824
72.536
67.2
67.248
65.96
66.008
66.056
67.632
66.104
73.92
66.2
77.768
37.256
72.824
73.68
77.912
37.064
67.824
66.632
73.16
73.352
68.208
67.448
31.728
68.256
73.592
79.488
73.64
74.784
68.352
68.496
79.824
37.112
75.072
67.16
68.16
73.352
74.688
67.4
68.496
78.728
67.256
68.352
78.92
74.592
74.64
66.632
78.2
68.736
68.544
31.872
68.64
73.16
68.016
32.064
37.064
74.592
73.352
74.64
78.44
68.448
37.208
68.256
67.736
68.304
67.784
31.776
69.024
73.64
78.728
68.592
68.4
79.4
74.408
75.024
68.216
37.064
68.88
79.832
68.84
74.648
68.456
75.888
68.84
75.128
76.032
70.08
75.56
69.128
70.464
76.752
74.984
70.32
69.032
69.08
69.984
74.984
69.936
64.328
76.224
63.464
75.12
69.752
75.168
76.224
62.984
70.848
64.656
70.944
64.32
69.272
31.968
74.6
64.416
68.888
70.944
70.992
37.064
32.16
37.112
64.608
69.56
63.368
63.744
63.176
75.552
64.416
74.696
70.752
63.704
64.32
37.112
75.648
70.52
64.656
64.424
65.328
64.76
65.376
70.568
71.664
64.376
64.424
72
37.016
64.904
72
37.16
31.728
75.368
72.336
65.576
76.704
72.432
37.112
66.48
37.016
75.944
76.944
66.632
73.392
37.4
67.44
73.208
67.256
37.544
66.632
37.16
67.68
66.248
66.296
74.016
66.104
66.152
72.44
66.008
66.056
65.864
31.824
72.392
73.392
31.92
72.584
76.232
66.68
66.008
67.344
66.056
65.384
31.728
73.296
37.016
66.864
73.152
64.568
31.92
63.896
73.488
37.064
32.256
64.232
67.104
66.672
73.2
64.136
71.52
76.848
65.856
71.048
65.096
71.712
65.144
77.04
64.952
66.048
65.048
71.576
71.432
77.568
65
66.192
37.16
65.672
76.52
72.816
66.008
66.624
73.152
66.44
72.488
73.584
78.192
77.144
67.92
66.632
31.968
66.728
67.584
66.776
66.632
67.968
72.68
31.776
72.296
67.872
77.432
65.96
67.296
77.576
67.392
66.344
66.152
31.728
37.016
67.536
73.728
67.536
73.448
73.824
79.152
67.064
67.92
79.488
31.824
66.728
68.352
73.304
68.4
37.112
74.448
78.68
67.688
79.824
67.736
79.064
68.64
66.68
37.208
74.4
31.968
67.776
66.008
74.304
37.016
67.872
67.68
65.672
74.208
66.008
67.344
73.152
78.768
66.68
66.488
78.864
67.632
78.96
37.016
73.544
31.872
74.4
68.208
37.064
67.112
68.208
68.016
66.968
74.544
37.112
68.16
78.2
31.968
68.496
67.208
68.304
67.256
68.352
67.352
74.928
78.056
68.592
68.448
72.92
68.496
67.632
73.304
79.68
37.112
67.16
68.256
73.688
68.304
67.256
78.344
67.4
68.496
67.448
73.736
78.824
68.88
67.832
31.776
37.016
68.504
66.44
69.456
66.488
68.592
37.064
31.92
73.112
75.168
67.16
32.016
67.824
37.016
74.448
73.4
68.256
31.824
68.592
66.824
79.68
37.112
68.448
67.16
68.016
67.208
68.064
67.016
37.064
68.256
73.352
67.16
68.352
73.688
79.92
66.872
31.968
66.2
66.248
37.256
68.112
66.584
31.92
37.592
73.16
67.208
66.344
78.152
67.728
37.16
74.256
66.968
67.584
78.296
66.824
78.152
68.016
78.488
73.496
73.832
67.968
73.64
68.592
67.784
67.88
80.016
75.264
80.16
79.352
68.976
75.504
69.312
69.648
68.736
67.448
75.264
67.496
69.072
67.304
68.4
66.488
66.824
68.4
73.112
68.208
78.2
74.304
66.776
37.064
37.112
66.68
68.736
66.536
67.872
78.104
74.16
66.872
78.44
74.016
72.728
66.104
66.152
79.344
77.096
31.728
65.624
67.008
37.016
67.056
65.864
77.384
73.44
37.112
77.72
73.296
37.208
66.864
66.344
72.392
73.488
72.2
31.776
67.584
66.296
74.112
66.344
31.92
31.824
72.92
78.912
31.728
73.256
31.776
74.304
31.872
67.92
79.152
67.544
68.4
78.152
68.448
74.736
68.784
67.736
74.024
69.168
68.976
78.488
31.728
68.024
69.456
69.264
74.6
75.984
68.456
75.84
74.6
69.696
68.408
69.312
75.84
75.032
37.016
69.504
80.112
31.776
70.224
68.12
70.272
69.6
68.504
69.696
37.352
31.824
37.16
69.552
79.688
31.92
74.696
76.128
68.264
32.256
74.552
69.744
68.36
68.168
67.976
68.024
31.728
67.832
37.4
68.168
74.216
68.024
68.072
68.928
65.768
65.096
64.904
68.4
74.208
65
64.328
76.136
66.24
70.712
31.728
64.568
72.432
64.952
65.808
71.24
76.088
65.904
72.192
65.48
31.776
66.864
72.056
73.152
66.104
66.72
37.112
65.72
77.856
72.248
31.824
66.056
31.728
65.864
65.912
76.808
65.816
66.72
31.968
73.536
78.432
66.344
73.92
66.392
67.728
66.2
74.016
67.824
72.824
67.536
73.448
78.624
77.816
31.776
67.544
79.104
68.592
73.688
73.736
74.64
68.448
67.736
79.632
67.304
68.88
31.968
37.016
69.216
69.264
32.112
67.544
75.12
73.352
68.928
68.976
72.968
32.064
66.776
69.072
37.304
67.112
68.448
73.4
66.776
73.304
67.968
66.68
79.776
72.968
66.824
67.92
66.632
66.44
66.248
68.064
72.776
66.584
66.488
31.728
65.864
74.16
79.248
79.344
66.056
77.624
67.2
65.672
67.008
65.72
73.296
77.528
65.144
71.672
77.048
66.624
66.768
67.104
64.616
66.192
66
76.232
72.528
77.376
37.16
65.288
65.712
65.144
76.472
72.288
65.48
71.528
72.624
31.728
65.192
65.528
66.624
72.912
65.144
78.048
77.048
66.384
31.872
76.904
78.24
65.432
66.528
72.008
66.624
72.344
73.248
66.248
67.104
31.728
67.536
67.584
66.92
67.584
72.776
73.872
78.48
73.16
68.256
67.208
73.496
67.872
78.72
67.592
31.968
73.64
67.448
37.256
78.912
37.304
72.68
31.728
68.064
67.632
37.016
74.16
66.824
78.152
67.776
67.16
67.824
67.112
37.016
68.016
66.344
68.064
77.672
74.352
65.96
73.728
72.44
72.488
72.056
31.776
65.624
67.2
72.2
65.768
65.576
66.96
77.192
65.72
31.728
71.576
67.056
65.384
65.432
65.24
77.856
65.576
31.728
76.904
73.056
72.008
66.96
66.392
67.008
72.68
67.344
77.336
73.632
73.304
37.352
73.64
68.016
67.784
68.64
67.832
37.16
68.976
68.168
78.864
78.296
68.312
79.248
37.16
68.168
74.696
69.552
68.504
69.648
68.12
73.688
31.728
67.016
76.32
78.392
66.92
67.256
68.112
37.016
66.824
74.496
78.536
68.592
78.152
67.968
72.92
68.016
37.208
72.776
68.112
67.584
74.112
31.92
68.208
67.16
74.736
78.008
68.304
37.016
74.832
73.784
68.64
66.872
68.688
73.688
68.592
67.544
31.92
79.488
37.016
67.784
75.024
67.976
68.88
67.832
74.36
80.016
68.168
31.776
37.256
75.744
68.888
75.984
74.456
69.84
37.016
68.504
74.168
69.552
79.544
67.832
69.408
74.12
68.168
75.264
37.016
68.504
79.592
74.408
69.504
37.208
69.168
68.456
69.264
75.552
74.504
69.408
69.456
68.648
31.824
69.552
68.744
69.6
68.552
76.128
74.84
69.984
75.224
31.776
68.84
70.176
37.208
76.464
31.872
76.56
70.176
75.984
66.192
69.224
63.84
70.128
64.176
64.224
64.56
70.848
64.656
64.464
70.992
64.8
64.848
71.376
75.744
64.616
65.472
74.984
72
64.712
76.128
75.08
65.856
63.608
32.064
63.656
31.728
63.512
63.32
37.208
31.728
74.936
64.896
69.944
32.064
64.416
63.368
65.04
65.088
37.016
64.704
70.136
64.752
76.32
63.752
64.848
32.016
76.944
70.376
65.472
65.088
76.656
69.896
65.472
37.304
72
75.512
65.328
63.56
31.776
65.664
69.896
32.112
64.608
37.112
76.176
64.52
63.656
65.232
75.464
71.52
37.016
65.136
64.184
65.28
64.472
77.088
70.76
37.208
71.904
65.096
77.232
65.144
64.76
66.192
63.704
66.24
63.512
69.8
72.336
63.848
72.144
63.464
63.56
76.464
37.016
31.872
70.184
64.8
64.896
75.416
76.512
63.944
64.8
75.512
64.848
64.896
31.824
64.136
70.664
71.568
32.016
64.328
65.664
75.896
72
65.808
65.288
65.336
72.672
66.24
73.008
65.48
66.432
65.864
72.96
65.912
31.968
65.96
73.296
31.824
72.296
73.632
65.864
72.392
37.208
67.296
66.296
72.392
67.488
66.008
77.424
67.392
65.192
31.728
64.76
67.776
67.104
66.672
64.904
64.952
71.24
66.096
65.288
77.664
37.016
65.192
66.624
65.096
66.672
71.624
72.528
65.72
77.856
65.816
72.104
78.24
66.152
66.2
73.296
78.336
74.064
66.536
68.112
74.4
67.488
66.92
74.016
74.352
66.344
68.16
72.152
74.496
65.768
68.544
37.064
66.152
67.248
65.96
31.776
67.344
64.904
66.528
66.576
66.144
31.728
65.856
76.232
72.144
66.192
64.808
66.24
64.616
66.288
64.424
64.472
72.288
64.52
70.808
64.424
76.232
64.28
64.088
31.728
66.096
75.704
76.088
65.424
64.856
65.52
72.048
37.016
66.192
71.624
66
65.672
77.568
72.576
65.528
66.624
72.056
37.064
65.912
73.248
65.96
72.056
78
65.912
37.16
67.056
77.048
31.824
66.296
67.152
72.824
65.432
65.768
73.872
73.248
67.104
66.912
65.864
66.96
37.112
66.768
65.72
66.816
77.048
73.104
65.576
65.624
73.2
65.192
77
65.288
71.816
65.624
65.672
77.048
73.248
65.48
37.208
66.864
66.672
66.72
65.672
73.056
67.104
31.872
67.2
66.632
31.728
78.816
73.824
78.912
68.16
67.488
67.536
67.344
78.912
67.68
77.672
31.728
72.68
68.016
68.064
73.016
67.632
67.44
67.776
68.112
66.584
68.16
68.208
67.776
66.968
79.344
79.44
68.208
73.928
68.304
31.872
68.024
74.88
79.968
69.216
68.408
69.264
68.456
68.504
69.36
79.968
79.16
37.208
69.84
67.832
67.88
69.456
74.168
75.744
67.736
69.552
67.784
31.776
67.832
67.88
67.448
79.256
67.352
78.968
68.592
73.784
37.016
31.824
74.168
68.592
37.016
32.16
68.928
32.016
69.264
74.648
69.312
69.36
69.168
74.84
75.984
68.216
69.792
69.6
74.552
69.936
74.456
69.312
79.304
75.888
68.6
69.696
79.448
69.84
76.224
68.696
70.032
74.984
76.56
70.128
68.6
69.936
68.456
70.32
37.016
69.936
76.032
37.016
70.08
69.888
66.92
31.776
65.768
70.224
76.272
65.144
69.84
65.192
76.368
64.04
78.384
70.712
65.376
64.808
32.064
65.472
64.424
77.28
77.088
71.048
65.904
71.144
72
64.952
65.808
64.568
65.904
64.904
72.768
65
37.208
72.144
76.136
66.24
64.952
31.728
72.576
37.352
65.096
66.672
71.624
72.768
65
77.616
71.288
66.72
65
37.208
72.384
65.336
66.192
64.904
77.76
71.432
76.328
65.336
71.384
66.24
37.112
66.288
65.48
31.776
71.768
31.824
76.664
65.912
71.96
66.576
65.768
31.824
65.816
73.392
31.92
71.96
65.768
31.776
76.856
66.912
72.584
31.92
66.152
67.008
66.296
67.488
67.536
66.296
73.872
67.44
66.632
31.968
66.2
67.776
37.208
67.824
77.576
32.112
77.624
74.16
32.208
72.92
72.488
67.584
67.92
77.912
66.44
66.488
67.584
66.536
67.632
66.872
66.44
66.776
79.392
66.824
37.112
67.16
74.256
78.488
67.496
31.728
73.592
67.64
73.928
68.544
79.632
37.016
68.544
67.736
68.352
74.88
68.688
37.016
75.216
68.112
67.92
66.632
67.968
66.68
67.776
72.488
67.824
67.872
66.344
66.392
72.92
79.344
73.256
66.872
66.92
68.016
66.968
32.064
68.112
37.16
31.728
73.88
78.488
74.544
74.216
68.592
74.264
79.44
67.448
67.496
67.064
75.36
74.928
67.16
74.64
67.592
74.736
67.208
68.544
75.072
68.928
72.968
68.544
68.592
66.824
68.4
73.352
31.968
37.16
68.256
67.448
32.304
67.256
74.592
79.584
73.256
31.872
68.4
67.352
74.928
67.4
68.736
37.208
68.544
67.736
32.112
68.88
37.064
31.968
68.072
79.16
75.024
79.872
67.832
37.16
69.456
74.408
69.504
37.016
69.552
73.064
68.256
80.064
79.92
67.968
74.256
68.304
67.152
67.2
79.008
67.536
66.488
79.104
72.776
67.872
77.864
67.44
73.968
67.16
67.208
31.776
68.544
67.592
66.968
79.584
67.016
75.072
74.928
31.824
67.448
68.112
37.016
74.4
67.304
79.728
73.832
37.4
74.784
67.256
73.544
79.968
73.88
68.976
67.448
67.496
37.304
68.64
79.592
68.12
31.776
79.448
67.976
37.064
74.072
69.168
67.64
73.688
67.016
69.072
66.824
31.776
65.816
71.384
67.2
65.192
73.488
71.48
67.056
65.096
71.624
37.112
66.576
65.96
77.288
72.536
78
77.624
31.968
72.92
67.92
66.632
74.016
73.824
73.256
79.152
72.872
74.208
68.016
74.592
72.584
66.392
67.968
66.44
74.496
72.728
68.064
31.776
66.728
68.064
68.112
72.584
79.44
66.392
74.688
37.16
66.248
67.344
72.536
66.584
66.632
77.96
78.008
74.208
73.208
74.544
68.352
66.824
79.68
68.208
37.208
68.064
78.536
32.064
73.592
68.112
79.68
78.968
68.208
73.976
68.352
74.024
68.448
79.208
74.216
37.064
68.88
68.312
68.928
37.16
79.688
31.728
68.936
69.552
79.592
68.36
69.984
68.216
70.032
74.504
31.776
76.224
32.112
31.92
69.648
68.36
69.696
68.408
69.504
74.696
76.032
69.84
69.888
69.792
74.264
31.92
69.272
69.888
63.08
64.176
63.128
64.224
70.512
63.464
74.792
31.776
75.744
75.224
71.328
70.28
65.376
63.848
71.184
65.04
37.016
62.84
69.368
71.424
64.752
62.744
64.32
37.112
74.84
63.368
64.224
69.656
63.464
63.512
70.608
74.84
63.608
63.944
37.112
71.184
75.176
64.184
65.04
64.848
70.52
32.016
37.016
71.424
32.112
64.664
65.52
71.48
76.656
37.208
66.144
77.04
72.576
64.808
66.144
72.432
72.24
64.472
66.048
65.664
72.192
75.464
63.992
72.048
64.04
77.376
66.144
64.184
70.472
64.52
31.776
64.568
65.664
71.952
65.288
76.944
71.576
66.192
37.064
66.24
72.528
65.24
76.088
66.912
66.72
71.24
73.344
63.896
73.392
67.2
64.28
72.336
63.848
76.992
31.92
72.048
63.8
76.944
63.896
65.232
75.464
65.28
63.752
63.8
76.656
64.136
64.472
31.776
71.904
76.992
65.808
71
72.336
37.208
65.664
64.856
72.432
71.624
72.24
64.952
65.288
65.624
77.04
73.008
65.768
31.776
65.816
77.664
76.424
66.96
66.152
73.248
37.064
77.144
66.392
78.048
72.92
67.536
66.728
32.064
74.352
66.104
72.392
65.96
37.016
67.824
66.632
66.68
78.576
65.768
74.064
78.912
66.104
66.152
66.008
78.864
37.064
65.672
67.488
65.24
71.768
67.104
71.816
65.624
78.24
37.112
31.728
65.816
65.864
66.96
76.952
67.008
67.056
66.344
73.488
67.776
72.008
73.824
65.816
65.624
67.2
71.912
78.528
65.528
72.104
31.728
73.296
77.24
66.008
78.384
66.104
73.2
37.352
66.2
37.448
67.344
66.296
37.544
31.776
72.632
66.68
78.816
66.488
73.584
37.256
67.632
66.824
74.304
72.776
31.872
66.344
68.16
67.968
74.256
72.824
74.16
66.872
67.488
73.776
67.824
67.064
66.872
74.448
73.16
68.256
68.304
73.352
67.4
68.016
79.104
68.352
78.44
68.736
68.544
37.112
79.392
74.36
75.12
68.408
37.112
69.216
75.6
68.312
31.968
75.936
67.928
69.504
69.552
76.08
68.072
75.408
68.12
31.776
69.024
73.256
75.312
67.064
68.976
67.016
73.304
68.4
68.208
32.016
80.064
67.256
31.776
73.544
68.544
67.592
75.072
68.88
78.728
31.728
73.736
79.064
75.168
67.4
32.016
37.016
31.968
69.12
73.88
75.216
68.784
75.072
67.112
73.4
75.216
68.544
67.496
74.592
67.64
68.736
80.112
67.544
68.88
74.976
37.304
68.784
37.112
74.36
75.36
75.408
74.36
68.976
75.504
74.456
69.36
68.312
68.36
74.936
69.552
74.984
68.552
37.16
69.696
75.368
67.544
69.216
31.824
76.032
68.4
73.352
74.688
68.256
37.112
68.304
37.16
68.352
67.064
68.496
66.968
68.304
78.056
68.4
78.392
31.728
68.496
67.872
73.064
78.392
67.728
67.4
79.536
73.688
68.064
78.776
68.024
74.072
79.16
67.928
67.496
74.024
74.072
37.16
79.304
67.832
69.456
69.504
79.256
75.648
68.12
68.736
31.824
67.976
31.872
75.84
75.888
69.456
74.408
68.456
69.312
69.36
68.792
69.408
75.08
75.176
76.032
68.024
31.728
79.4
70.416
74.648
75.6
67.64
31.872
69.36
75.888
75.936
72.632
78.2
68.976
72.968
75.264
66.536
67.872
73.064
72.056
68.16
65.672
74.448
72.2
67.536
71.768
71.336
73.392
64.904
37.352
76.76
65.288
65.336
65.384
72.72
37.064
65.912
71.72
72.96
77.432
65.768
31.776
37.256
78.624
65.624
67.152
72.152
73.728
71.96
77.288
67.104
72.392
66.248
67.344
67.152
72.824
66.152
73.728
65
71.528
67.584
78.144
73.152
78.24
72.632
67.248
37.16
73.776
66.248
67.584
78.672
71.864
31.776
65
67.104
66.912
66.48
65.192
72.816
71.288
66.624
76.616
73.152
31.728
73.056
76.808
65.816
66.432
72.96
31.968
77.24
67.056
66.056
66.912
71.864
73.44
77.432
71.96
67.296
72.056
37.064
65.912
77.72
67.056
65.768
73.728
66.44
73.584
67.392
73.92
66.872
67.536
31.824
78.296
79.152
37.064
74.64
78.392
79.248
67.4
68.256
67.448
68.592
67.784
67.352
73.64
73.688
75.024
31.728
74.024
67.832
31.824
67.88
68.784
78.776
68.264
68.312
79.16
69.216
37.208
75.224
69.272
69.32
76.176
70.224
69.224
31.776
79.352
70.656
70.704
69.416
69.752
76.848
70.656
75.368
37.256
76.992
68.984
69.032
76.608
68.6
79.448
70.464
68.744
68.792
68.168
69.984
68.072
75.648
68.12
69.264
68.216
69.312
67.832
67.88
69.456
67.928
69.072
68.312
68.36
31.776
69.264
68.456
75.552
37.064
37.112
69.696
74.6
67.688
69.312
74.216
75.6
66.632
31.872
73.16
31.92
66.968
37.256
69.072
67.304
67.16
74.784
68.64
67.16
68.496
68.544
68.592
68.64
79.776
66.488
75.264
73.016
31.872
66.104
75.12
32.208
66.2
69.216
66.248
68.784
66.296
72.584
73.92
66.2
66.296
67.92
72.68
67.536
32.064
31.872
73.064
74.16
66.872
67.728
73.16
67.776
31.824
74.592
37.16
68.496
67.448
74.784
73.736
68.832
67.784
68.64
74.072
75.168
67.928
67.976
37.304
37.352
75.408
68.12
67.688
37.256
69.072
74.504
37.592
68.928
68.6
68.648
31.968
68.696
67.064
66.872
69.456
31.824
69.072
31.92
74.448
73.64
68.256
67.688
68.304
74.592
68.64
66.968
69.024
78.056
79.152
67.304
68.4
68.448
66.68
66.728
31.824
73.064
68.16
67.16
68.064
66.776
68.4
78.392
66.92
74.736
66.968
78.536
68.112
37.016
37.064
68.592
67.304
74.88
37.112
31.968
68.736
67.448
68.784
73.976
68.832
31.92
74.12
69.216
73.544
31.92
67.112
69.408
73.64
68.736
67.448
73.784
78.872
67.88
67.688
68.544
67.736
67.4
75.312
69.12
74.544
31.872
68.64
68.688
73.4
74.976
74.544
74.592
67.544
68.4
37.112
74.928
37.16
68.496
67.928
79.584
73.976
37.064
68.88
78.632
68.12
68.736
69.072
68.312
68.36
75.696
32.064
69.792
69.84
68.792
37.16
75.936
75.368
69.744
76.272
67.784
67.16
75.456
78.248
69.264
77.624
69.12
31.968
72.44
67.824
67.44
78.152
67.776
79.104
37.112
67.632
66.44
78.248
31.776
73.256
74.544
68.112
67.016
37.064
67.112
67.968
67.16
74.496
31.824
78.536
79.632
67.064
65.432
65.24
74.976
37.208
77.096
65.432
37.16
66.336
65.336
73.152
65.384
77.192
73.248
78.096
37.016
66.344
73.248
66.44
78.576
72.728
67.632
67.68
31.728
66.44
68.064
67.392
73.92
73.352
66.92
74.256
79.104
78.056
74.592
67.304
31.872
31.728
74.976
37.064
68.312
79.44
75.408
69.216
68.648
75.504
68.456
31.728
69.696
75.032
79.824
79.208
80.112
69.464
31.92
69.272
70.128
69.08
76.944
31.728
31.776
69.936
75.984
69.312
69.12
69.168
69.216
69.024
37.064
68.832
68.88
68.312
75.168
68.36
31.776
74.408
69.504
68.696
69.552
68.744
75.84
68.6
79.208
31.776
68.936
68.984
76.08
75.08
37.208
31.776
68.936
75.464
70.08
68.552
74.6
76.416
37.016
69.456
69.024
68.832
79.544
68.88
68.928
69.264
71.816
69.12
69.168
74.496
31.824
63.896
72.672
75.464
66.48
64.232
65.328
65.136
70.952
65.088
70.76
71.616
64.568
76.944
65.712
31.92
64.712
31.824
37.16
31.872
65.048
77.28
76.136
72.288
71.672
71.72
72.336
72.056
66.432
71.72
66.816
71.768
76.616
77.712
37.064
67.44
65.432
65.48
77.048
65.336
71.528
66.144
31.872
65.624
72.96
66.768
66.816
72.008
66.864
66.296
77.76
31.968
65.48
67.536
37.208
66.912
66.96
66.816
32.064
73.632
66.344
73.44
67.248
78.576
66.728
74.064
67.872
67.064
74.16
67.968
31.776
74.304
77.144
74.64
31.968
68.016
32.304
37.064
67.872
73.112
67.92
67.968
74.256
68.064
79.152
68.16
74.208
79.296
66.728
68.304
78.056
68.352
67.064
68.16
67.112
67.968
37.16
73.448
73.496
67.064
68.448
66.488
72.776
67.92
67.728
66.68
31.776
78.008
66.536
67.632
74.16
65.816
67.392
67.44
67.008
72.2
78.576
65.768
72.296
67.152
66.104
78.48
66.488
67.44
66.392
73.728
37.016
67.344
73.872
37.016
78.768
67.16
74.496
31.824
68.592
66.584
68.64
73.112
32.208
66.92
75.216
32.304
73.256
74.832
67.304
68.64
72.92
68.256
66.728
66.776
31.728
66.824
74.496
66.872
73.208
67.968
72.68
37.208
67.824
66.536
67.872
73.064
74.16
66.872
66.68
66.488
37.496
31.728
67.536
77.768
73.824
67.016
67.872
37.112
67.68
73.64
74.208
67.448
67.256
67.304
74.832
73.592
31.776
37.064
68.88
67.832
79.488
67.88
69.216
69.264
68.216
69.072
31.728
67.928
75.696
74.216
69.552
68.264
69.36
68.312
69.408
78.296
68.264
37.112
69.648
68.6
75.696
37.208
66.632
68.688
78.44
68.256
74.784
67.016
68.112
77.72
31.728
66.248
68.496
72.776
67.872
66.584
67.2
66.152
72.776
37.016
31.728
65.96
74.256
32.064
37.112
68.352
32.16
74.208
66.68
67.776
66.728
32.304
37.016
74.112
67.064
32.64
66.872
68.448
72.68
68.496
37.208
79.824
67.016
32.112
66.824
31.92
66.392
67.968
65.96
31.776
77.288
79.584
67.104
77.816
73.632
78.96
67.728
67.16
32.016
67.208
74.304
31.872
66.824
68.4
37.112
74.928
67.16
67.208
68.064
72.824
31.728
78.152
67.776
78.488
67.584
67.304
78.632
68.208
68.544
79.016
73.832
68.928
67.64
75.216
68.592
78.44
74.016
67.208
79.344
31.872
68.4
67.112
74.928
67.448
68.304
68.352
74.024
66.872
79.968
37.064
66.872
67.728
66.2
74.256
72.728
66.296
74.592
67.92
77.912
32.208
78.248
74.112
73.304
67.968
67.4
31.824
68.352
78.344
68.64
66.872
31.728
67.208
68.976
67.256
68.304
73.544
37.16
79.968
66.968
37.496
66.824
68.88
72.872
66.68
67.824
67.872
77.912
66.44
68.016
67.584
67.632
73.304
31.92
67.776
79.584
78.776
68.024
79.92
68.072
68.688
78.92
75.216
31.776
79.352
69.456
74.168
69.552
37.064
69.168
69.504
67.496
75.792
79.304
69.36
69.168
37.256
75.696
68.264
68.312
79.64
75.6
68.168
67.208
73.496
69.36
69.408
64.52
31.776
70.808
64.856
66.432
31.92
71.432
73.008
65.48
65.528
65.576
77.472
71.576
66.432
78
37.016
66.768
65.384
73.296
71.528
66.672
71.624
66.528
31.728
67.056
66.48
37.064
66.288
64.472
65.856
70.76
65.904
64.376
65.712
64.424
37.256
71.856
70.904
64.712
64.76
72
66.048
64.616
71.144
65.76
31.728
66.096
64.568
72.384
66
66.048
61.4
73.208
63.984
62.832
62.88
61.4
37.208
63.024
73.016
74.112
74.16
62.496
68.408
69.072
68.744
74.4
63.408
62.36
62.408
74.784
73.736
37.304
69.84
69.512
37.64
63.128
37.016
75.36
69.224
62.792
63.696
69.08
31.824
37.064
75.792
62.792
75.456
69.608
64.464
31.872
75.6
70.848
62.84
74.648
31.728
69.416
70.896
75.744
75.032
64.272
69.8
37.208
70.752
62.84
64.416
62.888
76.224
69.416
70.992
63.224
70.8
69.272
37.16
63.368
74.696
69.704
64.176
62.888
62.936
69.224
71.04
74.552
70.848
69.848
37.256
63.944
64.848
64.04
71.472
76.32
37.064
76.416
72.144
71.096
65.952
64.664
72.24
72.048
65.856
37.016
70.424
65.52
31.728
72.336
71.904
77.232
64.664
71.76
31.968
72.096
64.568
65.904
72.432
77.28
65.808
31.776
76.328
65.904
72.192
71.624
66.24
37.112
66.288
76.28
65.768
31.728
72.296
66.816
66.72
72.2
31.92
66.248
66.296
31.776
66.344
67.344
32.112
72.44
67.68
72.776
72.824
78.24
72.2
67.536
65.816
65.144
67.2
67.296
72
65.808
64.28
77.376
76.088
65.904
63.896
77.712
75.704
66.24
70.712
64.04
37.208
70.664
64.472
71.856
65.424
37.016
64.904
31.824
65.808
71.24
72.096
31.728
75.896
72.576
65.384
66.144
76.232
66.336
76.568
76.424
64.952
66.048
71.24
76.808
66.144
65.576
37.304
72.056
66.912
65.864
73.2
65.912
66.768
65.72
73.296
65.768
65.336
77.24
66.008
78.432
31.92
77.432
67.248
66.2
77.768
67.104
66.536
31.872
73.68
66.872
66.968
31.728
66.536
74.496
66.584
68.208
37.064
67.064
67.92
78.392
79.488
67.16
68.256
68.304
78.776
67.16
68.496
66.968
78.776
68.112
37.304
74.64
67.592
67.16
66.968
66.776
66.872
79.728
37.016
74.352
67.968
79.776
68.304
67.256
68.112
66.824
67.92
74.448
67.16
31.776
66.728
80.064
74.64
67.4
79.824
67.736
74.832
68.64
68.072
68.12
74.976
75.312
74.312
69.456
75.504
69.552
69.168
69.216
74.784
37.112
68.352
67.4
80.16
67.208
74.688
67.016
68.256
74.544
67.016
66.824
80.016
67.016
31.728
67.064
68.016
73.592
79.824
74.592
73.256
67.064
68.208
67.4
68.256
73.736
74.88
67.592
68.736
69.072
68.928
74.976
66.248
68.304
68.352
37.016
79.44
67.968
79.104
66.536
73.872
67.68
66.872
74.208
72.44
31.776
66.248
68.304
66.296
32.112
66.344
74.64
77.912
72.92
66.968
31.728
37.256
78.584
73.832
78.68
67.448
31.728
31.728
67.784
67.832
69.168
67.88
75.024
37.016
67.544
68.976
75.504
67.736
31.872
73.544
68.88
31.728
75.696
69.504
73.976
31.776
80.064
31.872
73.4
69.12
75.648
68.496
67.064
68.544
78.872
37.16
67.688
68.784
67.736
37.064
68.072
74.976
67.976
31.728
75.456
79.352
67.88
69.216
67.928
74.456
69.072
68.264
74.792
37.016
31.728
79.544
69.032
69.888
76.416
75.368
37.256
68.264
70.32
70.368
67.64
70.464
73.496
69.6
67.4
68.256
67.016
68.592
66.824
74.88
37.112
31.968
80.016
78.488
32.064
67.016
78.824
68.16
37.208
74.448
73.928
67.736
74.88
79.112
68.688
67.88
74.408
74.456
75.552
74.792
68.6
68.456
69.552
74.984
31.776
37.016
75.936
68.984
79.304
70.08
70.128
69.08
31.776
76.224
69.224
70.32
37.112
75.56
70.416
76.704
79.496
37.304
70.56
70.232
70.896
70.328
70.136
69.944
71.28
77.568
70.28
32.016
76.568
31.824
70.472
77.952
32.16
32.208
71.856
70.904
71.904
70.712
31.872
78.24
72.288
72.336
68.312
71.808
68.36
78.336
74.648
72.144
37.016
77.952
67.784
79.592
31.776
67.88
37.208
67.544
69.12
67.64
68.496
74.784
73.496
68.88
68.736
32.064
67.256
74.832
66.344
68.16
66.392
74.448
37.16
68.496
78.248
66.536
72.824
66.392
65.72
65.336
65.384
66.96
71.672
66.816
65.288
31.728
65.336
37.064
65.432
66.528
71.96
72.008
65.816
65.384
78.24
65.192
70.808
63.656
70.184
65.808
69.416
62.984
64.8
74.552
31.968
65.136
74.648
64.704
63.464
31.728
69.752
70.656
69.56
64.704
69.896
63.464
63.272
31.92
69.608
64.848
74.936
63.704
64.368
37.016
70.376
65.04
71.328
65.376
65.232
70.664
71.52
64.472
65.568
76.416
65.424
31.872
64.424
64.472
72.288
75.56
66.096
32.064
66.432
32.16
65.192
65.24
72.336
77.184
65.096
66.432
71.384
72.576
65.768
65.816
65.864
66.72
65.912
77.328
66.584
77.568
67.536
77.904
71.816
65.624
67.68
71.432
73.968
67.056
75.656
63.944
65.808
65.856
70.088
69.944
65.04
37.112
65.088
63.608
71.184
65.04
74.792
71.568
63.8
64.464
63.896
70.992
63.704
65.136
69.656
65.04
69.752
71.088
63.8
64.656
64.752
75.224
64.04
70.896
37.208
64.704
70.616
64.424
71.52
63.992
70.28
64.328
37.256
65.472
75.704
64.76
64.808
31.728
37.016
72.336
75.944
66.144
64.616
72.432
70.904
66.24
31.968
37.016
66.096
70.904
66.144
65.76
37.064
31.776
65.192
66.144
71.48
77.472
65.528
66.48
65.336
66.528
65.384
65.192
65.192
64.76
66.336
66.144
70.136
77.472
37.016
72.336
37.112
31.824
64.76
76.992
37.448
71.76
71.336
31.728
76.04
77.616
65.048
37.016
66.192
66
31.968
70.568
77.184
65.712
37.016
65.04
31.968
64.52
77.136
64.328
65.664
70.376
76.992
31.92
70.232
66.048
64.136
65.232
69.752
65.088
71.856
63.608
69.656
64.512
69.704
71.088
75.08
31.776
63.848
37.256
63.944
71.04
31.728
75.608
76.464
64.136
76.8
64.472
65.088
71.712
31.728
72.096
32.064
70.808
66.192
37.016
77.52
64.904
66.048
64.952
66.096
77.664
65.048
31.728
77.856
72.864
76.52
37.208
72.624
72.056
66.672
64.664
66.48
71.528
66.624
65.096
32.112
76.424
72.48
65.432
66.288
71.72
65.288
72.152
66.248
77.904
73.392
78.288
72.92
66.488
67.344
73.872
73.064
78.48
77.912
78.864
73.496
67.544
68.688
68.496
67.928
74.216
67.784
68.88
67.592
75.168
67.256
67.304
67.352
75.408
37.016
74.976
73.784
31.728
67.544
31.776
68.784
68.784
37.016
68.88
67.592
74.928
37.16
68.496
66.968
79.344
73.016
75.072
66.344
31.968
77.912
72.92
74.496
78.104
37.112
67.776
67.584
66.296
31.872
67.92
37.016
67.968
67.776
31.824
73.872
66.344
67.68
37.112
74.208
66.68
67.776
67.584
72.776
66.824
72.872
67.488
78.44
79.296
66.776
31.776
73.064
67.112
68.016
67.016
78.584
31.728
68.496
67.4
74.784
31.728
67.256
37.064
68.64
78.92
68.736
67.928
74.832
68.88
68.072
67.4
75.504
69.312
67.784
37.112
67.88
68.736
74.408
67.352
67.4
68.736
79.208
68.784
68.832
67.544
32.16
73.448
68.784
66.824
68.64
31.968
73.64
68.496
74.304
67.256
67.064
79.68
66.872
74.976
66.776
67.968
65.72
68.016
72.008
67.872
37.064
67.92
72.632
66.68
65.288
67.344
71.912
37.16
72.816
66.248
66.624
65.576
78.192
37.544
31.92
65.672
65.48
65.288
71.576
65.384
71.672
31.728
65.48
78.096
72.912
37.016
77.856
72.624
31.872
37.16
78.24
66.008
66.768
72.536
73.296
67.104
73.392
72.104
78.48
31.968
67.056
67.104
66.296
65.864
78.48
67.248
65.96
73.536
73.44
71.912
71.96
67.296
31.824
65.816
67.632
72.344
78.72
66.152
78.816
66.536
77.912
67.488
73.16
78.816
73.208
67.632
73.064
68.064
67.016
67.064
68.4
78.392
67.968
66.68
79.296
73.016
37.016
67.776
74.352
66.824
67.68
31.968
74.496
66.728
79.824
66.056
68.592
67.68
65.672
74.208
65.48
31.92
65.528
31.968
37.256
73.536
72.392
77.48
31.728
37.16
73.536
67.344
72.872
66.92
67.776
73.208
67.824
67.256
67.872
77.624
67.592
31.728
73.976
79.248
32.016
69.264
69.312
68.024
75.36
68.072
69.408
69.456
69.504
67.496
75.888
67.4
74.976
37.208
67.496
68.352
79.44
31.968
73.4
68.736
68.352
67.064
68.16
37.112
78.68
68.016
73.448
74.544
37.112
73.592
67.4
68.256
73.928
79.824
68.592
74.264
37.112
69.024
68.36
68.504
69.36
68.552
69.408
73.928
75.744
67.256
73.304
66.872
68.688
66.968
67.064
78.632
68.208
37.112
74.544
67.592
68.448
67.4
74.976
68.784
67.256
68.832
73.88
68.496
67.976
74.832
74.264
68.88
31.968
78.92
69.216
79.256
68.744
69.6
68.792
68.84
75.936
68.888
75.176
37.256
69.464
70.512
37.112
70.56
74.84
76.176
69.744
67.976
69.792
69.6
37.208
37.016
31.968
69.696
37.112
74.832
67.64
37.448
67.976
68.976
37.064
68.88
68.688
71.96
32.016
65.768
75.024
65.576
75.072
72.104
75.12
72.152
75.168
37.16
66.248
37.496
73.064
31.968
73.112
72.92
78.008
65.624
72.152
67.008
67.056
73.344
37.16
73.248
67.056
66.728
78.624
73.016
73.872
67.68
66.392
74.208
72.92
66.728
66.776
73.872
37.016
66.824
77.912
73.16
68.112
37.208
66.056
72.344
66.392
67.824
66.44
31.872
66.104
66.152
71.96
65.768
67.344
77.432
37.016
77.624
66.864
37.112
73.392
67.248
37.16
78.248
31.728
66.776
67.536
66.104
67.584
72.632
32.112
79.68
74.304
77.816
66.344
79.248
66.2
68.016
78.056
73.92
66.872
31.824
67.632
74.112
74.448
66.44
68.496
68.304
74.112
67.92
67.536
74.064
73.256
67.872
67.304
79.44
67.352
68.208
68.256
66.536
37.304
73.352
74.688
67.16
74.736
66.488
73.016
78.104
73.112
73.16
72.536
37.016
67.488
65.864
79.056
65.672
31.824
72.2
79.392
77.528
66.296
72.824
66.632
73.16
37.208
66.92
77.528
67.824
74.352
73.544
68.16
72.68
31.728
68.304
66.056
72.344
79.2
66.392
67.296
77.336
65.192
67.728
76.76
73.536
76.616
66.912
71.384
76.952
72.576
65.288
71.816
71.864
31.92
37.064
66.768
72.152
65.48
66.72
71.672
65.72
72.008
78.384
37.256
66.672
72.632
65.528
67.344
72.056
78.432
71.864
37.112
73.728
65.96
37.448
71.432
66.768
65
73.296
73.344
65.336
78.192
71.672
64.76
31.728
71.288
73.056
32.064
71.624
66.912
37.112
65.72
31.728
76.808
77.904
72.056
77.144
65.912
73.008
66.344
73.968
31.776
37.016
67.584
72.584
74.112
67.68
65.912
67.488
65.96
73.776
72.728
66.296
73.632
66.344
67.016
78.72
67.968
67.4
74.256
67.448
73.256
74.592
78.96
67.112
37.16
31.824
66.968
66.776
74.592
74.448
67.16
74.352
73.304
79.44
66.392
74.496
66.488
68.304
31.872
72.824
66.632
79.248
79.344
66.584
66.632
67.728
37.16
79.536
67.824
67.064
74.208
37.112
68.256
73.4
68.304
67.688
78.776
68.4
67.64
67.736
69.072
67.784
75.12
74.312
75.456
37.112
78.872
79.728
32.016
74.648
69.984
70.032
79.304
70.08
69.648
79.4
32.016
69.744
37.112
69.84
67.832
67.88
70.176
74.168
69.744
67.976
69.312
79.544
79.592
79.4
79.496
68.36
69.216
74.648
68.696
69.312
75.6
68.168
76.032
67.784
70.32
67.592
76.128
79.4
69.504
67.016
66.92
69.216
68.112
66.824
68.16
66.872
72.92
68.256
68.064
66.296
31.872
72.152
74.256
73.872
79.008
67.296
67.344
64.856
67.152
64.904
66.96
64.712
67.008
71.24
66.096
64.568
65.24
77.664
72.672
37.016
72.72
66.576
65.288
66.384
66.192
65.144
77.76
66.528
72.864
65.864
66.48
66.528
65.72
78.096
65.768
73.104
77.384
73.44
65.432
65.48
37.208
78.624
65.816
71.384
31.728
65.192
71.48
73.104
65.384
65.192
66.576
66.624
77.144
73.008
78.096
67.104
77.336
67.44
32.208
65
67.776
32.304
71.336
73.872
32.64
67.248
65
66.816
66.384
64.856
72.672
64.664
72.48
64.712
77.856
65.048
31.824
65.096
77.568
76.76
71.768
77.096
66.432
65.624
66.48
31.728
72.2
72.536
73.44
65.192
76.76
67.296
71.768
65.816
72.672
31.728
65.768
72.296
73.392
66.72
77.192
73.248
37.16
67.392
66.104
66.152
67.728
72.44
67.536
77.528
67.584
66.776
77.864
72.872
37.16
31.824
37.112
68.112
67.16
74.4
68.208
73.496
74.736
77.864
68.544
67.352
74.736
37.064
67.832
31.824
67.64
67.112
74.928
67.16
67.208
73.256
68.592
67.064
67.112
66.92
37.208
78.296
67.544
74.072
67.4
74.736
72.728
67.16
79.584
74.352
72.824
79.92
66.632
66.44
79.296
72.728
32.064
67.872
66.488
74.064
66.536
67.632
72.824
79.44
79.248
73.544
79.44
68.448
68.256
74.168
68.304
68.264
79.68
74.792
68.928
68.6
75.128
80.064
68.984
75.32
70.224
75.656
69.464
70.32
75.992
69.8
70.416
76.616
37.304
70.952
71
71.712
79.688
31.92
79.496
78.048
70.52
32.016
70.424
72.24
78.336
71.904
79.496
67.784
78
37.112
71.088
37.16
69.696
79.688
74.216
37.064
75.6
74.312
68.976
74.696
69.312
31.728
69.696
74.84
69.744
79.448
70.032
70.08
69.032
75.368
31.776
69.176
70.224
75.704
76.752
70.368
76.088
37.016
70.8
70.848
79.4
37.208
70.704
69.896
31.872
79.784
71.04
76.232
77.088
79.64
67.928
37.256
79.784
67.832
69.888
67.4
31.776
69.072
68.496
66.728
80.064
37.256
68.592
66.824
68.64
37.352
68.688
67.16
32.016
74.352
68.208
68.016
66.728
74.544
67.632
65.864
74.16
72.152
67.968
37.16
74.064
66.536
66.584
66.632
67.488
78.816
66.488
37.256
31.824
66.824
37.16
73.968
79.344
67.256
31.728
74.496
73.112
79.584
73.16
68.832
66.536
68.112
72.824
37.112
67.16
79.296
73.448
73.784
79.68
67.64
74.168
68.544
31.872
75.12
69.024
66.296
68.592
74.88
66.632
79.488
37.16
74.256
73.208
67.016
74.112
66.824
73.352
66.92
66.968
68.064
73.256
77.96
31.872
67.208
68.592
68.4
67.592
67.16
78.248
68.544
73.976
74.832
67.784
67.832
74.36
78.728
79.064
75.032
75.984
68.984
37.352
70.128
76.656
69.368
70.464
79.496
69.704
31.728
69.752
77.376
75.8
31.824
37.208
79.496
31.92
69.272
70.896
69.608
69.176
76.992
69.224
31.92
69.032
77.088
69.128
69.224
31.728
70.416
31.824
67.208
76.752
73.544
70.08
66.872
68.448
66.248
68.544
65.096
31.872
64.904
74.688
66.24
64.712
77.568
72.096
77.664
65.952
37.064
66.048
77.616
32.064
72.912
66.96
64.472
67.008
76.04
65.856
72.384
76.376
66.192
66.24
65.432
65.48
66.096
65.528
65.576
72.672
71.624
65.48
76.616
37.064
66.96
66.816
65.528
37.016
73.632
67.44
65.432
31.728
77
74.256
72.008
32.064
77.096
67.152
65.624
67.2
65.432
37.4
37.448
66.056
65.864
65.912
78.528
65.48
32.016
65.576
66.72
64.28
73.056
64.328
77.472
65.52
64.712
37.16
64.808
65.664
71.336
77.232
64.712
72.288
71
37.208
65.336
66.432
65.144
76.28
37.064
72.432
71.432
72
66.096
31.824
71.816
78.192
72.72
72.152
78.288
65.96
66.576
72.488
66.056
78.192
72.824
66.392
65.96
37.016
65.624
31.776
65.96
73.536
72.296
66.912
66.104
73.44
37.112
66.44
67.056
73.728
65.48
67.776
67.824
65.576
67.632
65.384
73.92
77
66.816
37.016
31.728
65.864
73.296
66.2
67.296
67.104
66.584
73.68
78.576
65.768
31.824
68.112
72.344
67.92
37.112
74.208
78.2
37.448
78.864
67.016
78.584
73.352
78.008
66.536
67.632
74.16
78.392
67.728
67.16
66.968
78.776
74.112
65.768
37.016
68.112
65.384
67.92
67.008
73.584
71.096
72.96
73.008
64.76
72.576
66.192
64.664
31.92
72.528
65
72.336
37.016
72.384
76.184
72.48
70.232
77.376
64.088
65.664
32.112
37.016
32.16
64.664
65.328
71.664
65.76
70.472
65.328
71.616
65.184
71.712
37.016
65.568
64.664
76.896
64.088
31.824
37.016
72.192
70.904
66
64.712
77.328
65.096
77.232
65.144
66.048
77.376
65.816
65.864
77.76
65.912
66.768
65.96
78.096
65.816
66.2
67.296
77.288
66.296
78.192
73.44
66.92
73.872
78.72
78.152
79.056
67.208
68.304
73.496
31.872
67.544
75.12
68.448
31.728
75.216
78.632
80.064
37.16
69.552
69.6
69.168
69.408
73.64
69.456
67.448
69.264
31.872
67.784
69.6
67.832
68.928
78.92
68.168
75.024
37.016
68.6
75.744
69.792
69.84
74.072
69.696
69.024
69.072
69.168
69.216
69.264
69.312
67.784
69.12
74.312
69.168
69.216
68.168
69.264
69.408
37.16
31.776
74.408
69.024
69.072
68.88
79.448
69.504
67.976
75.792
69.84
69.648
67.736
69.312
73.784
31.92
37.112
69.648
32.016
66.968
69.984
69.792
68.16
68.208
37.064
73.112
67.584
66.2
67.632
79.2
37.064
66.384
76.856
72.912
71.864
66.72
73.008
71.96
67.056
72.296
73.2
65.672
67.056
31.824
37.016
67.152
66.768
72.44
73.296
72.488
78.384
67.392
72.584
67.2
66.632
66.44
66.488
67.584
66.056
66.152
66.2
72.488
31.728
67.392
72.152
31.872
73.92
67.248
31.728
67.776
66.488
67.584
74.112
67.92
67.112
74.208
66.92
68.016
73.448
78.624
67.256
74.352
37.064
67.352
73.88
37.064
68.448
31.776
74.784
66.776
68.592
68.16
67.112
32.208
74.736
68.304
74.832
74.88
66.872
68.208
66.44
31.776
66.248
75.024
74.592
66.584
68.4
66.392
72.68
66.728
74.064
67.4
79.104
37.112
74.592
73.4
31.92
67.208
68.928
68.256
37.016
74.544
68.448
66.92
68.496
66.728
74.064
66.776
79.392
73.304
74.4
78.296
68.4
31.968
67.88
74.976
69.024
67.736
68.832
67.784
79.92
74.12
68.976
37.208
74.216
68.88
73.592
37.16
37.208
68.784
67.016
68.592
66.584
66.632
68.208
31.776
66.968
74.304
67.016
67.064
66.872
79.728
66.968
78.584
66.632
74.688
73.16
68.064
73.88
74.496
67.688
79.824
37.256
31.872
68.024
68.88
68.072
74.36
37.208
74.456
79.304
68.792
68.84
69.456
67.928
74.312
67.88
69.264
67.736
69.072
68.072
69.216
75.312
67.304
75.648
73.88
69.456
67.688
68.544
80.16
37.016
67.544
69.024
66.392
69.072
75.36
69.408
72.248
66.296
73.152
78.72
66.632
67.248
37.016
77.624
73.872
77.912
67.968
37.16
74.256
67.448
78.536
68.592
68.12
68.168
75.264
69.072
79.68
68.552
80.064
31.872
70.08
69.888
31.776
69.984
76.272
70.32
75.272
70.128
69.08
76.656
32.064
75.416
76.752
69.464
70.32
69.032
70.416
75.128
75.176
68.744
69.888
31.776
68.504
70.08
70.128
31.776
70.464
76.272
68.504
69.6
69.408
68.36
75.936
68.168
69.744
37.256
31.728
74.744
69.936
68.072
67.88
74.408
68.216
74.744
75.6
68.36
74.408
69.84
68.312
74.6
75.744
69.552
68.264
69.936
73.688
69.744
67.256
67.304
69.6
68.688
66.92
74.88
73.64
74.496
66.968
68.544
80.112
31.92
68.688
66.968
68.304
74.592
68.64
68.688
31.776
73.928
80.064
67.496
74.832
68.64
75.168
67.88
67.976
75.072
68.024
69.12
68.072
69.216
68.408
74.504
69.504
74.936
68.984
69.84
75.272
69.936
68.408
75.272
70.128
76.224
79.496
70.032
37.064
31.728
75.752
70.416
68.36
76.704
37.016
68.264
70.08
67.832
72.92
69.696
72.968
31.824
76.032
31.92
71.48
67.344
66.432
65.624
66.48
31.728
66.816
66.864
71.816
66.96
37.112
31.968
71.48
73.056
66.864
71.816
66.672
66.48
31.776
65.72
66.864
65.576
78.192
71.864
66.96
65.24
73.056
76.904
72.72
78.096
71.528
66.624
65.336
64.904
66.72
37.112
66.288
65.24
65.288
65.096
64.28
31.728
70.568
72.624
70.616
66.192
64.184
65.76
70.472
31.728
75.8
64.808
76.184
71.24
76.568
65.904
66.24
65.672
66.864
73.152
76.424
67.008
76.76
31.776
71.768
67.104
65.576
66.912
66.24
65.72
65.768
37.016
73.152
73.2
67.104
78.192
65.864
73.44
37.352
73.488
77.48
67.056
73.344
65.864
67.488
72.2
31.776
65.768
67.584
67.392
37.064
66.96
65.672
37.16
66.008
73.584
67.152
66.392
78.768
66.2
32.016
72.488
73.584
66.536
67.632
72.824
77.72
37.208
73.736
68.16
74.072
31.968
37.16
68.408
68.784
37.496
79.152
68.504
37.352
67.64
31.728
75.744
69.312
79.68
37.016
80.016
68.024
69.264
69.312
80.16
75.456
37.112
68.304
66.44
74.352
66.584
68.16
37.352
68.208
73.16
31.776
66.728
79.344
73.064
31.728
71.96
79.296
37.208
31.824
66.056
74.592
66.104
79.68
72.632
72.68
73.584
73.016
66.824
73.112
67.776
67.016
66.824
73.352
68.208
67.16
74.736
67.496
77.624
73.592
78.576
73.448
67.016
74.688
73.64
67.208
73.976
74.832
68.16
74.312
67.88
68.832
67.88
75.936
69.504
37.016
79.152
69.12
67.592
68.976
69.024
69.072
75.168
68.12
68.736
74.648
75.264
68.216
69.072
74.984
75.6
78.392
68.84
37.016
37.064
76.896
69.608
70.464
76.992
69.704
70.8
69.752
77.328
37.16
75.848
70.944
31.872
69.464
37.112
77.328
69.8
31.776
37.448
70.704
75.896
75.752
70.608
70.464
70.512
78.872
79.968
68.36
70.176
68.408
70.224
68.216
69.312
74.744
31.92
75.84
73.112
69.408
66.92
74.736
37.208
31.824
66.776
68.352
73.304
68.4
66.872
78.44
31.776
67.016
72.872
74.688
78.2
68.496
37.208
31.824
73.256
74.352
73.064
31.968
78.2
66.968
68.064
67.016
73.304
68.4
66.488
78.344
67.92
31.968
79.536
74.304
37.016
68.4
67.544
68.448
73.832
68.496
67.4
68.544
73.928
74.024
67.88
68.784
74.696
31.776
69.264
68.312
80.016
68.648
74.936
69.552
68.744
31.824
75.272
80.112
68.456
69.648
68.12
69.696
67.928
73.976
69.552
37.064
76.08
74.312
68.12
67.976
69.072
37.064
68.072
67.64
69.456
37.16
68.88
79.448
37.256
68.504
69.024
75.032
75.552
68.6
31.728
74.84
68.888
69.744
37.256
69.84
75.272
69.32
31.776
76.464
70.512
69.752
70.656
76.944
69.416
70.992
69.272
77.088
68.6
31.776
37.208
70.944
75.176
70.512
68.744
68.312
68.12
31.728
79.496
70.176
68.024
37.112
68.36
31.92
79.448
75.888
68.264
68.312
69.408
67.688
74.216
37.304
31.728
68.072
69.216
74.12
31.824
67.208
31.872
67.256
73.544
69.12
32.208
67.448
31.776
78.824
31.824
74.832
67.88
68.88
78.968
75.024
68.216
68.264
69.36
37.112
79.448
37.064
69.12
31.968
75.696
75.744
31.872
75.84
66.392
68.928
64.52
75.216
75.024
68.352
32.16
74.928
65
72.096
37.064
65.904
65.952
71.624
72.48
71.48
72.816
71.048
66.384
64.616
70.904
66.72
70.952
64.52
71.096
64.664
71.192
65.856
76.328
71.624
72.528
76.76
66.384
72.056
72.96
71.672
66.816
65.336
66.672
78.288
65.48
78.336
31.728
73.056
66.864
65.96
73.296
72.488
66.864
66.296
73.632
73.44
66.152
72.056
74.112
65.672
73.248
67.056
67.392
78.288
73.536
65.768
67.344
65.816
73.632
71.864
78.72
37.112
67.248
65.72
77.288
66.768
71.96
65.768
66.864
72.296
73.152
37.304
66.72
66.392
66.44
77.288
31.728
66.536
66.584
66.152
67.488
66.248
72.776
77.432
73.728
37.064
74.112
37.112
68.208
68.256
68.064
74.112
66.824
74.16
37.112
67.488
67.16
74.016
66.968
79.104
78.296
37.016
79.248
67.208
68.592
65.864
68.4
79.968
65.24
74.544
71.816
37.064
67.2
72.152
65.96
66.576
31.824
65.576
31.872
65.624
65.672
66.528
65.72
72.816
65.768
65.864
73.344
77.096
37.064
78.24
65.672
31.968
77.24
67.776
72.008
73.344
65.816
73.44
65.72
66.056
67.152
67.2
31.968
73.536
73.632
67.2
65.192
31.968
65.24
67.536
71.528
67.344
67.152
66.72
66.864
65.576
73.152
72.104
73.2
65.672
73.248
31.776
67.104
66.056
65.912
67.008
37.16
73.296
72.488
65.816
67.152
67.536
66.488
66.536
78.192
72.824
73.92
72.872
67.728
66.68
66.248
72.536
66.584
72.872
66.68
77.048
67.448
74.784
77.336
74.832
37.064
68.64
73.592
68.688
37.16
31.728
68.736
73.544
68.208
74.496
67.208
68.544
67.256
68.88
68.448
77.72
67.688
74.832
68.88
67.64
73.928
75.504
67.976
69.312
67.784
75.12
67.832
67.4
73.688
37.064
67.592
66.008
68.544
68.4
74.688
77.288
67.344
72.056
73.392
67.2
65.912
66.768
77.816
67.392
66.872
78.768
66.92
73.776
66.968
78.056
68.112
37.064
73.208
78.296
74.832
73.544
68.64
67.352
68.208
31.824
74.216
75.168
68.976
37.064
31.824
68.072
69.312
67.784
75.84
67.592
69.408
67.64
75.744
67.736
31.872
67.832
37.16
75.216
67.688
32.064
31.872
68.024
69.36
74.312
69.168
74.648
75.504
68.024
68.072
78.92
68.408
69.504
79.256
31.872
31.728
31.728
69.176
76.272
37.064
70.08
69.512
76.368
69.32
70.416
74.888
37.256
68.504
68.312
69.888
68.408
70.224
68.504
76.128
37.016
75.224
75.984
75.176
68.984
69.84
69.032
70.176
31.728
69.648
68.976
65.528
75.264
67.632
66.72
66.768
64.808
65.904
72.432
65.144
65.76
76.232
72.288
65.48
37.016
72.384
72.816
76.808
77.904
66.056
66.912
72.584
66.96
73.248
72.728
37.016
67.2
72.872
78.288
77.528
67.824
72.776
74.352
66.344
31.728
66.392
67.536
37.16
77.528
66.824
73.352
67.728
66.728
74.304
66.584
67.968
66.44
72.728
68.064
72.104
67.68
77.432
66.2
77.768
67.344
73.016
67.112
67.448
79.392
74.072
74.928
67.64
75.024
31.872
69.12
31.92
74.408
79.968
75.456
37.016
32.304
67.832
37.16
75.84
69.648
37.016
69.216
68.504
75.504
74.552
32.112
74.36
31.92
69.648
37.016
32.256
74.264
67.352
69.552
68.976
37.112
69.072
67.304
73.832
31.728
37.4
75.216
73.688
75.024
79.016
68.832
74.312
75.168
78.776
69.072
67.304
73.592
68.688
68.256
67.688
67.832
68.928
74.36
74.456
69.312
74.504
68.072
67.88
31.728
69.456
67.976
32.064
79.304
37.112
74.6
75.696
68.168
74.456
79.544
75.84
68.072
68.168
31.776
73.832
69.504
69.024
67.016
68.592
67.064
66.872
68.448
71.096
71.144
64.952
73.968
76.52
66.096
65.576
71.96
72.816
65.336
73.152
66.72
66.576
65.768
65.336
77.952
71.624
66.72
73.008
65.048
64.856
37.304
66.48
71.192
31.728
66.576
71.528
66.192
65.192
66.288
76.76
65.288
77.904
31.872
66.96
71.72
65.288
31.728
73.056
71.144
66.864
66.672
31.728
72.864
71.576
65.144
66.24
71.432
72.768
66.336
76.568
71.384
76.712
66.768
65.72
65.528
66.384
31.728
71.288
73.344
66.912
64.664
72.96
71.192
77.808
31.776
37.016
31.824
72.432
70.232
72.528
64.04
65.856
65.664
71.472
31.776
76.896
65.424
65.232
71.76
75.992
77.088
37.16
65.856
65.048
31.824
71.576
66.192
64.664
66.24
63.992
70.52
66.144
63.752
65.616
70.328
65.664
65.232
75.464
64.472
71.568
70.808
65.424
64.856
31.728
65.808
65.952
66
64.712
65.328
76.52
77.376
71.528
72.144
71.336
77.712
76.904
64.952
65.096
65.432
66.288
76.76
66.336
71.768
65.576
72.672
71.864
65.912
65.768
67.248
67.104
73.392
76.904
67.44
65.432
67.248
37.16
66.576
72.248
72.864
77.096
37.016
31.824
73.392
64.808
31.776
70.904
67.584
37.112
66.912
64.52
72.72
76.088
31.728
71.096
65.856
66
37.016
31.728
66.432
66.48
76.712
72.768
37.16
66.816
31.824
66.056
77.952
66.104
66.96
66.152
67.008
66.2
73.296
72.392
66.44
73.536
37.016
73.584
72.824
67.392
66.632
77
67.776
73.92
73.4
68.016
74.544
77.576
78.432
68.4
37.016
67.304
68.736
78.152
67.64
68.832
37.208
67.736
78.2
68.784
67.976
68.88
74.312
69.216
74.696
79.872
68.024
68.072
69.408
69.456
74.408
68.024
78.872
69.408
68.36
69.744
74.504
67.88
69.696
69.264
67.496
69.6
31.92
67.448
68.928
67.256
75.072
37.064
68.88
79.352
75.408
67.16
67.208
68.64
67.64
37.208
68.544
73.976
68.592
31.92
73.832
68.736
68.592
31.92
31.968
73.88
68.736
67.448
75.264
37.256
75.312
73.544
69.12
67.352
68.928
37.4
67.688
75.264
37.496
78.824
67.592
67.16
68.736
66.968
68.784
37.112
67.16
31.776
68.304
74.592
68.4
74.736
68.544
68.592
73.544
68.16
78.632
68.208
68.016
67.688
79.824
37.256
67.784
67.592
75.168
75.504
37.016
79.544
68.552
75.456
74.408
69.504
67.544
37.112
76.128
79.4
69.504
79.496
75.12
69.456
67.976
69.312
75.6
69.168
75.456
74.168
69.072
66.584
69.12
66.632
69.168
65.48
69.504
76.664
66.816
66.384
70.664
72.48
64.712
65.568
76.04
77.136
65.664
64.232
66.336
70.568
77.424
65.712
64.952
65.568
65.904
72.192
65.144
66.288
71.48
66.096
65.048
72.624
71.576
65.144
66.24
65.528
65.624
66.48
71.432
77.328
71.48
66.864
71.816
66.576
71.096
66.912
72.96
77.568
64.04
66.096
75.848
77.712
64.424
77.04
64.52
72.144
70.376
65.76
70.712
64.28
76.896
70.568
70.616
65.472
70.664
64.52
75.848
64.856
64.904
65.76
64.712
64.76
64.808
72.144
63.656
65.712
70.184
77.04
65.568
65.376
63.848
75.704
65.28
70.472
76.608
75.8
64.944
69.752
76.896
69.848
76.944
69.656
71.712
69.512
76.608
74.6
76.512
69.224
69.696
72.144
