24.44
24.44
24.594
24.637
25.882
26.037
25.122
26.08
26.234
26.256
25.896
26.565
26.05
26.72
26.874
26.093
27.029
25.848
25.869
27.36
26.178
26.488
31.042
27.312
31.728
31.485
27.749
27.373
28.218
31.725
32.816
28.168
28.704
28.322
28.858
28.365
29.301
31.986
31.856
28.696
29.632
32.605
30.096
30.005
29.778
30.448
33
30.469
30.624
30.242
31.978
33.597
37.866
32.421
31.509
31.416
31.57
31.973
37.861
37.213
34.949
32.034
37.389
31.677
33.013
34.498
37.186
31.874
33.477
31.496
31.672
37.426
31.848
37.202
36.272
32.29
33.493
32.312
33.445
36.264
33.085
36.954
33.909
36.994
33.93
37.549
34.125
38.794
37.88
39.104
35.392
33.546
33.701
34.52
39.322
39.208
36.144
39.096
39.765
36.32
35.405
36.474
39.826
34.629
38.6
34.517
38.621
40.805
35.378
34.181
40.733
37.269
37.157
41.712
36.44
36.976
36.461
42.33
37.285
34.373
41.458
43.061
39.213
37.501
41.77
37.522
38.192
41.41
34.88
37.965
34.768
38.274
43.365
43.541
38.893
42.248
43.984
43.869
42.938
42.69
34.56
39.512
40.314
40.354
39.661
43.416
41.2
40.504
45.754
39.992
34.309
40.413
41.53
40.434
40.456
40.61
40.498
44.682
46.253
40.877
40.632
40.786
42.01
44.986
33.808
41.826
45.429
47.048
48.384
34.005
47.357
43.226
43.381
43.021
43.557
39.442
34.112
47.997
43.866
43.485
49.088
43.506
39.794
43.816
44.618
44.949
44.434
49.389
44.992
44.477
49.946
45.168
44.786
45.229
50.05
45.92
35.408
45.829
39.4
35.45
39.554
35.072
46.96
51.781
47.136
51.421
51.957
46.909
47.445
47.064
52.4
39.885
47.888
51.816
47.97
52.64
47.592
35.061
40.413
48.949
47.901
46.17
35.258
48.344
44.765
53.034
48.786
40.541
53.477
53.229
49.981
50.517
54.538
49.89
50.826
53.645
54.448
50.333
45.821
51.29
46.573
52.064
51.816
55.152
46.904
52.373
35.194
52.28
55.882
35.504
35.392
52.877
56.613
56.098
53.186
53.722
57.077
47.117
40.472
35.941
56.76
48.096
57.717
47.602
55.493
48.045
55.266
55.536
58.645
36.288
59.509
56.464
58.749
49.952
56.64
56.125
49.728
58.68
57.082
56.722
57.392
59.41
36.48
57.186
50.389
41.741
60.429
41.917
50.32
49.805
57.96
50.762
57.714
41.602
41.757
37.493
58.178
59.248
41.933
50.354
50.757
58.797
51.2
41.885
59.621
59.24
50.728
63.664
41.768
63.973
63.746
64.704
60.856
52.458
64.344
61.546
51.432
38.768
61.453
53.189
61.608
42.829
65.384
62.338
43.426
62.781
52.936
66.424
44.178
66.866
43.821
64.224
63.576
53.597
54.133
63.752
64.421
63.773
44.061
63.949
54.773
64.546
68.949
54.568
64.989
65.392
65.144
69.28
43.981
66.186
65.405
66.208
69.026
56.362
65.848
66.384
66.002
69.872
55.224
38.56
69.666
43.954
66.909
43.682
67.733
67.437
56.464
67.682
71.552
68.794
37.749
71.101
69.104
44.056
71.792
69.01
69.28
69.165
57.301
69.096
57.898
69.117
69.138
70.608
69.293
73.162
71.49
57.912
72.869
70.49
71.221
71.376
58.594
71.53
73.282
71.685
73.973
72.128
72.858
38.213
74.365
60.768
73.189
61.077
38.565
72.184
73.253
43.005
73.408
74.893
61.562
72.914
73.45
43.336
61.338
75.49
72.578
75.8
61.536
72.754
74.224
37.845
73.064
73.373
77.53
62.106
74.816
77.768
38.57
43.789
75.258
74.744
39.013
74.632
63.301
43.986
75.989
43.874
76.144
61.229
75.25
75.653
79.274
61.293
75.848
80.005
79.89
39.093
76.312
76.981
76.466
76.621
62.89
62.242
76.797
39.733
76.973
40.042
61.928
40.352
62.237
77.725
44.013
40.613
79.168
77.186
78.922
77.341
63.744
78.165
77.384
64.053
40.629
77.714
62.536
78.56
41.002
78.376
79.312
63.33
64.266
78.685
79.354
45.858
45.88
63.634
79.389
79.861
79.746
46.477
40.81
45.981
46.333
64.488
45.976
65.248
45.885
64.264
41.466
46.28
66.304
42.634
66.789
46.381
46.402
67.008
66.424
67.493
66.6
42.842
42.997
47.768
48.098
48.12
48.274
67.096
43.834
44.144
67.672
48.466
45.024
44.912
48.349
45.221
48.658
48.813
70.106
45.637
45.792
70.52
70.922
71.365
71.202
46.805
50.973
71.197
72.928
46.949
73.258
46.88
71.986
73.856
72.429
73.181
52.888
73.576
53.197
73.752
47.557
47.712
74.152
52.258
74.349
48.661
75.277
52.717
76.122
75.208
76.136
76.805
50.026
54.104
77.93
51.082
54.52
78.344
78.88
51.168
79.322
78.962
55.469
56.088
56.216
56.125
53.349
53.568
57.426
53.744
54.208
58.045
54.362
58.018
58.173
58.482
58.946
55.397
58.968
59.186
55.904
55.947
59.826
59.981
56.496
60.621
60.776
56.56
56.869
57.024
60.995
61.213
61.741
62.621
58.56
62.995
63.368
59.84
63.587
60.235
63.805
60.544
61.072
60.331
65.677
61.648
61.691
62.155
61.952
66.456
66.787
66.605
66.76
66.781
67.288
67.085
65.397
66.171
69.117
66.501
69.581
67.12
67.584
70.84
68.245
68.709
71.635
69.019
72.099
69.637
72.717
70.144
70.299
73.843
74.461
74.616
75.08
70.261
70.416
75.741
70.901
74.872
71.077
75.069
71.141
74.867
74.755
71.824
71.307
71.195
76.317
71.168
71.323
71.099
76.867
71.493
76.931
70.821
76.547
69.952
69.707
76.765
76.691
76.621
75.864
75.149
70.267
75.32
75.272
75.427
75.091
75.971
76.28
72.731
76.941
76.963
73.189
77.315
73.365
73.408
77.645
77.864
78.173
78.195
78.504
74.928
78.499
75.104
74.992
79.997
80.173
75.173
74.741
75.157
75.109
75.152
75.195
80.184
75.168
74.944
79.981
75.205
75.136
74.891
74.88
75.035
75.189
75.157
74.459
74.613
79.917
80.115
74.432
74.891
74.912
74.725
79.96
80.115
80.152
75.088
75.152
75.093
75.184
75.115
74.891
75.109
75.131
75.152
75.104
74.853
80.157
75.163
74.912
74.8
75.152
75.035
75.19
75.078
80.179
74.822
75.083
80.12
74.987
80.174
75.179
74.56
80.174
74.843
74.326
74.032
80.179
73.696
74.288
79.336
79.358
75.206
74.96
75.088
74.838
74.678
80.179
80.12
75.12
74.96
75.136
74.955
74.71
75.19
80.179
74.848
80.152
75.2
74.998
80.142
80.115
80.158
74.896
75.024
75.11
75.174
80.163
74.656
74.875
75.003
75.179
74.886
74.704
74.88
75.184
74.976
75.195
80.024
74.358
74.998
75.195
75.083
75.035
75.19
75.211
79.8
75.184
79.955
74.614
74.544
75.051
75.206
74.688
74.731
74.886
75.19
74.966
75.024
74.928
80.115
74.432
74.475
79.907
75.2
75.131
75.083
80.158
75.184
74.998
75.126
75.03
75.147
75.051
74.689
74.662
74.683
80.009
80.03
74.987
80.174
75.179
75.195
75.105
75.126
75.211
74.689
75.179
74.886
75.195
74.966
74.625
74.443
74.598
75.014
75.206
75.137
74.907
80.142
75.014
74.721
74.609
75.094
80.131
75.201
74.977
80.051
75.035
75.19
75.185
75.201
74.689
75.19
80.131
75.089
80.169
75.206
75.115
75.025
75.089
75.11
80.169
75.174
75.211
75.206
74.95
75.206
75.131
80.078
74.902
75.206
74.838
80.009
80.185
75.211
75.03
75.185
80.11
74.913
75.089
75.211
75.142
75.185
75.126
80.115
74.939
75.11
80.003
75.163
74.961
74.955
79.902
75.019
74.438
80.158
74.87
79.614
75.041
74.945
74.694
75.025
74.641
74.993
75.169
75.19
75.212
75.1
75.121
74.897
75.094
79.62
75.201
74.977
74.908
75.062
75.1
75.025
75.201
80.169
75.196
75.19
75.212
75.1
80.158
75.094
75.004
74.844
74.998
75.009
74.828
74.966
80.137
75.164
79.441
79.484
79.393
79.281
79.297
79.494
79.313
74.7
74.876
79.513
79.462
79.484
74.913
79.972
75.188
79.473
80.161
80.137
79.492
75.009
80.18
79.286
79.174
79.26
74.913
79.388
79.452
74.95
74.833
74.988
74.849
79.414
79.302
74.956
74.977
75.174
74.95
79.473
79.468
79.489
75.164
75.185
79.308
79.484
79.324
79.366
74.972
79.025
80.116
79.47
79.265
79.42
75.185
79.462
75.094
79.302
75.089
79.745
79.766
74.886
80.076
74.95
75.052
79.196
74.716
79.26
79.302
75.201
79.457
79.478
79.388
79.142
74.95
79.494
75.126
75.148
80.185
74.678
79.468
80.137
75.092
79.244
75.185
79.308
75.158
75.201
74.689
75.196
74.721
79.308
79.148
78.833
78.988
79.164
75.196
79.318
79.473
74.993
79.404
79.425
75.19
79.313
79.42
75.116
79.372
75.004
75.18
79.457
79.524
75.084
75.126
74.881
79.446
79.377
79.286
79.441
79.462
79.478
79.494
79.425
79.313
79.468
79.441
79.462
75.094
79.281
79.169
79.633
79.254
79.164
75.196
80.009
79.63
79.425
75.057
74.764
79.577
79.26
80.105
74.844
79.5
74.929
74.838
74.86
79.425
79.02
79.196
79.5
75.127
75.036
79.292
79.313
79.756
75.164
75.185
75.207
79.463
74.983
75.137
79.436
74.689
79.388
79.297
75.084
79.383
79.468
79.489
74.988
78.999
79.153
79.484
74.449
79.393
79.324
79.297
74.705
79.399
75.031
75.004
74.956
74.844
75.015
79.447
79.468
79.441
75.207
75.095
75.159
79.281
75.18
79.615
74.999
79.636
79.276
79.297
75.196
79.319
79.404
75.036
75.191
75.121
79.399
75.185
79.441
75.196
79.452
79.495
75.212
79.244
75.185
79.999
79.324
79.479
79.388
79.452
74.993
75.169
75.191
79.047
79.201
79.356
80.044
79.42
79.441
79.463
79.372
75.201
79.5
79.388
79.473
79.495
79.383
75.148
75.169
79.313
79.217
75.116
75.089
79.479
79.5
75.132
75.153
79.431
75.084
79.383
75.148
79.292
75.191
75.212
79.489
79.463
74.849
79.457
74.311
74.508
80.164
74.903
79.983
75.143
75.185
78.951
74.913
79.345
79.121
75.02
79.319
74.951
79.495
74.727
74.881
79.404
75.036
79.025
75.212
79.399
75.164
79.42
75.207
79.484
79.479
79.388
79.431
74.951
79.425
74.455
74.609
79.999
79.62
74.913
79.303
79.433
75.084
79.588
79.228
78.737
74.903
74.412
79.892
74.743
80.047
74.897
79.268
75.052
79.175
75.111
78.876
79.967
75.188
79.495
79.116
79.292
79.356
80.18
79.308
79.463
75.116
78.833
79.945
79.988
79.609
75.148
79.919
79.807
79.447
79.111
79.463
79.372
79.457
74.999
79.388
75.02
79.409
74.817
79.18
75.212
79.868
80.023
79.644
79.484
74.737
74.892
79.415
79.303
75.201
79.615
80.143
80.164
74.769
75.207
79.463
78.748
74.913
78.903
80.127
79.276
75.196
79.452
75.127
79.271
75.191
79.356
74.321
79.42
74.673
79.463
79.372
79.393
74.935
79.457
75.111
75.175
78.919
79.073
79.764
79.292
74.812
79.484
74.983
75.004
79.393
79.148
74.956
75.132
79.946
79.567
79.474
79.116
75.036
79.468
79.399
79.308
79.463
78.994
74.668
79.972
79.388
79.41
79.074
79.404
79.426
79.202
74.988
79.308
79.484
78.882
75.047
79.036
75.202
75.111
79.388
80.079
79.474
74.706
79.495
74.727
79.25
74.903
74.988
79.463
74.738
79.036
79.367
79.388
79.567
79.455
79.85
79.338
79.378
79.399
75.031
79.42
79.463
79.372
79.548
79.303
79.5
75.175
79.383
79.202
79.308
75.207
75.095
79.212
74.978
80.188
75.154
75.175
79.474
79.18
79.335
75.122
79.484
75.116
79.436
74.978
79.767
79.164
79.474
74.839
79.426
75.058
75.212
79.604
79.175
75.095
79.484
75.116
79.106
79.036
79.191
75.258
75.196
75.212
79.49
79.399
79.599
79.508
79.396
79.551
79.458
75.09
74.866
74.972
75.127
79.631
79.519
79.407
79.428
79.583
74.455
74.631
79.308
79.484
79.388
78.407
78.562
80.05
79.716
74.967
79.738
80.18
79.42
74.919
79.442
74.983
75.026
79.324
74.978
80.01
74.615
74.258
74.567
79.442
79.484
78.86
74.956
75.175
78.919
79.404
75.191
79.447
79.756
74.988
75.143
79.399
79.287
79.442
79.303
75.111
75.106
79.495
79.25
75.148
79.559
75.191
79.447
79.602
79.244
75.143
75.207
74.914
74.935
79.319
74.727
78.983
80.159
79.399
74.764
79.287
79.442
74.983
75.138
79.367
75.175
75.196
79.207
79.116
74.882
75.036
79.468
79.49
79.399
79.287
79.308
75.207
74.983
79.282
79.298
79.319
79.383
75.036
79.026
79.18
79.202
74.855
79.266
79.463
75.138
79.282
79.436
75.111
75.154
79.319
80.14
79.116
75.17
79.49
80.18
75.207
79.372
79.26
75.09
79.479
79.41
75.196
79.452
74.994
79.426
75.079
79.49
75.031
75.181
75.202
75.133
75.085
75.106
80.01
80.164
79.266
79.442
75.026
79.415
75.181
75.202
79.458
79.479
74.845
74.754
79.474
79.495
75.127
79.271
80.159
75.186
79.887
79.303
79.367
75.154
75.175
75.197
74.994
79.541
79.314
75.213
79.469
75.207
75.047
74.823
79.479
75.133
75.021
79.41
79.431
75.085
79.474
75.015
74.989
75.207
79.463
79.485
75.117
74.626
75.149
74.946
79.245
79.935
80.09
79.463
79.773
74.605
79.661
74.381
79.191
74.887
79.277
79.298
79.495
74.967
79.914
79.002
79.557
79.711
74.717
79.373
74.871
79.058
79.079
79.41
79.298
75.197
79.453
79.983
79.605
79.626
79.399
79.463
79.373
75.138
75.026
79.282
79.367
79.677
79.698
79.383
75.191
79.469
79.399
75.095
75.117
79.106
79.261
75.202
74.69
79.41
79.186
74.418
79.341
74.727
80.165
79.426
79.314
79.599
74.605
79.775
79.951
79.861
79.615
75.133
79.637
79.546
79.383
74.882
74.834
74.989
79.399
75.207
75.117
79.373
74.893
79.282
75.047
75.175
74.951
79.474
75.127
79.49
75.122
75.143
79.399
79.421
79.442
79.261
79.458
75.09
79.525
79.453
79.405
79.447
79.399
75.207
79.463
74.962
79.485
75.159
79.501
75.154
75.175
75.197
79.319
74.994
80.165
79.426
79.399
75.186
78.973
75.181
79.458
79.767
75.133
79.255
79.41
79.431
79.495
79.383
79.271
79.293
75.213
79.49
79.463
74.717
79.437
75.202
80.186
75.17
79.469
80.159
79.514
79.535
79.463
74.962
79.485
75.181
79.437
75.202
74.999
79.637
79.01
79.165
79.989
79.61
79.631
79.293
79.314
80.138
79.378
75.207
75.117
75.026
79.479
75.133
79.255
79.319
74.951
74.573
74.882
74.967
74.61
79.399
74.738
74.957
79.479
80.053
79.962
80.159
80.181
79.421
79.309
79.463
74.962
79.373
75.005
79.415
75.181
79.17
79.501
75.133
75.154
79.41
75.197
79.186
79.405
74.968
75.186
79.261
79.298
75.016
79.272
79.448
75.213
74.989
74.898
79.464
74.696
79.485
79.373
75.026
75.154
79.229
79.293
80.138
79.245
74.344
73.965
74.05
79.373
79.325
74.69
75.154
75.197
74.952
79.141
74.946
79.768
79.648
79.669
75.002
74.962
79.304
74.978
78.989
79.032
75.197
74.818
75.149
79.405
74.925
75.08
79.469
75.101
79.49
74.856
79.309
79.464
79.261
79.416
75.085
79.474
74.973
79.496
75.17
75.192
79.336
74.722
79.378
79.309
75.117
79.437
75.09
74.978
74.952
79.464
79.394
78.904
75.202
75.09
74.978
79.925
79.546
79.434
79.877
79.898
79.405
79.293
79.448
79.469
79.154
79.309
74.872
79.501
79.341
79.496
79.138
74.904
75.032
79.402
75.186
79.557
80.176
79.346
79.501
75
79.41
79.496
79.672
74.877
79.464
75.069
78.856
79.989
80.01
75.077
79.384
75.17
79.293
79.181
79.378
79.266
79.421
79.442
75.208
79.437
79.48
79.501
75.085
79.474
79.405
80.181
79.421
74.674
74.584
78.904
78.925
80.016
79.208
74.44
80.162
74.146
79.336
79.49
79.378
74.365
78.888
74.52
74.141
79.106
74.781
78.546
79.904
78.322
79.925
78.477
78.632
75.197
75.106
78.45
79.224
79.133
75.032
79.309
80.154
79.413
79.496
79.314
79.49
75.144
75.186
79.176
80.133
79.488
79.282
74.914
79.501
79.122
79.453
74.728
75.101
75.144
79.421
79.73
79.752
79.373
74.605
75.069
79.192
79.501
79.41
75.197
78.738
79.378
79.394
79.437
79.277
79.432
80.122
74.973
75.037
75.192
79.469
75.181
79.637
79.144
79.496
75.016
79.426
79.448
74.946
79.288
79.442
79.464
79.773
75.16
79.616
75
79.389
79.293
79.469
79.379
79.443
75.208
79.464
79.261
79.283
79.011
79.32
74.995
79.384
79.405
79.315
75.101
75.144
79.309
79.395
79.304
79.48
74.979
74.931
79.32
74.84
75.171
79.293
80.117
79.605
79.245
79.421
79.197
79.107
79.304
79.501
79.432
79.32
74.952
79.315
75.213
79.469
79.112
75.011
78.909
79.733
79.888
75.139
75.181
79.459
75.061
74.949
79.256
79.453
79.496
79.384
75.149
75.171
79.448
74.835
74.941
74.984
79.395
79.416
75.048
75.203
79.277
79.165
80.12
79.475
74.973
79.384
75.171
75.187
75.096
79.416
79.304
75.203
79.501
79.277
74.84
79.427
74.701
79.245
79.421
79.464
74.605
79.283
78.835
74.349
78.739
80.104
79.963
74.435
79.245
74.765
79.331
79.485
75.117
79.24
78.525
79.613
75.107
79.899
80.032
79.427
79.448
75.144
79.197
79.085
79.24
75.243
79.304
79.501
75.133
79.411
75.197
79.32
79.475
79.469
79.491
79.443
79.464
78.861
79.475
75.171
75.08
74.989
79.309
79.24
79.437
75.203
79.432
79.475
79.496
75.149
79.605
79.421
79.331
74.317
79.373
74.472
79.416
79.48
75.016
80.005
79.379
79.395
79.283
75.048
79.368
75
74.685
78.941
74.616
74.925
80.096
79.317
79.872
79.464
75.091
80.128
80.037
80.123
79.469
75.123
74.899
79.421
79.176
74.963
74.557
74.579
79.501
74.909
75.064
75.085
75.016
79.272
74.989
79.176
75.048
75.203
79.459
79.501
79.256
79.299
79.379
80.176
79.096
