37.304
37.472
37.64
37.808
37.976
38.144
38.312
38.48
38.648
38.816
38.984
39.152
39.32
39.488
39.656
39.824
39.992
40.16
40.328
40.496
40.664
40.832
41
41.168
41.336
41.504
41.672
41.84
42.008
42.176
42.344
42.512
42.68
42.848
43.016
43.184
43.352
43.52
43.688
43.856
44.024
44.192
44.36
44.528
44.696
44.864
45.032
45.2
45.368
45.536
45.704
45.872
46.04
46.208
46.376
46.544
46.712
46.88
47.048
47.216
47.384
47.552
47.72
47.888
48.056
48.224
48.392
48.56
48.728
48.896
49.064
49.232
49.4
49.568
49.736
49.904
50.072
50.24
50.408
50.576
50.744
50.912
51.08
51.248
51.416
51.584
51.752
51.92
52.088
52.256
52.424
52.592
52.76
52.928
53.096
53.264
53.432
53.6
53.768
53.936
54.104
54.272
54.44
54.608
54.776
54.944
55.112
55.28
55.448
55.616
55.784
55.952
56.12
56.288
56.456
56.624
56.792
56.96
57.128
57.296
57.464
57.632
57.8
57.968
58.136
58.304
58.472
58.64
58.808
58.976
59.144
59.312
59.48
59.648
59.816
59.984
60.152
60.32
60.488
60.656
60.824
60.992
61.16
61.328
61.496
61.664
61.832
62
62.168
62.336
62.504
62.672
62.84
63.008
63.176
63.344
63.512
63.68
63.848
64.016
64.184
64.352
64.52
64.688
64.856
65.024
65.192
65.36
65.528
65.696
65.864
66.032
66.2
66.368
66.536
66.704
66.872
67.04
67.208
67.376
67.544
67.712
67.88
68.048
68.216
68.384
68.552
68.72
68.888
69.056
69.224
69.392
69.56
69.728
69.896
70.064
70.232
70.4
70.568
70.736
70.904
71.072
71.24
71.408
71.576
71.744
71.912
72.08
72.248
72.416
72.584
72.752
72.92
73.088
73.256
73.424
73.592
73.76
73.928
74.096
74.264
74.432
74.6
74.768
74.936
75.104
75.272
75.44
75.608
75.776
75.944
76.112
76.28
76.448
76.616
76.784
76.952
77.12
77.288
77.456
77.624
77.792
77.96
78.128
78.296
78.464
78.632
78.8
78.968
79.136
79.304
79.472
79.64
79.808
79.976
80.144
80.312
80.48
80.648
80.816
80.984
81.152
81.32
81.488
81.656
81.824
81.992
82.16
82.328
82.496
82.664
82.832
83
83.168
83.336
83.504
83.672
83.84
84.008
84.176
84.344
84.512
84.68
84.848
85.016
85.184
85.352
85.52
85.568
85.616
85.664
85.592
85.64
85.568
85.616
85.664
85.592
85.64
85.568
85.616
85.664
85.592
85.64
85.568
85.616
85.664
85.592
85.64
85.568
85.616
85.664
85.592
85.64
85.568
85.616
85.664
85.592
85.64
85.568
85.616
85.664
85.592
85.64
85.568
85.616
85.664
85.592
85.64
85.568
85.616
85.664
85.592
85.64
85.568
85.616
85.664
85.592
85.64
85.568
85.616
85.664
85.592
85.64
85.568
85.616
85.664
85.592
85.64
85.568
85.616
85.664
85.592
85.64
85.568
85.616
85.664
85.592
85.64
85.568
85.616
85.664
85.592
85.64
85.568
85.616
85.664
85.592
85.64
85.568
85.616
85.664
85.592
85.64
85.568
85.616
85.664
85.592
85.64
85.568
85.616
85.664
85.592
85.64
85.568
85.616
85.664
85.592
85.64
85.568
85.616
85.664
85.592
85.64
85.568
85.616
85.664
85.592
85.64
85.568
85.616
85.664
85.592
85.64
85.568
85.616
85.664
85.592
85.64
85.568
85.616
85.664
85.592
85.64
85.568
85.616
85.664
85.592
85.64
85.568
85.616
85.664
85.592
85.64
85.568
85.616
85.664
85.592
85.64
85.568
85.616
85.664
85.592
85.64
85.568
85.616
85.664
85.592
85.64
85.568
85.616
85.664
85.592
85.64
85.568
85.616
85.664
85.592
85.64
85.568
85.616
85.664
85.592
85.64
85.568
85.616
85.664
85.592
85.64
85.568
85.616
85.664
85.592
85.64
85.568
85.616
85.664
85.592
85.64
85.568
85.616
85.664
85.592
85.64
85.568
85.616
85.664
85.592
85.64
85.568
85.616
85.664
85.592
85.64
85.568
85.616
85.664
85.592
85.64
85.568
85.616
85.664
85.592
85.64
85.568
85.616
85.664
85.592
85.64
85.568
85.616
85.664
85.592
85.64
85.568
85.616
85.664
85.592
85.64
85.568
85.616
85.664
85.592
85.64
85.568
85.616
85.664
85.592
85.64
85.568
85.616
85.664
85.592
85.64
85.568
85.616
85.664
85.592
85.64
85.568
85.616
85.664
85.592
85.64
85.568
85.616
85.664
85.592
85.64
85.568
85.616
85.664
85.592
85.64
85.568
85.616
85.664
85.592
85.64
85.568
85.616
85.664
85.592
85.64
85.568
85.616
85.664
85.592
85.64
85.568
85.616
85.664
85.592
85.64
85.568
85.616
85.664
85.592
85.64
85.568
85.616
85.664
85.592
85.64
85.568
85.616
85.664
85.592
85.64
85.568
85.616
85.664
85.592
85.64
85.568
85.616
85.664
85.592
85.64
85.568
85.616
85.664
85.592
85.64
85.568
85.616
85.664
85.592
85.64
85.568
85.616
85.664
85.592
85.64
85.568
85.616
85.664
85.592
85.64
85.568
85.616
85.664
85.592
85.64
85.568
85.616
85.664
85.592
85.64
85.568
85.616
85.664
85.592
85.64
85.568
85.616
85.664
85.592
85.64
85.568
85.616
85.664
85.592
85.64
85.568
85.616
85.664
85.592
85.64
85.568
85.616
85.664
85.592
85.64
85.568
85.616
85.664
85.592
85.64
85.568
85.616
85.664
85.592
85.64
85.568
85.616
85.664
85.592
85.64
85.568
85.616
85.664
85.592
85.64
85.568
85.616
85.664
85.592
85.64
85.568
85.616
85.664
85.592
85.64
85.568
85.616
85.664
85.592
85.64
85.568
85.616
85.664
85.592
85.64
85.568
85.616
85.664
85.592
85.64
85.568
85.616
85.664
85.592
85.64
85.568
85.616
85.664
85.592
85.64
85.568
85.616
85.664
85.592
85.64
85.568
85.616
85.664
85.592
85.64
85.568
85.616
85.664
85.592
85.64
85.568
85.616
85.664
85.592
85.64
85.568
85.616
85.664
85.592
85.64
85.568
85.616
85.664
85.592
85.64
85.568
85.616
85.664
85.592
85.64
85.568
85.616
85.664
85.592
85.64
85.568
85.616
85.664
85.592
85.64
85.568
85.616
85.664
85.592
85.64
85.568
85.616
85.664
85.592
85.64
85.568
85.616
85.664
85.592
85.64
85.568
85.616
85.664
85.592
85.64
85.568
85.616
85.664
85.592
85.64
85.568
85.616
85.664
85.592
85.64
85.568
85.616
85.664
85.592
85.64
85.568
85.616
85.664
85.592
85.64
85.568
85.616
85.664
85.592
85.64
85.568
85.616
85.664
85.592
85.64
85.568
85.616
85.664
85.592
85.64
85.568
85.616
85.664
85.592
85.64
85.568
85.616
85.664
85.592
85.64
85.568
85.616
85.664
85.592
85.64
85.568
85.616
85.664
85.592
85.64
85.568
85.616
85.664
85.592
85.64
85.568
85.616
85.664
85.592
85.64
85.568
85.616
85.664
85.592
85.64
85.568
85.616
85.664
85.592
85.64
85.568
85.616
85.664
85.592
85.64
85.568
85.616
85.664
85.592
85.64
85.568
85.616
85.664
85.592
85.64
85.568
85.616
85.664
85.592
85.64
85.568
85.616
85.664
85.592
85.64
85.568
85.616
85.664
85.592
85.64
85.568
85.616
85.664
85.592
85.64
85.568
85.616
85.664
85.592
85.64
85.568
85.616
85.664
85.592
85.64
85.568
85.616
85.664
85.592
85.64
85.568
85.616
85.664
85.592
85.64
85.568
85.616
85.664
85.592
85.64
85.568
85.616
85.664
85.592
85.64
85.568
85.616
85.664
85.592
85.64
85.568
85.616
85.664
85.592
85.64
85.568
85.616
85.664
85.592
85.64
85.568
85.616
85.664
85.592
85.64
85.568
85.616
85.664
85.592
85.64
85.568
85.616
85.664
85.592
85.64
85.568
85.616
85.664
85.592
85.64
85.568
85.616
85.664
85.592
85.64
85.568
85.616
85.664
85.592
85.64
85.568
85.616
85.664
85.592
85.64
85.568
85.616
85.664
85.592
85.64
85.568
85.616
85.664
85.592
85.64
85.568
85.616
85.664
85.592
85.64
85.568
85.616
85.664
85.592
85.64
85.568
85.616
85.664
85.592
85.64
85.568
85.616
85.664
85.592
85.64
85.568
85.616
85.664
85.592
85.64
85.568
85.616
85.664
85.592
85.64
85.568
85.616
85.664
85.592
85.64
85.568
85.616
85.664
85.592
85.64
85.568
85.616
85.664
85.592
85.64
85.568
85.616
85.664
85.592
85.64
85.568
85.616
85.664
85.592
85.64
85.568
85.616
85.664
85.592
85.64
85.568
85.616
85.664
85.592
85.64
85.568
85.616
85.664
85.592
85.64
85.568
85.616
85.664
85.592
85.64
85.568
85.616
85.664
85.592
85.64
85.568
85.616
85.664
85.592
85.64
85.568
85.616
85.664
85.592
85.64
85.568
85.616
85.664
85.592
85.64
85.568
85.616
85.664
85.592
85.64
85.568
85.616
85.664
85.592
85.64
85.568
85.616
85.664
85.592
85.64
85.568
85.616
85.664
85.592
85.64
85.568
85.616
85.664
85.592
85.64
85.568
85.616
85.664
85.592
85.64
85.568
85.616
85.664
85.592
85.64
85.568
85.616
85.664
85.592
85.64
85.568
85.616
85.664
85.592
85.64
85.568
85.616
85.664
85.592
85.64
85.568
85.616
85.664
85.592
85.64
85.568
85.616
85.664
85.592
85.64
85.568
85.616
85.664
85.592
85.64
85.568
85.616
85.664
85.592
85.64
85.568
85.616
85.664
85.592
85.64
85.568
85.616
85.664
85.592
85.64
85.568
85.616
85.664
85.592
85.64
85.568
85.616
85.664
85.592
85.64
85.568
85.616
85.664
85.592
85.64
85.568
85.616
85.664
85.592
85.64
85.568
85.616
85.664
85.592
85.64
85.568
85.616
85.664
85.592
85.64
85.568
85.616
85.664
85.592
85.64
85.568
85.616
85.664
85.592
85.64
85.568
85.616
85.664
85.592
85.64
85.568
85.616
85.664
85.592
85.64
85.568
85.616
85.664
85.592
85.64
85.568
85.616
85.664
85.592
85.64
85.568
85.616
85.664
85.592
85.64
85.568
85.616
85.664
85.592
85.64
85.568
85.616
85.664
85.592
85.64
85.568
85.616
85.664
85.592
85.64
85.568
85.616
85.664
85.592
85.64
85.568
85.616
85.664
85.592
85.64
85.568
85.616
85.664
85.592
85.64
85.568
85.616
85.664
85.592
85.64
85.568
85.616
85.664
85.592
85.64
85.568
85.616
85.664
85.592
85.64
85.568
85.616
85.664
85.592
85.64
85.568
85.616
85.664
85.592
85.64
85.568
85.616
85.664
85.592
85.64
85.568
85.616
85.664
85.592
85.64
85.568
85.616
85.664
85.592
85.64
85.568
85.616
85.664
85.592
85.64
85.568
85.616
85.664
85.592
85.64
85.568
85.616
85.664
85.592
85.64
85.568
85.616
85.664
85.592
85.64
85.568
85.616
85.664
85.592
85.64
85.568
85.616
85.664
85.592
85.64
85.568
85.616
85.664
85.592
85.64
85.568
85.616
85.664
85.592
85.64
85.568
85.616
85.664
85.592
85.64
85.568
85.616
85.664
85.592
85.64
85.568
85.616
85.664
85.592
85.64
85.568
85.616
85.664
85.592
85.64
85.568
85.616
85.664
85.592
85.64
85.568
85.616
85.664
85.592
85.64
85.568
85.616
85.664
85.592
85.64
85.568
85.616
85.664
85.592
85.64
85.568
85.616
85.664
85.592
85.64
85.568
85.616
85.664
85.592
85.64
85.568
85.616
85.664
85.592
85.64
85.568
85.616
85.664
85.592
85.64
85.568
85.616
85.664
85.592
85.64
85.568
85.616
85.664
85.592
85.64
85.568
85.616
85.664
85.592
85.64
85.568
85.616
85.664
85.592
85.64
85.568
85.616
85.664
85.592
85.64
85.568
85.616
85.664
85.592
85.64
85.568
85.616
85.664
85.592
85.64
85.568
85.616
85.664
85.592
85.64
85.568
85.616
85.664
85.592
85.64
85.568
85.616
85.664
85.592
85.64
85.568
85.616
85.664
85.592
85.64
85.568
85.616
85.664
85.592
85.64
85.568
85.616
85.664
85.592
85.64
85.568
85.616
85.664
85.592
85.64
85.568
85.616
85.664
85.592
85.64
85.568
85.616
85.664
85.592
85.64
85.568
85.616
85.664
85.592
85.64
85.568
85.616
85.664
85.592
85.64
85.568
85.616
85.664
85.592
85.64
85.568
85.616
85.664
85.592
85.64
85.568
85.616
85.664
85.592
85.64
85.568
85.616
85.664
85.592
85.64
85.568
85.616
85.664
85.592
85.64
85.568
85.616
85.664
85.592
85.64
85.568
85.616
85.664
85.592
85.64
85.568
85.616
85.664
85.592
85.64
85.568
85.616
85.664
85.592
85.64
85.568
85.616
85.664
85.592
85.64
85.568
85.616
85.664
85.592
85.64
85.568
85.616
85.664
85.592
85.64
85.568
85.616
85.664
85.592
85.64
85.568
85.616
85.664
85.592
85.64
85.568
85.616
85.664
85.592
85.64
85.568
85.616
85.664
85.592
85.64
85.568
85.616
85.664
85.592
85.64
85.568
85.616
85.664
85.592
85.64
85.568
85.616
85.664
85.592
85.64
85.568
85.616
85.664
85.592
85.64
85.568
85.616
85.664
85.592
85.64
85.568
85.616
85.664
85.592
85.64
85.568
85.616
85.664
85.592
85.64
85.568
85.616
85.664
85.592
85.64
85.568
85.616
85.664
85.592
85.64
85.568
85.616
85.664
85.592
85.64
85.568
85.616
85.664
85.592
85.64
85.568
85.616
85.664
85.592
85.64
85.568
85.616
85.664
85.592
85.64
85.568
85.616
85.664
85.592
85.64
85.568
85.616
85.664
85.592
85.64
85.568
85.616
85.664
85.592
85.64
85.568
85.616
85.664
85.592
85.64
85.568
85.616
85.664
85.592
85.64
85.568
85.616
85.664
85.592
85.64
85.568
85.616
85.664
85.592
85.64
85.568
85.616
85.664
85.592
85.64
85.568
85.616
85.664
85.592
85.64
85.568
85.616
85.664
85.592
85.64
85.568
85.616
85.664
85.592
85.64
85.568
85.616
85.664
85.592
85.64
85.568
85.616
85.664
85.592
85.64
85.568
85.616
85.664
85.592
85.64
85.568
85.616
85.664
85.592
85.64
85.568
85.616
85.664
85.592
85.64
85.568
85.616
85.664
85.592
85.64
85.568
85.616
85.664
85.592
85.64
85.568
85.616
85.664
85.592
85.64
85.568
85.616
85.664
85.592
85.64
85.568
85.616
85.664
85.592
85.64
85.568
85.616
85.664
85.592
85.64
85.568
85.616
85.664
85.592
85.64
85.568
85.616
85.664
85.592
85.64
85.568
85.616
85.664
85.592
85.64
85.568
85.616
85.664
85.592
85.64
85.568
85.616
85.664
85.592
85.64
85.568
85.616
85.664
85.592
85.64
85.568
85.616
85.664
85.592
85.64
85.568
85.616
85.664
85.592
85.64
85.568
85.616
85.664
85.592
85.64
85.568
85.616
85.664
85.592
85.64
85.568
85.616
85.664
85.592
85.64
85.568
85.616
85.664
85.592
85.64
85.568
85.616
85.664
85.592
85.64
85.568
85.616
85.664
85.592
85.64
85.568
85.616
85.664
85.592
85.64
85.568
85.616
85.664
85.592
85.64
85.568
85.616
85.664
85.592
85.64
85.568
85.616
85.664
85.592
85.64
85.568
85.616
85.664
85.592
85.64
85.568
85.616
85.664
85.592
85.64
85.568
85.616
85.664
85.592
85.64
85.568
85.616
85.664
85.592
85.64
85.568
85.616
85.664
85.592
85.64
85.568
85.616
85.664
85.592
85.64
85.568
85.616
85.664
85.592
85.64
85.568
85.616
85.664
85.592
85.64
85.568
85.616
85.664
85.592
85.64
85.568
85.616
85.664
85.592
85.64
85.568
85.616
85.664
85.592
85.64
85.568
85.616
85.664
85.592
85.64
85.568
85.616
85.664
85.592
85.64
85.568
85.616
85.664
85.592
85.64
85.568
85.616
85.664
85.592
85.64
85.568
85.616
85.664
85.592
85.64
85.568
85.616
85.664
85.592
85.64
85.568
85.616
85.664
85.592
85.64
85.568
85.616
85.664
85.592
85.64
85.568
85.616
85.664
85.592
85.64
85.568
85.616
85.664
85.592
85.64
85.568
85.616
85.664
85.592
85.64
85.568
85.616
85.664
85.592
85.64
85.568
85.616
85.664
85.592
85.64
85.568
85.616
85.664
85.592
85.64
85.568
85.616
85.664
85.592
85.64
85.568
85.616
85.664
85.592
85.64
85.568
85.616
85.664
85.592
85.64
85.568
85.616
85.664
85.592
85.64
85.568
85.616
85.664
85.592
85.64
85.568
85.616
85.664
85.592
85.64
85.568
85.616
85.664
85.592
85.64
85.568
85.616
85.664
85.592
85.64
85.568
85.616
85.664
85.592
85.64
85.568
85.616
85.664
85.592
85.64
85.568
85.616
85.664
85.592
85.64
85.568
85.616
85.664
85.592
85.64
85.568
85.616
85.664
85.592
85.64
85.568
85.616
85.664
85.592
85.64
85.568
85.616
85.664
85.592
85.64
85.568
85.616
85.664
85.592
85.64
85.568
85.616
85.664
85.592
85.64
85.568
85.616
85.664
85.592
85.64
85.568
85.616
85.664
85.592
85.64
85.568
85.616
85.664
85.592
85.64
85.568
85.616
85.664
85.592
85.64
85.568
85.616
85.664
85.592
85.64
85.568
85.616
85.664
85.592
85.64
85.568
85.616
85.664
85.592
85.64
85.568
85.616
85.664
85.592
85.64
85.568
85.616
85.664
85.592
85.64
85.568
85.616
85.664
85.592
85.64
85.568
85.616
85.664
85.592
85.64
85.568
85.616
85.664
85.592
85.64
85.568
85.616
85.664
85.592
85.64
85.568
85.616
85.664
85.592
85.64
85.568
85.616
85.664
85.592
85.64
85.568
85.616
85.664
85.592
85.64
85.568
85.616
85.664
85.592
85.64
85.568
85.616
85.664
85.592
85.64
85.568
85.616
85.664
85.592
85.64
85.568
85.616
85.664
85.592
85.64
85.568
85.616
85.664
85.592
85.64
85.568
85.616
85.664
85.592
85.64
85.568
85.616
85.664
85.592
85.64
85.568
85.616
85.664
85.592
85.64
85.568
85.616
85.664
85.592
85.64
85.568
85.616
85.664
85.592
85.64
85.568
85.616
85.664
85.592
85.64
85.568
85.616
85.664
85.592
85.64
85.568
85.616
85.664
85.592
85.64
85.568
85.616
85.664
85.592
85.64
85.568
85.616
85.664
85.592
85.64
85.568
85.616
85.664
85.592
85.64
85.568
85.616
85.664
85.592
85.64
85.568
85.616
85.664
85.592
85.64
85.568
85.616
85.664
85.592
85.64
85.568
85.616
85.664
85.592
85.64
85.568
85.616
85.664
85.592
85.64
85.568
85.616
85.664
85.592
85.64
85.568
85.616
85.664
85.592
85.64
85.568
85.616
85.664
85.592
85.64
85.568
85.616
85.664
85.592
85.64
85.568
85.616
85.664
85.592
85.64
85.568
85.616
85.664
85.592
85.64
85.568
85.616
85.664
85.592
85.64
85.568
85.616
85.664
85.592
85.64
85.568
85.616
85.664
85.592
85.64
85.568
85.616
85.664
85.592
85.64
85.568
85.616
85.664
85.592
85.64
85.568
85.616
85.664
85.592
85.64
85.568
85.616
85.664
85.592
85.64
85.568
85.616
85.664
85.592
85.64
85.568
85.616
85.664
85.592
85.64
85.568
85.616
85.664
85.592
85.64
85.568
85.616
85.664
85.592
85.64
85.568
85.616
85.664
85.592
85.64
85.568
85.616
85.664
85.592
85.64
85.568
85.616
85.664
85.592
85.64
85.568
85.616
85.664
85.592
85.64
85.568
85.616
85.664
85.592
85.64
85.568
85.616
85.664
85.592
85.64
85.568
85.616
85.664
85.592
85.64
85.568
85.616
85.664
85.592
85.64
85.568
85.616
85.664
85.592
85.64
85.568
85.616
85.664
85.592
85.64
85.568
85.616
85.664
85.592
85.64
85.568
85.616
85.664
85.592
85.64
85.568
85.616
85.664
85.592
85.64
85.568
85.616
85.664
85.592
85.64
85.568
85.616
85.664
85.592
85.64
85.568
85.616
85.664
85.592
85.64
85.568
85.616
85.664
85.592
85.64
85.568
85.616
85.664
85.592
85.64
85.568
85.616
85.664
85.592
85.64
85.568
85.616
85.664
85.592
85.64
85.568
85.616
85.664
85.592
85.64
85.568
85.616
85.664
85.592
85.64
85.568
85.616
85.664
85.592
85.64
85.568
85.616
85.664
85.592
85.64
85.568
85.616
85.664
85.592
85.64
85.568
85.616
85.664
85.592
85.64
85.568
85.616
85.664
85.592
85.64
85.568
85.616
85.664
85.592
85.64
85.568
85.616
85.664
85.592
85.64
85.568
85.616
85.664
85.592
85.64
85.568
85.616
85.664
85.592
85.64
85.568
85.616
85.664
85.592
85.64
85.568
85.616
85.664
85.592
85.64
85.568
85.616
85.664
85.592
85.64
85.568
85.616
85.664
85.592
85.64
85.568
85.616
85.664
85.592
85.64
85.568
85.616
85.664
85.592
85.64
85.568
85.616
85.664
85.592
85.64
85.568
85.616
85.664
85.592
85.64
85.568
85.616
85.664
85.592
85.64
85.568
85.616
85.664
85.592
85.64
85.568
85.616
85.664
85.592
85.64
85.568
85.616
85.664
85.592
85.64
85.568
85.616
85.664
85.592
85.64
85.568
85.616
85.664
85.592
85.64
85.568
85.616
85.664
85.592
85.64
85.568
85.616
85.664
85.592
85.64
85.568
85.616
85.664
85.592
85.64
85.568
85.616
85.664
85.592
85.64
85.568
85.616
85.664
85.592
85.64
85.568
85.616
85.664
85.592
85.64
85.568
85.616
85.664
85.592
85.64
85.568
85.616
85.664
85.592
85.64
85.568
85.616
85.664
85.592
85.64
85.568
85.616
85.664
85.592
85.64
85.568
85.616
85.664
85.592
85.64
85.568
85.616
85.664
85.592
85.64
85.568
85.616
85.664
85.592
85.64
85.568
85.616
85.664
85.592
85.64
85.568
85.616
85.664
85.592
85.64
85.568
85.616
85.664
85.592
85.64
85.568
85.616
85.664
85.592
85.64
85.568
85.616
85.664
85.592
85.64
85.568
85.616
85.664
85.592
85.64
85.568
85.616
85.664
85.592
85.64
85.568
85.616
85.664
85.592
85.64
85.568
85.616
85.664
85.592
85.64
85.568
85.616
85.664
85.592
85.64
85.568
85.616
85.664
85.592
85.64
85.568
85.616
85.664
85.592
85.64
85.568
85.616
85.664
85.592
85.64
85.568
85.616
85.664
85.592
85.64
85.568
85.616
85.664
85.592
85.64
85.568
85.616
85.664
85.592
85.64
85.568
85.616
85.664
85.592
85.64
85.568
85.616
85.664
85.592
85.64
85.568
85.616
85.664
85.592
85.64
85.568
85.616
85.664
85.592
85.64
85.568
85.616
85.664
85.592
85.64
85.568
85.616
85.664
85.592
85.64
85.568
85.616
85.664
85.592
85.64
85.568
85.616
85.664
85.592
85.64
85.568
85.616
85.664
85.592
85.64
85.568
85.616
85.664
85.592
85.64
85.568
85.616
85.664
85.592
85.64
85.568
85.616
85.664
85.592
85.64
85.568
85.616
85.664
85.592
85.64
85.568
85.616
85.664
85.592
85.64
85.568
85.616
85.664
85.592
85.64
85.568
85.616
85.664
85.592
85.64
85.568
85.616
85.664
85.592
85.64
85.568
85.616
85.664
85.592
85.64
85.568
85.616
85.664
85.592
85.64
85.568
85.616
85.664
85.592
85.64
85.568
85.616
85.664
85.592
85.64
85.568
85.616
85.664
85.592
85.64
85.568
85.616
85.664
85.592
85.64
85.568
85.616
85.664
85.592
85.64
85.568
85.616
85.664
85.592
85.64
85.568
85.616
85.664
85.592
85.64
85.568
85.616
85.664
85.592
85.64
85.568
85.616
85.664
85.592
85.64
85.568
85.616
85.664
85.592
85.64
85.568
85.616
85.664
85.592
85.64
85.568
85.616
85.664
85.592
85.64
85.568
85.616
85.664
85.592
85.64
85.568
85.616
85.664
85.592
85.64
85.568
85.616
85.664
85.592
85.64
85.568
85.616
85.664
85.592
85.64
85.568
85.616
85.664
85.592
85.64
85.568
85.616
85.664
85.592
85.64
85.568
85.616
85.664
85.592
85.64
85.568
85.616
85.664
85.592
85.64
85.568
85.616
85.664
85.592
85.64
85.568
85.616
85.664
85.592
85.64
85.568
85.616
85.664
85.592
85.64
85.568
85.616
85.664
85.592
85.64
85.568
85.616
85.664
85.592
85.64
85.568
85.616
85.664
85.592
85.64
85.568
85.616
85.664
85.592
85.64
85.568
85.616
85.664
85.592
85.64
85.568
85.616
85.664
85.592
85.64
85.568
85.616
85.664
85.592
85.64
85.568
85.616
85.664
85.592
85.64
85.568
85.616
85.664
85.592
85.64
85.568
85.616
85.664
85.592
85.64
85.568
85.616
85.664
85.592
85.64
85.568
85.616
85.664
85.592
85.64
85.568
85.616
85.664
85.592
85.64
85.568
85.616
85.664
85.592
85.64
85.568
85.616
85.664
85.592
85.64
85.568
85.616
85.664
85.592
85.64
85.568
85.616
85.664
85.592
85.64
85.568
85.616
85.664
85.592
85.64
85.568
85.616
85.664
85.592
85.64
85.568
85.616
85.664
85.592
85.64
85.568
85.616
85.664
85.592
85.64
85.568
85.616
85.664
85.592
85.64
85.568
85.616
85.664
85.592
85.64
85.568
85.616
85.664
85.592
85.64
85.568
85.616
85.664
85.592
85.64
85.568
85.616
85.664
85.592
85.64
85.568
85.616
85.664
85.592
85.64
85.568
85.616
85.664
85.592
85.64
85.568
85.616
85.664
85.592
85.64
85.568
85.616
85.664
85.592
85.64
85.568
85.616
85.664
85.592
85.64
85.568
85.616
85.664
85.592
85.64
85.568
85.616
85.664
85.592
85.64
85.568
85.616
85.664
85.592
85.64
85.568
85.616
85.664
85.592
85.64
85.568
85.616
85.664
85.592
85.64
85.568
85.616
85.664
85.592
85.64
85.568
85.616
85.664
85.592
85.64
85.568
85.616
85.664
85.592
85.64
85.568
85.616
85.664
85.592
85.64
85.568
85.616
85.664
85.592
85.64
85.568
85.616
85.664
85.592
85.64
85.568
85.616
85.664
85.592
85.64
85.568
85.616
85.664
85.592
85.64
85.568
85.616
85.664
85.592
85.64
85.568
85.616
85.664
85.592
85.64
85.568
85.616
85.664
85.592
85.64
85.568
85.616
85.664
85.592
85.64
85.568
85.616
85.664
85.592
85.64
85.568
85.616
85.664
85.592
85.64
85.568
85.616
85.664
85.592
85.64
85.568
85.616
85.664
85.592
85.64
85.568
85.616
85.664
85.592
85.64
85.568
85.616
85.664
85.592
85.64
85.568
85.616
85.664
85.592
85.64
85.568
85.616
85.664
85.592
85.64
85.568
85.616
85.664
85.592
85.64
85.568
85.616
85.664
85.592
85.64
85.568
85.616
85.664
85.592
85.64
85.568
85.616
85.664
85.592
85.64
85.568
85.616
85.664
85.592
85.64
85.568
85.616
85.664
85.592
85.64
85.568
85.616
85.664
85.592
85.64
85.568
85.616
85.664
85.592
85.64
85.568
85.616
85.664
85.592
85.64
85.568
85.616
85.664
85.592
85.64
85.568
85.616
85.664
85.592
85.64
85.568
85.616
85.664
85.592
85.64
85.568
85.616
85.664
85.592
85.64
85.568
85.616
85.664
85.592
85.64
85.568
85.616
85.664
85.592
85.64
85.568
85.616
85.664
85.592
85.64
85.568
85.616
85.664
85.592
85.64
85.568
85.616
85.664
85.592
85.64
85.568
85.616
85.664
85.592
85.64
85.568
85.616
85.664
85.592
85.64
85.568
85.616
85.664
85.592
85.64
85.568
85.616
85.664
85.592
85.64
85.568
85.616
85.664
85.592
85.64
85.568
85.616
85.664
85.592
85.64
85.568
85.616
85.664
85.592
85.64
85.568
85.616
85.664
85.592
85.64
85.568
85.616
85.664
85.592
85.64
85.568
85.616
85.664
85.592
85.64
85.568
85.616
85.664
85.592
85.64
85.568
85.616
85.664
85.592
85.64
85.568
85.616
85.664
85.592
85.64
85.568
85.616
85.664
85.592
85.64
85.568
85.616
85.664
85.592
85.64
85.568
85.616
85.664
85.592
85.64
85.568
85.616
85.664
85.592
85.64
85.568
85.616
85.664
85.592
85.64
85.568
85.616
85.664
85.592
85.64
85.568
85.616
85.664
85.592
85.64
85.568
85.616
85.664
85.592
85.64
85.568
85.616
85.664
85.592
85.64
85.568
85.616
85.664
85.592
85.64
85.568
85.616
85.664
85.592
85.64
85.568
85.616
85.664
85.592
85.64
85.568
85.616
85.664
85.592
85.64
85.568
85.616
85.664
85.592
85.64
85.568
85.616
85.664
85.592
85.64
85.568
85.616
85.664
85.592
85.64
85.568
85.616
85.664
85.592
85.64
85.568
85.616
85.664
85.592
85.64
85.568
85.616
85.664
85.592
85.64
85.568
85.616
85.664
85.592
85.64
85.568
85.616
85.664
85.592
85.64
85.568
85.616
85.664
85.592
85.64
85.568
85.616
85.664
85.592
85.64
85.568
85.616
85.664
85.592
85.64
85.568
85.616
85.664
85.592
85.64
85.568
85.616
85.664
85.592
85.64
85.568
85.616
85.664
85.592
85.64
85.568
85.616
85.664
85.592
85.64
85.568
85.616
85.664
85.592
85.64
85.568
85.616
85.664
85.592
85.64
85.568
85.616
85.664
85.592
85.64
85.568
85.616
85.664
85.592
85.64
85.568
85.616
85.664
85.592
85.64
85.568
85.616
85.664
85.592
85.64
85.568
85.616
85.664
85.592
85.64
85.568
85.616
85.664
85.592
85.64
85.568
85.616
85.664
85.592
85.64
85.568
85.616
85.664
85.592
85.64
85.568
85.616
85.664
85.592
85.64
85.568
85.616
85.664
85.592
85.64
85.568
85.616
85.664
85.592
85.64
85.568
85.616
85.664
85.592
85.64
85.568
85.616
85.664
85.592
85.64
85.568
85.616
85.664
85.592
85.64
85.568
85.616
85.664
85.592
85.64
85.568
85.616
85.664
85.592
85.64
85.568
85.616
85.664
85.592
85.64
85.568
85.616
85.664
85.592
85.64
85.568
85.616
85.664
85.592
85.64
85.568
85.616
85.664
85.592
85.64
85.568
85.616
85.664
85.592
85.64
85.568
85.616
85.664
85.592
85.64
85.568
85.616
85.664
85.592
85.64
85.568
85.616
85.664
85.592
85.64
85.568
85.616
85.664
85.592
85.64
85.568
85.616
85.664
85.592
85.64
85.568
85.616
85.664
85.592
85.64
85.568
85.616
85.664
85.592
85.64
85.568
85.616
85.664
85.592
85.64
85.568
85.616
85.664
85.592
85.64
85.568
85.616
85.664
85.592
85.64
85.568
85.616
85.664
85.592
85.64
85.568
85.616
85.664
85.592
85.64
85.568
85.616
85.664
85.592
85.64
85.568
85.616
85.664
85.592
85.64
85.568
85.616
85.664
85.592
85.64
85.568
85.616
85.664
85.592
85.64
85.568
85.616
85.664
85.592
85.64
85.568
85.616
85.664
85.592
85.64
85.568
85.616
85.664
85.592
85.64
85.568
85.616
85.664
85.592
85.64
85.568
85.616
85.664
85.592
85.64
85.568
85.616
85.664
85.592
85.64
85.568
85.616
85.664
85.592
85.64
85.568
85.616
85.664
85.592
85.64
85.568
85.616
85.664
85.592
85.64
85.568
85.616
85.664
85.592
85.64
85.568
85.616
85.664
85.592
85.64
85.568
85.616
85.664
85.592
85.64
85.568
85.616
85.664
85.592
85.64
85.568
85.616
85.664
85.592
85.64
85.568
85.616
85.664
85.592
85.64
85.568
85.616
85.664
85.592
85.64
85.568
85.616
85.664
85.592
85.64
85.568
85.616
85.664
85.592
85.64
85.568
85.616
85.664
85.592
85.64
85.568
85.616
85.664
85.592
85.64
85.568
85.616
85.664
85.592
85.64
85.568
85.616
85.664
85.592
85.64
85.568
85.616
85.664
85.592
85.64
85.568
85.616
85.664
85.592
85.64
85.568
85.616
85.664
85.592
85.64
85.568
85.616
85.664
85.592
85.64
85.568
85.616
85.664
85.592
85.64
85.568
85.616
85.664
85.592
85.64
85.568
85.616
85.664
85.592
85.64
85.568
85.616
85.664
85.592
85.64
85.568
85.616
85.664
85.592
85.64
85.568
85.616
85.664
85.592
85.64
85.568
85.616
85.664
85.592
85.64
85.568
85.616
85.664
85.592
85.64
85.568
85.616
85.664
85.592
85.64
85.568
85.616
85.664
85.592
85.64
85.568
85.616
85.664
85.592
85.64
85.568
85.616
85.664
85.592
85.64
85.568
85.616
85.664
85.592
85.64
85.568
85.616
85.664
85.592
85.64
85.568
85.616
85.664
85.592
85.64
85.568
85.616
85.664
85.592
85.64
85.568
85.616
85.664
85.592
85.64
85.568
85.616
85.664
85.592
85.64
85.568
85.616
85.664
85.592
85.64
85.568
85.616
85.664
85.592
85.64
85.568
85.616
85.664
85.592
85.64
85.568
85.616
85.664
85.592
85.64
85.568
85.616
85.664
85.592
85.64
85.568
85.616
85.664
85.592
85.64
85.568
85.616
85.664
85.592
85.64
85.568
85.616
85.664
85.592
85.64
85.568
85.616
85.664
85.592
85.64
85.568
85.616
85.664
85.592
85.64
85.568
85.616
85.664
85.592
85.64
85.568
85.616
85.664
85.592
85.64
85.568
85.616
85.664
85.592
85.64
85.568
85.616
85.664
85.592
85.64
85.568
85.616
85.664
85.592
85.64
85.568
85.616
85.664
85.592
85.64
85.568
85.616
85.664
85.592
85.64
85.568
85.616
85.664
85.592
85.64
85.568
85.616
85.664
85.592
85.64
85.568
85.616
85.664
85.592
85.64
85.568
85.616
85.664
85.592
85.64
85.568
85.616
85.664
85.592
85.64
85.568
85.616
85.664
85.592
85.64
85.568
85.616
85.664
85.592
85.64
85.568
85.616
85.664
85.592
85.64
85.568
85.616
85.664
85.592
85.64
85.568
85.616
85.664
85.592
85.64
85.568
85.616
85.664
85.592
85.64
85.568
85.616
85.664
85.592
85.64
85.568
85.616
85.664
85.592
85.64
85.568
85.616
85.664
85.592
85.64
85.568
85.616
85.664
85.592
85.64
85.568
85.616
85.664
85.592
85.64
85.568
85.616
85.664
85.592
85.64
85.568
85.616
85.664
85.592
85.64
85.568
85.616
85.664
85.592
85.64
85.568
85.616
85.664
85.592
85.64
85.568
85.616
85.664
85.592
85.64
85.568
85.616
85.664
85.592
85.64
85.568
85.616
85.664
85.592
85.64
85.568
85.616
85.664
85.592
85.64
85.568
85.616
85.664
85.592
85.64
85.568
85.616
85.664
85.592
85.64
85.568
85.616
85.664
85.592
85.64
85.568
85.616
85.664
85.592
85.64
85.568
85.616
85.664
85.592
85.64
85.568
85.616
85.664
85.592
85.64
85.568
85.616
85.664
85.592
85.64
85.568
85.616
85.664
85.592
85.64
85.568
85.616
85.664
85.592
85.64
85.568
85.616
85.664
85.592
85.64
85.568
85.616
85.664
85.592
85.64
85.568
85.616
85.664
85.592
85.64
85.568
85.616
85.664
85.592
85.64
85.568
85.616
85.664
85.592
85.64
85.568
85.616
85.664
85.592
85.64
85.568
85.616
85.664
85.592
85.64
85.568
85.616
85.664
85.592
85.64
85.568
85.616
85.664
85.592
85.64
85.568
85.616
85.664
85.592
85.64
85.568
85.616
85.664
85.592
85.64
85.568
85.616
85.664
85.592
85.64
85.568
85.616
85.664
85.592
85.64
85.568
85.616
85.664
85.592
85.64
85.568
85.616
85.664
85.592
85.64
85.568
85.616
85.664
85.592
85.64
85.568
85.616
85.664
85.592
85.64
85.568
85.616
85.664
85.592
85.64
85.568
85.616
85.664
85.592
85.64
85.568
85.616
85.664
85.592
85.64
85.568
85.616
85.664
85.592
85.64
85.568
85.616
85.664
85.592
85.64
85.568
85.616
85.664
85.592
85.64
85.568
85.616
85.664
85.592
85.64
85.568
85.616
85.664
85.592
85.64
85.568
85.616
85.664
85.592
85.64
85.568
85.616
85.664
85.592
85.64
85.568
85.616
85.664
85.592
85.64
85.568
85.616
85.664
85.592
85.64
85.568
85.616
85.664
85.592
85.64
85.568
85.616
85.664
85.592
85.64
85.568
85.616
85.664
85.592
85.64
85.568
85.616
85.664
85.592
85.64
85.568
85.616
85.664
85.592
85.64
85.568
85.616
85.664
85.592
85.64
85.568
85.616
85.664
85.592
85.64
85.568
85.616
85.664
85.592
85.64
85.568
85.616
85.664
85.592
85.64
85.568
85.616
85.664
85.592
85.64
85.568
85.616
85.664
85.592
85.64
85.568
85.616
85.664
85.592
85.64
85.568
85.616
85.664
85.592
85.64
85.568
85.616
85.664
85.592
85.64
85.568
85.616
85.664
85.592
85.64
85.568
85.616
85.664
85.592
85.64
85.568
85.616
