37.304
37.352
37.4
37.448
37.496
37.544
37.592
37.64
37.688
37.736
37.784
37.832
37.88
37.928
37.976
38.024
38.072
38.12
38.168
38.216
38.264
38.312
38.36
38.408
38.456
38.504
38.552
38.6
38.648
38.696
38.744
38.792
38.84
38.888
38.936
38.984
39.032
39.08
39.128
39.176
39.224
39.272
39.32
39.368
39.416
39.464
39.512
39.56
39.608
39.656
39.704
39.752
39.8
39.848
39.896
39.944
39.992
40.04
40.088
40.136
40.184
40.232
40.28
40.328
40.376
40.424
40.472
40.52
40.568
40.616
40.664
40.712
40.76
40.808
40.856
40.904
40.952
41
41.048
41.096
41.144
41.192
41.24
41.288
41.336
41.384
41.432
41.48
41.528
41.576
41.624
41.672
41.72
41.768
41.816
41.864
41.912
41.96
42.008
42.056
42.104
42.152
42.2
42.248
42.296
42.344
42.392
42.44
42.488
42.536
42.584
42.632
42.68
42.728
42.776
42.824
42.872
42.92
42.968
43.016
43.064
43.112
43.16
43.208
43.256
43.304
43.352
43.4
43.448
43.496
43.544
43.592
43.64
43.688
43.736
43.784
43.832
43.88
43.928
43.976
44.024
44.072
44.12
44.168
44.216
44.264
44.312
44.36
44.408
44.456
44.504
44.552
44.6
44.648
44.696
44.744
44.792
44.84
44.888
44.936
44.984
45.032
45.08
45.128
45.176
45.224
45.272
45.32
45.368
45.416
45.464
45.512
45.56
45.608
45.656
45.704
45.752
45.8
45.848
45.896
45.944
45.992
46.04
46.088
46.136
46.184
46.232
46.28
46.328
46.376
46.424
46.472
46.52
46.568
46.616
46.664
46.712
46.76
46.808
46.856
46.904
46.952
47
47.048
47.096
47.144
47.192
47.24
47.288
47.336
47.384
47.432
47.48
47.528
47.576
47.624
47.672
47.72
47.768
47.816
47.864
47.912
47.96
48.008
48.056
48.104
48.152
48.2
48.248
48.296
48.344
48.392
48.44
48.488
48.536
48.584
48.632
48.68
48.728
48.776
48.824
48.872
48.92
48.968
49.016
49.064
49.112
49.16
49.208
49.256
49.304
49.352
49.4
49.448
49.496
49.544
49.592
49.64
49.688
49.736
49.784
49.832
49.88
49.928
49.976
50.024
50.072
50.12
50.168
50.216
50.264
50.312
50.36
50.408
50.456
50.504
50.552
50.6
50.648
50.696
50.744
50.792
50.84
50.888
50.936
50.984
51.032
51.08
51.128
51.176
51.224
51.272
51.32
51.368
51.416
51.464
51.512
51.56
51.608
51.656
51.704
51.752
51.8
51.848
51.896
51.944
51.992
52.04
52.088
52.136
52.184
52.232
52.28
52.328
52.376
52.424
52.472
52.52
52.568
52.616
52.664
52.712
52.76
52.808
52.856
52.904
52.952
53
53.048
53.096
53.144
53.192
53.24
53.288
53.336
53.384
53.432
53.48
53.528
53.576
53.624
53.672
53.72
53.768
53.816
53.864
53.912
53.96
54.008
54.056
54.104
54.152
54.2
54.248
54.296
54.344
54.392
54.44
54.488
54.536
54.584
54.632
54.68
54.728
54.776
54.824
54.872
54.92
54.968
55.016
55.064
55.112
55.16
55.208
55.256
55.304
55.352
55.4
55.448
55.496
55.544
55.592
55.64
55.688
55.736
55.784
55.832
55.88
55.928
55.976
56.024
56.072
56.12
56.168
56.216
56.264
56.312
56.36
56.408
56.456
56.504
56.552
56.6
56.648
56.696
56.744
56.792
56.84
56.888
56.936
56.984
57.032
57.08
57.128
57.176
57.224
57.272
57.32
57.368
57.416
57.464
57.512
57.56
57.608
57.656
57.704
57.752
57.8
57.848
57.896
57.944
57.992
58.04
58.088
58.136
58.184
58.232
58.28
58.328
58.376
58.424
58.472
58.52
58.568
58.616
58.664
58.712
58.76
58.808
58.856
58.904
58.952
59
59.048
59.096
59.144
59.192
59.24
59.288
59.336
59.384
59.432
59.48
59.528
59.576
59.624
59.672
59.72
59.768
59.816
59.864
59.912
59.96
60.008
60.056
60.104
60.152
60.2
60.248
60.296
60.344
60.392
60.44
60.488
60.536
60.584
60.632
60.68
60.728
60.776
60.824
60.872
60.92
60.968
61.016
61.064
61.112
61.16
61.208
61.256
61.304
61.352
61.4
61.448
61.496
61.544
61.592
61.64
61.688
61.736
61.784
61.832
61.88
61.928
61.976
62.024
62.072
62.12
62.168
62.216
62.264
62.312
62.36
62.408
62.456
62.504
62.552
62.6
62.648
62.696
62.744
62.792
62.84
62.888
62.936
62.984
63.032
63.08
63.128
63.176
63.224
63.272
63.32
63.368
63.416
63.464
63.512
63.56
63.608
63.656
63.704
63.752
63.8
63.848
63.896
63.944
63.992
64.04
64.088
64.136
64.184
64.232
64.28
64.328
64.376
64.424
64.472
64.52
64.568
64.616
64.664
64.712
64.76
64.808
64.856
64.904
64.952
65
65.048
65.096
65.144
65.192
65.24
65.288
65.336
65.384
65.432
65.48
65.528
65.576
65.624
65.672
65.72
65.768
65.816
65.864
65.912
65.96
66.008
66.056
66.104
66.152
66.2
66.248
66.296
66.344
66.392
66.44
66.488
66.536
66.584
66.632
66.68
66.728
66.776
66.824
66.872
66.92
66.968
67.016
67.064
67.112
67.16
67.208
67.256
67.304
67.352
67.4
67.448
67.496
67.544
67.592
67.64
67.688
67.736
67.784
67.832
67.88
67.928
67.976
68.024
68.072
68.12
68.168
68.216
68.264
68.312
68.36
68.408
68.456
68.504
68.552
68.6
68.648
68.696
68.744
68.792
68.84
68.888
68.936
68.984
69.032
69.08
69.128
69.176
69.224
69.272
69.32
69.368
69.416
69.464
69.512
69.56
69.608
69.656
69.704
69.752
69.8
69.848
69.896
69.944
69.992
70.04
70.088
70.136
70.184
70.232
70.28
70.328
70.376
70.424
70.472
70.52
70.568
70.616
70.664
70.712
70.76
70.808
70.856
70.904
70.952
71
71.048
71.096
71.144
71.192
71.24
71.288
71.336
71.384
71.432
71.48
71.528
71.576
71.624
71.672
71.72
71.768
71.816
71.864
71.912
71.96
72.008
72.056
72.104
72.152
72.2
72.248
72.296
72.344
72.392
72.44
72.488
72.536
72.584
72.632
72.68
72.728
72.776
72.824
72.872
72.92
72.968
73.016
73.064
73.112
73.16
73.208
73.256
73.304
73.352
73.4
73.448
73.496
73.544
73.592
73.64
73.688
73.736
73.784
73.832
73.88
73.928
73.976
74.024
74.072
74.12
74.168
74.216
74.264
74.312
74.36
74.408
74.456
74.504
74.552
74.6
74.648
74.696
74.744
74.792
74.84
74.888
74.936
74.984
75.032
75.08
75.128
75.176
75.224
75.272
75.32
75.368
75.416
75.464
75.512
75.56
75.608
75.656
75.704
75.752
75.8
75.848
75.896
75.944
75.992
76.04
76.088
76.136
76.184
76.232
76.28
76.328
76.376
76.424
76.472
76.52
76.568
76.616
76.664
76.712
76.76
76.808
76.856
76.904
76.952
77
77.048
77.096
77.144
77.192
77.24
77.288
77.336
77.384
77.432
77.48
77.528
77.576
77.624
77.672
77.72
77.768
77.816
77.864
77.912
77.96
78.008
78.056
78.104
78.152
78.2
78.248
78.296
78.344
78.392
78.44
78.488
78.536
78.584
78.632
78.68
78.728
78.776
78.824
78.872
78.92
78.968
79.016
79.064
79.112
79.16
79.208
79.256
79.304
79.352
79.4
79.448
79.496
79.544
79.592
79.64
79.688
79.736
79.784
79.832
79.88
79.928
79.976
80.024
80.072
80.12
80.168
80.216
80.264
80.312
80.36
80.408
80.456
80.504
80.552
80.6
80.648
80.696
80.744
80.792
80.84
80.888
80.936
80.984
81.032
81.08
81.128
81.176
81.224
81.272
81.32
81.368
81.416
81.464
81.512
81.56
81.608
81.656
81.704
81.752
81.8
81.848
81.896
81.944
81.992
82.04
82.088
82.136
82.184
82.232
82.28
82.328
82.376
82.424
82.472
82.52
82.568
82.616
82.664
82.712
82.76
82.808
82.856
82.904
82.952
83
83.048
83.096
83.144
83.192
83.24
83.288
83.336
83.384
83.432
83.48
83.528
83.576
83.624
83.672
83.72
83.768
83.816
83.864
83.912
83.96
84.008
84.056
84.104
84.152
84.2
84.248
84.296
84.344
84.392
84.44
84.488
84.536
84.584
84.632
84.68
84.728
84.776
84.824
84.872
84.92
84.968
85.016
85.064
85.112
85.16
85.208
85.256
85.304
85.352
85.4
85.448
85.496
85.544
85.592
85.64
85.448
85.496
85.544
85.592
85.64
85.448
85.496
85.544
85.592
85.64
85.448
85.496
85.544
85.592
85.64
85.448
85.496
85.544
85.592
85.64
85.448
85.496
85.544
85.592
85.64
85.448
85.496
85.544
85.592
85.64
85.448
85.496
85.544
85.592
85.64
85.448
85.496
85.544
85.592
85.64
85.448
85.496
85.544
85.592
85.64
85.448
85.496
85.544
85.592
85.64
85.448
85.496
85.544
85.592
85.64
85.448
85.496
85.544
85.592
85.64
85.448
85.496
85.544
85.592
85.64
85.448
85.496
85.544
85.592
85.64
85.448
85.496
85.544
85.592
85.64
85.448
85.496
85.544
85.592
85.64
85.448
85.496
85.544
85.592
85.64
85.448
85.496
85.544
85.592
85.64
85.448
85.496
85.544
85.592
85.64
85.448
85.496
85.544
85.592
85.64
85.448
85.496
85.544
85.592
85.64
85.448
85.496
85.544
85.592
85.64
85.448
85.496
85.544
85.592
85.64
85.448
85.496
85.544
85.592
85.64
85.448
85.496
85.544
85.592
85.64
85.448
85.496
85.544
85.592
85.64
85.448
85.496
85.544
85.592
85.64
85.448
85.496
85.544
85.592
85.64
85.448
85.496
85.544
85.592
85.64
85.448
85.496
85.544
85.592
85.64
85.448
85.496
85.544
85.592
85.64
85.448
85.496
85.544
85.592
85.64
85.448
85.496
85.544
85.592
85.64
85.448
85.496
85.544
85.592
85.64
85.448
85.496
85.544
85.592
85.64
85.448
85.496
85.544
85.592
85.64
85.448
85.496
85.544
85.592
85.64
85.448
85.496
85.544
85.592
85.64
85.448
85.496
85.544
85.592
85.64
85.448
85.496
85.544
85.592
85.64
85.448
85.496
85.544
85.592
85.64
85.448
85.496
85.544
85.592
85.64
85.448
85.496
85.544
85.592
85.64
85.448
85.496
85.544
85.592
85.64
85.448
85.496
85.544
85.592
85.64
85.448
85.496
85.544
85.592
85.64
85.448
85.496
85.544
85.592
85.64
85.448
85.496
85.544
85.592
85.64
85.448
85.496
85.544
85.592
85.64
85.448
85.496
85.544
85.592
85.64
85.448
85.496
85.544
85.592
85.64
85.448
85.496
85.544
85.592
85.64
85.448
85.496
85.544
85.592
85.64
85.448
85.496
85.544
85.592
85.64
85.448
85.496
85.544
85.592
85.64
85.448
85.496
85.544
85.592
85.64
85.448
85.496
85.544
85.592
85.64
85.448
85.496
85.544
85.592
85.64
85.448
85.496
85.544
85.592
85.64
85.448
85.496
85.544
85.592
85.64
85.448
85.496
85.544
85.592
85.64
85.448
85.496
85.544
85.592
85.64
85.448
85.496
85.544
85.592
85.64
85.448
85.496
85.544
85.592
85.64
85.448
85.496
85.544
85.592
85.64
85.448
85.496
85.544
85.592
85.64
85.448
85.496
85.544
85.592
85.64
85.448
85.496
85.544
85.592
85.64
85.448
85.496
85.544
85.592
85.64
85.448
85.496
85.544
85.592
85.64
85.448
85.496
85.544
85.592
85.64
85.448
85.496
85.544
85.592
85.64
85.448
85.496
85.544
85.592
85.64
85.448
85.496
85.544
85.592
85.64
85.448
85.496
85.544
85.592
85.64
85.448
85.496
85.544
85.592
85.64
85.448
85.496
85.544
85.592
85.64
85.448
85.496
85.544
85.592
85.64
85.448
85.496
85.544
85.592
85.64
85.448
85.496
85.544
85.592
85.64
85.448
85.496
85.544
85.592
85.64
85.448
85.496
85.544
85.592
85.64
85.448
85.496
85.544
85.592
85.64
85.448
85.496
85.544
85.592
85.64
85.448
85.496
85.544
85.592
85.64
85.448
85.496
85.544
85.592
85.64
85.448
85.496
85.544
85.592
85.64
85.448
85.496
85.544
85.592
85.64
85.448
85.496
85.544
85.592
85.64
85.448
85.496
85.544
85.592
85.64
85.448
85.496
85.544
85.592
85.64
85.448
85.496
85.544
85.592
85.64
85.448
85.496
85.544
85.592
85.64
85.448
85.496
85.544
85.592
85.64
85.448
85.496
85.544
85.592
85.64
85.448
85.496
85.544
85.592
85.64
85.448
85.496
85.544
85.592
85.64
85.448
85.496
85.544
85.592
85.64
85.448
85.496
85.544
85.592
85.64
85.448
85.496
85.544
85.592
85.64
85.448
85.496
85.544
85.592
85.64
85.448
85.496
85.544
85.592
85.64
85.448
85.496
85.544
85.592
85.64
85.448
85.496
85.544
85.592
85.64
85.448
85.496
85.544
85.592
85.64
85.448
85.496
85.544
85.592
85.64
85.448
85.496
85.544
85.592
85.64
85.448
85.496
85.544
85.592
85.64
85.448
85.496
85.544
85.592
85.64
85.448
85.496
85.544
85.592
85.64
85.448
85.496
85.544
85.592
85.64
85.448
85.496
85.544
85.592
85.64
85.448
85.496
85.544
85.592
85.64
85.448
85.496
85.544
85.592
85.64
85.448
85.496
85.544
85.592
85.64
85.448
85.496
85.544
85.592
85.64
85.448
85.496
85.544
85.592
85.64
85.448
85.496
85.544
85.592
85.64
85.448
85.496
85.544
85.592
85.64
85.448
85.496
85.544
85.592
85.64
85.448
85.496
85.544
85.592
85.64
85.448
85.496
85.544
85.592
85.64
85.448
85.496
85.544
85.592
85.64
85.448
85.496
85.544
85.592
85.64
85.448
85.496
85.544
85.592
85.64
85.448
85.496
85.544
85.592
85.64
85.448
85.496
85.544
85.592
85.64
85.448
85.496
85.544
85.592
85.64
85.448
85.496
85.544
85.592
85.64
85.448
85.496
85.544
85.592
85.64
85.448
85.496
85.544
85.592
85.64
85.448
85.496
85.544
85.592
85.64
85.448
85.496
85.544
85.592
85.64
85.448
85.496
85.544
85.592
85.64
85.448
85.496
85.544
85.592
85.64
85.448
85.496
85.544
85.592
85.64
85.448
85.496
85.544
85.592
85.64
85.448
85.496
85.544
85.592
85.64
85.448
85.496
85.544
85.592
85.64
85.448
85.496
85.544
85.592
85.64
85.448
85.496
85.544
85.592
85.64
85.448
85.496
85.544
85.592
85.64
85.448
85.496
85.544
85.592
85.64
85.448
85.496
85.544
85.592
85.64
85.448
85.496
85.544
85.592
85.64
85.448
85.496
85.544
85.592
85.64
85.448
85.496
85.544
85.592
85.64
85.448
85.496
85.544
85.592
85.64
85.448
85.496
85.544
85.592
85.64
85.448
85.496
85.544
85.592
85.64
85.448
85.496
85.544
85.592
85.64
85.448
85.496
85.544
85.592
85.64
85.448
85.496
85.544
85.592
85.64
85.448
85.496
85.544
85.592
85.64
85.448
85.496
85.544
85.592
85.64
85.448
85.496
85.544
85.592
85.64
85.448
85.496
85.544
85.592
85.64
85.448
85.496
85.544
85.592
85.64
85.448
85.496
85.544
85.592
85.64
85.448
85.496
85.544
85.592
85.64
85.448
85.496
85.544
85.592
85.64
85.448
85.496
85.544
85.592
85.64
85.448
85.496
85.544
85.592
85.64
85.448
85.496
85.544
85.592
85.64
85.448
85.496
85.544
85.592
85.64
85.448
85.496
85.544
85.592
85.64
85.448
85.496
85.544
85.592
85.64
85.448
85.496
85.544
85.592
85.64
85.448
85.496
85.544
85.592
85.64
85.448
85.496
85.544
85.592
85.64
85.448
85.496
85.544
85.592
85.64
85.448
85.496
85.544
85.592
85.64
85.448
85.496
85.544
85.592
85.64
85.448
85.496
85.544
85.592
85.64
85.448
85.496
85.544
85.592
85.64
85.448
85.496
85.544
85.592
85.64
85.448
85.496
85.544
85.592
85.64
85.448
85.496
85.544
85.592
85.64
85.448
85.496
85.544
85.592
85.64
85.448
85.496
85.544
85.592
85.64
85.448
85.496
85.544
85.592
85.64
85.448
85.496
85.544
85.592
85.64
85.448
85.496
85.544
85.592
85.64
85.448
85.496
85.544
85.592
85.64
85.448
85.496
85.544
85.592
85.64
85.448
85.496
85.544
85.592
85.64
85.448
85.496
85.544
85.592
85.64
85.448
85.496
85.544
85.592
85.64
85.448
85.496
85.544
85.592
85.64
85.448
85.496
85.544
85.592
85.64
85.448
85.496
85.544
85.592
85.64
85.448
85.496
85.544
85.592
85.64
85.448
85.496
85.544
85.592
85.64
85.448
85.496
85.544
85.592
85.64
85.448
85.496
85.544
85.592
85.64
85.448
85.496
85.544
85.592
85.64
85.448
85.496
85.544
85.592
85.64
85.448
85.496
85.544
85.592
85.64
85.448
85.496
85.544
85.592
85.64
85.448
85.496
85.544
85.592
85.64
85.448
85.496
85.544
85.592
85.64
85.448
85.496
85.544
85.592
85.64
85.448
85.496
85.544
85.592
85.64
85.448
85.496
85.544
85.592
85.64
85.448
85.496
85.544
85.592
85.64
85.448
85.496
85.544
85.592
85.64
85.448
85.496
85.544
85.592
85.64
85.448
85.496
85.544
85.592
85.64
85.448
85.496
85.544
85.592
85.64
85.448
85.496
85.544
85.592
85.64
85.448
85.496
85.544
85.592
85.64
85.448
85.496
85.544
85.592
85.64
85.448
85.496
85.544
85.592
85.64
85.448
85.496
85.544
85.592
85.64
85.448
85.496
85.544
85.592
85.64
85.448
85.496
85.544
85.592
85.64
85.448
85.496
85.544
85.592
85.64
85.448
85.496
85.544
85.592
85.64
85.448
85.496
85.544
85.592
85.64
85.448
85.496
85.544
85.592
85.64
85.448
85.496
85.544
85.592
85.64
85.448
85.496
85.544
85.592
85.64
85.448
85.496
85.544
85.592
85.64
85.448
85.496
85.544
85.592
85.64
85.448
85.496
85.544
85.592
85.64
85.448
85.496
85.544
85.592
85.64
85.448
85.496
85.544
85.592
85.64
85.448
85.496
85.544
85.592
85.64
85.448
85.496
85.544
85.592
85.64
85.448
85.496
85.544
85.592
85.64
85.448
85.496
85.544
85.592
85.64
85.448
85.496
85.544
85.592
85.64
85.448
85.496
85.544
85.592
85.64
85.448
85.496
85.544
85.592
85.64
85.448
85.496
85.544
85.592
85.64
85.448
85.496
85.544
85.592
85.64
85.448
85.496
85.544
85.592
85.64
85.448
85.496
85.544
85.592
85.64
85.448
85.496
85.544
85.592
85.64
85.448
85.496
85.544
85.592
85.64
85.448
85.496
85.544
85.592
85.64
85.448
85.496
85.544
85.592
85.64
85.448
85.496
85.544
85.592
85.64
85.448
85.496
85.544
85.592
85.64
85.448
85.496
85.544
85.592
85.64
85.448
85.496
85.544
85.592
85.64
85.448
85.496
85.544
85.592
85.64
85.448
85.496
85.544
85.592
85.64
85.448
85.496
85.544
85.592
85.64
85.448
85.496
85.544
85.592
85.64
85.448
85.496
85.544
85.592
85.64
85.448
85.496
85.544
85.592
85.64
85.448
85.496
85.544
85.592
85.64
85.448
85.496
85.544
85.592
85.64
85.448
85.496
85.544
85.592
85.64
85.448
85.496
85.544
85.592
85.64
85.448
85.496
85.544
85.592
85.64
85.448
85.496
85.544
85.592
85.64
85.448
85.496
85.544
85.592
85.64
85.448
85.496
85.544
85.592
85.64
85.448
85.496
85.544
85.592
85.64
85.448
85.496
85.544
85.592
85.64
85.448
85.496
85.544
85.592
85.64
85.448
85.496
85.544
85.592
85.64
85.448
85.496
85.544
85.592
85.64
85.448
85.496
85.544
85.592
85.64
85.448
85.496
85.544
85.592
85.64
85.448
85.496
85.544
85.592
85.64
85.448
85.496
85.544
85.592
85.64
85.448
85.496
85.544
85.592
85.64
85.448
85.496
85.544
85.592
85.64
85.448
85.496
85.544
85.592
85.64
85.448
85.496
85.544
85.592
85.64
85.448
85.496
85.544
85.592
85.64
85.448
85.496
85.544
85.592
85.64
85.448
85.496
85.544
85.592
85.64
85.448
85.496
85.544
85.592
85.64
85.448
85.496
85.544
85.592
85.64
85.448
85.496
85.544
85.592
85.64
85.448
85.496
85.544
85.592
85.64
85.448
85.496
85.544
85.592
85.64
85.448
85.496
85.544
85.592
85.64
85.448
85.496
85.544
85.592
85.64
85.448
85.496
85.544
85.592
85.64
85.448
85.496
85.544
85.592
85.64
85.448
85.496
85.544
85.592
85.64
85.448
85.496
85.544
85.592
85.64
85.448
85.496
85.544
85.592
85.64
85.448
85.496
85.544
85.592
85.64
85.448
85.496
85.544
85.592
85.64
85.448
85.496
85.544
85.592
85.64
85.448
85.496
85.544
85.592
85.64
85.448
85.496
85.544
85.592
85.64
85.448
85.496
85.544
85.592
85.64
85.448
85.496
85.544
85.592
85.64
85.448
85.496
85.544
85.592
85.64
85.448
85.496
85.544
85.592
85.64
85.448
85.496
85.544
85.592
85.64
85.448
85.496
85.544
85.592
85.64
85.448
85.496
85.544
85.592
85.64
85.448
85.496
85.544
85.592
85.64
85.448
85.496
85.544
85.592
85.64
85.448
85.496
85.544
85.592
85.64
85.448
85.496
85.544
85.592
85.64
85.448
85.496
85.544
85.592
85.64
85.448
85.496
85.544
85.592
85.64
85.448
85.496
85.544
85.592
85.64
85.448
85.496
85.544
85.592
85.64
85.448
85.496
85.544
85.592
85.64
85.448
85.496
85.544
85.592
85.64
85.448
85.496
85.544
85.592
85.64
85.448
85.496
85.544
85.592
85.64
85.448
85.496
85.544
85.592
85.64
85.448
85.496
85.544
85.592
85.64
85.448
85.496
85.544
85.592
85.64
85.448
85.496
85.544
85.592
85.64
85.448
85.496
85.544
85.592
85.64
85.448
85.496
85.544
85.592
85.64
85.448
85.496
85.544
85.592
85.64
85.448
85.496
85.544
85.592
85.64
85.448
85.496
85.544
85.592
85.64
85.448
85.496
85.544
85.592
85.64
85.448
85.496
85.544
85.592
85.64
85.448
85.496
85.544
85.592
85.64
85.448
85.496
85.544
85.592
85.64
85.448
85.496
85.544
85.592
85.64
85.448
85.496
85.544
85.592
85.64
85.448
85.496
85.544
85.592
85.64
85.448
85.496
85.544
85.592
85.64
85.448
85.496
85.544
85.592
85.64
85.448
85.496
85.544
85.592
85.64
85.448
85.496
85.544
85.592
85.64
85.448
85.496
85.544
85.592
85.64
85.448
85.496
85.544
85.592
85.64
85.448
85.496
85.544
85.592
85.64
85.448
85.496
85.544
85.592
85.64
85.448
85.496
85.544
85.592
85.64
85.448
85.496
85.544
85.592
85.64
85.448
85.496
85.544
85.592
85.64
85.448
85.496
85.544
85.592
85.64
85.448
85.496
85.544
85.592
85.64
85.448
85.496
85.544
85.592
85.64
85.448
85.496
85.544
85.592
85.64
85.448
85.496
85.544
85.592
85.64
85.448
85.496
85.544
85.592
85.64
85.448
85.496
85.544
85.592
85.64
85.448
85.496
85.544
85.592
85.64
85.448
85.496
85.544
85.592
85.64
85.448
85.496
85.544
85.592
85.64
85.448
85.496
85.544
85.592
85.64
85.448
85.496
85.544
85.592
85.64
85.448
85.496
85.544
85.592
85.64
85.448
85.496
85.544
85.592
85.64
85.448
85.496
85.544
85.592
85.64
85.448
85.496
85.544
85.592
85.64
85.448
85.496
85.544
85.592
85.64
85.448
85.496
85.544
85.592
85.64
85.448
85.496
85.544
85.592
85.64
85.448
85.496
85.544
85.592
85.64
85.448
85.496
85.544
85.592
85.64
85.448
85.496
85.544
85.592
85.64
85.448
85.496
85.544
85.592
85.64
85.448
85.496
85.544
85.592
85.64
85.448
85.496
85.544
85.592
85.64
85.448
85.496
85.544
85.592
85.64
85.448
85.496
85.544
85.592
85.64
85.448
85.496
85.544
85.592
85.64
85.448
85.496
85.544
85.592
85.64
85.448
85.496
85.544
85.592
85.64
85.448
85.496
85.544
85.592
85.64
85.448
85.496
85.544
85.592
85.64
85.448
85.496
85.544
85.592
85.64
85.448
85.496
85.544
85.592
85.64
85.448
85.496
85.544
85.592
85.64
85.448
85.496
85.544
85.592
85.64
85.448
85.496
85.544
85.592
85.64
85.448
85.496
85.544
85.592
85.64
85.448
85.496
85.544
85.592
85.64
85.448
85.496
85.544
85.592
85.64
85.448
85.496
85.544
85.592
85.64
85.448
85.496
85.544
85.592
85.64
85.448
85.496
85.544
85.592
85.64
85.448
85.496
85.544
85.592
85.64
85.448
85.496
85.544
85.592
85.64
85.448
85.496
85.544
85.592
85.64
85.448
85.496
85.544
85.592
85.64
85.448
85.496
85.544
85.592
85.64
85.448
85.496
85.544
85.592
85.64
85.448
85.496
85.544
85.592
85.64
85.448
85.496
85.544
85.592
85.64
85.448
85.496
85.544
85.592
85.64
85.448
85.496
85.544
85.592
85.64
85.448
85.496
85.544
85.592
85.64
85.448
85.496
85.544
85.592
85.64
85.448
85.496
85.544
85.592
85.64
85.448
85.496
85.544
85.592
85.64
85.448
85.496
85.544
85.592
85.64
85.448
85.496
85.544
85.592
85.64
85.448
85.496
85.544
85.592
85.64
85.448
85.496
85.544
85.592
85.64
85.448
85.496
85.544
85.592
85.64
85.448
85.496
85.544
85.592
85.64
85.448
85.496
85.544
85.592
85.64
85.448
85.496
85.544
85.592
85.64
85.448
85.496
85.544
85.592
85.64
85.448
85.496
85.544
85.592
85.64
85.448
85.496
85.544
85.592
85.64
85.448
85.496
85.544
85.592
85.64
85.448
85.496
85.544
85.592
85.64
85.448
85.496
85.544
85.592
85.64
85.448
85.496
85.544
85.592
85.64
85.448
85.496
85.544
85.592
85.64
85.448
85.496
85.544
85.592
85.64
85.448
85.496
85.544
85.592
85.64
85.448
85.496
85.544
85.592
85.64
85.448
85.496
85.544
85.592
85.64
85.448
85.496
85.544
85.592
85.64
85.448
85.496
85.544
85.592
85.64
85.448
85.496
85.544
85.592
85.64
85.448
85.496
85.544
85.592
85.64
85.448
85.496
85.544
85.592
85.64
85.448
85.496
85.544
85.592
85.64
85.448
85.496
85.544
85.592
85.64
85.448
85.496
85.544
85.592
85.64
85.448
85.496
85.544
85.592
85.64
85.448
85.496
85.544
85.592
85.64
85.448
85.496
85.544
85.592
85.64
85.448
85.496
85.544
85.592
85.64
85.448
85.496
85.544
85.592
85.64
85.448
85.496
85.544
85.592
85.64
85.448
85.496
85.544
85.592
85.64
85.448
85.496
85.544
85.592
85.64
85.448
85.496
85.544
85.592
85.64
85.448
85.496
85.544
85.592
85.64
85.448
85.496
85.544
85.592
85.64
85.448
85.496
85.544
85.592
85.64
85.448
85.496
85.544
85.592
85.64
85.448
85.496
85.544
85.592
85.64
85.448
85.496
85.544
85.592
85.64
85.448
85.496
85.544
85.592
85.64
85.448
85.496
85.544
85.592
85.64
85.448
85.496
85.544
85.592
85.64
85.448
85.496
85.544
85.592
85.64
85.448
85.496
85.544
85.592
85.64
85.448
85.496
85.544
85.592
85.64
85.448
85.496
85.544
85.592
85.64
85.448
85.496
85.544
85.592
85.64
85.448
85.496
85.544
85.592
85.64
85.448
85.496
85.544
85.592
85.64
85.448
85.496
85.544
85.592
85.64
85.448
85.496
85.544
85.592
85.64
85.448
85.496
85.544
85.592
85.64
85.448
85.496
85.544
85.592
85.64
85.448
85.496
85.544
85.592
85.64
85.448
85.496
85.544
85.592
85.64
85.448
85.496
85.544
85.592
85.64
85.448
85.496
85.544
85.592
85.64
85.448
85.496
85.544
85.592
85.64
85.448
85.496
85.544
85.592
85.64
85.448
85.496
85.544
85.592
85.64
85.448
85.496
85.544
85.592
85.64
85.448
85.496
85.544
85.592
85.64
85.448
85.496
85.544
85.592
85.64
85.448
85.496
85.544
85.592
85.64
85.448
85.496
85.544
85.592
85.64
85.448
85.496
85.544
85.592
85.64
85.448
85.496
85.544
85.592
85.64
85.448
85.496
85.544
85.592
85.64
85.448
85.496
85.544
85.592
85.64
85.448
85.496
85.544
85.592
85.64
85.448
85.496
85.544
85.592
85.64
85.448
85.496
85.544
85.592
85.64
85.448
85.496
85.544
85.592
85.64
85.448
85.496
85.544
85.592
85.64
85.448
85.496
85.544
85.592
85.64
85.448
85.496
85.544
85.592
85.64
85.448
85.496
85.544
85.592
85.64
85.448
85.496
85.544
85.592
85.64
85.448
85.496
85.544
85.592
85.64
85.448
85.496
85.544
85.592
85.64
85.448
85.496
85.544
85.592
85.64
85.448
85.496
85.544
85.592
85.64
85.448
85.496
85.544
85.592
85.64
85.448
85.496
85.544
85.592
85.64
85.448
85.496
85.544
85.592
85.64
85.448
85.496
85.544
85.592
85.64
85.448
85.496
85.544
85.592
85.64
85.448
85.496
85.544
85.592
85.64
85.448
85.496
85.544
85.592
85.64
85.448
85.496
85.544
85.592
85.64
85.448
85.496
85.544
85.592
85.64
85.448
85.496
85.544
85.592
85.64
85.448
85.496
85.544
85.592
85.64
85.448
85.496
85.544
85.592
85.64
85.448
85.496
85.544
85.592
85.64
85.448
85.496
85.544
85.592
85.64
85.448
85.496
85.544
85.592
85.64
85.448
85.496
85.544
85.592
85.64
85.448
85.496
85.544
85.592
85.64
85.448
85.496
85.544
85.592
85.64
85.448
85.496
85.544
85.592
85.64
85.448
85.496
85.544
85.592
85.64
85.448
85.496
85.544
85.592
85.64
85.448
85.496
85.544
85.592
85.64
85.448
85.496
85.544
85.592
85.64
85.448
85.496
85.544
85.592
85.64
85.448
85.496
85.544
85.592
85.64
85.448
85.496
85.544
85.592
85.64
85.448
85.496
85.544
85.592
85.64
85.448
85.496
85.544
85.592
85.64
85.448
85.496
85.544
85.592
85.64
85.448
85.496
85.544
85.592
85.64
85.448
85.496
85.544
85.592
85.64
85.448
85.496
85.544
85.592
85.64
85.448
85.496
85.544
85.592
85.64
85.448
85.496
85.544
85.592
85.64
85.448
85.496
85.544
85.592
85.64
85.448
85.496
85.544
85.592
85.64
85.448
85.496
85.544
85.592
85.64
85.448
85.496
85.544
85.592
85.64
85.448
85.496
85.544
85.592
85.64
85.448
85.496
85.544
85.592
85.64
85.448
85.496
85.544
85.592
85.64
85.448
85.496
85.544
85.592
85.64
85.448
85.496
85.544
85.592
85.64
85.448
85.496
85.544
85.592
85.64
85.448
85.496
85.544
85.592
85.64
85.448
85.496
85.544
85.592
85.64
85.448
85.496
85.544
85.592
85.64
85.448
85.496
85.544
85.592
85.64
85.448
85.496
85.544
85.592
85.64
85.448
85.496
85.544
85.592
85.64
85.448
85.496
85.544
85.592
85.64
85.448
85.496
85.544
85.592
85.64
85.448
85.496
85.544
85.592
85.64
85.448
85.496
85.544
85.592
85.64
85.448
85.496
85.544
85.592
85.64
85.448
85.496
85.544
85.592
85.64
85.448
85.496
85.544
85.592
85.64
85.448
85.496
85.544
85.592
85.64
85.448
85.496
85.544
85.592
85.64
85.448
85.496
85.544
85.592
85.64
85.448
85.496
85.544
85.592
85.64
85.448
85.496
85.544
85.592
85.64
85.448
85.496
85.544
85.592
85.64
85.448
85.496
85.544
85.592
85.64
85.448
85.496
85.544
85.592
85.64
85.448
85.496
85.544
85.592
85.64
85.448
85.496
85.544
85.592
85.64
85.448
85.496
85.544
85.592
85.64
85.448
85.496
85.544
85.592
85.64
85.448
85.496
85.544
85.592
85.64
85.448
85.496
85.544
85.592
85.64
85.448
85.496
85.544
85.592
85.64
85.448
85.496
85.544
85.592
85.64
85.448
85.496
85.544
85.592
85.64
85.448
85.496
85.544
85.592
85.64
85.448
85.496
85.544
85.592
85.64
85.448
85.496
85.544
85.592
85.64
85.448
85.496
85.544
85.592
85.64
85.448
85.496
85.544
85.592
85.64
85.448
85.496
85.544
85.592
85.64
85.448
85.496
85.544
85.592
85.64
85.448
85.496
85.544
85.592
85.64
85.448
85.496
85.544
85.592
85.64
85.448
85.496
85.544
85.592
85.64
85.448
85.496
85.544
85.592
85.64
85.448
85.496
85.544
85.592
85.64
85.448
85.496
85.544
85.592
85.64
85.448
85.496
85.544
85.592
85.64
85.448
85.496
85.544
85.592
85.64
85.448
85.496
85.544
85.592
85.64
85.448
85.496
85.544
85.592
85.64
85.448
85.496
85.544
85.592
85.64
85.448
85.496
85.544
85.592
85.64
85.448
85.496
85.544
85.592
85.64
85.448
85.496
85.544
85.592
85.64
85.448
85.496
85.544
85.592
85.64
85.448
85.496
85.544
85.592
85.64
85.448
85.496
85.544
85.592
85.64
85.448
85.496
85.544
85.592
85.64
85.448
85.496
85.544
85.592
85.64
85.448
85.496
85.544
85.592
85.64
85.448
85.496
85.544
85.592
85.64
85.448
85.496
85.544
85.592
85.64
85.448
85.496
85.544
85.592
85.64
85.448
85.496
85.544
85.592
85.64
85.448
85.496
85.544
85.592
85.64
85.448
85.496
85.544
85.592
85.64
85.448
85.496
85.544
85.592
85.64
85.448
85.496
85.544
85.592
85.64
85.448
85.496
85.544
85.592
85.64
85.448
85.496
85.544
85.592
85.64
85.448
85.496
85.544
85.592
85.64
85.448
85.496
85.544
85.592
85.64
85.448
85.496
85.544
85.592
85.64
85.448
85.496
85.544
85.592
85.64
85.448
85.496
85.544
85.592
85.64
85.448
85.496
85.544
85.592
85.64
85.448
85.496
85.544
85.592
85.64
85.448
85.496
85.544
85.592
85.64
85.448
85.496
85.544
85.592
85.64
85.448
85.496
85.544
85.592
85.64
85.448
85.496
85.544
85.592
85.64
85.448
85.496
85.544
85.592
85.64
85.448
85.496
85.544
85.592
85.64
85.448
85.496
85.544
85.592
85.64
85.448
85.496
85.544
85.592
85.64
85.448
85.496
85.544
85.592
85.64
85.448
85.496
85.544
85.592
85.64
85.448
85.496
85.544
85.592
85.64
85.448
85.496
85.544
85.592
85.64
85.448
85.496
85.544
85.592
85.64
85.448
85.496
85.544
85.592
85.64
85.448
85.496
85.544
85.592
85.64
85.448
85.496
85.544
85.592
85.64
85.448
85.496
85.544
85.592
85.64
85.448
85.496
85.544
85.592
85.64
85.448
85.496
85.544
85.592
85.64
85.448
85.496
85.544
85.592
85.64
85.448
85.496
85.544
85.592
85.64
85.448
85.496
85.544
85.592
85.64
85.448
85.496
85.544
85.592
85.64
85.448
85.496
85.544
85.592
85.64
85.448
85.496
85.544
85.592
85.64
85.448
85.496
85.544
85.592
85.64
85.448
85.496
85.544
85.592
85.64
85.448
85.496
85.544
85.592
85.64
85.448
85.496
85.544
85.592
85.64
85.448
85.496
85.544
85.592
85.64
85.448
85.496
85.544
85.592
85.64
85.448
85.496
85.544
85.592
85.64
85.448
85.496
85.544
85.592
85.64
85.448
85.496
85.544
85.592
85.64
85.448
85.496
85.544
85.592
85.64
85.448
85.496
85.544
85.592
85.64
85.448
85.496
85.544
85.592
85.64
85.448
85.496
85.544
85.592
85.64
85.448
85.496
85.544
85.592
85.64
85.448
85.496
85.544
85.592
85.64
85.448
85.496
85.544
85.592
85.64
85.448
85.496
85.544
85.592
85.64
85.448
85.496
85.544
85.592
85.64
85.448
85.496
85.544
85.592
85.64
85.448
85.496
85.544
85.592
85.64
85.448
85.496
85.544
85.592
85.64
85.448
85.496
85.544
85.592
85.64
85.448
85.496
85.544
85.592
85.64
85.448
85.496
85.544
85.592
85.64
85.448
85.496
85.544
85.592
85.64
85.448
85.496
85.544
85.592
85.64
85.448
85.496
85.544
85.592
85.64
85.448
85.496
85.544
85.592
85.64
85.448
85.496
85.544
85.592
85.64
85.448
85.496
85.544
85.592
85.64
85.448
85.496
85.544
85.592
85.64
85.448
85.496
85.544
85.592
85.64
85.448
85.496
85.544
85.592
85.64
85.448
85.496
85.544
85.592
85.64
85.448
85.496
85.544
85.592
85.64
85.448
85.496
85.544
85.592
85.64
85.448
85.496
85.544
85.592
85.64
85.448
85.496
85.544
85.592
85.64
85.448
85.496
85.544
85.592
85.64
85.448
85.496
85.544
85.592
85.64
85.448
85.496
85.544
85.592
85.64
85.448
85.496
85.544
85.592
85.64
85.448
85.496
85.544
85.592
85.64
85.448
85.496
85.544
85.592
85.64
85.448
85.496
85.544
85.592
85.64
85.448
85.496
85.544
85.592
85.64
85.448
85.496
85.544
85.592
85.64
85.448
85.496
85.544
85.592
85.64
85.448
85.496
85.544
85.592
85.64
85.448
85.496
85.544
85.592
85.64
85.448
85.496
85.544
85.592
85.64
85.448
85.496
85.544
85.592
85.64
85.448
85.496
85.544
85.592
85.64
85.448
85.496
85.544
85.592
85.64
85.448
85.496
85.544
85.592
85.64
85.448
85.496
85.544
85.592
85.64
85.448
85.496
85.544
85.592
85.64
85.448
85.496
85.544
85.592
85.64
85.448
85.496
85.544
85.592
85.64
85.448
85.496
85.544
85.592
85.64
85.448
85.496
85.544
85.592
85.64
85.448
85.496
85.544
85.592
85.64
85.448
85.496
85.544
85.592
85.64
85.448
85.496
85.544
85.592
85.64
85.448
85.496
85.544
85.592
85.64
85.448
85.496
85.544
85.592
85.64
85.448
85.496
85.544
85.592
85.64
85.448
85.496
85.544
85.592
85.64
85.448
85.496
85.544
85.592
85.64
85.448
85.496
85.544
85.592
85.64
85.448
85.496
85.544
85.592
85.64
85.448
85.496
85.544
85.592
85.64
85.448
85.496
85.544
85.592
85.64
85.448
85.496
85.544
85.592
85.64
85.448
85.496
85.544
85.592
85.64
85.448
85.496
85.544
85.592
85.64
85.448
85.496
85.544
85.592
85.64
85.448
85.496
85.544
85.592
85.64
85.448
85.496
85.544
85.592
85.64
85.448
85.496
85.544
85.592
85.64
85.448
85.496
85.544
85.592
85.64
85.448
85.496
85.544
85.592
85.64
85.448
85.496
85.544
85.592
85.64
85.448
85.496
85.544
85.592
85.64
85.448
85.496
85.544
85.592
85.64
85.448
85.496
85.544
85.592
85.64
85.448
85.496
85.544
85.592
85.64
85.448
85.496
85.544
85.592
85.64
85.448
85.496
85.544
85.592
85.64
85.448
85.496
85.544
85.592
85.64
85.448
85.496
85.544
85.592
85.64
85.448
85.496
85.544
85.592
85.64
85.448
85.496
85.544
85.592
85.64
85.448
85.496
85.544
85.592
85.64
85.448
85.496
85.544
85.592
85.64
85.448
85.496
85.544
85.592
85.64
85.448
85.496
85.544
85.592
85.64
85.448
85.496
85.544
85.592
85.64
85.448
85.496
85.544
85.592
85.64
85.448
85.496
85.544
85.592
85.64
85.448
85.496
85.544
85.592
85.64
85.448
85.496
85.544
85.592
85.64
85.448
85.496
85.544
85.592
85.64
85.448
85.496
85.544
85.592
85.64
85.448
85.496
85.544
85.592
85.64
85.448
85.496
85.544
85.592
85.64
85.448
85.496
85.544
85.592
85.64
85.448
85.496
85.544
85.592
85.64
85.448
85.496
85.544
85.592
85.64
85.448
85.496
85.544
85.592
85.64
85.448
85.496
85.544
85.592
85.64
85.448
85.496
85.544
85.592
85.64
85.448
85.496
85.544
85.592
85.64
85.448
85.496
85.544
85.592
85.64
85.448
85.496
85.544
85.592
85.64
85.448
85.496
85.544
85.592
85.64
85.448
85.496
85.544
85.592
85.64
85.448
85.496
85.544
85.592
85.64
85.448
85.496
85.544
85.592
85.64
85.448
85.496
85.544
85.592
85.64
85.448
85.496
85.544
85.592
85.64
85.448
85.496
85.544
85.592
85.64
85.448
85.496
85.544
85.592
85.64
85.448
85.496
85.544
85.592
85.64
85.448
85.496
85.544
85.592
85.64
85.448
85.496
85.544
85.592
85.64
85.448
85.496
85.544
85.592
85.64
85.448
85.496
85.544
85.592
85.64
85.448
85.496
85.544
85.592
85.64
85.448
85.496
85.544
85.592
85.64
85.448
85.496
85.544
85.592
85.64
85.448
85.496
85.544
85.592
85.64
85.448
85.496
85.544
85.592
85.64
85.448
85.496
85.544
85.592
85.64
85.448
85.496
85.544
85.592
85.64
85.448
85.496
85.544
85.592
85.64
85.448
85.496
85.544
85.592
85.64
85.448
85.496
85.544
85.592
85.64
85.448
85.496
85.544
85.592
85.64
85.448
85.496
85.544
85.592
85.64
85.448
85.496
85.544
85.592
85.64
85.448
85.496
85.544
85.592
85.64
85.448
85.496
85.544
85.592
85.64
85.448
85.496
85.544
85.592
85.64
85.448
85.496
85.544
85.592
85.64
85.448
85.496
85.544
85.592
85.64
85.448
85.496
85.544
85.592
85.64
85.448
85.496
85.544
85.592
85.64
85.448
85.496
85.544
85.592
85.64
85.448
85.496
85.544
85.592
85.64
85.448
85.496
85.544
85.592
85.64
85.448
85.496
85.544
85.592
85.64
85.448
85.496
85.544
85.592
85.64
85.448
85.496
85.544
85.592
85.64
85.448
85.496
85.544
85.592
85.64
85.448
85.496
85.544
85.592
85.64
85.448
85.496
85.544
85.592
85.64
85.448
85.496
85.544
85.592
85.64
85.448
85.496
85.544
85.592
85.64
85.448
85.496
85.544
85.592
85.64
85.448
85.496
85.544
85.592
85.64
85.448
85.496
85.544
85.592
85.64
85.448
85.496
85.544
85.592
85.64
85.448
85.496
85.544
85.592
85.64
85.448
85.496
85.544
85.592
85.64
85.448
85.496
85.544
85.592
85.64
85.448
85.496
85.544
85.592
85.64
85.448
85.496
85.544
85.592
85.64
85.448
85.496
85.544
85.592
85.64
85.448
85.496
85.544
85.592
85.64
85.448
85.496
85.544
85.592
85.64
85.448
85.496
85.544
85.592
85.64
85.448
85.496
85.544
85.592
85.64
85.448
85.496
85.544
85.592
85.64
85.448
85.496
85.544
85.592
85.64
85.448
85.496
85.544
85.592
85.64
85.448
85.496
85.544
85.592
85.64
85.448
85.496
85.544
85.592
85.64
85.448
85.496
85.544
85.592
85.64
85.448
85.496
85.544
85.592
85.64
85.448
85.496
85.544
85.592
85.64
85.448
85.496
85.544
85.592
85.64
85.448
85.496
85.544
85.592
85.64
85.448
85.496
85.544
85.592
85.64
85.448
85.496
85.544
85.592
85.64
85.448
85.496
85.544
85.592
85.64
85.448
85.496
85.544
85.592
85.64
85.448
85.496
85.544
85.592
85.64
85.448
85.496
85.544
85.592
85.64
85.448
85.496
85.544
85.592
85.64
85.448
85.496
85.544
85.592
85.64
85.448
85.496
85.544
85.592
85.64
85.448
85.496
85.544
85.592
85.64
85.448
85.496
85.544
85.592
85.64
85.448
85.496
85.544
85.592
85.64
85.448
85.496
85.544
85.592
85.64
85.448
85.496
85.544
85.592
85.64
85.448
85.496
85.544
85.592
85.64
85.448
85.496
85.544
85.592
85.64
85.448
85.496
85.544
85.592
85.64
85.448
85.496
85.544
85.592
85.64
85.448
85.496
85.544
85.592
85.64
85.448
85.496
85.544
85.592
85.64
85.448
85.496
85.544
85.592
85.64
85.448
85.496
85.544
85.592
85.64
85.448
85.496
85.544
85.592
85.64
85.448
85.496
85.544
85.592
85.64
85.448
85.496
85.544
85.592
85.64
85.448
85.496
85.544
85.592
85.64
85.448
85.496
85.544
85.592
85.64
85.448
85.496
85.544
85.592
85.64
85.448
85.496
85.544
85.592
85.64
85.448
85.496
85.544
85.592
85.64
85.448
85.496
85.544
85.592
85.64
85.448
85.496
85.544
85.592
85.64
85.448
85.496
85.544
85.592
85.64
85.448
85.496
85.544
85.592
85.64
85.448
85.496
85.544
85.592
85.64
85.448
85.496
85.544
85.592
85.64
85.448
85.496
85.544
85.592
85.64
85.448
85.496
85.544
85.592
85.64
85.448
85.496
85.544
85.592
85.64
85.448
85.496
85.544
85.592
85.64
85.448
85.496
85.544
85.592
85.64
85.448
85.496
85.544
85.592
85.64
85.448
85.496
85.544
85.592
85.64
85.448
85.496
85.544
85.592
85.64
85.448
85.496
85.544
85.592
85.64
85.448
85.496
85.544
85.592
85.64
85.448
85.496
85.544
85.592
85.64
85.448
85.496
85.544
85.592
85.64
85.448
85.496
85.544
85.592
85.64
85.448
85.496
85.544
85.592
85.64
85.448
85.496
85.544
85.592
85.64
85.448
85.496
85.544
85.592
85.64
85.448
85.496
85.544
85.592
85.64
85.448
85.496
85.544
85.592
85.64
85.448
85.496
85.544
85.592
85.64
85.448
85.496
85.544
85.592
85.64
85.448
85.496
85.544
85.592
85.64
85.448
85.496
85.544
85.592
85.64
85.448
85.496
85.544
85.592
85.64
85.448
85.496
85.544
85.592
85.64
85.448
85.496
85.544
85.592
85.64
85.448
85.496
85.544
85.592
85.64
85.448
85.496
85.544
85.592
85.64
85.448
85.496
85.544
85.592
85.64
85.448
85.496
85.544
85.592
85.64
85.448
85.496
85.544
85.592
85.64
85.448
85.496
85.544
85.592
85.64
85.448
85.496
85.544
85.592
85.64
85.448
85.496
85.544
85.592
85.64
85.448
85.496
85.544
85.592
85.64
85.448
85.496
85.544
85.592
85.64
85.448
85.496
85.544
85.592
85.64
85.448
85.496
85.544
85.592
85.64
85.448
85.496
85.544
85.592
85.64
85.448
85.496
85.544
85.592
85.64
85.448
85.496
85.544
85.592
85.64
85.448
85.496
85.544
85.592
85.64
85.448
85.496
85.544
85.592
85.64
85.448
85.496
85.544
85.592
85.64
85.448
85.496
85.544
85.592
85.64
85.448
85.496
85.544
85.592
85.64
85.448
85.496
85.544
85.592
85.64
85.448
85.496
85.544
85.592
85.64
85.448
85.496
85.544
85.592
85.64
85.448
85.496
85.544
85.592
85.64
85.448
85.496
85.544
85.592
85.64
85.448
85.496
85.544
85.592
85.64
85.448
85.496
85.544
85.592
85.64
85.448
85.496
85.544
85.592
85.64
85.448
85.496
85.544
85.592
85.64
85.448
85.496
85.544
85.592
85.64
85.448
85.496
85.544
85.592
85.64
85.448
85.496
85.544
85.592
85.64
85.448
85.496
85.544
85.592
85.64
85.448
85.496
85.544
85.592
85.64
85.448
85.496
85.544
85.592
85.64
85.448
85.496
85.544
85.592
85.64
85.448
85.496
85.544
85.592
85.64
85.448
85.496
85.544
85.592
85.64
85.448
85.496
85.544
85.592
85.64
85.448
85.496
85.544
85.592
85.64
85.448
85.496
85.544
85.592
85.64
85.448
85.496
85.544
85.592
85.64
85.448
85.496
85.544
85.592
85.64
85.448
85.496
85.544
85.592
85.64
85.448
85.496
85.544
85.592
85.64
85.448
85.496
85.544
85.592
85.64
85.448
85.496
85.544
85.592
85.64
85.448
85.496
85.544
85.592
85.64
85.448
85.496
85.544
85.592
85.64
85.448
85.496
85.544
85.592
85.64
85.448
85.496
85.544
85.592
85.64
85.448
85.496
85.544
85.592
85.64
85.448
85.496
85.544
85.592
85.64
85.448
85.496
85.544
85.592
85.64
85.448
85.496
85.544
85.592
85.64
85.448
85.496
85.544
85.592
85.64
85.448
85.496
85.544
85.592
85.64
85.448
85.496
85.544
85.592
85.64
85.448
85.496
85.544
85.592
85.64
85.448
85.496
85.544
85.592
85.64
85.448
85.496
85.544
85.592
85.64
85.448
85.496
85.544
85.592
85.64
85.448
85.496
85.544
85.592
85.64
85.448
85.496
85.544
85.592
85.64
85.448
85.496
85.544
85.592
85.64
85.448
85.496
85.544
85.592
85.64
85.448
85.496
85.544
85.592
85.64
85.448
85.496
85.544
85.592
85.64
85.448
85.496
85.544
85.592
85.64
85.448
85.496
85.544
85.592
85.64
85.448
85.496
85.544
85.592
85.64
85.448
85.496
85.544
85.592
85.64
85.448
85.496
85.544
85.592
85.64
85.448
85.496
85.544
85.592
85.64
85.448
85.496
85.544
85.592
85.64
85.448
85.496
85.544
85.592
85.64
85.448
85.496
85.544
85.592
85.64
85.448
85.496
85.544
85.592
85.64
85.448
85.496
85.544
85.592
85.64
85.448
85.496
85.544
85.592
85.64
85.448
85.496
85.544
85.592
85.64
85.448
85.496
85.544
85.592
85.64
85.448
85.496
85.544
85.592
85.64
85.448
85.496
85.544
85.592
85.64
85.448
85.496
85.544
85.592
85.64
85.448
85.496
85.544
85.592
85.64
85.448
85.496
85.544
85.592
85.64
85.448
85.496
85.544
85.592
85.64
85.448
85.496
85.544
85.592
85.64
85.448
85.496
85.544
85.592
85.64
85.448
85.496
85.544
85.592
85.64
85.448
85.496
85.544
85.592
85.64
85.448
85.496
85.544
85.592
85.64
85.448
85.496
85.544
85.592
85.64
85.448
85.496
85.544
85.592
85.64
85.448
85.496
85.544
85.592
85.64
85.448
85.496
85.544
85.592
85.64
85.448
85.496
85.544
85.592
85.64
85.448
85.496
85.544
85.592
85.64
85.448
85.496
85.544
85.592
85.64
85.448
85.496
85.544
85.592
85.64
85.448
85.496
85.544
85.592
85.64
85.448
85.496
85.544
85.592
85.64
85.448
85.496
85.544
85.592
85.64
85.448
85.496
85.544
85.592
85.64
85.448
85.496
85.544
85.592
85.64
85.448
85.496
85.544
85.592
85.64
85.448
85.496
85.544
85.592
85.64
85.448
85.496
85.544
85.592
85.64
85.448
85.496
85.544
85.592
85.64
85.448
85.496
85.544
85.592
85.64
85.448
85.496
85.544
85.592
85.64
85.448
85.496
85.544
85.592
85.64
85.448
85.496
85.544
85.592
85.64
85.448
85.496
85.544
85.592
85.64
85.448
85.496
85.544
85.592
85.64
85.448
85.496
85.544
85.592
85.64
85.448
85.496
85.544
85.592
85.64
85.448
85.496
85.544
85.592
85.64
85.448
85.496
85.544
85.592
85.64
85.448
85.496
85.544
85.592
85.64
85.448
85.496
85.544
85.592
85.64
85.448
85.496
85.544
85.592
85.64
85.448
85.496
85.544
85.592
85.64
85.448
85.496
85.544
85.592
85.64
85.448
85.496
85.544
85.592
85.64
85.448
85.496
85.544
85.592
85.64
85.448
85.496
85.544
85.592
85.64
85.448
85.496
85.544
85.592
85.64
85.448
85.496
85.544
85.592
85.64
85.448
85.496
85.544
85.592
85.64
85.448
85.496
85.544
85.592
85.64
85.448
85.496
85.544
85.592
85.64
85.448
85.496
85.544
85.592
85.64
85.448
85.496
85.544
85.592
85.64
85.448
85.496
85.544
85.592
85.64
85.448
85.496
85.544
85.592
85.64
85.448
85.496
85.544
85.592
85.64
85.448
85.496
85.544
85.592
85.64
85.448
85.496
85.544
85.592
85.64
85.448
85.496
85.544
85.592
85.64
85.448
85.496
85.544
85.592
85.64
85.448
85.496
85.544
85.592
85.64
85.448
85.496
85.544
85.592
85.64
85.448
85.496
85.544
85.592
85.64
85.448
85.496
85.544
85.592
85.64
85.448
85.496
85.544
85.592
85.64
85.448
85.496
85.544
85.592
85.64
85.448
85.496
85.544
85.592
85.64
85.448
85.496
85.544
85.592
85.64
85.448
85.496
85.544
85.592
85.64
85.448
85.496
85.544
85.592
85.64
85.448
85.496
85.544
85.592
85.64
85.448
85.496
85.544
85.592
85.64
85.448
85.496
85.544
85.592
85.64
85.448
85.496
85.544
85.592
85.64
85.448
85.496
85.544
85.592
85.64
85.448
85.496
85.544
85.592
85.64
85.448
85.496
85.544
85.592
85.64
85.448
85.496
85.544
85.592
85.64
85.448
85.496
85.544
85.592
85.64
85.448
85.496
85.544
85.592
85.64
85.448
85.496
85.544
85.592
85.64
85.448
85.496
85.544
85.592
85.64
85.448
85.496
85.544
85.592
85.64
85.448
85.496
85.544
85.592
85.64
85.448
85.496
85.544
85.592
85.64
85.448
85.496
85.544
85.592
85.64
85.448
85.496
85.544
85.592
85.64
85.448
85.496
85.544
85.592
85.64
85.448
85.496
85.544
85.592
85.64
85.448
85.496
85.544
85.592
85.64
85.448
85.496
85.544
85.592
85.64
85.448
85.496
85.544
85.592
85.64
85.448
85.496
85.544
85.592
85.64
85.448
85.496
85.544
85.592
85.64
85.448
85.496
85.544
85.592
85.64
85.448
85.496
85.544
85.592
85.64
85.448
85.496
85.544
85.592
85.64
85.448
85.496
85.544
85.592
85.64
85.448
85.496
85.544
85.592
85.64
85.448
85.496
85.544
85.592
85.64
85.448
85.496
85.544
85.592
85.64
85.448
85.496
85.544
85.592
85.64
85.448
85.496
85.544
85.592
85.64
85.448
85.496
85.544
85.592
85.64
85.448
85.496
85.544
85.592
85.64
85.448
85.496
85.544
85.592
85.64
85.448
85.496
85.544
85.592
85.64
85.448
85.496
85.544
85.592
85.64
85.448
85.496
85.544
85.592
85.64
85.448
85.496
85.544
85.592
85.64
85.448
85.496
85.544
85.592
85.64
85.448
85.496
85.544
85.592
85.64
85.448
85.496
85.544
85.592
85.64
85.448
85.496
85.544
85.592
85.64
85.448
85.496
85.544
85.592
85.64
85.448
85.496
85.544
85.592
85.64
85.448
85.496
85.544
85.592
85.64
85.448
85.496
85.544
85.592
85.64
85.448
85.496
85.544
85.592
85.64
85.448
85.496
85.544
85.592
85.64
85.448
85.496
85.544
85.592
85.64
85.448
85.496
85.544
85.592
85.64
85.448
85.496
85.544
85.592
85.64
85.448
85.496
85.544
85.592
85.64
85.448
85.496
85.544
85.592
85.64
85.448
85.496
85.544
85.592
85.64
85.448
85.496
85.544
85.592
85.64
85.448
85.496
85.544
85.592
85.64
85.448
85.496
85.544
85.592
85.64
85.448
85.496
85.544
85.592
85.64
85.448
85.496
85.544
85.592
85.64
85.448
85.496
85.544
85.592
85.64
85.448
85.496
85.544
85.592
85.64
85.448
85.496
85.544
85.592
85.64
85.448
85.496
85.544
85.592
85.64
85.448
85.496
85.544
85.592
85.64
85.448
85.496
85.544
85.592
85.64
85.448
85.496
85.544
85.592
85.64
85.448
85.496
85.544
85.592
85.64
85.448
85.496
85.544
85.592
85.64
85.448
85.496
85.544
85.592
85.64
85.448
85.496
85.544
85.592
85.64
85.448
85.496
85.544
85.592
85.64
85.448
85.496
85.544
85.592
85.64
85.448
85.496
85.544
85.592
85.64
85.448
85.496
85.544
85.592
85.64
85.448
85.496
85.544
85.592
85.64
85.448
85.496
85.544
85.592
85.64
85.448
85.496
85.544
85.592
85.64
85.448
85.496
85.544
85.592
85.64
85.448
85.496
85.544
85.592
85.64
85.448
85.496
85.544
85.592
85.64
85.448
85.496
85.544
85.592
85.64
85.448
85.496
85.544
85.592
85.64
85.448
85.496
85.544
85.592
85.64
85.448
85.496
85.544
85.592
85.64
85.448
85.496
85.544
85.592
85.64
85.448
85.496
85.544
85.592
85.64
85.448
85.496
85.544
85.592
85.64
85.448
85.496
85.544
85.592
85.64
85.448
85.496
85.544
85.592
85.64
85.448
85.496
85.544
85.592
85.64
85.448
85.496
85.544
85.592
85.64
85.448
85.496
85.544
85.592
85.64
85.448
85.496
85.544
85.592
85.64
85.448
85.496
85.544
85.592
85.64
85.448
85.496
85.544
85.592
85.64
85.448
85.496
85.544
85.592
85.64
85.448
85.496
85.544
85.592
85.64
85.448
85.496
85.544
85.592
85.64
85.448
85.496
85.544
85.592
85.64
85.448
85.496
85.544
85.592
85.64
85.448
85.496
85.544
85.592
85.64
85.448
85.496
85.544
85.592
85.64
85.448
85.496
85.544
85.592
85.64
85.448
85.496
85.544
85.592
85.64
85.448
85.496
85.544
85.592
85.64
85.448
85.496
85.544
85.592
85.64
85.448
85.496
85.544
85.592
85.64
85.448
85.496
85.544
85.592
85.64
85.448
85.496
85.544
85.592
85.64
85.448
85.496
85.544
85.592
85.64
85.448
85.496
85.544
85.592
85.64
85.448
85.496
85.544
85.592
85.64
85.448
85.496
85.544
85.592
85.64
85.448
85.496
85.544
85.592
85.64
85.448
85.496
85.544
85.592
85.64
85.448
85.496
85.544
85.592
85.64
85.448
85.496
85.544
85.592
85.64
85.448
85.496
85.544
85.592
85.64
85.448
85.496
85.544
85.592
85.64
85.448
85.496
85.544
85.592
85.64
85.448
85.496
85.544
85.592
85.64
85.448
85.496
85.544
85.592
85.64
85.448
85.496
85.544
85.592
85.64
85.448
85.496
85.544
85.592
85.64
85.448
85.496
85.544
85.592
85.64
85.448
85.496
85.544
85.592
85.64
85.448
85.496
85.544
85.592
85.64
85.448
85.496
85.544
85.592
85.64
85.448
85.496
85.544
85.592
85.64
85.448
85.496
85.544
85.592
85.64
85.448
85.496
85.544
85.592
85.64
85.448
85.496
85.544
85.592
85.64
85.448
85.496
85.544
85.592
85.64
85.448
85.496
85.544
85.592
85.64
85.448
85.496
85.544
85.592
85.64
85.448
85.496
85.544
85.592
85.64
85.448
85.496
85.544
85.592
85.64
85.448
85.496
85.544
85.592
85.64
85.448
85.496
85.544
85.592
85.64
85.448
85.496
85.544
85.592
85.64
85.448
85.496
85.544
85.592
85.64
85.448
85.496
85.544
85.592
85.64
85.448
85.496
85.544
85.592
85.64
85.448
85.496
85.544
85.592
85.64
85.448
85.496
85.544
85.592
85.64
85.448
85.496
85.544
85.592
85.64
85.448
85.496
85.544
85.592
85.64
85.448
85.496
85.544
85.592
85.64
85.448
85.496
85.544
85.592
85.64
85.448
85.496
85.544
85.592
85.64
85.448
85.496
85.544
85.592
85.64
85.448
85.496
85.544
85.592
85.64
85.448
85.496
85.544
85.592
85.64
85.448
85.496
85.544
85.592
85.64
85.448
85.496
85.544
85.592
85.64
85.448
85.496
85.544
85.592
85.64
85.448
85.496
85.544
85.592
85.64
85.448
85.496
85.544
85.592
85.64
85.448
85.496
85.544
85.592
85.64
85.448
85.496
85.544
85.592
85.64
85.448
85.496
85.544
85.592
85.64
85.448
85.496
85.544
85.592
85.64
85.448
85.496
85.544
85.592
85.64
85.448
85.496
85.544
85.592
85.64
85.448
85.496
85.544
85.592
85.64
85.448
85.496
85.544
85.592
85.64
85.448
85.496
85.544
85.592
85.64
85.448
85.496
85.544
85.592
85.64
85.448
85.496
85.544
85.592
85.64
85.448
85.496
85.544
85.592
85.64
85.448
85.496
85.544
85.592
85.64
85.448
85.496
85.544
85.592
85.64
85.448
85.496
85.544
85.592
85.64
85.448
85.496
85.544
85.592
85.64
85.448
85.496
85.544
85.592
85.64
85.448
85.496
85.544
85.592
85.64
85.448
85.496
85.544
85.592
85.64
85.448
85.496
85.544
85.592
85.64
85.448
85.496
85.544
85.592
85.64
85.448
85.496
85.544
85.592
85.64
85.448
85.496
85.544
85.592
85.64
85.448
85.496
85.544
85.592
85.64
85.448
85.496
85.544
85.592
85.64
85.448
85.496
85.544
85.592
85.64
85.448
85.496
85.544
85.592
85.64
85.448
85.496
85.544
85.592
85.64
85.448
85.496
85.544
85.592
85.64
85.448
85.496
85.544
85.592
85.64
85.448
85.496
85.544
85.592
85.64
85.448
85.496
85.544
85.592
85.64
85.448
85.496
85.544
85.592
85.64
85.448
85.496
85.544
85.592
85.64
85.448
85.496
85.544
85.592
85.64
85.448
85.496
85.544
85.592
85.64
85.448
85.496
85.544
85.592
85.64
85.448
85.496
85.544
85.592
85.64
85.448
85.496
85.544
85.592
85.64
85.448
85.496
85.544
85.592
85.64
85.448
85.496
85.544
85.592
85.64
85.448
85.496
85.544
85.592
85.64
85.448
85.496
85.544
85.592
85.64
85.448
85.496
85.544
85.592
85.64
85.448
85.496
85.544
85.592
85.64
85.448
85.496
85.544
85.592
85.64
85.448
85.496
85.544
85.592
85.64
85.448
85.496
85.544
85.592
85.64
85.448
85.496
85.544
85.592
85.64
85.448
85.496
85.544
85.592
85.64
85.448
85.496
85.544
85.592
85.64
85.448
85.496
85.544
85.592
85.64
85.448
85.496
85.544
85.592
85.64
85.448
85.496
85.544
85.592
85.64
85.448
85.496
85.544
85.592
85.64
85.448
85.496
85.544
85.592
85.64
85.448
85.496
85.544
85.592
85.64
85.448
85.496
85.544
85.592
85.64
85.448
85.496
85.544
85.592
85.64
85.448
85.496
85.544
85.592
85.64
85.448
85.496
85.544
85.592
85.64
85.448
85.496
85.544
85.592
85.64
85.448
85.496
85.544
85.592
85.64
85.448
85.496
85.544
85.592
85.64
85.448
85.496
85.544
85.592
85.64
85.448
85.496
85.544
85.592
85.64
85.448
85.496
85.544
85.592
85.64
85.448
85.496
85.544
85.592
85.64
85.448
85.496
85.544
85.592
85.64
85.448
85.496
85.544
85.592
85.64
85.448
85.496
85.544
85.592
85.64
85.448
85.496
85.544
85.592
85.64
85.448
85.496
85.544
85.592
85.64
85.448
85.496
85.544
85.592
85.64
85.448
85.496
85.544
85.592
85.64
85.448
85.496
85.544
85.592
85.64
85.448
85.496
85.544
85.592
85.64
85.448
85.496
85.544
85.592
85.64
85.448
85.496
85.544
85.592
85.64
85.448
85.496
85.544
85.592
85.64
85.448
85.496
85.544
85.592
85.64
85.448
85.496
85.544
85.592
85.64
85.448
85.496
85.544
85.592
85.64
85.448
85.496
85.544
85.592
85.64
85.448
85.496
85.544
85.592
85.64
85.448
85.496
85.544
85.592
85.64
85.448
85.496
85.544
85.592
85.64
85.448
85.496
85.544
85.592
85.64
85.448
85.496
85.544
85.592
85.64
85.448
85.496
85.544
85.592
85.64
85.448
85.496
85.544
85.592
85.64
85.448
85.496
85.544
85.592
85.64
85.448
85.496
85.544
85.592
85.64
85.448
85.496
85.544
85.592
85.64
85.448
85.496
85.544
85.592
85.64
85.448
85.496
85.544
85.592
85.64
85.448
85.496
85.544
85.592
85.64
85.448
85.496
85.544
85.592
85.64
85.448
85.496
85.544
85.592
85.64
85.448
85.496
85.544
85.592
85.64
85.448
85.496
85.544
85.592
85.64
85.448
85.496
85.544
85.592
85.64
85.448
85.496
85.544
85.592
85.64
85.448
85.496
85.544
85.592
85.64
85.448
85.496
85.544
85.592
85.64
85.448
85.496
85.544
85.592
85.64
85.448
85.496
85.544
85.592
85.64
85.448
85.496
85.544
85.592
85.64
85.448
85.496
85.544
85.592
85.64
85.448
85.496
85.544
85.592
85.64
85.448
85.496
85.544
85.592
85.64
85.448
85.496
85.544
85.592
85.64
85.448
85.496
85.544
85.592
85.64
85.448
85.496
85.544
85.592
85.64
85.448
85.496
85.544
85.592
85.64
85.448
85.496
85.544
85.592
85.64
85.448
85.496
85.544
85.592
85.64
85.448
85.496
85.544
85.592
85.64
85.448
85.496
85.544
85.592
85.64
85.448
85.496
85.544
85.592
85.64
85.448
85.496
85.544
85.592
85.64
85.448
85.496
85.544
85.592
85.64
85.448
85.496
85.544
85.592
85.64
85.448
85.496
85.544
85.592
85.64
85.448
85.496
85.544
85.592
85.64
85.448
85.496
85.544
85.592
85.64
85.448
85.496
85.544
85.592
85.64
85.448
85.496
85.544
85.592
85.64
85.448
85.496
85.544
85.592
85.64
85.448
85.496
85.544
85.592
85.64
85.448
85.496
85.544
85.592
85.64
85.448
85.496
85.544
85.592
85.64
85.448
85.496
85.544
85.592
85.64
85.448
85.496
85.544
85.592
85.64
85.448
85.496
85.544
85.592
85.64
85.448
85.496
85.544
85.592
85.64
85.448
85.496
85.544
85.592
85.64
85.448
85.496
85.544
85.592
85.64
85.448
85.496
85.544
85.592
85.64
85.448
85.496
85.544
85.592
85.64
85.448
85.496
85.544
85.592
85.64
85.448
85.496
85.544
85.592
85.64
85.448
85.496
85.544
85.592
85.64
85.448
85.496
85.544
85.592
85.64
85.448
85.496
85.544
85.592
85.64
85.448
85.496
85.544
85.592
85.64
85.448
85.496
85.544
85.592
85.64
85.448
85.496
85.544
85.592
85.64
85.448
85.496
85.544
85.592
85.64
85.448
85.496
85.544
85.592
85.64
85.448
85.496
85.544
85.592
85.64
85.448
85.496
85.544
85.592
85.64
85.448
85.496
85.544
85.592
85.64
85.448
85.496
85.544
85.592
85.64
85.448
85.496
85.544
85.592
85.64
85.448
85.496
85.544
85.592
85.64
85.448
85.496
85.544
85.592
85.64
85.448
85.496
85.544
85.592
85.64
85.448
85.496
85.544
85.592
85.64
85.448
85.496
85.544
85.592
85.64
85.448
85.496
85.544
85.592
85.64
85.448
85.496
85.544
85.592
85.64
85.448
85.496
85.544
85.592
85.64
85.448
85.496
85.544
85.592
85.64
85.448
85.496
85.544
85.592
85.64
85.448
85.496
85.544
85.592
85.64
85.448
85.496
85.544
85.592
85.64
85.448
85.496
85.544
85.592
85.64
85.448
85.496
85.544
85.592
85.64
85.448
85.496
85.544
85.592
85.64
85.448
85.496
85.544
85.592
85.64
85.448
85.496
85.544
85.592
85.64
85.448
85.496
85.544
85.592
85.64
85.448
85.496
85.544
85.592
85.64
85.448
85.496
85.544
85.592
85.64
85.448
85.496
85.544
85.592
85.64
85.448
85.496
85.544
85.592
85.64
85.448
85.496
85.544
85.592
85.64
85.448
85.496
85.544
85.592
85.64
85.448
85.496
85.544
85.592
85.64
85.448
85.496
85.544
85.592
85.64
85.448
85.496
85.544
85.592
85.64
85.448
85.496
85.544
85.592
85.64
85.448
85.496
85.544
85.592
85.64
85.448
85.496
85.544
85.592
85.64
85.448
85.496
85.544
85.592
85.64
85.448
85.496
85.544
85.592
85.64
85.448
85.496
85.544
85.592
85.64
85.448
85.496
85.544
85.592
85.64
85.448
85.496
85.544
85.592
85.64
85.448
85.496
85.544
85.592
85.64
85.448
85.496
85.544
85.592
85.64
85.448
85.496
85.544
85.592
85.64
85.448
85.496
85.544
85.592
85.64
85.448
85.496
85.544
85.592
85.64
85.448
85.496
85.544
85.592
85.64
85.448
85.496
85.544
85.592
85.64
85.448
85.496
85.544
85.592
85.64
85.448
85.496
85.544
85.592
85.64
85.448
85.496
85.544
85.592
85.64
85.448
85.496
85.544
85.592
85.64
85.448
85.496
85.544
85.592
85.64
85.448
85.496
85.544
85.592
85.64
85.448
85.496
85.544
85.592
85.64
85.448
85.496
85.544
85.592
85.64
85.448
85.496
85.544
85.592
85.64
85.448
85.496
85.544
85.592
85.64
85.448
85.496
85.544
85.592
85.64
85.448
85.496
85.544
85.592
85.64
85.448
85.496
85.544
85.592
85.64
85.448
85.496
85.544
85.592
85.64
85.448
85.496
85.544
85.592
85.64
85.448
85.496
85.544
85.592
85.64
85.448
85.496
85.544
85.592
85.64
85.448
85.496
85.544
85.592
85.64
85.448
85.496
85.544
85.592
85.64
85.448
85.496
85.544
85.592
85.64
85.448
85.496
85.544
85.592
85.64
85.448
85.496
85.544
85.592
85.64
85.448
85.496
85.544
85.592
85.64
85.448
85.496
85.544
85.592
85.64
85.448
85.496
85.544
85.592
85.64
85.448
85.496
85.544
85.592
85.64
85.448
85.496
85.544
85.592
85.64
85.448
85.496
85.544
85.592
85.64
85.448
85.496
85.544
85.592
85.64
85.448
85.496
85.544
85.592
85.64
85.448
85.496
85.544
85.592
85.64
85.448
85.496
85.544
85.592
85.64
85.448
85.496
85.544
85.592
85.64
85.448
85.496
85.544
85.592
85.64
85.448
85.496
85.544
85.592
85.64
85.448
85.496
85.544
85.592
85.64
85.448
85.496
85.544
85.592
85.64
85.448
85.496
85.544
85.592
85.64
85.448
85.496
85.544
85.592
85.64
85.448
85.496
85.544
85.592
85.64
85.448
85.496
85.544
85.592
85.64
85.448
85.496
85.544
85.592
85.64
85.448
85.496
85.544
85.592
85.64
85.448
85.496
85.544
85.592
85.64
85.448
85.496
85.544
85.592
85.64
85.448
85.496
85.544
85.592
85.64
85.448
85.496
85.544
85.592
85.64
85.448
85.496
85.544
85.592
85.64
85.448
85.496
85.544
85.592
85.64
85.448
85.496
85.544
85.592
85.64
85.448
85.496
85.544
85.592
85.64
85.448
85.496
85.544
85.592
85.64
85.448
85.496
85.544
85.592
85.64
85.448
85.496
85.544
85.592
85.64
85.448
85.496
85.544
85.592
85.64
85.448
85.496
85.544
85.592
85.64
85.448
85.496
85.544
85.592
85.64
85.448
85.496
85.544
85.592
85.64
85.448
85.496
85.544
85.592
85.64
85.448
85.496
85.544
85.592
85.64
85.448
85.496
85.544
85.592
85.64
85.448
85.496
85.544
85.592
85.64
85.448
85.496
85.544
85.592
85.64
85.448
85.496
85.544
85.592
85.64
85.448
85.496
85.544
85.592
85.64
85.448
85.496
85.544
85.592
85.64
85.448
85.496
85.544
85.592
85.64
85.448
85.496
85.544
85.592
85.64
85.448
85.496
85.544
85.592
85.64
85.448
85.496
85.544
85.592
85.64
85.448
85.496
85.544
85.592
85.64
85.448
85.496
85.544
85.592
85.64
85.448
85.496
85.544
85.592
85.64
85.448
85.496
85.544
85.592
85.64
85.448
85.496
85.544
85.592
85.64
85.448
85.496
85.544
85.592
85.64
85.448
85.496
85.544
85.592
85.64
85.448
85.496
85.544
85.592
85.64
85.448
85.496
85.544
85.592
85.64
85.448
85.496
85.544
85.592
85.64
85.448
85.496
85.544
85.592
85.64
85.448
85.496
85.544
85.592
85.64
85.448
85.496
85.544
85.592
85.64
85.448
85.496
85.544
85.592
85.64
85.448
85.496
85.544
85.592
85.64
85.448
85.496
85.544
85.592
85.64
85.448
85.496
85.544
85.592
85.64
85.448
85.496
85.544
85.592
85.64
85.448
85.496
85.544
85.592
85.64
85.448
85.496
85.544
85.592
85.64
85.448
85.496
85.544
85.592
85.64
85.448
85.496
85.544
85.592
85.64
85.448
85.496
85.544
85.592
85.64
85.448
85.496
85.544
85.592
85.64
85.448
85.496
85.544
85.592
85.64
85.448
85.496
85.544
85.592
85.64
85.448
85.496
85.544
85.592
85.64
85.448
85.496
85.544
85.592
85.64
85.448
85.496
85.544
85.592
85.64
85.448
85.496
85.544
85.592
85.64
85.448
85.496
85.544
85.592
85.64
85.448
85.496
85.544
85.592
85.64
85.448
85.496
85.544
85.592
85.64
85.448
85.496
85.544
85.592
85.64
85.448
85.496
85.544
85.592
85.64
85.448
85.496
85.544
85.592
85.64
85.448
85.496
85.544
85.592
85.64
85.448
85.496
85.544
85.592
85.64
85.448
85.496
85.544
85.592
85.64
85.448
85.496
85.544
85.592
85.64
85.448
85.496
85.544
85.592
85.64
85.448
85.496
85.544
85.592
85.64
85.448
85.496
85.544
85.592
85.64
85.448
85.496
85.544
85.592
85.64
85.448
85.496
85.544
85.592
85.64
85.448
85.496
85.544
85.592
85.64
85.448
85.496
85.544
85.592
85.64
85.448
85.496
85.544
85.592
85.64
85.448
85.496
85.544
85.592
85.64
85.448
85.496
85.544
85.592
85.64
85.448
85.496
85.544
