37.304
37.458
37.613
37.768
37.922
38.077
38.232
38.386
38.541
38.696
38.85
39.005
39.16
39.314
39.469
39.624
39.778
39.933
40.088
40.242
40.397
40.552
40.706
40.861
41.016
41.17
41.325
41.48
41.634
41.789
41.944
42.098
42.253
42.408
42.562
42.717
42.872
43.026
43.181
43.336
43.49
43.645
43.8
43.954
44.109
44.264
44.418
44.573
44.728
44.882
45.037
45.192
45.346
45.501
45.656
45.81
45.965
46.12
46.274
46.429
46.584
46.738
46.893
47.048
47.202
47.357
47.512
47.666
47.821
47.976
48.13
48.285
48.44
48.594
48.749
48.904
49.058
49.213
49.368
49.522
49.677
49.832
49.986
50.141
50.296
50.45
50.605
50.76
50.914
51.069
51.224
51.378
51.533
51.688
51.842
51.997
52.152
52.306
52.461
52.616
52.77
52.925
53.08
53.234
53.389
53.544
53.698
53.853
54.008
54.162
54.317
54.472
54.626
54.781
54.936
55.09
55.245
55.4
55.554
55.709
55.864
56.018
56.173
56.328
56.482
56.637
56.792
56.946
57.101
57.256
57.41
57.565
57.72
57.874
58.029
58.184
58.338
58.493
58.648
58.802
58.957
59.112
59.266
59.421
59.576
59.73
59.885
60.04
60.194
60.349
60.504
60.658
60.813
60.968
61.122
61.277
61.432
61.586
61.741
61.896
62.05
62.205
62.36
62.514
62.669
62.824
62.978
63.133
63.288
63.442
63.597
63.752
63.906
64.061
64.216
64.37
64.525
64.68
64.834
64.989
65.144
65.298
65.453
65.608
65.762
65.917
66.072
66.226
66.381
66.536
66.69
66.845
67
67.154
67.309
67.464
67.618
67.773
67.928
68.082
68.237
68.392
68.546
68.701
68.856
69.01
69.165
69.32
69.474
69.629
69.784
69.938
70.093
70.248
70.402
70.557
70.712
70.866
71.021
71.176
71.33
71.485
71.64
71.794
71.949
72.104
72.258
72.413
72.568
72.722
72.877
73.032
73.186
73.341
73.496
73.65
73.805
73.96
74.114
74.269
74.424
74.578
74.733
74.888
75.042
75.197
75.352
75.506
75.661
75.816
75.97
76.125
76.28
76.434
76.589
76.744
76.898
77.053
77.208
77.362
77.517
77.672
77.826
77.981
78.136
78.29
78.445
78.6
78.754
78.909
79.064
79.218
79.373
79.528
79.682
79.837
79.992
80.146
80.301
80.456
80.61
80.765
80.92
81.074
81.229
81.384
81.538
81.693
81.848
82.002
82.157
82.312
82.466
82.621
82.776
82.93
83.085
83.24
83.394
83.549
83.704
83.858
84.013
84.168
84.322
84.477
84.632
84.786
84.941
85.096
85.25
85.405
85.56
85.581
85.602
85.624
85.645
85.666
85.554
85.576
85.597
85.618
85.64
85.661
85.682
85.57
85.592
85.613
85.634
85.656
85.677
85.565
85.586
85.608
85.629
85.65
85.672
85.56
85.581
85.602
85.624
85.645
85.666
85.554
85.576
85.597
85.618
85.64
85.661
85.682
85.57
85.592
85.613
85.634
85.656
85.677
85.565
85.586
85.608
85.629
85.65
85.672
85.56
85.581
85.602
85.624
85.645
85.666
85.554
85.576
85.597
85.618
85.64
85.661
85.682
85.57
85.592
85.613
85.634
85.656
85.677
85.565
85.586
85.608
85.629
85.65
85.672
85.56
85.581
85.602
85.624
85.645
85.666
85.554
85.576
85.597
85.618
85.64
85.661
85.682
85.57
85.592
85.613
85.634
85.656
85.677
85.565
85.586
85.608
85.629
85.65
85.672
85.56
85.581
85.602
85.624
85.645
85.666
85.554
85.576
85.597
85.618
85.64
85.661
85.682
85.57
85.592
85.613
85.634
85.656
85.677
85.565
85.586
85.608
85.629
85.65
85.672
85.56
85.581
85.602
85.624
85.645
85.666
85.554
85.576
85.597
85.618
85.64
85.661
85.682
85.57
85.592
85.613
85.634
85.656
85.677
85.565
85.586
85.608
85.629
85.65
85.672
85.56
85.581
85.602
85.624
85.645
85.666
85.554
85.576
85.597
85.618
85.64
85.661
85.682
85.57
85.592
85.613
85.634
85.656
85.677
85.565
85.586
85.608
85.629
85.65
85.672
85.56
85.581
85.602
85.624
85.645
85.666
85.554
85.576
85.597
85.618
85.64
85.661
85.682
85.57
85.592
85.613
85.634
85.656
85.677
85.565
85.586
85.608
85.629
85.65
85.672
85.56
85.581
85.602
85.624
85.645
85.666
85.554
85.576
85.597
85.618
85.64
85.661
85.682
85.57
85.592
85.613
85.634
85.656
85.677
85.565
85.586
85.608
85.629
85.65
85.672
85.56
85.581
85.602
85.624
85.645
85.666
85.554
85.576
85.597
85.618
85.64
85.661
85.682
85.57
85.592
85.613
85.634
85.656
85.677
85.565
85.586
85.608
85.629
85.65
85.672
85.56
85.581
85.602
85.624
85.645
85.666
85.554
85.576
85.597
85.618
85.64
85.661
85.682
85.57
85.592
85.613
85.634
85.656
85.677
85.565
85.586
85.608
85.629
85.65
85.672
85.56
85.581
85.602
85.624
85.645
85.666
85.554
85.576
85.597
85.618
85.64
85.661
85.682
85.57
85.592
85.613
85.634
85.656
85.677
85.565
85.586
85.608
85.629
85.65
85.672
85.56
85.581
85.602
85.624
85.645
85.666
85.554
85.576
85.597
85.618
85.64
85.661
85.682
85.57
85.592
85.613
85.634
85.656
85.677
85.565
85.587
85.608
85.629
85.651
85.672
85.56
85.581
85.603
85.624
85.645
85.667
85.555
85.576
85.597
85.619
85.64
85.661
85.683
85.571
85.592
85.613
85.635
85.656
85.677
85.565
85.587
85.608
85.629
85.651
85.672
85.56
85.581
85.603
85.624
85.645
85.667
85.555
85.576
85.597
85.619
85.64
85.661
85.683
85.571
85.592
85.613
85.635
85.656
85.677
85.565
85.587
85.608
85.629
85.651
85.672
85.56
85.581
85.603
85.624
85.645
85.667
85.555
85.576
85.597
85.619
85.64
85.661
85.683
85.571
85.592
85.613
85.635
85.656
85.677
85.565
85.587
85.608
85.629
85.651
85.672
85.56
85.581
85.603
85.624
85.645
85.667
85.555
85.576
85.597
85.619
85.64
85.661
85.683
85.571
85.592
85.613
85.635
85.656
85.677
85.565
85.587
85.608
85.629
85.651
85.672
85.56
85.581
85.603
85.624
85.645
85.667
85.555
85.576
85.597
85.619
85.64
85.661
85.683
85.571
85.592
85.613
85.635
85.656
85.677
85.565
85.587
85.608
85.629
85.651
85.672
85.56
85.581
85.603
85.624
85.645
85.667
85.555
85.576
85.597
85.619
85.64
85.661
85.683
85.571
85.592
85.613
85.635
85.656
85.677
85.565
85.587
85.608
85.629
85.651
85.672
85.56
85.581
85.603
85.624
85.645
85.667
85.555
85.576
85.597
85.619
85.64
85.661
85.683
85.571
85.592
85.613
85.635
85.656
85.677
85.565
85.587
85.608
85.629
85.651
85.672
85.56
85.581
85.603
85.624
85.645
85.667
85.555
85.576
85.597
85.619
85.64
85.661
85.683
85.571
85.592
85.613
85.635
85.656
85.677
85.565
85.587
85.608
85.629
85.651
85.672
85.56
85.581
85.603
85.624
85.645
85.667
85.555
85.576
85.597
85.619
85.64
85.661
85.683
85.571
85.592
85.613
85.635
85.656
85.677
85.565
85.587
85.608
85.629
85.651
85.672
85.56
85.581
85.603
85.624
85.645
85.667
85.555
85.576
85.597
85.619
85.64
85.661
85.683
85.571
85.592
85.613
85.635
85.656
85.677
85.565
85.587
85.608
85.629
85.651
85.672
85.56
85.581
85.603
85.624
85.645
85.667
85.555
85.576
85.597
85.619
85.64
85.661
85.683
85.571
85.592
85.613
85.635
85.656
85.677
85.565
85.587
85.608
85.629
85.651
85.672
85.56
85.581
85.603
85.624
85.645
85.667
85.555
85.576
85.597
85.619
85.64
85.661
85.683
85.571
85.592
85.613
85.635
85.656
85.677
85.565
85.587
85.608
85.629
85.651
85.672
85.56
85.581
85.603
85.624
85.645
85.667
85.555
85.576
85.597
85.619
85.64
85.661
85.683
85.571
85.592
85.613
85.635
85.656
85.677
85.565
85.587
85.608
85.629
85.651
85.672
85.56
85.581
85.603
85.624
85.645
85.667
85.555
85.576
85.597
85.619
85.64
85.661
85.683
85.571
85.592
85.613
85.635
85.656
85.677
85.565
85.587
85.608
85.629
85.651
85.672
85.56
85.581
85.603
85.624
85.645
85.667
85.555
85.576
85.597
85.619
85.64
85.661
85.683
85.571
85.592
85.613
85.635
85.656
85.677
85.565
85.587
85.608
85.629
85.651
85.672
85.56
85.581
85.603
85.624
85.645
85.667
85.555
85.576
85.597
85.619
85.64
85.661
85.683
85.571
85.592
85.613
85.635
85.656
85.677
85.565
85.587
85.608
85.629
85.651
85.672
85.56
85.581
85.603
85.624
85.645
85.667
85.555
85.576
85.597
85.619
85.64
85.661
85.683
85.571
85.592
85.613
85.635
85.656
85.677
85.565
85.587
85.608
85.629
85.651
85.672
85.56
85.581
85.603
85.624
85.645
85.667
85.555
85.576
85.597
85.619
85.64
85.661
85.683
85.571
85.592
85.613
85.635
85.656
85.677
85.565
85.587
85.608
85.629
85.651
85.672
85.56
85.581
85.603
85.624
85.645
85.667
85.555
85.576
85.598
85.619
85.64
85.662
85.683
85.571
85.592
85.614
85.635
85.656
85.678
85.566
85.587
85.608
85.63
85.651
85.672
85.56
85.582
85.603
85.624
85.646
85.667
85.555
85.576
85.598
85.619
85.64
85.662
85.683
85.571
85.592
85.614
85.635
85.656
85.678
85.566
85.587
85.608
85.63
85.651
85.672
85.56
85.582
85.603
85.624
85.646
85.667
85.555
85.576
85.598
85.619
85.64
85.662
85.683
85.571
85.592
85.614
85.635
85.656
85.678
85.566
85.587
85.608
85.63
85.651
85.672
85.56
85.582
85.603
85.624
85.646
85.667
85.555
85.576
85.598
85.619
85.64
85.662
85.683
85.571
85.592
85.614
85.635
85.656
85.678
85.566
85.587
85.608
85.63
85.651
85.672
85.56
85.582
85.603
85.624
85.646
85.667
85.555
85.576
85.598
85.619
85.64
85.662
85.683
85.571
85.592
85.614
85.635
85.656
85.678
85.566
85.587
85.608
85.63
85.651
85.672
85.56
85.582
85.603
85.624
85.646
85.667
85.555
85.576
85.598
85.619
85.64
85.662
85.683
85.571
85.592
85.614
85.635
85.656
85.678
85.566
85.587
85.608
85.63
85.651
85.672
85.56
85.582
85.603
85.624
85.646
85.667
85.555
85.576
85.598
85.619
85.64
85.662
85.683
85.571
85.592
85.614
85.635
85.656
85.678
85.566
85.587
85.608
85.63
85.651
85.672
85.56
85.582
85.603
85.624
85.646
85.667
85.555
85.576
85.598
85.619
85.64
85.662
85.683
85.571
85.592
85.614
85.635
85.656
85.678
85.566
85.587
85.608
85.63
85.651
85.672
85.56
85.582
85.603
85.624
85.646
85.667
85.555
85.576
85.598
85.619
85.64
85.662
85.683
85.571
85.592
85.614
85.635
85.656
85.678
85.566
85.587
85.608
85.63
85.651
85.672
85.56
85.582
85.603
85.624
85.646
85.667
85.555
85.576
85.598
85.619
85.64
85.662
85.683
85.571
85.592
85.614
85.635
85.656
85.678
85.566
85.587
85.608
85.63
85.651
85.672
85.56
85.582
85.603
85.624
85.646
85.667
85.555
85.576
85.598
85.619
85.64
85.662
85.683
85.571
85.592
85.614
85.635
85.656
85.678
85.566
85.587
85.608
85.63
85.651
85.672
85.56
85.582
85.603
85.624
85.646
85.667
85.555
85.576
85.598
85.619
85.64
85.662
85.683
85.571
85.592
85.614
85.635
85.656
85.678
85.566
85.587
85.608
85.63
85.651
85.672
85.56
85.582
85.603
85.624
85.646
85.667
85.555
85.576
85.598
85.619
85.64
85.662
85.683
85.571
85.592
85.614
85.635
85.656
85.678
85.566
85.587
85.608
85.63
85.651
85.672
85.56
85.582
85.603
85.624
85.646
85.667
85.555
85.576
85.598
85.619
85.64
85.662
85.683
85.571
85.592
85.614
85.635
85.656
85.678
85.566
85.587
85.608
85.63
85.651
85.672
85.56
85.582
85.603
85.624
85.646
85.667
85.555
85.576
85.598
85.619
85.64
85.662
85.683
85.571
85.592
85.614
85.635
85.656
85.678
85.566
85.587
85.608
85.63
85.651
85.672
85.56
85.582
85.603
85.624
85.646
85.667
85.555
85.576
85.598
85.619
85.64
85.662
85.683
85.571
85.592
85.614
85.635
85.656
85.678
85.566
85.587
85.608
85.63
85.651
85.672
85.56
85.582
85.603
85.624
85.646
85.667
85.555
85.576
85.598
85.619
85.64
85.662
85.683
85.571
85.592
85.614
85.635
85.656
85.678
85.566
85.587
85.608
85.63
85.651
85.672
85.56
85.582
85.603
85.624
85.646
85.667
85.555
85.576
85.598
85.619
85.64
85.662
85.683
85.571
85.592
85.614
85.635
85.656
85.678
85.566
85.587
85.608
85.63
85.651
85.672
85.56
85.582
85.603
85.624
85.646
85.667
85.555
85.576
85.598
85.619
85.64
85.662
85.683
85.571
85.592
85.614
85.635
85.656
85.678
85.566
85.587
85.609
85.63
85.651
85.673
85.561
85.582
85.603
85.625
85.646
85.667
85.555
85.577
85.598
85.619
85.641
85.662
85.683
85.571
85.593
85.614
85.635
85.657
85.678
85.566
85.587
85.609
85.63
85.651
85.673
85.561
85.582
85.603
85.625
85.646
85.667
85.555
85.577
85.598
85.619
85.641
85.662
85.683
85.571
85.593
85.614
85.635
85.657
85.678
85.566
85.587
85.609
85.63
85.651
85.673
85.561
85.582
85.603
85.625
85.646
85.667
85.555
85.577
85.598
85.619
85.641
85.662
85.683
85.571
85.593
85.614
85.635
85.657
85.678
85.566
85.587
85.609
85.63
85.651
85.673
85.561
85.582
85.603
85.625
85.646
85.667
85.555
85.577
85.598
85.619
85.641
85.662
85.683
85.571
85.593
85.614
85.635
85.657
85.678
85.566
85.587
85.609
85.63
85.651
85.673
85.561
85.582
85.603
85.625
85.646
85.667
85.555
85.577
85.598
85.619
85.641
85.662
85.683
85.571
85.593
85.614
85.635
85.657
85.678
85.566
85.587
85.609
85.63
85.651
85.673
85.561
85.582
85.603
85.625
85.646
85.667
85.555
85.577
85.598
85.619
85.641
85.662
85.683
85.571
85.593
85.614
85.635
85.657
85.678
85.566
85.587
85.609
85.63
85.651
85.673
85.561
85.582
85.603
85.625
85.646
85.667
85.555
85.577
85.598
85.619
85.641
85.662
85.683
85.571
85.593
85.614
85.635
85.657
85.678
85.566
85.587
85.609
85.63
85.651
85.673
85.561
85.582
85.603
85.625
85.646
85.667
85.555
85.577
85.598
85.619
85.641
85.662
85.683
85.571
85.593
85.614
85.635
85.657
85.678
85.566
85.587
85.609
85.63
85.651
85.673
85.561
85.582
85.603
85.625
85.646
85.667
85.555
85.577
85.598
85.619
85.641
85.662
85.683
85.571
85.593
85.614
85.635
85.657
85.678
85.566
85.587
85.609
85.63
85.651
85.673
85.561
85.582
85.603
85.625
85.646
85.667
85.555
85.577
85.598
85.619
85.641
85.662
85.683
85.571
85.593
85.614
85.635
85.657
85.678
85.566
85.587
85.609
85.63
85.651
85.673
85.561
85.582
85.603
85.625
85.646
85.667
85.555
85.577
85.598
85.619
85.641
85.662
85.683
85.571
85.593
85.614
85.635
85.657
85.678
85.566
85.587
85.609
85.63
85.651
85.673
85.561
85.582
85.603
85.625
85.646
85.667
85.555
85.577
85.598
85.619
85.641
85.662
85.683
85.571
85.593
85.614
85.635
85.657
85.678
85.566
85.587
85.609
85.63
85.651
85.673
85.561
85.582
85.603
85.625
85.646
85.667
85.555
85.577
85.598
85.619
85.641
85.662
85.683
85.571
85.593
85.614
85.635
85.657
85.678
85.566
85.587
85.609
85.63
85.651
85.673
85.561
85.582
85.603
85.625
85.646
85.667
85.555
85.577
85.598
85.619
85.641
85.662
85.683
85.571
85.593
85.614
85.635
85.657
85.678
85.566
85.587
85.609
85.63
85.651
85.673
85.561
85.582
85.603
85.625
85.646
85.667
85.555
85.577
85.598
85.619
85.641
85.662
85.683
85.571
85.593
85.614
85.635
85.657
85.678
85.566
85.587
85.609
85.63
85.651
85.673
85.561
85.582
85.603
85.625
85.646
85.667
85.555
85.577
85.598
85.619
85.641
85.662
85.683
85.571
85.593
85.614
85.635
85.657
85.678
85.566
85.587
85.609
85.63
85.651
85.673
85.561
85.582
85.603
85.625
85.646
85.667
85.555
85.577
85.598
85.619
85.641
85.662
85.683
85.571
85.593
85.614
85.635
85.657
85.678
85.566
85.587
85.609
85.63
85.651
85.673
85.561
85.582
85.603
85.625
85.646
85.667
85.555
85.577
85.598
85.619
85.641
85.662
85.683
85.571
85.593
85.614
85.635
85.657
85.678
85.566
85.587
85.609
85.63
85.651
85.673
85.561
85.582
85.603
85.625
85.646
85.667
85.555
85.577
85.598
85.62
85.641
85.662
85.684
85.572
85.593
85.614
85.636
85.657
85.678
85.566
85.588
85.609
85.63
85.652
85.673
85.561
85.582
85.604
85.625
85.646
85.668
85.556
85.577
85.598
85.62
85.641
85.662
85.684
85.572
85.593
85.614
85.636
85.657
85.678
85.566
85.588
85.609
85.63
85.652
85.673
85.561
85.582
85.604
85.625
85.646
85.668
85.556
85.577
85.598
85.62
85.641
85.662
85.684
85.572
85.593
85.614
85.636
85.657
85.678
85.566
85.588
85.609
85.63
85.652
85.673
85.561
85.582
85.604
85.625
85.646
85.668
85.556
85.577
85.598
85.62
85.641
85.662
85.684
85.572
85.593
85.614
85.636
85.657
85.678
85.566
85.588
85.609
85.63
85.652
85.673
85.561
85.582
85.604
85.625
85.646
85.668
85.556
85.577
85.598
85.62
85.641
85.662
85.684
85.572
85.593
85.614
85.636
85.657
85.678
85.566
85.588
85.609
85.63
85.652
85.673
85.561
85.582
85.604
85.625
85.646
85.668
85.556
85.577
85.598
85.62
85.641
85.662
85.684
85.572
85.593
85.614
85.636
85.657
85.678
85.566
85.588
85.609
85.63
85.652
85.673
85.561
85.582
85.604
85.625
85.646
85.668
85.556
85.577
85.598
85.62
85.641
85.662
85.684
85.572
85.593
85.614
85.636
85.657
85.678
85.566
85.588
85.609
85.63
85.652
85.673
85.561
85.582
85.604
85.625
85.646
85.668
85.556
85.577
85.598
85.62
85.641
85.662
85.684
85.572
85.593
85.614
85.636
85.657
85.678
85.566
85.588
85.609
85.63
85.652
85.673
85.561
85.582
85.604
85.625
85.646
85.668
85.556
85.577
85.598
85.62
85.641
85.662
85.684
85.572
85.593
85.614
85.636
85.657
85.678
85.566
85.588
85.609
85.63
85.652
85.673
85.561
85.582
85.604
85.625
85.646
85.668
85.556
85.577
85.598
85.62
85.641
85.662
85.684
85.572
85.593
85.614
85.636
85.657
85.678
85.566
85.588
85.609
85.63
85.652
85.673
85.561
85.582
85.604
85.625
85.646
85.668
85.556
85.577
85.598
85.62
85.641
85.662
85.684
85.572
85.593
85.614
85.636
85.657
85.678
85.566
85.588
85.609
85.63
85.652
85.673
85.561
85.582
85.604
85.625
85.646
85.668
85.556
85.577
85.598
85.62
85.641
85.662
85.684
85.572
85.593
85.614
85.636
85.657
85.678
85.566
85.588
85.609
85.63
85.652
85.673
85.561
85.582
85.604
85.625
85.646
85.668
85.556
85.577
85.598
85.62
85.641
85.662
85.684
85.572
85.593
85.614
85.636
85.657
85.678
85.566
85.588
85.609
85.63
85.652
85.673
85.561
85.582
85.604
85.625
85.646
85.668
85.556
85.577
85.598
85.62
85.641
85.662
85.684
85.572
85.593
85.614
85.636
85.657
85.678
85.566
85.588
85.609
85.63
85.652
85.673
85.561
85.582
85.604
85.625
85.646
85.668
85.556
85.577
85.598
85.62
85.641
85.662
85.684
85.572
85.593
85.614
85.636
85.657
85.678
85.566
85.588
85.609
85.63
85.652
85.673
85.561
85.582
85.604
85.625
85.646
85.668
85.556
85.577
85.598
85.62
85.641
85.662
85.684
85.572
85.593
85.614
85.636
85.657
85.678
85.566
85.588
85.609
85.63
85.652
85.673
85.561
85.582
85.604
85.625
85.646
85.668
85.556
85.577
85.598
85.62
85.641
85.662
85.684
85.572
85.593
85.614
85.636
85.657
85.678
85.566
85.588
85.609
85.63
85.652
85.673
85.561
85.582
85.604
85.625
85.646
85.668
85.556
85.577
85.598
85.62
85.641
85.662
85.684
85.572
85.593
85.614
85.636
85.657
85.678
85.566
85.588
85.609
85.63
85.652
85.673
85.561
85.582
85.604
85.625
85.646
85.668
85.556
85.577
85.598
85.62
85.641
85.662
85.684
85.572
85.593
85.614
85.636
85.657
85.678
85.566
85.588
85.609
85.631
85.652
85.673
85.561
85.583
85.604
85.625
85.647
85.668
85.556
85.577
85.599
85.62
85.641
85.663
85.684
85.572
85.593
85.615
85.636
85.657
85.679
85.567
85.588
85.609
85.631
85.652
85.673
85.561
85.583
85.604
85.625
85.647
85.668
85.556
85.577
85.599
85.62
85.641
85.663
85.684
85.572
85.593
85.615
85.636
85.657
85.679
85.567
85.588
85.609
85.631
85.652
85.673
85.561
85.583
85.604
85.625
85.647
85.668
85.556
85.577
85.599
85.62
85.641
85.663
85.684
85.572
85.593
85.615
85.636
85.657
85.679
85.567
85.588
85.609
85.631
85.652
85.673
85.561
85.583
85.604
85.625
85.647
85.668
85.556
85.577
85.599
85.62
85.641
85.663
85.684
85.572
85.593
85.615
85.636
85.657
85.679
85.567
85.588
85.609
85.631
85.652
85.673
85.561
85.583
85.604
85.625
85.647
85.668
85.556
85.577
85.599
85.62
85.641
85.663
85.684
85.572
85.593
85.615
85.636
85.657
85.679
85.567
85.588
85.609
85.631
85.652
85.673
85.561
85.583
85.604
85.625
85.647
85.668
85.556
85.577
85.599
85.62
85.641
85.663
85.684
85.572
85.593
85.615
85.636
85.657
85.679
85.567
85.588
85.609
85.631
85.652
85.673
85.561
85.583
85.604
85.625
85.647
85.668
85.556
85.577
85.599
85.62
85.641
85.663
85.684
85.572
85.593
85.615
85.636
85.657
85.679
85.567
85.588
85.609
85.631
85.652
85.673
85.561
85.583
85.604
85.625
85.647
85.668
85.556
85.577
85.599
85.62
85.641
85.663
85.684
85.572
85.593
85.615
85.636
85.657
85.679
85.567
85.588
85.609
85.631
85.652
85.673
85.561
85.583
85.604
85.625
85.647
85.668
85.556
85.577
85.599
85.62
85.641
85.663
85.684
85.572
85.593
85.615
85.636
85.657
85.679
85.567
85.588
85.609
85.631
85.652
85.673
85.561
85.583
85.604
85.625
85.647
85.668
85.556
85.577
85.599
85.62
85.641
85.663
85.684
85.572
85.593
85.615
85.636
85.657
85.679
85.567
85.588
85.609
85.631
85.652
85.673
85.561
85.583
85.604
85.625
85.647
85.668
85.556
85.577
85.599
85.62
85.641
85.663
85.684
85.572
85.593
85.615
85.636
85.657
85.679
85.567
85.588
85.609
85.631
85.652
85.673
85.561
85.583
85.604
85.625
85.647
85.668
85.556
85.577
85.599
85.62
85.641
85.663
85.684
85.572
85.593
85.615
85.636
85.657
85.679
85.567
85.588
85.609
85.631
85.652
85.673
85.561
85.583
85.604
85.625
85.647
85.668
85.556
85.577
85.599
85.62
85.641
85.663
85.684
85.572
85.593
85.615
85.636
85.657
85.679
85.567
85.588
85.609
85.631
85.652
85.673
85.561
85.583
85.604
85.625
85.647
85.668
85.556
85.577
85.599
85.62
85.641
85.663
85.684
85.572
85.593
85.615
85.636
85.657
85.679
85.567
85.588
85.609
85.631
85.652
85.673
85.561
85.583
85.604
85.625
85.647
85.668
85.556
85.577
85.599
85.62
85.641
85.663
85.684
85.572
85.593
85.615
85.636
85.657
85.679
85.567
85.588
85.609
85.631
85.652
85.673
85.561
85.583
85.604
85.625
85.647
85.668
85.556
85.577
85.599
85.62
85.641
85.663
85.684
85.572
85.593
85.615
85.636
85.657
85.679
85.567
85.588
85.609
85.631
85.652
85.673
85.561
85.583
85.604
85.625
85.647
85.668
85.556
85.577
85.599
85.62
85.641
85.663
85.684
85.572
85.593
85.615
85.636
85.657
85.679
85.567
85.588
85.609
85.631
85.652
85.673
85.561
85.583
85.604
85.625
85.647
85.668
85.556
85.577
85.599
85.62
85.641
85.663
85.684
85.572
85.593
85.615
85.636
85.657
85.679
85.567
85.588
85.609
85.631
85.652
85.673
85.561
85.583
85.604
85.625
85.647
85.668
85.556
85.577
85.599
85.62
85.642
85.663
85.684
85.572
85.594
85.615
85.636
85.658
85.679
85.567
85.588
85.61
85.631
85.652
85.674
85.562
85.583
85.604
85.626
85.647
85.668
85.556
85.578
85.599
85.62
85.642
85.663
85.684
85.572
85.594
85.615
85.636
85.658
85.679
85.567
85.588
85.61
85.631
85.652
85.674
85.562
85.583
85.604
85.626
85.647
85.668
85.556
85.578
85.599
85.62
85.642
85.663
85.684
85.572
85.594
85.615
85.636
85.658
85.679
85.567
85.588
85.61
85.631
85.652
85.674
85.562
85.583
85.604
85.626
85.647
85.668
85.556
85.578
85.599
85.62
85.642
85.663
85.684
85.572
85.594
85.615
85.636
85.658
85.679
85.567
85.588
85.61
85.631
85.652
85.674
85.562
85.583
85.604
85.626
85.647
85.668
85.556
85.578
85.599
85.62
85.642
85.663
85.684
85.572
85.594
85.615
85.636
85.658
85.679
85.567
85.588
85.61
85.631
85.652
85.674
85.562
85.583
85.604
85.626
85.647
85.668
85.556
85.578
85.599
85.62
85.642
85.663
85.684
85.572
85.594
85.615
85.636
85.658
85.679
85.567
85.588
85.61
85.631
85.652
85.674
85.562
85.583
85.604
85.626
85.647
85.668
85.556
85.578
85.599
85.62
85.642
85.663
85.684
85.572
85.594
85.615
85.636
85.658
85.679
85.567
85.588
85.61
85.631
85.652
85.674
85.562
85.583
85.604
85.626
85.647
85.668
85.556
85.578
85.599
85.62
85.642
85.663
85.684
85.572
85.594
85.615
85.636
85.658
85.679
85.567
85.588
85.61
85.631
85.652
85.674
85.562
85.583
85.604
85.626
85.647
85.668
85.556
85.578
85.599
85.62
85.642
85.663
85.684
85.572
85.594
85.615
85.636
85.658
85.679
85.567
85.588
85.61
85.631
85.652
85.674
85.562
85.583
85.604
85.626
85.647
85.668
85.556
85.578
85.599
85.62
85.642
85.663
85.684
85.572
85.594
85.615
85.636
85.658
85.679
85.567
85.588
85.61
85.631
85.652
85.674
85.562
85.583
85.604
85.626
85.647
85.668
85.556
85.578
85.599
85.62
85.642
85.663
85.684
85.572
85.594
85.615
85.636
85.658
85.679
85.567
85.588
85.61
85.631
85.652
85.674
85.562
85.583
85.604
85.626
85.647
85.668
85.556
85.578
85.599
85.62
85.642
85.663
85.684
85.572
85.594
85.615
85.636
85.658
85.679
85.567
85.588
85.61
85.631
85.652
85.674
85.562
85.583
85.604
85.626
85.647
85.668
85.556
85.578
85.599
85.62
85.642
85.663
85.684
85.572
85.594
85.615
85.636
85.658
85.679
85.567
85.588
85.61
85.631
85.652
85.674
85.562
85.583
85.604
85.626
85.647
85.668
85.556
85.578
85.599
85.62
85.642
85.663
85.684
85.572
85.594
85.615
85.636
85.658
85.679
85.567
85.588
85.61
85.631
85.652
85.674
85.562
85.583
85.604
85.626
85.647
85.668
85.556
85.578
85.599
85.62
85.642
85.663
85.684
85.572
85.594
85.615
85.636
85.658
85.679
85.567
85.588
85.61
85.631
85.652
85.674
85.562
85.583
85.604
85.626
85.647
85.668
85.556
85.578
85.599
85.62
85.642
85.663
85.684
85.572
85.594
85.615
85.636
85.658
85.679
85.567
85.588
85.61
85.631
85.652
85.674
85.562
85.583
85.604
85.626
85.647
85.668
85.556
85.578
85.599
85.62
85.642
85.663
85.684
85.572
85.594
85.615
85.636
85.658
85.679
85.567
85.588
85.61
85.631
85.652
85.674
85.562
85.583
85.604
85.626
85.647
85.668
85.556
85.578
85.599
85.62
85.642
85.663
85.684
85.572
85.594
85.615
85.636
85.658
85.679
85.567
85.588
85.61
85.631
85.652
85.674
85.562
85.583
85.604
85.626
85.647
85.668
85.556
85.578
85.599
85.62
85.642
85.663
85.684
85.572
85.594
85.615
85.636
85.658
85.679
85.567
85.588
85.61
85.631
85.653
85.674
85.562
85.583
85.605
85.626
85.647
85.669
85.557
85.578
85.599
85.621
85.642
85.663
85.685
85.573
85.594
85.615
85.637
85.658
85.679
85.567
85.589
85.61
85.631
85.653
85.674
85.562
85.583
85.605
85.626
85.647
85.669
85.557
85.578
85.599
85.621
85.642
85.663
85.685
85.573
85.594
85.615
85.637
85.658
85.679
85.567
85.589
85.61
85.631
85.653
85.674
85.562
85.583
85.605
85.626
85.647
85.669
85.557
85.578
85.599
85.621
85.642
85.663
85.685
85.573
85.594
85.615
85.637
85.658
85.679
85.567
85.589
85.61
85.631
85.653
85.674
85.562
85.583
85.605
85.626
85.647
85.669
85.557
85.578
85.599
85.621
85.642
85.663
85.685
85.573
85.594
85.615
85.637
85.658
85.679
85.567
85.589
85.61
85.631
85.653
85.674
85.562
85.583
85.605
85.626
85.647
85.669
85.557
85.578
85.599
85.621
85.642
85.663
85.685
85.573
85.594
85.615
85.637
85.658
85.679
85.567
85.589
85.61
85.631
85.653
85.674
85.562
85.583
85.605
85.626
85.647
85.669
85.557
85.578
85.599
85.621
85.642
85.663
85.685
85.573
85.594
85.615
85.637
85.658
85.679
85.567
85.589
85.61
85.631
85.653
85.674
85.562
85.583
85.605
85.626
85.647
85.669
85.557
85.578
85.599
85.621
85.642
85.663
85.685
85.573
85.594
85.615
85.637
85.658
85.679
85.567
85.589
85.61
85.631
85.653
85.674
85.562
85.583
85.605
85.626
85.647
85.669
85.557
85.578
85.599
85.621
85.642
85.663
85.685
85.573
85.594
85.615
85.637
85.658
85.679
85.567
85.589
85.61
85.631
85.653
85.674
85.562
85.583
85.605
85.626
85.647
85.669
85.557
85.578
85.599
85.621
85.642
85.663
85.685
85.573
85.594
85.615
85.637
85.658
85.679
85.567
85.589
85.61
85.631
85.653
85.674
85.562
85.583
85.605
85.626
85.647
85.669
85.557
85.578
85.599
85.621
85.642
85.663
85.685
85.573
85.594
85.615
85.637
85.658
85.679
85.567
85.589
85.61
85.631
85.653
85.674
85.562
85.583
85.605
85.626
85.647
85.669
85.557
85.578
85.599
85.621
85.642
85.663
85.685
85.573
85.594
85.615
85.637
85.658
85.679
85.567
85.589
85.61
85.631
85.653
85.674
85.562
85.583
85.605
85.626
85.647
85.669
85.557
85.578
85.599
85.621
85.642
85.663
85.685
85.573
85.594
85.615
85.637
85.658
85.679
85.567
85.589
85.61
85.631
85.653
85.674
85.562
85.583
85.605
85.626
85.647
85.669
85.557
85.578
85.599
85.621
85.642
85.663
85.685
85.573
85.594
85.615
85.637
85.658
85.679
85.567
85.589
85.61
85.631
85.653
85.674
85.562
85.583
85.605
85.626
85.647
85.669
85.557
85.578
85.599
85.621
85.642
85.663
85.685
85.573
85.594
85.615
85.637
85.658
85.679
85.567
85.589
85.61
85.631
85.653
85.674
85.562
85.583
85.605
85.626
85.647
85.669
85.557
85.578
85.599
85.621
85.642
85.663
85.685
85.573
85.594
85.615
85.637
85.658
85.679
85.567
85.589
85.61
85.631
85.653
85.674
85.562
85.583
85.605
85.626
85.647
85.669
85.557
85.578
85.599
85.621
85.642
85.663
85.685
85.573
85.594
85.615
85.637
85.658
85.679
85.567
85.589
85.61
85.631
85.653
85.674
85.562
85.583
85.605
85.626
85.647
85.669
85.557
85.578
85.599
85.621
85.642
85.663
85.685
85.573
85.594
85.615
85.637
85.658
85.679
85.567
85.589
85.61
85.631
85.653
85.674
85.562
85.583
85.605
85.626
85.647
85.669
85.557
85.578
85.599
85.621
85.642
85.663
85.685
85.573
85.594
85.615
85.637
85.658
85.679
85.567
85.589
85.61
85.631
85.653
85.674
85.562
85.583
85.605
85.626
85.647
85.669
85.557
85.578
85.599
85.621
85.642
85.664
85.685
85.573
85.594
85.616
85.637
85.658
85.68
85.568
85.589
85.61
85.632
85.653
85.674
85.562
85.584
85.605
85.626
85.648
85.669
85.557
85.578
85.6
85.621
85.642
85.664
85.685
85.573
85.594
85.616
85.637
85.658
85.68
85.568
85.589
85.61
85.632
85.653
85.674
85.562
85.584
85.605
85.626
85.648
85.669
85.557
85.578
85.6
85.621
85.642
85.664
85.685
85.573
85.594
85.616
85.637
85.658
85.68
85.568
85.589
85.61
85.632
85.653
85.674
85.562
85.584
85.605
85.626
85.648
85.669
85.557
85.578
85.6
85.621
85.642
85.664
85.685
85.573
85.594
85.616
85.637
85.658
85.68
85.568
85.589
85.61
85.632
85.653
85.674
85.562
85.584
85.605
85.626
85.648
85.669
85.557
85.578
85.6
85.621
85.642
85.664
85.685
85.573
85.594
85.616
85.637
85.658
85.68
85.568
85.589
85.61
85.632
85.653
85.674
85.562
85.584
85.605
85.626
85.648
85.669
85.557
85.578
85.6
85.621
85.642
85.664
85.685
85.573
85.594
85.616
85.637
85.658
85.68
85.568
85.589
85.61
85.632
85.653
85.674
85.562
85.584
85.605
85.626
85.648
85.669
85.557
85.578
85.6
85.621
85.642
85.664
85.685
85.573
85.594
85.616
85.637
85.658
85.68
85.568
85.589
85.61
85.632
85.653
85.674
85.562
85.584
85.605
85.626
85.648
85.669
85.557
85.578
85.6
85.621
85.642
85.664
85.685
85.573
85.594
85.616
85.637
85.658
85.68
85.568
85.589
85.61
85.632
85.653
85.674
85.562
85.584
85.605
85.626
85.648
85.669
85.557
85.578
85.6
85.621
85.642
85.664
85.685
85.573
85.594
85.616
85.637
85.658
85.68
85.568
85.589
85.61
85.632
85.653
85.674
85.562
85.584
85.605
85.626
85.648
85.669
85.557
85.578
85.6
85.621
85.642
85.664
85.685
85.573
85.594
85.616
85.637
85.658
85.68
85.568
85.589
85.61
85.632
85.653
85.674
85.562
85.584
85.605
85.626
85.648
85.669
85.557
85.578
85.6
85.621
85.642
85.664
85.685
85.573
85.594
85.616
85.637
85.658
85.68
85.568
85.589
85.61
85.632
85.653
85.674
85.562
85.584
85.605
85.626
85.648
85.669
85.557
85.578
85.6
85.621
85.642
85.664
85.685
85.573
85.594
85.616
85.637
85.658
85.68
85.568
85.589
85.61
85.632
85.653
85.674
85.562
85.584
85.605
85.626
85.648
85.669
85.557
85.578
85.6
85.621
85.642
85.664
85.685
85.573
85.594
85.616
85.637
85.658
85.68
85.568
85.589
85.61
85.632
85.653
85.674
85.562
85.584
85.605
85.626
85.648
85.669
85.557
85.578
85.6
85.621
85.642
85.664
85.685
85.573
85.594
85.616
85.637
85.658
85.68
85.568
85.589
85.61
85.632
85.653
85.674
85.562
85.584
85.605
85.626
85.648
85.669
85.557
85.578
85.6
85.621
85.642
85.664
85.685
85.573
85.594
85.616
85.637
85.658
85.68
85.568
85.589
85.61
85.632
85.653
85.674
85.562
85.584
85.605
85.626
85.648
85.669
85.557
85.578
85.6
85.621
85.642
85.664
85.685
85.573
85.594
85.616
85.637
85.658
85.68
85.568
85.589
85.61
85.632
85.653
85.674
85.562
85.584
85.605
85.626
85.648
85.669
85.557
85.578
85.6
85.621
85.642
85.664
85.685
85.573
85.594
85.616
85.637
85.658
85.68
85.568
85.589
85.61
85.632
85.653
85.674
85.562
85.584
85.605
85.626
85.648
85.669
85.557
85.578
85.6
85.621
85.642
85.664
85.685
85.573
85.594
85.616
85.637
85.658
85.68
85.568
85.589
85.61
85.632
85.653
85.674
85.562
85.584
85.605
85.626
85.648
85.669
85.557
85.578
85.6
85.621
85.642
85.664
85.685
85.573
85.594
85.616
85.637
85.658
85.68
85.568
85.589
85.61
85.632
85.653
85.675
85.563
85.584
85.605
85.627
85.648
85.669
85.557
85.579
85.6
85.621
85.643
85.664
85.685
85.573
85.595
85.616
85.637
85.659
85.68
85.568
85.589
85.611
85.632
85.653
85.675
85.563
85.584
85.605
85.627
85.648
85.669
85.557
85.579
85.6
85.621
85.643
85.664
85.685
85.573
85.595
85.616
85.637
85.659
85.68
85.568
85.589
85.611
85.632
85.653
85.675
85.563
85.584
85.605
85.627
85.648
85.669
85.557
85.579
85.6
85.621
85.643
85.664
85.685
85.573
85.595
85.616
85.637
85.659
85.68
85.568
85.589
85.611
85.632
85.653
85.675
85.563
85.584
85.605
85.627
85.648
85.669
85.557
85.579
85.6
85.621
85.643
85.664
85.685
85.573
85.595
85.616
85.637
85.659
85.68
85.568
85.589
85.611
85.632
85.653
85.675
85.563
85.584
85.605
85.627
85.648
85.669
85.557
85.579
85.6
85.621
85.643
85.664
85.685
85.573
85.595
85.616
85.637
85.659
85.68
85.568
85.589
85.611
85.632
85.653
85.675
85.563
85.584
85.605
85.627
85.648
85.669
85.557
85.579
85.6
85.621
85.643
85.664
85.685
85.573
85.595
85.616
85.637
85.659
85.68
85.568
85.589
85.611
85.632
85.653
85.675
85.563
85.584
85.605
85.627
85.648
85.669
85.557
85.579
85.6
85.621
85.643
85.664
85.685
85.573
85.595
85.616
85.637
85.659
85.68
85.568
85.589
85.611
85.632
85.653
85.675
85.563
85.584
85.605
85.627
85.648
85.669
85.557
85.579
85.6
85.621
85.643
85.664
85.685
85.573
85.595
85.616
85.637
85.659
85.68
85.568
85.589
85.611
85.632
85.653
85.675
85.563
85.584
85.605
85.627
85.648
85.669
85.557
85.579
85.6
85.621
85.643
85.664
85.685
85.573
85.595
85.616
85.637
85.659
85.68
85.568
85.589
85.611
85.632
85.653
85.675
85.563
85.584
85.605
85.627
85.648
85.669
85.557
85.579
85.6
85.621
85.643
85.664
85.685
85.573
85.595
85.616
85.637
85.659
85.68
85.568
85.589
85.611
85.632
85.653
85.675
85.563
85.584
85.605
85.627
85.648
85.669
85.557
85.579
85.6
85.621
85.643
85.664
85.685
85.573
85.595
85.616
85.637
85.659
85.68
85.568
85.589
85.611
85.632
85.653
85.675
85.563
85.584
85.605
85.627
85.648
85.669
85.557
85.579
85.6
85.621
85.643
85.664
85.685
85.573
85.595
85.616
85.637
85.659
85.68
85.568
85.589
85.611
85.632
85.653
85.675
85.563
85.584
85.605
85.627
85.648
85.669
85.557
85.579
85.6
85.621
85.643
85.664
85.685
85.573
85.595
85.616
85.637
85.659
85.68
85.568
85.589
85.611
85.632
85.653
85.675
85.563
85.584
85.605
85.627
85.648
85.669
85.557
85.579
85.6
85.621
85.643
85.664
85.685
85.573
85.595
85.616
85.637
85.659
85.68
85.568
85.589
85.611
85.632
85.653
85.675
85.563
85.584
85.605
85.627
85.648
85.669
85.557
85.579
85.6
85.621
85.643
85.664
85.685
85.573
85.595
85.616
85.637
85.659
85.68
85.568
85.589
85.611
85.632
85.653
85.675
85.563
85.584
85.605
85.627
85.648
85.669
85.557
85.579
85.6
85.621
85.643
85.664
85.685
85.573
85.595
85.616
85.637
85.659
85.68
85.568
85.589
85.611
85.632
85.653
85.675
85.563
85.584
85.605
85.627
85.648
85.669
85.557
85.579
85.6
85.621
85.643
85.664
85.685
85.573
85.595
85.616
85.637
85.659
85.68
85.568
85.589
85.611
85.632
85.653
85.675
85.563
85.584
85.605
85.627
85.648
85.669
85.557
85.579
85.6
85.621
85.643
85.664
85.685
85.573
85.595
85.616
85.637
85.659
85.68
85.568
85.589
85.611
85.632
85.653
85.675
85.563
85.584
85.605
85.627
85.648
85.669
85.557
85.579
85.6
85.621
85.643
