24.44
24.44
24.488
25.776
24.44
25.824
24.488
25.776
25.824
25.728
24.728
25.824
24.776
25.872
25.92
24.44
25.968
25.872
24.44
30.968
31.728
24.824
24.92
31.208
32.304
25.304
26.16
25.352
26.544
25.064
26.688
25.16
32.736
25.208
26.304
24.824
26.4
31.112
24.728
26.304
24.824
31.776
26.544
32.304
25.064
37.44
25.112
26.448
26.256
31.208
26.304
25.256
26.208
36.488
25.976
26.592
32.88
25.832
26.928
31.88
24.968
37.256
27.312
36.584
24.632
31.776
30.728
24.44
36.064
24.64
24.44
24.488
32.12
24.584
24.68
25.824
37.44
31.352
37.16
32.256
31.688
26.064
37.016
26.112
31.832
26.448
26.544
26.592
33.168
32.016
24.968
27.024
36.296
27.072
31.544
33.36
33.408
36.68
26.736
32.168
37.112
26.88
24.44
37.016
27.024
31.304
25.728
37.536
25.256
37.632
25.304
26.4
26.448
32.736
37.208
32.504
38.16
26.072
33.168
32.6
27.264
37.016
26.504
37.112
31.776
27.744
26.168
34.032
26.216
25.544
27.36
32.072
27.408
32.016
25.064
38.448
25.4
27.216
25.208
32.544
25.256
24.824
38.16
37.016
36.584
37.352
25.64
32.64
32.168
37.256
37.304
37.352
25.64
31.776
27.264
33.936
26.216
33.312
26.264
27.12
38.448
26.12
27.456
37.016
32.744
31.728
27.456
33.032
31.728
26.648
38.976
26.696
27.792
26.744
28.128
32.84
27.6
32.792
37.88
33.936
37.208
27.744
37.256
27.552
33.704
27.512
37.4
28.176
39.264
31.728
33.512
35.328
29.136
28.944
28.512
27.704
27.752
28.608
27.56
28.656
27.368
34.944
37.256
27.032
33.32
27.128
34.704
33.416
34.752
31.92
27.512
27.368
33.656
28.752
27.704
31.728
27.512
28.896
27.08
31.824
27.32
34.896
28.704
38.456
28.752
27.464
28.56
33.752
27.8
34.656
34.472
35.376
38.648
29.424
34.856
29.232
28.232
29.568
31.728
27.656
29.472
34.184
34.232
35.808
31.776
35.664
27.896
29.088
34.04
29.136
32.936
28.992
28.8
33.272
27.08
28.656
28.032
34.896
28.224
33.176
27.792
27.84
33.512
34.368
27.32
39.456
27.176
28.272
33.704
33.8
28.656
27.608
37.256
27.944
28.56
37.592
34.52
37.928
28.616
39.224
29.28
27.992
27.608
35.664
31.872
37.016
36
27.272
29.328
35.184
27.656
28.992
27.704
35.088
37.016
28.896
27.176
29.04
37.064
28.368
27.272
39.936
27.08
33.608
39.792
38.936
37.544
27.992
34.52
28.328
28.376
37.544
28.232
28.04
34.992
29.04
27.752
27.8
35.376
27.848
29.184
29.232
38.744
34.232
34.328
29.184
33.992
40.368
39.32
28.088
29.184
39.656
28.992
37.064
27.848
37.016
29.712
28.184
28.8
28.232
40.608
28.28
28.328
39.896
28.664
27.992
34.28
35.904
27.704
33.992
40.656
35.184
27.656
29.328
40.416
39.368
40.752
28.184
29.04
29.088
33.32
37.016
35.904
33.464
39.032
28.08
27.56
31.968
39.368
39.936
34.424
27.992
35.376
29.184
31.824
29.328
29.376
34.808
40.704
40.136
31.872
37.112
30
41.328
37.208
30.336
28.376
30.192
29.76
29.568
35.856
29.048
31.824
35.576
31.872
28.904
36.48
28.952
41.568
30.576
40.568
35.624
37.352
30.288
29.72
40.808
37.104
28.856
31.872
28.952
30.576
41.952
31.92
41.808
27.32
29.856
36.144
37.016
40.992
39.464
35.28
37.352
27.32
28.656
33.368
27.176
28.992
35.28
33.8
27.608
34.992
33.944
28.8
27.512
32.064
33.8
27.608
39.984
34.136
37.304
27.992
27.56
34.328
39.416
28.184
35.952
28.424
29.52
37.352
29.568
28.76
36.336
37.688
31.824
35.576
30.192
38.024
39.752
28.76
40.656
35.048
36.144
36.192
29.144
37.352
29
28.808
30.384
34.376
27.944
30.048
39.56
37.208
28.376
31.728
28.424
29.136
28.472
28.28
29.52
35.856
29.904
36.192
35.864
41.04
40.232
30.288
30.336
41.424
30.296
29.624
36.152
31.248
40.76
37.776
36.392
31.536
31.104
37.632
30.584
37.112
31.488
30.92
42.336
41.288
38.064
29.72
29.768
32.064
37.016
31.872
30.104
31.92
36.392
31.968
30.44
36.728
30.536
41.624
37.352
30.68
37.208
31.584
31.016
37.544
30.92
43.104
32.4
31.352
31.4
38.736
32.304
38.592
37.352
32.736
31.208
32.304
31.256
32.112
31.112
38.688
37.688
37.256
32.592
32.024
32.072
43.248
31.976
33.12
42.632
31.728
37.88
33.456
43.824
31.256
32.832
31.592
42.92
32.496
37.496
38.832
31.64
32.496
32.832
32.88
31.112
37.4
38.976
32.544
43.872
37.784
31.592
38.12
44.256
32.784
31.976
43.064
32.312
33.216
43.448
31.728
33.648
40.224
32.936
34.272
34.32
32.312
34.128
40.416
38.408
32.216
40.512
38.504
39.888
32.888
33.84
44.072
40.128
45.024
34.512
40.184
37.112
41.088
44.36
35.136
34.088
34.944
31.872
39.704
35.04
33.272
31.728
39.608
35.424
44.696
31.776
34.464
33.848
34.992
41.52
41.328
37.16
34.944
33.608
41.232
35.04
39.752
34.608
33.128
40.944
34.512
34.608
33.56
40.944
33.416
34.752
41.04
40.232
37.16
34.896
34.376
46.032
34.472
46.368
34.04
35.616
40.328
31.824
31.872
36
35.664
35.232
39.704
34.56
37.112
34.368
33.8
46.176
45.608
41.184
33.896
33.944
31.824
45.032
33.56
33.368
44.456
34.512
39.464
39.608
44.984
34.56
34.608
40.328
34.944
41.52
45.032
35.568
31.728
41.856
45.464
41.904
41.808
34.896
33.368
41.184
40.8
33.272
34.608
33.368
31.776
41.184
39.224
40.992
41.088
39.56
34.464
39.656
34.32
40.896
34.752
41.28
34.232
34.848
41
45.936
41.904
41.952
31.92
41.432
35.24
35.856
41.768
42.624
35.336
36.192
37.064
42.152
35.288
31.728
35.336
41.864
36.72
37.112
43.488
35.288
41.576
35.624
42.96
42.768
42.296
46.56
37.016
43.488
45.464
37.296
36.872
36.92
37.632
43.208
37.256
31.776
36.92
38.4
37.112
38.256
44.064
37.016
37.392
43.68
37.488
35.72
37.536
37.344
43.872
35.384
37.2
35.432
35.24
37.056
37.104
31.728
41.624
46.896
35.528
36.384
37.064
36.48
42.632
47.088
36.44
36.488
47.424
36.152
43.968
31.776
37.584
36.056
43.632
35.864
37.112
43.728
37.296
46.568
35.384
36.96
41.912
43.488
31.776
35.288
37.104
40.856
46.232
42.768
35.952
41.384
42.528
35.24
36.096
35.288
47.904
35.336
36.48
35.576
36.432
35.624
48
43.248
43.056
42.056
35.864
36.72
42.392
43.248
36.2
37.056
36.824
37.16
48.336
37.208
44.304
37.256
43.784
44.4
37.592
37.4
37.448
38.64
44.36
38.408
48.864
39.072
48.96
38.36
39.744
39.552
38.504
39.6
31.776
39.504
45.792
38.696
31.92
48.584
49.488
45.936
38.36
49.584
37.256
37.304
40.08
43.4
38.736
48.728
37.544
38.4
37.592
37.16
37.928
38.784
37.976
31.728
49.064
38.12
44.648
38.784
37.736
31.872
45.6
37.832
44.36
31.776
44.456
45.312
44.792
39.216
38.648
45.176
39.552
38.024
46.128
44.84
37.016
50.64
39.224
49.88
39.936
46.224
49.976
40.32
45.08
40.656
44.216
40.512
37.784
40.32
49.592
44.36
39.456
44.552
37.16
39.456
38.408
39.264
38.456
45.792
38.504
38.552
31.728
38.12
39.936
31.728
38.36
39.456
44.648
39.504
51.072
38.504
39.84
45.032
49.928
39.744
45.416
40.128
50.36
46.088
40.752
40.8
39.992
46.28
37.208
41.184
47.472
50.984
37.016
51.936
41.664
51.224
48.24
39.752
42.048
40.896
46.088
47.424
37.496
40.184
37.592
40.848
37.4
45.128
44.936
40.992
37.544
41.04
31.968
44.12
39.696
37.208
31.824
38.264
45.36
31.728
39.456
45.984
38.744
50.64
38.552
39.888
46.176
39.984
44.456
50.928
39.936
37.112
50.12
39.552
45.608
46.08
50.216
39.888
39.848
38.984
47.04
51.648
39.128
40.944
40.08
38.792
46.848
38.408
46.944
44.936
40.512
46.128
45.08
31.776
39.416
40.032
40.08
39.272
50.6
51.696
39.368
37.256
40.752
50.984
45.752
39.08
40.464
44.744
38.36
40.176
40.224
50.216
46.08
45.272
39.696
39.368
39.416
46.512
50.744
31.728
39.752
51.936
40.088
46.424
51.272
52.128
46.808
41.184
37.256
46.904
46.712
41.808
40.28
41.904
46.904
40.712
31.776
40.52
48.144
46.808
41.712
31.728
46.808
48.144
48.192
37.112
48.24
39.32
41.568
51.128
47.184
45.656
40.752
39.464
45.8
40.416
45.656
39.224
40.8
45.512
40.416
45.368
40.368
37.064
40.464
40.272
50.744
46.8
46.848
51.08
40.416
46.328
40.464
37.16
47.28
46.568
41.184
52.752
40.184
48
41.808
40.568
41.664
47.384
52.8
46.472
48.048
31.824
46.808
53.232
32.16
46.904
52.232
53.328
41.904
41.336
47.864
42.528
53.856
47.624
42.96
41.432
42.528
41.48
48.576
40.808
42.384
40.856
31.872
52.424
40.616
42
40.952
48.528
42.336
41.288
47.336
48.432
40.904
40.712
53.568
40.184
37.112
48.528
47
48.336
52.328
52.944
47.336
31.872
41.144
52.52
37.208
42.056
53.472
48.96
41.96
49.104
48.056
49.152
41.624
54.24
49.296
48.248
42.056
54.24
43.248
48.728
37.256
49.872
54.72
50.208
42.2
32.016
42.008
43.824
50.112
48.584
43.92
42.44
48.728
50.064
43.68
48.92
42.968
43.824
43.016
43.872
43.92
43.112
49.64
50.592
54.2
31.728
55.296
43.256
45.264
49.784
45.312
43.592
44.88
32.208
54.248
45.216
50.216
44.552
44.928
44.6
54.728
37.016
55.872
37.016
51.464
45.512
31.728
52.656
44.984
46.464
55.112
45.08
46.416
55.448
46.224
43.88
45.984
43.976
44.832
51.36
44.072
31.824
51.792
44.408
43.976
45.312
56.448
50.36
55.448
31.92
44.456
51.648
44.264
32.256
44.072
45.504
44.168
50.696
44.504
50.792
51.648
44.84
44.648
50.984
45.984
44.936
45.6
45.032
57.168
51.08
52.416
51.128
46.272
37.448
45.656
57.264
52.184
46.512
45.992
52.8
57.648
56.6
37.208
47.28
46.472
47.616
47.424
46.856
58.272
46.664
46.712
54.048
48.096
45.848
45.512
53.328
52.04
46.464
52.992
49.784
55.112
43.88
47.136
44.544
50.312
50.36
45.216
51.504
55.256
45.072
37.304
37.112
55.64
45.216
37.208
45.176
45.552
51.84
45.08
51.128
31.728
46.416
51.464
46.464
37.112
46.512
45.8
45.848
46.704
45.416
37.304
56.312
45.8
46.656
52.568
37.352
53.52
57.744
46.616
47.712
52.904
57.84
46.952
47.808
54.576
47.576
58.128
47.96
54.816
48.296
48.912
37.304
58.56
48.632
37.4
55.536
48.728
58.376
47.96
49.296
54.248
49.104
48.296
55.392
49.2
48.2
31.824
48.248
54.536
49.632
54.344
55.68
48.152
46.28
52.808
46.376
45.944
45.992
46.04
51.896
45.704
37.016
46.656
37.016
56.744
53.04
45.272
52.848
51.8
46.416
45.608
52.944
52.136
52.472
46.04
47.232
37.016
31.92
46.52
54.096
31.824
53.096
47.952
54.24
58.608
54.336
48.192
48
47.808
54.336
37.064
48.144
47.432
54.672
53.96
31.92
47.768
59.088
54.296
49.056
54.344
49.104
47.912
48.2
47.576
49.152
47.624
55.44
53.912
49.056
47.864
54.152
58.848
55.536
48.248
49.104
47.336
31.872
53.624
31.824
49.632
37.016
37.064
48.96
48.152
59.088
54.68
48.816
48.248
55.344
54.632
59.376
58.568
49.584
48.536
49.392
48.584
49.488
47.96
37.064
49.68
49.296
49.344
55.632
55.304
49.68
49.112
55.968
49.16
50.016
49.208
59.904
49.064
58.952
37.4
55.688
50.304
49.496
55.832
50.448
56.216
50.832
37.064
50.312
51.168
51.216
50.408
60.672
50.552
51.648
50.648
60.864
50.696
58.272
37.064
50.072
51.888
50.12
50.216
51.792
50.024
37.112
56.6
51.456
60.248
31.824
50.216
50.312
37.016
51.456
50.504
51.552
51.648
49.64
55.928
57.504
51.072
50.88
50.072
31.776
51.504
51.552
55.832
51.408
51.456
56.168
61.344
49.976
50.592
49.832
50.928
49.64
51.312
49.304
31.728
51.216
57.024
56.88
49.832
50.928
50.976
50.784
37.016
61.632
50.688
50.496
49.448
57.024
50.832
55.544
57.36
49.112
50.928
37.16
49.208
50.544
55.592
31.776
48.968
50.544
56.832
60.584
50.64
50.448
49.16
56.784
49.256
56.64
50.496
49.976
62.352
56.024
50.88
61.112
50.928
50.36
57.216
50.168
50.216
56.504
31.872
56.84
50.168
50.216
56.024
51.84
51.12
50.312
51.168
32.016
63.024
51.552
55.784
58.08
49.592
57.888
49.64
51.216
49.688
31.824
51.072
50.024
50.072
50.168
62.544
56.696
50.024
57.648
56.408
31.92
37.016
62.88
37.112
32.208
57.936
63.024
50.456
51.552
50.264
57.84
51.408
57.696
37.016
56.984
31.872
58.08
57.032
51.888
50.6
51.936
61.928
50.936
52.032
50.84
52.272
50.744
63.36
50.552
31.728
37.4
58.416
57.368
51.984
51.176
37.544
57.992
51.56
51.416
50.744
58.8
52.608
50.36
59.136
50.696
56.504
52.08
62.072
58.176
56.648
62.216
50.984
50.792
51.648
50.504
52.128
56.84
58.416
50.408
52.464
37.064
57.272
63.6
62.36
51.368
63.504
51.656
58.04
59.136
52.992
53.04
58.232
31.968
37.16
64.176
58.568
53.184
37.256
31.872
53.28
63.032
53.328
37.064
31.728
51.272
53.616
37.4
53.664
37.448
58.608
62.936
50.984
58.944
62.552
61.784
52.32
50.312
31.968
50.408
57.984
51.648
62.168
63.264
32.112
58.56
51.888
51.08
58.416
32.304
57.656
58.752
51.224
52.56
51.272
58.848
57.8
31.776
52.704
32.112
51.464
57.512
31.92
51.32
52.656
57.848
59.184
57.896
51.464
57.992
51.56
37.256
51.992
58.04
63.696
53.184
51.656
53.232
51.704
51.032
31.728
53.136
50.936
56.984
57.032
52.128
56.84
58.656
62.648
50.744
62.552
37.16
57.848
52.224
51.464
31.728
64.176
52.704
51.656
31.728
64.416
51.752
53.184
64.512
51.848
31.92
59.568
53.088
64.224
51.416
52.512
52.32
37.112
58.608
57.8
52.656
37.208
62.696
52.752
52.8
53.136
52.808
59.472
64.32
63.272
54.048
63.608
60.144
54.192
51.704
63.272
53.808
60.624
51.992
53.088
52.04
59.616
50.888
59.664
31.872
53.76
37.112
62.84
57.848
31.968
51.656
52.416
52.464
51.752
32.112
51.8
52.896
58.376
59.232
37.112
52.04
31.776
64.464
31.872
53.76
58.472
53.808
37.16
53.376
53.424
58.856
53.472
52.424
53.808
52.52
53.616
31.824
53.76
63.512
53
64.656
31.824
63.896
60.672
53.384
60.72
54.336
37.16
60.48
53.048
65.568
31.776
54.864
53.336
54.672
54.72
59.192
60.768
53.24
54.576
53.096
54.192
52.904
59.24
54.336
59.576
53.144
54
54.336
59.528
53.576
54.48
53.672
31.968
54.816
37.112
52.856
54.912
52.904
59.192
54.288
54.336
64.376
54.528
37.064
54.576
37.016
54.912
59.144
54.96
60.768
53.24
53.856
58.328
65.664
31.872
54.48
57.992
37.16
59.664
52.752
51.704
57.752
31.872
53.28
51.848
53.328
58.376
53.376
58.184
51.512
64.608
51.56
37.208
57.704
51.512
57.8
52.656
52.464
51.416
37.064
51.752
31.728
58.52
52.656
51.608
51.704
59.328
52.944
37.4
31.728
63.608
53.136
32.064
53.472
32.4
65.088
57.464
60.336
51.032
54.384
63.08
53.712
59.04
64.608
51.08
58.656
50.888
52.464
58.272
63.6
57.128
51.744
63.312
57.464
63.36
51.032
51.888
51.08
52.224
57.752
31.776
58.088
59.184
52.752
58.424
52.8
52.848
58.568
53.184
52.376
31.872
31.92
59.192
53.568
60.336
52.088
63.552
58.472
59.808
31.824
62.888
59.472
52.376
53.28
57.464
31.968
50.312
59.616
50.936
51.272
58.128
63.456
57.608
51.416
58.512
52.368
57.608
52.752
52.8
59.088
57.608
52.704
52.512
59.04
52.608
51.8
52.704
58.376
59.232
52.184
53.04
59
53.136
59.384
63.6
63.936
60.624
53.096
59.384
54
53.432
60.768
54.336
62.888
53.384
37.112
54.528
31.776
55.104
61.2
61.248
60.2
55.056
61.584
60.296
55.392
53.624
55.44
37.112
53.96
55.056
53.288
53.336
59.864
53.432
52.76
52.568
52.424
54
52.04
37.208
53.904
58.616
51.944
59.52
57.752
51.56
59.424
51.896
37.304
59.376
58.568
59.712
52.904
64.56
58.952
53.568
53.048
64.704
31.776
53.192
65.088
54.384
54.432
53.192
65.328
64.52
54.816
53.528
60.864
37.064
54.672
31.92
59.768
61.344
37.256
61.152
53.144
54.96
52.712
61.248
59
37.208
64.616
54.192
53.624
53.432
37.016
53.624
53.672
54.672
59.72
31.968
53.528
54.816
31.776
59.912
61.344
31.872
54.008
66.48
61.728
55.056
60.632
66.384
61.824
54.296
55.392
65.384
55.728
54.92
62.016
32.064
62.4
53.912
59.96
62.736
53.768
55.584
60.296
55.632
54.104
54.2
65.576
60.824
61.68
55.536
54.968
61.256
31.776
56.064
61.112
67.392
32.16
60.728
54.296
55.872
54.344
55.968
60.44
55.2
65.672
31.968
60.2
55.056
54.008
61.584
55.392
60.344
54.44
55.344
60.776
55.68
67.056
66.056
55.872
61.544
62.4
37.112
62.448
55.4
56.016
37.448
61.976
62.928
55.88
67.536
62.216
63.312
37.304
57.12
55.592
63.456
61.928
61.976
56.832
55.592
56.688
55.688
56.832
56.928
62.544
62.592
56.16
56.208
62.496
61.688
56.544
55.496
56.592
67.92
61.832
56.928
55.4
61.688
55.736
56.592
55.592
55.928
31.776
55.976
57.072
55.112
63.408
61.976
63.072
55.112
62.928
66.68
68.016
56.832
55.544
56.496
66.968
63.024
61.976
56.88
56.688
66.44
32.016
31.92
57.408
61.544
56.976
55.352
55.4
62.496
55.448
68.064
62.072
55.688
63.264
61.976
57.072
56.928
56.12
61.976
57.072
63.36
57.456
55.976
68.352
56.024
57.36
56.072
57.408
63.456
67.592
68.688
56.6
57.216
67.688
63.744
56.936
57.552
57.08
57.128
31.728
58.272
57.224
58.32
58.464
37.016
63.704
58.56
57.992
58.368
58.04
69.456
58.088
69.6
37.016
69.128
69.984
58.616
59.712
58.664
59.28
65.568
58.76
31.728
60
59.192
59.24
66.336
59.288
60.384
59.336
66.672
37.304
69.512
59.72
31.776
59.768
60.96
58.76
58.568
70.704
60.912
60.96
58.04
64.328
66.384
58.136
59.952
59.52
58.232
31.968
31.824
57.608
69.416
59.472
59.328
58.04
63.848
69.176
59.232
65.76
37.016
63.8
63.608
63.176
59.232
56.984
65.76
63.272
31.968
63.176
57.512
58.368
57.32
58.176
70.032
57.944
37.112
69.56
65.136
65.048
70.224
58.856
58.904
58.712
65
70.752
59.144
31.728
58.952
37.16
60.096
65.768
66.624
65.816
59.624
65.912
59.72
60.672
66.104
65.672
60.576
67.344
66.056
60.104
60.152
71.088
70.28
61.056
60.248
66.776
37.112
60.44
60.248
61.392
37.064
60.632
31.728
68.016
71.904
61.872
67.064
61.728
31.776
72.624
68.832
61.44
67.248
61.056
61.104
70.856
67.632
31.92
61.248
60.816
67.344
59.336
61.152
67.68
61.488
65.96
61.056
71.048
31.824
60.296
67.152
60.96
66.632
60.536
61.632
66.824
60.632
72.768
37.16
68.016
60.776
67.064
61.968
61.16
68.496
62.4
61.112
61.16
68.496
68.544
67.496
62.352
37.064
61.112
73.056
62.352
60.872
61.968
68.016
73.344
37.016
62.112
72.584
31.776
68.072
68.784
61.64
62.592
61.688
31.728
67.592
62.736
62.544
61.736
68.832
72.824
62.072
68.928
62.12
73.776
62.168
37.112
31.728
62.6
62.648
69.744
63.792
62.552
68.84
63.696
63.744
68.456
63.792
62.264
64.176
31.728
61.016
60.824
63.6
60.872
31.728
72.68
63.216
61.208
63.024
61.304
61.352
66.968
74.304
72.536
62.448
67.64
67.688
68.592
72.824
62.4
61.832
61.64
62.784
31.728
61.784
68.312
61.88
74.496
68.408
63.264
67.976
31.872
61.64
31.728
31.776
74.592
63.36
62.072
61.88
69.456
68.408
63.024
68.456
69.312
68.504
32.16
32.208
68.84
68.936
74.64
37.016
62.984
63.936
63.128
37.112
64.032
69.32
62.168
70.368
68.696
31.824
64.032
68.456
62.024
37.16
69.936
62.648
62.264
69.6
68.6
63.696
62.408
63.744
63.6
62.36
68.648
63.504
37.016
70.032
74.024
63.6
63.272
69.56
62.888
31.872
37.064
69.512
70.368
70.464
64.272
64.608
32.016
63.128
75.504
64.992
62.264
32.16
68.792
71.808
68.6
71.616
64.944
62.456
64.272
62.504
63.696
69.128
37.256
63.224
70.08
74.312
63.888
37.16
69.848
31.728
63.944
31.824
71.232
65.04
65.184
64.616
75.6
64.232
31.968
65.856
64.328
72.144
64.376
31.872
70.664
72.24
64.232
71.808
70.856
64.664
64.472
71.808
65.616
64.808
74.744
72.288
65.904
64.856
64.904
72.48
66.528
64.76
66.336
70.808
64.616
64.664
66
64.232
70.76
31.824
71.096
64.52
65.856
71.048
64.856
65.952
64.664
66
74.792
64.808
70.856
66.288
76.512
70.184
66
75.512
65.328
70.52
32.016
64.088
72.144
64.136
72.192
69.944
63.56
63.416
64.8
64.896
62.456
64.752
68.984
76.32
71.088
74.12
63.936
62.504
70.32
68.792
31.968
64.416
69.128
63.744
69.464
63.272
63.888
69.8
64.224
64.656
62.648
64.464
69.176
70.992
63.84
74.552
75.648
69.128
70.512
62.744
31.92
63.888
62.36
68.888
70.224
70.56
37.016
62.6
62.648
63.984
63.792
63.84
74.6
75.504
64.272
69.944
64.32
63.992
31.728
71.136
63.896
32.064
65.472
74.792
65.328
70.04
65.376
37.208
63.656
64.512
63.704
69.992
74.84
71.136
37.064
64.232
75.32
71.048
65.616
75.608
65.808
64.088
65.664
65.712
65.52
75.992
65.328
63.8
63.848
76.944
37.016
65.712
64.184
64.232
64.088
31.728
75.416
71.616
71.808
63.416
65.712
69.944
65.52
65.328
71.376
63.848
63.656
69.944
65.04
75.512
76.368
63.992
65.328
64.04
71.856
64.088
65.664
64.136
65.712
64.232
64.28
76.992
63.704
75.512
70.28
71.616
64.944
64.136
75.8
65.376
64.808
71.712
37.112
65.76
31.776
65
77.424
65.336
66.432
37.064
72.48
76.712
77.376
66.96
67.008
66.576
78.144
66.296
66.912
66.96
66.632
73.248
78.336
66.488
78.672
66.824
67.728
77.72
66.728
74.304
66.104
74.4
66.488
74.544
78.056
31.872
67.44
66.872
79.008
31.776
68.112
67.112
31.728
68.496
66.968
74.544
68.592
74.88
72.632
31.728
66.44
80.016
31.824
66.776
68.352
67.92
74.256
78.488
74.592
79.44
67.592
68.688
74.12
31.776
68.544
31.872
75.36
68.736
66.488
31.824
72.776
69.072
66.824
32.16
66.872
69.168
73.16
75.456
67.208
68.544
66.776
67.16
31.776
66.968
79.632
67.064
74.88
66.872
73.4
74.784
78.68
68.496
67.688
68.304
79.872
67.544
68.64
67.64
37.064
69.024
67.784
75.36
75.216
69.264
31.872
68.264
69.12
69.168
74.12
69.216
79.208
75.504
69.12
79.352
68.84
68.888
31.728
37.256
69.936
75.464
69.984
69.512
37.4
69.944
70.56
81.168
70.04
76.896
71.184
37.112
69.704
71.28
31.968
31.776
70.328
77.424
71.952
80.264
81.36
69.752
77.808
70.944
68.792
31.728
68.84
71.136
68.888
77.424
71.232
70.8
31.728
37.016
68.984
69.504
76.032
74.984
81.12
70.128
75.32
70.224
68.936
68.264
70.08
68.312
70.176
31.776
67.592
69.744
79.4
69.792
74.408
75.6
69.168
68.024
81.024
69.12
32.208
37.064
69.216
75.744
68.456
81.072
74.744
69.84
80.072
81.168
69.08
70.176
80.408
32.304
75.656
70.512
69.272
69.32
75.656
81.792
69.224
37.16
76.088
70.416
70.136
76.664
82.08
76.76
82.416
76.568
76.616
70.424
71.52
81.512
77
70.808
70.904
71.048
78.384
83.04
72.528
82.04
77.288
72.384
71.952
70.184
72
75.752
37.16
69.848
77.664
69.896
81.08
75.608
77.424
70.992
69.704
70.56
69.56
82.224
69.896
69.704
71.04
37.112
76.52
77.376
71.328
76.76
71.376
76.568
77.904
70.136
77.712
82.56
76.712
76.568
71.472
81.512
71.568
77.24
71.048
71.904
71.096
71.952
77.384
37.112
70.52
70.376
78
70.472
76.76
71.856
70.808
77.096
71.712
70.904
70.712
71.096
70.424
76.472
78.528
37.016
72.336
37.064
69.992
81.56
69.848
71.568
71.376
69.896
70.232
71.088
71.136
70.568
37.256
82.752
70.904
70.712
83.088
70.52
71.952
81.512
71.616
70.328
71.184
77.712
31.92
70.472
71.568
71.664
70.376
31.872
70.424
83.52
83.568
83.136
70.328
81.896
70.184
71.52
69.992
71.568
70.328
82.136
76.424
83.088
82.04
69.368
83.28
75.992
69.8
70.704
69.416
82.512
37.304
69.752
77.376
75.848
31.728
69.656
70.8
70.848
82.512
71.28
76.472
77.568
70.28
82.656
71.664
37.112
71.232
81.8
71.048
31.776
77.096
78.096
77.096
71.808
78.336
70.328
76.856
71.952
83.28
78.528
31.728
70.856
72.096
71.904
71.952
76.76
32.16
76.808
78.528
82.376
32.496
83.904
37.016
72.432
70.664
72.192
70.184
72
76.472
71.376
82.944
70.424
70.472
77.808
76.76
71.616
77.904
71.096
71.144
70.76
83.136
70.568
72.48
77.192
82.52
78.384
37.064
83.472
77.912
71.72
72.336
78.248
84.144
72.296
78.344
84.288
72.488
79.68
72.872
84.768
31.824
73.208
80.112
83.576
74.16
80.448
80.168
81.072
85.2
74.928
31.776
75.024
73.256
74.592
79.544
80.88
73.352
74.928
74.976
31.728
37.064
79.592
81.168
79.64
74.736
72.728
74.064
74.448
84.248
80.304
79.736
74.352
80.64
73.352
74.208
37.016
74.832
73.544
73.352
74.688
79.64
74.736
73.448
73.256
80.832
37.016
80.832
80.64
72.632
31.728
37.4
74.736
79.448
81.024
74.352
37.112
74.4
37.016
80.496
78.824
73.824
37.112
80.352
84.2
85.68
37.064
73.112
73.536
72.968
37.016
80.352
79.544
73.112
74.208
84.44
84.488
31.728
73.256
73.304
79.592
31.776
73.64
80.784
73.976
31.92
79.784
73.592
73.64
81.216
79.928
79.976
85.632
31.92
84.152
81.648
75.696
74.888
85.824
74.456
85.872
32.16
37.112
76.368
82.416
73.736
75.552
82.08
75.168
75.216
73.928
73.976
75.072
73.784
81.36
80.312
81.408
80.648
84.296
73.832
75.408
37.16
75.072
37.16
79.688
74.448
79.736
80.976
73.064
74.544
71.672
71.72
73.776
80.304
83.336
73.632
72.344
31.92
78.2
79.296
83.528
78.824
73.2
72.872
72.728
31.776
74.064
72.824
79.352
74.208
31.776
79.208
85.344
72.776
79.304
73.968
37.064
74.4
80.928
74.12
74.736
85.584
79.976
75.072
81.36
31.968
73.88
75.216
73.976
75.072
73.784
75.12
79.88
75.216
73.208
79.496
73.304
75.12
37.112
73.16
37.208
74.208
79.16
32.016
74.544
74.352
80.64
37.112
74.448
73.16
74.256
80.784
74.352
74.4
73.112
84.44
80.496
74.064
80.352
71.864
37.112
74.496
79.584
37.016
71.864
72.96
79.488
71.24
31.776
73.344
79.392
37.112
72.48
82.76
78.336
71.528
72.144
83.952
71.864
72.48
72.008
84.144
72.96
71.912
31.968
37.4
79.776
72.008
79.824
72.056
73.392
72.104
72.152
79.728
32.016
72.248
37.016
78.824
72.392
73.488
72.44
72.488
84.624
72.536
83.24
31.728
71.528
73.632
73.68
72.152
72.2
84.864
72.056
79.392
78.584
31.92
72.392
31.728
79.776
31.728
37.016
73.728
78.92
84.816
74.064
73.872
84.344
73.92
73.352
37.16
85.296
73.688
31.824
78.776
74.592
73.776
78.008
72.056
72.912
78.344
72.96
73.008
72.2
83.288
72.056
31.728
37.304
73.536
78.872
72.2
37.448
72.536
72.152
72.2
73.296
73.344
83.816
73.392
72.152
78.68
73.536
72.008
37.016
79.632
72.344
71.672
71.48
77.768
72.72
78.152
71.528
73.104
72.912
72.768
83.48
32.016
32.064
84.912
73.44
73.488
73.296
84.624
79.016
73.152
78.824
84.96
83.912
79.968
73.776
84.056
72.872
80.448
79.4
74.256
73.208
31.824
74.352
72.344
31.728
72.008
74.544
72.344
80.16
73.968
72.2
72.008
85.104
71.816
71.384
73.68
77.912
78.008
83.096
31.728
73.008
71.48
77.768
73.632
77.624
72.96
71.432
37.016
71.864
72.864
83.432
77.72
84.288
31.728
70.664
84.336
81.992
72.384
70.52
32.112
72.72
70.616
72.288
76.904
32.016
82.28
78.336
77.096
71.76
83.616
31.728
72.336
82.424
78.864
37.112
72.672
78.72
77.768
78.528
77.816
31.776
72.624
72.672
82.76
32.16
37.208
72.296
72.672
37.064
79.44
72.392
73.344
72.776
79.632
72.584
73.728
84.336
72.968
83.384
73.92
80.208
74.064
73.304
80.88
74.208
37.016
80.736
73.064
31.824
81.072
32.16
73.112
74.928
83.72
80.736
79.928
80.784
73.736
74.592
73.784
31.728
37.112
73.4
84.248
73.496
73.304
37.592
79.64
73.688
73.256
74.352
37.064
79.592
73.16
79.448
85.584
72.776
72.584
72.632
31.728
74.256
72.488
78.824
73.728
72.008
73.824
77.816
71.624
73.92
73.968
31.776
78.536
79.2
37.064
84.528
79.112
73.536
72.008
71.816
73.872
71.864
71.912
73.968
71.24
77.624
31.728
71.432
84.336
79.344
72.768
83
72.816
72.488
79.104
78.776
73.152
79.44
37.064
37.016
73.064
73.632
72.392
31.92
73.968
32.256
72.488
85.344
72.536
80.832
80.16
73.968
84.056
73.632
79.544
80.16
31.968
37.016
85.296
74.304
73.304
74.64
73.112
80.928
74.736
84.248
32.064
79.736
74.832
80.072
74.448
73.88
75.072
80.024
80.072
80.976
73.688
74.784
73.736
73.352
74.928
37.16
80.168
73.976
75.072
74.024
73.832
73.208
31.728
72.824
74.88
80.688
80.304
72.536
31.872
79.064
74.16
72.392
80.448
72.44
74.016
78.728
72.584
72.392
72.008
73.824
73.488
79.824
83.816
73.632
79.92
71.672
85.008
73.536
77.768
71.816
72.912
71.432
72.768
71.48
83.288
71.096
84.672
71.24
71.576
72.192
78.72
70.472
84.096
70.376
71.952
81.992
78.288
76.76
83.136
77.096
71.472
82.232
72.096
37.016
72.192
31.92
31.728
82.52
72.816
78.864
70.856
72.672
78.96
72.528
71
72.576
37.208
83.096
72.192
82.664
84
71.192
31.968
77.72
72.384
79.056
72.008
72.864
79.392
73.2
82.952
73.248
72.68
72.728
73.344
78.536
79.632
37.016
73.632
83.384
84.48
73.352
80.208
79.4
74.256
80.544
72.536
31.872
72.104
37.112
78.92
74.496
72.248
72.296
72.344
79.728
72.68
72.488
31.728
78.824
84.96
72.872
78.2
72.008
31.728
74.016
71.624
71.672
84.624
77.816
79.488
77.96
79.536
71.528
72.672
71.384
72.72
37.352
83.24
82.328
72.624
71.192
72.768
71
31.776
37.016
78.624
71.384
72.432
82.712
37.016
78.816
71.624
71.816
78.104
72.72
72.152
79.056
72.488
31.824
83.096
79.064
79.728
79.4
73.448
73.544
74.4
31.968
83.72
73.928
84.624
74.88
74.072
37.016
74.024
85.344
80.552
75.312
74.36
75.408
31.92
82.368
32.256
75.744
73.016
81.312
73.064
74.64
72.392
74.448
72.44
86.016
74.544
84.296
32.352
81.12
83.912
37.16
73.776
78.968
73.872
78.584
31.728
78.92
79.536
73.344
79.016
31.872
72.824
73.68
72.872
73.776
83.768
74.208
83.96
79.448
80.544
37.256
74.352
73.304
73.92
73.4
80.784
73.304
74.64
79.832
73.64
85.776
81.024
84.536
31.872
84.344
37.352
73.16
81.456
80.64
78.872
74.496
31.824
74.592
73.064
80.64
85.728
74.016
84.248
80.304
79.304
74.4
72.872
31.968
79.16
74.736
74.064
73.064
79.4
74.496
74.304
74.16
74.496
81.024
31.872
75.12
74.072
75.168
75.216
75.264
75.312
81.6
81.648
37.016
81.696
81.744
31.872
75.6
75.648
81.456
75.264
72.296
32.352
72.104
81.6
78.152
74.928
71.96
32.496
78.248
81.744
72.056
75.552
74.4
71.672
32.448
78.2
32.496
71.768
73.152
72.104
72.152
79.344
78.776
79.728
32.016
74.064
31.872
74.16
79.592
73.968
80.496
83.768
74.304
37.112
74.352
73.88
32.16
85.248
74.976
81.504
72.584
85.2
75.408
37.112
75.216
72.68
85.584
83.864
73.68
73.536
72.728
73.344
72.296
80.16
72.392
31.968
83.96
74.256
73.632
37.016
37.064
73.776
72.872
85.584
72.92
80.352
84.488
74.4
73.016
79.544
78.536
73.968
71.96
74.016
83.528
78.536
85.152
72.584
73.2
72.92
72.296
80.16
84.44
73.776
31.824
85.392
73.92
73.16
74.016
73.208
80.544
73.256
32.112
86.16
80.688
79.4
37.208
74.592
71.864
74.4
78.152
80.496
73.344
71.864
31.776
71.912
73.584
84.912
31.92
83.576
73.488
37.112
31.776
71.96
73.344
72.008
79.632
83.816
73.152
83.864
78.632
72.44
73.584
79.016
79.064
73.776
84.248
73.304
74.16
73.968
73.688
81.024
73.496
81.36
74.928
80.36
80.408
74.216
81.312
74.264
75.12
74.216
37.064
75.6
74.552
75.648
74.6
81.936
80.456
82.032
74.072
73.88
85.776
73.448
73.256
75.552
74.112
74.16
73.112
85.728
74.016
80.304
79.016
74.352
37.064
79.112
74.448
72.92
74.256
73.016
85.632
73.352
73.4
80.496
84.248
80.592
31.92
79.64
31.728
75.216
81.504
74.592
74.736
74.168
81.264
75.072
79.064
75.12
72.872
81.408
37.16
72.968
74.544
73.016
73.064
72.152
72.2
71.768
71.816
73.872
77.672
71.816
72.672
83.144
73.008
73.056
79.2
73.008
37.016
72.816
77.864
72.624
71.336
72.672
83.144
72.72
71.192
37.16
72.816
71.048
31.824
71.144
72.288
83
71.768
83.904
71.816
71.624
78.96
83.192
72.248
31.776
72.584
37.112
79.488
79.824
80.16
72.872
73.728
72.68
80.256
73.824
72.776
84.912
72.824
83.672
72.92
80.256
79.448
79.496
72.344
78.872
72.68
72.728
72.584
73.824
72.776
73.68
31.728
74.016
80.304
72.536
80.112
73.92
85.248
73.776
72.536
73.392
85.2
73.488
80.016
73.872
80.16
85.248
37.016
73.776
72.824
73.584
72.632
73.632
73.68
84.152
79.968
73.872
80.448
72.68
85.536
74.544
74.112
37.016
74.16
85.536
74.064
79.016
74.112
73.68
79.352
73.488
85.296
37.112
73.4
74.112
73.448
73.016
74.448
72.92
72.968
85.68
31.968
84.44
37.208
74.304
79.976
74.352
74.024
80.64
74.072
74.12
74.168
74.216
74.264
73.352
37.16
79.928
37.016
75.312
73.064
31.728
72.92
74.736
74.304
80.64
74.256
72.248
74.304
74.352
73.92
73.488
78.68
31.728
72.536
85.296
85.344
37.112
73.632
37.16
73.776
73.208
80.352
79.544
74.16
79.592
74.016
85.104
74.688
72.92
74.496
79.448
81.024
74.832
73.304
74.4
84.2
80.784
37.016
80.64
31.728
74.976
75.024
85.872
73.592
81.36
79.88
75.168
81.696
73.496
75.264
73.544
75.072
73.352
75.216
32.064
73.544
80.928
73.16
74.976
74.784
73.496
80.88
79.64
80.976
73.256
31.776
72.824
81.504
74.832
78.92
74.976
37.208
72.776
79.064
73.68
73.112
37.4
73.208
85.584
72.776
74.256
79.448
73.256
80.352
74.4
73.112
80.688
79.64
85.632
79.352
74.736
79.688
74.544
73.256
74.352
37.064
37.112
74.448
73.88
31.776
80.408
31.824
73.496
81.072
73.544
73.592
31.824
73.736
81.072
73.304
32.16
84.392
32.208
73.16
75.216
79.688
81.504
32.112
31.92
79.352
79.16
72.968
74.784
72.776
74.352
72.824
72.728
73.68
80.208
72.968
74.064
85.392
73.064
74.4
79.592
80.448
73.4
79.448
80.544
73.304
72.92
79.448
74.544
31.872
74.4
73.352
73.4
73.448
74.544
37.016
85.632
79.784
37.112
73.4
73.448
74.784
37.256
73.784
74.64
80.072
31.968
74.12
73.256
79.544
79.112
74.688
74.496
72.872
74.208
37.16
32.016
84.728
74.544
74.352
74.4
73.776
80.304
74.112
73.304
74.16
84.392
74.208
73.4
85.536
74.544
73.016
72.824
79.352
80.976
79.688
32.064
72.584
72.392
74.448
72.44
74.784
72.44
73.536
78.248
31.824
83.816
73.872
72.104
73.92
73.968
72.488
79.016
72.584
73.44
79.968
72.68
37.016
73.064
73.92
79.64
74.016
80.304
85.2
31.968
79.4
85.536
81.264
73.256
81.312
72.824
81.12
31.968
72.92
74.496
79.208
80.4
37.112
31.728
73.16
74.496
73.064
81.024
37.112
74.832
72.44
74.88
74.304
37.064
74.16
72.872
79.4
80.016
37.448
80.064
84.056
72.584
79.112
74.208
37.016
74.016
79.016
74.208
74.016
37.064
74.352
74.4
31.728
74.736
74.784
81.072
85.92
72.152
85.968
83.96
74.976
78.248
75.024
74.592
71.864
80.88
78.152
85.104
71.096
71.432
73.488
83
72.336
32.064
84.192
71.672
37.16
73.056
83.048
72.624
72.296
79.152
79.248
78.968
37.256
73.632
37.304
73.68
79.112
84.768
72.44
31.776
72.488
31.824
72.296
74.352
78.584
37.352
84.2
73.208
79.256
79.064
84.152
31.776
73.16
73.584
72.728
79.016
72.68
84.488
73.824
73.016
80.352
73.064
73.92
72.68
78.968
78.584
74.16
71.912
31.968
71.72
70.808
73.824
77.096
70.712
31.824
71.952
76.664
83.088
77.856
76.808
71.664
70.904
71.76
71.568
83.184
71.816
78.104
83.52
77.912
78.768
77.72
83.856
31.92
78.44
84.336
73.104
78.056
79.392
71.864
73.2
78.392
71.96
79.776
77.768
71.576
71.624
77.912
31.728
72.008
31.728
37.064
73.248
71.24
84.624
71.576
79.872
32.16
73.488
79.056
82.856
72.432
78.72
83.192
72.768
72.816
72.248
83.576
79.392
72.104
79.728
72.008
31.728
71.816
79.68
73.248
83.72
78.776
84.672
72.344
73.2
31.776
73.824
72.776
31.728
85.536
84.392
80.544
79.4
80.592
74.112
74.736
74.784
73.256
74.832
79.544
74.88
73.112
74.928
85.776
80.688
37.112
31.776
73.4
74.544
73.448
74.592
73.496
74.4
79.592
80.928
73.4
31.824
74.592
37.016
71.48
74.496
77.768
74.064
37.256
73.872
31.92
37.016
80.208
71.384
71.432
73.104
70.616
31.872
78.96
70.712
72.576
82.328
77.336
71.952
71.144
71.192
78.288
82.52
71.528
78.104
31.776
84.144
78.344
73.44
71.912
79.248
84.576
71.528
73.104
79.488
71
72.384
82.616
72.192
77.384
78.72
72.096
72.72
71.672
79.008
37.16
72.816
72.008
72.864
84.192
79.248
83.24
31.776
72.248
73.104
72.296
72.912
79.2
72.92
72.728
83.816
79.872
37.064
84.72
79.016
80.832
72.824
80.64
72.872
74.208
80.496
72.536
78.824
73.728
80.256
72.056
31.776
85.584
72.152
74.352
84.96
78.536
73.392
72.584
79.728
73.536
73.016
73.92
73.352
85.008
79.64
31.776
73.688
74.544
73.496
80.592
31.92
84.152
37.016
74.592
81.408
81.456
83.768
75.264
80.592
72.344
31.92
71.912
80.688
83.72
73.536
79.824
71.864
71.96
73.296
73.344
71.864
84.72
78.392
31.776
72.2
84.864
83.768
32.112
73.44
79.208
73.824
79.016
73.872
79.064
80.4
72.632
73.728
37.16
79.688
73.016
84.104
73.736
81.072
80.024
74.64
73.832
85.488
74.976
84.488
84.536
37.112
75.168
80.12
73.928
81.552
73.304
85.92
79.592
73.16
84.488
31.728
84.536
75.216
31.824
72.728
72.776
74.592
72.824
31.92
73.968
85.776
83.576
37.064
73.92
78.392
31.968
78.44
74.016
72.248
73.584
72.296
73.152
37.16
72.44
83.576
73.632
78.824
73.68
79.16
73.776
72.968
72.536
83.864
74.4
78.632
72.248
31.776
72.152
73.728
83.72
78.728
79.824
79.872
72.632
79.824
37.064
85.152
72.392
73.968
74.016
73.824
73.304
85.44
73.112
80.208
74.256
80.544
73.304
79.592
80.928
79.4
74.736
74.784
79.112
73.16
74.256
80.784
74.112
31.824
73.64
80.736
74.784
73.496
81.072
79.784
74.88
73.352
74.976
79.688
31.728
85.728
84.488
75.024
75.072
74.024
74.88
85.728
73.688
81.264
73.736
31.776
81.504
74.072
81.552
79.88
81.552
37.064
74.072
31.872
75.12
74.928
32.256
72.824
81.504
72.872
75.312
72.68
74.88
80.448
72.776
79.064
37.352
79.4
85.536
73.016
74.16
37.016
74.496
31.824
80.592
74.64
79.112
80.928
72.68
80.496
37.304
74.304
37.112
73.872
79.16
80.256
78.488
85.584
31.872
31.92
80.688
74.016
73.584
79.872
72.824
73.92
73.968
72.68
85.296
74.064
79.256
80.16
72.872
79.4
74.016
31.824
73.256
80.592
79.544
84.152
80.736
73.448
73.592
80.928
74.784
32.112
75.12
31.728
79.64
81.696
81.744
72.296
75.312
81.84
74.688
74.016
72.248
79.872
73.44
72.392
73.488
72.2
79.824
72.296
85.392
73.536
71.768
83.576
73.392
71.624
73.44
83.432
84.528
71.96
78.248
83.576
72.584
78.872
83.96
73.208
31.728
79.256
85.632
84.344
74.4
73.968
80.496
72.728
80.544
74.4
84.152
31.968
85.776
79.208
80.544
73.632
80.448
72.92
72.968
74.304
74.352
79.304
74.16
73.352
73.688
74.304
79.976
80.928
73.4
75.312
81.36
79.832
74.496
85.584
74.832
79.304
37.352
74.448
73.4
80.976
37.688
81.024
73.736
72.152
80.736
78.968
74.304
72.776
73.632
79.304
72.872
85.248
84.2
79.688
31.776
37.256
73.784
80.072
79.64
73.448
79.016
72.584
79.112
80.256
71.816
83.672
79.968
79.536
72.296
79.632
78.584
72.632
73.488
78.44
73.536
84.344
37.016
85.296
72.728
73.824
72.536
79.064
80.64
78.872
73.968
32.016
31.728
85.776
74.544
79.736
74.352
73.064
80.88
71.912
80.928
74.736
74.784
78.776
31.776
72.872
79.824
85.152
85.152
79.544
80.688
72.68
74.496
72.488
85.584
74.16
78.44
72.248
80.064
37.016
73.392
72.104
73.2
78.2
83.528
80.064
72.056
78.584
79.92
83.72
72.728
31.776
72.536
31.824
37.064
73.68
84.152
80.352
84.344
74.208
74.256
80.064
72.536
31.728
80.256
74.064
78.92
80.352
85.632
73.064
31.92
72.872
73.968
84.2
74.016
80.544
73.496
73.304
73.352
73.16
80.976
79.496
73.544
31.776
73.112
74.496
79.448
73.256
79.784
37.352
80.688
73.736
73.784
74.88
80.072
74.928
74.976
74.456
75.408
81.696
74.408
31.824
75.792
74.264
75.84
75.888
80.6
81.744
31.728
80.264
75.696
74.072
73.88
75.936
81.504
84.344
73.592
31.776
73.688
75.504
75.072
37.016
73.304
74.928
73.112
72.968
80.544
79.304
73.352
74.208
84.44
74.304
79.784
73.592
74.976
73.928
74.544
81.168
74.36
74.408
75.264
74.456
75.312
74.504
81.6
80.36
74.168
80.696
37.16
75.36
74.648
37.496
74.744
75.792
74.6
82.176
75.984
75.792
85.68
31.824
75.792
75.128
32.16
84.536
82.608
74.984
32.256
76.704
75.08
32.592
37.208
83.52
75.416
32.928
37.544
77.616
37.592
32.784
81.32
76.992
76.32
73.976
82.848
76.128
80.12
75.696
73.688
73.736
81.792
37.304
74.88
80.072
75.072
73.784
80.072
75.408
73.64
74.976
80.168
32.064
75.312
80.504
80.552
74.36
31.728
74.696
75.456
80.984
31.824
74.84
81.936
81.368
74.936
81.224
76.32
75.272
81.56
81.608
31.776
75.272
75.32
76.704
31.872
77.04
76.416
75.608
76.464
75.656
82.992
76.8
76.848
74.456
76.272
74.504
75.84
80.792
75.648
37.16
81.936
75.128
81.416
75.224
37.112
84.68
74.168
76.464
31.728
73.784
73.592
75.648
73.64
73.688
75.504
31.728
81.264
75.312
75.36
73.592
81.648
74.976
85.584
37.016
74.832
73.784
84.632
31.728
75.216
73.688
81.504
74.88
73.592
74.928
79.88
73.208
74.784
79.016
31.872
81.6
79.112
72.92
72.728
79.256
73.872
84.344
37.112
72.92
74.16
80.496
74.304
73.872
85.68
79.728
78.2
73.536
32.064
73.872
78.584
80.16
72.392
32.208
37.16
80.016
83.768
73.584
73.016
80.112
72.824
31.776
72.968
74.064
83.816
73.92
31.968
80.736
73.448
31.728
73.496
74.736
81.024
74.832
80.168
31.776
73.976
74.832
80.264
81.12
31.968
75.216
72.968
72.344
80.64
83.432
74.448
82.808
74.304
77.624
73.008
72.624
83.336
72.96
84.288
71.48
72.816
83.288
78.296
79.632
71.864
73.2
83.528
37.256
72.344
79.68
78.872
31.968
37.16
73.776
84.008
73.584
72.536
70.904
70.712
31.728
70.52
77.048
77.144
83.568
71.904
82.376
77.144
83.28
82.472
71.808
31.776
72.144
71.576
71.624
72.768
72.816
71.288
77.816
79.2
31.968
73.536
78.488
72.912
79.44
84.288
83.24
72.488
79.824
73.392
37.16
79.92
79.448
31.968
84.624
31.872
74.4
73.832
80.688
74.736
37.016
74.784
80.264
84.912
84.392
74.928
31.776
74.168
85.584
37.256
75.312
74.264
73.832
75.648
79.88
37.016
31.776
74.208
74.016
74.064
74.112
73.92
73.728
73.776
80.064
74.112
79.304
74.16
73.592
80.448
73.64
74.496
37.208
74.544
79.976
84.104
73.832
73.88
73.688
74.784
80.024
37.064
80.552
81.264
73.64
79.688
75.12
73.256
73.92
31.728
74.016
74.064
74.112
85.68
74.448
37.016
86.016
78.344
32.304
74.592
74.64
74.688
37.064
80.256
77.912
73.584
71.72
79.872
73.44
79.728
70.808
72.384
82.376
83.952
71.144
72.24
72.048
82.568
37.256
71.624
72
77.672
78.528
37.4
71.768
31.728
83.096
79.296
71.624
83.048
79.104
72.056
78.584
72.96
78.632
79.248
72.44
37.208
79.256
83.624
31.872
72.056
74.352
79.92
83.672
79.968
84.816
78.296
73.392
72.104
73.248
31.776
72.488
73.344
37.016
32.112
73.44
79.728
73.824
37.064
84.672
72.632
74.16
80.208
74.496
78.968
73.824
72.584
73.68
73.728
80.064
79.784
85.2
80.688
74.496
74.544
37.064
80.312
74.88
37.4
74.928
81.216
75.264
74.64
74.208
73.4
31.776
84.488
74.544
73.496
85.632
79.544
74.88
81.168
73.208
73.016
73.064
85.92
74.688
73.208
79.496
85.68
74.448
72.68
72.488
72.536
80.832
74.4
37.016
72.824
80.112
73.68
37.016
80.208
72.344
72.392
31.728
71.96
85.536
74.064
71.912
84.624
71.816
73.152
72.152
84.528
79.536
79.632
72.104
31.92
73.488
72.44
79.776
73.824
73.064
79.92
73.112
79.4
84.816
37.208
80.544
73.496
37.544
73.112
37.64
73.208
80.304
79.736
31.728
37.784
73.592
74.256
78.968
80.592
72.824
74.64
37.352
80.448
73.16
73.208
74.064
73.016
31.728
80.544
73.872
37.064
73.92
79.112
80.208
80.016
72.248
73.584
72.296
78.584
73.92
72.632
73.728
72.44
80.256
85.104
73.256
74.352
73.304
80.88
80.928
37.064
31.776
75.024
74.024
80.88
73.832
31.968
73.88
75.216
73.928
85.824
75.552
31.728
37.016
74.504
74.168
81.504
75.552
75.408
75.264
80.456
81.552
84.344
75.6
75.648
73.16
75.696
31.872
72.584
75.36
72.392
84.2
74.016
72.728
32.064
72.776
80.832
37.016
71.864
37.112
31.824
78.536
73.632
31.92
84.768
78.44
31.776
73.584
73.632
37.016
73.2
78.344
37.352
73.536
72.2
79.824
72.248
72.296
37.304
31.776
83.672
79.344
72.68
72.728
73.392
72.776
72.584
37.352
72.584
73.44
79.728
85.056
83.048
74.064
71.576
73.44
83.432
73.008
78.488
83.576
79.392
31.92
73.488
72.92
37.208
72.536
73.872
80.4
72.632
72.68
74.256
31.728
37.016
74.016
72.344
83.912
72.68
73.536
79.872
79.4
85.536
84.488
74.304
74.352
85.68
73.112
31.872
83.528
74.16
80.688
78.824
83.912
79.488
73.584
72.536
72.584
73.968
73.776
79.208
32.064
72.056
71.624
85.44
74.208
71.96
71.816
79.44
77.912
37.208
79.776
37.304
72.672
71.912
72.768
72.2
79.296
78.488
84.384
72.536
84.72
72.632
31.776
71.96
83.528
72.056
73.872
31.92
37.016
72.584
72.632
85.152
71.672
71.72
80.016
74.064
73.392
71.864
31.776
73.056
79.344
83.096
71.624
73.2
71.672
72.768
83.48
72.816
37.256
79.776
84.104
85.104
73.872
80.4
31.728
74.736
72.776
74.784
85.632
74.88
79.4
85.968
72.968
32.016
72.776
86.064
80.592
72.392
74.64
73.016
80.592
73.064
85.488
80.496
72.968
31.968
73.016
83.864
85.68
74.208
78.68
72.008
72.056
78.344
73.68
37.016
78.104
73.44
37.064
79.968
72.152
73.056
78.008
73.152
83.384
73.008
73.344
31.872
79.92
73.968
72.68
74.016
79.208
74.064
73.632
72.584
85.2
72.392
31.728
37.16
80.064
72.776
78.824
31.776
72.392
73.824
32.112
80.4
71.624
71.432
31.728
73.776
73.344
71.576
73.392
31.776
79.104
79.152
78.008
71.816
72.912
79.2
73.248
78.008
71.816
73.152
72.96
71.912
73.008
31.728
79.776
68.744
73.248
68.6
73.056
71.184
68.936
80.024
70.08
80.072
81.696
68.408
80.312
69.888
31.728
80.696
81.696
75.944
76.464
75.752
70.608
69.56
76.896
81.272
37.16
70.896
69.608
82.224
77.712
71.328
37.016
31.776
76.184
82.704
37.352
77.472
70.52
71.04
70.088
82.656
82.8
69.992
31.968
70.04
78.336
81.848
78.384
37.256
78.192
76.904
83.04
82.232
70.328
82.136
77.952
78.288
70.04
70.088
76.616
78.192
70.424
78
70.28
31.728
81.896
77.76
31.728
76.76
71.376
78.192
78.24
81.752
71.376
71.424
77.712
77.384
82.232
72.048
78.336
72.144
72.528
77.96
83.616
31.824
79.632
73.44
79.728
77.96
73.056
79.584
37.064
73.152
31.92
73.008
78.816
84.144
78.056
31.872
79.2
37.016
79.248
79.296
71.768
73.104
71.816
73.152
78.104
84.48
31.968
73.296
83.528
72.536
78.824
73.44
37.352
73.488
83.48
37.208
73.256
79.784
73.92
73.112
73.448
73.496
74.352
80.688
74.832
85.44
73.112
80.928
79.4
74.736
73.208
81.264
73.016
31.872
72.344
81.6
77.912
83.624
72.152
73.008
84.576
73.104
71.096
37.304
72.768
71.24
84.576
37.112
84.192
71.48
79.2
78.008
71.72
79.056
71.816
31.776
78.344
73.104
71.912
78.44
79.296
72.248
83.096
72.056
73.872
83.624
84.72
72.152
31.968
78.44
73.536
84.008
85.344
72.776
72.68
79.208
74.112
80.4
73.112
31.968
72.92
72.968
80.544
37.256
74.352
84.344
72.92
37.208
73.824
73.016
74.16
79.4
37.208
80.304
73.496
85.632
73.544
85.68
73.592
72.92
73.064
74.16
73.112
72.92
74.256
72.968
74.304
72.296
78.824
72.44
84.248
72.344
73.92
74.064
85.2
73.728
73.536
79.824
72.296
73.632
72.104
73.44
85.248
83.96
73.776
72.728
79.92
37.016
72.824
84.008
73.584
37.112
80.112
72.92
73.488
80.304
79.496
74.16
80.448
74.496
74.832
31.92
75.168
32.016
78.968
75.504
72.536
81.552
84.344
75.6
78.872
81.648
75.216
78.728
75.264
72.776
73.728
72.488
72.296
73.872
72.104
73.68
85.488
72.488
72.536
85.2
72.392
79.968
78.728
80.352
79.064
31.728
73.776
31.776
74.064
74.16
74.208
79.16
80.496
37.064
74.544
74.352
74.4
73.776
83.288
31.824
74.112
71.864
85.2
78.392
73.728
72.2
73.296
72.008
31.824
78.536
79.632
72.344
37.112
78.2
72.008
72.056
72.104
83.672
31.728
72.44
37.208
84.056
79.304
79.68
84.152
37.016
31.728
74.736
74.304
73.16
80.592
79.688
74.64
74.688
37.016
74.736
79.592
37.16
74.304
73.448
74.352
72.872
74.688
79.4
79.448
80.304
37.256
85.392
37.064
78.872
31.824
73.872
31.92
72.584
74.208
85.776
72.92
73.584
72.968
85.392
37.256
79.544
80.16
84.632
73.16
37.016
72.824
72.872
73.968
85.536
79.688
73.496
80.64
84.392
74.448
31.824
73.928
81.312
80.264
37.208
75.168
73.256
75.264
72.536
71.864
75.36
78.392
74.496
72.296
83.624
31.776
71.912
73.584
79.872
37.016
78.344
31.776
83.672
73.104
83.72
73.152
37.208
78.776
72.584
73.2
72.632
79.16
31.776
72.776
80.112
79.304
37.112
85.296
79.688
79.544
80.64
74.448
79.88
74.784
73.784
74.64
74.976
73.928
75.024
74.024
31.824
81.312
74.12
85.68
32.208
75.456
74.504
81.6
84.392
74.84
75.456
81.744
81.176
75.224
76.176
81.368
37.016
37.064
76.32
81.752
76.128
75.56
37.208
76.464
37.16
75.848
76.608
75.896
76.656
75.944
82.944
75.752
75.56
37.448
82.376
31.776
75.176
77.04
74.792
76.608
37.16
83.136
75.128
76.032
37.064
74.792
74.12
75.936
74.168
75.984
82.272
74.504
74.312
74.12
80.408
81.744
31.872
74.504
37.112
74.84
81.128
75.744
74.936
74.744
81.272
81.608
82.464
81.224
75.272
76.368
75.32
74.408
31.728
74.456
76.416
80.312
73.88
73.448
75.312
31.728
73.16
79.448
74.784
73.016
74.592
74.4
73.112
31.92
79.448
79.496
74.352
73.304
85.728
72.68
72.008
37.016
71.144
74.16
77.672
71
79.584
70.616
82.04
72.336
31.728
78.336
71.904
78.096
77.048
83.424
70.856
72.192
72.24
78.528
70.568
77.096
78.672
82.424
72.24
72.048
71.576
77.864
72.48
72.528
77.72
31.776
71.768
79.104
72.72
37.112
78.44
72.248
83.904
37.496
72.912
71.912
79.776
73.584
73.632
83.384
72.632
73.248
72.68
84.336
79.824
72.584
78.872
74.016
80.064
73.256
31.872
73.352
74.208
84.816
74.592
84.104
74.688
85.056
80.168
75.024
73.256
75.36
73.112
75.168
78.92
80.592
71.432
73.296
71.288
73.344
77.576
84.432
72.528
71.24
37.016
31.776
78.672
70.664
78.72
77.192
79.056
71.288
72.384
37.016
71.624
71.192
83.568
70.856
72.672
77.144
70.952
72.528
37.16
78.576
31.824
82.712
78.528
77.72
31.776
72.864
77.816
78.672
71.624
72.48
31.968
37.016
72.816
71.816
82.904
72.96
78.392
72.768
72.2
79.056
72.248
37.016
72.584
37.112
72.44
72.008
37.256
84.432
72.344
79.92
78.392
73.392
83.384
73.248
72.44
79.536
73.344
31.728
37.016
73.776
73.064
73.776
80.064
73.92
83.672
73.968
37.16
73.776
73.824
73.632
37.016
77.864
73.968
83.432
73.536
83.528
79.824
37.112
78.44
31.728
79.296
72.2
31.824
73.392
72.536
37.304
73.68
83.672
71.24
84.816
83.048
37.256
71.864
73.2
72.008
79.344
71.816
84.48
71.432
31.968
73.536
79.152
79.008
72.576
77.288
79.344
72.912
37.016
31.92
77.384
72.288
37.016
78.816
72.384
78.48
71.432
78.528
83.856
71.288
72.624
83.952
37.064
84.288
71.96
78.248
84.384
72.056
72.912
83.384
79.2
71.912
71.96
72.104
83.96
84.816
79.584
31.872
73.44
72.872
37.16
80.256
84.008
73.824
79.256
80.112
73.968
78.68
72.488
74.112
73.44
83.912
72.92
79.208
80.304
72.776
73.872
79.64
31.776
84.488
73.256
85.392
31.92
81.168
73.4
37.016
81.072
85.68
37.16
85.776
32.064
80.216
86.112
75.12
80.552
81.408
75.456
73.928
75.504
80.456
75.552
80.024
73.592
75.408
73.736
37.304
37.112
74.928
73.88
74.976
31.824
81.312
75.12
31.728
75.216
81.264
37.256
74.832
79.544
85.68
79.352
74.928
74.016
78.968
72.536
72.344
73.68
84.152
85.248
37.016
72.824
72.632
73.968
72.44
78.968
31.728
73.776
72.344
80.064
72.44
72.248
73.824
73.68
72.872
78.92
37.064
85.344
72.872
80.112
72.92
37.208
73.256
85.776
73.304
37.112
79.88
80.4
73.208
73.016
74.352
79.304
32.16
74.688
73.4
74.736
73.544
74.64
31.968
72.92
80.976
74.784
72.776
31.728
74.256
72.632
72.68
74.256
72.728
80.592
84.392
73.824
72.536
73.872
37.064
78.632
73.968
78.2
74.016
72.008
83.576
73.392
37.016
72.584
72.392
80.112
72.2
80.16
72.008
72.056
72.104
71.912
71.96
77.192
71.24
71.576
72.192
70.184
37.016
78.816
37.16
78
71.808
83.376
37.064
78.384
69.992
72.432
71.76
71.568
70.28
71.376
82.992
77.76
81.752
76.52
78.096
78.144
70.376
71.952
37.016
83.136
82.184
78.192
77.624
72
70.952
78.288
71
72.384
37.064
31.872
77.432
71.48
78.576
71.048
83.664
72.432
71.144
78.624
77.096
31.776
77.144
72.624
82.712
72.672
37.16
83.76
77.528
72.288
72.624
72.672
78.344
84
73.008
72.816
78.248
84.384
72.296
79.68
83.192
73.248
72.2
72.248
31.968
83.576
73.296
78.2
78.248
37.256
73.152
72.96
72.2
72.008
72.864
37.016
79.392
71.864
84.72
78.392
72.2
31.728
70.856
37.208
72.528
78.576
77.576
71.952
82.664
72
78.528
37.016
72.336
71.864
72.104
72.96
78.392
73.056
37.112
79.344
83.144
73.728
84.096
73.208
74.064
79.256
37.064
74.16
73.592
80.448
37.4
73.688
73.256
37.304
74.64
80.072
72.68
74.496
31.824
80.16
72.632
73.536
37.112
84.624
72.44
73.872
37.208
72.536
73.968
79.064
72.392
78.92
83.768
72.152
83.72
73.536
78.776
79.632
73.776
79.448
73.256
73.872
80.4
73.352
74.208
73.736
74.592
79.112
80.928
72.44
74.976
72.056
73.872
72.152
31.872
78.44
79.776
72.248
31.824
83.816
73.392
72.344
78.872
72.776
31.776
72.584
73.968
37.256
74.016
78.728
79.064
73.68
37.352
73.728
73.4
74.064
37.208
74.448
32.016
73.688
81.024
37.256
75.072
74.024
85.68
37.592
81.408
86.016
75.072
31.92
73.352
81.648
73.4
75.696
73.208
32.304
79.736
76.032
73.064
76.08
72.872
81.648
37.16
37.208
84.296
84.344
72.872
79.728
72.776
72.584
73.68
31.968
74.016
85.584
79.92
79.968
73.776
72.248
80.304
78.296
80.352
73.2
71.912
79.728
78.44
78.488
37.256
73.392
78.824
31.728
37.112
79.16
78.968
73.584
72.104
78.392
71.96
85.056
78.488
73.344
31.872
72.104
83.672
78.92
72.728
79.584
79.352
37.016
72.824
80.544
79.352
74.352
80.208
37.16
73.448
31.728
73.256
74.352
84.344
31.92
72.872
74.688
72.2
80.592
72.584
72.392
79.776
72.488
73.824
72.104
73.728
78.44
32.016
79.584
73.2
85.056
84.248
73.584
85.152
73.68
73.728
31.776
85.584
80.352
83.864
73.44
72.392
79.968
78.68
85.296
74.064
37.064
78.872
72.92
73.536
79.208
73.584
73.256
85.392
73.064
78.872
72.68
78.824
73.776
72.968
73.584
73.016
79.304
73.92
73.352
85.488
73.4
79.448
37.016
79.784
78.776
73.872
83.864
80.4
74.208
78.92
31.776
73.824
83.816
32.112
80.16
84.152
71.72
73.536
71.528
79.872
72.152
72.488
79.344
79.016
84.672
79.112
79.968
72.92
72.968
73.872
73.064
79.592
31.92
83.96
84.864
72.104
78.392
80.016
37.016
73.344
78.344
83.432
71.72
73.728
73.776
77.336
37.016
72.528
77.624
84.096
37.352
83.48
83.952
71.768
72.624
71.336
79.152
83.144
31.92
79.488
77.72
73.056
32.064
78.056
79.872
72.104
32.4
37.112
73.008
78.68
73.056
71.576
84.48
77.912
71.72
79.776
71.528
78.056
79.392
31.728
71.048
31.776
79.392
84.24
78.768
77.72
70.808
78.864
72.672
82.664
72.72
37.112
77.96
71.768
78.624
78.056
71.96
84.144
79.392
78.584
84.48
72.392
72.44
80.016
32.064
78.536
73.632
78.584
32.4
71.96
73.536
72.008
31.824
79.68
72.392
80.064
79.016
73.632
73.064
84.768
83.72
74.016
73.496
79.304
80.64
74.736
73.016
72.824
80.64
74.448
80.496
73.064
80.4
31.968
37.016
85.776
84.104
74.784
72.632
80.832
80.64
73.728
72.68
37.112
85.392
84.44
80.16
72.728
31.776
73.824
78.968
73.92
73.112
73.968
79.208
74.304
74.352
74.448
74.784
85.872
73.544
80.88
74.688
84.2
81.216
73.928
74.784
73.976
84.344
81.36
79.832
37.112
74.928
72.92
74.736
72.728
85.584
72.776
75.072
74.64
84.488
80.352
72.824
74.16
84.392
85.728
72.92
85.584
73.256
79.64
80.496
31.728
80.976
73.064
75.024
79.592
31.872
73.4
75.36
81.168
84.296
84.392
81.216
74.352
74.688
74.736
74.784
73.256
74.832
73.304
74.64
73.112
74.448
73.16
74.496
73.208
78.92
80.544
80.592
73.92
74.016
74.064
72.296
85.632
73.92
71.432
73.968
73.776
73.632
71.192
72.768
72.816
37.112
72.624
78.2
79.152
71.864
71.912
84.288
71.72
79.344
83.096
71.912
78.2
72.816
71.768
73.152
83.432
78.44
73.104
73.152
72.392
31.776
73.824
80.112
37.016
73.68
72.344
85.248
78.44
85.296
71.816
73.392
73.44
71.96
79.296
71.816
79.392
78.344
73.2
83.432
73.296
83.768
37.256
37.112
31.728
78.92
74.016
84.248
74.064
72.296
74.112
71.624
77.96
72.864
77.816
71.624
72.72
83.192
31.968
37.16
79.296
82.904
71.672
72.768
37.16
72.576
72.008
72.624
31.872
83.72
73.056
72.248
73.104
78.776
84.672
78.824
79.68
72.632
37.16
79.448
31.728
78.296
31.824
37.112
73.104
72.056
84.672
79.68
72.392
73.728
78.92
80.016
72.728
31.824
80.112
72.872
72.92
85.104
72.776
74.352
79.064
84.152
73.4
74.016
84.488
73.016
79.304
73.448
73.496
79.784
74.4
79.832
80.928
84.2
73.352
80.976
75.024
73.256
74.832
79.304
73.112
74.448
73.16
74.496
73.16
74.256
78.488
80.784
84.056
85.632
81.12
32.016
72.056
80.112
85.68
37.208
74.208
85.056
78.488
78.536
79.872
72.104
73.68
83.912
73.488
72.248
78.584
85.008
72.92
72.728
73.584
72.776
79.304
85.2
79.64
31.728
73.784
85.536
80.312
74.12
85.536
74.168
81.264
74.312
75.504
81.176
81.792
82.128
37.064
75.936
81.368
75.656
76.272
85.44
31.968
76.896
31.728
75.416
77.136
81.944
85.824
32.112
75.32
85.92
77.568
73.304
76.8
82.896
79.208
31.824
84.296
76.272
85.68
73.968
72.92
73.256
73.872
73.304
80.4
79.592
31.728
80.496
79.736
84.344
74.928
74.976
37.112
80.264
74.88
81.408
80.6
31.776
75.504
75.552
80.984
75.36
74.552
75.696
37.016
75.744
84.344
31.728
75.888
37.016
32.016
76.224
81.416
32.352
82.56
84.392
85.968
76.656
85.824
73.976
76.272
74.928
37.112
31.776
81.744
74.832
72.824
74.88
74.448
72.2
85.536
72.008
74.064
78.536
74.16
72.2
78.728
71.816
73.632
31.92
72.152
73.968
31.728
71.336
79.632
73.488
79.536
72.056
78.912
72.96
78.152
84.288
71.96
73.296
37.208
83.816
31.824
72.584
73.632
72.92
72.728
79.872
78.584
84.96
83.48
72.008
73.584
79.92
79.584
79.256
85.152
73.92
73.112
80.208
32.016
73.208
74.304
72.776
32.352
80.88
83.672
80.928
78.44
71.768
31.728
78.296
80.496
72.104
72.248
72.296
79.68
73.488
72.44
78.728
72.776
80.112
72.584
73.68
83.432
72.68
72.728
79.016
72.632
83.72
74.352
32.16
79.832
80.736
74.544
74.592
74.024
31.92
85.488
74.36
81.456
74.168
81.504
84.296
81.84
31.776
74.6
37.016
75.552
74.504
85.68
37.112
84.68
75.936
80.888
81.984
80.696
31.872
74.072
75.456
73.976
75.792
80.312
75.408
74.12
75.216
37.016
75.312
73.304
79.592
31.776
37.4
75.024
32.112
84.344
74.64
80.928
74.496
74.544
80.88
74.688
74.496
85.584
74.592
74.16
72.392
73.728
72.44
85.296
73.584
78.296
80.112
72.152
72.2
85.056
72.248
37.016
85.152
84.104
72.872
71.768
31.824
80.112
37.208
74.208
72.056
37.544
79.584
73.392
83.864
73.44
78.872
72.92
84.816
72.968
73.584
73.016
73.064
72.968
73.016
37.064
80.4
84.392
74.448
37.4
80.408
80.456
73.112
74.928
72.92
37.208
74.304
84.296
74.352
37.064
84.152
72.68
80.496
72.536
73.632
37.304
72.632
72.68
31.728
78.968
74.016
32.064
71.144
73.776
84.384
82.856
72.48
72.528
72.576
78.248
37.256
72.912
72.344
31.92
71.912
79.488
78.2
73.296
72.248
72.056
78.344
77.912
83.528
84.48
83.912
73.008
31.776
78.728
79.584
83.816
79.632
72.872
73.488
37.064
80.352
31.92
72.872
80.688
74.256
72.488
81.024
72.536
74.592
72.872
80.448
79.208
80.352
73.064
73.968
73.4
74.304
79.544
80.64
74.736
72.488
74.544
78.824
73.68
83.912
73.728
72.92
73.584
72.776
31.728
79.304
73.112
37.16
74.016
37.016
73.544
72.392
31.728
84.2
85.776
78.968
74.784
72.776
80.832
79.208
85.632
31.92
78.872
80.688
74.256
32.064
74.352
72.104
85.92
31.968
74.496
77.768
74.304
73.872
32.16
77.192
72.768
72.816
76.568
72.144
78.432
76.424
78.048
76.52
76.568
71.664
76.664
71.52
81.56
69.848
71.424
71.76
37.16
75.848
82.944
76.992
70.8
70.848
69.368
71.184
75.896
71.232
70.8
69.752
77.088
76.088
77.232
69.944
82.368
37.016
69.704
31.728
76.232
71.376
82.8
81.56
70.568
82.704
70.616
71.472
81.944
71.52
82.28
31.728
71.384
72.24
71.432
71.48
72.576
72.624
77.624
72.576
83.664
78.056
72.96
72.392
84.048
83.24
73.056
72.488
84.192
80.304
37.016
84.912
73.92
73.968
80.256
37.016
74.304
73.304
32.112
84.152
80.88
85.728
73.64
75.216
73.448
75.264
73.496
72.824
74.88
79.112
37.016
73.256
74.208
31.776
73.688
80.784
74.592
85.68
80.928
31.776
75.024
75.072
74.88
74.208
73.16
74.256
73.208
80.544
74.352
73.064
74.4
74.304
31.728
73.304
74.496
74.544
74.352
80.88
74.64
84.392
74.208
37.16
74.256
74.064
80.592
72.872
80.688
37.16
74.736
74.544
85.632
72.824
74.208
74.256
74.304
37.016
73.92
72.104
79.968
73.056
73.104
37.016
72.96
78.392
84.528
71.96
73.056
73.104
78.296
84.672
71.432
73.056
71.768
72.912
79.248
79.344
73.392
72.104
84.48
78.632
79.488
37.16
79.536
72.488
79.584
72.296
72.104
78.632
31.728
83.72
72.248
78.776
78.824
73.728
72.968
37.016
73.92
80.208
37.016
72.488
74.064
37.064
74.112
78.872
73.68
78.92
73.728
37.448
72.536
73.824
72.584
72.392
31.824
79.776
31.728
80.256
74.064
80.352
74.16
73.256
74.208
85.056
73.592
80.784
74.832
81.072
37.016
74.688
73.544
81.216
73.112
74.784
37.16
80.832
72.968
79.496
73.304
80.496
31.728
79.784
37.112
80.928
73.16
74.736
73.208
31.824
72.776
74.832
32.16
80.928
73.872
80.4
84.152
31.968
79.64
74.496
73.688
74.304
37.256
80.592
74.64
79.64
75.024
74.592
73.544
80.88
79.16
74.736
72.968
74.784
31.776
72.824
80.544
73.16
74.064
31.872
84.344
80.64
84.392
80.736
73.208
74.784
73.256
79.592
74.448
79.4
72.776
74.352
79.064
72.392
72.2
74.256
72.056
31.776
37.016
84.104
79.776
72.632
73.392
72.44
73.776
72.248
73.824
84.056
73.632
80.16
78.632
78.68
84.008
73.392
79.352
73.208
74.064
73.256
85.632
79.544
74.448
73.688
31.728
73.736
74.64
72.872
80.928
79.208
74.112
73.968
78.92
74.064
79.256
74.112
73.064
73.92
74.256
37.016
78.824
72.632
73.44
72.68
73.488
85.056
72.824
72.632
73.968
80.256
71.288
74.304
71.432
72.768
77.72
78.624
78.056
84.192
72.152
78.44
31.776
73.344
73.392
72.632
83.72
84.336
74.064
84.672
83.864
80.736
74.544
74.88
74.928
37.016
85.536
75.264
74.216
31.872
74.024
75.6
75.648
80.36
75.456
73.928
32.064
80.456
82.032
81.84
37.016
74.504
80.792
37.16
75.552
80.312
75.936
75.504
75.072
74.072
81.648
75.216
73.688
75.264
73.496
75.312
79.832
81.168
73.64
73.736
74.592
73.544
73.352
79.64
74.976
37.016
79.544
73.4
74.256
79.928
74.352
80.88
79.592
75.024
73.496
74.832
79.784
73.832
80.928
74.736
73.448
74.928
72.488
74.784
78.776
73.872
80.16
73.728
72.296
73.392
79.68
31.728
74.016
37.016
85.584
72.584
80.112
73.44
73.488
83.96
79.776
72.536
73.872
79.064
73.44
37.112
72.68
80.016
73.016
80.4
80.256
73.208
73.256
74.352
84.344
74.4
31.968
73.4
74.736
37.016
73.784
74.88
73.88
80.976
80.168
73.736
85.632
81.12
79.832
73.976
74.592
84.392
31.728
80.36
75.216
73.688
81.744
81.552
31.728
37.112
73.4
74.544
72.776
74.592
80.688
32.016
37.112
74.304
73.016
74.112
37.304
80.4
79.832
74.448
79.88
80.736
73.544
74.64
73.4
74.976
79.928
75.024
73.784
74.64
37.112
80.12
81.264
74.264
75.12
74.312
80.12
31.728
73.928
75.696
80.456
75.744
74.024
84.392
31.728
74.024
31.728
74.072
81.456
80.12
75.504
73.928
81.792
80.216
79.784
84.392
31.824
73.208
79.304
73.112
74.688
31.776
74.064
72.776
73.968
74.016
72.248
73.872
78.344
80.4
78.392
73.968
71.96
73.344
72.584
72.392
79.536
84.864
85.248
74.016
31.824
73.016
80.592
37.064
85.92
73.112
80.928
37.16
74.736
84.248
74.784
73.064
85.2
79.352
73.728
32.016
73.208
80.544
73.304
80.688
37.064
74.544
73.064
85.68
37.112
80.688
84.68
74.256
73.208
80.544
37.496
73.064
37.352
74.016
79.208
31.824
72.584
74.112
84.392
80.64
37.16
74.208
74.064
79.112
80.208
74.256
37.112
74.304
74.112
37.208
84.536
74.448
37.544
80.736
74.784
75.12
37.016
31.968
84.44
85.776
84.488
75.744
73.496
75.552
84.344
82.08
75.648
78.248
72.104
80.64
73.488
83.24
73.344
78.056
71.624
72.72
37.112
78.2
73.056
78.248
83.576
84.48
37.064
77.672
71.48
78.432
78.008
72.24
71.672
78.2
72.008
79.152
72.104
78.632
79.584
78.536
72.344
31.776
82.472
73.584
73.392
82.808
37.016
73.968
78.728
31.824
80.352
80.16
80.208
73.776
72.728
31.824
73.632
80.4
73.968
80.736
37.016
80.784
73.064
74.352
73.112
81.12
72.92
74.688
72.968
84.336
73.016
79.064
74.064
73.92
37.016
80.448
73.4
31.776
80.168
74.544
81.072
74.88
80.792
81.408
80.888
84.864
75.312
81.224
75.648
74.888
75.984
31.776
76.224
81.032
76.272
37.016
76.224
82.512
74.504
80.792
75.888
74.36
75.936
37.208
31.824
74.696
76.272
31.776
84.056
82.464
73.544
85.392
75.6
73.4
31.968
37.208
75.936
80.216
75.024
80.024
32.352
75.12
71.96
78.296
74.592
72.104
79.92
78.2
73.296
83.336
72.96
72.392
72.2
73.056
78.248
78.056
79.872
71.96
72.296
84.672
37.304
79.44
31.728
79.536
71.816
84.672
83.144
31.92
71.672
73.728
78.2
32.016
74.064
72.296
80.352
37.304
31.824
72.632
31.872
72.44
84.96
31.968
78.776
73.68
78.872
72.68
73.776
79.208
73.016
73.632
79.88
74.352
83.864
85.2
73.832
80.12
74.736
74.784
73.544
73.592
75.216
73.448
81.744
73.304
74.928
79.16
37.016
81.264
74.4
73.352
31.728
72.968
74.496
72.776
32.064
81.312
84.392
75.12
74.688
84.248
73.016
74.112
79.544
80.448
37.016
31.776
73.544
37.016
74.64
79.832
74.688
31.728
74.216
81.216
75.264
80.552
75.168
74.6
81.456
74.648
80.696
75.552
74.312
74.12
31.728
74.168
37.064
75.552
79.832
31.728
73.64
31.776
73.688
74.784
31.968
84.392
72.92
74.496
74.304
73.016
31.872
84.344
80.88
37.352
84.44
74.256
73.208
72.776
72.584
79.112
74.448
79.016
37.112
73.968
37.16
74.016
78.728
72.536
73.392
78.824
73.44
72.872
84.008
37.256
31.776
73.544
73.92
80.208
37.064
74.592
84.344
85.44
79.592
74.928
74.976
75.024
37.016
72.824
74.928
81.216
37.064
81.024
72.392
71.864
80.4
69.992
80.208
76.28
70.088
79.824
70.136
76.664
77
70.568
77.096
71.76
76.952
70.088
72.192
76.424
77.808
70.04
77.664
70.136
71.28
81.8
31.776
78.144
77.952
77.144
78
71.856
78.384
77.144
83.52
82.472
31.968
82.52
72.576
79.104
77.096
72.432
77.48
72.096
37.208
71.336
72.192
72.24
79.104
78.912
71.624
72.72
77.432
31.968
71.24
79.536
77.528
32.304
71.576
73.632
80.16
82.472
31.776
72.432
82.904
71.432
79.008
71.24
31.776
73.104
77.336
79.392
70.904
82.76
72.576
71.048
77.336
70.904
72.24
71.24
77.768
71.624
78.72
37.016
72.104
72.864
71.624
72.96
84.048
73.344
82.904
79.2
73.008
72.44
79.536
79.584
78.296
37.064
73.68
71.672
73.536
72.296
79.632
83.432
79.488
84.576
83.768
73.632
72.584
84.152
73.728
72.68
78.728
74.064
37.064
31.776
71.672
71
71.048
72.624
77.576
77.624
70.712
72.432
71.144
31.728
78.336
71.24
72.384
72.432
71.336
82.424
72.48
71.672
78.816
70.856
82.712
78.528
83.856
78.912
78.768
31.776
71.528
72.864
77.816
72.912
71.384
72.96
72.768
37.064
79.296
37.016
70.904
72.72
70.952
31.728
71
72.816
72.624
77.336
77.432
78.288
72.336
71.048
78.672
71.144
72.288
78.864
71.336
71.384
72.48
77.672
78.768
71.72
72.816
71.288
82.376
78.104
71.912
71.96
37.208
31.728
72.296
78.008
79.584
72.056
79.632
78.344
73.44
73.008
82.52
73.44
72.92
80.256
80.304
74.112
79.064
74.16
72.392
84.096
74.064
79.016
37.064
79.968
74.016
72.728
31.824
79.016
74.352
73.064
73.92
83.192
73.968
73.16
79.688
73.496
79.4
80.592
73.304
74.4
74.736
74.544
72.584
74.16
78.872
80.448
74.016
71.528
74.064
70.952
72.768
77.528
78.864
71.576
72.672
71.384
82.952
84.048
37.064
31.728
83.432
72.344
72.392
79.248
72.44
83.528
73.584
72.392
31.776
37.16
31.824
80.352
74.16
72.824
37.112
79.968
79.64
85.056
73.448
80.304
79.976
80.024
73.4
74.784
31.872
73.064
74.88
31.968
79.4
31.776
73.208
81.504
74.832
73.304
74.4
73.16
37.208
74.544
79.976
37.544
74.64
74.072
73.496
81.072
85.68
84.392
81.408
37.16
74.976
73.688
79.976
74.832
31.92
74.072
85.728
74.12
73.496
75.312
73.832
75.216
73.208
79.736
81.072
79.592
74.688
73.4
73.448
74.592
31.776
81.504
73.544
75.312
85.92
85.968
37.016
75.456
73.064
81.504
74.64
78.152
74.448
71.96
80.736
71.768
37.016
73.392
73.104
77.336
73.152
71.144
72.24
77.432
78.768
72.096
71.816
72.768
83.856
72.008
79.152
83.144
84.24
72.392
73.248
78.92
72.248
79.584
72.872
79.208
84.624
37.016
80.352
83.864
31.728
80.736
72.68
73.824
72.776
83.864
80.4
73.16
74.016
79.688
73.016
31.776
73.064
31.824
73.112
80.832
72.728
31.968
37.016
74.208
37.016
78.584
74.064
80.352
73.68
31.776
79.688
85.344
37.256
74.112
73.784
85.68
73.592
80.928
80.12
86.016
81.072
79.544
37.352
31.728
73.64
74.976
37.448
81.024
73.304
81.168
73.4
31.776
74.784
37.112
81.072
73.4
74.64
37.208
79.976
80.736
73.304
72.536
78.824
80.688
72.44
74.256
79.064
79.92
78.872
84.2
73.776
80.304
79.496
83.96
74.256
72.488
73.872
72.824
73.44
72.872
84.2
73.208
80.064
79.544
31.776
74.304
73.256
73.064
74.4
37.112
80.928
37.16
80.976
79.448
80.88
79.352
74.448
80.784
73.016
74.352
73.064
72.632
85.728
74.256
72.056
83.864
71.912
73.488
71.96
80.016
83.576
71.96
73.056
72.296
73.152
37.304
79.44
31.728
78.92
79.776
72.968
72.776
79.872
73.92
73.16
79.448
79.496
31.776
74.304
79.592
84.912
79.928
74.592
80.312
74.928
73.64
31.776
73.688
74.784
85.152
73.4
79.688
74.784
81.072
73.064
75.12
74.544
79.256
84.104
74.4
73.352
74.208
37.16
74.256
80.168
73.256
73.064
79.352
73.16
74.736
37.016
79.352
74.256
72.728
80.784
79.256
74.352
80.208
72.92
74.112
84.344
80.64
37.112
37.16
80.496
31.824
74.832
80.16
37.016
85.488
37.064
74.016
78.488
80.544
78.056
74.112
80.16
78.392
85.008
78.44
71.768
37.064
73.152
77.432
82.808
72.864
78.672
71.144
77.672
72.528
71.768
72.624
71.816
84.288
73.152
84.48
71.192
73.248
77.72
79.776
71.528
73.344
71.576
73.152
71.144
70.952
37.016
82.664
71.672
78.768
71.72
78.816
78.008
72.624
72.056
71.864
71.24
31.728
73.2
84.576
79.344
78.536
84.912
84.104
73.2
85.008
72.2
32.016
80.304
72.296
31.872
73.44
37.016
73.536
78.968
79.872
79.064
31.92
73.112
74.208
85.536
72.968
32.064
73.016
74.352
79.304
74.448
37.016
31.728
74.64
74.448
79.16
73.776
80.064
85.392
73.92
78.152
31.968
37.16
80.496
72.008
85.584
71.576
73.632
83
78.008
79.104
72.912
72.104
72.72
78.392
72.44
73.344
72.296
37.016
84.576
72.968
84.912
73.064
73.92
80.208
79.16
79.208
74.304
73.016
79.304
74.4
73.352
79.688
79.544
31.728
73.64
74.976
74.784
84.056
85.2
74.36
81.456
74.168
73.736
31.776
75.504
73.832
81.792
73.928
73.976
75.072
74.024
75.168
73.928
73.784
31.824
81.552
73.88
75.36
31.968
81.936
75.12
73.832
73.88
81.456
73.448
75.504
79.976
75.072
31.92
73.352
31.968
72.92
75.072
31.92
37.208
74.256
72.728
80.544
74.352
72.344
80.88
74.208
73.824
37.352
72.824
73.68
72.632
73.728
73.776
85.344
79.016
72.344
78.872
31.728
78.92
80.736
74.064
37.064
79.112
72.68
79.208
74.016
78.776
73.824
84.008
73.824
37.256
73.872
73.92
73.968
74.064
73.632
72.344
73.44
37.112
73.488
72.44
79.776
72.488
73.584
72.104
79.92
37.112
73.344
83.816
79.064
73.2
72.872
85.008
80.016
72.968
84.104
79.352
80.688
73.208
74.064
79.304
74.688
81.024
73.064
74.4
73.728
80.016
85.584
72.776
85.68
72.872
74.208
72.68
80.496
72.728
80.352
84.392
74.064
80.352
72.632
74.208
72.68
74.016
72.488
74.064
85.632
78.2
73.824
83.576
73.392
73.44
71.96
73.296
79.392
73.2
78.152
73.056
83.528
84.624
72.536
73.152
83.624
71.912
73.488
78.056
78.392
73.008
72.44
73.056
72.488
73.392
78.824
73.584
79.064
73.92
73.728
80.256
83.528
73.824
73.016
73.92
73.112
73.968
78.968
74.352
79.304
80.208
79.16
83.768
74.064
72.296
78.584
74.4
83.912
71.528
83.336
78.344
71.912
84.528
71.96
72.008
83.096
79.152
78.104
72.96
78.152
79.488
73.056
79.344
83.336
72.392
73.248
72.2
73.296
72.248
73.632
83.24
73.584
71.576
79.632
71.144
73.2
71.48
73.056
82.808
78.96
83.192
77.96
83.288
72.624
72.432
83.144
77.912
77.24
84.384
77.144
77
84.096
78.624
75.896
78.344
84
76.712
83.376
