24.44
24.608
24.776
24.944
25.112
25.28
25.448
25.616
25.784
25.952
26.12
26.288
26.456
26.624
26.792
26.96
27.128
27.296
27.464
27.632
27.8
27.968
28.136
28.304
28.472
28.64
28.808
28.976
29.144
29.312
29.48
29.648
29.816
29.984
30.152
30.32
30.488
30.656
30.824
30.992
31.16
31.328
31.496
31.664
31.832
32
32.168
32.336
32.504
32.672
32.84
33.008
33.176
33.344
33.512
33.68
33.848
34.016
34.184
34.352
34.52
34.688
34.856
35.024
35.192
35.36
35.528
35.696
35.864
36.032
36.2
36.368
36.536
36.704
36.872
37.04
37.208
37.376
37.544
37.712
37.88
38.048
38.216
38.384
38.552
38.72
38.888
39.056
39.224
39.392
39.56
39.728
39.896
40.064
40.232
40.4
40.568
40.736
40.904
41.072
41.24
41.408
41.576
41.744
41.912
42.08
42.248
42.416
42.584
42.752
42.92
43.088
43.256
43.424
43.592
43.76
43.928
44.096
44.264
44.432
44.6
44.768
44.936
45.104
45.272
45.44
45.608
45.776
45.944
46.112
46.28
46.448
46.616
46.784
46.952
47.12
47.288
47.456
47.624
47.792
47.96
48.128
48.296
48.464
48.632
48.8
48.968
49.136
49.304
49.472
49.64
49.808
49.976
50.144
50.312
50.48
50.648
50.816
50.984
51.152
51.32
51.488
51.656
51.824
51.992
52.16
52.328
52.496
52.664
52.832
53
53.168
53.336
53.504
53.672
53.84
54.008
54.176
54.344
54.512
54.68
54.848
55.016
55.184
55.352
55.52
55.688
55.856
56.024
56.192
56.36
56.528
56.696
56.864
57.032
57.2
57.368
57.536
57.704
57.872
58.04
58.208
58.376
58.544
58.712
58.88
59.048
59.216
59.384
59.552
59.72
59.888
60.056
60.224
60.392
60.56
60.728
60.896
61.064
61.232
61.4
61.568
61.736
61.904
62.072
62.24
62.408
62.576
62.744
62.912
63.08
63.248
63.416
63.584
63.752
63.92
64.088
64.256
64.424
64.592
64.76
64.928
65.096
65.264
65.432
65.6
65.768
65.936
66.104
66.272
66.44
66.608
66.776
66.944
67.112
67.28
67.448
67.616
67.784
67.952
68.12
68.288
68.456
68.624
68.792
68.96
69.128
69.296
69.464
69.632
69.8
69.968
70.136
70.304
70.472
70.64
70.808
70.976
71.144
71.312
71.48
71.648
71.816
71.984
72.152
72.32
72.488
72.656
72.824
72.992
73.16
73.328
73.496
73.664
73.832
74
74.168
74.336
74.504
74.672
74.84
75.008
75.176
75.344
75.512
75.68
75.848
76.016
76.184
76.352
76.52
76.688
76.856
77.024
77.192
77.36
77.528
77.696
77.864
78.032
78.2
78.368
78.536
78.704
78.872
79.04
79.208
79.376
79.544
79.712
79.88
80.048
80.216
80.384
80.552
80.72
80.888
81.056
81.224
81.392
81.56
81.728
81.896
82.064
82.232
82.4
82.568
82.736
82.904
83.072
83.24
83.408
83.576
83.744
83.912
84.08
84.248
84.416
84.584
84.752
84.92
85.088
85.256
85.424
85.592
85.76
85.928
86.096
86.264
86.432
86.6
86.768
86.936
87.104
87.272
87.44
87.608
87.776
87.944
88.112
88.28
88.448
88.616
88.784
88.952
89.12
89.288
89.456
89.624
89.792
89.96
90.128
90.296
90.464
90.632
90.8
90.968
91.136
91.304
91.472
91.64
91.808
91.976
92.144
92.312
92.48
92.648
92.816
92.984
93.152
93.32
93.488
93.656
93.824
93.992
94.16
94.328
94.496
94.664
94.832
95
95.168
95.336
95.504
95.672
95.84
96.008
96.176
96.344
96.512
96.68
96.848
97.016
97.184
97.352
97.52
97.688
97.856
98.024
98.192
98.36
98.528
98.696
98.864
99.032
99.2
99.368
99.536
99.704
99.872
100.04
100.208
100.376
100.544
100.712
100.88
101.048
101.216
101.384
101.552
101.72
101.888
102.056
102.224
102.392
102.56
102.728
102.896
103.064
103.232
103.4
103.568
103.736
103.904
104.072
104.24
104.408
104.576
104.744
104.912
105.08
105.248
105.416
105.584
105.752
105.92
106.088
106.256
106.424
106.592
106.76
106.928
107.096
107.264
107.432
107.6
107.768
107.936
108.104
108.272
108.44
108.608
108.776
108.944
109.112
109.28
109.448
109.616
109.784
109.952
110.12
110.288
110.456
110.624
110.792
110.96
111.128
111.296
111.464
111.632
111.8
111.968
112.136
112.304
112.472
112.64
112.808
112.976
113.144
113.312
113.48
113.648
113.816
113.984
114.152
114.32
114.488
114.656
114.824
114.992
115.16
115.328
115.496
115.664
115.832
116
116.168
116.336
116.504
116.672
116.84
117.008
117.176
117.344
117.512
117.68
117.848
118.016
118.184
118.352
118.52
118.688
118.856
119.024
119.192
119.36
119.528
119.696
119.864
120.032
120.2
120.368
120.536
120.704
120.872
121.04
121.208
121.376
121.544
121.712
121.88
122.048
122.216
122.384
122.552
122.72
122.888
123.056
123.224
123.392
123.56
123.728
123.896
124.064
124.232
124.4
124.568
124.736
124.904
125.072
125.24
125.408
125.576
125.744
125.912
126.08
126.248
126.416
126.584
126.752
126.92
127.088
127.256
127.424
127.592
127.76
127.928
128.096
128.264
128.432
128.6
128.768
128.936
129.104
129.272
129.44
129.608
129.776
129.944
130.112
130.28
130.448
130.616
130.784
130.952
131.12
131.288
131.456
131.624
131.792
131.96
132.128
132.296
132.464
132.632
132.8
132.968
133.136
133.304
133.472
133.64
133.808
133.976
134.144
134.312
134.48
134.648
134.816
134.984
135.152
135.32
135.488
135.656
135.824
135.992
136.16
136.328
136.496
136.664
136.832
137
137.168
137.336
137.504
137.672
137.84
138.008
138.176
138.344
138.512
138.68
138.848
139.016
139.184
139.352
139.52
139.688
139.856
140.024
140.192
140.36
140.528
140.696
140.864
141.032
141.2
141.368
141.536
141.704
141.872
142.04
142.208
142.376
142.544
142.712
142.88
143.048
143.216
143.384
143.552
143.72
143.888
144.056
144.224
144.392
144.56
144.728
144.896
145.064
145.232
145.4
145.568
145.736
145.904
146.072
146.24
146.408
146.576
146.744
146.912
147.08
147.248
147.416
147.584
147.752
147.92
148.088
148.256
148.424
148.592
148.76
148.928
149.096
149.264
149.432
149.6
149.768
149.936
150.104
150.272
150.44
150.608
150.776
150.944
151.112
151.28
151.448
151.616
151.784
151.952
152.12
152.288
152.456
152.624
152.792
152.96
153.128
153.296
153.464
153.632
153.8
153.968
154.136
154.304
154.472
154.64
154.808
154.976
155.144
155.312
155.48
155.648
155.816
155.984
156.152
156.32
156.488
156.656
156.824
156.992
157.16
157.328
157.496
157.664
157.832
158
158.168
158.336
158.504
158.672
158.84
159.008
159.176
159.344
159.512
159.68
159.848
160.016
160.184
160.352
160.52
160.688
160.856
161.024
161.192
161.36
161.528
161.696
161.864
162.032
162.2
162.368
162.536
162.704
162.872
163.04
163.208
163.376
163.544
163.712
163.88
164.048
164.216
164.384
164.552
164.72
164.888
165.056
165.224
165.392
165.56
165.728
165.896
166.064
166.232
166.4
166.568
166.736
166.904
167.072
167.24
167.408
167.576
167.744
167.912
168.08
168.248
168.416
168.584
168.752
168.92
169.088
169.256
169.424
169.592
169.76
169.928
170.096
170.264
170.432
170.6
170.768
170.936
171.104
171.272
171.44
171.608
171.776
171.944
172.112
172.28
172.448
172.616
172.784
172.952
173.12
173.288
173.456
173.624
173.792
173.96
174.128
174.296
174.464
174.632
174.8
174.968
175.136
175.304
175.472
175.64
175.808
175.976
176.144
176.312
176.48
176.648
176.816
176.984
177.152
177.32
177.488
177.656
177.824
177.992
178.16
178.328
178.496
178.664
178.832
179
179.168
179.336
179.504
179.672
179.84
180.008
180.176
180.344
180.512
180.68
180.848
181.016
181.184
181.352
181.52
181.688
181.856
182.024
182.192
182.36
182.528
182.696
182.864
183.032
183.2
183.368
183.536
183.704
183.872
184.04
184.208
184.376
184.544
184.712
184.88
185.048
185.216
185.384
185.552
185.72
185.888
186.056
186.224
186.392
186.56
186.728
186.896
187.064
187.232
187.4
187.568
187.736
187.904
188.072
188.24
188.408
188.576
188.744
188.912
189.08
189.248
189.416
189.584
189.752
189.92
190.088
190.256
190.424
190.592
190.76
190.928
191.096
191.264
191.432
191.6
191.768
191.936
192.104
192.272
192.44
192.608
192.776
192.944
193.112
193.28
193.448
193.616
193.784
193.952
194.12
194.288
194.456
194.624
194.792
194.96
195.128
195.296
195.464
195.632
195.8
195.968
196.136
196.304
196.472
196.64
196.808
196.976
197.144
197.312
197.48
197.648
197.816
197.984
198.152
198.32
198.488
198.656
198.824
198.992
199.16
199.328
199.496
199.664
199.832
200
200.168
200.336
200.504
200.672
200.84
201.008
201.176
201.344
201.512
201.68
201.848
202.016
202.184
202.352
202.52
202.688
202.856
203.024
203.192
203.36
203.528
203.696
203.864
204.032
204.2
204.368
204.536
204.704
204.872
205.04
205.208
205.376
205.544
205.712
205.88
206.048
206.216
206.384
206.552
206.72
206.888
207.056
207.224
207.392
207.56
207.728
207.896
208.064
208.232
208.4
208.568
208.736
208.904
209.072
209.24
209.408
209.576
209.744
209.912
210.08
210.248
210.416
210.584
210.752
210.92
211.088
211.256
211.424
211.592
211.76
211.928
212.096
212.264
212.432
212.6
212.768
212.936
213.104
213.272
213.44
213.608
213.776
213.944
214.112
214.28
214.448
214.616
214.784
214.952
215.12
215.288
215.456
215.624
215.792
215.96
216.128
216.296
216.464
216.632
216.8
216.968
217.136
217.304
217.472
217.64
217.808
217.976
218.144
218.312
218.48
218.648
218.816
218.984
219.152
219.32
219.488
219.656
219.824
219.992
220.16
220.328
220.496
220.664
220.832
221
221.168
221.336
221.504
221.672
221.84
222.008
222.176
222.344
222.512
222.68
222.848
223.016
223.184
223.352
223.52
223.688
223.856
224.024
224.192
224.36
224.528
224.696
224.864
225.032
225.2
225.368
225.536
225.704
225.872
226.04
226.208
226.376
226.544
226.712
226.88
227.048
227.216
227.384
227.552
227.72
227.888
228.056
228.224
228.392
228.56
228.728
228.896
229.064
229.232
229.4
229.568
229.736
229.904
230.072
230.24
230.408
230.576
230.744
230.912
231.08
231.248
231.416
231.584
231.752
231.92
232.088
232.256
232.424
232.592
232.76
232.928
233.096
233.264
233.432
233.6
233.768
233.936
234.104
234.272
234.44
234.608
234.776
234.944
235.112
235.28
235.448
235.616
235.784
235.952
236.12
236.288
236.456
236.624
236.792
236.96
237.128
237.296
237.464
237.632
237.8
237.968
238.136
238.304
238.472
238.64
238.808
238.976
239.144
239.312
239.48
239.648
239.816
239.984
240.152
240.32
240.488
240.656
240.824
240.992
241.16
241.328
241.496
241.664
241.832
242
242.168
242.336
242.504
242.672
242.84
243.008
243.176
243.344
243.512
243.68
243.848
244.016
244.184
244.352
244.52
244.688
244.856
245.024
245.192
245.36
245.528
245.696
245.864
246.032
246.2
246.368
246.536
246.704
246.872
247.04
247.208
247.376
247.544
247.712
247.88
248.048
248.216
248.384
248.552
248.72
248.888
249.056
249.224
249.392
249.56
249.728
249.896
250.064
250.232
250.4
250.568
250.736
250.904
251.072
251.24
251.408
251.576
251.744
251.912
252.08
252.248
252.416
252.584
252.752
252.92
253.088
253.256
253.424
253.592
253.76
253.928
254.096
254.264
254.432
254.6
254.768
254.936
255.104
255.272
255.44
255.608
255.776
255.944
256.112
256.28
256.448
256.616
256.784
256.952
257.12
257.288
257.456
257.624
257.792
257.96
258.128
258.296
258.464
258.632
258.8
258.968
259.136
259.304
259.472
259.64
259.808
259.976
260.144
260.312
260.48
260.648
260.816
260.984
261.152
261.32
261.488
261.656
261.824
261.992
262.16
262.328
262.496
262.664
262.832
263
263.168
263.336
263.504
263.672
263.84
264.008
264.176
264.344
264.512
264.68
264.848
265.016
265.184
265.352
265.52
265.688
265.856
266.024
266.192
266.36
266.528
266.696
266.864
267.032
267.2
267.368
267.536
267.704
267.872
268.04
268.208
268.376
268.544
268.712
268.88
269.048
269.216
269.384
269.552
269.72
269.888
270.056
270.224
270.392
270.56
270.728
270.896
271.064
271.232
271.4
271.568
271.736
271.904
272.072
272.24
272.408
272.576
272.744
272.912
273.08
273.248
273.416
273.584
273.752
273.92
274.088
274.256
274.424
274.592
274.76
274.928
275.096
275.264
275.432
275.6
275.768
275.936
276.104
276.272
276.44
276.608
276.776
276.944
277.112
277.28
277.448
277.616
277.784
277.952
278.12
278.288
278.456
278.624
278.792
278.96
279.128
279.296
279.464
279.632
279.8
279.968
280.136
280.304
280.472
280.64
280.808
280.976
281.144
281.312
281.48
281.648
281.816
281.984
282.152
282.32
282.488
282.656
282.824
282.992
283.16
283.328
283.496
283.664
283.832
284
284.168
284.336
284.504
284.672
284.84
285.008
285.176
285.344
285.512
285.68
285.848
286.016
286.184
286.352
286.52
286.688
286.856
287.024
287.192
287.36
287.528
287.696
287.864
288.032
288.2
288.368
288.536
288.704
288.872
289.04
289.208
289.376
289.544
289.712
289.88
290.048
290.216
290.384
290.552
290.72
290.888
291.056
291.224
291.392
291.56
291.728
291.896
292.064
292.232
292.4
292.568
292.736
292.904
293.072
293.24
293.408
293.576
293.744
293.912
294.08
294.248
294.416
294.584
294.752
294.92
295.088
295.256
295.424
295.592
295.76
295.928
296.096
296.264
296.432
296.6
296.768
296.936
297.104
297.272
297.44
297.608
297.776
297.944
298.112
298.28
298.448
298.616
298.784
298.952
299.12
299.288
299.456
299.624
299.792
299.96
300.128
300.296
300.464
300.632
300.8
300.968
301.136
301.304
301.472
301.64
301.808
301.976
302.144
302.312
302.48
302.648
302.816
302.984
303.152
303.32
303.488
303.656
303.824
303.992
304.16
304.328
304.496
304.664
304.832
305
305.168
305.336
305.504
305.672
305.84
306.008
306.176
306.344
306.512
306.68
306.848
307.016
307.184
307.352
307.52
307.688
307.856
308.024
308.192
308.36
308.528
308.696
308.864
309.032
309.2
309.368
309.536
309.704
309.872
310.04
310.208
310.376
310.544
310.712
310.88
311.048
311.216
311.384
311.552
311.72
311.888
312.056
312.224
312.392
312.56
312.728
312.896
313.064
313.232
313.4
313.568
313.736
313.904
314.072
314.24
314.408
314.576
314.744
314.912
315.08
315.248
315.416
315.584
315.752
315.92
316.088
316.256
316.424
316.592
316.76
316.928
317.096
317.264
317.432
317.6
317.768
317.936
318.104
318.272
318.44
318.608
318.776
318.944
319.112
319.28
319.448
319.616
319.784
319.952
320.12
320.288
320.456
320.624
320.792
320.96
321.128
321.296
321.464
321.632
321.8
321.968
322.136
322.304
322.472
322.64
322.808
322.976
323.144
323.312
323.48
323.648
323.816
323.984
324.152
324.32
324.488
324.656
324.824
324.992
325.16
325.328
325.496
325.664
325.832
326
326.168
326.336
326.504
326.672
326.84
327.008
327.176
327.344
327.512
327.68
327.848
328.016
328.184
328.352
328.52
328.688
328.856
329.024
329.192
329.36
329.528
329.696
329.864
330.032
330.2
330.368
330.536
330.704
330.872
331.04
331.208
331.376
331.544
331.712
331.88
332.048
332.216
332.384
332.552
332.72
332.888
333.056
333.224
333.392
333.56
333.728
333.896
334.064
334.232
334.4
334.568
334.736
334.904
335.072
335.24
335.408
335.576
335.744
335.912
336.08
336.248
336.416
336.584
336.752
336.92
337.088
337.256
337.424
337.592
337.76
337.928
338.096
338.264
338.432
338.6
338.768
338.936
339.104
339.272
339.44
339.608
339.776
339.944
340.112
340.28
340.448
340.616
340.784
340.952
341.12
341.168
341.216
341.144
341.192
341.12
341.168
341.216
341.144
341.192
341.12
341.168
341.216
341.144
341.192
341.12
341.168
341.216
341.144
341.192
341.12
341.168
341.216
341.144
341.192
341.12
341.168
341.216
341.144
341.192
341.12
341.168
341.216
341.144
341.192
341.12
341.168
341.216
341.144
341.192
341.12
341.168
341.216
341.144
341.192
341.12
341.168
341.216
341.144
341.192
341.12
341.168
341.216
341.144
341.192
341.12
341.168
341.216
341.144
341.192
341.12
341.168
341.216
341.144
341.192
341.12
341.168
341.216
341.144
341.192
341.12
341.168
341.216
341.144
341.192
341.12
341.168
341.216
341.144
341.192
341.12
341.168
341.216
341.144
341.192
341.12
341.168
341.216
341.144
341.192
341.12
341.168
341.216
341.144
341.192
341.12
341.168
341.216
341.144
341.192
341.12
341.168
341.216
341.144
341.192
341.12
341.168
341.216
341.144
341.192
341.12
341.168
341.216
341.144
341.192
341.12
341.168
341.216
341.144
341.192
341.12
341.168
341.216
341.144
341.192
341.12
341.168
341.216
341.144
341.192
341.12
341.168
341.216
341.144
341.192
341.12
341.168
341.216
341.144
341.192
341.12
341.168
341.216
341.144
341.192
341.12
341.168
341.216
341.144
341.192
341.12
341.168
341.216
341.144
341.192
341.12
341.168
341.216
341.144
341.192
341.12
341.168
341.216
341.144
341.192
341.12
341.168
341.216
341.144
341.192
341.12
341.168
341.216
341.144
341.192
341.12
341.168
341.216
341.144
341.192
341.12
341.168
341.216
341.144
341.192
341.12
341.168
341.216
341.144
341.192
341.12
341.168
341.216
341.144
341.192
341.12
341.168
341.216
341.144
341.192
341.12
341.168
341.216
341.144
341.192
341.12
341.168
341.216
341.144
341.192
341.12
341.168
341.216
341.144
341.192
341.12
341.168
341.216
341.144
341.192
341.12
341.168
341.216
341.144
341.192
341.12
341.168
341.216
341.144
341.192
341.12
341.168
341.216
341.144
341.192
341.12
341.168
341.216
341.144
341.192
341.12
341.168
341.216
341.144
341.192
341.12
341.168
341.216
341.144
341.192
341.12
341.168
341.216
341.144
341.192
341.12
341.168
341.216
341.144
341.192
341.12
341.168
341.216
341.144
341.192
341.12
341.168
341.216
341.144
341.192
341.12
341.168
341.216
341.144
341.192
341.12
341.168
341.216
341.144
341.192
341.12
341.168
341.216
341.144
341.192
341.12
341.168
341.216
341.144
341.192
341.12
341.168
341.216
341.144
341.192
341.12
341.168
341.216
341.144
341.192
341.12
341.168
341.216
341.144
341.192
341.12
341.168
341.216
341.144
341.192
341.12
341.168
341.216
341.144
341.192
341.12
341.168
341.216
341.144
341.192
341.12
341.168
341.216
341.144
341.192
341.12
341.168
341.216
341.144
341.192
341.12
341.168
341.216
341.144
341.192
341.12
341.168
341.216
341.144
341.192
341.12
341.168
341.216
341.144
341.192
341.12
341.168
341.216
341.144
341.192
341.12
341.168
341.216
341.144
341.192
341.12
341.168
341.216
341.144
341.192
341.12
341.168
341.216
341.144
341.192
341.12
341.168
341.216
341.144
341.192
341.12
341.168
341.216
341.144
341.192
341.12
341.168
341.216
341.144
341.192
341.12
341.168
341.216
341.144
341.192
341.12
341.168
341.216
341.144
341.192
341.12
341.168
341.216
341.144
341.192
341.12
341.168
341.216
341.144
341.192
341.12
341.168
341.216
341.144
341.192
341.12
341.168
341.216
341.144
341.192
341.12
341.168
341.216
341.144
341.192
341.12
341.168
341.216
341.144
341.192
341.12
341.168
341.216
341.144
341.192
341.12
341.168
341.216
341.144
341.192
341.12
341.168
341.216
341.144
341.192
341.12
341.168
341.216
341.144
341.192
341.12
341.168
341.216
341.144
341.192
341.12
341.168
341.216
341.144
341.192
341.12
341.168
341.216
341.144
341.192
341.12
341.168
341.216
341.144
341.192
341.12
341.168
341.216
341.144
341.192
341.12
341.168
341.216
341.144
341.192
341.12
341.168
341.216
341.144
341.192
341.12
341.168
341.216
341.144
341.192
341.12
341.168
341.216
341.144
341.192
341.12
341.168
341.216
341.144
341.192
341.12
341.168
341.216
341.144
341.192
341.12
341.168
341.216
341.144
341.192
341.12
341.168
341.216
341.144
341.192
341.12
341.168
341.216
341.144
341.192
341.12
341.168
341.216
341.144
341.192
341.12
341.168
341.216
341.144
341.192
341.12
341.168
341.216
341.144
341.192
341.12
341.168
341.216
341.144
341.192
341.12
341.168
341.216
341.144
341.192
341.12
341.168
341.216
341.144
341.192
341.12
341.168
341.216
341.144
341.192
341.12
341.168
341.216
341.144
341.192
341.12
341.168
341.216
341.144
341.192
341.12
341.168
341.216
341.144
341.192
341.12
341.168
341.216
341.144
341.192
341.12
341.168
341.216
341.144
341.192
341.12
341.168
341.216
341.144
341.192
341.12
341.168
341.216
341.144
341.192
341.12
341.168
341.216
341.144
341.192
341.12
341.168
341.216
341.144
341.192
341.12
341.168
341.216
341.144
341.192
341.12
341.168
341.216
341.144
341.192
341.12
341.168
341.216
341.144
341.192
341.12
341.168
341.216
341.144
341.192
341.12
341.168
341.216
341.144
341.192
341.12
341.168
341.216
341.144
341.192
341.12
341.168
341.216
341.144
341.192
341.12
341.168
341.216
341.144
341.192
341.12
341.168
341.216
341.144
341.192
341.12
341.168
341.216
341.144
341.192
341.12
341.168
341.216
341.144
341.192
341.12
341.168
341.216
341.144
341.192
341.12
341.168
341.216
341.144
341.192
341.12
341.168
341.216
341.144
341.192
341.12
341.168
341.216
341.144
341.192
341.12
341.168
341.216
341.144
341.192
341.12
341.168
341.216
341.144
341.192
341.12
341.168
341.216
341.144
341.192
341.12
341.168
341.216
341.144
341.192
341.12
341.168
341.216
341.144
341.192
341.12
341.168
341.216
341.144
341.192
341.12
341.168
341.216
341.144
341.192
341.12
341.168
341.216
341.144
341.192
341.12
341.168
341.216
341.144
341.192
341.12
341.168
341.216
341.144
341.192
341.12
341.168
341.216
341.144
341.192
341.12
341.168
341.216
341.144
341.192
341.12
341.168
341.216
341.144
341.192
341.12
341.168
341.216
341.144
341.192
341.12
341.168
341.216
341.144
341.192
341.12
341.168
341.216
341.144
341.192
341.12
341.168
341.216
341.144
341.192
341.12
341.168
341.216
341.144
341.192
341.12
341.168
341.216
341.144
341.192
341.12
341.168
341.216
341.144
341.192
341.12
341.168
341.216
341.144
341.192
341.12
341.168
341.216
341.144
341.192
341.12
341.168
341.216
341.144
341.192
341.12
341.168
341.216
341.144
341.192
341.12
341.168
341.216
341.144
341.192
341.12
341.168
341.216
341.144
341.192
341.12
341.168
341.216
341.144
341.192
341.12
341.168
341.216
341.144
341.192
341.12
341.168
341.216
341.144
341.192
341.12
341.168
341.216
341.144
341.192
341.12
341.168
341.216
341.144
341.192
341.12
341.168
341.216
341.144
341.192
341.12
341.168
341.216
341.144
341.192
341.12
341.168
341.216
341.144
341.192
341.12
341.168
341.216
341.144
341.192
341.12
341.168
341.216
341.144
341.192
341.12
341.168
341.216
341.144
341.192
341.12
341.168
341.216
341.144
341.192
341.12
341.168
341.216
341.144
341.192
341.12
341.168
341.216
341.144
341.192
341.12
341.168
341.216
341.144
341.192
341.12
341.168
341.216
341.144
341.192
341.12
341.168
341.216
341.144
341.192
341.12
341.168
341.216
341.144
341.192
341.12
341.168
341.216
341.144
341.192
341.12
341.168
341.216
341.144
341.192
341.12
341.168
341.216
341.144
341.192
341.12
341.168
341.216
341.144
341.192
341.12
341.168
341.216
341.144
341.192
341.12
341.168
341.216
341.144
341.192
341.12
341.168
341.216
341.144
341.192
341.12
341.168
341.216
341.144
341.192
341.12
341.168
341.216
341.144
341.192
341.12
341.168
341.216
341.144
341.192
341.12
341.168
341.216
341.144
341.192
341.12
341.168
341.216
341.144
341.192
341.12
341.168
341.216
341.144
341.192
341.12
341.168
341.216
341.144
341.192
341.12
341.168
341.216
341.144
341.192
341.12
341.168
341.216
341.144
341.192
341.12
341.168
341.216
341.144
341.192
341.12
341.168
341.216
341.144
341.192
341.12
341.168
341.216
341.144
341.192
341.12
341.168
341.216
341.144
341.192
341.12
341.168
341.216
341.144
341.192
341.12
341.168
341.216
341.144
341.192
341.12
341.168
341.216
341.144
341.192
341.12
341.168
341.216
341.144
341.192
341.12
341.168
341.216
341.144
341.192
341.12
341.168
341.216
341.144
341.192
341.12
341.168
341.216
341.144
341.192
341.12
341.168
341.216
341.144
341.192
341.12
341.168
341.216
341.144
341.192
341.12
341.168
341.216
341.144
341.192
341.12
341.168
341.216
341.144
341.192
341.12
341.168
341.216
341.144
341.192
341.12
341.168
341.216
341.144
341.192
341.12
341.168
341.216
341.144
341.192
341.12
341.168
341.216
341.144
341.192
341.12
341.168
341.216
341.144
341.192
341.12
341.168
341.216
341.144
341.192
341.12
341.168
341.216
341.144
341.192
341.12
341.168
341.216
341.144
341.192
341.12
341.168
341.216
341.144
341.192
341.12
341.168
341.216
341.144
341.192
341.12
341.168
341.216
341.144
341.192
341.12
341.168
341.216
341.144
341.192
341.12
341.168
341.216
341.144
341.192
341.12
341.168
341.216
341.144
341.192
341.12
341.168
341.216
341.144
341.192
341.12
341.168
341.216
341.144
341.192
341.12
341.168
341.216
341.144
341.192
341.12
341.168
341.216
341.144
341.192
341.12
341.168
341.216
341.144
341.192
341.12
341.168
341.216
341.144
341.192
341.12
341.168
341.216
341.144
341.192
341.12
341.168
341.216
341.144
341.192
341.12
341.168
341.216
341.144
341.192
341.12
341.168
341.216
341.144
341.192
341.12
341.168
341.216
341.144
341.192
341.12
341.168
341.216
341.144
341.192
341.12
341.168
341.216
341.144
341.192
341.12
341.168
341.216
341.144
341.192
341.12
341.168
341.216
341.144
341.192
341.12
341.168
341.216
341.144
341.192
341.12
341.168
341.216
341.144
341.192
341.12
341.168
341.216
341.144
341.192
341.12
341.168
341.216
341.144
341.192
341.12
341.168
341.216
341.144
341.192
341.12
341.168
341.216
341.144
341.192
341.12
341.168
341.216
341.144
341.192
341.12
341.168
341.216
341.144
341.192
341.12
341.168
341.216
341.144
341.192
341.12
341.168
341.216
341.144
341.192
341.12
341.168
341.216
341.144
341.192
341.12
341.168
341.216
341.144
341.192
341.12
341.168
341.216
341.144
341.192
341.12
341.168
341.216
341.144
341.192
341.12
341.168
341.216
341.144
341.192
341.12
341.168
341.216
341.144
341.192
341.12
341.168
341.216
341.144
341.192
341.12
341.168
341.216
341.144
341.192
341.12
341.168
341.216
341.144
341.192
341.12
341.168
341.216
341.144
341.192
341.12
341.168
341.216
341.144
341.192
341.12
341.168
341.216
341.144
341.192
341.12
341.168
341.216
341.144
341.192
341.12
341.168
341.216
341.144
341.192
341.12
341.168
341.216
341.144
341.192
341.12
341.168
341.216
341.144
341.192
341.12
341.168
341.216
341.144
341.192
341.12
341.168
341.216
341.144
341.192
341.12
341.168
341.216
341.144
341.192
341.12
341.168
341.216
341.144
341.192
341.12
341.168
341.216
341.144
341.192
341.12
341.168
341.216
341.144
341.192
341.12
341.168
341.216
341.144
341.192
341.12
341.168
341.216
341.144
341.192
341.12
341.168
341.216
341.144
341.192
341.12
341.168
341.216
341.144
341.192
341.12
341.168
341.216
341.144
341.192
341.12
341.168
341.216
341.144
341.192
341.12
341.168
341.216
341.144
341.192
341.12
341.168
341.216
341.144
341.192
341.12
341.168
341.216
341.144
341.192
341.12
341.168
341.216
341.144
341.192
341.12
341.168
341.216
341.144
341.192
341.12
341.168
341.216
341.144
341.192
341.12
341.168
341.216
341.144
341.192
341.12
341.168
341.216
341.144
341.192
341.12
341.168
341.216
341.144
341.192
341.12
341.168
341.216
341.144
341.192
341.12
341.168
341.216
341.144
341.192
341.12
341.168
341.216
341.144
341.192
341.12
341.168
341.216
341.144
341.192
341.12
341.168
341.216
341.144
341.192
341.12
341.168
341.216
341.144
341.192
341.12
341.168
341.216
341.144
341.192
341.12
341.168
341.216
341.144
341.192
341.12
341.168
341.216
341.144
341.192
341.12
341.168
341.216
341.144
341.192
341.12
341.168
341.216
341.144
341.192
341.12
341.168
341.216
341.144
341.192
341.12
341.168
341.216
341.144
341.192
341.12
341.168
341.216
341.144
341.192
341.12
341.168
341.216
341.144
341.192
341.12
341.168
341.216
341.144
341.192
341.12
341.168
341.216
341.144
341.192
341.12
341.168
341.216
341.144
341.192
341.12
341.168
341.216
341.144
341.192
341.12
341.168
341.216
341.144
341.192
341.12
341.168
341.216
341.144
341.192
341.12
341.168
341.216
341.144
341.192
341.12
341.168
341.216
341.144
341.192
341.12
341.168
341.216
341.144
341.192
341.12
341.168
341.216
341.144
341.192
341.12
341.168
341.216
341.144
341.192
341.12
341.168
341.216
341.144
341.192
341.12
341.168
341.216
341.144
341.192
341.12
341.168
341.216
341.144
341.192
341.12
341.168
341.216
341.144
341.192
341.12
341.168
341.216
341.144
341.192
341.12
341.168
341.216
341.144
341.192
341.12
341.168
341.216
341.144
341.192
341.12
341.168
341.216
341.144
341.192
341.12
341.168
341.216
341.144
341.192
341.12
341.168
341.216
341.144
341.192
341.12
341.168
341.216
341.144
341.192
341.12
341.168
341.216
341.144
341.192
341.12
341.168
341.216
341.144
341.192
341.12
341.168
341.216
341.144
341.192
341.12
341.168
341.216
341.144
341.192
341.12
341.168
341.216
341.144
341.192
341.12
341.168
341.216
341.144
341.192
341.12
341.168
341.216
341.144
341.192
341.12
341.168
341.216
341.144
341.192
341.12
341.168
341.216
341.144
341.192
341.12
341.168
341.216
341.144
341.192
341.12
341.168
341.216
341.144
341.192
341.12
341.168
341.216
341.144
341.192
341.12
341.168
341.216
341.144
341.192
341.12
341.168
341.216
341.144
341.192
341.12
341.168
341.216
341.144
341.192
341.12
341.168
341.216
341.144
341.192
341.12
341.168
341.216
341.144
341.192
341.12
341.168
341.216
341.144
341.192
341.12
341.168
341.216
341.144
341.192
341.12
341.168
341.216
341.144
341.192
341.12
341.168
341.216
341.144
341.192
341.12
341.168
341.216
341.144
341.192
341.12
341.168
341.216
341.144
341.192
341.12
341.168
341.216
341.144
341.192
341.12
341.168
341.216
341.144
341.192
341.12
341.168
341.216
341.144
341.192
341.12
341.168
341.216
341.144
341.192
341.12
341.168
341.216
341.144
341.192
341.12
341.168
341.216
341.144
341.192
341.12
341.168
341.216
341.144
341.192
341.12
341.168
341.216
341.144
341.192
341.12
341.168
341.216
341.144
341.192
341.12
341.168
341.216
341.144
341.192
341.12
341.168
341.216
341.144
341.192
341.12
341.168
341.216
341.144
341.192
341.12
341.168
341.216
341.144
341.192
341.12
341.168
341.216
341.144
341.192
341.12
341.168
341.216
341.144
341.192
341.12
341.168
341.216
341.144
341.192
341.12
341.168
341.216
341.144
341.192
341.12
341.168
341.216
341.144
341.192
341.12
341.168
341.216
341.144
341.192
341.12
341.168
341.216
341.144
341.192
341.12
341.168
341.216
341.144
341.192
341.12
341.168
341.216
341.144
341.192
341.12
341.168
341.216
341.144
341.192
341.12
341.168
341.216
341.144
341.192
341.12
341.168
341.216
341.144
341.192
341.12
341.168
341.216
341.144
341.192
341.12
341.168
341.216
341.144
341.192
341.12
341.168
341.216
341.144
341.192
341.12
341.168
341.216
341.144
341.192
341.12
341.168
341.216
341.144
341.192
341.12
341.168
341.216
341.144
341.192
341.12
341.168
341.216
341.144
341.192
341.12
341.168
341.216
341.144
341.192
341.12
341.168
341.216
341.144
341.192
341.12
341.168
341.216
341.144
341.192
341.12
341.168
341.216
341.144
341.192
341.12
341.168
341.216
341.144
341.192
341.12
341.168
341.216
341.144
341.192
341.12
341.168
341.216
341.144
341.192
341.12
341.168
341.216
341.144
341.192
341.12
341.168
341.216
341.144
341.192
341.12
341.168
341.216
341.144
341.192
341.12
341.168
341.216
341.144
341.192
341.12
341.168
341.216
341.144
341.192
341.12
341.168
341.216
341.144
341.192
341.12
341.168
341.216
341.144
341.192
341.12
341.168
341.216
341.144
341.192
341.12
341.168
341.216
341.144
341.192
341.12
341.168
341.216
341.144
341.192
341.12
341.168
341.216
341.144
341.192
341.12
341.168
341.216
341.144
341.192
341.12
341.168
341.216
341.144
341.192
341.12
341.168
341.216
341.144
341.192
341.12
341.168
341.216
341.144
341.192
341.12
341.168
341.216
341.144
341.192
341.12
341.168
341.216
341.144
341.192
341.12
341.168
341.216
341.144
341.192
341.12
341.168
341.216
341.144
341.192
341.12
341.168
341.216
341.144
341.192
341.12
341.168
341.216
341.144
341.192
341.12
341.168
341.216
341.144
341.192
341.12
341.168
341.216
341.144
341.192
341.12
341.168
341.216
341.144
341.192
341.12
341.168
341.216
341.144
341.192
341.12
341.168
341.216
341.144
341.192
341.12
341.168
341.216
341.144
341.192
341.12
341.168
341.216
341.144
341.192
341.12
341.168
341.216
341.144
341.192
341.12
341.168
341.216
341.144
341.192
341.12
341.168
341.216
341.144
341.192
341.12
341.168
341.216
341.144
341.192
341.12
341.168
341.216
341.144
341.192
341.12
341.168
341.216
341.144
341.192
341.12
341.168
341.216
341.144
341.192
341.12
341.168
341.216
341.144
341.192
341.12
341.168
341.216
341.144
341.192
341.12
341.168
341.216
341.144
341.192
341.12
341.168
341.216
341.144
341.192
341.12
341.168
341.216
341.144
341.192
341.12
341.168
341.216
341.144
341.192
341.12
341.168
341.216
341.144
341.192
341.12
341.168
341.216
341.144
341.192
341.12
341.168
341.216
341.144
341.192
341.12
341.168
341.216
341.144
341.192
341.12
341.168
341.216
341.144
341.192
341.12
341.168
341.216
341.144
341.192
341.12
341.168
341.216
341.144
341.192
341.12
341.168
341.216
341.144
341.192
341.12
341.168
341.216
341.144
341.192
341.12
341.168
341.216
341.144
341.192
341.12
341.168
341.216
341.144
341.192
341.12
341.168
341.216
341.144
341.192
341.12
341.168
341.216
341.144
341.192
341.12
341.168
341.216
341.144
341.192
341.12
341.168
341.216
341.144
341.192
341.12
341.168
341.216
341.144
341.192
341.12
341.168
341.216
341.144
341.192
341.12
341.168
341.216
341.144
341.192
341.12
341.168
341.216
341.144
341.192
341.12
341.168
341.216
341.144
341.192
341.12
341.168
341.216
341.144
341.192
341.12
341.168
341.216
341.144
341.192
341.12
341.168
341.216
341.144
341.192
341.12
341.168
341.216
341.144
341.192
341.12
341.168
341.216
341.144
341.192
341.12
341.168
341.216
341.144
341.192
341.12
341.168
341.216
341.144
341.192
341.12
341.168
341.216
341.144
341.192
341.12
341.168
341.216
341.144
341.192
341.12
341.168
341.216
341.144
341.192
341.12
341.168
341.216
341.144
341.192
341.12
341.168
341.216
341.144
341.192
341.12
341.168
341.216
341.144
341.192
341.12
341.168
341.216
341.144
341.192
341.12
341.168
341.216
341.144
341.192
341.12
341.168
341.216
341.144
341.192
341.12
341.168
341.216
341.144
341.192
341.12
341.168
341.216
341.144
341.192
341.12
341.168
341.216
341.144
341.192
341.12
341.168
341.216
341.144
341.192
341.12
341.168
341.216
341.144
341.192
341.12
341.168
341.216
341.144
341.192
341.12
341.168
341.216
341.144
341.192
341.12
341.168
341.216
341.144
341.192
341.12
341.168
341.216
341.144
341.192
341.12
341.168
341.216
341.144
341.192
341.12
341.168
341.216
341.144
341.192
341.12
341.168
341.216
341.144
341.192
341.12
341.168
341.216
341.144
341.192
341.12
341.168
341.216
341.144
341.192
341.12
341.168
341.216
341.144
341.192
341.12
341.168
341.216
341.144
341.192
341.12
341.168
341.216
341.144
341.192
341.12
341.168
341.216
341.144
341.192
341.12
341.168
341.216
341.144
341.192
341.12
341.168
341.216
341.144
341.192
341.12
341.168
341.216
341.144
341.192
341.12
341.168
341.216
341.144
341.192
341.12
341.168
341.216
341.144
341.192
341.12
341.168
341.216
341.144
341.192
341.12
341.168
341.216
341.144
341.192
341.12
341.168
341.216
341.144
341.192
341.12
341.168
341.216
341.144
341.192
341.12
341.168
341.216
341.144
341.192
341.12
341.168
341.216
341.144
341.192
341.12
341.168
341.216
341.144
341.192
341.12
341.168
341.216
341.144
341.192
341.12
341.168
341.216
341.144
341.192
341.12
341.168
341.216
341.144
341.192
341.12
341.168
341.216
341.144
341.192
341.12
341.168
341.216
341.144
341.192
341.12
341.168
341.216
341.144
341.192
341.12
341.168
341.216
341.144
341.192
341.12
341.168
341.216
341.144
341.192
341.12
341.168
341.216
341.144
341.192
341.12
341.168
341.216
341.144
341.192
341.12
341.168
341.216
341.144
341.192
341.12
341.168
341.216
341.144
341.192
341.12
341.168
341.216
341.144
341.192
341.12
341.168
341.216
341.144
341.192
341.12
341.168
341.216
341.144
341.192
341.12
341.168
341.216
341.144
341.192
341.12
341.168
341.216
341.144
341.192
341.12
341.168
341.216
341.144
341.192
341.12
341.168
341.216
341.144
341.192
341.12
341.168
341.216
341.144
341.192
341.12
341.168
341.216
341.144
341.192
341.12
341.168
341.216
341.144
341.192
341.12
341.168
341.216
341.144
341.192
341.12
341.168
341.216
341.144
341.192
341.12
341.168
341.216
341.144
341.192
341.12
341.168
341.216
341.144
341.192
341.12
341.168
341.216
341.144
341.192
341.12
341.168
341.216
341.144
341.192
341.12
341.168
341.216
341.144
341.192
341.12
341.168
341.216
341.144
341.192
341.12
341.168
341.216
341.144
341.192
341.12
341.168
341.216
341.144
341.192
341.12
341.168
341.216
341.144
341.192
341.12
341.168
341.216
341.144
341.192
341.12
341.168
341.216
341.144
341.192
341.12
341.168
341.216
341.144
341.192
341.12
341.168
341.216
341.144
341.192
341.12
341.168
341.216
341.144
341.192
341.12
341.168
341.216
341.144
341.192
341.12
341.168
341.216
341.144
341.192
341.12
341.168
341.216
341.144
341.192
341.12
341.168
341.216
341.144
341.192
341.12
341.168
341.216
341.144
341.192
341.12
341.168
341.216
341.144
341.192
341.12
341.168
341.216
341.144
341.192
341.12
341.168
341.216
341.144
341.192
341.12
341.168
341.216
341.144
341.192
341.12
341.168
341.216
341.144
341.192
341.12
341.168
341.216
341.144
341.192
341.12
341.168
341.216
341.144
341.192
341.12
341.168
341.216
341.144
341.192
341.12
341.168
341.216
341.144
341.192
341.12
341.168
341.216
341.144
341.192
341.12
341.168
341.216
341.144
341.192
341.12
341.168
341.216
341.144
341.192
341.12
341.168
341.216
341.144
341.192
341.12
341.168
341.216
341.144
341.192
341.12
341.168
341.216
341.144
341.192
341.12
341.168
341.216
341.144
341.192
341.12
341.168
341.216
341.144
341.192
341.12
341.168
341.216
341.144
341.192
341.12
341.168
341.216
341.144
341.192
341.12
341.168
341.216
341.144
341.192
341.12
341.168
341.216
341.144
341.192
341.12
341.168
341.216
341.144
341.192
341.12
341.168
341.216
341.144
341.192
341.12
341.168
341.216
341.144
341.192
341.12
341.168
341.216
341.144
341.192
341.12
341.168
341.216
341.144
341.192
341.12
341.168
341.216
341.144
341.192
341.12
341.168
341.216
341.144
341.192
341.12
341.168
341.216
341.144
341.192
341.12
341.168
341.216
341.144
341.192
341.12
341.168
341.216
341.144
341.192
341.12
341.168
341.216
341.144
341.192
341.12
341.168
341.216
341.144
341.192
341.12
341.168
341.216
341.144
341.192
341.12
341.168
341.216
341.144
341.192
341.12
341.168
341.216
341.144
341.192
341.12
341.168
341.216
341.144
341.192
341.12
341.168
341.216
341.144
341.192
341.12
341.168
341.216
341.144
341.192
341.12
341.168
341.216
341.144
341.192
341.12
341.168
341.216
341.144
341.192
341.12
341.168
341.216
341.144
341.192
341.12
341.168
341.216
341.144
341.192
341.12
341.168
341.216
341.144
341.192
341.12
341.168
341.216
341.144
341.192
341.12
341.168
341.216
341.144
341.192
341.12
341.168
341.216
341.144
341.192
341.12
341.168
341.216
341.144
341.192
341.12
341.168
341.216
341.144
341.192
341.12
341.168
341.216
341.144
341.192
341.12
341.168
341.216
341.144
341.192
341.12
341.168
341.216
341.144
341.192
341.12
341.168
341.216
341.144
341.192
341.12
341.168
341.216
341.144
341.192
341.12
341.168
341.216
341.144
341.192
341.12
341.168
341.216
341.144
341.192
341.12
341.168
341.216
341.144
341.192
341.12
341.168
341.216
341.144
341.192
341.12
341.168
341.216
341.144
341.192
341.12
341.168
341.216
341.144
341.192
341.12
341.168
341.216
341.144
341.192
341.12
341.168
341.216
341.144
341.192
341.12
341.168
341.216
341.144
341.192
341.12
341.168
341.216
341.144
341.192
341.12
341.168
341.216
341.144
341.192
341.12
341.168
341.216
341.144
341.192
341.12
341.168
341.216
341.144
341.192
341.12
341.168
341.216
341.144
341.192
341.12
341.168
341.216
341.144
341.192
341.12
341.168
341.216
341.144
341.192
341.12
341.168
341.216
341.144
341.192
341.12
341.168
341.216
341.144
341.192
341.12
341.168
341.216
341.144
341.192
341.12
341.168
341.216
341.144
341.192
341.12
341.168
341.216
341.144
341.192
341.12
341.168
341.216
341.144
341.192
341.12
341.168
341.216
341.144
341.192
341.12
341.168
341.216
341.144
341.192
341.12
341.168
341.216
341.144
341.192
341.12
341.168
341.216
341.144
341.192
341.12
341.168
341.216
341.144
341.192
341.12
341.168
341.216
341.144
341.192
341.12
341.168
341.216
341.144
341.192
341.12
341.168
341.216
341.144
341.192
341.12
341.168
341.216
341.144
341.192
341.12
341.168
341.216
341.144
341.192
341.12
341.168
341.216
341.144
341.192
341.12
341.168
341.216
341.144
341.192
341.12
341.168
341.216
341.144
341.192
341.12
341.168
341.216
341.144
341.192
341.12
341.168
341.216
341.144
341.192
341.12
341.168
341.216
341.144
341.192
341.12
341.168
341.216
341.144
341.192
341.12
341.168
341.216
341.144
341.192
341.12
341.168
341.216
341.144
341.192
341.12
341.168
341.216
341.144
341.192
341.12
341.168
341.216
341.144
341.192
341.12
341.168
341.216
341.144
341.192
341.12
341.168
341.216
341.144
341.192
341.12
341.168
341.216
341.144
341.192
341.12
341.168
341.216
341.144
341.192
341.12
341.168
341.216
341.144
341.192
341.12
341.168
341.216
341.144
341.192
341.12
341.168
341.216
341.144
341.192
341.12
341.168
341.216
341.144
341.192
341.12
341.168
341.216
341.144
341.192
341.12
341.168
341.216
341.144
341.192
341.12
341.168
341.216
341.144
341.192
341.12
341.168
341.216
341.144
341.192
341.12
341.168
341.216
341.144
341.192
341.12
341.168
341.216
341.144
341.192
341.12
341.168
341.216
341.144
341.192
341.12
341.168
341.216
341.144
341.192
341.12
341.168
341.216
341.144
341.192
341.12
341.168
341.216
341.144
341.192
341.12
341.168
341.216
341.144
341.192
341.12
341.168
341.216
341.144
341.192
341.12
341.168
341.216
341.144
341.192
341.12
341.168
341.216
341.144
341.192
341.12
341.168
341.216
341.144
341.192
341.12
341.168
341.216
341.144
341.192
341.12
341.168
341.216
341.144
341.192
341.12
341.168
341.216
341.144
341.192
341.12
341.168
341.216
341.144
341.192
341.12
341.168
341.216
341.144
341.192
341.12
341.168
341.216
341.144
341.192
341.12
341.168
341.216
341.144
341.192
341.12
341.168
341.216
341.144
341.192
341.12
341.168
341.216
341.144
341.192
341.12
341.168
341.216
341.144
341.192
341.12
341.168
341.216
341.144
341.192
341.12
341.168
341.216
341.144
341.192
341.12
341.168
341.216
341.144
341.192
341.12
341.168
341.216
341.144
341.192
341.12
341.168
341.216
341.144
341.192
341.12
341.168
341.216
341.144
341.192
341.12
341.168
341.216
341.144
341.192
341.12
341.168
341.216
341.144
341.192
341.12
341.168
341.216
341.144
341.192
341.12
341.168
341.216
341.144
341.192
341.12
341.168
341.216
341.144
341.192
341.12
341.168
341.216
341.144
341.192
341.12
341.168
341.216
341.144
341.192
341.12
341.168
