24.44
24.608
24.776
24.944
25.112
25.28
25.448
25.616
25.784
25.952
26.12
26.288
26.456
26.624
26.792
26.96
27.128
27.296
27.464
27.632
27.8
27.968
28.136
28.304
28.472
28.64
28.808
28.976
29.144
29.312
29.48
29.648
29.816
29.984
30.152
30.32
30.488
30.656
30.824
30.992
31.16
31.328
31.496
31.664
31.832
32
32.168
32.336
32.504
32.672
32.84
33.008
33.176
33.344
33.512
33.68
33.848
34.016
34.184
34.352
34.52
34.688
34.856
35.024
35.192
35.36
35.528
35.696
35.864
36.032
36.2
36.368
36.536
36.704
36.872
37.04
37.208
37.376
37.544
37.712
37.88
38.048
38.216
38.384
38.552
38.72
38.888
39.056
39.224
39.392
39.56
39.728
39.896
40.064
40.232
40.4
40.568
40.736
40.904
41.072
41.24
41.408
41.576
41.744
41.912
42.08
42.248
42.416
42.584
42.752
42.92
43.088
43.256
43.424
43.592
43.76
43.928
44.096
44.264
44.432
44.6
44.768
44.936
45.104
45.272
45.44
45.608
45.776
45.944
46.112
46.28
46.448
46.616
46.784
46.952
47.12
47.288
47.456
47.624
47.792
47.96
48.128
48.296
48.464
48.632
48.8
48.968
49.136
49.304
49.472
49.64
49.808
49.976
50.144
50.312
50.48
50.648
50.816
50.984
51.152
51.32
51.488
51.656
51.824
51.992
52.16
52.328
52.496
52.664
52.832
53
53.168
53.336
53.504
53.672
53.84
54.008
54.176
54.344
54.512
54.68
54.848
55.016
55.184
55.352
55.52
55.688
55.856
56.024
56.192
56.36
56.528
56.696
56.864
57.032
57.2
57.368
57.536
57.704
57.872
58.04
58.208
58.376
58.544
58.712
58.88
59.048
59.216
59.384
59.552
59.72
59.888
60.056
60.224
60.392
60.56
60.728
60.896
61.064
61.232
61.4
61.568
61.736
61.904
62.072
62.24
62.408
62.576
62.744
62.912
63.08
63.248
63.416
63.584
63.752
63.92
64.088
64.256
64.424
64.592
64.76
64.928
65.096
65.264
65.432
65.6
65.768
65.936
66.104
66.272
66.44
66.608
66.776
66.944
67.112
67.28
67.448
67.616
67.784
67.952
68.12
68.288
68.456
68.624
68.792
68.96
69.128
69.296
69.464
69.632
69.8
69.968
70.136
70.304
70.472
70.64
70.808
70.976
71.144
71.312
71.48
71.648
71.816
71.984
72.152
72.32
72.488
72.656
72.704
72.752
72.8
72.728
72.776
72.704
72.752
72.8
72.728
72.776
72.704
72.752
72.8
72.728
72.776
72.704
72.752
72.8
72.728
72.776
72.704
72.752
72.8
72.728
72.776
72.704
72.752
72.8
72.728
72.776
72.704
72.752
72.8
72.728
72.776
72.704
72.752
72.8
72.728
72.776
72.704
72.752
72.8
72.728
72.776
72.704
72.752
72.8
72.728
72.776
72.704
72.752
72.8
72.728
72.776
72.704
72.752
72.8
72.728
72.776
72.704
72.752
72.8
72.728
72.776
72.704
72.752
72.8
72.728
72.776
72.704
72.752
72.8
72.728
72.776
72.704
72.752
72.8
72.728
72.776
72.704
72.752
72.8
72.728
72.776
72.704
72.752
72.8
72.728
72.776
72.704
72.752
72.8
72.728
72.776
72.704
72.752
72.8
72.728
72.776
72.704
72.752
72.8
72.728
72.776
72.704
72.752
72.8
72.728
72.776
72.704
72.752
72.8
72.728
72.776
72.704
72.752
72.8
72.728
72.776
72.704
72.752
72.8
72.728
72.776
72.704
72.752
72.8
72.728
72.776
72.704
72.752
72.8
72.728
72.776
72.704
72.752
72.8
72.728
72.776
72.704
72.752
72.8
72.728
72.776
72.704
72.752
72.8
72.728
72.776
72.704
72.752
72.8
72.728
72.776
72.704
72.752
72.8
72.728
72.776
72.704
72.752
72.8
72.728
72.776
72.704
72.752
72.8
72.728
72.776
72.704
72.752
72.8
72.728
72.776
72.704
72.752
72.8
72.728
72.776
72.704
72.752
72.8
72.728
72.776
72.704
72.752
72.8
72.728
72.776
72.704
72.752
72.8
72.728
72.776
72.704
72.752
72.8
72.728
72.776
72.704
72.752
72.8
72.728
72.776
72.704
72.752
72.8
72.728
72.776
72.704
72.752
72.8
72.728
72.776
72.704
72.752
72.8
72.728
72.776
72.704
72.752
72.8
72.728
72.776
72.704
72.752
72.8
72.728
72.776
72.704
72.752
72.8
72.728
72.776
72.704
72.752
72.8
72.728
72.776
72.704
72.752
72.8
72.728
72.776
72.704
72.752
72.8
72.728
72.776
72.704
72.752
72.8
72.728
72.776
72.704
72.752
72.8
72.728
72.776
72.704
72.752
72.8
72.728
72.776
72.704
72.752
72.8
72.728
72.776
72.704
72.752
72.8
72.728
72.776
72.704
72.752
72.8
72.728
72.776
72.704
72.752
72.8
72.728
72.776
72.704
72.752
72.8
72.728
72.776
72.704
72.752
72.8
72.728
72.776
72.704
72.752
72.8
72.728
72.776
72.704
72.752
72.8
72.728
72.776
72.704
72.752
72.8
72.728
72.776
72.704
72.752
72.8
72.728
72.776
72.704
72.752
72.8
72.728
72.776
72.704
72.752
72.8
72.728
72.776
72.704
72.752
72.8
72.728
72.776
72.704
72.752
72.8
72.728
72.776
72.704
72.752
72.8
72.728
72.776
72.704
72.752
72.8
72.728
72.776
72.704
72.752
72.8
72.728
72.776
72.704
72.752
72.8
72.728
72.776
72.704
72.752
72.8
72.728
72.776
72.704
72.752
72.8
72.728
72.776
72.704
72.752
72.8
72.728
72.776
72.704
72.752
72.8
72.728
72.776
72.704
72.752
72.8
72.728
72.776
72.704
72.752
72.8
72.728
72.776
72.704
72.752
72.8
72.728
72.776
72.704
72.752
72.8
72.728
72.776
72.704
72.752
72.8
72.728
72.776
72.704
72.752
72.8
72.728
72.776
72.704
72.752
72.8
72.728
72.776
72.704
72.752
72.8
72.728
72.776
72.704
72.752
72.8
72.728
72.776
72.704
72.752
72.8
72.728
72.776
72.704
72.752
72.8
72.728
72.776
72.704
72.752
72.8
72.728
72.776
72.704
72.752
72.8
72.728
72.776
72.704
72.752
72.8
72.728
72.776
72.704
72.752
72.8
72.728
72.776
72.704
72.752
72.8
72.728
72.776
72.704
72.752
72.8
72.728
72.776
72.704
72.752
72.8
72.728
72.776
72.704
72.752
72.8
72.728
72.776
72.704
72.752
72.8
72.728
72.776
72.704
72.752
72.8
72.728
72.776
72.704
72.752
72.8
72.728
72.776
72.704
72.752
72.8
72.728
72.776
72.704
72.752
72.8
72.728
72.776
72.704
72.752
72.8
72.728
72.776
72.704
72.752
72.8
72.728
72.776
72.704
72.752
72.8
72.728
72.776
72.704
72.752
72.8
72.728
72.776
72.704
72.752
72.8
72.728
72.776
72.704
72.752
72.8
72.728
72.776
72.704
72.752
72.8
72.728
72.776
72.704
72.752
72.8
72.728
72.776
72.704
72.752
72.8
72.728
72.776
72.704
72.752
72.8
72.728
72.776
72.704
72.752
72.8
72.728
72.776
72.704
72.752
72.8
72.728
72.776
72.704
72.752
72.8
72.728
72.776
72.704
72.752
72.8
72.728
72.776
72.704
72.752
72.8
72.728
72.776
72.704
72.752
72.8
72.728
72.776
72.704
72.752
72.8
72.728
72.776
72.704
72.752
72.8
72.728
72.776
72.704
72.752
72.8
72.728
72.776
72.704
72.752
72.8
72.728
72.776
72.704
72.752
72.8
72.728
72.776
72.704
72.752
72.8
72.728
72.776
72.704
72.752
72.8
72.728
72.776
72.704
72.752
72.8
72.728
72.776
72.704
72.752
72.8
72.728
72.776
72.704
72.752
72.8
72.728
72.776
72.704
72.752
72.8
72.728
72.776
72.704
72.752
72.8
72.728
72.776
72.704
72.752
72.8
72.728
72.776
72.704
72.752
72.8
72.728
72.776
72.704
72.752
72.8
72.728
72.776
72.704
72.752
72.8
72.728
72.776
72.704
72.752
72.8
72.728
72.776
72.704
72.752
72.8
72.728
72.776
72.704
72.752
72.8
72.728
72.776
72.704
72.752
72.8
72.728
72.776
72.704
72.752
72.8
72.728
72.776
72.704
72.752
72.8
72.728
72.776
72.704
72.752
72.8
72.728
72.776
72.704
72.752
72.8
72.728
72.776
72.704
72.752
72.8
72.728
72.776
72.704
72.752
72.8
72.728
72.776
72.704
72.752
72.8
72.728
72.776
72.704
72.752
72.8
72.728
72.776
72.704
72.752
72.8
72.728
72.776
72.704
72.752
72.8
72.728
72.776
72.704
72.752
72.8
72.728
72.776
72.704
72.752
72.8
72.728
72.776
72.704
72.752
72.8
72.728
72.776
72.704
72.752
72.8
72.728
72.776
72.704
72.752
72.8
72.728
72.776
72.704
72.752
72.8
72.728
72.776
72.704
72.752
72.8
72.728
72.776
72.704
72.752
72.8
72.728
72.776
72.704
72.752
72.8
72.728
72.776
72.704
72.752
72.8
72.728
72.776
72.704
72.752
72.8
72.728
72.776
72.704
72.752
72.8
72.728
72.776
72.704
72.752
72.8
72.728
72.776
72.704
72.752
72.8
72.728
72.776
72.704
72.752
72.8
72.728
72.776
72.704
72.752
72.8
72.728
72.776
72.704
72.752
72.8
72.728
72.776
72.704
72.752
72.8
72.728
72.776
72.704
72.752
72.8
72.728
72.776
72.704
72.752
72.8
72.728
72.776
72.704
72.752
72.8
72.728
72.776
72.704
72.752
72.8
72.728
72.776
72.704
72.752
72.8
72.728
72.776
72.704
72.752
72.8
72.728
72.776
72.704
72.752
72.8
72.728
72.776
72.704
72.752
72.8
72.728
72.776
72.704
72.752
72.8
72.728
72.776
72.704
72.752
72.8
72.728
72.776
72.704
72.752
72.8
72.728
72.776
72.704
72.752
72.8
72.728
72.776
72.704
72.752
72.8
72.728
72.776
72.704
72.752
72.8
72.728
72.776
72.704
72.752
72.8
72.728
72.776
72.704
72.752
72.8
72.728
72.776
72.704
72.752
72.8
72.728
72.776
72.704
72.752
72.8
72.728
72.776
72.704
72.752
72.8
72.728
72.776
72.704
72.752
72.8
72.728
72.776
72.704
72.752
72.8
72.728
72.776
72.704
72.752
72.8
72.728
72.776
72.704
72.752
72.8
72.728
72.776
72.704
72.752
72.8
72.728
72.776
72.704
72.752
72.8
72.728
72.776
72.704
72.752
72.8
72.728
72.776
72.704
72.752
72.8
72.728
72.776
72.704
72.752
72.8
72.728
72.776
72.704
72.752
72.8
72.728
72.776
72.704
72.752
72.8
72.728
72.776
72.704
72.752
72.8
72.728
72.776
72.704
72.752
72.8
72.728
72.776
72.704
72.752
72.8
72.728
72.776
72.704
72.752
72.8
72.728
72.776
72.704
72.752
72.8
72.728
72.776
72.704
72.752
72.8
72.728
72.776
72.704
72.752
72.8
72.728
72.776
72.704
72.752
72.8
72.728
72.776
72.704
72.752
72.8
72.728
72.776
72.704
72.752
72.8
72.728
72.776
72.704
72.752
72.8
72.728
72.776
72.704
72.752
72.8
72.728
72.776
72.704
72.752
72.8
72.728
72.776
72.704
72.752
72.8
72.728
72.776
72.704
72.752
72.8
72.728
72.776
72.704
72.752
72.8
72.728
72.776
72.704
72.752
72.8
72.728
72.776
72.704
72.752
72.8
72.728
72.776
72.704
72.752
72.8
72.728
72.776
72.704
72.752
72.8
72.728
72.776
72.704
72.752
72.8
72.728
72.776
72.704
72.752
72.8
72.728
72.776
72.704
72.752
72.8
72.728
72.776
72.704
72.752
72.8
72.728
72.776
72.704
72.752
72.8
72.728
72.776
72.704
72.752
72.8
72.728
72.776
72.704
72.752
72.8
72.728
72.776
72.704
72.752
72.8
72.728
72.776
72.704
72.752
72.8
72.728
72.776
72.704
72.752
72.8
72.728
72.776
72.704
72.752
72.8
72.728
72.776
72.704
72.752
72.8
72.728
72.776
72.704
72.752
72.8
72.728
72.776
72.704
72.752
72.8
72.728
72.776
72.704
72.752
72.8
72.728
72.776
72.704
72.752
72.8
72.728
72.776
72.704
72.752
72.8
72.728
72.776
72.704
72.752
72.8
72.728
72.776
72.704
72.752
72.8
72.728
72.776
72.704
72.752
72.8
72.728
72.776
72.704
72.752
72.8
72.728
72.776
72.704
72.752
72.8
72.728
72.776
72.704
72.752
72.8
72.728
72.776
72.704
72.752
72.8
72.728
72.776
72.704
72.752
72.8
72.728
72.776
72.704
72.752
72.8
72.728
72.776
72.704
72.752
72.8
72.728
72.776
72.704
72.752
72.8
72.728
72.776
72.704
72.752
72.8
72.728
72.776
72.704
72.752
72.8
72.728
72.776
72.704
72.752
72.8
72.728
72.776
72.704
72.752
72.8
72.728
72.776
72.704
72.752
72.8
72.728
72.776
72.704
72.752
72.8
72.728
72.776
72.704
72.752
72.8
72.728
72.776
72.704
72.752
72.8
72.728
72.776
72.704
72.752
72.8
72.728
72.776
72.704
72.752
72.8
72.728
72.776
72.704
72.752
72.8
72.728
72.776
72.704
72.752
72.8
72.728
72.776
72.704
72.752
72.8
72.728
72.776
72.704
72.752
72.8
72.728
72.776
72.704
72.752
72.8
72.728
72.776
72.704
72.752
72.8
72.728
72.776
72.704
72.752
72.8
72.728
72.776
72.704
72.752
72.8
72.728
72.776
72.704
72.752
72.8
72.728
72.776
72.704
72.752
72.8
72.728
72.776
72.704
72.752
72.8
72.728
72.776
72.704
72.752
72.8
72.728
72.776
72.704
72.752
72.8
72.728
72.776
72.704
72.752
72.8
72.728
72.776
72.704
72.752
72.8
72.728
72.776
72.704
72.752
72.8
72.728
72.776
72.704
72.752
72.8
72.728
72.776
72.704
72.752
72.8
72.728
72.776
72.704
72.752
72.8
72.728
72.776
72.704
72.752
72.8
72.728
72.776
72.704
72.752
72.8
72.728
72.776
72.704
72.752
72.8
72.728
72.776
72.704
72.752
72.8
72.728
72.776
72.704
72.752
72.8
72.728
72.776
72.704
72.752
72.8
72.728
72.776
72.704
72.752
72.8
72.728
72.776
72.704
72.752
72.8
72.728
72.776
72.704
72.752
72.8
72.728
72.776
72.704
72.752
72.8
72.728
72.776
72.704
72.752
72.8
72.728
72.776
72.704
72.752
72.8
72.728
72.776
72.704
72.752
72.8
72.728
72.776
72.704
72.752
72.8
72.728
72.776
72.704
72.752
72.8
72.728
72.776
72.704
72.752
72.8
72.728
72.776
72.704
72.752
72.8
72.728
72.776
72.704
72.752
72.8
72.728
72.776
72.704
72.752
72.8
72.728
72.776
72.704
72.752
72.8
72.728
72.776
72.704
72.752
72.8
72.728
72.776
72.704
72.752
72.8
72.728
72.776
72.704
72.752
72.8
72.728
72.776
72.704
72.752
72.8
72.728
72.776
72.704
72.752
72.8
72.728
72.776
72.704
72.752
72.8
72.728
72.776
72.704
72.752
72.8
72.728
72.776
72.704
72.752
72.8
72.728
72.776
72.704
72.752
72.8
72.728
72.776
72.704
72.752
72.8
72.728
72.776
72.704
72.752
72.8
72.728
72.776
72.704
72.752
72.8
72.728
72.776
72.704
72.752
72.8
72.728
72.776
72.704
72.752
72.8
72.728
72.776
72.704
72.752
72.8
72.728
72.776
72.704
72.752
72.8
72.728
72.776
72.704
72.752
72.8
72.728
72.776
72.704
72.752
72.8
72.728
72.776
72.704
72.752
72.8
72.728
72.776
72.704
72.752
72.8
72.728
72.776
72.704
72.752
72.8
72.728
72.776
72.704
72.752
72.8
72.728
72.776
72.704
72.752
72.8
72.728
72.776
72.704
72.752
72.8
72.728
72.776
72.704
72.752
72.8
72.728
72.776
72.704
72.752
72.8
72.728
72.776
72.704
72.752
72.8
72.728
72.776
72.704
72.752
72.8
72.728
72.776
72.704
72.752
72.8
72.728
72.776
72.704
72.752
72.8
72.728
72.776
72.704
72.752
72.8
72.728
72.776
72.704
72.752
72.8
72.728
72.776
72.704
72.752
72.8
72.728
72.776
72.704
72.752
72.8
72.728
72.776
72.704
72.752
72.8
72.728
72.776
72.704
72.752
72.8
72.728
72.776
72.704
72.752
72.8
72.728
72.776
72.704
72.752
72.8
72.728
72.776
72.704
72.752
72.8
72.728
72.776
72.704
72.752
72.8
72.728
72.776
72.704
72.752
72.8
72.728
72.776
72.704
72.752
72.8
72.728
72.776
72.704
72.752
72.8
72.728
72.776
72.704
72.752
72.8
72.728
72.776
72.704
72.752
72.8
72.728
72.776
72.704
72.752
72.8
72.728
72.776
72.704
72.752
72.8
72.728
72.776
72.704
72.752
72.8
72.728
72.776
72.704
72.752
72.8
72.728
72.776
72.704
72.752
72.8
72.728
72.776
72.704
72.752
72.8
72.728
72.776
72.704
72.752
72.8
72.728
72.776
72.704
72.752
72.8
72.728
72.776
72.704
72.752
72.8
72.728
72.776
72.704
72.752
72.8
72.728
72.776
72.704
72.752
72.8
72.728
72.776
72.704
72.752
72.8
72.728
72.776
72.704
72.752
72.8
72.728
72.776
72.704
72.752
72.8
72.728
72.776
72.704
72.752
72.8
72.728
72.776
72.704
72.752
72.8
72.728
72.776
72.704
72.752
72.8
72.728
72.776
72.704
72.752
72.8
72.728
72.776
72.704
72.752
72.8
72.728
72.776
72.704
72.752
72.8
72.728
72.776
72.704
72.752
72.8
72.728
72.776
72.704
72.752
72.8
72.728
72.776
72.704
72.752
72.8
72.728
72.776
72.704
72.752
72.8
72.728
72.776
72.704
72.752
72.8
72.728
72.776
72.704
72.752
72.8
72.728
72.776
72.704
72.752
72.8
72.728
72.776
72.704
72.752
72.8
72.728
72.776
72.704
72.752
72.8
72.728
72.776
72.704
72.752
72.8
72.728
72.776
72.704
72.752
72.8
72.728
72.776
72.704
72.752
72.8
72.728
72.776
72.704
72.752
72.8
72.728
72.776
72.704
72.752
72.8
72.728
72.776
72.704
72.752
72.8
72.728
72.776
72.704
72.752
72.8
72.728
72.776
72.704
72.752
72.8
72.728
72.776
72.704
72.752
72.8
72.728
72.776
72.704
72.752
72.8
72.728
72.776
72.704
72.752
72.8
72.728
72.776
72.704
72.752
72.8
72.728
72.776
72.704
72.752
72.8
72.728
72.776
72.704
72.752
72.8
72.728
72.776
72.704
72.752
72.8
72.728
72.776
72.704
72.752
72.8
72.728
72.776
72.704
72.752
72.8
72.728
72.776
72.704
72.752
72.8
72.728
72.776
72.704
72.752
72.8
72.728
72.776
72.704
72.752
72.8
72.728
72.776
72.704
72.752
72.8
72.728
72.776
72.704
72.752
72.8
72.728
72.776
72.704
72.752
72.8
72.728
72.776
72.704
72.752
72.8
72.728
72.776
72.704
72.752
72.8
72.728
72.776
72.704
72.752
72.8
72.728
72.776
72.704
72.752
72.8
72.728
72.776
72.704
72.752
72.8
72.728
72.776
72.704
72.752
72.8
72.728
72.776
72.704
72.752
72.8
72.728
72.776
72.704
72.752
72.8
72.728
72.776
72.704
72.752
72.8
72.728
72.776
72.704
72.752
72.8
72.728
72.776
72.704
72.752
72.8
72.728
72.776
72.704
72.752
72.8
72.728
72.776
72.704
72.752
72.8
72.728
72.776
72.704
72.752
72.8
72.728
72.776
72.704
72.752
72.8
72.728
72.776
72.704
72.752
72.8
72.728
72.776
72.704
72.752
72.8
72.728
72.776
72.704
72.752
72.8
72.728
72.776
72.704
72.752
72.8
72.728
72.776
72.704
72.752
72.8
72.728
72.776
72.704
72.752
72.8
72.728
72.776
72.704
72.752
72.8
72.728
72.776
72.704
72.752
72.8
72.728
72.776
72.704
72.752
72.8
72.728
72.776
72.704
72.752
72.8
72.728
72.776
72.704
72.752
72.8
72.728
72.776
72.704
72.752
72.8
72.728
72.776
72.704
72.752
72.8
72.728
72.776
72.704
72.752
72.8
72.728
72.776
72.704
72.752
72.8
72.728
72.776
72.704
72.752
72.8
72.728
72.776
72.704
72.752
72.8
72.728
72.776
72.704
72.752
72.8
72.728
72.776
72.704
72.752
72.8
72.728
72.776
72.704
72.752
72.8
72.728
72.776
72.704
72.752
72.8
72.728
72.776
72.704
72.752
72.8
72.728
72.776
72.704
72.752
72.8
72.728
72.776
72.704
72.752
72.8
72.728
72.776
72.704
72.752
72.8
72.728
72.776
72.704
72.752
72.8
72.728
72.776
72.704
72.752
72.8
72.728
72.776
72.704
72.752
72.8
72.728
72.776
72.704
72.752
72.8
72.728
72.776
72.704
72.752
72.8
72.728
72.776
72.704
72.752
72.8
72.728
72.776
72.704
72.752
72.8
72.728
72.776
72.704
72.752
72.8
72.728
72.776
72.704
72.752
72.8
72.728
72.776
72.704
72.752
72.8
72.728
72.776
72.704
72.752
72.8
72.728
72.776
72.704
72.752
72.8
72.728
72.776
72.704
72.752
72.8
72.728
72.776
72.704
72.752
72.8
72.728
72.776
72.704
72.752
72.8
72.728
72.776
72.704
72.752
72.8
72.728
72.776
72.704
72.752
72.8
72.728
72.776
72.704
72.752
72.8
72.728
72.776
72.704
72.752
72.8
72.728
72.776
72.704
72.752
72.8
72.728
72.776
72.704
72.752
72.8
72.728
72.776
72.704
72.752
72.8
72.728
72.776
72.704
72.752
72.8
72.728
72.776
72.704
72.752
72.8
72.728
72.776
72.704
72.752
72.8
72.728
72.776
72.704
72.752
72.8
72.728
72.776
72.704
72.752
72.8
72.728
72.776
72.704
72.752
72.8
72.728
72.776
72.704
72.752
72.8
72.728
72.776
72.704
72.752
72.8
72.728
72.776
72.704
72.752
72.8
72.728
72.776
72.704
72.752
72.8
72.728
72.776
72.704
72.752
72.8
72.728
72.776
72.704
72.752
72.8
72.728
72.776
72.704
72.752
72.8
72.728
72.776
72.704
72.752
72.8
72.728
72.776
72.704
72.752
72.8
72.728
72.776
72.704
72.752
72.8
72.728
72.776
72.704
72.752
72.8
72.728
72.776
72.704
72.752
72.8
72.728
72.776
72.704
72.752
72.8
72.728
72.776
72.704
72.752
72.8
72.728
72.776
72.704
72.752
72.8
72.728
72.776
72.704
72.752
72.8
72.728
72.776
72.704
72.752
72.8
72.728
72.776
72.704
72.752
72.8
72.728
72.776
72.704
72.752
72.8
72.728
72.776
72.704
72.752
72.8
72.728
72.776
72.704
72.752
72.8
72.728
72.776
72.704
72.752
72.8
72.728
72.776
72.704
72.752
72.8
72.728
72.776
72.704
72.752
72.8
72.728
72.776
72.704
72.752
72.8
72.728
72.776
72.704
72.752
72.8
72.728
72.776
72.704
72.752
72.8
72.728
72.776
72.704
72.752
72.8
72.728
72.776
72.704
72.752
72.8
72.728
72.776
72.704
72.752
72.8
72.728
72.776
72.704
72.752
72.8
72.728
72.776
72.704
72.752
72.8
72.728
72.776
72.704
72.752
72.8
72.728
72.776
72.704
72.752
72.8
72.728
72.776
72.704
72.752
72.8
72.728
72.776
72.704
72.752
72.8
72.728
72.776
72.704
72.752
72.8
72.728
72.776
72.704
72.752
72.8
72.728
72.776
72.704
72.752
72.8
72.728
72.776
72.704
72.752
72.8
72.728
72.776
72.704
72.752
72.8
72.728
72.776
72.704
72.752
72.8
72.728
72.776
72.704
72.752
72.8
72.728
72.776
72.704
72.752
72.8
72.728
72.776
72.704
72.752
72.8
72.728
72.776
72.704
72.752
72.8
72.728
72.776
72.704
72.752
72.8
72.728
72.776
72.704
72.752
72.8
72.728
72.776
72.704
72.752
72.8
72.728
72.776
72.704
72.752
72.8
72.728
72.776
72.704
72.752
72.8
72.728
72.776
72.704
72.752
72.8
72.728
72.776
72.704
72.752
72.8
72.728
72.776
72.704
72.752
72.8
72.728
72.776
72.704
72.752
72.8
72.728
72.776
72.704
72.752
72.8
72.728
72.776
72.704
72.752
72.8
72.728
72.776
72.704
72.752
72.8
72.728
72.776
72.704
72.752
72.8
72.728
72.776
72.704
72.752
72.8
72.728
72.776
72.704
72.752
72.8
72.728
72.776
72.704
72.752
72.8
72.728
72.776
72.704
72.752
72.8
72.728
72.776
72.704
72.752
72.8
72.728
72.776
72.704
72.752
72.8
72.728
72.776
72.704
72.752
72.8
72.728
72.776
72.704
72.752
72.8
72.728
72.776
72.704
72.752
72.8
72.728
72.776
72.704
72.752
72.8
72.728
72.776
72.704
72.752
72.8
72.728
72.776
72.704
72.752
72.8
72.728
72.776
72.704
72.752
72.8
72.728
72.776
72.704
72.752
72.8
72.728
72.776
72.704
72.752
72.8
72.728
72.776
72.704
72.752
72.8
72.728
72.776
72.704
72.752
72.8
72.728
72.776
72.704
72.752
72.8
72.728
72.776
72.704
72.752
72.8
72.728
72.776
72.704
72.752
72.8
72.728
72.776
72.704
72.752
72.8
72.728
72.776
72.704
72.752
72.8
72.728
72.776
72.704
72.752
72.8
72.728
72.776
72.704
72.752
72.8
72.728
72.776
72.704
72.752
72.8
72.728
72.776
72.704
72.752
72.8
72.728
72.776
72.704
72.752
72.8
72.728
72.776
72.704
72.752
72.8
72.728
72.776
72.704
72.752
72.8
72.728
72.776
72.704
72.752
72.8
72.728
72.776
72.704
72.752
72.8
72.728
72.776
72.704
72.752
72.8
72.728
72.776
72.704
72.752
72.8
72.728
72.776
72.704
72.752
72.8
72.728
72.776
72.704
72.752
72.8
72.728
72.776
72.704
72.752
72.8
72.728
72.776
72.704
72.752
72.8
72.728
72.776
72.704
72.752
72.8
72.728
72.776
72.704
72.752
72.8
72.728
72.776
72.704
72.752
72.8
72.728
72.776
72.704
72.752
72.8
72.728
72.776
72.704
72.752
72.8
72.728
72.776
72.704
72.752
72.8
72.728
72.776
72.704
72.752
72.8
72.728
72.776
72.704
72.752
72.8
72.728
72.776
72.704
72.752
72.8
72.728
72.776
72.704
72.752
72.8
72.728
72.776
72.704
72.752
72.8
72.728
72.776
72.704
72.752
72.8
72.728
72.776
72.704
72.752
72.8
72.728
72.776
72.704
72.752
72.8
72.728
72.776
72.704
72.752
72.8
72.728
72.776
72.704
72.752
72.8
72.728
72.776
72.704
72.752
72.8
72.728
72.776
72.704
72.752
72.8
72.728
72.776
72.704
72.752
72.8
72.728
72.776
72.704
72.752
72.8
72.728
72.776
72.704
72.752
72.8
72.728
72.776
72.704
72.752
72.8
72.728
72.776
72.704
72.752
72.8
72.728
72.776
72.704
72.752
72.8
72.728
72.776
72.704
72.752
72.8
72.728
72.776
72.704
72.752
72.8
72.728
72.776
72.704
72.752
72.8
72.728
72.776
72.704
72.752
72.8
72.728
72.776
72.704
72.752
72.8
72.728
72.776
72.704
72.752
72.8
72.728
72.776
72.704
72.752
72.8
72.728
72.776
72.704
72.752
72.8
72.728
72.776
72.704
72.752
72.8
72.728
72.776
72.704
72.752
72.8
72.728
72.776
72.704
72.752
72.8
72.728
72.776
72.704
72.752
72.8
72.728
72.776
72.704
72.752
72.8
72.728
72.776
72.704
72.752
72.8
72.728
72.776
72.704
72.752
72.8
72.728
72.776
72.704
72.752
72.8
72.728
72.776
72.704
72.752
72.8
72.728
72.776
72.704
72.752
72.8
72.728
72.776
72.704
72.752
72.8
72.728
72.776
72.704
72.752
72.8
72.728
72.776
72.704
72.752
72.8
72.728
72.776
72.704
72.752
72.8
72.728
72.776
72.704
72.752
72.8
72.728
72.776
72.704
72.752
72.8
72.728
72.776
72.704
72.752
72.8
72.728
72.776
72.704
72.752
72.8
72.728
72.776
72.704
72.752
72.8
72.728
72.776
72.704
72.752
72.8
72.728
72.776
72.704
72.752
72.8
72.728
72.776
72.704
72.752
72.8
72.728
72.776
72.704
72.752
72.8
72.728
72.776
72.704
72.752
72.8
72.728
72.776
72.704
72.752
72.8
72.728
72.776
72.704
72.752
72.8
72.728
72.776
72.704
72.752
72.8
72.728
72.776
72.704
72.752
72.8
72.728
72.776
72.704
72.752
72.8
72.728
72.776
72.704
72.752
72.8
72.728
72.776
72.704
72.752
72.8
72.728
72.776
72.704
72.752
72.8
72.728
72.776
72.704
72.752
72.8
72.728
72.776
72.704
72.752
72.8
72.728
72.776
72.704
72.752
72.8
72.728
72.776
72.704
72.752
72.8
72.728
72.776
72.704
72.752
72.8
72.728
72.776
72.704
72.752
72.8
72.728
72.776
72.704
72.752
72.8
72.728
72.776
72.704
72.752
72.8
72.728
72.776
72.704
72.752
72.8
72.728
72.776
72.704
72.752
72.8
72.728
72.776
72.704
72.752
72.8
72.728
72.776
72.704
72.752
72.8
72.728
72.776
72.704
72.752
72.8
72.728
72.776
72.704
72.752
72.8
72.728
72.776
72.704
72.752
72.8
72.728
72.776
72.704
72.752
72.8
72.728
72.776
72.704
72.752
72.8
72.728
72.776
72.704
72.752
72.8
72.728
72.776
72.704
72.752
72.8
72.728
72.776
72.704
72.752
72.8
72.728
72.776
72.704
72.752
72.8
72.728
72.776
72.704
72.752
72.8
72.728
72.776
72.704
72.752
72.8
72.728
72.776
72.704
72.752
72.8
72.728
72.776
72.704
72.752
72.8
72.728
72.776
72.704
72.752
72.8
72.728
72.776
72.704
72.752
72.8
72.728
72.776
72.704
72.752
72.8
72.728
72.776
72.704
72.752
72.8
72.728
72.776
72.704
72.752
72.8
72.728
72.776
72.704
72.752
72.8
72.728
72.776
72.704
72.752
72.8
72.728
72.776
72.704
72.752
72.8
72.728
72.776
72.704
72.752
72.8
72.728
72.776
72.704
72.752
72.8
72.728
72.776
72.704
72.752
72.8
72.728
72.776
72.704
72.752
72.8
72.728
72.776
72.704
72.752
72.8
72.728
72.776
72.704
72.752
72.8
72.728
72.776
72.704
72.752
72.8
72.728
72.776
72.704
72.752
72.8
72.728
72.776
72.704
72.752
72.8
72.728
72.776
72.704
72.752
72.8
72.728
72.776
72.704
72.752
72.8
72.728
72.776
72.704
72.752
72.8
72.728
72.776
72.704
72.752
72.8
72.728
72.776
72.704
72.752
72.8
72.728
72.776
72.704
72.752
72.8
72.728
72.776
72.704
72.752
72.8
72.728
72.776
72.704
72.752
72.8
72.728
72.776
72.704
72.752
72.8
72.728
72.776
72.704
72.752
72.8
72.728
72.776
72.704
72.752
72.8
72.728
72.776
72.704
72.752
72.8
72.728
72.776
72.704
72.752
72.8
72.728
72.776
72.704
72.752
72.8
72.728
72.776
72.704
72.752
72.8
72.728
72.776
72.704
72.752
72.8
72.728
72.776
72.704
72.752
72.8
72.728
72.776
72.704
72.752
72.8
72.728
72.776
72.704
72.752
72.8
72.728
72.776
72.704
72.752
72.8
72.728
72.776
72.704
72.752
72.8
72.728
72.776
72.704
72.752
72.8
72.728
72.776
72.704
72.752
72.8
72.728
72.776
72.704
72.752
72.8
72.728
72.776
72.704
72.752
72.8
72.728
72.776
72.704
72.752
72.8
72.728
72.776
72.704
72.752
72.8
72.728
72.776
72.704
72.752
72.8
72.728
72.776
72.704
72.752
72.8
72.728
72.776
72.704
72.752
72.8
72.728
72.776
72.704
72.752
72.8
72.728
72.776
72.704
72.752
72.8
72.728
72.776
72.704
72.752
72.8
72.728
72.776
72.704
72.752
72.8
72.728
72.776
72.704
72.752
72.8
72.728
72.776
72.704
72.752
72.8
72.728
72.776
72.704
72.752
72.8
72.728
72.776
72.704
72.752
72.8
72.728
72.776
72.704
72.752
72.8
72.728
72.776
72.704
72.752
72.8
72.728
72.776
72.704
72.752
72.8
72.728
72.776
72.704
72.752
72.8
72.728
72.776
72.704
72.752
72.8
72.728
72.776
72.704
72.752
72.8
72.728
72.776
72.704
72.752
72.8
72.728
72.776
72.704
72.752
72.8
72.728
72.776
72.704
72.752
72.8
72.728
72.776
72.704
72.752
72.8
72.728
72.776
72.704
72.752
72.8
72.728
72.776
72.704
72.752
72.8
72.728
72.776
72.704
72.752
72.8
72.728
72.776
72.704
72.752
72.8
72.728
72.776
72.704
72.752
72.8
72.728
72.776
72.704
72.752
72.8
72.728
72.776
72.704
72.752
72.8
72.728
72.776
72.704
72.752
72.8
72.728
72.776
72.704
72.752
72.8
72.728
72.776
72.704
72.752
72.8
72.728
72.776
72.704
72.752
72.8
72.728
72.776
72.704
72.752
72.8
72.728
72.776
72.704
72.752
72.8
72.728
72.776
72.704
72.752
72.8
72.728
72.776
72.704
72.752
72.8
72.728
72.776
72.704
72.752
72.8
72.728
72.776
72.704
72.752
72.8
72.728
72.776
72.704
72.752
72.8
72.728
72.776
72.704
72.752
72.8
72.728
72.776
72.704
72.752
72.8
72.728
72.776
72.704
72.752
72.8
72.728
72.776
72.704
72.752
72.8
72.728
72.776
72.704
72.752
72.8
72.728
72.776
72.704
72.752
72.8
72.728
72.776
72.704
72.752
72.8
72.728
72.776
72.704
72.752
72.8
72.728
72.776
72.704
72.752
72.8
72.728
72.776
72.704
72.752
72.8
72.728
72.776
72.704
72.752
72.8
72.728
72.776
72.704
72.752
72.8
72.728
72.776
72.704
72.752
72.8
72.728
72.776
72.704
72.752
72.8
72.728
72.776
72.704
72.752
72.8
72.728
72.776
72.704
72.752
72.8
72.728
72.776
72.704
72.752
72.8
72.728
72.776
72.704
72.752
72.8
72.728
72.776
72.704
72.752
72.8
72.728
72.776
72.704
72.752
72.8
72.728
72.776
72.704
72.752
72.8
72.728
72.776
72.704
72.752
72.8
72.728
72.776
72.704
72.752
72.8
72.728
72.776
72.704
72.752
72.8
72.728
72.776
72.704
72.752
72.8
72.728
72.776
72.704
72.752
72.8
72.728
72.776
72.704
72.752
72.8
72.728
72.776
72.704
72.752
72.8
72.728
72.776
72.704
72.752
72.8
72.728
72.776
72.704
72.752
72.8
72.728
72.776
72.704
72.752
72.8
72.728
72.776
72.704
72.752
72.8
72.728
72.776
72.704
72.752
72.8
72.728
72.776
72.704
72.752
72.8
72.728
72.776
72.704
72.752
72.8
72.728
72.776
72.704
72.752
72.8
72.728
72.776
72.704
72.752
72.8
72.728
72.776
72.704
72.752
72.8
72.728
72.776
72.704
72.752
72.8
72.728
72.776
72.704
72.752
72.8
72.728
72.776
72.704
72.752
72.8
72.728
72.776
72.704
72.752
72.8
72.728
72.776
72.704
72.752
72.8
72.728
72.776
72.704
72.752
72.8
72.728
72.776
72.704
72.752
72.8
72.728
72.776
72.704
72.752
72.8
72.728
72.776
72.704
72.752
72.8
72.728
72.776
72.704
72.752
72.8
72.728
72.776
72.704
72.752
72.8
72.728
72.776
72.704
72.752
72.8
72.728
72.776
72.704
72.752
72.8
72.728
72.776
72.704
72.752
72.8
72.728
72.776
72.704
72.752
72.8
72.728
72.776
72.704
72.752
72.8
72.728
72.776
72.704
72.752
72.8
72.728
72.776
72.704
72.752
72.8
72.728
72.776
72.704
72.752
72.8
72.728
72.776
72.704
72.752
72.8
72.728
72.776
72.704
72.752
72.8
72.728
72.776
72.704
72.752
72.8
72.728
72.776
72.704
72.752
72.8
72.728
72.776
72.704
72.752
72.8
72.728
72.776
72.704
72.752
72.8
72.728
72.776
72.704
72.752
72.8
72.728
72.776
72.704
72.752
72.8
72.728
72.776
72.704
72.752
72.8
72.728
72.776
72.704
72.752
72.8
72.728
72.776
72.704
72.752
72.8
72.728
72.776
72.704
72.752
72.8
72.728
72.776
72.704
72.752
72.8
72.728
72.776
72.704
72.752
72.8
72.728
72.776
72.704
72.752
72.8
72.728
72.776
72.704
72.752
72.8
72.728
72.776
72.704
72.752
72.8
72.728
72.776
72.704
72.752
72.8
72.728
72.776
72.704
72.752
72.8
72.728
72.776
72.704
72.752
72.8
72.728
72.776
72.704
72.752
72.8
72.728
72.776
72.704
72.752
72.8
72.728
72.776
72.704
72.752
72.8
72.728
72.776
72.704
72.752
72.8
72.728
72.776
72.704
72.752
72.8
72.728
72.776
72.704
72.752
72.8
72.728
72.776
72.704
72.752
72.8
72.728
72.776
72.704
72.752
72.8
72.728
72.776
72.704
72.752
72.8
72.728
72.776
72.704
72.752
