18.44
18.578
19.466
18.44
19.628
19.616
21.404
18.842
20.18
19.868
18.956
20.144
19.382
20.27
19.658
19.646
19.634
24.422
20.66
19.898
20.036
20.774
20.462
20.45
25.988
24.926
21.164
21.002
26.39
21.428
20.666
21.404
21.092
21.68
21.068
21.056
23.894
27.782
28.97
21.608
21.596
22.484
27.872
21.71
32.048
22.136
28.424
22.412
24.65
22.388
23.126
28.664
25.202
22.94
32.978
30.416
25.754
23.492
28.28
23.618
24.656
37.394
34.232
37.07
24.758
24.896
23.984
24.122
34.46
26.798
26.936
36.674
29.312
30.8
25.688
24.926
38.564
26.402
35.84
26.678
30.566
28.604
27.392
36.23
28.868
26.306
27.494
34.082
29.87
33.608
31.946
34.634
33.722
30.26
34.898
28.886
27.824
31.112
28.1
29.738
41.576
42.014
34.952
30.29
39.428
29.216
32.804
43.442
29.93
31.718
33.806
30.194
43.982
32.57
38.258
44.546
35.084
38.822
35.36
45.398
36.536
34.124
38.162
45.95
34.838
32.576
46.214
34.952
32.99
43.628
37.016
35.054
43.892
40.88
33.668
36.506
38.894
34.382
47.87
34.808
37.346
34.634
44.522
41.66
44.348
38.936
47.774
35.162
45.05
35.588
39.626
37.664
39.752
36.44
38.228
45.566
41.804
37.442
49.58
43.718
38.156
36.794
39.782
44.42
38.108
37.646
37.784
39.872
43.76
38.348
44.786
40.874
38.012
50.6
38.738
51.476
44.414
39.302
49.04
46.178
45.416
39.854
39.542
39.23
41.918
49.556
39.494
53.282
47.12
42.608
40.196
50.534
46.622
54.26
51.098
54.686
40.724
54.812
40.85
51.788
48.626
44.114
41.852
55.19
54.428
42.566
52.754
45.392
49.13
42.968
50.756
47.594
49.832
45.77
53.558
51.446
44.834
44.372
44.51
54.548
50.936
57.974
51.212
45.5
44.738
45.776
50.114
45.302
48.14
59.228
53.216
47.354
51.542
46.73
47.918
57.506
46.994
49.832
57.92
54.908
48.896
53.534
47.972
62.51
54.848
59.636
54.224
48.662
62.6
55.688
54.926
50.264
55.802
60.74
50.978
56.516
61.154
51.242
50.48
65.318
57.206
65.744
54.032
57.92
62.708
58.346
62.984
52.172
62.81
55.148
52.736
63.374
54.212
59.75
66.938
56.576
53.714
56.702
61.49
55.478
54.566
55.754
61.292
62.18
57.368
62.456
67.544
61.532
55.52
56.258
61.646
58.334
56.822
69.26
57.098
60.986
59.324
57.662
56.15
57.788
62.726
58.214
57.602
62.99
56.678
67.016
59.504
67.142
63.38
63.368
62.156
57.194
59.732
63.47
58.208
57.446
70.334
65.072
68.36
61.148
58.436
69.074
60.212
66.65
72.788
60.776
67.364
70.652
72.89
60.578
62.966
61.004
60.692
68.18
61.118
63.356
67.694
61.832
66.02
61.808
74.996
62.084
68.522
74.21
68.498
64.886
62.174
69.662
62.45
62.888
62.726
72.164
74.552
72.14
72.128
62.366
68.654
71.792
62.78
63.218
62.906
63.044
75.482
64.82
62.858
72.146
62.234
62.822
75.56
72.248
69.236
75.374
64.862
63.2
64.988
61.826
69.164
67.052
69.44
69.578
61.916
74.354
71.342
61.88
60.818
66.956
66.344
59.732
60.92
67.508
66.596
70.484
61.022
68.06
72.998
61.286
68.774
63.662
71.3
61.988
69.176
62.264
62.402
68.84
75.278
63.116
68.954
62.192
74.48
68.168
72.206
68.444
69.482
66.92
72.458
72.446
72.434
72.422
72.26
72.398
66.986
72.674
67.262
76.4
67.238
72.176
72.314
63.302
75.44
72.278
62.966
71.954
72.092
62.93
63.068
63.056
64.544
61.832
61.22
68.858
68.546
60.884
60.872
63.26
67.748
60.086
60.074
66.362
60.2
66.488
65.126
60.914
74.252
68.39
60.578
65.816
67.154
71.792
61.58
75.368
62.456
72.494
75.632
67.97
61.208
64.196
67.934
66.722
74.36
69.098
61.886
68.324
61.862
66.95
64.688
68.276
62.864
66.902
62.99
64.778
74.966
71.954
62.642
61.73
68.168
62.906
64.994
63.332
65.27
64.958
63.296
63.434
72.122
61.91
75.398
75.536
67.124
62.912
63.8
59.888
59.126
69.464
61.952
73.49
66.878
60.866
67.154
63.242
60.23
67.868
67.856
67.994
67.982
73.97
67.058
74.396
67.484
61.322
61.31
74.348
62.036
67.874
74.912
64.4
62.288
72.326
69.764
69.752
62.54
70.028
62.666
69.854
62.492
68.78
72.968
76.406
72.944
73.082
66.62
62.708
64.646
63.134
62.972
75.11
62.648
64.136
71.474
74.012
74.15
61.838
61.826
72.314
66.902
72.59
61.628
62.666
71.954
61.892
69.08
68.618
62.156
69.794
61.832
61.97
61.958
68.846
74.234
68.222
64.61
64.598
64.736
62.774
61.712
75.35
72.338
75.776
75.314
69.452
66.89
74.528
62.666
62.804
71.942
66.83
74.468
63.056
63.194
75.482
62.87
64.358
69.296
62.234
75.122
61.61
63.548
63.236
59.774
67.262
66.35
70.238
62.876
60.314
67.652
70.79
61.778
71.066
61.904
61.142
71.63
74.168
68.006
62.894
72.182
64.82
67.958
67.346
71.384
62.372
69.26
66.698
62.186
62.924
72.212
75.5
64.688
63.176
75.314
68.102
72.44
76.028
67.166
72.254
64.442
74.03
62.468
71.906
64.094
62.582
75.17
67.508
64.046
65.984
70.922
65.81
61.898
68.336
60.524
67.562
60.35
70.838
68.276
74.564
61.952
61.49
64.028
61.916
75.404
61.742
68.33
62.918
62.906
63.044
64.682
63.02
63.158
62.846
72.134
72.272
67.01
75.548
72.386
75.974
72.812
72.2
63.188
71.876
75.464
72.302
74.24
72.728
75.866
71.504
62.042
61.43
62.318
68.156
71.894
64.832
62.42
62.258
62.696
68.834
61.772
67.31
60.998
60.086
62.624
67.862
65.15
61.088
73.226
68.564
73.652
71.39
69.128
71.816
69.404
62.792
62.48
70.118
62.456
62.894
64.682
63.17
65.108
63.596
63.734
63.722
75.41
62.948
63.086
66.374
71.162
73.4
71.138
62.276
61.214
74.402
64.79
63.278
63.266
64.304
69.092
72.08
74.768
72.056
68.144
69.182
61.82
61.958
61.646
69.734
62.072
62.06
67.148
74.636
68.924
61.412
66.35
62.438
68.426
75.614
75.602
72.44
72.578
75.866
62.804
62.792
62.78
68.168
69.056
62.894
62.582
64.37
73.958
62.246
64.034
74.522
62.06
63.848
71.486
66.224
62.462
62.45
66.488
74.576
62.864
75.452
67.04
72.578
76.166
61.754
61.292
68.78
68.618
73.856
60.644
74.282
68.27
62.408
66.596
68.084
63.122
62.06
61.748
62.936
74.774
66.812
75.5
66.788
72.176
61.814
69.152
61.94
71.978
62.666
71.054
63.992
71.33
62.468
66.506
64.844
72.332
75.32
64.208
62.696
61.784
74.522
64.91
63.248
72.086
61.874
62.012
62.9
62.888
75.626
62.714
75.602
72.29
68.978
61.916
62.054
71.492
71.63
74.918
74.906
64.094
75.182
67.52
62.258
64.346
74.834
62.972
64.91
69.098
66.986
72.224
65.762
68
62.888
61.376
62.414
61.652
74.54
63.128
63.716
62.054
61.142
62.33
73.718
68.906
75.194
62.882
62.12
66.908
72.296
62.384
74.372
69.11
62.048
69.536
62.474
64.562
74.9
61.688
71.576
73.964
61.802
62.69
72.428
72.116
72.254
71.942
69.08
62.018
62.906
72.194
75.332
68.42
61.958
64.496
68.534
74.672
62.21
66.098
61.586
68.924
62.012
62
63.788
68.576
64.064
72.002
70.19
62.528
62.666
71.954
62.792
62.18
62.918
69.656
62.744
62.282
61.52
73.958
71.846
61.934
71.372
62.21
71.648
62.336
71.624
74.462
72.05
64.988
72.476
72.464
63.302
70.04
75.428
69.116
68.204
75.242
68.18
62.768
68.306
66.644
75.482
63.17
64.508
63.146
66.884
72.122
62.66
69.398
62.636
69.674
74.462
68.45
62.438
68.576
68.714
68.702
61.04
72.728
61.016
71.954
59.942
65.93
62.618
62.606
66.044
62.732
65.27
60.608
66.746
67.634
63.272
67.46
70.598
61.586
67.874
66.812
66.95
60.638
60.326
72.914
67.652
65.54
60.728
71.216
63.854
61.442
68.63
61.868
71.756
64.244
68.432
64.52
74.558
69.146
61.784
66.872
69.41
62.198
68.486
64.574
64.712
62.9
74.738
65.426
63.464
63.602
65.69
64.028
65.966
64.154
66.242
64.43
66.668
64.706
76.394
76.082
64.07
62.708
71.396
74.984
62.372
67.76
62.648
69.086
68.324
68.312
62.3
68.288
68.276
61.664
61.802
62.69
67.928
69.116
62.054
75.242
75.38
62.018
69.506
68.444
69.482
69.47
62.108
68.096
68.834
71.972
62.06
64.598
66.386
61.574
62.762
74.6
64.838
61.826
69.164
74.252
62.84
75.278
62.666
75.254
66.692
72.08
74.318
75.506
72.494
72.632
62.72
72.008
62.546
61.634
71.972
68.36
62.348
69.686
69.824
62.912
63.8
62.288
61.526
66.314
68.852
66.74
74.228
75.566
64.604
63.092
63.23
63.068
72.956
72.794
62.732
69.02
68.858
62.546
69.284
62.372
62.21
74.798
74.336
62.924
65.462
70.55
60.788
70.826
60.014
61.202
70.79
66.878
60.566
67.004
68.192
67.43
68.618
67.856
67.994
70.832
61.82
60.908
62.096
67.634
71.672
61.76
72.098
69.536
74.474
63.062
69.95
70.088
62.876
74.714
62.852
66.89
64.628
68.516
68.504
64.442
62.78
62.918
70.106
72.194
62.882
62.87
62.858
62.846
72.134
74.372
68.36
75.548
74.336
62.924
74.462
62.75
61.688
60.626
66.764
60.302
67.64
73.028
70.766
70.904
68.192
71.03
60.818
63.806
67.394
74.882
61.37
67.508
59.996
70.484
60.272
74.06
61.748
67.286
66.074
62.312
69.05
62.738
69.476
61.514
64.352
69.14
62.228
62.366
68.504
69.542
62.48
62.468
72.206
69.194
63.182
70.07
62.858
70.196
63.284
69.422
69.56
63.398
69.986
63.524
69.962
62.15
62.288
72.176
75.464
74.252
68.09
61.928
64.616
62.954
64.892
63.23
62.918
69.356
62.294
60.932
61.07
64.058
60.296
66.284
60.272
59.96
67.448
60.686
60.674
72.962
59.6
65.888
72.176
59.864
67.352
66.74
62.678
60.566
67.004
60.992
60.68
60.668
68.006
70.844
61.232
74.57
61.658
61.496
65.834
67.322
62.06
67.748
62.186
71.474
62.012
61.1
61.088
66.476
62.564
71.852
74.69
67.028
72.416
72.554
72.692
72.83
68.318
61.556
62.444
68.882
75.32
61.958
72.446
64.634
64.772
62.81
74.348
62.636
69.074
63.062
70.4
66.488
74.726
62.114
66.302
62.24
66.578
62.666
70.904
63.692
71.93
71.318
70.406
75.494
71.282
64.22
70.658
63.596
70.184
63.722
63.71
63.848
63.836
75.374
62.312
75.05
75.188
62.576
64.364
75.452
63.29
62.828
62.966
62.804
72.092
62.03
68.468
62.006
62.144
62.282
62.27
70.808
65.546
74.084
72.722
69.56
62.048
59.486
73.574
72.662
67.55
74.288
60.776
60.764
67.952
61.49
61.328
61.766
61.604
61.592
66.23
69.218
75.206
62.444
62.132
68.12
61.658
74.396
65.834
68.372
67.46
63.848
62.336
61.424
71.762
74.6
63.338
74.726
63.164
74.852
62.09
75.578
72.266
62.054
66.692
72.53
64.418
75.956
74.444
72.782
67.67
62.858
62.996
67.784
72.122
75.56
72.398
61.886
69.374
62.312
62.9
62.738
69.926
76.214
76.052
62.69
62.828
62.816
62.954
75.392
62.63
74.168
75.506
74.594
74.732
62.72
69.608
71.096
62.384
69.422
71.36
63.098
73.886
64.124
62.612
70.25
69.188
71.126
63.314
62.702
68.84
69.878
62.666
66.104
62.642
69.08
71.918
62.906
75.494
70.682
63.47
71.108
70.046
71.534
64.022
69.26
63.098
69.686
63.524
72.212
62.9
64.838
63.176
63.314
62.852
72.59
74.378
62.966
69.104
64.742
72.08
66.668
62.756
75.494
72.332
75.62
61.658
64.496
62.684
62.672
68.51
66.398
65.336
66.674
60.062
67.1
69.788
66.626
59.264
65.702
62.09
59.678
69.866
67.454
60.242
66.68
68.018
60.656
72.494
61.082
70.67
63.458
61.796
63.434
61.922
74.81
67.898
66.536
72.074
69.362
75.8
72.488
63.026
75.464
68.102
69.14
72.128
61.916
68.204
62.342
69.38
71.768
62.606
72.044
74.882
64.97
63.458
66.896
65.234
75.572
75.71
62.798
74.486
62.624
62.612
72.2
62.888
62.876
74.714
62.252
65.99
72.878
72.116
67.754
60.842
67.13
60.818
68.306
67.844
73.532
61.82
73.958
61.946
61.034
70.772
67.16
71.198
61.136
74.924
67.862
74.9
61.988
67.226
61.214
71.402
64.19
68.978
75.416
63.104
65.192
63.38
63.068
75.056
63.344
63.332
65.27
63.608
63.446
74.534
71.972
62.81
74.498
62.786
75.374
72.212
64.7
72.038
72.176
64.664
62.702
74.39
61.778
72.116
61.754
74.942
72.53
75.368
63.206
68.144
67.382
61.37
67.658
61.646
68.684
67.622
74.81
62.348
61.886
75.224
74.762
69.5
62.588
72.326
68.864
66.902
62.39
72.128
62.516
62.504
69.992
62.93
70.268
63.206
61.994
75.182
68.72
62.558
62.546
68.984
62.972
70.31
74.348
62.636
62.774
72.212
72.2
62.738
75.326
74.264
62.852
62.99
61.628
68.666
66.554
72.242
62.63
73.568
74.756
61.394
62.882
68.72
62.708
61.946
69.284
62.072
68.51
68.648
62.186
68.474
75.362
62
69.488
62.126
68.414
69.602
69.14
66.878
75.566
67.304
68.192
63.08
63.218
64.556
71.894
64.532
75.47
62.858
75.746
75.584
62.822
74.36
62.948
61.436
67.874
74.312
75.5
66.938
61.826
67.064
64.502
62.84
62.828
65.066
64.904
62.942
61.88
68.318
61.706
75.044
62.582
68.12
64.058
67.796
71.984
63.122
63.11
66.848
71.936
62.024
68.462
62.3
62.438
62.276
74.564
63.002
64.94
62.828
62.816
69.404
68.192
61.88
68.318
62.156
62.144
64.532
71.72
62.708
62.696
71.684
61.472
72.11
68.048
66.086
62.024
74.762
68.6
71.738
64.076
74.114
66.602
62.84
71.978
61.766
69.104
62.192
69.38
74.468
68.606
62.894
68.132
75.47
72.458
72.446
72.584
72.122
64.61
62.948
64.586
75.374
66.212
71.75
62.438
72.176
64.364
61.802
62.54
75.278
64.616
72.254
75.842
72.38
68.168
61.856
62.894
72.332
61.97
66.908
72.746
64.634
62.522
62.36
62.198
69.536
62.624
62.612
62.75
69.938
62.876
71.864
63.152
64.49
70.778
70.766
63.704
75.542
69.68
63.518
63.206
63.044
69.782
61.67
64.058
66.596
60.584
60.572
67.61
70.448
60.236
70.724
60.662
71.15
70.988
68.276
62.114
61.352
68.54
74.978
66.416
67.904
62.642
69.08
69.068
72.206
61.844
61.982
61.67
62.858
62.696
61.934
61.772
61.91
75.398
72.086
72.074
68.312
72.35
64.688
68.576
67.064
62.402
62.54
62.678
69.866
62.204
74.792
74.33
68.018
63.056
63.044
62.882
63.02
74.558
71.696
74.234
62.822
62.06
62.798
72.086
74.324
62.612
66.65
74.588
67.976
68.114
66.302
60.89
67.928
73.916
61.604
61.292
66.08
61.568
73.856
61.694
68.282
69.32
68.708
71.846
62.684
62.222
69.56
62.648
62.186
69.374
69.212
68.3
62.138
68.576
71.414
62.402
74.99
71.528
71.666
62.504
75.242
74.48
75.668
72.356
66.644
69.332
63.02
62.858
64.646
75.434
65.072
63.41
63.548
63.386
75.074
63.362
69.2
61.838
60.926
61.964
74.552
61.19
73.928
67.766
68.654
61.442
62.33
62.468
61.556
72.044
63.032
62.27
75.308
61.646
61.634
61.622
71.96
69.098
62.636
61.874
62.912
63.05
63.188
61.376
68.714
62.552
62.09
75.428
66.716
62.804
62.942
72.23
75.668
72.506
75.944
62.882
61.82
62.708
71.696
64.334
66.722
62.96
64.748
74.486
63.074
69.062
72.2
62.738
67.076
61.664
61.502
74.24
64.628
71.966
63.254
75.542
73.88
61.718
66.656
66.794
61.382
74.12
69.158
64.796
69.134
62.072
62.96
66.698
62.336
68.774
61.712
68.9
61.688
69.176
69.314
75.152
74.39
68.978
62.816
69.254
69.992
62.48
62.618
72.206
62.594
75.482
62.57
69.608
74.846
62.534
66.122
74.96
71.948
74.036
61.724
73.562
61.7
70.988
65.876
60.614
61.802
67.34
66.878
60.716
60.554
67.292
66.53
67.268
60.056
67.694
60.482
61.22
60.608
61.646
70.934
67.472
62.06
61.898
68.786
62.324
68.762
62.75
68.288
63.026
75.464
75.602
75.59
72.428
75.566
75.704
72.542
61.88
68.318
69.506
72.044
72.182
75.32
62.108
71.396
63.884
71.822
62.66
68.648
74.786
63.374
62.162
74.6
63.038
75.026
62.864
63.002
62.84
69.578
70.466
68.954
68.642
62.48
66.818
64.106
71.294
61.982
68.72
74.108
70.046
62.834
62.822
75.11
75.098
63.086
62.774
62.012
68.15
61.988
69.476
75.464
62.402
62.54
61.628
61.016
65.804
73.592
63.83
73.718
66.056
71.444
62.132
71.57
64.058
69.146
75.434
63.122
68.51
62.498
62.186
68.174
64.412
61.85
61.838
61.826
62.864
75.452
72.29
64.628
62.066
62.054
75.392
72.23
69.218
62.906
64.844
64.982
66.47
74.258
71.846
62.684
62.822
62.81
75.248
75.386
71.624
60.962
71.6
62.288
67.676
67.664
61.652
61.79
61.928
61.766
68.204
61.592
64.43
68.168
62.156
75.494
62.132
75.62
62.408
62.246
61.934
66.872
72.26
61.898
69.236
62.024
72.662
75.8
72.638
75.476
72.014
61.802
66.89
72.278
66.866
75.554
72.542
74.18
72.068
62.906
74.744
63.032
63.17
75.308
66.596
68.084
61.922
66.56
62.648
69.086
69.074
63.212
59.9
61.088
67.676
66.764
59.702
62.39
60.128
72.416
67.604
66.692
68.03
68.168
60.656
67.094
70.382
61.22
67.208
74.096
68.384
67.172
67.91
67.148
60.836
60.524
70.862
67.25
63.938
67.376
73.814
64.202
67.79
62.978
61.016
71.504
64.142
67.88
71.918
62.906
72.344
76.082
76.22
72.458
67.346
72.884
67.322
75.86
72.698
75.986
72.524
65.162
62.9
72.188
62.876
62.864
72.152
74.69
64.478
75.416
62.654
69.092
61.88
66.518
75.206
74.294
75.482
60.47
67.208
59.846
66.284
66.122
59.51
59.198
66.536
71.924
66.362
65.6
61.988
59.726
73.214
60.902
67.79
73.928
61.616
67.754
71.342
62.18
69.068
75.356
74.444
62.432
64.97
74.858
72.146
72.134
71.972
75.41
72.098
61.886
62.024
72.212
62.15
68.588
66.776
72.764
72.302
64.49
70.178
62.816
62.204
72.092
72.08
74.918
63.656
63.794
75.332
64.82
74.558
62.846
74.984
75.122
71.81
62.198
62.336
66.374
74.162
62.9
60.788
71.126
61.814
73.652
61.04
74.678
62.816
61.454
63.242
69.08
62.168
62.306
62.444
69.332
62.87
63.008
62.846
70.034
62.072
68.06
74.348
72.086
66.824
62.912
63.05
63.038
63.176
63.164
72.152
75.44
72.428
75.866
72.554
72.542
72.68
62.918
66.956
73.094
64.532
64.37
69.008
64.346
68.084
69.572
69.41
74.498
62.936
68.774
61.412
68.9
61.688
69.176
62.414
61.952
68.24
62.228
62.366
71.354
61.292
71.63
61.568
67.556
61.394
64.082
63.77
61.658
63.746
61.934
75.122
61.91
72.398
68.486
62.624
69.512
62.45
69.788
62.876
62.714
70.202
62.99
70.178
62.516
74.504
72.242
61.73
62.768
74.606
64.844
63.182
72.17
64.808
62.996
69.284
62.822
72.11
61.898
69.086
68.024
72.212
72.2
75.788
69.026
61.964
69.302
61.94
71.978
75.416
74.954
61.892
75.23
66.668
62.906
68.594
62.582
66.92
72.458
62.846
68.534
62.372
62.21
62.648
72.086
72.224
68.312
69.5
61.838
62.276
61.664
66.602
62.54
62.378
72.416
69.704
62.792
71.93
64.568
72.206
64.694
62.732
69.02
61.958
74.246
64.634
61.622
67.91
75.248
62.786
64.424
61.712
61.7
62.888
61.826
69.314
62.552
66.74
64.778
72.416
64.454
62.942
63.08
74.768
65.006
63.344
75.482
62.12
61.658
61.646
64.184
69.422
72.11
72.098
75.386
62.774
62.912
61.1
68.588
66.326
61.814
61.952
64.04
62.378
64.016
75.104
62.492
62.93
62.168
74.456
67.844
68.432
73.97
71.858
68.696
74.234
68.222
69.41
64.748
69.836
64.574
61.412
66.65
61.838
67.526
66.164
62.402
71.69
74.528
63.116
62.954
64.892
75.38
61.868
72.206
75.644
68.132
68.12
62.108
69.146
71.984
68.972
62.96
68.198
75.386
66.524
61.862
69.2
61.688
60.926
61.964
67.502
64.19
68.978
71.966
64.904
74.792
74.93
71.768
68.906
74.594
75.182
67.82
61.508
62.696
68.384
61.922
68.21
62.198
74.486
63.224
62.312
68.75
62.588
69.026
62.564
68.402
69.14
68.378
62.216
68.504
64.592
62.18
69.968
69.206
71.894
72.032
62.87
75.608
62.846
75.434
71.972
66.71
69.098
62.186
62.174
67.712
63.8
74.588
61.376
64.364
67.502
64.34
75.278
69.266
62.204
69.542
68.78
62.768
62.906
70.394
72.482
72.62
74.558
62.096
61.784
74.822
62.06
73.898
73.886
74.324
71.312
65.9
71.738
68.276
72.014
67.652
75.44
61.478
72.566
69.254
75.392
64.43
62.318
66.356
67.844
61.682
71.87
62.858
62.996
62.084
75.272
75.41
62.348
75.536
62.774
64.412
62.75
72.638
62.876
62.864
62.852
62.84
66.728
75.566
72.104
68.642
75.38
75.368
75.356
62.894
63.032
62.87
64.658
63.296
62.834
72.272
71.96
68.198
64.586
63.074
66.362
64.25
63.788
67.526
60.614
60.752
60.89
62.678
61.316
61.304
61.742
63.68
68.168
62.006
68.144
74.882
62.57
68.558
74.546
69.884
62.672
70.31
62.648
74.486
62.474
74.612
68.9
62.738
70.226
63.164
62.702
75.44
64.628
64.766
72.404
64.742
64.88
73.118
72.206
62.894
64.682
71.72
62.708
75.446
72.434
62.972
62.96
75.548
66.686
67.724
61.562
69.05
61.838
69.026
62.114
62.252
62.39
62.228
75.266
62.354
69.692
62.63
62.318
69.206
67.994
61.832
67.37
61.958
63.746
67.484
62.672
64.46
62.948
61.436
64.874
66.812
63.2
61.688
75.476
62.714
72.002
74.69
74.828
61.916
68.804
66.542
68.18
66.968
75.656
72.644
72.632
75.62
64.958
74.696
63.134
64.922
67.01
64.598
66.836
72.374
66.962
69.35
61.988
64.826
64.364
62.252
62.39
64.328
62.666
66.404
64.742
62.33
67.718
71.756
61.844
61.982
61.82
61.958
62.696
68.984
64.622
68.21
64.748
75.236
68.024
68.162
68
61.988
62.876
66.914
61.802
71.99
62.828
75.716
72.554
72.542
75.98
75.968
72.956
76.244
66.932
73.52
73.358
72.296
65.084
62.522
71.96
68.048
61.886
61.874
63.812
62
61.688
61.226
66.614
61.502
60.89
60.578
60.266
67.304
66.542
67.58
60.518
61.256
61.394
70.532
60.47
67.958
60.746
66.734
70.922
61.76
71.348
61.136
68.324
62.312
61.55
64.538
61.976
63.164
69.302
68.54
62.528
62.666
61.904
72.092
61.73
62.918
68.156
75.494
69.182
66.47
75.308
64.196
72.584
68.222
62.06
62.198
62.186
62.024
72.212
61.4
71.888
64.526
68.114
73.952
75.14
61.778
69.116
68.204
62.042
67.73
62.318
68.756
73.844
68.732
61.52
64.358
69.446
61.934
64.472
75.41
68.048
62.036
69.374
62.462
62.6
69.338
68.426
69.764
69.902
68.24
61.478
74.216
69.854
75.392
69.38
62.168
62.306
69.494
64.532
64.67
62.408
62.246
64.484
61.772
75.41
66.698
62.786
66.674
71.912
75.65
64.388
75.926
76.064
76.052
62.69
62.828
62.966
68.054
68.942
75.53
75.518
74.456
75.644
75.482
62.87
64.658
75.446
69.134
62.072
75.41
71.948
61.736
72.074
61.862
69.5
74.888
66.926
60.164
63.152
70.79
65.678
67.016
71.054
68.492
61.13
63.968
60.356
66.794
67.682
70.52
60.008
62.996
70.634
60.572
65.81
60.698
68.186
63.674
71.462
61.7
62.738
75.476
69.764
62.702
69.89
64.478
61.766
69.254
62.042
69.68
69.518
68.306
68.444
62.882
62.87
76.208
67.796
73.034
62.822
62.96
64.748
62.936
64.574
74.462
67.4
62.738
64.676
62.864
62.852
64.79
72.128
62.216
68.654
69.842
62.63
62.768
62.756
69.044
62.882
75.47
62.858
62.246
68.684
68.672
68.81
68.948
62.186
64.124
74.612
67.55
61.538
61.526
62.264
68.252
68.09
64.328
75.416
72.254
75.392
68.18
64.868
62.156
62.894
72.182
64.67
68.258
68.246
64.634
62.972
63.11
63.248
63.086
63.224
71.162
68.3
71.438
61.526
71.864
71.552
62.54
73.928
75.116
62.504
71.792
64.43
61.718
62.606
67.994
64.682
62.12
62.108
62.246
68.384
61.622
75.41
68.498
69.386
62.174
62.312
68.6
66.338
64.226
67.514
62.102
71.54
62.078
64.016
74.804
62.342
64.43
74.468
62.306
63.344
62.582
65.42
75.458
75.596
74.984
63.572
63.26
63.098
64.586
69.824
62.912
70.1
61.688
61.826
61.364
65.552
67.34
70.628
63.116
73.604
60.992
65.33
63.218
60.506
74.744
62.132
68.27
75.308
74.396
68.834
68.072
62.06
68.198
69.236
68.324
69.662
62.15
62.138
68.426
61.814
72.152
69.44
72.428
75.416
68.654
69.692
69.08
69.068
62.456
62.894
69.482
68.42
72.158
64.496
61.784
61.772
61.91
72.098
75.386
66.974
72.062
72.2
64.388
64.526
62.714
75.152
75.14
64.328
67.016
75.254
72.242
61.13
63.818
67.706
68.444
73.982
61.67
64.658
68.096
67.334
66.272
62.51
69.098
64.286
69.074
64.562
62.9
63.038
69.176
67.664
62.552
61.79
65.078
65.216
63.104
61.892
63.38
74.918
72.356
71.894
68.732
62.72
69.008
62.846
72.284
72.422
72.41
72.398
72.236
72.224
63.062
75.5
62.888
75.476
71.564
61.952
74.69
64.028
61.766
71.054
62.192
60.53
60.518
63.506
70.994
73.682
71.27
61.058
71.696
68.384
68.522
61.01
61.148
60.986
61.124
61.262
73.1
60.638
68.126
73.364
68.252
63.44
68.078
73.466
62.054
71.342
62.33
71.618
64.256
66.794
61.832
72.47
66.758
69.146
68.384
62.222
68.36
62.348
62.336
69.524
72.662
67.4
72.788
72.926
62.864
63.002
73.04
64.628
62.816
73.004
76.442
73.43
75.068
62.606
66.794
64.532
63.02
64.958
63.446
63.134
64.322
62.66
62.798
61.736
63.074
63.212
63.35
63.188
74.276
71.864
62.402
68.39
62.228
61.916
64.304
72.392
63.98
64.118
61.406
68.144
67.232
60.92
60.758
70.346
73.784
72.872
60.41
63.248
74.636
66.674
73.112
67.85
60.638
61.676
60.614
71.102
62.09
61.328
73.916
61.604
62.792
69.23
63.218
64.856
64.994
63.182
62.87
74.858
64.796
62.984
64.922
63.41
75.398
72.236
72.074
73.712
71.15
62.138
71.426
74.264
66.452
74.39
74.528
62.816
64.754
62.942
64.58
75.368
72.356
62.894
69.182
62.12
67.958
61.946
61.334
71.672
68.06
66.698
75.686
75.824
68.012
62.9
63.038
69.026
66.764
74.402
74.24
69.128
69.266
64.454
68.342
68.48
60.818
61.706
67.394
62.132
61.67
61.358
62.096
62.234
65.972
68.81
62.348
72.386
69.074
63.062
63.2
68.438
72.176
61.664
62.702
62.09
61.778
69.266
69.254
66.692
71.93
62.918
74.456
61.844
66.632
69.32
62.108
64.496
62.834
72.122
75.56
74.498
63.086
63.074
63.212
68.3
62.288
62.876
68.564
74.702
62.39
71.378
62.216
66.404
72.092
71.93
71.768
62.606
72.194
68.582
61.37
62.558
69.296
62.534
62.372
62.51
68.498
62.336
69.824
69.662
68.9
68.738
61.226
61.364
61.502
74.09
68.978
74.366
62.204
69.542
68.78
66.818
68.306
61.994
68.432
75.77
72.158
68.396
61.784
72.122
62.81
64.598
63.236
75.374
74.612
73.25
61.838
72.776
63.164
73.952
60.59
62.078
71.366
64.304
61.292
63.08
67.718
61.706
64.394
69.332
69.47
62.408
61.346
74.084
69.122
74.36
68.498
62.186
72.224
61.712
68
62.588
74.276
68.114
61.802
68.24
61.778
66.416
67.454
61.292
74.93
68.768
61.706
67.844
64.232
61.97
72.308
75.596
75.434
75.572
66.86
61.898
76.136
72.824
72.962
72.95
61.988
63.026
63.164
73.202
76.94
73.628
67.766
61.754
66.692
69.53
62.468
72.206
69.044
71.732
74.27
69.608
74.696
74.834
62.522
62.21
69.248
69.086
67.724
61.262
67.7
66.488
63.926
61.364
61.352
67.79
61.328
68.066
71.654
62.042
71.93
61.718
62.756
68.144
69.182
69.17
68.408
69.596
62.234
69.572
66.86
74.498
62.936
74.774
62.912
74.15
72.038
62.876
64.814
62.852
66.89
72.428
74.666
61.004
73.742
68.78
61.568
68.606
61.244
61.082
61.07
67.508
61.496
61.034
65.822
61.31
71.648
61.736
68.474
61.412
61.55
68.738
66.626
62.114
66.902
68.84
69.428
62.066
69.554
62.492
62.63
68.618
62.756
68.594
64.532
62.12
62.858
74.846
63.134
64.922
63.41
65.048
63.386
65.324
65.462
72.2
64.388
74.426
74.564
61.802
72.14
72.128
61.766
63.854
65.192
65.18
63.518
65.606
69.344
65.282
62.87
74.708
62.696
62.684
62.672
68.21
61.898
62.636
75.224
75.212
68
66.938
67.676
63.614
66.002
64.04
60.878
74.516
67.454
63.992
61.88
64.268
72.056
69.194
61.982
64.52
61.508
75.146
74.384
61.772
69.11
68.348
62.186
64.724
62.612
68.75
62.888
64.826
63.164
63.152
74.84
68.678
62.366
62.804
62.342
68.78
68.918
62.906
62.744
64.682
63.17
75.458
62.846
62.384
68.222
64.31
62.798
62.336
62.324
61.412
74.45
69.188
68.726
67.964
61.802
61.79
68.078
62.216
71.654
62.642
66.98
69.968
62.906
69.194
62.882
63.02
69.458
66.896
72.434
67.322
61.61
75.098
61.736
62.624
75.362
65.15
65.288
63.026
63.164
65.102
62.54
75.428
62.966
61.904
68.342
62.18
72.668
66.806
62.894
64.682
72.32
62.558
71.246
70.484
61.322
61.31
72.998
70.586
66.674
65.762
60.8
67.388
60.926
68.264
60.902
68.39
73.628
68.666
62.354
68.342
62.78
61.868
61.856
68.294
67.982
61.52
68.858
61.796
61.784
73.922
67.91
66.698
62.786
72.074
61.862
69.2
72.188
62.876
61.364
64.352
66.74
66.728
62.816
72.104
72.092
64.58
63.068
62.906
64.844
63.182
64.97
63.008
75.446
75.584
66.872
75.86
72.698
72.836
75.524
75.362
61.55
60.938
62.876
73.214
66.002
62.39
60.278
66.566
67.604
66.842
59.93
66.368
59.756
67.244
60.932
66.92
60.458
66.896
67.034
66.872
64.61
66.398
70.436
60.224
61.262
66.95
73.538
63.776
60.764
71.252
62.69
61.178
64.766
61.604
63.542
72.23
61.718
69.056
62.894
64.682
64.67
63.008
74.846
65.384
63.722
63.26
74.948
65.336
75.074
72.212
72.2
63.188
75.176
65.264
65.402
63.44
63.428
63.416
63.104
74.942
62.93
62.918
72.356
63.644
60.932
66.92
67.058
60.746
67.034
67.022
66.71
60.398
67.436
60.224
59.912
66.35
70.238
60.026
67.514
66.302
65.24
60.128
67.616
60.254
67.592
60.53
60.368
67.856
73.094
70.832
67.22
63.908
71.396
67.634
62.972
61.76
72.098
69.686
69.374
68.162
75.05
67.988
75.476
72.314
69.002
68.24
64.628
61.916
71.804
64.442
66.98
72.518
62.906
72.944
72.332
72.47
75.308
72.146
63.434
62.972
75.56
61.898
67.136
67.124
67.262
75.8
65.138
62.276
75.014
62.402
71.39
74.828
71.516
61.604
60.842
71.18
63.968
66.356
62.744
61.682
72.17
69.008
75.446
62.084
61.922
72.11
62.348
62.336
61.574
67.112
68.3
73.688
60.326
66.614
60.152
63.14
73.178
60.716
63.704
68.192
73.73
61.268
74.156
75.044
67.982
62.72
69.158
71.996
64.634
64.772
61.91
69.098
75.386
62.924
74.762
65.15
75.188
63.176
63.014
74.252
62.69
69.128
63.866
74.504
62.042
62.18
71.318
62.006
62.144
64.082
62.57
74.258
62.246
74.384
75.422
62.96
63.098
70.286
62.624
69.962
69.2
70.388
69.176
69.164
63.152
63.29
62.378
74.966
71.804
74.192
68.78
64.418
62.906
64.694
75.332
63.17
63.308
63.296
63.434
63.572
63.26
63.098
63.236
61.574
69.062
60.65
67.988
60.776
60.764
67.652
73.94
61.028
60.716
63.554
68.342
62.03
67.568
61.256
62.294
61.382
62.42
71.858
64.496
72.134
61.622
69.11
61.448
68.336
60.974
62.012
73.55
67.538
71.576
69.014
75.152
62.69
61.928
62.066
68.354
62.042
68.03
62.018
69.056
61.994
74.882
75.47
68.258
68.996
75.434
72.422
74.36
64.598
63.086
72.074
63.062
74.9
63.488
63.026
61.514
66.302
62.24
66.278
74.066
66.554
72.242
66.68
72.218
62.006
68.444
61.382
66.47
69.008
64.196
62.084
68.072
68.06
75.398
61.586
67.874
68.612
74.15
61.688
64.376
62.114
62.852
68.09
69.278
72.116
74.354
63.092
61.73
64.718
61.856
68.144
75.332
72.02
62.108
72.146
67.184
68.222
62.06
62.948
63.086
72.224
75.662
72.35
62.888
64.376
74.264
75.452
68.09
69.128
62.966
61.754
62.642
74.33
75.218
75.356
62.744
64.532
74.42
64.958
63.446
74.534
61.922
67.91
67.898
62.636
61.874
72.212
62
62.588
67.976
61.664
61.202
62.39
71.678
64.616
75.404
69.092
75.23
62.018
61.856
61.844
75.482
61.67
69.158
74.396
68.234
62.222
75.41
64.598
71.936
71.774
62.462
72.2
74.588
62.276
61.814
64.352
71.99
74.228
66.416
68.954
62.792
68.33
74.468
74.456
62.894
63.032
68.12
68.258
68.246
62.684
68.372
62.81
74.648
62.936
64.574
68.762
64.4
68.138
62.726
68.864
62.852
62.24
62.078
64.016
68.804
74.792
62.48
69.218
62.906
72.194
75.482
64.37
69.158
61.796
61.484
64.472
69.26
61.898
62.036
62.174
63.062
75.5
62.138
68.276
62.414
66.902
62.84
72.128
62.516
61.904
62.792
62.18
62.918
64.706
64.544
68.582
75.47
69.758
69.596
69.434
62.372
62.51
69.848
61.586
64.124
71.912
68.3
64.538
75.176
62.864
74.702
62.99
62.978
66.866
62.054
72.092
69.53
68.618
62.456
64.394
62.882
62.12
66.308
68.696
66.284
63.722
68.51
67.448
61.436
64.124
61.712
61.55
64.538
68.126
66.764
67.802
61.49
61.028
73.766
63.254
70.742
65.63
66.818
63.356
68.144
63.782
66.77
67.958
61.646
68.384
71.822
64.46
62.648
69.386
63.074
63.062
70.1
63.338
72.326
69.914
69.002
72.14
70.028
62.666
75.254
64.892
65.03
63.218
74.456
61.544
62.582
69.17
63.008
61.946
74.984
66.872
67.01
72.248
67.286
75.974
61.562
68.9
64.388
61.376
67.514
73.352
74.39
71.378
74.366
68.804
61.592
61.13
62.318
68.756
64.394
68.882
67.82
62.408
71.846
62.834
72.272
61.61
67.748
61.736
68.624
68.462
66.5
67.838
75.326
62.114
69.602
68.54
64.628
62.966
62.354
62.792
74.63
62.768
62.456
69.644
62.882
75.47
74.858
63.296
68.834
66.572
62.81
62.798
69.836
69.974
69.662
74.6
71.738
62.426
64.364
61.502
63.14
68.078
62.066
62.054
61.892
61.73
71.918
62.906
64.844
62.282
75.47
62.408
69.596
62.534
69.122
75.26
74.948
66.536
67.874
74.912
69.5
72.038
68.576
69.464
62.102
62.84
64.778
61.916
75.404
68.192
62.18
62.918
74.756
74.744
70.232
72.17
70.358
63.746
69.584
64.022
70.91
70.298
75.686
69.374
71.612
64.1
71.138
70.226
62.564
64.652
66.89
63.278
62.966
64.604
64.592
72.68
65.018
72.656
71.594
73.082
73.07
65.258
74.246
65.534
65.672
65.66
65.798
65.636
65.474
71.912
72.05
64.988
70.526
64.364
70.802
63.74
63.278
63.266
63.254
63.392
63.53
69.518
68.606
74.144
73.382
61.82
71.258
73.346
66.284
60.272
65.21
60.398
74.336
60.524
74.612
61.7
74.288
73.676
68.264
68.402
67.34
74.678
74.666
61.304
71.792
69.08
68.018
75.206
62.894
69.332
68.57
68.708
69.446
64.634
63.122
62.96
74.648
75.386
62.924
61.862
66.95
62.888
63.026
64.814
66.902
72.44
62.828
72.116
74.504
62.792
64.43
75.518
62.756
64.394
68.732
68.87
62.708
68.246
68.384
61.172
60.86
60.848
60.686
60.824
60.062
60.95
60.338
61.376
67.064
73.352
61.34
71.228
61.166
62.054
68.942
71.33
60.968
67.256
68.444
61.982
74.57
62.258
74.846
74.234
62.822
68.81
62.798
62.936
62.924
74.462
63.35
63.188
64.976
61.814
63.902
62.84
62.828
61.916
64.604
62.942
65.03
63.368
75.056
62.744
75.182
62.87
72.458
74.246
71.984
66.722
64.61
62.948
74.786
64.724
72.212
66.8
62.438
72.026
75.464
61.802
59.99
60.128
67.016
59.954
66.392
64.88
67.418
59.606
59.594
60.782
60.77
67.208
73.646
60.434
66.272
67.46
65.648
66.686
60.524
73.562
67.4
61.238
71.126
60.464
67.802
71.39
60.878
71.666
62.054
67.892
72.38
62.618
68.456
69.644
68.582
68.42
68.108
72.146
72.284
68.072
61.76
68.198
68.336
62.924
74.612
63.35
64.838
69.476
63.164
69.902
63.14
72.128
63.116
70.154
69.992
70.58
63.368
71.006
63.494
69.632
70.82
69.758
62.996
62.984
62.672
62.66
62.798
62.936
71.624
64.262
62.6
61.688
63.026
66.914
75.602
64.94
62.078
68.366
64.604
61.742
72.08
62.918
64.406
69.194
64.082
75.17
62.858
74.246
71.984
71.972
69.11
74.498
71.936
75.224
72.062
62.75
67.988
62.876
66.914
64.502
67.04
72.578
68.816
74.204
68.342
62.33
62.468
62.006
72.194
62.882
65.87
73.508
71.546
62.384
71.972
64.46
75.248
62.786
61.724
68.912
62.75
61.988
64.676
62.864
69.152
62.09
67.928
74.516
71.954
67.892
67.73
75.218
62.906
75.194
62.882
63.02
74.408
61.796
61.934
64.622
62.96
63.098
62.336
75.674
64.562
62.9
63.038
75.626
75.464
72.302
62.09
71.378
62.366
71.654
62.792
71.93
75.068
62.606
74.144
66.482
66.32
61.508
72.146
66.584
60.122
61.16
67.598
60.536
72.824
60.212
60.05
61.238
66.476
65.264
67.802
63.14
71.228
61.766
71.654
68.792
62.48
75.518
68.306
74.594
63.332
75.02
65.258
63.896
64.034
63.272
64.91
64.748
74.486
63.074
65.012
75.2
65.438
65.426
63.764
75.452
75.59
65.828
75.716
65.654
63.992
65.33
63.818
65.456
75.644
64.082
63.92
63.608
65.396
63.584
61.772
61.76
60.398
60.386
59.474
59.612
59.75
66.788
60.176
66.314
66.452
60.29
66.428
59.966
66.704
59.042
66.68
60.068
59.756
69.644
60.782
60.32
60.458
66.746
60.584
61.022
60.71
60.698
70.586
68.024
60.812
74.3
61.088
74.726
62.114
61.652
66.74
62.678
61.916
75.254
64.892
75.08
72.068
61.856
75.044
74.282
72.32
75.758
61.796
72.884
72.872
63.56
63.398
71.936
62.924
64.412
72.2
72.038
62.876
64.814
64.952
63.14
63.278
61.916
69.254
69.242
72.53
62.318
75.056
64.394
70.832
61.67
71.108
74.096
63.434
60.872
62.06
68.798
62.486
61.724
74.462
68.15
65.138
64.826
74.414
65.102
62.99
62.078
69.566
62.954
75.242
69.38
61.868
66.356
68.444
73.832
71.72
62.708
66.746
64.784
75.572
61.76
75.248
61.886
67.874
75.212
69.2
62.888
62.876
64.814
74.552
65.24
63.428
75.116
74.804
62.042
62.18
74.168
75.056
72.044
66.482
74.27
64.208
66.746
62.384
62.072
74.66
61.898
69.236
63.974
68.312
72.2
69.638
69.026
68.714
69.452
62.39
68.828
61.916
61.904
62.042
69.23
62.018
62.156
65.894
65.882
61.52
65.708
73.046
70.784
61.022
62.06
71.348
67.736
61.424
69.212
64.25
61.988
74.726
63.014
66.902
71.99
67.928
74.216
64.754
68.042
64.43
68.318
61.556
71.144
71.282
62.12
61.358
64.346
75.134
64.622
61.91
66.998
75.986
75.524
61.712
75.05
68.288
62.876
68.414
68.402
68.39
75.278
72.116
72.104
72.092
66.68
61.718
72.506
72.194
66.632
72.17
75.608
62.846
76.034
75.872
72.86
68.498
68.036
62.024
61.712
61.55
68.738
75.176
68.264
62.852
64.94
62.678
69.566
66.404
68.792
72.23
64.568
72.506
62.894
67.082
75.77
72.458
71.846
71.984
62.672
61.76
68.948
67.586
67.424
70.562
60.5
63.338
68.426
71.264
74.402
60.59
61.778
74.516
74.054
63.992
68.63
64.118
61.556
62.594
68.132
69.02
61.958
68.396
72.134
72.272
75.71
72.698
75.986
72.674
74.462
62.9
63.038
62.876
72.914
75.452
67.04
67.178
67.166
67.154
72.392
62.48
64.118
66.656
75.494
62.732
62.27
68.708
75.446
67.034
72.272
61.01
62.048
68.786
74.924
62.762
62
63.038
61.226
61.364
61.502
68.99
68.378
61.766
61.604
67.892
61.58
61.718
60.806
67.244
61.832
61.52
64.058
61.346
62.834
61.772
72.11
61.748
69.236
61.874
62.912
75.5
74.438
75.626
72.314
73.952
72.44
68.078
72.866
68.354
62.042
66.98
74.468
68.156
75.494
75.632
66.47
64.358
61.796
62.534
69.272
62.96
63.098
74.486
74.624
72.212
72.35
62.888
69.476
69.614
61.952
62.69
61.928
74.666
67.454
60.392
67.88
66.218
73.406
72.794
67.682
70.52
61.508
60.896
71.084
67.622
68.51
73.898
67.436
61.424
74.912
61.55
62.588
69.326
68.714
62.552
71.99
68.078
62.816
74.954
73.742
67.58
75.218
69.056
62.744
64.532
66.92
72.308
64.796
74.834
74.972
65.21
63.698
63.386
65.174
75.062
63.5
63.488
74.576
64.514
63.002
75.14
65.078
75.266
63.404
65.192
63.53
65.468
63.506
75.194
75.182
65.12
74.708
65.096
63.134
74.822
61.76
68.048
61.886
62.924
63.062
64.7
67.838
60.926
60.914
60.602
73.34
60.278
70.466
66.704
73.892
60.68
67.268
60.056
67.694
70.532
66.77
72.758
66.896
70.784
61.772
61.16
62.198
63.836
61.274
67.562
68.75
74.138
67.976
65.714
67.352
63.74
71.978
75.566
67.604
72.392
62.63
62.018
74.906
65.144
63.482
75.32
65.858
64.046
76.034
66.272
66.11
75.398
63.986
63.674
65.462
65.45
75.188
63.626
66.014
63.902
63.89
75.728
75.566
65.804
64.292
64.28
76.268
64.706
64.844
64.382
64.37
75.758
64.346
64.484
66.122
64.61
63.848
60.686
60.824
65.612
59.75
59.288
65.726
65.714
59.102
59.24
58.928
65.366
58.754
58.892
65.18
66.068
65.906
58.844
65.132
72.32
65.258
69.146
59.984
71.822
72.71
61.898
69.986
60.674
73.712
60.95
70.988
61.076
66.614
71.552
63.59
61.028
75.416
64.154
61.592
73.13
64.568
74.606
64.844
64.682
72.02
72.008
61.946
74.534
68.072
68.21
72.098
75.536
75.674
63.362
63.5
63.638
66.926
75.314
66.902
66.74
75.578
64.766
74.354
75.242
61.73
74.318
62.756
64.544
75.482
66.92
62.858
62.696
66.884
61.622
68.21
61.448
75.236
61.724
62.912
64.85
75.488
71.876
75.314
75.452
71.84
62.528
75.866
62.804
74.492
62.93
67.568
66.356
62.594
75.182
61.82
62.858
62.996
71.984
62.672
66.11
63.698
65.936
68.324
75.062
62.45
75.338
65.726
73.664
68.252
64.04
71.678
62.816
68.054
75.092
74.63
63.218
64.706
62.144
62.282
62.27
61.958
61.796
62.984
68.222
62.06
66.548
67.886
74.474
62.012
75.5
64.238
74.426
72.014
64.502
75.59
72.278
64.616
62.654
62.792
61.88
61.418
71.756
75.044
75.032
75.02
71.708
59.996
70.484
61.322
60.56
67.148
63.386
68.474
71.312
62.45
61.688
62.726
69.764
74.852
62.99
75.128
63.116
68.804
71.342
73.73
63.968
63.806
71.444
70.832
67.67
73.058
74.246
71.084
73.472
74.96
71.648
71.636
71.624
75.512
75.05
74.738
68.426
71.564
74.102
75.59
72.728
73.916
70.754
73.892
73.73
72.968
73.856
72.644
