29.152
29.268
26.919
30.465
31.44
29.152
29.152
33.382
29.556
29.673
33.732
29.734
27.279
34.082
35.57
27.029
29.546
29.662
29.779
33.838
30.869
32.186
35.388
29.676
29.793
35.342
37.344
36.961
38.077
36.489
38.016
29.152
31.668
33.842
32.073
30.132
37.792
30.022
35.625
41.741
36.886
38.374
41.748
37.579
31.695
36.098
40.157
29.988
43.133
37.764
41.995
35.769
37.085
32.402
42.633
39.321
37.38
32.697
31.442
31.558
39.336
31.053
42.826
50.143
45.288
40.433
37.464
45.809
37.354
51.357
34.33
40.104
38.164
32.452
38.054
47.256
32.973
30.175
35.434
38.465
35.153
44.356
39.158
44.417
33.905
52.708
45.624
35.455
45.343
34.66
42.833
42.264
40.152
36.154
51.7
34.845
37.704
41.249
35.194
42.34
40.742
36.401
39.946
48.292
41.722
36.696
49.327
48.415
41.846
48.477
40.536
46.996
51.226
45.172
55.917
38.376
56.836
56.556
39.187
37.761
52.62
54.28
51.139
38.741
48.287
38.632
57.091
59.608
44.639
42.184
43.329
56.131
46.305
40.421
56.824
71.512
49.171
46.202
54.376
41.464
60.266
53.868
44.556
51.53
41.018
54.677
64.051
58.682
47.313
43.144
47.546
57.948
44.351
65.724
48.527
54.3
43.788
43.219
43.85
44.481
43.569
76.943
59.059
61.061
49.178
55.98
45.468
49.871
57.187
60.389
59.992
49.308
45.482
43.027
54.629
47.203
46.463
57.893
52.353
47.669
46.415
49.103
44.248
53.964
53.514
59.63
52.89
62.606
48.323
55.468
51.984
49.358
49.817
51.305
63.936
51.196
61.427
63.258
60.117
48.748
55.893
57.895
64.355
62.414
51.559
49.619
58.478
52.08
56.483
48.028
50.716
63.175
50.949
64.608
56.496
77.356
51.929
69.875
54.905
58.451
56.853
54.055
51.257
60.631
51.319
58.807
48.638
68.298
56.928
58.245
54.761
72.364
53.452
52.197
52.828
59.459
73.632
72.378
58.608
55.811
53.527
59.076
53.707
65.31
59.255
58.686
55.031
66.804
74.121
61.038
59.611
56.642
60.873
56.361
66.935
66.537
62.196
74.999
55.401
60.318
62.148
61.751
60.496
68.498
56.1
69.588
61.305
66.05
74.052
68.34
68.8
56.231
64.747
67.435
76.98
58.068
68.985
77.33
66.304
79.106
92.251
57.739
83.056
63.801
60.146
57.863
64.836
65.296
92.498
69.3
63.76
69.705
58.507
78.338
60.798
84.571
59.831
59.09
67.264
65.666
102.126
59.899
65.673
60.304
78.763
79.566
60.139
67.456
64.144
61.175
65.92
72.722
60.839
71.07
72.558
72.503
62.848
79.079
67.538
68.169
77.028
62.231
61.49
71.55
61.723
70.926
67.271
63.102
63.561
78.078
78.023
66.825
75.342
63.287
76.775
63.006
74.608
79.867
72.441
63.815
73.531
63.534
61.764
76.281
69.712
84.743
66.516
70.062
80.121
64.809
82.068
101.042
82.987
76.932
70.535
75.966
72.825
82.199
74.43
71.46
80.834
73.408
73.867
70.384
78.729
81.588
75.362
67.079
67.881
88.226
80.628
71.831
74.347
68.121
88.123
73.668
68.128
86.244
69.047
70.192
68.937
70.082
86.999
75.458
83.46
83.406
81.636
71.124
75.527
76.843
70.446
91.819
79.593
70.11
97.312
76.686
86.745
77.776
77.207
86.066
77.611
90.242
72.016
94.075
78.42
84.537
76.254
83.57
69.801
79.518
92.32
74.094
75.239
93.87
83.186
73.703
85.305
74.107
82.624
74.512
76.857
79.545
86.004
74.978
77.495
75.211
77.214
76.473
84.132
82.706
89.851
84.139
72.599
97.058
75.232
92.32
77.522
90.496
89.241
84.386
77.988
90.619
81.993
95.138
77.083
92.286
77.488
96.462
89.55
98.58
78.297
88.871
78.701
93.218
91.963
78.537
80.882
103.284
78.887
89.289
79.291
88.322
82.781
84.441
81.986
76.96
85.133
83.879
80.567
80.683
106.171
86.231
90.804
82.864
81.952
89.268
94.699
86.244
82.418
78.935
82.137
92.882
82.027
83.172
85.346
94.891
92.951
93.924
85.127
98.272
97.531
99.876
83.364
122.738
83.426
99.314
104.402
90.804
88.349
85.895
95.44
112.528
90.701
83.789
103.963
97.051
103.511
89.57
98.43
102.66
85.977
94.322
90.324
82.898
95.357
88.617
91.991
103.936
86.395
87.712
97.771
90.516
88.233
94.349
109.552
85.325
91.613
101.844
99.904
104.992
94.994
102.825
98.313
88.144
107.118
104.491
93.636
87.924
101.412
88.329
93.245
95.762
92.964
90.167
88.226
88
99.773
93.719
88.521
98.752
93.725
100.528
101.673
101.275
86.649
105.108
95.625
104.827
87.287
95.46
91.463
92.436
113.639
90.441
108.729
97.703
102.448
90.907
120.852
93.712
95.885
103.031
92.176
103.435
106.809
109.84
92.299
100.473
105.218
98.992
104.594
92.196
95.57
99.801
92.889
102.434
108.379
94.953
106.727
93.815
101.988
101.419
107.536
103.195
107.597
101.028
107.488
113.261
99.492
92.237
123.554
108.756
94.987
113.447
106.535
112.308
95.453
111.17
93.287
104.203
95.92
109.579
96.324
109.298
96.729
100.103
103.476
114.393
113.995
97.655
119.371
103.373
110.519
98.292
97.723
97.497
103.785
97.559
115.675
109.62
110.08
109.511
111.341
108.544
106.26
99.52
102.208
116.381
107.584
114.043
96.503
111.362
99.136
108.338
97.483
102.057
110.402
109.147
108.749
99.952
116.183
100.356
112.816
100.589
118.706
100.994
108.482
114.427
120.029
118.946
101.063
111.636
104.039
101.412
116.786
103.36
102.105
114.05
119.309
107.769
116.971
102.688
102.29
115.264
109.723
115.497
111.499
113.501
103.504
103.277
121.223
104.711
103.799
111.458
117.403
111.005
109.236
120.496
111.355
113.7
103.874
113.076
115.421
113.481
104.169
105.657
104.573
107.776
104.978
134.752
107.268
104.985
113.33
121.675
112.363
105.794
125.796
120.084
124.487
111.403
113.577
134.265
127.353
121.298
123.986
106.788
114.105
127.25
120.338
113.94
129.143
125.488
122.519
107.892
126.18
127.497
124.528
108.187
116.189
114.42
125.165
120.311
110.141
109.572
115.175
115.291
122.093
110.381
117.527
140.957
118.96
122.676
107.878
116.395
110.169
116.114
112.802
110.519
122.978
139.037
124.068
117.499
123.273
123.047
120.42
114.88
111.225
120.599
114.887
119.975
112.034
114.722
112.438
128.669
132.729
131.645
126.619
138.05
112.624
147.197
114.571
120.688
113.433
133.435
138.695
115.668
119.728
132.187
118.932
123.506
123.623
114.482
112.37
118.829
115.174
120.434
125.865
143.981
124.555
129.472
116.217
118.39
130.164
133.195
131.597
120.571
140.745
135.89
121.949
119.837
126.811
117.156
131.673
126.989
117.334
123.108
122.882
137.741
132.544
123.06
131.063
147.979
122.896
122.326
134.786
129.76
144.962
125.536
123.595
135.883
130.857
130.973
130.747
140.464
135.609
125.44
135.156
125.844
135.218
125.049
120.708
143.968
126.941
137.001
142.089
121.977
126.722
127.867
131.241
122.957
135.76
127.819
142.679
120.852
138.283
136
134.573
126.804
124.349
136.294
138.468
130.528
125.158
124.761
131.22
125.165
138.825
130.198
135.629
131.974
130.891
125.693
125.638
137.412
126.043
125.988
123.19
138.05
131.995
129.026
127.085
126.859
135.547
141.835
127.209
134.354
154.013
137.33
132.304
127.277
124.822
137.968
143.227
133.915
134.889
150.948
131.008
128.21
139.812
133.929
140.217
135.876
144.393
140.738
144.112
126.914
129.259
127.318
129.664
141.609
134.182
132.585
131.673
146.189
131.906
142.822
131.796
144.256
141.458
137.46
159.005
131.179
133.01
140.498
129.986
148.445
174.448
134.278
139.538
143.254
134.8
134.916
146.004
148.349
141.437
139.325
135.328
167.501
135.732
148.706
141.451
142.596
141.684
147.115
170.032
137.062
150.208
140.553
142.726
151.243
133.874
141.019
137.878
147.766
143.597
144.4
138.859
138.633
151.264
139.037
139.154
138.585
155.158
143.789
145.277
142.994
139.682
150.256
139.572
158.032
144.777
151.065
139.867
161.069
139.929
140.56
145.648
147.993
155.138
143.254
140.114
146.916
153.89
141.321
140.409
155.611
166.185
143.158
143.275
141.506
148.48
141.568
142.541
156.544
141.917
144.948
151.579
176.21
156.955
149.872
148.96
141.533
149.021
141.595
141.54
143.542
145.545
141.718
149.549
174.694
144.297
147.67
151.558
143.275
143.906
143.508
155.796
156.941
155.686
148.774
150.091
144.893
159.581
144.612
152.1
149.474
154.562
144.393
156.681
142.569
154.171
145.373
149.261
156.064
150.694
146.011
156.07
142.301
158.532
173.392
153.28
148.082
146.827
162.715
143.803
162.948
152.608
151.696
166.041
155.7
147.588
152.505
158.964
147.938
156.112
148.171
159.602
148.404
173.892
154.294
166.411
155.213
154.987
160.932
149.906
154.308
155.796
152.313
151.401
150.489
181.977
163.579
157.696
162.955
163.929
151.188
167.933
155.707
156.852
163.826
165.485
166.288
168.976
151.778
159.094
151.668
164.985
163.387
160.761
157.792
155.337
165.225
150.084
160.829
154.603
153.691
161.008
162.496
153.526
154.672
151.531
151.476
157.078
154.452
155.597
157.6
165.602
153.89
154.864
155.837
170.182
169.442
163.558
167.789
156.763
168.88
156.825
155.227
163.229
153.231
155.748
155.865
160.267
161.241
156.214
156.845
162.962
158.278
157.023
175.826
161.714
187.373
164.861
172.006
154.98
157.154
161.213
165.958
156.989
169.106
164.937
168.653
169.113
169.915
177.574
158.662
157.236
157.353
173.412
158.786
171.76
158.162
167.021
176.566
174.626
159.485
175.888
159.033
170.464
178.637
159.382
176.47
176.587
175.846
164.991
166.308
160.425
167.227
162.543
160.603
165.177
167.35
160.781
162.612
166.671
165.759
161.762
168.393
178.281
173.426
161.199
178.116
171.89
161.892
162.009
163.668
179.042
162.53
160.246
175.791
175.394
177.91
173.913
163.401
169.003
160.719
180.55
167.638
179.583
170.786
177.417
168.619
173.707
164.738
165.711
164.971
176.916
166.747
189.664
177.266
168.811
177.499
165.787
174.303
173.734
171.622
177.91
182.827
166.143
166.26
181.805
177.979
175.695
186.441
179.014
175.017
174.619
166.507
173.652
171.711
178.514
164.916
186.461
173.721
172.98
183.725
179.385
168.187
168.303
169.106
181.565
203.282
167.57
180.543
169.517
198.948
175.236
179.981
174.098
185.357
180.502
182.162
175.593
192.852
184.74
170.628
176.23
169.661
181.778
176.923
180.297
189.156
175.558
176.532
170.477
181.394
183.396
178.37
177.801
196.774
183.005
177.636
171.238
183.526
173.186
176.217
181.476
172.507
183.766
172.054
184.171
183.773
180.29
172.692
174.18
176.868
179.899
172.987
213.389
177.334
171.451
191.967
179.398
182.943
181.003
189.005
175.236
181.353
189.698
181.243
187.359
187.133
180.735
188.566
191.769
187.257
173.659
186.118
196.006
195.437
207.211
187.613
178.987
192.303
181.791
179.165
175.51
201.341
179.001
179.631
187.119
185.007
178.095
184.041
190.671
182.902
195.705
187.25
177.938
181.14
183.657
192.002
182.861
185.378
179.151
188.011
185.042
191.673
179.789
189.506
189.965
196.939
180.427
195.629
188.889
179.405
186.722
185.81
193.812
193.757
190.959
186.105
197.878
182.223
192.626
181.942
192.173
180.633
188.806
180.523
197.097
194.813
200.244
193.332
189.677
186.708
180.139
193.284
189.115
180.66
214.205
202.322
189.41
181.641
183.986
206.217
190.39
191.364
196.966
208.054
203.371
182.23
196.918
202.521
191.323
197.097
182.47
182.587
192.989
190.191
196.994
189.053
193.284
186.886
183.231
192.091
193.579
191.295
200.669
201.643
216.845
196.39
190.335
188.223
197.426
195.314
194.916
213.375
200.806
185.151
195.554
194.127
192.015
185.446
195.849
202.137
187.853
205.284
200.258
196.603
193.291
198.55
187.181
193.812
189.814
206.731
199.476
197.021
202.281
196.397
207.485
188.744
198.29
215.206
195.951
211.839
189.499
188.244
206.361
196.877
188.936
215.967
189.341
206.772
189.746
201.691
199.065
201.753
190.212
201.986
213.417
199.99
195.307
191.138
197.426
200.628
197.659
206.69
199.778
207.609
211.325
193.099
202.301
204.989
191.734
213.279
200.025
201.513
213.286
191.974
195.348
204.55
192.495
212.326
200.614
193.874
211.99
212.621
209.481
207.883
197.028
205.373
191.09
223.092
203.151
208.239
195.67
205.558
194.703
203.563
209.851
210.825
201.17
198.2
200.888
197.576
213.122
208.61
214.898
197.528
203.131
212.505
198.05
196.795
199.14
212.971
197.316
208.918
202.178
209.151
200.011
211.956
213.615
200.36
209.563
201.279
202.939
216.084
213.458
230.889
218.834
200.436
208.781
211.983
215.871
235.359
222.276
201.65
213.766
201.368
228.228
208.287
203.775
213.32
208.637
207.382
214.013
202.815
207.046
208.877
203.165
210.996
203.398
216.886
203.803
238.719
209.007
210.324
203.755
221.357
209.816
203.762
224.964
204.852
217.483
208.342
210.344
233.604
204.92
225.437
229.668
212.47
219.615
225.218
205.448
223.565
226.596
207.17
205.743
219.403
224.319
210.893
217.181
221.412
219.986
224.559
206.676
223.421
212.223
208.054
244.685
209.83
207.547
227.206
212.923
226.068
208.356
227.33
214.76
220.877
216.022
212.196
214.541
213.972
211.346
222.091
210.722
215.295
210.955
209.186
212.559
220.904
224.45
209.995
209.254
211.085
224.573
223.147
220.006
210.008
224.868
222.584
223.044
210.818
217.963
215.679
217.51
212.484
219.458
241.688
216.948
227.522
223.695
209.755
213.3
222.674
229.819
225.821
237.595
230.511
219.314
215.144
236.518
215.549
214.98
214.925
220.699
225.272
216.475
220.534
241.736
220.596
233.741
241.229
223.688
235.462
224.093
220.781
234.612
217.928
228.845
231.19
228.735
231.595
219.026
220.856
219.43
224.347
223.263
217.894
219.554
237.327
221.501
215.96
218.306
235.908
220.253
225.17
233
227.631
224.491
236.093
219.752
232.726
231.471
226.102
222.962
221.707
241.538
222.111
227.028
232.287
232.232
234.406
220.637
237.725
234.756
237.101
220.932
220.706
232.651
228.139
232.198
226.486
222.317
226.548
226.493
221.124
233.583
226.671
243.931
221.59
237.65
226.795
224.854
227.885
230.744
229.318
228.406
230.066
228.468
241.784
224.072
223.675
222.934
240.022
223.339
225.855
229.743
237.231
229.976
223.579
236.895
237.869
237.814
244.445
236.333
230.964
234.338
241.826
227.199
224.744
271.832
240.92
231.608
237.211
225.67
226.987
231.732
232.363
225.965
243.396
232.37
238.143
232.26
262.034
232.322
227.638
235.983
233.528
237.416
232.904
228.907
245.652
229.311
236.285
229.373
239.775
245.892
240.523
230.868
231.842
229.73
227.103
243.334
235.908
236.367
234.941
237.972
260.888
250.376
249.807
238.781
232.726
233.7
238.274
233.419
232.164
255.423
230.683
244.685
239.487
237.032
236.978
253.723
232.068
239.556
251.844
238.246
234.077
250.651
233.281
249.17
246.543
249.403
249.862
242.264
253.352
239.24
236.271
248.902
234.79
235.249
240.852
249.197
247.085
236.916
247.832
236.463
241.894
240.982
235.27
235.901
254.018
248.82
248.079
238.596
240.941
244.143
236.374
242.833
247.579
237.067
245.069
258.557
238.273
248.847
237.821
237.423
249.197
252.914
245.83
253.147
263.378
239.665
238.068
239.556
235.901
243.217
245.048
238.993
250.424
240.769
245.343
246.317
244.891
252.722
246.152
241.126
260.614
241.016
252.961
243.992
244.109
251.083
240.399
255.259
263.09
249.835
247.551
253.496
242.299
257.501
248.532
241.277
243.108
260.024
241.969
254.429
247.688
243.862
256.15
243.067
258.955
249.814
248.559
250.219
259.592
243.595
256.225
254.628
245.144
263.775
257.206
269.494
243.725
257.556
260.415
246.646
253.277
244.822
252.31
246.427
258.029
264.66
246.091
246.721
246.495
251.24
246.9
259.016
244.047
252.564
247.195
254.854
247.599
247.716
248.861
257.549
255.265
254.182
266.299
244.987
263.96
254.82
253.565
259.681
248.141
249.972
252.145
255.348
254.264
252.152
249.012
262.5
252.673
249.361
266.107
265.023
262.225
263.028
261.944
273.032
270.063
252.865
262.411
251.384
261.101
257.96
252.077
253.565
261.567
257.227
252.715
271.174
252.605
262.15
251.467
259.469
268.671
257.131
268.904
251.707
259.709
254.168
257.542
252.001
265.489
258.063
252.523
267.553
258.241
249.958
252.132
269.391
258.022
249.567
271.455
252.372
259.86
258.605
269.864
253.352
257.412
254.271
253.531
277.819
257.878
260.566
267.368
254.285
253.716
268.918
270.406
267.608
259.496
262.013
267.615
254.532
254.648
266.079
258.481
260.655
265.057
255.574
262.205
268.15
263.124
262.555
283.243
257.645
256.904
269.192
256.452
269.083
256.685
283.373
264.461
265.777
267.608
257.439
269.727
261.615
276.475
275.048
266.422
263.624
268.198
270.886
258.488
264.605
274.321
273.924
258.955
266.785
273.416
265.819
261.821
260.052
274.74
278.628
260.744
266.347
277.263
265.723
263.953
265.784
272.929
260.703
268.02
268.993
261.053
274.027
284.772
261.231
273.176
268.321
276.152
272.497
262.5
265.531
278.847
271.421
276.509
280.397
269.371
272.401
263.432
289.777
268.465
263.268
264.927
283.729
265.675
278.134
284.079
290.71
272.484
280.143
266.545
297.519
280.836
275.124
266.84
272.614
276.502
272.847
295.935
266.395
278.854
272.456
278.059
267.204
275.549
276.865
267.039
301.956
267.444
281.103
284.134
274.993
268.253
269.912
274.829
271.688
274.205
277.921
268.781
273.183
277.243
266.73
273.533
281.535
269.823
270.625
276.742
283.03
280.747
270.577
278.58
270.982
271.784
271.215
280.76
275.563
283.222
272.196
283.284
277.743
272.545
279.348
277.921
279.238
276.955
286.328
278.902
289.133
284.278
272.223
290.511
294.399
291.944
273.032
278.806
277.722
275.953
273.498
290.244
273.56
276.42
294.022
276.138
274.541
273.8
273.917
287.233
274.15
301.867
291.526
286.157
274.445
280.904
290.107
274.794
288.625
286.513
317.83
281.775
293.377
276.18
287.439
296.813
283.558
277.16
292.877
276.708
285.567
281.055
285.114
278.717
283.119
286.836
282.324
294.955
284.1
290.731
284.161
292.164
284.566
296.854
278.97
287.316
278.518
292.349
279.608
299.439
284.984
292.472
282.989
292.877
283.393
280.253
285.169
283.057
280.431
283.119
287.35
284.895
293.24
299.528
299.302
297.876
289.935
289.023
293.597
281.37
295.373
297.718
297.149
286.98
293.61
279.67
286.472
282.303
287.391
297.622
282.653
294.426
282.714
289.345
288.09
298.321
283.181
280.554
296.785
300.673
283.133
285.649
300.166
283.311
289.085
294.173
284.004
285.663
286.808
284.696
299.041
294.186
309.56
300.42
285.965
297.738
283.969
297.972
299.288
282.776
284.093
292.266
299.24
296.614
289.53
294.276
284.106
291.08
297.54
296.628
295.201
287.432
290.292
297.265
285.553
299.384
291.272
296.36
291.334
296.079
286.253
304.198
286.143
299.288
287.062
299.35
307.866
288.783
295.414
289.702
304.561
303.306
292.966
290.682
309.142
295.544
289.146
288.234
303.951
288.639
291.156
296.415
297.903
296.82
309.965
293.796
299.226
296.086
308.374
290.833
306.893
291.924
291.183
305.185
298.445
297.876
306.564
312.852
304.225
306.228
299.487
293.432
309.492
313.037
303.21
298.013
302.586
308.017
293.734
295.222
314.367
303.684
301.057
294.831
321.519
296.436
301.352
302.84
311.014
296.388
316.39
297.992
302.223
314.854
302.456
297.601
308.175
298.349
297.951
298.068
305.898
311.844
297.732
313.791
298.136
299.11
322.369
302.429
303.402
298.548
303.121
329.638
298.212
314.957
298.273
319.818
315.478
308.909
298.397
299.37
302.401
302.861
313.949
310.98
304.753
326.984
299.844
320.017
305.391
301.222
311.453
304.712
301.743
301.174
319.633
306.207
314.209
301.297
304.671
306.845
315.19
316.678
307.366
314.34
315.142
311.658
307.661
316.52
312.008
300.296
305.898
302.929
306.303
316.191
310.993
309.396
306.426
324.2
318.317
304.719
305.864
316.952
305.926
302.271
315.93
312.104
315.306
327.937
318.454
312.913
305.316
322.746
305.72
303.265
326.353
308.984
311.844
323.617
311.734
306.708
321.053
306.426
315.8
314.031
311.233
309.293
315.924
307.983
309.985
313.188
311.247
309.649
326.394
309.368
313.942
308.744
309.204
324.406
315.437
309.21
311.213
309.272
310.589
309.505
319.393
306.995
321.341
310.143
311.46
325.976
318.036
317.981
311.24
322.157
315.588
322.047
310.678
322.452
316.054
329.199
310.973
312.632
324.92
310.979
310.582
311.213
328.129
348.989
317.391
322.993
311.453
325.626
332.086
328.774
333.69
322.15
312.323
325.983
313.585
313.702
320.333
317.706
324.68
325.654
313.427
330.858
320.518
321.149
313.379
321.039
313.784
325.386
330.474
319.791
317.679
316.938
317.912
328.829
317.631
315.005
338.778
331.866
320.84
326.442
313.53
316.218
323.192
323.137
326.339
313.77
318.001
316.403
337.949
323.322
328.41
322.184
326.586
336.646
317.734
323.165
317.967
332.998
329
323.631
329.233
319.064
318.152
321.354
328.842
319.359
320.333
318.563
334.966
315.711
333.485
321.601
319.489
327.149
324.865
321.039
320.47
323.158
320.531
326.648
322.822
333.567
321.341
332.086
322.431
330.09
321.293
321.409
332.154
321.814
337.702
332.161
323.535
331.88
322.739
322.513
330.001
323.261
333.663
325.894
325.667
356.813
337.729
347.103
334.019
324.022
328.938
343.455
357.8
338.545
341.747
326.435
325.181
335.926
345.985
330.33
337.99
335.363
328.623
325.825
332.113
334.458
326.003
322.52
342.694
329.267
342.07
333.272
332.874
342.419
327.279
333.224
354.769
358.314
328.088
338.833
341.864
329.638
331.126
338.957
329.13
354.961
330.221
333.08
328.911
329.885
332.058
335.775
336.92
345.951
328.753
335.727
344.243
332.36
352.877
329.165
329.281
345.341
329.686
348.317
350.319
340.493
330.323
334.897
333.471
342.33
331.304
362.964
331.537
347.768
343.942
341.83
336.461
338.291
342.179
339.553
332.641
342.701
338.017
332.648
349.736
338.71
342.769
337.914
346.088
339.69
333.464
337.866
343.811
333.471
339.759
333.19
345.992
332.737
337.997
349.77
334.115
345.375
346.006
349.722
333.725
345.498
350.929
338.531
349.791
337.907
349.853
344.998
339.457
346.088
333.005
333.807
352.266
346.04
343.414
333.93
349.99
334.335
343.537
339.711
334.856
347.487
346.918
334.52
336.865
335.267
334.184
348.015
340.589
343.448
349.565
349.338
336.769
345.114
342.831
345.519
337.578
347.981
349.469
354.557
349.359
356.675
344.106
363.937
337.825
351.142
353.315
350.518
350.12
345.265
338.525
347.898
345.443
350.189
338.819
355.736
339.567
339.512
348.2
339.745
348.262
340.15
357.066
346.554
353.014
356.73
340.561
356.106
353.651
341.597
381.485
354.858
354.632
343.091
354.694
351.382
339.841
352.472
350.189
348.934
355.393
349.167
357.169
356.771
351.574
344.147
356.607
343.695
350.669
361.757
345.759
345.533
345.478
344.909
344.854
353.713
351.601
345.375
352.006
355.379
345.896
352.013
348.186
360.474
355.619
345.793
357.053
362.483
358.143
346.774
347.919
360.207
351.409
348.611
353.699
365.816
362.675
350.621
373.023
358.568
355.256
360.344
361.146
348.577
356.237
360.81
367.613
349.558
357.903
354.762
359.85
350.195
370.198
352.828
351.402
350.147
360.378
356.723
356.154
362.271
356.045
356.504
350.62
351.594
361.825
384.227
354.344
349.66
367.263
353.836
357.382
354.584
352.3
372.817
356.305
364.136
352.767
373.798
355.057
352.431
352.547
353.178
357.409
382.897
352.842
356.73
367.818
368.278
370.28
353.596
373.942
363.258
353.432
360.406
360.351
365.61
389.555
364.472
354.646
375.162
376.307
362.024
360.598
396.371
367.345
382.205
361.578
358.609
355.983
357.471
361.873
368.332
370.163
361.366
377.254
356.799
368.572
356.86
366.406
354.694
374.182
362.47
376.643
372.303
368.819
357.964
366.995
374.655
358.314
361.174
358.719
366.207
359.123
373.126
359.356
360.502
368.332
363.306
379.537
372.111
374.799
368.744
367.66
360.063
368.751
373.667
365.555
374.072
365.96
378.591
366.193
374.024
361.626
380.771
367.174
371.747
361.75
363.238
374.84
368.271
380.73
363.018
364.335
371.308
376.225
363.142
366.001
363.375
370.52
373.894
364.067
370.184
374.586
369.731
377.562
369.107
382.081
376.712
370.314
365.116
378.433
380.435
365.295
394.04
374.785
378.844
373.818
371.192
368.051
379.825
384.742
379.715
377.603
366.063
368.236
371.953
374.984
367.9
381.217
369.334
383.85
372.481
366.94
372.2
373.002
378.604
368.778
367.695
375.354
368.785
370.102
398.504
381.649
368.051
378.625
368.456
369.772
387.032
374.291
370.465
369.21
389.555
374.929
377.446
378.591
381.964
381.395
388.026
370.657
372.831
377.576
386.607
371.98
378.954
371.871
371.473
384.447
375.992
378.68
373.654
374.799
377.658
378.975
377.891
385.036
386.696
385.27
370.815
378.646
377.048
385.393
373.681
392.312
379.228
385.859
373.976
375.635
377.98
392.668
376.328
394.102
386.847
385.249
375.08
391.996
379.427
376.115
389.089
375.148
382.122
381.896
376.87
387.443
376.246
377.905
376.307
376.767
380.483
381.628
377.288
389.576
377.692
391.866
378.097
377.699
377.816
388.39
377.706
382.108
386.682
401.027
386.401
399.032
375.148
394.636
397.496
379.441
385.9
378.474
384.591
378.879
389.967
379.112
389.514
380.374
398.662
383.692
381.58
382.726
396.042
380.216
381.361
392.792
392.566
382.739
382.17
387.43
381.032
404.634
386.751
381.382
391.098
392.758
381.731
393.162
394.65
400.081
382.369
398.771
389.974
384.09
382.15
383.98
390.611
398.956
386.902
390.104
379.935
387.251
391.139
417.313
382.972
396.632
389.891
385.036
383.782
384.755
397.729
402.303
386.134
384.193
397.338
395.912
405.286
385.174
397.633
385.578
403.695
390.44
385.414
413.987
386.504
400.335
391.708
394.396
387.313
399.772
387.032
406.177
391.208
387.381
392.298
396.015
393.903
393.505
401.679
387.567
416.998
399.457
402.145
407.747
401.007
401.638
411.526
388.842
402.844
401.247
390.563
389.651
392.511
395.884
418.115
393.203
394.863
397.379
396.467
402.584
398.072
404.874
389.733
397.564
390.138
403.626
390.028
394.773
400.719
396.549
396.666
399.354
391.071
402.673
404.675
390.906
403.194
406.739
405.656
397.029
398.689
395.891
418.122
397.153
408.241
394.472
397.674
393.848
393.793
398.367
399.855
401
397.345
405.004
403.064
393.237
395.925
393.128
406.787
400.561
401.877
396.851
411.711
393.656
420.858
400.06
415.263
402.351
394.067
401.898
406.815
397.503
409.448
406.136
394.424
394.026
419.857
411.745
402.947
395.521
397.866
419.926
401.528
395.987
397.818
396.22
400.108
398.339
396.227
411.601
411.546
409.091
403.379
407.439
396.927
414.7
397.16
416.476
395.507
397.509
407.74
408.2
409.516
404.661
403.407
416.38
412.725
403.756
405.759
409.647
405.649
415.88
403.825
406.856
413.829
412.575
403.091
411.265
405.21
410.641
405.957
398.188
420.076
400.65
405.738
412.197
415.914
419.288
415.29
401.178
413.295
399.183
401.528
400.959
407.247
424.163
422.908
413.596
406.341
404.572
408.117
409.777
402.865
408.81
420.241
401.672
414.645
402.762
419.85
405.224
409.626
409.571
403.173
404.661
420.378
402.495
413.411
403.756
424.101
404.161
416.62
410.737
403.653
417.999
417.601
425.26
421.605
411.093
406.581
443.898
406.643
417.217
406.019
439.05
406.252
407.74
415.743
415.688
414.09
407.007
427.009
407.24
419.528
413.987
408.961
422.62
413.308
415.653
424.341
432.515
411.546
430.691
436.979
415.839
421.784
421.557
411.388
445.105
409.907
424.252
425.912
411.114
417.402
427.29
411.121
425.809
430.04
411.813
422.044
419.247
418.506
411.08
428.511
408.913
442.801
430.06
416.291
411.951
419.953
418.698
414.529
410.017
412.533
415.221
425.624
410.826
428.257
437.631
422.319
413.864
427.866
422.84
431.699
413.987
439.304
430.163
416.908
421.653
434.113
416.572
414.975
435.663
415.379
421.667
422.812
416.072
425.445
428.648
421.564
432.652
432.083
415.743
417.231
418.204
427.921
417.923
418.725
422.271
421.701
423.875
433.763
451.708
422.682
425.541
429.772
428.175
422.805
431.322
442.924
421.098
432.015
428.703
429.676
419.85
430.424
419.055
428.257
419.459
430.033
441.121
419.637
436.725
419.871
431.987
426.961
425.192
435.937
446.853
417.999
441.944
423.032
430.52
423.436
420.81
439.955
428.757
422.703
421.619
449.679
422.024
428.655
437.514
422.716
424.376
432.378
431.809
420.783
425.356
423.244
425.247
431.877
437.651
424.053
434.456
428.572
437.775
429.834
432.008
440.01
427.098
432.529
435.388
456.419
437.164
435.738
443.226
423.285
431.973
423.518
436.492
441.58
436.211
422.099
432.501
448.904
448.506
424.794
430.225
428.284
424.972
428.346
433.605
426.693
425.61
433.441
458.929
431.788
434.648
439.393
442.424
453.855
444.371
433.002
440.147
433.406
428.894
440.497
427.585
436.444
427.989
438.563
435.937
445.311
441.827
442.458
446.689
429.148
436.465
446.524
429.498
432.357
460.76
438.933
437.507
447.909
430.026
438.542
457.688
432.776
443.178
438.323
442.211
437.185
431.816
442.904
439.592
445.023
442.739
437.37
434.401
455.089
430.005
433.036
444.296
449.041
442.129
433.845
433.276
436.478
442.766
448.883
437.171
439.173
435.347
440.435
439.18
446.668
450.042
437.987
451.304
441.649
443.48
448.568
455.713
440.572
434.689
435.148
440.408
434.867
449.212
434.929
435.045
461.562
448.136
447.052
440.654
438.2
448.945
447.69
438.549
436.266
437.411
447.128
434.73
441.704
454.506
438.68
435.539
452.284
444.858
453.717
446.634
465.608
440.181
455.384
439.043
450.645
454.019
438.193
444.138
445.626
471.285
472.259
455.918
451.749
461.637
450.782
451.585
453.073
444.446
455.534
440.565
444.11
442.341
445.372
442.574
445.777
452.065
440.696
447.841
449.672
456.474
449.39
454.821
453.566
440.826
442.485
453.916
447.861
455.864
467.809
455.411
457.585
453.758
450.789
449.02
442.794
443.253
458.627
468.515
449.432
457.777
444.35
458.181
445.955
450.7
452.702
460.876
456.364
450.824
446.14
453.8
445.688
456.776
445.578
454.266
461.582
461.699
479.301
453.532
457.249
447.251
459.539
453.998
450.344
462.46
472.862
454.465
459.896
447.669
470.414
449.445
455.39
450.878
450.138
470.312
468.714
456.488
458.661
450.206
452.38
466.554
457.585
456.844
458.675
464.62
462.851
460.739
462.913
478.115
463.146
451.262
450.693
452.524
453.498
463.729
451.331
468.762
451.564
461.624
456.083
460.485
457.688
452.147
464.092
459.752
455.411
463.585
459.587
453.704
462.734
455.137
454.225
465.998
454.629
466.917
460.005
470.75
470.01
465.155
471.443
454.931
455.048
461.507
456.309
455.397
466.828
464.545
457.804
469.235
459.066
457.297
463.585
462.673
456.618
458.62
457.022
463.482
466.856
467.658
457.317
459.662
462.179
465.724
462.584
476.586
473.274
469.105
457.393
468.824
473.569
459.285
458.03
470.318
466.492
464.894
476.497
475.413
457.873
466.218
464.792
473.308
458.168
463.427
462.515
466.06
459.148
471.093
466.067
476.812
459.786
466.588
464.99
473.336
460.595
461.569
475.4
466.088
468.09
462.206
465.237
472.897
461.356
477.93
474.446
467.706
488.908
477.71
463.256
477.086
471.889
468.234
462.522
473.953
462.584
466.472
462.817
469.276
468.878
485.966
462.597
462.199
463.002
463.804
474.721
475.18
462.439
467.87
467.644
459.532
467.877
462.851
469.139
467.884
463.201
471.374
465.148
474.522
467.438
465.326
473.5
477.56
468.076
477.793
461.966
463.969
464.085
480.316
471.69
480.035
474.666
468.439
465.642
465.758
481.989
473.363
475.88
472.053
477.827
477.429
481.832
464.805
487.893
489.21
482.469
462.529
468.131
462.933
463.05
468.652
463.283
462.885
466.259
498.261
463.406
463.351
476.154
471.813
479.473
462.789
462.734
462.679
462.625
462.57
474.515
465.374
467.548
462.693
465.724
467.555
462.014
479.102
467.905
469.05
474.481
463.283
474.028
469.173
478.204
483.806
469.866
463.982
464.099
462.844
468.275
466.506
467.651
462.796
462.741
479.486
476.003
463.777
482.407
463.153
473.041
470.586
461.617
461.219
468.364
493.166
465.854
481.571
467.802
462.604
463.578
475.523
470.154
470.27
475.358
462.961
468.563
471.079
462.282
466.684
468.858
462.289
473.205
462.693
468.467
462.926
470.243
464.702
467.733
462.193
474.481
461.569
462.199
464.545
468.947
467.863
478.951
471.182
470.27
467.987
473.761
480.049
473.994
470.339
464.798
463.029
470.689
475.948
475.207
461.267
462.926
464.071
473.788
461.905
481.221
467.452
462.083
460.657
460.43
471.518
468.035
462.494
471.182
463.585
477.93
463.818
479.191
468.851
468.625
467.37
463.201
476.86
462.234
480.865
461.953
473.041
470.071
468.988
464.133
481.735
465.223
463.797
474.199
465.916
479.747
472.835
476.551
466.211
472.67
472.101
476.332
474.22
479.308
463.825
479.027
464.572
469.489
463.434
477.093
463.667
470.126
463.557
483.559
470.647
473.507
473.109
464.311
476.428
470.373
465.518
477.463
465.58
474.782
470.785
459.758
479.418
470.277
469.708
462.282
480.398
466.115
471.203
462.405
477.779
462.81
483.669
478.986
468.474
462.933
468.535
463.166
463.111
459.971
469.344
460.375
469.235
463.523
463.639
479.356
497.301
473.246
467.02
479.308
462.624
462.741
474.343
462.803
471.319
481.722
469.495
479.383
462.871
468.816
469.962
477.621
473.795
475.111
465.628
463.002
473.918
469.235
462.151
464.839
462.384
479.301
465.532
470.448
482.394
468.624
473.541
468.858
473.946
462.062
475.379
477.724
472.012
467.5
462.302
478.704
473.85
470.366
475.968
469.742
481.344
469.975
469.235
473.294
486.611
468.556
482.901
469.989
477.134
462.679
462.796
474.227
464.915
462.803
480.062
469.379
468.295
463.098
474.357
474.302
471.333
465.45
475.338
490.197
470.771
461.63
460.204
479.178
472.437
466.382
462.384
466.787
467.932
462.906
467.308
463.31
476.97
477.943
468.631
462.576
462.35
462.467
478.183
483.957
479.445
469.619
474.192
469.68
470.654
462.199
462.144
468.261
462.378
468.151
474.096
474.727
475.701
471.018
470.791
472.965
463.653
493.084
462.172
473.774
481.262
468.864
462.81
484.183
462.528
486.816
468.933
462.707
470.023
462.426
472.485
471.23
470.49
464.778
467.637
463.639
462.384
462.33
487.818
479.706
473.651
481.482
476.455
472.629
479.603
462.748
486.35
469.667
472.183
462.357
465.045
464.304
472.135
473.452
489.34
482.428
477.23
475.975
472.663
497.123
468.782
480.213
473.644
468.618
462.563
466.794
468.453
467.712
464.058
463.488
470.119
493.893
462.124
482.64
480.014
474.131
480.419
479.507
474.652
463.454
462.371
467.63
476.318
463.406
478.608
466.382
468.042
474.33
484.732
463.763
462.679
467.767
462.912
468
480.117
467.719
467.493
462.467
467.897
483.1
472.245
467.561
462.878
463.852
470.483
474.199
468.144
496.032
473.863
465.065
463.982
499.756
471.415
472.56
462.734
467.822
462.453
462.569
462.515
463.488
481.776
462.693
467.781
474.069
462.7
463.673
474.59
462.878
469.337
464.311
462.885
475.687
473.232
473.177
462.494
471.011
473.527
477.244
467.246
473.877
463.022
462.967
469.598
462.857
462.974
466.519
465.436
476.352
490.526
470.928
462.988
468.076
465.792
470.709
465.683
464.085
472.259
474.947
465.977
477.408
466.039
467.527
477.072
466.217
467.534
466.451
467.939
481.427
467.486
471.545
475.433
484.293
463.495
479.212
474.185
464.873
474.419
469.221
470.023
462.083
463.228
482.373
483.689
462.72
462.837
479.068
463.241
462.501
464.846
479.705
471.422
465.367
470.969
464.915
470.688
473.033
474.35
474.124
469.44
464.071
502.759
472.533
463.049
462.652
473.911
476.085
477.401
465.861
479.52
468.665
476.668
477.127
470.044
474.275
467.363
482.565
476.51
462.398
462.343
461.774
467.033
476.921
462.981
469.783
468.528
467.445
468.933
462.364
476.537
463.625
463.399
476.03
489.004
484.835
467.808
467.925
469.413
469.529
462.275
462.391
468.336
462.624
474.741
468.515
468.117
474.062
467.664
467.095
462.583
483.271
462.816
460.533
462.535
462.652
462.768
468.542
468.659
468.775
474.377
462.323
468.268
462.213
464.558
476.675
480.563
462.165
478.396
482.284
475.372
469.831
466.519
474.35
476.695
474.069
479.5
475.673
473.904
470.249
462.309
469.283
462.37
468.144
461.404
467.692
480.665
474.096
460.498
470.558
482.675
461.877
480.165
474.11
462.398
467.657
470.688
463.433
479.836
477.724
470.983
480.014
462.302
476.819
482.249
471.052
462.768
471.456
469.344
472.889
462.377
467.808
468.953
474.899
464.901
463.132
462.048
473.65
462.453
475.427
462.514
496.574
462.576
469.207
475.152
472.183
478.814
474.302
473.733
481.564
462.48
469.111
476.599
462.83
468.946
476.949
484.608
469.125
463.413
483.587
469.817
463.934
469.879
468.967
469.084
500.915
469.317
469.262
469.378
463.838
463.097
469.042
466.93
467.047
462.706
468.823
477.34
463.056
469.001
473.918
468.549
484.265
468.268
475.241
478.272
463.474
463.591
478.622
466.91
469.255
469.029
463.488
467.033
463.893
469.152
463.097
467.5
470.359
477.847
477.964
473.966
467.054
493.742
477.401
482.318
462.377
479.637
468.268
472.156
478.272
489.703
463.42
471.765
471.881
480.741
474.857
471.202
472.176
470.407
470.866
474.24
479.328
471.045
465.161
468.021
479.794
462.94
462.542
470.03
474.775
486.206
473.122
479.239
464.784
471.244
469.132
470.962
463.193
462.281
462.226
463.029
465.031
469.09
501.264
476.524
481.954
476.928
478.416
462.076
479.849
471.223
472.025
478.313
471.058
475.289
462.549
478.265
463.639
464.441
475.358
481.646
466.848
469.022
468.11
477.655
491.657
489.717
464.976
474.693
462.295
477.326
476.414
463.502
483.333
468.364
475.68
478.025
462.885
468.316
468.261
466.834
471.751
462.268
468.727
464.386
467.417
464.277
467.308
471.367
463.598
475.372
474.802
480.919
479.664
465.381
470.812
482.242
481.33
484.533
472.478
466.252
475.968
465.285
466.773
471.689
472.834
475.865
471.182
471.127
473.472
481.989
491.877
471.593
479.938
467.541
473.657
478.06
482.462
467.15
483.895
466.697
467.842
466.93
473.218
477.106
468.823
482.825
474.199
498.487
483.518
462.72
472.094
467.582
463.241
495.072
462.96
487.248
463.365
479.424
483.312
476.057
475.831
460.005
467.664
472.752
467.211
476.242
479.616
467.733
471.963
467.623
476.139
477.799
466.773
471.689
467.863
460.608
462.782
462.898
479.301
462.617
465.648
462.165
483.538
476.626
478.971
469.145
470.119
462.178
462.123
482.811
477.442
468.473
464.647
462.878
502.252
466.711
462.713
467.973
479.061
470.606
478.779
463.81
462.213
462.329
462.274
467.877
462.336
464.853
472.683
474.857
475.659
469.947
475.55
465.723
472.354
480.014
478.416
474.761
471.278
478.08
504.082
466.313
463.344
467.918
463.577
467.979
463.296
477.813
463.529
475.817
463.591
473.65
465.538
471.998
473.829
477.202
466.347
464.578
464.695
464.811
466.128
474.13
466.533
466.478
479.28
464.311
479.513
475.687
482.318
466.834
473.465
462.782
474.555
470.043
465.531
467.362
466.622
463.481
463.255
463.371
468.974
463.433
468.864
470.352
466.697
463.728
467.787
467.904
463.735
468.309
463.968
463.742
467.458
473.403
468.891
463.522
467.582
467.527
465.586
478.046
463.591
479.822
482.853
467.541
462.857
466.059
469.262
462.521
470.009
463.611
478.985
476.53
463.79
467.163
486.823
484.882
459.285
461.801
463.118
469.749
469.522
489.525
474.555
462.329
480.789
470.448
470.222
478.224
475.426
462.171
462.288
472.862
494.921
475.152
471.669
471.271
469.33
474.761
471.106
469.68
467.568
467.685
478.601
477.689
462.72
462.836
468.096
481.413
474.672
464.674
463.419
462.336
477.538
462.226
466.457
464.688
478.176
474.007
470.695
488.983
474.699
474.13
473.39
462.363
460.251
473.739
463.742
469.001
460.375
495.806
474.322
475.81
474.041
473.815
472.388
478.334
475.365
469.652
474.055
472.971
468.974
468.747
462.35
466.752
462.583
477.442
464.873
462.761
468.02
466.594
463.111
483.456
463.515
463.46
478.834
467.808
487.467
465.47
471.929
474.788
476.105
477.422
475.138
461.712
483.086
463.316
462.404
467.15
466.409
472.868
465.956
471.044
491.047
476.592
474.137
463.968
467.342
469.687
469.118
473.52
463.865
464.667
463.927
472.786
475.988
469.248
479.822
477.195
478.855
463.2
463.659
482.119
477.95
462.295
469.097
464.242
462.816
462.761
475.22
465.051
470.482
469.056
467.287
487.632
462.206
469.008
469.124
471.298
467.815
467.588
462.391
463.364
462.624
462.226
473.828
479.259
463.433
474.35
473.78
473.211
479.842
464.016
470.99
465.278
481.337
473.396
464.599
465.915
475.289
478.32
471.579
471.182
476.27
480.843
463.303
471.648
476.393
467.595
474.398
470.571
472.059
462.576
477.264
462.466
476.468
471.271
481.673
470.818
462.363
466.423
489.168
466.313
486.487
462.26
476.263
464.208
477.353
462.384
466.443
468.274
469.248
470.222
462.11
463.769
468
464.516
468.404
471.092
463.152
466.183
461.671
479.444
476.475
476.249
463.508
473.739
475.056
467.458
467.575
485.177
486.322
472.21
468.041
462.158
477.188
479.019
466.793
478.395
467.026
468
465.545
463.433
477.607
468.123
477.326
468.528
470.359
463.618
483.106
465.051
482.654
463.227
464.887
468.432
462.72
468.322
510.267
477.298
468.158
470.674
475.076
462.507
480.967
462.74
467.485
462.973
462.576
464.064
472.58
471.668
474.699
468.816
499.961
479.335
468.994
469.796
474.027
472.772
479.746
462.891
479.979
469.81
465.298
474.672
464.16
473.362
465.25
464.338
473.369
465.428
469.659
471.833
462.007
462.466
477.325
462.699
462.301
467.561
462.706
464.537
478.539
474.199
511.687
467.575
471.805
461.979
489.524
479.527
469.529
469.131
467.533
462.85
463.309
463.083
466.457
478.402
471.661
480.521
479.437
474.583
462.528
473.959
468.075
468.877
462.994
475.453
470.084
463.172
467.575
484.663
462.665
469.296
474.212
467.3
464.16
477.476
465.25
465.367
464.112
467.485
462.459
467.719
481.892
466.237
471.497
474.185
474.301
472.704
476.935
469.851
482.139
473.684
462.487
462.089
487.748
477.751
481.639
477.812
462.672
469.303
479.362
463.707
470.681
473.712
473.657
470.859
465.661
464.235
465.38
474.411
468.013
462.987
477.161
472.992
462.651
463.453
478.484
470.715
479.746
462.377
461.636
473.581
467.184
465.072
467.588
470.791
470.05
465.538
470.797
475.371
475.145
469.09
471.092
467.609
469.44
492.528
467.616
469.961
482.42
463.68
475.796
480.884
466.087
462.603
462.377
477.579
474.267
475.241
470.043
474.445
465.305
479.993
489.709
474.055
476.743
470.516
469.604
470.921
471.895
467.725
464.413
475.501
463.447
487.906
489.223
480.253
471.97
465.058
466.375
466.491
474.322
471.696
471.127
463.7
476.674
468.905
479.479
466.395
471.655
464.057
467.773
465.319
463.721
474.98
475.783
466.299
471.044
476.475
465.106
479.451
463.625
467.856
463.858
478.717
479.863
463.693
468.781
463.926
467.814
466.388
469.762
477.421
463.481
463.597
467.485
475.316
462.747
475.721
462.809
462.582
470.242
463.844
480.418
474.877
459.394
462.425
459.798
468.486
472.203
462.377
491.979
469.124
474.212
464.557
467.76
460.505
464.736
463.824
463.769
469.714
470.516
469.261
476.064
492.637
475.782
463.213
471.558
476.304
470.592
480.823
479.568
475.227
465.744
477.86
476.777
472.265
465.181
477.469
463.357
481.645
488.619
471.764
462.452
480.569
473.314
462.802
467.718
462.864
462.98
464.64
468.699
477.044
474.246
489.449
463.337
462.596
464.77
468.486
469.974
476.091
477.579
466.038
464.269
466.272
464.331
486.048
480.678
475.138
472.34
477.085
469.145
463.947
471.606
492.637
470.982
469.042
462.473
467.046
462.363
477.394
469.282
462.541
462.658
477.689
462.72
485.808
467.924
475.241
464.9
468.96
478.505
479.821
462.281
468.054
488.571
462.973
468.576
469.035
463.494
468.582
471.27
468.473
468.246
471.106
462.137
473.91
462.37
467.972
467.06
490.834
462.15
462.61
469.926
470.386
462.274
461.876
470.393
474.109
480.569
462.514
462.116
480.404
468.349
462.809
477.84
473.499
466.416
463.275
470.934
475.165
483.168
474.027
462.486
471.346
470.262
462.665
468.267
468.384
462.843
467.76
468.733
464.05
475.309
462.74
481.714
464.345
487.09
475.035
464.694
474.24
474.013
462.13
469.275
467.677
462.308
470.31
468.884
498.144
463.117
467.52
466.436
474.438
469.069
474.157
478.388
471.648
472.964
469.481
468.569
473.657
467.945
468.576
468.349
474.637
462.411
463.556
475.33
471.675
481.563
469.68
481.11
478.313
478.944
462.431
473.005
479.293
487.124
474.898
470.9
464.502
477.648
474.678
463.481
477.483
478.628
464.516
463.433
463.549
472.58
475.611
472.47
475.158
465.846
471.791
472.251
473.568
473.684
473.458
474.946
466.662
472.265
472.21
464.612
473.814
470.159
473.876
481.364
490.395
472.169
473.999
481.83
483.49
475.035
477.894
471.154
462.356
479.101
467.732
482.249
481.851
475.11
462.884
467.801
467.917
466.148
463.179
468.438
463.241
468.157
478.388
462.562
482.05
467.595
475.083
466.114
465.887
475.775
466.292
477.38
475.439
461.327
473.615
462.246
483.277
483.394
475.453
469.741
462.143
468.946
462.205
469.179
474.095
468.555
469.7
479.245
466.333
473.993
462.281
477.311
482.914
466.573
482.118
464.578
471.551
462.239
467.499
464.701
469.618
479.506
480.137
479.225
462.198
475.343
475.289
463.577
462.493
462.61
473.698
467.986
462.617
459.305
461.993
475.823
469.94
476.914
469.316
469.947
469.378
468.294
473.897
461.67
477.044
475.961
470.42
483.737
472.71
474.713
475.858
474.774
465.977
473.465
468.781
463.755
469.186
480.617
475.247
467.65
466.223
482.797
466.285
474.116
473.547
470.406
498.637
463.439
467.156
462.301
463.618
477.106
464.022
462.253
467.341
466.601
467.574
472.662
462.322
462.438
463.583
476.043
460.388
468.39
473.821
477.023
481.769
475.885
475.316
491.547
472.806
478.237
481.954
474.013
481.673
472.875
476.763
472.594
476.996
476.77
485.115
483.174
498.205
472.265
465.867
480.383
464.557
480.274
474.905
475.707
468.966
474.74
469.714
463.83
469.775
467.663
469.151
473.725
474.185
479.101
470.989
462.191
467.622
484.025
477.627
472.601
472.546
467.348
462.322
468.267
482.783
473.814
473.588
462.219
468.85
466.738
480.74
461.314
462.116
468.575
467.492
461.951
479.039
469.384
467.615
473.732
469.734
489.737
462.424
467.855
475.343
462.774
460.148
463.693
471.867
462.555
465.243
467.245
468.562
489.764
468.28
462.397
489.599
462.63
468.232
466.12
463.666
462.754
462.356
468.13
475.789
465.448
462.479
475.453
478.484
462.829
467.746
462.891
469.007
463.124
471.983
462.671
465.016
469.419
482.735
467.766
462.397
468.856
462.287
467.547
479.492
478.408
467.554
462.527
477.558
467.56
483.448
461.794
463.11
483.112
462.486
481.46
469.062
468.15
468.267
463.069
463.186
473.931
474.047
484.278
470.338
465.14
474.342
469.659
463.947
464.406
463.494
468.411
487.384
460.93
470.646
483.62
465.908
472.71
464.941
485.629
478.888
472.148
466.607
470.667
463.24
474.5
480.274
462.39
462.85
462.28
467.883
486.514
462.287
467.718
479.149
467.951
470.296
464.927
468.301
464.646
466.648
462.136
462.253
462.37
468.315
464.488
474.376
467.122
469.124
462.555
463.357
479.416
463.762
481.021
464.852
469.083
477.599
463.487
462.232
482.92
468.294
468.068
462.527
467.958
479.218
463.22
491.965
476.996
463.398
463.172
462.603
480.891
466.436
483.352
463.583
473.986
471.016
469.59
459.935
462.623
462.74
462.856
462.973
482.975
462.692
463.666
477.496
463.384
476.53
472.36
467.848
474.308
472.367
477.627
479.115
478.031
474.548
477.579
467.067
470.612
473.814
477.702
474.219
473.65
473.423
476.283
468.685
473.773
487.604
471.949
463.494
468.411
467.156
469.501
473.903
487.563
472.079
463.796
463.569
468.829
468.603
463.405
475.179
481.81
465.126
478.614
488.159
462.047
462.849
479.938
470.111
462.171
468.801
474.404
462.349
485.437
462.411
462.527
465.558
462.246
474.534
467.622
462.767
468.541
468.315
469.288
463.576
462.321
470.495
470.955
478.443
473.931
476.79
472.964
469.137
469.254
472.113
460.059
489.147
466.806
463.665
463.782
494.927
478.415
472.532
478.82
472.079
477.167
466.141
465.057
460.031
462.719
470.893
467.067
473.697
469.014
467.759
482.619
465.935
491.766
473.025
474.856
483.03
463.261
475.549
461.78
475.611
483.613
473.958
473.56
479.848
487.336
462.253
493.57
462.486
462.603
466.491
467.979
463.295
462.555
462.671
484.559
462.561
470.392
463.309
471.14
476.056
475.487
474.404
474.177
474.637
468.411
462.356
470.187
467.389
469.734
469.336
472.71
475.227
476.029
468.945
461.862
469.35
473.581
471.297
467.471
462.445
480.561
465.764
476.68
462.225
474.685
475.487
467.889
462.692
462.465
472.696
465.441
474.472
472.875
472.134
471.051
483.339
473.684
479.8
482.145
480.033
470.55
473.924
466.326
462.843
461.931
463.247
470.907
468.28
474.054
488.056
467.601
470.118
464.577
477.037
471.668
477.27
472.758
465.846
475.905
474.479
475.453
482.084
479.8
480.603
470.776
473.807
484.724
468.212
471.243
478.559
468.904
473.821
472.909
474.568
477.599
473.087
485.718
483.263
476.523
484.353
493.556
474.472
482.132
477.62
474.136
479.053
474.541
474.143
475.974
478.319
493.521
