29.152
33.016
36.728
33.016
29.152
33.016
30.44
29.728
29.152
40.304
44.304
34.44
41.728
29.152
34.44
43.128
36.216
31.44
36.806
36.016
35.728
29.152
35.096
46.184
29.672
42.016
29.152
36.728
40.728
42.304
26.992
40.728
31.44
29.152
42.016
29.152
40.304
40.728
31.44
26.928
37.016
40.728
35.016
40.728
34.44
31.44
44.304
34.44
46.016
37.016
40.808
42.304
34.44
29.152
34.016
40.304
50.592
53.88
44.304
30.44
46.016
37.016
31.44
41.728
29.152
30.44
29.808
47.016
46.104
38.016
31.44
40.304
30.44
47.016
48.592
48.592
60.88
40.304
29.152
42.016
34.44
40.728
30.44
40.728
40.728
36.216
29.152
70.456
29.152
29.152
40.728
39.016
38.104
40.792
35.016
46.104
35.016
30.504
55.992
29.152
40.24
36.808
29.152
29.152
29.728
60.956
30.44
34.44
45.528
41.016
34.44
40.728
44.616
34.44
29.928
31.44
34.02
29.152
35.728
29.232
34.44
41.928
33.016
40.728
29.152
34.44
33.016
46.504
34.792
41.08
30.568
38.056
29.152
46.016
29.152
39.04
36.728
33.016
40.728
41.728
35.068
36.728
34.616
44.304
40.992
29.28
31.968
37.056
29.728
34.52
31.44
42.016
30.44
35.728
44.016
29.152
46.24
34.44
40.728
29.206
29.152
42.304
36.728
40.728
40.728
46.016
29.232
52.88
29.152
33.04
29.152
29.152
48.64
34.528
40.728
44.616
44.016
35.904
29.152
44.016
29.152
34.24
48.928
30.44
28.795
36.283
35.728
34.44
29.152
33.04
44.304
47.016
26.904
34.44
43.304
29.232
31.44
35.728
31.44
74.032
34.016
44.304
29.152
33.132
35.016
29.304
29.152
33.016
35.728
38.016
28.728
59.168
31.494
40.728
31.44
29.328
36.016
55.592
30.68
29.152
40.728
47.016
44.016
45.504
42.304
26.992
29.68
51.568
34.44
29.152
36.016
29.728
44.416
41.104
36.728
31.44
29.328
38.016
39.016
29.152
38.016
29.152
43.304
38.016
40.728
29.016
34.44
40.728
43.416
47.304
29.152
34.24
30.928
51.592
44.016
34.704
40.728
29.152
44.096
29.152
28.728
37.016
44.504
40.728
29.152
30.64
33.016
29.152
42.02
48.308
29.152
35.016
46.104
34.44
30.44
47.016
36.728
29.152
35.728
28.816
31.504
48.592
34.48
40.728
39.016
46.016
31.44
34.44
53.96
38.016
40.728
35.016
41.606
29.232
51.592
36.28
29.368
40.728
35.728
29.152
40.304
41.728
29.152
40.304
31.44
36.016
46.016
30.704
29.728
43.016
29.152
46.24
33.016
43.016
29.152
41.728
44.416
42.304
29.756
54.044
35.132
39.016
34.504
28.792
29.152
35.016
46.104
34.44
40.808
35.096
34.44
47.304
53.894
29.206
29.152
35.016
29.728
45.304
28.792
44.016
42.304
46.192
40.732
36.016
29.232
48.304
46.192
41.728
34.44
38.016
29.152
28.728
35.728
44.016
29.904
36.304
34.192
31.44
34.44
36.016
40.304
48.304
33.016
31.44
34.44
34.44
56.592
29.28
33.168
44.374
29.062
33.016
34.504
43.304
29.152
44.304
29.152
40.728
31.44
36.816
34.704
28.728
43.304
31.592
30.44
34.44
29.728
62.416
31.504
47.304
28.728
46.016
35.728
34.44
46.016
29.152
34.44
40.728
36.216
35.728
35.728
40.816
48.304
50.992
39.016
34.44
38.016
29.206
51.094
38.182
40.87
36.358
29.152
45.88
35.728
38.016
34.704
30.44
34.44
29.152
46.24
47.016
29.152
31.44
29.328
43.016
42.016
40.808
42.296
44.016
36.016
28.728
36.216
44.304
35.016
39.016
34.504
36.02
35.108
29.396
43.016
29.152
30.44
31.44
29.328
41.616
40.728
40.728
49.416
31.44
35.728
47.016
46.016
31.44
35.728
29.152
42.406
40.728
31.44
29.328
50.016
48.304
39.016
30.44
34.44
40.728
29.152
51.592
48.304
34.44
33.016
29.152
39.04
29.152
33.096
37.083
29.152
29.728
44.592
35.728
34.44
31.44
29.328
63.216
38.304
29.152
29.152
44.304
61.168
29.152
26.728
29.416
29.152
34.44
26.728
29.808
29.152
41.728
35.28
29.152
49.88
53.592
31.44
30.528
35.016
43.016
33.016
29.152
31.44
31.44
34.44
29.152
51.88
29.728
44.016
40.728
48.334
35.728
26.795
43.02
40.728
31.52
29.728
40.816
35.104
29.152
35.728
33.016
29.152
43.304
61.168
26.728
29.152
40.728
40.728
30.44
29.152
53.592
40.728
39.016
33.016
36.016
29.152
36.728
47.016
46.02
30.44
29.728
40.816
40.806
34.44
40.808
47.096
46.184
41.728
35.016
41.728
29.152
34.44
40.728
44.304
29.152
34.44
36.728
44.216
37.016
26.728
29.416
44.104
26.728
26.728
36.728
34.44
40.728
46.016
36.728
62.216
38.504
34.016
28.728
30.44
55.646
31.44
30.44
34.44
34.444
41.728
28.728
36.216
46.104
41.782
36.016
34.44
46.016
30.704
40.592
26.728
29.728
34.096
38.016
43.016
26.728
40.806
50.592
30.44
34.44
35.728
31.44
44.304
48.304
40.728
31.44
29.328
30.816
46.016
28.728
42.016
40.016
29.728
40.816
38.016
37.104
37.016
29.152
39.04
38.044
46.016
29.152
30.64
44.304
44.395
49.384
35.272
46.016
34.444
29.932
29.152
46.304
29.152
44.016
29.152
37.016
46.016
29.756
29.152
54.64
36.016
48.304
34.52
31.44
29.152
42.016
29.152
50.88
30.44
44.016
35.904
31.44
30.44
41.728
29.152
37.016
36.104
26.792
36.016
68.456
39.016
53.88
29.232
38.016
34.44
40.728
29.152
29.152
59.44
38.128
46.016
44.592
26.88
40.728
40.304
34.44
40.728
49.416
28.728
35.732
29.152
34.44
39.016
48.304
46.192
31.44
59.28
42.304
30.592
29.152
39.04
47.016
31.44
42.304
29.392
39.016
46.304
53.395
34.483
46.096
64.168
31.44
41.592
45.48
35.016
29.152
31.44
47.88
40.968
40.728
34.44
47.016
48.504
29.152
29.152
40.304
29.152
45.304
35.044
36.808
29.152
40.304
40.304
29.152
46.24
36.016
30.44
34.44
41.728
34.44
53.88
36.016
48.304
43.016
42.308
41.728
38.016
29.152
30.64
34.528
40.816
29.152
46.24
37.016
34.44
40.728
34.44
34.44
44.384
31.472
49.88
36.968
36.728
55.683
30.44
34.44
41.728
29.152
31.44
37.016
43.304
48.392
36.728
36.016
29.152
34.44
45.304
34.44
50.644
46.016
33.016
38.016
29.904
44.592
54.48
29.568
40.656
29.152
39.04
34.528
29.728
40.728
29.152
40.728
30.44
31.44
38.016
44.304
31.44
55.728
34.44
40.728
30.44
36.728
34.616
30.104
33.016
35.044
31.44
29.728
44.416
26.728
34.44
35.928
29.152
29.152
34.44
28.728
29.728
31.44
44.304
31.494
46.016
34.056
39.144
33.432
29.152
31.44
44.016
40.728
40.728
35.016
34.44
41.728
43.216
34.44
28.728
35.728
39.016
34.504
35.016
28.728
35.016
49.304
46.016
39.235
43.592
39.08
38.168
36.016
35.728
29.152
29.152
33.068
36.728
44.216
42.104
40.304
37.016
29.728
36.016
29.152
34.44
47.96
35.728
29.152
44.016
34.704
29.152
44.016
35.728
38.016
29.152
37.016
54.592
35.728
40.816
49.504
38.016
36.808
41.896
29.152
33.016
29.152
29.152
29.152
42.083
29.171
35.016
29.304
42.016
29.152
47.44
44.304
35.016
29.304
31.44
38.02
29.908
30.44
34.44
35.928
47.016
29.304
48.792
26.728
40.216
35.728
37.016
28.904
41.192
31.88
36.968
40.856
44.016
28.728
37.094
40.016
30.704
30.44
34.44
29.152
33.016
41.728
43.216
36.304
29.392
26.728
29.416
33.016
30.44
41.728
29.152
53.644
43.304
30.44
34.44
29.152
34.44
45.384
29.152
29.206
34.44
26.728
29.152
34.444
29.152
34.016
39.104
29.152
31.494
49.88
29.152
34.44
36.016
29.152
33.016
26.728
34.44
40.808
29.152
40.728
29.152
35.016
33.02
41.728
47.016
31.704
26.728
34.44
30.44
42.016
51.88
29.368
29.152
29.152
44.016
26.728
46.304
46.016
39.222
44.304
40.808
31.496
29.384
40.728
40.304
55.592
34.28
41.728
29.152
34.44
40.728
40.728
29.232
46.016
29.152
37.016
42.592
35.728
58.168
44.304
40.016
44.016
40.728
31.44
39.016
29.728
56.592
29.28
40.728
35.728
41.728
38.016
44.304
31.44
34.444
31.44
48.592
34.48
26.728
44.016
30.44
33.128
40.728
29.152
31.44
26.728
29.152
34.44
38.096
45.584
29.152
30.64
34.528
29.728
29.152
49.304
29.192
30.44
40.728
48.304
29.728
31.44
44.304
30.44
34.44
39.016
30.44
29.728
33.016
29.152
38.016
35.096
34.016
46.016
41.728
29.152
29.152
33.04
34.528
30.44
34.44
29.152
43.304
43.016
49.304
33.016
29.152
45.304
29.152
29.152
36.728
46.016
34.44
29.928
33.096
44.304
34.44
33.068
31.44
30.528
40.416
34.704
30.44
29.152
49.304
39.016
30.44
29.152
36.771
35.728
38.02
31.44
30.528
34.44
41.928
37.416
30.504
26.728
40.016
29.728
30.44
30.44
38.016
29.904
50.992
45.304
43.192
30.28
82.699
46.016
44.016
30.44
33.016
29.728
40.816
36.02
28.728
35.016
47.016
44.304
30.44
29.152
35.016
29.152
40.304
34.44
42.304
30.592
34.016
44.016
28.728
36.728
28.728
38.016
30.44
49.384
45.304
38.016
44.304
35.016
44.016
46.016
33.016
37.016
30.44
38.016
42.016
30.456
48.304
29.728
40.304
40.806
47.304
44.016
38.304
29.152
29.152
40.728
28.728
39.016
50.104
44.392
41.592
34.68
38.568
44.304
40.728
40.304
35.094
29.382
29.152
55.592
29.48
33.368
26.728
41.904
40.304
38.192
29.152
35.728
44.534
30.44
29.152
29.152
29.152
34.44
44.328
40.016
30.704
40.728
29.728
30.44
44.016
35.016
30.504
38.016
34.704
40.992
34.016
62.456
48.392
35.016
29.304
37.016
40.904
34.44
29.152
55.84
46.528
33.016
38.016
36.016
40.728
48.304
33.016
29.152
30.64
29.152
29.152
29.152
29.232
54.592
42.304
29.152
49.308
48.396
46.31
36.016
31.504
30.592
29.152
47.304
58.88
29.152
42.304
44.016
48.304
26.728
38.016
34.704
40.992
29.28
44.304
40.992
35.016
40.728
44.304
40.992
36.016
35.728
35.096
34.44
60.168
34.016
47.504
35.728
40.816
40.728
40.104
45.304
35.992
34.44
30.44
40.328
39.016
36.02
31.508
36.016
29.728
29.728
44.016
49.304
29.232
35.728
41.728
29.152
35.016
34.44
26.728
47.016
34.44
37.128
30.44
38.016
41.728
38.016
49.304
29.192
37.016
34.44
40.728
30.44
30.44
29.152
30.64
36.016
29.152
39.04
42.016
37.016
29.152
31.52
35.016
31.44
38.016
43.304
36.016
33.016
39.016
50.592
31.68
36.728
29.152
50.88
36.728
31.44
35.728
47.016
44.304
49.392
41.28
54.956
44.016
37.104
34.992
29.28
34.44
31.44
44.016
38.096
30.102
29.728
40.304
38.016
30.44
35.016
29.206
39.094
35.782
45.304
29.152
34.44
40.728
29.728
42.308
39.016
43.304
40.304
44.592
42.304
38.016
26.732
44.096
43.304
37.016
47.104
39.016
37.094
44.016
74.392
36.728
46.016
36.016
26.728
29.728
43.592
33.08
36.016
44.372
34.44
51.88
40.728
44.616
34.44
42.304
36.728
35.044
33.068
38.096
40.902
36.39
35.016
29.728
36.016
35.104
30.44
37.094
36.728
30.44
34.016
36.728
41.816
34.44
36.728
38.016
47.02
44.016
37.104
34.992
29.28
34.44
44.592
29.28
34.44
43.128
37.016
34.016
33.016
44.304
31.44
48.528
54.816
40.728
39.016
30.44
39.016
41.704
36.806
29.232
37.016
36.728
44.016
48.304
30.592
41.728
29.152
34.44
41.928
41.016
29.304
39.192
33.016
40.728
30.44
51.168
44.016
61.104
36.728
34.44
48.592
40.728
36.728
36.728
29.152
40.304
49.304
44.016
29.728
29.152
47.016
41.592
39.016
53.884
40.972
29.26
31.948
29.152
41.728
34.44
29.152
47.44
50.128
62.168
30.44
46.016
31.44
35.016
48.504
40.728
35.728
46.016
31.44
36.728
34.52
38.016
47.304
28.728
42.216
35.016
40.728
36.016
39.016
29.152
29.728
39.016
45.304
40.792
29.728
37.216
31.504
30.44
45.88
59.368
30.856
37.144
30.44
44.304
31.52
46.02
61.168
34.44
35.928
41.728
40.304
29.152
36.016
29.152
29.152
59.44
41.728
29.152
37.094
34.44
44.016
41.904
34.992
29.28
34.44
46.016
37.016
30.44
30.44
34.44
36.016
39.016
28.728
29.152
29.152
47.304
39.096
30.44
33.128
44.304
40.992
31.68
26.732
29.152
29.206
46.304
40.728
29.016
36.016
40.304
29.152
40.728
29.152
35.068
34.44
29.928
40.728
26.728
29.416
29.152
36.728
29.152
34.44
34.44
45.528
30.44
34.44
29.206
34.02
41.592
38.28
44.304
30.44
34.44
29.928
44.016
44.016
30.44
36.096
38.016
35.016
44.016
70.704
36.192
40.728
50.616
48.304
64.168
39.256
45.544
34.44
56.328
38.016
40.728
34.44
29.152
36.728
29.152
40.728
30.44
40.728
48.304
34.44
44.304
44.083
29.971
35.044
29.152
40.728
43.304
30.44
29.152
38.016
43.104
46.016
40.728
61.744
29.152
30.64
53.728
46.016
62.168
42.304
29.392
30.88
51.592
29.152
46.24
40.646
42.134
40.022
34.44
29.152
42.016
28.728
46.304
31.44
26.928
40.808
39.016
34.016
39.104
34.44
40.728
29.152
35.728
33.016
29.206
35.728
29.152
33.016
29.728
29.152
31.494
29.382
34.47
44.304
26.728
35.016
34.016
29.152
30.44
35.016
29.304
39.192
30.44
44.096
35.016
29.304
31.44
29.328
30.816
45.304
30.44
52.328
40.728
33.016
39.016
29.152
47.016
29.304
36.728
26.728
35.728
40.016
35.016
30.44
40.728
55.592
30.68
29.152
36.728
40.728
37.094
29.206
36.016
42.304
29.728
35.016
29.728
29.728
55.592
29.152
46.24
38.128
29.152
46.02
36.728
29.152
36.808
34.44
31.44
34.44
56.168
34.016
50.592
52.08
43.304
29.206
42.304
39.084
34.572
31.44
40.304
31.44
35.728
42.016
29.152
34.44
42.304
34.192
46.48
36.016
30.456
34.44
29.152
29.152
36.808
35.016
31.704
37.016
34.016
29.728
40.304
29.152
42.304
43.016
40.904
31.592
35.728
38.016
34.704
31.494
29.152
34.44
44.016
29.152
34.44
49.304
34.44
29.928
42.304
39.096
34.584
35.016
31.704
38.016
33.016
47.016
29.304
40.304
29.152
36.728
39.016
36.304
46.192
34.48
47.016
30.504
29.152
37.016
36.016
43.504
38.016
29.152
52.88
30.44
42.384
40.272
30.44
44.304
42.304
34.192
38.08
40.768
29.152
45.304
34.44
29.928
29.152
34.44
40.728
29.152
30.44
40.728
45.304
59.259
28.728
40.728
43.016
33.016
29.152
40.808
31.496
29.152
26.732
35.728
41.592
31.44
46.016
46.016
37.016
31.44
42.528
31.44
38.016
30.44
31.494
29.382
36.806
37.016
29.152
35.728
46.016
35.044
40.132
29.152
29.152
36.016
29.152
40.728
44.096
26.728
29.416
29.152
40.728
45.304
39.016
36.016
36.016
40.728
29.728
30.44
34.44
31.44
29.328
41.728
29.152
44.016
39.016
31.44
29.152
46.24
37.016
28.728
35.728
29.152
30.64
53.592
35.88
30.44
35.728
42.304
43.592
34.44
34.44
29.152
29.232
41.728
28.816
40.016
34.44
62.248
41.728
30.016
41.104
34.44
40.806
38.016
35.016
35.016
42.304
39.016
29.206
30.694
37.016
28.904
37.016
36.732
29.152
29.152
40.728
47.016
45.304
29.152
39.04
29.152
34.44
40.728
29.152
35.808
39.094
44.406
29.152
36.016
29.152
29.152
36.016
26.728
40.728
36.728
36.016
46.016
35.732
30.44
39.128
29.152
48.304
29.152
30.64
29.152
36.728
31.44
29.328
42.816
40.806
30.44
33.128
36.016
30.44
49.88
26.728
29.728
33.016
53.704
30.44
62.616
30.44
35.728
37.216
46.406
40.728
36.216
49.308
34.44
56.592
43.016
35.022
42.592
35.016
40.104
53.592
34.68
44.096
45.88
30.568
29.152
39.016
34.504
37.192
29.152
40.728
29.152
28.728
50.88
40.728
34.44
29.152
41.592
29.152
39.04
51.88
46.168
34.52
31.44
29.152
41.592
40.728
28.728
46.016
29.152
33.016
45.304
35.992
41.08
42.568
30.44
29.152
36.016
36.728
48.304
29.152
44.308
40.728
29.152
53.88
36.168
34.44
40.808
29.152
29.152
36.016
47.104
29.152
49.88
37.016
37.094
50.592
45.304
43.192
29.08
33.02
40.728
29.152
40.728
62.616
38.016
40.016
29.504
40.728
31.44
29.152
31.44
38.016
44.304
41.592
29.152
35.016
34.44
44.328
54.592
40.728
42.304
29.392
39.28
33.568
54.592
36.88
36.016
30.44
30.44
29.152
34.44
51.592
40.728
38.016
29.152
34.44
31.52
42.608
36.728
29.152
35.016
26.728
29.152
36.016
34.44
31.44
28.728
40.728
29.152
44.016
40.104
30.44
37.016
40.304
30.44
38.016
34.704
31.44
34.44
35.928
31.44
30.44
45.304
29.152
37.016
26.728
34.016
29.152
34.016
39.016
29.728
29.152
46.24
43.016
29.152
40.304
55.248
29.152
53.44
35.016
34.44
29.152
41.728
48.304
46.016
40.728
40.304
36.992
39.016
29.152
34.24
33.016
41.728
44.416
41.104
29.392
33.28
37.016
29.728
34.44
46.016
29.152
42.304
29.392
51.28
29.232
44.304
36.016
40.728
29.152
45.304
29.152
33.068
35.016
29.304
46.016
46.016
31.44
29.728
39.016
46.016
36.728
31.44
29.446
30.934
34.822
29.152
39.04
53.88
40.728
29.152
30.64
26.808
37.016
40.016
29.152
46.016
39.222
34.71
34.44
38.083
36.016
34.44
36.016
29.152
29.728
29.152
30.64
36.928
40.816
51.904
29.392
29.152
36.016
29.152
40.728
29.728
36.016
34.44
50.88
29.152
29.152
33.016
36.904
29.152
29.152
46.24
40.728
35.016
45.384
30.44
38.016
36.728
29.152
48.64
31.44
29.328
34.44
78.192
29.152
44.308
36.728
53.816
29.152
36.728
46.371
40.304
49.304
33.016
33.016
29.728
31.44
42.528
44.096
41.984
29.152
40.728
34.44
34.444
30.44
41.728
44.016
34.704
40.992
31.68
30.52
36.016
30.44
29.152
34.24
57.328
46.016
48.304
44.304
29.152
37.016
44.304
40.992
35.728
39.016
37.094
29.152
58.88
29.152
34.44
42.304
46.016
34.44
28.808
45.304
47.016
40.728
46.02
43.016
28.728
31.44
31.44
29.152
40.806
42.294
40.728
45.304
44.016
29.152
52.88
40.016
34.444
44.332
29.152
43.592
42.016
29.152
29.152
41.728
29.728
38.016
40.728
30.456
49.304
43.304
37.016
34.44
46.304
40.592
34.44
28.728
36.728
36.016
30.44
42.016
35.104
38.016
47.016
30.504
30.44
35.728
35.728
69.616
31.494
40.732
46.016
35.728
29.152
35.096
61.744
46.016
34.44
42.016
34.44
44.328
42.216
29.304
31.44
37.016
29.152
33.016
46.016
39.104
29.792
40.88
35.728
50.88
39.168
31.44
35.728
29.152
34.44
33.016
38.104
38.016
36.016
34.52
29.152
30.64
29.152
48.304
30.44
30.44
40.728
29.152
30.64
29.152
29.206
44.016
30.44
35.728
28.896
50.592
29.152
29.152
40.728
36.728
36.304
48.304
34.44
29.152
34.52
29.152
35.044
63.168
34.656
46.016
30.704
29.728
30.44
34.44
41.928
39.016
30.44
35.016
36.504
29.592
29.152
29.152
36.732
34.44
31.44
33.016
40.728
29.808
34.44
33.016
34.44
28.728
34.44
36.016
61.168
36.728
35.816
35.016
30.44
36.728
26.728
30.616
29.152
53.44
34.528
40.728
35.016
29.152
30.64
40.728
36.016
44.304
29.808
35.016
35.728
29.728
34.44
31.44
29.328
40.416
40.728
39.016
34.504
40.792
34.444
31.44
31.44
40.728
46.016
30.704
39.392
37.28
41.168
28.728
34.016
29.232
40.728
62.616
29.152
33.04
26.728
39.016
40.728
36.016
35.104
33.016
43.304
34.44
29.152
38.016
31.44
38.016
38.016
41.904
29.152
42.016
40.728
31.44
40.728
29.152
30.64
28.728
42.216
42.016
38.016
29.728
49.304
29.192
29.152
47.44
35.728
37.216
29.152
44.304
29.152
39.016
44.104
29.152
29.152
56.168
40.728
35.728
29.152
40.728
33.016
44.104
38.016
29.904
55.592
33.016
29.152
36.808
40.728
31.44
36.528
29.728
46.016
29.728
36.016
28.728
35.728
31.44
36.728
43.304
34.44
40.016
33.016
29.152
30.64
38.246
33.016
29.152
40.728
29.152
34.44
46.016
35.728
29.152
44.016
40.808
34.016
57.104
29.152
30.64
41.728
30.016
40.728
40.728
43.016
29.152
36.728
35.816
42.104
29.192
45.358
36.728
35.728
26.728
40.728
31.44
38.096
37.302
36.39
29.152
28.728
35.016
50.592
39.016
29.152
41.592
45.304
36.016
36.728
63.416
31.44
29.328
34.016
53.504
38.016
44.308
47.016
29.304
31.992
44.304
55.592
29.728
37.216
31.504
29.152
29.152
31.44
29.152
34.44
40.304
40.728
31.44
29.446
29.152
40.728
49.88
28.744
35.032
59.71
28.798
29.152
31.44
44.31
29.728
40.816
29.152
29.152
33.132
36.728
46.016
39.104
30.44
29.152
44.304
33.016
39.016
29.206
44.304
31.44
29.728
29.152
42.592
37.02
41.728
31.494
35.728
29.756
29.152
29.152
42.016
36.016
35.104
38.016
44.016
28.728
55.592
34.44
36.728
29.152
29.152
41.728
41.592
34.016
35.728
30.44
29.728
40.816
44.304
29.152
29.152
29.232
40.728
39.016
29.152
40.728
44.016
34.704
49.392
29.152
34.44
31.44
44.304
42.083
40.728
29.152
40.304
37.016
40.904
29.192
34.44
29.152
33.04
46.016
29.504
34.592
46.016
35.728
30.44
29.152
39.016
42.304
36.728
40.016
48.304
29.392
30.88
37.016
44.016
41.728
56.416
29.222
61.904
40.728
36.016
35.732
29.152
34.44
35.728
44.016
40.728
30.44
38.016
29.904
54.192
41.728
30.44
35.728
29.152
54.704
40.728
42.304
29.152
40.728
31.44
35.728
45.616
29.152
29.152
34.444
40.732
36.016
28.728
33.016
26.795
34.44
37.128
44.616
53.304
26.728
44.016
51.592
35.08
34.44
38.328
33.016
34.504
47.304
26.728
40.728
34.44
33.016
29.152
44.304
41.782
29.152
27.04
46.528
55.216
35.104
29.392
38.198
45.304
48.304
29.756
39.016
49.308
31.596
29.152
29.152
34.44
50.592
39.016
29.152
38.016
30.44
33.128
36.728
51.883
29.152
47.44
38.128
37.016
26.795
36.806
29.894
43.02
36.728
26.728
40.016
39.016
36.904
29.152
39.04
29.152
29.152
34.44
29.152
53.44
35.728
28.728
47.096
35.016
46.104
30.44
29.152
29.152
34.44
54.592
48.592
35.016
29.304
42.016
36.016
29.152
34.016
44.083
35.971
33.016
29.152
29.152
34.44
29.152
30.64
40.016
33.104
31.44
31.44
38.016
37.02
68.744
29.152
47.44
34.528
34.44
53.88
44.568
29.256
29.152
40.728
40.728
28.728
31.44
30.528
34.44
34.44
51.88
26.968
33.016
44.384
31.472
48.304
29.152
49.304
34.44
29.152
39.04
31.44
29.728
42.304
29.392
30.44
36.728
29.152
43.02
30.52
35.728
29.152
33.04
29.152
34.44
36.046
41.728
40.728
36.216
34.44
40.728
36.016
29.152
40.728
29.152
33.04
44.304
37.016
43.016
40.904
29.232
41.728
40.728
35.728
40.016
29.152
29.152
30.64
29.152
46.24
43.016
49.504
41.904
29.152
47.016
36.02
29.152
40.728
48.304
37.016
28.904
44.792
31.44
28.808
39.016
34.504
29.152
57.04
44.016
49.304
64.168
29.728
44.304
29.152
29.152
42.304
30.44
29.152
37.016
29.152
44.016
29.904
29.206
46.294
29.152
36.016
39.016
29.152
34.44
48.304
29.232
34.44
29.152
29.152
29.152
34.44
30.44
46.016
30.704
26.728
29.728
43.304
67.032
46.016
28.728
46.016
36.728
43.068
29.206
37.016
34.444
37.132
38.016
36.016
29.232
38.016
29.728
35.016
38.016
40.728
29.152
44.304
29.152
29.152
30.44
40.728
44.016
37.104
40.728
26.728
29.152
52.168
34.44
34.44
41.728
49.304
29.192
29.152
44.304
36.192
30.44
40.728
40.016
31.44
40.728
38.016
35.904
29.152
30.64
33.328
29.152
29.152
49.304
40.728
31.44
44.304
26.806
39.016
37.016
34.444
29.152
36.728
29.152
35.992
29.152
29.232
34.44
36.016
42.304
29.728
55.592
38.016
35.016
31.44
29.152
38.016
42.304
58.88
36.728
29.816
36.104
47.304
34.44
31.44
35.02
29.152
41.782
30.44
49.304
29.152
40.24
30.928
29.152
39.04
40.528
34.816
31.44
40.728
53.883
30.44
40.728
29.152
31.44
31.44
39.016
36.904
33.016
40.728
50.668
39.104
31.44
45.88
39.016
45.304
37.192
41.08
44.592
34.52
40.808
26.728
31.44
29.728
36.016
34.44
29.152
29.152
29.152
40.728
45.88
29.368
53.656
48.592
29.206
43.016
29.152
35.02
40.304
29.152
30.64
45.304
31.52
44.304
40.728
44.016
29.152
30.64
36.728
40.806
40.728
36.216
29.304
47.304
41.728
35.016
30.44
33.128
37.016
31.44
46.016
36.016
29.152
48.304
45.304
36.016
31.504
29.392
39.28
31.44
36.728
29.152
45.304
29.152
39.04
28.728
29.152
26.728
29.728
39.096
40.728
29.152
31.44
37.016
40.016
42.704
29.728
29.152
28.728
41.782
36.07
41.158
40.728
31.44
36.016
31.504
35.016
44.304
29.152
34.44
40.728
29.728
40.816
29.152
34.44
29.152
44.304
38.016
34.704
30.44
47.016
29.304
34.44
29.152
34.44
42.016
29.152
55.84
31.494
38.016
26.728
29.152
34.44
37.128
26.728
29.728
38.096
40.902
30.44
29.152
65.456
35.016
29.304
44.016
45.504
29.206
33.094
37.016
29.152
36.806
41.728
36.016
36.728
34.616
42.104
49.304
29.152
34.44
29.928
33.016
40.728
36.216
40.104
29.152
40.728
29.152
46.096
34.44
49.304
29.152
53.44
40.728
36.216
44.016
33.016
44.104
41.992
36.728
28.728
29.152
46.016
35.016
48.592
44.08
47.016
34.44
31.44
33.016
29.728
40.816
46.016
40.728
47.096
26.728
49.304
31.592
34.444
40.304
29.152
40.728
40.016
44.022
30.52
39.208
29.152
38.016
31.44
26.728
29.416
41.728
40.806
36.728
44.304
31.44
55.592
43.068
36.728
29.206
29.152
35.016
34.44
40.728
43.416
31.44
40.728
49.304
42.304
33.016
42.304
38.016
42.016
42.304
35.728
38.016
47.016
42.304
34.44
36.016
40.728
29.152
40.728
29.206
46.016
36.728
35.016
53.384
40.728
40.016
31.44
44.304
34.44
29.232
35.016
35.016
43.016
55.592
29.152
34.44
40.728
46.016
33.104
29.152
40.728
40.728
29.016
40.728
35.016
29.728
49.88
40.568
60.168
47.016
34.44
35.928
34.44
43.02
33.096
51.384
29.152
34.44
29.152
38.016
49.456
34.44
29.152
29.152
44.592
34.44
40.728
54.592
31.44
50.928
29.152
35.728
34.44
37.128
44.616
53.304
29.592
30.44
38.016
40.732
34.44
29.928
34.016
31.44
42.016
45.304
34.44
40.846
39.016
30.44
37.016
34.44
31.44
47.304
38.016
42.304
29.206
34.44
30.44
42.304
34.44
50.592
30.611
37.017
43.305
42.393
30.44
38.016
29.152
40.728
43.416
29.304
29.152
29.152
38.016
29.152
36.304
45.304
44.371
46.096
34.44
35.035
31.723
62.011
34.699
30.44
46.016
31.44
31.44
31.494
40.728
35.016
29.304
29.728
36.016
28.728
39.016
34.504
29.152
29.152
40.808
34.44
29.928
43.304
30.44
29.206
30.694
37.016
35.728
44.304
47.304
29.152
28.728
31.44
69.456
29.232
39.016
40.504
37.016
33.016
35.016
44.304
31.44
30.528
43.016
37.304
39.016
35.728
59.172
40.728
29.206
34.44
26.728
35.728
43.304
41.728
34.016
38.016
42.016
29.152
30.64
30.44
29.152
33.096
44.304
29.152
40.728
29.152
40.728
55.592
34.28
40.728
40.728
40.728
42.216
38.016
60.88
34.44
44.304
30.44
39.128
42.308
45.304
34.44
33.016
39.016
40.728
47.304
44.304
53.304
40.808
31.496
46.184
31.44
30.44
29.152
44.016
41.904
40.016
29.152
30.64
40.728
46.016
41.728
36.016
46.016
42.016
30.44
29.152
34.44
29.152
40.304
40.728
31.44
39.016
30.44
36.808
38.016
40.728
46.016
37.016
39.016
44.104
53.992
35.016
38.016
42.304
42.016
40.728
42.304
29.392
34.598
26.728
37.016
42.104
26.792
31.52
36.728
44.304
37.016
48.304
40.728
36.728
48.304
26.992
29.68
31.168
34.44
29.152
53.395
33.016
31.44
29.328
34.44
44.304
49.304
47.016
29.304
39.192
29.152
30.64
34.44
36.016
29.152
41.728
31.44
44.406
43.494
35.728
38.016
26.728
54.616
31.44
30.528
41.728
28.816
34.016
29.152
61.88
44.168
37.256
31.544
44.304
48.304
29.152
41.728
30.44
42.304
26.992
29.68
39.016
29.728
30.44
29.152
39.096
29.152
53.88
35.086
29.374
44.304
29.206
47.016
55.592
26.728
41.728
40.816
29.728
40.728
30.44
40.446
37.134
39.016
29.152
29.152
49.308
43.304
45.304
29.152
36.728
26.728
34.44
31.44
44.096
40.784
31.472
29.152
30.64
37.016
44.304
34.44
29.152
55.84
35.016
29.152
40.728
51.816
29.808
30.456
40.728
29.152
35.728
30.44
46.016
30.44
43.592
47.304
38.016
42.016
55.606
35.016
33.02
40.728
29.016
40.304
26.728
40.728
40.728
39.016
34.44
35.928
29.152
31.52
44.016
26.728
36.728
46.016
34.44
38.016
48.304
29.392
29.152
38.016
40.728
34.44
68.328
30.44
38.016
42.016
35.016
35.016
40.732
29.152
40.728
46.016
36.728
34.616
62.504
34.44
40.728
40.728
31.44
37.096
47.304
29.152
38.016
40.728
33.016
44.104
34.792
43.48
39.016
34.504
31.44
29.728
29.152
46.016
44.304
36.304
31.44
40.304
28.728
31.494
34.44
29.232
29.756
26.728
29.416
33.304
43.192
26.728
40.728
29.152
42.016
30.44
34.44
29.206
30.694
39.382
29.152
44.592
44.016
31.44
36.732
40.728
34.44
29.928
48.304
30.456
42.592
29.152
36.016
34.44
35.099
29.387
47.016
46.104
44.096
40.784
26.728
30.616
26.806
31.44
52.128
34.44
26.728
29.416
47.016
41.782
42.016
29.196
39.083
36.016
50.704
30.592
55.592
30.44
28.806
46.016
29.152
38.016
42.304
29.152
40.728
33.016
29.206
30.694
44.304
34.016
35.728
45.304
44.392
29.728
31.44
29.152
55.84
29.152
36.806
29.232
35.016
48.304
29.392
49.304
31.592
36.728
40.304
29.152
36.728
40.728
36.216
29.728
34.44
55.592
41.728
47.304
35.016
30.504
39.192
37.016
29.232
34.44
36.016
29.152
35.728
44.016
30.44
34.44
44.016
51.884
34.44
26.728
33.016
40.728
33.016
35.016
46.104
71.592
29.152
29.206
38.016
36.728
28.728
31.494
40.182
36.016
47.104
29.392
44.304
29.232
29.152
29.152
40.728
33.016
44.304
40.992
29.152
29.152
45.304
29.152
37.016
40.728
38.016
44.304
44.304
36.02
34.44
29.152
41.592
31.494
26.982
29.728
46.016
34.44
29.152
29.152
45.304
44.406
31.44
31.44
53.328
34.44
50.592
40.304
41.792
30.44
43.068
36.728
29.206
55.894
34.582
29.152
34.44
28.728
29.152
28.728
31.494
40.732
29.152
46.24
29.152
40.728
29.152
39.016
34.504
35.992
29.152
33.132
30.44
52.88
36.728
31.44
29.152
36.016
38.016
34.704
40.992
31.68
30.768
29.152
30.44
44.046
38.016
42.016
35.728
30.456
38.016
29.152
36.384
40.728
35.016
26.728
29.152
44.304
29.152
35.728
29.152
39.04
44.304
29.152
37.016
29.728
40.728
47.016
29.152
46.016
29.152
36.806
28.808
39.016
30.44
40.728
29.152
48.304
29.392
29.152
42.304
44.304
29.152
36.016
42.083
29.171
40.728
30.44
29.152
34.444
41.728
42.016
31.504
34.44
41.928
38.016
40.728
35.016
34.104
34.44
29.152
34.44
29.152
29.152
39.096
38.016
68.304
30.44
29.152
44.016
36.016
31.44
33.016
43.016
29.206
38.016
31.44
29.328
34.44
36.02
29.152
49.304
35.284
29.152
34.44
29.728
40.816
29.152
33.04
26.728
42.016
30.44
28.728
47.016
30.504
40.728
29.152
29.152
50.672
34.44
29.152
47.016
35.304
31.992
42.304
29.232
30.72
37.016
30.456
34.44
47.016
29.304
55.992
44.016
31.44
30.528
40.728
29.152
39.016
35.728
33.016
29.728
33.016
26.728
33.016
42.304
36.732
41.82
42.016
36.304
36.728
34.616
29.152
40.24
33.328
56.168
31.44
41.728
29.728
35.728
39.016
44.104
30.44
29.152
36.728
38.216
46.096
30.44
36.728
38.216
43.592
34.44
40.728
29.152
36.728
34.616
34.44
29.232
29.152
35.016
47.308
40.396
29.152
36.728
35.016
29.152
35.728
45.88
33.016
40.728
34.44
30.44
29.152
40.728
31.44
39.016
36.904
38.392
29.728
49.304
49.304
31.592
42.304
29.392
34.48
33.016
33.096
44.304
29.152
34.44
48.592
35.728
40.816
46.016
39.104
34.592
44.48
42.016
29.152
26.728
48.616
36.732
34.62
38.508
34.44
44.328
28.808
26.728
38.016
45.304
36.016
34.44
35.928
41.016
36.016
30.44
34.44
29.152
38.016
53.904
47.88
34.44
40.728
29.206
29.152
40.728
42.304
29.392
29.152
29.152
34.44
40.732
42.304
40.728
40.728
36.304
29.728
29.152
42.096
44.592
29.28
29.152
43.304
39.016
41.728
36.016
44.016
47.016
29.304
29.152
41.728
29.152
37.016
29.152
55.84
26.795
40.728
42.216
29.304
29.152
29.728
40.816
46.016
41.728
57.88
36.016
33.016
40.728
35.728
29.152
36.728
36.016
29.152
34.44
35.928
35.728
29.152
30.64
39.016
29.152
34.44
29.728
36.728
29.152
28.728
42.304
34.44
37.128
47.88
29.152
34.44
29.152
44.672
44.304
59.168
29.206
53.304
41.728
38.016
45.504
41.782
40.87
40.308
34.596
36.806
40.728
31.44
29.152
35.728
31.44
40.016
35.728
45.304
42.304
29.392
29.152
40.384
29.152
40.728
29.152
29.206
44.016
26.728
35.732
40.82
29.152
50.592
29.28
27.168
40.656
46.016
34.44
26.808
30.696
29.728
53.592
29.152
29.152
34.44
29.152
34.44
49.304
35.728
29.152
31.44
63.168
35.016
29.304
30.792
32.28
29.728
29.152
40.304
31.44
48.304
33.016
29.728
26.728
29.416
26.728
34.44
40.728
55.592
29.728
35.016
41.592
41.728
31.44
29.328
30.44
34.44
28.728
41.728
35.016
31.44
26.728
35.728
31.44
31.44
44.016
44.304
31.44
34.44
29.152
34.44
42.016
29.152
29.152
40.728
29.728
34.016
35.728
35.016
34.44
44.672
29.728
30.44
28.728
39.016
29.152
54.88
43.168
41.056
29.344
34.44
40.728
35.728
44.416
49.504
36.096
34.44
29.152
43.016
40.904
37.016
40.304
30.44
37.016
36.104
34.44
52.168
31.44
30.44
46.016
40.728
35.016
34.104
37.016
34.44
31.44
34.016
44.304
29.152
30.44
36.728
53.816
29.152
46.016
44.016
30.44
29.152
44.016
38.304
43.392
41.28
31.968
29.856
34.944
29.232
39.016
37.016
30.44
29.152
29.728
38.016
34.44
36.304
38.016
36.016
36.096
31.44
50.928
40.416
33.504
29.728
29.152
34.44
29.152
34.44
53.304
33.016
30.44
29.152
46.24
47.016
31.44
29.152
37.016
29.152
44.304
42.192
34.44
37.128
35.728
31.44
26.928
44.304
40.806
70.032
36.016
29.152
46.096
36.784
44.272
44.304
40.992
29.152
46.016
28.728
34.44
41.728
33.016
29.152
46.016
44.304
30.44
36.728
44.568
44.083
50.88
38.016
36.016
29.152
38.016
36.016
29.152
46.24
36.016
29.152
43.384
35.016
29.304
29.152
30.64
33.328
44.016
37.02
50.592
29.28
29.152
43.016
34.44
55.592
44.304
35.728
36.096
36.016
29.152
35.728
46.016
35.016
44.016
36.304
40.304
30.44
29.152
39.04
36.016
29.152
38.016
30.44
34.44
40.728
29.152
29.152
44.07
40.728
31.44
36.728
40.728
31.44
38.016
34.44
46.016
28.806
43.592
38.016
29.728
34.44
30.44
30.44
29.728
29.206
48.694
43.016
42.304
29.392
38.08
29.152
46.016
53.304
42.304
33.016
36.904
40.728
34.44
40.728
44.406
26.728
31.44
36.728
31.44
36.016
40.728
46.096
48.304
30.592
29.206
29.728
37.016
39.016
30.44
29.152
43.016
34.016
51.592
29.152
44.016
43.304
44.016
28.728
31.44
40.304
44.192
42.08
29.168
31.44
29.152
46.24
34.528
40.816
29.152
70.571
29.206
39.094
43.016
35.728
49.304
33.016
35.728
30.44
36.728
34.616
29.152
30.64
38.016
34.44
44.328
29.152
29.152
46.016
45.304
40.384
28.728
35.728
28.816
29.152
31.44
29.206
34.44
44.328
39.016
40.504
30.44
30.44
29.152
34.44
40.728
30.44
33.128
44.304
46.016
30.704
37.096
36.184
41.272
31.44
29.328
33.016
29.152
29.152
34.44
58.88
29.168
28.795
31.483
45.304
36.016
29.152
33.016
34.504
48.304
40.728
40.728
41.728
40.816
29.152
38.016
34.44
29.152
35.016
38.016
29.904
33.016
40.728
29.152
29.152
45.392
34.44
40.728
34.444
36.728
29.816
40.904
35.016
36.504
29.592
41.904
40.728
30.44
28.728
46.304
39.016
42.016
29.152
30.64
44.128
29.728
40.728
38.016
40.728
49.304
42.392
36.728
34.616
29.152
35.728
42.016
29.152
34.44
40.728
35.728
45.304
29.728
34.44
28.728
38.016
34.704
29.152
28.728
30.44
40.808
50.88
46.368
29.728
31.44
40.728
31.44
29.152
29.152
40.304
36.016
34.44
41.728
48.304
26.992
53.68
40.768
38.016
29.152
36.728
34.52
43.304
36.016
40.806
33.016
33.016
38.016
34.704
48.592
33.28
34.768
29.206
44.016
29.152
38.016
45.504
29.152
36.016
26.808
40.728
29.152
40.304
29.152
39.04
54.694
45.382
39.016
28.728
31.44
52.128
31.44
44.016
29.152
39.04
29.152
44.304
33.016
33.016
44.104
40.728
36.216
29.304
48.792
34.44
35.928
29.152
29.232
36.728
29.152
43.304
29.192
36.016
29.152
40.728
31.44
26.928
29.616
42.304
29.152
29.152
36.016
30.44
29.206
29.152
26.728
40.728
37.016
39.02
29.152
31.44
50.928
29.232
30.72
29.152
39.04
26.728
38.016
42.016
62.704
26.992
29.68
26.728
36.728
31.44
39.016
29.152
31.44
34.44
40.728
29.152
40.728
48.304
40.728
46.016
30.456
33.144
46.02
41.592
29.152
34.44
43.304
36.016
48.304
34.44
45.528
29.152
36.728
48.406
29.152
38.016
34.44
56.168
29.152
46.304
44.304
40.992
50.88
26.728
29.416
36.728
49.016
38.504
46.016
29.152
34.44
37.128
29.152
45.304
47.016
39.016
34.504
34.44
44.592
31.44
33.02
42.304
26.728
29.416
29.152
35.728
43.304
39.016
34.504
36.728
34.616
47.304
29.152
44.016
31.44
29.152
34.44
29.152
36.808
34.696
56.283
26.728
29.416
29.152
34.44
29.152
31.44
42.528
37.016
47.016
29.304
48.792
44.304
29.152
34.44
26.728
40.728
28.808
40.728
39.016
35.016
39.016
26.728
33.016
34.504
36.728
44.304
28.992
37.016
45.304
42.304
36.02
45.304
40.792
36.28
34.44
34.44
47.304
41.728
49.304
31.592
40.728
38.016
34.44
45.528
36.384
40.304
43.304
38.016
31.44
30.44
38.016
33.016
31.44
30.528
43.068
26.728
29.416
29.728
35.732
47.88
31.44
70.456
39.016
44.304
34.44
26.728
29.152
36.304
34.52
29.152
36.728
62.216
60.88
40.768
50.656
29.152
29.152
33.04
34.528
40.304
44.304
44.304
53.592
29.152
39.016
33.304
37.192
46.016
36.806
40.728
29.152
33.04
33.096
29.728
40.816
29.152
42.016
29.152
35.728
41.592
38.28
29.152
38.016
35.728
49.304
29.192
29.206
40.728
42.216
31.44
26.928
30.816
38.016
40.728
36.728
44.304
29.152
34.44
29.152
29.152
36.728
41.816
34.52
29.152
30.64
29.152
37.016
34.44
29.928
85.416
34.44
44.016
34.796
34.44
34.44
29.152
29.152
40.308
36.016
43.504
34.44
26.728
30.52
35.016
34.44
45.304
44.304
47.016
29.152
39.016
33.304
33.016
44.104
40.728
42.216
29.422
30.91
46.016
29.728
35.016
29.152
40.728
29.152
46.016
46.016
36.728
53.816
34.44
30.44
33.128
45.304
29.152
40.806
36.728
29.152
37.016
43.304
29.192
33.08
37.016
33.016
36.904
29.152
31.44
34.44
29.152
48.304
60.88
29.152
29.152
33.016
37.022
29.232
29.152
41.592
45.88
42.016
33.016
36.016
40.728
42.216
45.304
46.016
34.44
56.328
29.152
33.016
34.504
40.07
44.304
40.728
35.016
30.504
40.308
34.596
47.304
29.756
49.304
40.728
36.216
29.304
31.992
41.728
38.016
44.304
31.44
43.096
36.016
30.44
29.728
37.016
29.152
40.728
29.152
46.24
33.328
49.216
29.152
40.732
29.232
54.72
45.408
40.896
34.44
55.168
26.728
29.416
29.152
40.728
34.44
35.928
46.016
30.44
30.44
29.152
39.04
34.016
29.152
28.808
41.728
44.416
34.44
44.328
36.304
48.304
39.016
44.104
53.992
41.08
29.368
53.592
46.016
33.016
40.728
29.016
31.44
29.152
29.152
41.728
37.216
44.016
29.152
39.016
31.44
26.928
34.44
39.016
28.728
34.44
36.016
31.44
29.232
36.728
40.728
59.259
35.728
33.016
40.016
26.728
34.44
31.44
34.44
29.728
36.016
29.152
46.24
46.016
40.728
29.152
46.24
26.728
31.44
37.02
29.152
29.152
46.016
31.44
46.016
40.728
30.44
34.44
35.928
29.152
41.728
39.016
34.504
29.152
54.592
33.016
41.728
30.016
29.152
41.728
40.728
26.728
40.728
40.732
53.606
35.894
40.304
44.192
36.728
39.016
42.016
34.52
39.016
29.152
40.728
37.016
40.728
40.728
29.016
29.152
29.206
36.728
45.416
45.304
41.992
40.016
29.728
40.304
45.484
31.44
51.172
30.52
46.02
36.728
34.616
44.504
34.44
40.728
31.44
29.328
35.016
34.44
29.152
35.016
52.104
35.016
53.144
29.432
36.016
31.622
30.44
29.152
28.728
31.44
40.728
63.168
39.016
29.152
34.44
30.44
29.728
31.44
42.528
40.806
56.646
44.304
55.592
42.304
29.392
36.016
35.016
39.016
48.406
30.694
37.016
38.016
29.728
31.44
26.928
44.016
37.104
29.152
29.152
36.728
41.816
30.456
29.152
34.44
48.568
29.152
29.152
48.304
31.44
40.728
29.152
46.24
41.728
29.728
31.44
29.446
40.728
26.728
47.016
31.704
33.016
43.304
30.44
46.016
29.504
31.44
60.824
29.152
39.04
41.728
31.44
29.152
42.016
40.728
40.728
31.44
29.328
39.216
29.152
36.728
34.616
42.406
29.494
26.728
31.44
48.304
46.192
36.728
31.52
34.44
31.44
30.44
35.728
44.416
50.592
31.68
46.368
58.259
38.147
45.635
38.016
35.728
36.304
35.016
29.304
29.152
46.24
41.728
29.152
41.728
56.592
29.232
39.12
41.808
55.592
34.44
40.728
44.083
36.016
35.104
29.152
33.132
38.016
31.44
29.328
36.016
40.016
37.016
44.504
34.02
40.728
30.44
51.128
37.016
34.904
29.152
29.152
35.016
34.44
46.016
31.52
42.304
44.016
35.728
29.152
34.44
40.728
31.44
40.728
40.728
37.016
34.44
33.016
29.728
29.152
44.016
34.44
40.728
29.152
39.04
47.304
34.44
34.016
54.704
33.016
34.52
42.008
30.44
34.44
34.44
29.152
46.24
30.928
55.592
34.44
29.152
30.64
40.728
35.016
30.504
29.152
48.592
40.728
31.44
31.44
29.328
29.152
33.016
29.152
41.728
29.152
39.04
29.152
30.64
29.152
50.592
29.152
31.44
55.728
31.44
44.096
28.784
51.592
33.02
28.728
45.304
40.792
40.728
35.016
29.304
49.304
35.016
34.44
40.728
62.456
30.456
34.44
44.328
35.016
34.52
41.728
29.152
36.728
35.816
33.016
29.152
31.44
33.016
30.44
40.728
31.44
36.016
29.152
29.152
34.44
44.016
36.016
29.232
54.592
43.016
34.44
29.152
38.016
31.44
46.128
34.44
41.928
30.216
34.44
29.152
39.016
29.152
35.016
34.44
29.152
35.016
60.88
29.152
29.152
40.304
36.016
29.152
40.728
29.152
28.728
34.44
40.728
31.52
44.592
30.48
29.152
44.304
39.016
40.728
29.152
26.728
30.44
36.728
26.728
44.304
29.152
42.304
39.016
48.304
35.392
46.304
44.48
35.728
44.016
28.808
34.44
35.928
34.44
29.928
29.728
38.016
43.104
29.152
37.083
31.44
38.016
40.016
31.44
34.44
26.806
30.694
38.182
39.016
31.44
49.304
31.44
29.728
30.52
35.728
44.416
34.44
43.304
50.88
34.44
46.016
34.44
39.016
33.304
45.304
40.792
26.728
29.152
39.04
44.016
36.016
44.304
46.016
30.704
29.792
36.08
41.168
35.456
40.728
34.016
34.52
37.208
29.728
44.304
34.44
36.016
58.88
29.168
34.44
46.016
44.016
38.304
36.728
41.816
48.304
39.016
70.456
31.44
40.728
37.016
42.304
40.192
34.598
31.44
33.016
36.728
29.152
39.04
33.328
44.416
35.104
35.016
30.504
29.592
29.152
38.056
29.152
29.152
55.606
26.728
30.616
44.304
29.152
40.728
38.016
40.728
45.304
31.494
30.582
70.47
30.44
36.728
29.152
26.728
35.044
40.808
34.44
55.596
45.304
40.728
33.016
29.152
28.728
36.728
43.304
40.728
40.728
30.44
29.152
30.64
63.456
33.016
31.44
46.128
29.152
40.728
33.096
37.016
49.304
29.192
34.44
31.44
35.728
54.592
55.168
29.152
46.24
37.016
29.152
29.152
30.64
38.128
29.152
44.016
40.728
29.152
30.64
39.328
45.616
29.152
39.083
29.152
48.64
56.168
29.152
35.728
31.44
29.328
40.728
36.808
33.016
29.152
39.016
40.728
35.016
29.304
34.44
40.728
33.016
43.304
38.016
29.152
34.44
40.016
36.822
36.016
47.304
35.728
31.52
30.608
36.728
30.44
35.016
33.016
30.44
41.728
30.44
48.304
29.728
37.216
40.728
31.44
47.328
46.016
33.016
34.504
40.728
34.44
48.304
30.592
41.728
36.016
36.016
29.152
40.728
50.616
29.304
37.016
34.44
29.152
30.44
31.44
35.728
40.728
30.44
46.016
26.806
36.728
40.728
29.152
34.44
29.152
34.44
39.016
29.152
30.64
31.44
29.152
44.016
44.016
54.592
40.728
29.152
36.016
29.152
40.24
39.328
43.304
36.728
31.44
30.44
39.016
29.152
30.64
34.528
52.96
42.304
48.592
29.152
30.64
36.016
29.152
28.728
45.88
35.016
31.704
29.728
29.152
38.016
41.904
36.192
62.88
29.152
43.304
29.192
26.728
34.216
49.304
31.592
29.598
39.486
29.152
31.44
29.728
31.44
30.456
45.304
68.392
34.52
30.44
40.016
44.016
36.022
29.152
26.728
46.016
29.152
44.304
42.304
39.016
36.728
36.02
46.016
44.016
39.016
44.568
36.016
38.016
40.728
58.88
35.016
31.44
40.304
44.406
46.016
29.728
26.732
29.42
46.508
44.396
30.44
36.728
46.016
45.304
42.406
29.494
40.582
36.07
29.158
46.016
40.304
44.192
31.44
29.152
36.728
28.728
38.016
29.904
33.096
43.016
40.806
44.016
34.44
34.44
29.152
40.728
34.44
36.016
30.44
45.304
30.44
35.728
43.216
38.016
29.728
31.44
40.308
35.728
31.44
55.728
34.44
41.928
36.096
42.016
37.083
36.289
34.177
46.016
34.44
28.728
37.016
28.904
39.016
34.504
49.88
34.44
29.152
46.304
33.016
42.592
44.08
36.016
31.494
44.016
31.52
36.728
40.728
31.44
34.44
29.152
38.016
44.304
40.992
29.28
46.368
29.728
31.44
28.728
44.304
40.992
29.28
34.368
29.206
29.152
45.304
29.152
38.016
26.728
35.094
40.728
34.44
29.232
29.152
36.728
29.152
39.04
29.728
29.728
29.152
33.04
44.128
33.016
30.44
39.016
46.016
29.728
69.616
46.016
29.152
29.152
40.728
39.016
40.728
29.232
34.44
29.152
30.44
38.016
34.704
51.606
29.152
39.016
45.48
36.728
30.44
33.128
37.016
48.304
29.392
29.152
54.592
40.48
29.968
59.056
29.152
39.04
31.44
40.304
29.232
40.728
35.016
34.44
29.152
39.04
39.016
30.44
29.152
48.694
36.728
36.016
36.016
29.152
29.152
33.04
34.528
31.44
48.592
40.728
29.152
29.152
42.016
31.504
39.02
29.152
31.44
34.128
43.016
42.104
29.192
29.152
35.016
35.096
40.728
31.44
31.44
34.44
40.304
37.016
29.152
35.728
34.016
29.152
26.728
40.728
42.304
29.392
39.28
37.168
29.152
29.152
34.44
40.732
29.152
44.083
29.152
35.096
29.384
40.806
36.728
34.44
46.304
35.792
29.206
38.016
40.728
29.152
47.44
34.528
35.016
29.728
45.304
40.792
35.094
29.152
33.016
29.728
29.152
46.24
33.016
29.728
51.88
29.368
39.094
44.304
33.016
46.016
41.808
33.016
29.152
29.152
34.44
35.732
38.016
36.016
48.422
38.016
36.806
28.808
46.016
48.88
36.728
34.616
36.104
39.016
29.152
30.44
40.328
40.304
29.152
29.152
40.016
34.44
40.728
40.728
48.592
35.016
34.44
36.728
56.592
29.28
30.768
44.304
35.016
44.304
29.152
60.168
39.016
43.304
31.592
54.798
31.44
44.016
36.304
40.808
30.44
40.728
50.616
29.304
33.192
31.44
36.728
30.44
29.152
35.016
35.016
34.44
49.304
29.728
41.792
34.016
29.152
30.64
29.728
26.728
36.016
46.016
36.016
26.728
30.616
46.016
40.384
57.456
48.472
29.152
36.728
40.728
29.206
34.444
39.016
55.592
34.016
40.304
29.152
29.808
37.296
30.456
36.016
31.504
40.728
42.304
40.806
34.44
31.44
30.44
51.128
55.592
40.304
35.792
29.206
40.728
36.216
29.304
35.728
48.592
36.728
29.152
33.016
40.728
50.616
38.016
29.756
43.304
29.728
39.016
29.152
29.152
29.152
42.64
42.096
40.304
38.192
44.48
29.728
47.016
29.152
31.44
38.016
31.44
38.016
29.152
29.152
45.304
40.728
29.152
29.728
37.216
29.232
39.12
29.728
40.728
38.016
29.152
31.44
29.328
40.728
29.152
39.04
37.016
29.152
29.152
26.732
39.02
29.728
40.728
30.44
36.728
33.016
30.44
40.728
36.216
33.016
31.44
29.152
30.44
40.728
41.728
48.304
34.44
40.728
30.44
35.728
34.016
39.104
30.992
29.152
30.64
37.016
29.206
34.44
50.96
44.016
34.44
30.44
51.128
39.016
34.44
35.928
31.44
29.328
34.44
33.016
41.728
30.44
30.006
28.728
44.096
40.304
53.592
34.68
31.44
41.728
29.152
29.728
40.816
42.304
40.728
37.016
39.016
31.52
29.152
39.016
40.728
34.44
47.016
34.44
41.728
40.816
29.152
46.24
35.728
55.782
36.016
48.304
30.44
35.016
34.444
58.88
42.016
33.016
33.016
46.016
55.592
34.28
40.728
34.056
30.744
33.096
34.584
31.44
46.128
42.016
31.504
55.592
47.304
30.44
39.016
34.44
40.728
30.44
26.806
39.016
36.016
46.016
36.016
29.152
46.304
40.728
42.592
35.728
35.016
31.44
29.328
36.016
48.392
50.88
47.016
40.728
29.152
46.24
36.728
34.616
36.104
41.192
42.68
38.016
34.704
38.016
34.704
35.744
48.304
29.152
30.44
60.744
34.632
54.592
36.88
34.768
44.016
40.944
70.456
43.304
34.44
42.304
29.392
46.48
34.768
29.056
34.44
29.152
37.016
31.44
34.44
29.928
34.016
29.152
29.152
49.88
29.152
39.04
34.528
38.416
29.808
31.44
30.528
35.016
29.304
44.304
29.152
29.152
29.152
29.728
35.728
34.44
44.328
53.016
36.732
28.768
47.056
40.728
60.88
51.592
36.28
34.168
35.774
29.232
41.728
41.728
36.016
34.056
35.016
31.704
31.44
46.016
29.152
39.04
34.016
35.728
38.016
29.904
31.44
36.016
29.152
37.094
35.728
29.152
29.152
37.016
39.016
36.904
29.232
37.016
29.152
47.016
34.44
29.152
39.04
34.44
29.152
29.728
51.592
37.016
30.48
46.016
44.016
37.104
34.992
37.016
34.44
47.016
34.44
29.152
44.304
40.732
29.152
35.728
33.016
64.168
39.016
40.504
34.44
35.016
46.104
34.44
35.016
41.808
35.016
36.728
29.152
34.44
36.016
40.016
35.728
38.016
31.44
30.44
37.016
34.44
35.928
44.592
33.016
31.52
29.408
31.44
46.128
36.304
40.728
44.016
50.592
35.016
35.016
33.016
40.504
36.728
41.934
29.206
29.152
35.016
29.152
45.88
41.782
40.87
29.158
38.016
44.694
29.728
29.808
28.896
43.584
37.016
40.728
31.44
29.328
26.728
44.304
40.992
33.016
35.728
39.016
43.304
29.152
28.728
31.44
29.152
44.016
46.016
41.728
43.216
44.704
36.592
30.88
41.968
29.232
41.728
40.816
29.152
36.728
26.728
26.728
29.416
35.728
46.016
43.592
41.728
37.334
39.016
33.02
34.44
46.016
33.104
42.592
53.592
29.152
34.44
29.152
41.728
46.016
39.104
35.016
29.728
34.096
29.152
44.304
29.152
36.728
43.304
46.016
36.728
40.304
36.992
44.48
37.016
44.304
31.44
29.328
34.44
36.728
40.728
56.616
37.016
44.504
50.792
34.52
37.208
33.068
29.756
33.016
40.728
39.016
53.884
28.972
29.152
33.04
53.728
34.44
46.016
29.152
46.016
44.304
29.152
37.02
40.728
30.44
29.152
37.016
33.016
37.016
43.304
30.456
48.304
29.392
29.152
29.152
39.094
48.592
29.152
28.728
41.016
28.728
42.304
36.728
46.016
36.016
35.104
29.728
28.728
45.304
34.016
30.704
40.732
40.728
31.44
31.44
30.44
30.44
45.304
29.992
49.304
42.384
48.304
29.392
35.728
42.016
39.016
46.016
29.728
34.444
42.016
40.728
42.304
30.44
40.728
29.152
34.44
38.016
36.016
44.016
29.152
46.304
29.728
55.592
36.728
44.304
29.152
41.808
40.896
40.304
46.016
35.728
42.304
34.44
40.304
35.016
33.016
30.44
29.728
29.152
40.728
29.152
51.04
44.246
29.152
36.728
29.152
43.016
40.904
34.52
46.016
31.44
29.328
40.806
35.016
38.016
40.728
29.152
39.016
39.016
30.44
35.732
40.82
30.44
40.328
29.152
37.016
29.728
42.304
29.728
30.52
34.44
45.304
29.152
34.44
44.328
47.304
29.152
40.24
33.016
35.016
29.304
46.016
46.304
40.728
29.152
33.016
35.732
29.152
33.04
48.88
48.304
34.44
28.728
47.016
28.808
45.304
29.152
34.44
40.728
30.44
29.152
31.44
42.304
44.304
29.728
38.016
40.728
36.728
35.816
31.44
35.728
29.152
31.44
26.928
34.44
40.728
34.016
40.728
42.592
31.44
40.728
29.152
36.728
41.816
46.016
36.728
34.616
38.504
34.44
29.152
40.728
49.304
36.016
49.96
34.648
29.728
36.016
28.728
43.416
36.728
29.152
40.728
48.304
39.016
34.504
30.456
40.728
29.152
33.096
33.016
30.44
34.44
36.728
31.44
48.304
43.304
55.71
39.198
40.728
36.732
36.016
29.152
37.016
35.068
29.728
39.016
48.304
46.016
29.728
30.44
36.384
38.016
35.904
40.992
44.406
29.728
36.016
34.44
49.304
31.44
26.928
30.816
63.494
31.44
41.728
31.44
35.728
47.304
40.016
38.016
37.104
40.992
35.28
35.728
39.016
29.152
33.04
53.728
36.134
35.728
41.592
63.456
31.44
29.328
36.816
31.44
40.728
30.44
37.016
49.384
48.592
30.44
35.728
33.016
34.44
35.928
31.44
29.328
33.216
35.016
29.152
54.592
41.728
40.816
29.152
30.64
33.328
29.152
31.44
29.328
42.816
29.152
57.884
30.44
29.152
30.64
46.016
29.152
47.44
34.44
35.928
48.304
40.728
29.152
36.016
34.44
35.928
29.016
29.152
37.096
37.016
33.016
46.016
53.592
35.88
30.44
44.016
40.728
29.152
31.44
34.444
42.016
40.016
29.152
39.04
29.152
44.304
29.152
39.016
47.016
38.016
29.152
30.64
34.528
36.016
29.728
44.304
30.44
29.152
31.44
31.44
40.304
35.792
46.016
40.728
29.152
50.88
38.016
37.104
30.44
36.728
26.795
66.744
35.016
44.304
40.016
29.152
36.728
44.216
33.068
36.016
35.016
42.384
48.592
36.016
35.104
39.016
29.728
40.816
34.44
29.152
45.304
34.44
34.44
45.616
46.016
45.308
35.016
40.728
48.304
40.728
39.096
37.016
35.016
29.304
36.792
34.68
26.728
29.728
41.659
44.347
29.728
36.016
29.152
26.806
36.016
30.44
29.728
42.304
61.88
29.768
29.152
29.232
53.88
29.152
30.44
29.728
48.596
35.728
39.016
47.016
46.304
29.792
34.44
40.728
31.44
34.44
29.152
38.016
40.728
36.216
29.304
30.792
36.016
45.304
26.795
51.083
29.889
46.016
29.504
62.192
37.28
26.728
29.416
34.44
46.28
35.016
59.422
44.016
35.904
30.44
34.44
29.206
40.304
31.44
34.44
40.016
29.728
44.016
44.016
36.806
35.016
44.016
40.728
34.44
29.152
40.728
41.592
40.304
34.592
43.096
40.984
29.152
48.64
37.016
35.728
34.44
43.128
34.44
37.128
31.44
44.016
31.44
35.732
28.82
30.44
30.44
49.304
34.44
29.152
43.016
34.44
34.44
44.328
29.016
34.44
38.328
49.534
40.728
29.152
26.728
29.416
29.152
29.152
38.016
35.904
28.728
30.44
44.016
34.016
40.728
29.152
34.24
38.016
30.456
35.016
39.016
30.44
44.592
29.28
40.728
29.152
26.728
31.44
31.44
35.728
46.016
45.382
44.592
35.732
35.016
44.016
34.704
29.152
34.44
35.728
34.056
44.304
47.88
29.152
36.384
29.152
36.728
45.304
29.152
70.536
31.44
50.928
40.728
42.216
29.152
28.728
33.02
43.016
41.728
52.88
40.728
34.44
46.016
35.016
31.704
41.728
30.456
40.728
57.992
33.096
36.728
49.395
29.283
40.728
29.152
35.728
39.016
38.104
37.016
52.88
40.728
35.016
29.152
44.304
41.084
34.172
42.016
35.104
28.728
30.44
29.232
35.728
43.016
37.016
31.44
44.016
53.592
34.44
29.928
31.44
44.592
29.28
34.44
40.728
29.152
29.152
57.884
34.44
40.728
29.152
34.44
33.016
40.728
34.44
44.308
28.996
58.88
35.728
40.816
47.304
40.728
31.44
47.328
29.728
31.44
40.728
38.016
35.728
30.44
40.728
50.616
35.728
29.728
29.152
34.44
34.44
43.016
51.704
31.592
55.88
40.728
30.44
29.728
29.808
29.152
49.304
29.192
39.08
29.152
36.728
41.816
47.016
31.704
39.016
29.728
28.728
31.44
34.44
29.152
26.728
40.728
42.304
29.392
35.728
36.728
41.816
29.152
36.806
33.016
33.016
30.44
42.304
34.44
34.44
40.808
31.44
30.528
36.016
29.152
29.152
35.728
53.592
47.016
36.728
35.816
46.016
54.704
30.52
33.016
35.728
46.02
53.88
30.44
40.304
36.016
46.016
74.032
47.92
46.016
34.44
29.928
35.728
31.44
29.152
44.304
28.992
44.016
41.728
56.416
29.152
40.728
36.216
29.304
34.44
43.016
48.304
30.592
54.88
44.304
40.992
33.016
40.504
42.304
36.016
29.152
34.44
44.384
46.304
44.192
37.094
29.152
29.152
46.016
34.44
29.728
33.016
36.728
31.44
34.44
26.728
49.304
48.392
46.28
55.592
28.728
55.592
40.28
38.168
39.016
29.152
55.84
37.016
29.152
45.304
40.792
35.08
40.728
40.016
36.728
31.44
31.44
29.152
36.016
29.152
40.304
29.152
30.44
40.304
29.152
40.304
28.728
31.52
29.152
41.728
30.44
40.016
45.304
30.44
36.016
35.104
29.392
29.152
29.152
29.206
45.88
40.728
29.016
29.152
26.728
46.016
46.016
30.52
40.728
43.416
31.44
36.528
48.304
40.728
29.152
29.152
46.016
39.104
34.44
31.44
44.304
40.016
31.44
33.016
44.304
28.992
33.02
31.44
43.016
40.304
34.056
36.016
31.504
26.992
31.44
30.528
47.616
33.504
44.406
26.728
29.416
46.504
62.392
44.68
42.384
34.44
30.44
45.304
35.016
33.016
42.016
29.152
29.152
29.152
34.44
36.016
38.02
40.728
34.44
29.152
39.016
30.44
36.808
40.728
30.44
35.728
40.934
36.016
36.016
31.44
30.44
39.016
29.152
31.44
35.728
29.152
44.016
47.304
34.44
44.392
34.016
44.022
29.232
29.152
35.728
35.728
62.416
29.152
48.308
29.728
44.016
40.728
29.152
44.304
29.152
34.44
40.728
40.728
46.016
42.704
35.016
31.494
29.382
68.07
34.44
29.232
38.016
38.016
44.308
42.196
49.304
50.88
34.44
40.728
31.44
26.728
31.44
40.128
34.44
44.016
28.728
33.016
44.392
29.206
44.304
30.44
33.128
44.216
40.728
29.152
51.88
42.304
45.304
34.44
33.016
35.728
42.016
45.904
44.406
36.728
31.44
34.44
38.016
31.44
29.328
39.016
44.384
38.016
30.44
36.728
34.44
29.152
31.44
41.728
40.728
50.616
35.016
41.728
44.304
47.304
53.304
43.304
63.456
