18.44
18.44
21.152
21.152
19.64
19.44
18.528
18.44
19.44
18.44
21.428
25.016
19.004
18.692
18.44
18.44
19.628
18.44
18.44
19.628
19.44
19.44
32.028
24.728
19.616
24.728
21.416
19.004
18.992
18.44
32.228
18.44
24.728
18.44
23.528
19.616
18.704
18.44
18.44
23.528
18.44
18.44
19.64
18.44
18.44
19.44
24.728
18.716
19.44
21.228
28.728
18.516
18.504
25.992
21.152
19.628
19.44
18.528
21.516
20.004
21.792
19.64
18.44
21.428
32.016
21.152
19.64
21.428
19.616
18.44
19.628
18.44
19.628
19.64
18.44
18.44
19.628
18.44
23.828
19.44
25.728
19.716
18.504
28.992
18.44
32.016
18.44
18.44
18.44
23.528
25.728
18.44
25.728
23.44
25.728
21.228
19.44
32.016
24.728
18.44
19.628
21.416
18.704
18.692
25.728
19.44
18.44
24.728
19.44
21.228
21.216
19.44
18.528
18.44
18.44
25.928
18.44
21.152
24.728
18.44
32.016
18.504
18.492
18.48
21.152
28.94
18.44
18.44
18.44
23.528
24.728
23.44
19.528
28.728
19.44
18.528
24.816
19.704
18.792
18.48
32.016
24.728
18.716
25.004
18.44
25.728
18.44
19.628
24.728
25.728
19.716
18.44
23.44
21.152
19.44
18.528
21.216
24.804
18.792
19.44
18.528
18.44
32.228
23.44
28.828
24.728
18.44
19.44
19.44
24.828
19.44
19.44
23.44
18.628
32.416
25.204
20.092
21.88
26.668
21.856
29.044
18.532
18.44
32.016
19.704
18.492
32.28
21.468
24.756
18.744
18.44
18.44
21.152
32.24
18.44
18.44
21.152
25.94
19.44
18.528
18.44
18.44
21.428
25.016
25.904
21.392
18.68
18.44
32.016
18.504
19.44
18.44
21.428
19.916
32.504
18.44
25.928
18.716
18.704
24.728
18.44
19.44
18.44
25.728
18.44
18.44
25.728
25.728
18.516
26.004
19.692
18.78
21.768
23.44
18.44
19.44
21.152
18.44
21.152
18.44
18.44
19.44
28.728
19.716
18.804
24.728
19.44
18.528
19.44
18.44
19.628
21.416
24.728
18.44
24.728
18.44
18.44
32.228
18.44
25.928
21.416
25.904
29.192
18.98
18.44
18.44
25.728
25.728
19.44
18.44
24.728
25.916
24.728
19.44
25.728
18.44
18.44
24.728
19.616
19.44
18.528
21.516
26.304
19.992
32.28
25.728
19.716
18.804
19.44
18.528
21.516
18.804
21.228
19.716
18.44
19.44
18.44
18.44
21.152
18.44
19.44
21.228
26.016
24.804
18.492
21.48
19.668
18.756
18.44
19.628
18.44
24.728
18.44
18.44
25.728
18.44
18.44
24.728
21.416
28.728
24.728
18.44
24.728
23.44
24.928
18.44
18.44
18.44
25.728
19.44
19.44
18.44
21.152
19.64
25.728
18.516
19.704
18.792
25.08
32.268
18.44
24.728
18.44
19.44
18.44
28.728
21.216
21.152
18.44
25.928
32.016
26.004
32.016
26.004
18.792
18.78
32.568
20.256
18.444
21.432
29.22
25.308
25.296
19.284
19.272
18.66
19.548
21.152
32.24
25.028
26.216
19.904
29.492
18.98
25.728
21.152
18.44
24.728
18.716
19.44
18.528
32.016
18.44
21.428
26.216
19.604
18.692
18.44
23.528
19.616
21.152
28.728
19.716
19.44
19.44
18.528
21.516
18.804
19.692
28.728
19.44
23.628
18.44
25.728
24.728
18.716
18.44
18.44
18.44
18.44
19.44
19.44
18.44
19.44
24.828
18.44
32.228
18.44
25.728
28.728
18.516
24.804
19.692
19.08
18.768
32.256
32.016
18.44
32.228
32.216
21.152
18.44
32.016
26.004
23.892
19.08
19.068
26.256
25.944
18.44
19.628
23.816
19.904
32.016
23.44
18.44
18.44
18.44
18.44
19.628
18.716
21.704
24.728
18.44
18.44
19.44
18.44
21.152
19.44
18.44
25.728
32.016
18.44
24.728
19.44
19.44
18.528
26.016
23.44
18.628
24.728
21.152
19.64
24.728
19.44
25.728
23.44
18.628
19.44
19.44
19.44
19.44
24.828
24.816
21.504
18.44
24.728
32.216
21.404
32.016
23.604
18.492
29.58
32.868
25.728
18.44
18.44
21.152
21.152
18.44
19.628
25.916
21.152
19.44
24.728
18.44
32.016
23.604
21.192
18.44
19.628
24.728
18.716
18.704
24.992
21.38
24.728
21.416
18.704
19.592
18.68
19.868
25.856
32.016
26.004
18.792
26.28
32.268
19.956
19.644
18.732
18.44
23.44
19.528
19.44
19.44
18.528
18.516
25.728
18.516
18.504
24.792
18.44
21.428
24.728
25.728
18.516
18.44
18.44
18.44
19.44
18.528
18.44
25.728
18.516
25.728
32.016
26.004
25.728
23.616
18.504
19.692
25.98
19.64
18.44
25.728
18.516
24.804
32.292
18.44
18.44
24.728
18.716
21.152
21.152
18.44
19.44
23.604
19.44
18.44
25.928
23.44
18.44
18.44
21.152
25.728
24.728
19.44
18.44
19.628
21.416
32.204
18.692
21.152
32.016
19.44
18.528
18.44
19.628
25.916
18.44
32.016
24.804
32.016
24.728
18.716
18.704
23.492
24.98
18.44
18.44
18.44
24.728
25.728
24.816
18.504
19.692
18.48
21.468
32.556
26.244
22.032
18.72
19.908
18.996
26.484
19.272
24.728
32.016
19.704
19.692
19.44
23.44
18.44
18.44
18.44
18.44
24.728
18.44
18.44
25.728
18.516
25.728
19.44
21.152
19.44
25.728
18.516
24.728
21.416
19.004
18.692
18.44
19.44
19.44
24.728
19.616
19.44
18.528
18.44
18.44
19.44
19.44
19.44
24.728
18.44
21.428
18.44
21.152
18.44
19.64
25.728
18.44
32.228
19.616
18.44
18.44
28.728
25.728
18.516
18.504
24.728
32.016
19.44
21.152
21.152
19.44
18.528
18.516
19.704
18.44
19.628
18.716
18.704
19.892
18.68
23.44
32.016
19.704
24.728
18.44
25.728
18.516
19.704
21.152
24.728
21.152
24.74
19.44
19.44
19.44
23.628
19.44
21.228
21.204
25.992
19.98
21.152
25.94
25.028
29.216
19.904
29.192
20.18
19.268
18.956
21.644
18.932
21.32
25.808
18.596
26.084
18.44
19.44
18.44
21.428
18.44
18.44
25.728
18.44
18.44
32.016
18.44
18.44
21.428
19.916
18.704
24.992
18.98
18.668
18.44
25.728
23.616
32.016
25.728
25.728
19.716
18.804
25.992
28.98
18.44
23.528
24.728
18.44
21.428
32.216
18.44
18.44
24.728
18.44
25.928
18.716
19.604
18.992
26.18
32.468
19.256
19.844
18.44
18.44
24.728
28.916
19.604
18.692
18.44
19.628
32.016
19.44
24.828
29.016
20.004
19.092
26.58
20.268
26.856
18.44
18.44
18.44
25.728
19.716
21.504
19.692
24.728
19.616
19.44
18.44
18.44
25.928
23.44
25.728
21.216
21.152
19.64
19.44
21.152
19.64
19.628
19.616
18.44
24.728
24.728
32.016
18.44
19.628
32.216
18.704
26.192
18.98
19.868
18.956
24.944
21.632
25.22
24.908
18.896
32.016
18.44
21.152
18.44
18.44
18.44
25.928
18.44
21.152
25.728
18.44
24.728
21.416
21.404
18.44
25.728
19.716
21.204
19.44
32.028
26.016
19.704
32.016
18.44
21.152
25.94
25.928
18.44
21.152
24.74
18.728
18.716
18.704
24.728
21.416
24.728
25.916
18.704
23.792
26.18
18.44
18.44
18.44
21.428
21.416
24.728
19.44
19.44
19.44
19.44
24.828
23.44
18.628
32.016
18.44
19.44
25.728
21.152
24.74
18.44
21.152
19.44
18.44
19.44
21.152
25.728
18.516
19.704
24.792
21.48
32.016
19.704
25.992
18.78
19.44
25.728
32.016
26.004
23.44
18.44
19.628
18.716
24.728
25.916
19.604
18.692
18.44
18.44
21.428
18.44
19.628
23.816
26.504
20.192
21.98
19.568
18.44
21.428
21.152
19.64
18.44
25.728
18.44
21.152
28.94
21.428
19.44
18.44
21.152
25.94
25.028
25.916
21.152
24.74
18.44
18.44
25.728
18.516
19.44
25.728
18.44
25.928
25.016
19.004
23.44
25.828
23.716
23.704
19.492
21.152
18.44
24.728
18.44
18.44
19.44
19.44
18.528
24.728
19.616
18.704
18.692
18.44
18.44
18.44
18.44
19.44
18.44
18.44
24.728
19.616
19.004
25.292
18.44
21.152
25.728
18.516
19.44
24.728
23.516
18.704
26.192
18.44
32.228
21.416
19.44
18.44
32.228
18.44
18.44
32.228
26.216
19.904
25.592
28.728
18.44
24.728
19.616
32.016
25.728
19.716
32.304
18.492
18.48
25.968
21.456
19.044
32.532
21.42
18.44
24.728
19.616
18.704
19.892
21.152
18.44
19.628
24.728
18.716
18.44
24.728
25.728
19.44
32.016
18.44
18.44
18.44
21.152
18.44
23.44
24.928
23.44
18.44
21.152
25.94
25.928
18.44
32.228
18.44
23.528
25.728
24.728
25.728
19.716
18.44
19.44
18.528
19.716
25.728
21.152
19.64
19.44
18.528
24.816
19.704
19.092
21.78
19.368
18.44
25.728
18.516
19.704
18.792
21.18
19.44
18.44
32.228
18.716
19.904
19.892
18.44
18.44
19.44
25.728
18.516
18.504
18.44
25.728
18.44
19.628
18.44
19.628
18.716
25.904
19.892
25.28
18.968
18.656
18.644
26.132
18.44
18.44
21.428
19.44
18.44
18.44
18.44
21.228
18.516
20.004
23.44
25.728
18.516
18.504
24.792
19.68
18.768
32.256
24.744
18.44
21.428
18.716
19.44
18.44
18.44
24.728
19.916
19.004
18.992
23.78
18.44
18.44
18.44
18.44
18.44
24.728
25.916
28.728
19.716
19.44
25.728
18.516
18.44
19.628
18.44
25.928
25.016
19.004
26.192
25.728
18.44
32.016
19.704
28.728
18.516
32.304
18.792
18.48
23.44
18.628
18.44
24.728
18.716
18.704
18.44
18.44
18.44
18.44
28.928
18.44
19.44
32.016
29.004
25.992
19.68
18.468
23.44
32.016
18.44
19.44
18.528
18.44
18.44
18.44
24.728
18.716
18.704
18.692
19.44
18.528
18.516
19.704
19.692
18.48
28.968
24.756
18.44
19.628
18.44
28.728
18.516
26.004
18.792
18.78
32.268
26.256
19.044
19.032
18.72
18.708
18.696
25.728
19.44
25.728
19.44
21.152
23.44
18.44
18.44
21.428
18.44
18.44
19.628
18.44
19.628
18.44
18.44
18.44
21.428
25.728
25.728
19.44
21.228
21.152
32.24
19.44
21.228
19.716
18.44
18.44
18.44
23.528
18.716
18.44
18.44
21.152
18.44
21.428
32.016
21.204
32.292
25.98
24.768
23.44
24.928
21.316
19.804
18.44
21.428
23.516
18.44
23.44
24.728
18.716
18.704
18.692
18.44
24.728
18.44
18.44
24.728
18.716
25.004
18.992
21.152
25.728
18.44
19.44
18.44
24.728
18.716
18.704
18.44
18.44
25.728
18.516
24.804
18.792
18.44
32.016
25.728
25.728
25.728
18.44
19.628
18.44
19.44
21.152
18.44
23.528
24.728
18.44
21.152
28.728
18.516
18.44
19.44
18.44
21.428
25.728
25.728
19.716
26.004
19.992
19.08
19.068
26.256
23.844
18.44
18.44
18.44
19.44
28.728
19.44
18.44
18.44
25.928
21.416
25.904
23.792
19.58
32.168
18.44
24.728
24.728
18.44
21.152
25.94
25.928
23.816
19.44
19.44
25.728
32.016
21.152
19.64
25.728
21.152
25.94
19.628
18.44
24.728
21.152
19.44
25.728
19.44
18.528
23.916
18.44
18.44
18.44
18.44
18.44
25.928
18.44
32.016
25.728
24.816
29.004
19.44
25.728
19.44
18.44
23.44
25.728
18.44
32.228
18.716
25.904
19.44
21.152
25.94
24.728
21.416
19.004
18.692
18.68
18.44
18.44
24.728
25.728
18.44
19.628
26.216
21.704
19.292
24.728
24.728
19.44
18.528
18.516
19.704
18.44
18.44
23.528
32.016
18.44
19.628
19.44
24.728
32.016
21.204
18.44
18.44
25.728
18.44
25.728
19.716
25.104
19.692
23.88
18.768
19.656
25.728
18.44
23.44
21.152
19.64
18.44
19.628
19.44
25.728
18.516
29.004
18.492
19.44
24.828
19.44
18.528
28.728
28.728
23.616
24.728
18.44
32.016
21.228
19.44
28.728
18.44
18.44
18.44
18.44
32.228
25.016
26.204
19.44
25.728
19.716
19.44
24.728
19.616
18.704
18.44
19.44
25.728
19.44
28.728
18.44
19.44
18.528
18.44
21.428
32.516
26.204
24.092
21.98
18.44
18.44
18.44
18.44
24.728
18.44
24.728
18.44
25.928
18.716
25.004
18.692
18.44
19.628
18.44
19.628
18.716
19.604
25.892
23.44
19.44
24.828
19.716
18.804
21.792
19.08
20.568
18.456
19.644
18.732
29.22
18.44
18.44
19.628
19.44
24.728
18.44
18.44
18.44
32.228
24.728
32.216
25.004
25.728
19.44
25.728
19.44
23.44
18.628
19.816
26.404
18.44
19.628
25.916
18.44
18.44
19.44
23.44
19.44
21.228
18.44
18.44
19.44
25.728
25.728
32.016
19.704
21.152
18.44
18.44
18.44
19.44
23.44
19.528
23.44
23.44
18.44
25.928
18.44
25.928
24.728
18.716
21.404
18.992
25.28
18.44
18.44
19.628
24.728
18.44
24.728
24.728
18.44
19.44
19.44
23.44
19.44
18.44
25.728
18.44
24.728
18.44
18.44
18.44
21.428
21.416
29.204
18.692
18.44
18.44
19.44
18.44
24.728
18.44
18.44
19.44
18.44
19.628
19.44
18.44
18.44
25.928
25.728
21.152
28.728
19.716
23.604
32.016
28.728
24.728
24.728
25.916
18.44
18.44
19.44
28.728
18.44
25.728
23.44
19.528
18.44
18.44
21.228
25.728
32.016
18.504
18.44
18.44
18.44
32.016
21.204
18.492
25.98
19.44
18.44
19.628
25.728
18.44
21.152
23.54
18.728
25.916
18.44
25.728
19.44
21.228
18.516
25.728
21.152
25.94
25.028
19.016
19.004
21.392
19.28
19.268
18.956
21.644
18.632
24.92
18.44
18.44
21.152
18.44
18.44
18.44
25.728
18.516
18.44
18.44
18.44
18.44
19.628
21.216
24.804
18.792
21.152
19.64
19.44
25.728
18.44
25.728
19.44
18.44
19.628
26.216
18.704
26.192
19.44
28.728
18.44
23.528
18.716
32.016
18.504
19.44
25.728
24.816
18.504
18.492
19.44
24.828
18.44
32.228
19.916
18.704
18.44
18.44
18.44
19.44
18.528
18.516
19.704
24.728
18.716
21.404
18.44
18.44
18.44
18.44
23.528
24.728
19.44
21.152
19.44
21.152
19.628
18.44
24.728
19.616
18.44
18.44
19.628
24.728
25.916
32.016
32.016
19.44
18.528
19.716
26.004
24.728
23.44
18.44
19.628
18.44
32.228
18.44
25.928
23.44
18.628
32.416
18.604
28.792
18.44
21.152
25.728
32.016
19.704
18.492
18.48
18.44
32.016
19.44
18.528
32.316
26.304
32.016
19.44
32.028
29.016
18.504
32.592
21.152
25.728
21.516
25.104
21.492
18.44
25.728
18.44
25.928
19.64
32.128
18.616
18.44
18.44
19.44
19.44
24.728
32.016
18.44
28.728
19.716
18.504
18.44
18.44
25.728
28.728
18.516
19.44
18.44
25.728
18.44
18.44
19.628
18.44
23.44
32.016
25.728
19.44
18.528
19.716
26.004
19.44
23.628
18.44
18.44
32.228
32.216
19.44
18.44
23.44
18.44
19.44
18.528
25.728
21.152
18.44
19.44
21.228
28.828
18.44
18.44
28.728
26.016
20.004
25.392
19.44
25.728
18.516
19.44
24.728
18.716
21.404
26.492
26.48
18.44
18.44
19.44
18.528
25.728
19.44
25.728
19.44
18.44
19.44
24.828
19.44
24.828
32.316
20.004
19.392
26.88
18.768
32.556
19.644
18.44
19.692
18.44
25.928
18.716
28.728
18.516
24.728
25.728
18.44
18.44
18.44
18.44
18.44
18.44
25.728
21.152
18.44
19.44
18.44
18.44
18.44
24.728
18.44
18.44
21.428
18.44
21.152
19.44
25.728
19.44
18.44
24.728
18.44
18.44
25.928
21.152
23.44
19.528
32.016
25.728
19.716
25.104
18.792
18.78
19.968
19.956
18.744
26.232
25.32
19.308
19.44
19.44
25.728
18.44
18.44
28.728
18.516
23.44
24.728
19.44
18.44
32.016
18.44
18.44
24.728
18.44
32.228
26.216
25.304
18.44
19.44
24.828
18.44
23.528
24.728
18.44
18.44
25.728
24.728
18.44
21.428
19.916
19.904
18.992
19.58
18.44
24.728
18.44
18.44
25.928
19.44
18.528
19.44
25.728
19.44
18.44
18.44
28.928
28.916
26.204
29.192
18.68
21.668
18.44
18.44
25.928
18.716
18.704
24.992
18.44
25.928
32.016
18.44
23.528
21.152
18.44
18.44
21.228
32.016
18.44
21.152
18.44
19.44
25.728
18.44
18.44
19.628
18.44
18.44
25.728
18.44
23.528
18.716
18.704
18.44
23.828
24.728
18.44
32.016
18.44
32.016
18.504
29.292
25.08
21.168
24.728
19.44
28.728
28.728
24.728
18.44
18.44
19.44
25.728
23.616
18.44
18.44
18.44
18.44
28.728
18.44
32.016
18.44
28.728
18.516
19.704
18.492
18.44
18.44
32.016
18.44
18.44
19.628
18.44
25.728
18.516
23.604
18.44
25.728
25.728
23.616
18.504
25.992
21.48
19.068
18.756
29.244
19.032
21.152
18.44
19.44
19.44
23.44
18.628
20.116
25.804
19.792
23.44
18.44
18.44
19.44
32.128
32.016
21.152
25.728
21.216
18.44
25.728
25.728
18.516
24.728
32.016
21.216
18.504
18.492
18.44
25.928
18.716
24.728
18.44
18.44
28.928
32.016
32.016
21.152
24.728
25.916
18.704
18.44
23.44
19.528
29.116
24.728
25.916
24.728
28.916
25.004
25.892
18.44
19.628
18.44
28.928
25.728
18.516
23.44
18.44
21.152
19.64
18.728
18.716
25.004
19.44
28.728
18.44
19.628
19.44
18.44
23.44
18.44
24.728
18.44
19.628
18.44
25.928
21.152
24.728
21.416
24.728
18.44
23.528
21.152
18.44
19.628
19.616
18.704
19.892
26.48
26.168
24.056
25.244
26.132
18.92
18.44
32.016
26.004
18.492
28.728
19.44
18.528
19.716
32.304
19.692
18.44
24.728
18.716
26.204
24.992
21.152
18.44
19.628
18.44
21.228
25.728
18.44
23.828
18.716
23.504
18.44
18.44
19.628
23.44
25.728
18.44
19.628
25.728
18.516
19.704
19.692
18.44
25.928
18.716
18.44
18.44
23.528
18.44
18.44
23.44
18.628
18.44
21.428
19.44
28.728
26.016
19.704
21.228
18.44
19.628
32.016
18.44
19.44
18.528
29.016
18.804
18.792
19.98
24.168
19.356
29.244
26.532
19.02
32.808
20.196
26.484
24.372
19.56
29.748
20.736
18.44
19.44
19.44
18.528
18.44
18.44
25.928
21.152
18.44
25.728
18.516
25.728
18.44
18.44
25.728
18.516
25.728
21.152
25.94
25.728
23.44
19.44
21.228
18.44
18.44
21.152
23.54
19.928
19.016
26.204
26.192
25.28
18.968
18.656
19.844
19.44
18.44
24.728
25.916
19.604
18.692
26.18
18.668
28.728
18.44
25.928
18.44
18.44
18.44
25.728
18.44
23.528
18.716
18.44
18.44
32.228
18.44
18.44
25.728
18.44
18.44
21.152
25.728
19.716
18.504
19.44
25.728
23.44
18.44
32.016
25.728
21.152
32.24
26.228
21.716
19.304
19.892
24.08
19.868
19.556
19.544
19.532
18.62
24.728
19.44
18.528
23.616
18.44
18.44
18.44
19.44
18.528
18.516
18.504
25.728
18.516
18.44
24.728
18.716
19.44
18.528
18.44
25.728
18.516
21.204
18.44
24.728
24.728
18.716
18.704
18.44
18.44
21.428
18.44
24.728
18.44
18.44
18.44
18.44
18.44
18.44
21.152
19.64
18.44
18.44
19.628
18.44
28.728
18.44
18.44
32.228
18.44
19.44
25.728
25.728
25.728
19.716
19.44
25.728
25.728
18.44
18.44
18.44
18.44
23.44
18.44
18.44
28.728
24.816
24.728
23.516
18.44
19.628
18.44
18.44
21.152
21.152
18.44
32.228
18.716
29.204
18.992
26.48
18.668
25.728
18.516
26.004
24.792
18.44
24.728
18.716
19.44
19.44
32.016
25.728
21.152
25.94
28.928
18.44
24.728
23.44
18.44
24.728
18.716
21.152
19.44
25.728
18.516
24.728
21.416
25.904
25.728
18.44
25.728
18.516
18.504
28.728
18.516
19.704
19.692
19.44
24.728
25.728
19.44
18.528
18.516
23.604
25.728
28.728
23.616
21.204
19.44
32.128
32.016
21.504
18.792
24.78
21.152
21.152
24.74
24.728
24.728
23.44
19.528
21.152
32.24
18.728
19.916
26.504
19.892
18.98
18.668
26.156
18.944
26.432
18.44
18.44
23.528
25.916
18.44
25.728
21.216
24.728
28.916
18.704
21.692
24.38
25.728
18.516
21.152
23.44
19.528
23.44
18.628
19.816
18.604
19.792
28.728
25.728
18.516
29.004
18.792
26.28
25.068
19.056
25.944
21.152
23.54
18.44
18.44
32.016
18.504
32.016
19.44
18.44
18.44
18.44
18.44
32.016
25.728
18.44
21.152
25.94
18.44
19.64
25.728
18.44
19.628
32.016
21.204
28.728
18.44
32.016
24.728
18.44
18.44
21.152
18.44
18.44
18.44
24.728
21.152
24.74
19.44
24.828
19.716
19.104
19.992
18.48
18.468
18.44
32.228
18.44
24.728
19.616
23.44
28.828
25.816
19.804
32.392
26.08
19.768
19.456
18.44
25.728
18.44
19.628
18.44
32.016
24.728
21.416
19.628
25.016
18.44
19.44
24.728
21.152
24.728
25.916
19.44
18.44
18.44
18.44
21.152
21.152
24.74
19.928
25.916
18.44
18.44
21.152
19.64
18.44
18.44
21.428
26.216
19.904
19.292
19.28
19.44
28.728
32.016
19.704
18.44
21.152
18.44
18.44
19.44
18.528
19.44
18.44
18.44
18.44
21.428
25.728
24.816
18.804
21.192
19.08
32.016
18.504
18.492
25.728
21.152
18.44
19.44
18.44
24.728
18.716
26.204
28.728
26.016
28.992
18.48
23.868
19.956
19.044
23.832
21.72
26.508
18.996
19.884
24.728
18.44
21.152
19.64
18.728
18.44
21.152
19.64
18.44
19.628
25.728
18.516
23.44
18.628
24.916
18.604
18.44
19.44
21.152
19.44
25.728
19.716
18.504
19.692
18.44
18.44
18.44
28.728
24.728
18.44
32.016
26.004
21.192
25.98
24.728
18.716
23.504
18.992
18.44
18.44
18.44
18.44
32.228
19.916
18.44
21.152
18.44
23.528
19.44
23.44
21.152
28.94
19.928
18.716
25.904
32.016
18.504
32.016
24.728
28.916
18.704
19.892
18.98
18.44
18.44
19.64
25.728
18.516
32.016
25.728
32.016
25.104
26.292
19.44
21.152
18.44
18.44
21.152
28.94
26.228
29.216
20.204
19.292
21.98
19.268
20.456
27.044
24.632
20.12
27.608
20.396
20.084
22.772
20.96
20.048
26.036
20.324
25.712
19.4
20.288
18.476
19.664
21.152
24.728
19.616
19.44
18.44
21.428
19.44
18.44
28.728
28.728
26.016
18.804
18.792
21.48
25.068
20.256
18.744
21.732
19.92
19.908
18.44
19.44
18.44
19.44
18.44
21.428
25.916
32.204
18.44
19.628
26.216
19.904
24.728
32.016
32.016
18.44
18.44
21.152
18.44
19.44
24.728
18.716
18.704
18.44
19.628
18.716
25.904
19.892
19.44
32.028
18.516
19.44
18.528
19.44
18.528
21.152
18.44
21.428
25.728
23.44
18.44
25.928
19.616
19.004
19.892
18.98
24.968
18.656
23.744
18.44
24.728
25.916
18.44
25.728
25.728
18.44
24.728
21.416
19.904
18.692
25.728
18.44
25.728
25.728
18.44
19.64
18.44
18.44
24.728
19.64
18.44
25.928
18.716
18.704
32.016
26.004
25.992
19.44
24.828
19.716
23.44
32.016
18.44
25.728
21.152
18.44
18.44
24.728
32.016
26.004
18.792
18.44
18.44
28.928
23.516
21.404
18.44
25.928
19.44
19.44
18.528
24.816
19.44
18.44
24.728
18.716
25.728
18.44
19.628
19.604
21.392
32.016
18.44
21.152
28.94
26.228
18.716
21.704
19.44
19.44
18.528
18.516
21.504
25.092
18.78
25.068
18.756
24.744
18.732
18.44
25.728
18.516
21.152
18.44
21.152
21.152
28.728
18.516
21.504
18.44
25.928
25.728
28.728
18.44
25.728
25.728
25.728
18.516
18.44
32.016
19.44
18.528
24.816
18.804
18.792
24.728
24.728
19.44
18.528
18.44
25.928
19.44
18.528
28.728
19.716
25.104
25.992
28.98
25.068
18.44
19.44
18.528
25.728
21.152
18.44
18.44
23.528
18.716
18.44
18.44
18.44
18.44
24.728
24.728
18.716
18.704
21.392
18.68
18.44
18.44
32.016
32.016
25.728
21.216
19.704
18.44
24.728
24.728
18.44
21.152
23.54
21.428
18.44
18.44
18.44
19.628
21.152
24.74
18.44
18.44
24.728
21.152
18.44
18.44
19.628
26.216
19.904
25.292
18.44
18.44
18.44
28.728
26.016
23.44
19.716
19.704
19.44
18.528
32.016
19.44
18.528
18.44
18.44
23.828
21.152
24.74
18.44
19.628
25.728
21.216
18.44
25.728
18.44
18.44
18.44
18.44
25.728
21.216
18.504
25.728
18.44
18.44
19.628
21.152
24.74
25.728
32.016
32.016
18.504
19.44
23.628
25.728
18.516
25.728
18.516
23.44
18.628
18.44
18.44
18.44
18.44
32.228
32.216
18.704
32.492
19.58
24.728
18.44
24.728
19.616
18.44
18.44
32.016
18.44
25.728
18.44
25.728
25.728
28.728
19.44
19.44
25.728
18.516
19.44
21.152
18.44
25.928
24.728
28.916
28.904
19.592
18.44
18.44
25.928
25.728
18.44
25.728
18.516
19.704
23.44
25.728
18.44
21.152
19.44
18.528
25.728
19.64
24.728
28.916
19.44
18.528
18.44
18.44
19.44
23.44
19.44
23.44
28.728
18.516
19.44
18.528
21.516
25.104
21.152
21.152
18.44
24.728
25.728
25.728
18.44
25.728
18.44
19.64
21.152
21.152
24.74
21.152
19.64
21.152
19.44
18.528
19.716
21.152
18.44
32.016
25.728
25.728
18.44
19.628
24.728
18.44
24.728
28.728
18.44
21.428
25.728
25.728
19.716
19.44
21.152
19.64
25.728
21.228
26.016
25.728
19.44
18.44
18.44
18.44
18.44
19.44
18.44
28.928
19.44
18.44
18.44
25.728
18.44
32.228
32.216
26.204
25.728
18.44
18.44
21.152
18.44
18.44
18.44
24.728
21.152
25.94
18.44
24.728
21.152
19.44
19.44
19.44
18.44
24.728
25.916
18.44
18.44
21.428
32.216
18.704
21.692
32.78
20.468
20.156
24.944
18.44
19.628
19.616
24.728
18.44
18.44
21.152
25.728
19.716
18.504
19.44
18.528
19.716
19.44
19.44
24.728
21.416
24.728
19.44
25.728
19.44
18.44
18.44
19.628
19.44
18.528
32.316
18.504
18.44
19.628
23.516
18.704
21.692
18.44
18.44
21.428
21.416
18.704
18.44
18.44
25.728
24.816
21.504
18.492
18.44
23.528
23.516
21.404
25.728
24.728
19.44
18.528
21.216
24.728
28.728
19.44
23.44
18.628
21.616
19.804
23.992
26.08
18.868
20.056
19.144
20.332
19.12
28.728
18.516
19.704
26.292
25.08
18.768
19.656
19.44
18.44
21.152
32.016
18.504
18.44
32.016
32.016
18.44
23.528
18.716
19.44
18.44
21.152
18.44
18.44
32.016
23.44
18.44
18.44
21.152
25.94
18.44
25.728
25.728
18.44
23.44
18.44
18.44
25.728
18.44
25.728
24.728
23.44
18.44
19.628
21.152
24.74
21.428
18.44
19.628
19.44
18.528
19.716
24.804
25.992
25.728
18.44
32.228
32.216
19.604
24.728
21.416
21.404
23.44
21.228
18.516
18.504
18.44
21.428
18.44
25.728
18.44
32.016
18.504
25.992
25.08
18.44
19.44
25.728
19.44
18.44
18.44
23.528
21.416
18.44
18.44
19.44
18.44
25.728
18.516
26.004
18.792
19.68
25.728
18.44
19.44
25.728
19.44
18.528
23.616
21.204
18.492
18.48
18.468
25.728
23.616
18.44
32.228
24.728
19.44
24.728
23.604
18.492
18.48
24.768
19.656
19.044
18.44
21.428
23.816
25.728
21.216
18.44
21.428
25.728
21.216
19.44
18.528
21.516
18.44
32.016
18.504
19.44
18.44
18.44
19.44
18.528
21.516
21.204
32.016
25.728
18.516
19.704
19.692
18.44
21.428
19.44
18.528
32.016
32.016
18.504
24.728
21.228
19.44
18.528
19.64
25.928
18.44
18.44
19.44
28.728
18.44
24.728
18.44
23.44
18.44
24.728
32.016
18.504
21.152
18.44
18.44
18.44
19.628
18.44
19.44
18.528
26.016
32.016
29.004
32.016
19.44
18.528
19.716
26.304
32.592
19.08
26.568
24.728
24.728
32.016
26.004
19.992
19.08
20.268
19.356
26.544
20.532
24.12
19.308
24.096
24.728
23.44
18.44
18.44
24.728
19.44
19.44
19.44
18.528
26.016
18.804
25.092
32.28
26.568
26.556
25.044
18.732
26.22
18.708
18.44
18.44
23.44
25.728
21.228
26.016
18.804
25.992
25.728
18.44
18.44
28.728
23.616
19.44
21.228
26.016
18.804
25.992
18.44
25.928
21.152
19.64
18.44
18.44
21.428
18.716
19.904
29.192
21.152
24.728
18.44
21.152
32.24
18.728
25.916
21.152
25.94
18.728
24.728
18.716
19.604
26.192
18.98
18.968
18.44
19.44
18.528
18.516
24.728
21.152
18.44
25.928
19.616
19.004
18.692
32.016
19.44
18.528
18.516
18.504
21.152
19.64
18.44
19.628
28.728
23.616
21.152
18.44
18.44
18.44
21.152
18.44
18.44
18.44
21.428
21.152
21.152
18.44
28.728
18.516
24.728
21.152
18.44
19.44
32.016
19.704
18.792
19.98
18.768
24.728
24.728
32.216
19.904
18.692
23.44
24.728
19.44
18.44
19.628
21.416
19.44
24.728
25.728
18.44
19.628
32.016
18.44
25.728
21.216
18.804
24.728
18.716
18.704
24.728
18.716
23.44
18.628
18.44
21.428
23.816
19.004
25.292
23.78
18.968
21.956
29.144
18.932
18.92
25.208
18.596
23.44
19.44
25.728
24.816
19.44
23.628
18.816
21.804
24.192
25.38
19.068
19.056
18.444
21.432
25.02
18.44
21.428
19.616
25.004
18.44
25.928
18.716
24.728
21.152
19.44
24.728
18.44
18.44
18.44
24.728
21.152
24.728
19.616
19.004
18.692
18.68
18.668
24.728
21.416
23.804
18.992
21.98
19.868
25.728
19.44
23.44
18.628
21.152
18.44
21.152
25.94
18.44
25.928
32.016
26.004
19.992
19.08
18.768
18.756
23.844
19.44
18.528
19.44
18.44
23.528
18.44
19.44
18.44
25.728
19.44
24.728
19.616
19.004
21.152
25.728
19.44
19.44
19.44
19.44
19.44
21.152
18.44
19.44
18.528
32.016
19.44
32.028
18.516
21.504
19.44
24.828
18.44
19.44
18.528
19.716
26.304
18.44
18.44
18.44
24.728
23.44
19.828
18.44
25.928
18.44
25.928
18.44
28.928
25.728
18.516
23.604
18.792
23.88
24.728
19.616
23.44
21.328
18.616
32.016
18.44
19.628
18.716
32.504
18.44
21.428
18.44
32.228
24.728
23.516
25.728
19.716
19.704
25.092
19.08
26.268
24.728
28.728
25.728
24.728
24.728
19.616
18.44
21.428
18.44
19.44
24.828
25.728
18.44
28.728
23.44
18.44
21.152
25.94
19.928
24.728
19.616
18.704
19.592
24.728
21.152
18.44
18.44
25.728
25.728
19.44
18.44
19.628
26.216
18.44
25.728
19.44
18.528
18.516
21.504
21.192
28.728
19.716
18.804
26.292
32.016
19.704
25.992
19.98
25.968
18.756
18.44
24.728
28.916
19.004
18.992
18.44
19.64
25.728
18.516
26.004
25.728
19.44
18.44
23.44
18.44
18.44
23.44
19.528
24.916
24.728
18.44
32.228
32.216
24.728
19.44
18.528
21.516
18.44
24.728
18.44
25.928
25.728
18.44
21.152
18.44
21.428
29.216
26.504
29.492
18.68
19.44
24.828
18.44
19.628
28.728
26.016
19.44
18.528
19.716
32.304
18.492
18.44
18.44
25.728
24.728
18.44
21.152
23.44
18.44
25.928
24.728
18.44
23.44
18.44
19.44
24.728
19.44
24.828
19.716
19.104
26.592
19.38
25.668
18.756
19.44
25.728
21.216
18.44
19.44
28.728
19.716
21.216
18.504
23.44
18.44
19.628
19.44
25.728
19.716
28.728
18.516
24.804
19.692
18.78
18.468
19.44
19.44
18.44
18.44
19.628
25.728
24.816
18.504
18.492
18.44
18.44
19.44
32.028
18.516
18.44
24.728
18.716
18.44
23.44
18.628
26.116
32.404
18.892
26.38
32.068
18.556
32.016
18.504
24.728
24.728
21.152
25.728
18.44
18.44
32.016
23.44
18.44
19.628
25.016
19.004
18.692
18.44
32.228
25.916
25.904
18.692
19.58
18.668
19.856
21.644
18.632
24.92
18.44
18.44
18.44
32.228
18.716
32.504
18.992
18.44
32.228
21.152
25.728
18.44
21.428
18.716
18.44
19.44
18.44
19.44
19.44
25.728
23.616
18.504
19.692
21.152
19.44
24.828
19.716
19.104
25.728
23.44
19.528
18.44
29.004
25.992
19.68
32.268
18.44
25.928
18.44
24.728
19.616
23.804
18.44
18.44
28.828
18.616
25.804
18.44
18.44
18.44
23.528
25.728
18.44
21.152
18.44
25.928
25.916
19.604
18.44
19.628
18.44
24.728
18.44
23.44
19.44
18.44
21.152
19.44
24.728
18.44
18.44
25.728
19.716
18.44
21.152
18.44
32.228
18.44
18.44
19.44
23.44
18.44
19.628
25.728
18.516
18.44
18.44
23.528
24.728
19.44
18.44
32.016
18.504
19.692
26.28
18.768
29.256
18.444
32.232
18.44
21.152
32.016
18.44
18.44
21.152
18.44
18.44
28.928
21.152
24.74
32.228
21.152
23.54
19.928
19.916
21.404
24.992
19.44
18.44
19.628
28.916
19.604
18.692
24.728
18.44
18.44
18.44
25.928
25.728
24.728
18.716
18.44
19.628
32.016
19.44
25.728
18.44
19.44
18.528
19.44
19.44
23.44
19.44
18.528
24.728
24.728
19.44
18.44
18.44
18.44
18.44
19.44
18.528
25.728
28.728
18.516
19.44
18.44
19.44
23.44
21.152
18.44
28.928
32.016
18.504
24.792
21.228
19.716
19.44
18.44
21.428
23.516
18.704
18.44
24.728
18.716
26.204
18.44
25.728
18.516
18.504
25.728
25.728
18.44
24.728
32.216
19.904
18.692
18.44
24.728
18.44
18.44
24.728
19.44
24.728
23.44
21.228
19.716
32.016
26.004
18.792
19.68
18.468
24.756
25.728
19.64
19.628
19.44
18.44
32.016
26.004
28.728
26.016
20.004
19.092
24.78
25.728
21.152
25.728
19.716
18.44
19.44
19.44
18.44
21.152
24.728
25.916
18.44
19.44
18.44
19.44
18.528
18.516
19.704
18.792
25.728
25.728
18.516
18.504
18.492
18.44
32.228
26.216
21.152
18.44
32.016
26.004
19.44
18.528
21.216
18.504
18.492
25.728
23.44
24.728
18.716
24.728
21.416
32.504
19.892
18.44
18.44
25.928
25.728
18.44
25.928
18.716
21.404
24.992
21.68
19.44
18.44
18.44
24.728
32.016
18.504
18.492
19.44
25.728
18.516
19.44
24.828
18.44
21.152
18.44
19.44
24.828
32.016
18.504
23.44
25.728
32.016
18.44
18.44
18.44
24.728
23.44
19.828
19.44
24.728
32.016
24.804
19.992
26.28
18.44
18.44
18.44
18.44
18.44
24.728
18.716
25.904
19.44
19.44
25.728
25.728
19.44
19.44
18.44
18.44
18.44
25.928
18.716
25.728
25.728
18.516
18.44
18.44
25.928
21.152
18.44
25.928
18.44
19.64
23.528
19.916
18.704
25.728
19.44
18.528
19.44
19.44
24.828
18.44
18.44
21.152
18.44
32.016
25.728
18.516
25.728
23.44
25.828
24.728
19.616
19.44
18.44
18.44
25.728
24.816
21.228
18.44
23.44
18.44
18.44
25.928
18.716
26.204
26.192
25.728
32.016
18.804
23.44
19.44
18.44
19.64
18.44
32.016
21.152
19.64
19.44
18.528
18.44
25.728
23.44
18.628
21.616
23.704
19.792
26.08
18.868
23.44
24.928
18.616
18.44
18.44
19.44
18.528
18.44
18.44
25.928
18.44
24.728
18.44
18.44
21.152
32.016
25.728
18.44
24.728
24.728
18.44
19.628
18.716
25.728
18.516
26.004
19.44
18.528
26.016
21.504
25.092
26.28
19.068
19.956
19.344
19.332
32.82
19.608
22.296
24.684
20.172
19.86
33.348
22.536
19.824
33.612
27.3
25.788
32.076
32.016
18.504
18.492
32.016
32.016
18.44
32.016
18.44
21.428
18.716
25.004
18.44
18.44
23.44
18.628
18.616
18.44
18.44
18.44
18.44
21.152
18.44
28.728
19.44
18.44
18.44
24.728
19.616
19.44
18.528
25.728
18.516
18.44
18.44
24.728
18.716
25.728
19.44
19.44
19.44
32.028
19.44
18.44
25.728
18.516
18.504
18.492
18.44
18.44
21.428
18.44
19.44
25.728
18.516
24.728
18.716
25.004
32.016
25.728
18.516
21.152
19.64
32.016
18.504
19.692
24.728
19.44
18.528
18.516
19.44
18.528
32.016
24.728
19.44
24.728
18.44
19.44
18.44
18.44
25.728
19.64
18.728
19.916
24.728
21.152
19.44
21.152
18.44
19.628
18.44
18.44
18.44
19.44
19.44
23.628
29.016
21.204
24.728
28.916
19.904
32.492
18.98
18.968
25.256
18.944
26.132
18.44
19.628
18.44
18.44
18.44
18.44
25.928
24.728
19.44
18.528
21.516
18.504
18.492
18.44
19.44
18.528
19.44
25.728
19.44
21.152
24.728
19.916
25.004
19.592
32.18
18.44
25.728
25.728
21.216
18.804
19.992
19.68
23.868
19.056
25.728
18.516
19.704
19.692
23.44
18.628
18.44
19.44
18.44
19.44
18.528
18.516
32.016
18.44
19.44
18.44
18.44
18.44
25.728
18.44
18.44
21.152
19.44
18.44
25.928
32.216
21.152
32.24
21.428
18.44
18.44
18.44
21.428
29.216
20.204
19.292
32.78
26.468
24.956
18.944
25.728
25.728
19.716
18.44
19.44
18.528
26.016
18.44
19.628
25.916
23.804
25.728
19.44
18.44
18.44
24.728
24.728
25.916
25.004
19.892
24.728
19.616
24.728
19.44
24.828
21.152
19.64
19.628
18.44
21.428
25.728
18.516
18.44
18.44
18.44
18.44
32.016
18.44
18.44
19.44
25.728
18.44
18.44
19.44
19.44
24.728
21.152
25.94
23.828
21.716
20.204
20.192
26.48
18.668
21.152
32.24
18.44
19.628
25.728
19.716
21.504
23.44
18.628
18.44
18.44
19.628
18.44
25.928
18.44
18.44
23.44
24.728
19.44
19.44
18.528
23.44
18.44
24.728
25.916
18.44
18.44
25.928
23.516
32.204
18.692
18.44
18.44
19.44
18.528
25.728
19.716
18.44
32.016
28.728
25.728
21.228
32.016
26.004
24.728
18.44
32.228
19.916
32.016
24.804
18.792
18.44
24.728
32.216
21.152
18.44
21.152
25.728
19.716
18.804
19.44
19.44
19.44
18.528
25.728
25.728
19.44
18.44
21.428
18.716
19.904
18.992
20.18
26.768
21.956
18.944
18.932
24.728
18.716
32.016
18.44
24.728
19.616
19.44
19.44
18.528
19.44
18.44
23.528
18.44
18.44
18.44
24.728
18.44
18.44
19.64
25.728
25.728
19.44
18.44
25.928
25.016
26.204
18.692
23.44
18.628
19.816
24.728
18.716
32.016
24.728
19.616
19.44
18.44
19.64
18.728
18.716
23.44
19.64
18.44
21.428
32.516
21.152
18.44
21.152
18.44
32.016
19.704
19.692
32.016
32.016
24.728
21.152
18.44
18.44
19.44
21.152
23.54
19.44
21.152
19.64
18.44
21.152
25.728
19.716
24.804
19.44
18.44
18.44
19.628
25.728
18.516
18.44
19.628
18.44
18.44
18.44
18.44
23.44
18.628
18.616
18.604
18.592
28.728
18.44
18.44
32.016
32.016
21.504
18.44
19.628
18.716
18.44
21.428
18.716
23.504
18.44
19.44
18.528
18.44
23.604
18.44
18.44
32.228
19.916
18.704
21.392
19.58
18.44
25.728
18.44
18.44
18.44
19.628
18.44
25.728
21.152
18.44
28.728
18.516
18.44
19.44
24.728
18.44
32.228
21.152
32.016
26.004
19.992
18.78
18.44
18.44
23.44
18.628
18.44
28.728
26.016
24.804
21.792
19.08
22.068
32.856
19.344
21.432
18.44
25.728
19.716
32.016
19.44
18.528
23.916
23.904
19.992
23.44
19.44
18.528
18.516
25.728
19.44
24.828
18.516
21.504
25.092
24.78
18.768
18.44
21.152
32.24
23.44
18.44
19.44
25.728
18.44
18.44
23.528
25.728
18.44
18.44
18.44
23.528
24.728
18.716
25.004
18.692
25.728
23.44
19.64
18.44
32.016
19.704
18.792
21.78
19.068
25.956
32.244
23.832
19.44
18.528
25.728
18.44
18.44
18.44
23.528
24.728
19.616
21.404
26.192
19.58
18.44
18.44
28.928
18.716
18.704
18.44
32.228
19.916
32.016
24.804
21.228
18.516
18.44
21.428
18.44
19.628
19.44
21.152
21.152
25.728
19.44
18.44
21.428
24.728
19.44
18.528
24.728
25.916
18.704
19.44
18.44
24.728
18.44
18.44
24.728
18.44
25.928
18.44
19.44
21.228
19.44
24.828
24.728
18.44
18.44
24.728
18.716
23.504
32.016
19.44
24.728
25.728
19.716
19.704
24.792
25.98
18.768
18.44
24.728
23.44
18.628
24.916
32.104
18.592
19.44
18.44
18.44
19.44
18.44
25.928
24.728
25.728
24.728
28.916
18.704
25.728
19.44
21.152
19.64
19.628
18.716
32.504
20.192
25.728
19.44
25.728
18.44
18.44
25.728
24.816
18.804
25.092
24.728
25.728
19.716
18.504
19.692
18.44
19.628
25.916
18.704
24.728
19.616
18.704
18.44
19.44
18.528
23.616
19.44
19.44
19.44
18.44
18.44
18.44
21.428
21.152
21.152
18.44
18.44
32.016
18.504
25.728
19.44
18.44
18.44
21.428
18.44
25.728
25.728
19.44
18.528
21.516
26.304
19.992
18.78
18.768
18.456
18.444
18.44
18.44
18.44
32.016
18.44
19.628
18.44
18.44
21.152
18.44
18.44
32.016
18.44
19.44
18.528
24.728
18.44
25.728
19.44
18.528
18.44
23.528
24.728
18.716
25.904
21.152
23.44
18.628
26.116
24.728
18.716
25.904
18.692
18.44
23.44
24.928
26.116
19.44
24.728
19.44
18.528
32.316
18.504
25.728
25.728
18.44
28.928
19.916
18.44
25.728
24.816
18.504
19.692
24.728
18.716
18.44
19.44
18.44
25.928
18.716
24.728
23.44
21.328
24.728
32.016
18.504
32.292
19.44
18.44
25.928
19.616
24.728
23.516
19.004
18.992
25.728
19.44
25.728
25.728
21.152
25.728
21.152
18.44
21.428
19.44
24.728
24.728
18.44
25.928
19.616
19.004
25.728
24.816
18.44
18.44
18.44
18.44
19.44
24.728
28.728
18.44
24.728
32.216
19.004
18.992
21.38
18.44
32.228
18.44
18.44
25.928
18.44
24.728
19.44
18.528
32.016
24.728
21.416
18.44
19.628
23.816
18.44
25.728
25.728
19.716
28.728
19.716
24.804
18.792
19.44
18.44
25.728
18.516
28.728
19.716
23.44
18.628
29.116
26.404
19.44
18.44
24.728
18.44
21.428
19.616
21.152
19.44
32.016
24.728
18.716
18.44
21.152
18.44
24.728
21.416
19.004
25.728
19.716
19.44
18.528
19.44
18.528
18.44
19.44
24.728
18.716
19.604
26.492
19.88
25.268
24.728
18.44
19.628
19.44
21.152
24.74
19.44
18.44
19.628
18.716
23.504
19.44
18.44
18.44
19.628
18.44
32.016
32.016
24.728
19.44
24.728
21.152
24.74
18.728
32.016
19.44
18.44
32.016
18.44
24.728
32.216
18.44
21.428
18.716
32.016
25.728
21.216
19.704
18.792
25.98
19.968
28.956
18.44
18.44
18.44
19.44
18.44
18.44
19.44
24.728
18.44
19.44
25.728
21.216
19.64
19.64
24.728
18.44
18.44
18.44
32.016
18.44
28.728
18.44
19.44
18.528
24.816
18.504
25.728
19.44
18.44
19.716
19.44
18.528
18.44
24.728
18.716
18.44
21.152
19.44
19.44
18.44
18.44
18.44
24.728
18.44
18.44
21.152
25.728
19.44
24.828
19.44
23.44
18.44
19.44
24.828
18.816
18.504
21.492
18.48
18.44
18.44
18.44
19.64
19.44
25.728
18.44
18.44
25.728
21.152
19.628
18.716
32.204
24.728
18.716
19.604
32.192
25.728
24.728
32.016
19.44
21.228
21.152
19.44
32.028
23.44
23.44
18.44
21.152
24.74
18.728
18.716
18.44
18.44
19.628
24.728
18.44
23.528
25.916
32.504
23.792
18.44
19.64
18.44
19.44
18.528
21.152
23.44
21.328
18.616
25.728
24.728
19.44
18.44
18.44
23.44
18.628
24.728
18.44
28.728
19.44
23.44
18.44
25.928
32.016
19.704
18.492
21.18
32.268
18.756
19.944
18.44
23.528
19.916
19.604
18.692
32.016
19.44
25.728
19.716
32.016
25.728
32.016
28.728
