21.152
21.24
21.328
21.416
21.504
21.592
21.68
21.768
21.856
21.944
22.032
22.12
22.208
22.296
22.384
22.472
22.56
22.648
22.736
22.824
22.912
23
23.088
23.176
23.264
23.352
23.44
23.528
23.616
23.704
23.792
23.88
23.968
24.056
24.144
24.232
24.32
24.408
24.496
24.584
24.672
24.76
24.848
24.936
25.024
25.112
25.2
25.288
25.376
25.464
25.552
25.64
25.728
25.816
25.904
25.992
26.08
26.168
26.256
26.344
26.432
26.52
26.608
26.696
26.784
26.872
26.96
27.048
27.136
27.224
27.312
27.4
27.488
27.576
27.664
27.752
27.84
27.928
28.016
28.104
28.192
28.28
28.368
28.456
28.544
28.632
28.72
28.808
28.896
28.984
29.072
29.16
29.248
29.336
29.424
29.512
29.6
29.688
29.776
29.864
29.952
30.04
30.128
30.216
30.304
30.392
30.48
30.568
30.656
30.744
30.832
30.92
31.008
31.096
31.184
31.272
31.36
31.448
31.536
31.624
31.712
31.8
31.888
31.976
32.064
32.152
32.24
32.328
32.416
32.504
32.592
32.68
32.768
32.856
32.944
33.032
33.12
33.208
33.296
33.384
33.472
33.56
33.648
33.736
33.824
33.912
34
34.088
34.176
34.264
34.352
34.44
34.528
34.616
34.704
34.792
34.88
34.968
35.056
35.144
35.232
35.32
35.408
35.496
35.584
35.672
35.76
35.848
35.936
36.024
36.112
36.2
36.288
36.376
36.464
36.552
36.64
36.728
36.816
36.904
36.992
37.08
37.168
37.256
37.344
37.432
37.52
37.608
37.696
37.784
37.872
37.96
38.048
38.136
38.224
38.312
38.4
38.488
38.576
38.664
38.752
38.84
38.928
39.016
39.104
39.192
39.28
39.368
39.456
39.544
39.632
39.72
39.808
39.896
39.984
40.072
40.16
40.248
40.336
40.424
40.512
40.6
40.688
40.776
40.864
40.952
41.04
41.128
41.216
41.304
41.392
41.48
41.568
41.656
41.744
41.832
41.92
42.008
42.096
42.184
42.272
42.36
42.448
42.536
42.624
42.712
42.8
42.888
42.976
43.064
43.152
43.24
43.328
43.416
43.504
43.592
43.68
43.768
43.856
43.944
44.032
44.12
44.208
44.296
44.384
44.472
44.56
44.648
44.736
44.824
44.912
45
45.088
45.176
45.264
45.352
45.44
45.528
45.616
45.704
45.792
45.88
45.968
46.056
46.144
46.232
46.32
46.408
46.496
46.584
46.672
46.76
46.848
46.936
47.024
47.112
47.2
47.288
47.376
47.464
47.552
47.64
47.728
47.816
47.904
47.992
48.08
48.168
48.256
48.344
48.432
48.52
48.608
48.696
48.784
48.872
48.96
49.048
49.136
49.224
49.312
49.4
49.488
49.576
49.664
49.752
49.84
49.928
50.016
50.104
50.192
50.28
50.368
50.456
50.544
50.632
50.72
50.808
50.896
50.984
51.072
51.16
51.248
51.336
51.424
51.512
51.6
51.688
51.776
51.864
51.952
52.04
52.128
52.216
52.304
52.392
52.48
52.568
52.656
52.744
52.832
52.92
53.008
53.096
53.184
53.272
53.36
53.448
53.536
53.624
53.712
53.8
53.888
53.976
54.064
54.152
54.24
54.328
54.416
54.504
54.592
54.68
54.768
54.856
54.944
55.032
55.12
55.208
55.296
55.384
55.472
55.56
55.648
55.736
55.824
55.912
56
56.088
56.176
56.264
56.352
56.44
56.528
56.616
56.704
56.792
56.88
56.968
57.056
57.144
57.232
57.32
57.408
57.496
57.584
57.672
57.76
57.848
57.936
58.024
58.112
58.2
58.288
58.376
58.464
58.552
58.64
58.728
58.816
58.904
58.992
59.08
59.168
59.256
59.344
59.432
59.52
59.608
59.696
59.784
59.872
59.96
60.048
60.136
60.224
60.312
60.4
60.488
60.576
60.664
60.752
60.84
60.928
61.016
61.104
61.192
61.28
61.368
61.456
61.544
61.632
61.72
61.808
61.896
61.984
62.072
62.16
62.248
62.336
62.424
62.512
62.6
62.688
62.776
62.864
62.952
63.04
63.128
63.216
63.304
63.392
63.48
63.568
63.656
63.744
63.832
63.92
64.008
64.096
64.184
64.272
64.36
64.448
64.536
64.624
64.712
64.8
64.888
64.976
65.064
65.152
65.24
65.328
65.416
65.504
65.592
65.68
65.768
65.856
65.944
66.032
66.12
66.208
66.296
66.384
66.472
66.56
66.648
66.736
66.824
66.912
67
67.088
67.176
67.264
67.352
67.44
67.528
67.616
67.704
67.792
67.88
67.968
68.056
68.144
68.232
68.32
68.408
68.496
68.584
68.672
68.76
68.848
68.936
69.024
69.112
69.2
69.288
69.376
69.464
69.552
69.64
69.728
69.816
69.904
69.992
70.08
70.168
70.256
70.344
70.432
70.52
70.608
70.696
70.784
70.872
70.96
71.048
71.136
71.224
71.312
71.4
71.488
71.576
71.664
71.752
71.84
71.928
72.016
72.104
72.192
72.28
72.368
72.456
72.544
72.632
72.72
72.808
72.896
72.984
73.072
73.16
73.248
73.336
73.424
73.512
73.6
73.688
73.776
73.864
73.952
74.04
74.128
74.216
74.304
74.392
74.48
74.568
74.656
74.744
74.832
74.92
75.008
75.096
75.184
75.272
75.36
75.448
75.536
75.624
75.712
75.8
75.888
75.976
76.064
76.152
76.24
76.328
76.416
76.504
76.592
76.68
76.768
76.856
76.944
77.032
77.12
77.208
77.296
77.384
77.472
77.56
77.648
77.736
77.824
77.912
78
78.088
78.176
78.264
78.352
78.44
78.528
78.616
78.704
78.792
78.88
78.968
79.056
79.144
79.232
79.32
79.408
79.496
79.584
79.672
79.76
79.848
79.936
80.024
80.112
80.2
80.288
80.376
80.464
80.552
80.64
80.728
80.816
80.904
80.992
81.08
81.168
81.256
81.344
81.432
81.52
81.608
81.696
81.784
81.872
81.96
82.048
82.136
82.224
82.312
82.4
82.488
82.576
82.664
82.752
82.84
82.928
83.016
83.104
83.192
83.28
83.368
83.456
83.544
83.632
83.72
83.808
83.896
83.984
84.072
84.16
84.248
84.336
84.424
84.512
84.6
84.688
84.776
84.864
84.952
85.04
85.128
85.216
85.304
85.392
85.48
85.568
85.656
85.744
85.832
85.92
86.008
86.096
86.184
86.272
86.36
86.448
86.536
86.624
86.712
86.8
86.888
86.976
87.064
87.152
87.24
87.328
87.416
87.504
87.592
87.68
87.768
87.856
87.944
88.032
88.12
88.208
88.296
88.384
88.472
88.56
88.648
88.736
88.824
88.912
89
89.088
89.176
89.264
89.352
89.44
89.528
89.616
89.704
89.792
89.88
89.968
90.056
90.144
90.232
90.32
90.408
90.496
90.584
90.672
90.76
90.848
90.936
91.024
91.112
91.2
91.288
91.376
91.464
91.552
91.64
91.728
91.816
91.904
91.992
92.08
92.168
92.256
92.344
92.432
92.52
92.608
92.696
92.784
92.872
92.96
93.048
93.136
93.224
93.312
93.4
93.488
93.576
93.664
93.752
93.84
93.928
94.016
94.104
94.192
94.28
94.368
94.456
94.544
94.632
94.72
94.808
94.896
94.984
95.072
95.16
95.248
95.336
95.424
95.512
95.6
95.688
95.776
95.864
95.952
96.04
96.128
96.216
96.304
96.392
96.48
96.568
96.656
96.744
96.832
96.92
97.008
97.096
97.184
97.272
97.36
97.448
97.536
97.624
97.712
97.8
97.888
97.976
98.064
98.152
98.24
98.328
98.416
98.504
98.592
98.68
98.768
98.856
98.944
99.032
99.12
99.208
99.296
99.384
99.472
99.56
99.648
99.736
99.824
99.912
100
100.088
100.176
100.264
100.352
100.44
100.528
100.616
100.704
100.792
100.88
100.968
101.056
101.144
101.232
101.32
101.408
101.496
101.584
101.672
101.76
101.848
101.936
102.024
102.112
102.2
102.288
102.376
102.464
102.552
102.64
102.728
102.816
102.904
102.992
103.08
103.168
103.256
103.344
103.432
103.52
103.608
103.696
103.784
103.872
103.96
104.048
104.136
104.224
104.312
104.4
104.488
104.576
104.664
104.752
104.84
104.928
105.016
105.104
105.192
105.28
105.368
105.456
105.544
105.632
105.72
105.808
105.896
105.984
106.072
106.16
106.248
106.336
106.424
106.512
106.6
106.688
106.776
106.864
106.952
107.04
107.128
107.216
107.304
107.392
107.48
107.568
107.656
107.744
107.832
107.92
108.008
108.096
108.184
108.272
108.36
108.448
108.536
108.624
108.712
108.8
108.888
108.976
109.064
109.152
109.24
109.328
109.416
109.504
109.592
109.68
109.768
109.856
109.944
110.032
110.12
110.208
110.296
110.384
110.472
110.56
110.648
110.736
110.824
110.912
111
111.088
111.176
111.264
111.352
111.44
111.528
111.616
111.704
111.792
111.88
111.968
112.056
112.144
112.232
112.32
112.408
112.496
112.584
112.672
112.76
112.848
112.936
113.024
113.112
113.2
113.288
113.376
113.464
113.552
113.64
113.728
113.816
113.904
113.992
114.08
114.168
114.256
114.344
114.432
114.52
114.608
114.696
114.784
114.872
114.96
115.048
115.136
115.224
115.312
115.4
115.488
115.576
115.664
115.752
115.84
115.928
116.016
116.104
116.192
116.28
116.368
116.456
116.544
116.632
116.72
116.808
116.896
116.984
117.072
117.16
117.248
117.336
117.424
117.512
117.6
117.688
117.776
117.864
117.952
118.04
118.128
118.216
118.304
118.392
118.48
118.568
118.656
118.744
118.832
118.92
119.008
119.096
119.184
119.272
119.36
119.448
119.536
119.624
119.712
119.8
119.888
119.976
120.064
120.152
120.24
120.328
120.416
120.504
120.592
120.68
120.768
120.856
120.944
121.032
121.12
121.208
121.296
121.384
121.472
121.56
121.648
121.736
121.824
121.912
122
122.088
122.176
122.264
122.352
122.44
122.528
122.616
122.704
122.792
122.88
122.968
123.056
123.144
123.232
123.32
123.408
123.496
123.584
123.672
123.76
123.848
123.936
124.024
124.112
124.2
124.288
124.376
124.464
124.552
124.64
124.728
124.816
124.904
124.992
125.08
125.168
125.256
125.344
125.432
125.52
125.608
125.696
125.784
125.872
125.96
126.048
126.136
126.224
126.312
126.4
126.488
126.576
126.664
126.752
126.84
126.928
127.016
127.104
127.192
127.28
127.368
127.456
127.544
127.632
127.72
127.808
127.896
127.984
128.072
128.16
128.248
128.336
128.424
128.512
128.6
128.688
128.776
128.864
128.952
129.04
129.128
129.216
129.304
129.392
129.48
129.568
129.656
129.744
129.832
129.92
130.008
130.096
130.184
130.272
130.36
130.448
130.536
130.624
130.712
130.8
130.888
130.976
131.064
131.152
131.24
131.328
131.416
131.504
131.592
131.68
131.768
131.856
131.944
132.032
132.12
132.208
132.296
132.384
132.472
132.56
132.648
132.736
132.824
132.912
133
133.088
133.176
133.264
133.352
133.44
133.528
133.616
133.704
133.792
133.88
133.968
134.056
134.144
134.232
134.32
134.408
134.496
134.584
134.672
134.76
134.848
134.936
135.024
135.112
135.2
135.288
135.376
135.464
135.552
135.64
135.728
135.816
135.904
135.992
136.08
136.168
136.256
136.344
136.432
136.52
136.608
136.696
136.784
136.872
136.96
137.048
137.136
137.224
137.312
137.4
137.488
137.576
137.664
137.752
137.84
137.928
138.016
138.104
138.192
138.28
138.368
138.456
138.544
138.632
138.72
138.808
138.896
138.984
139.072
139.16
139.248
139.336
139.424
139.512
139.6
139.688
139.776
139.864
139.952
140.04
140.128
140.216
140.304
140.392
140.48
140.568
140.656
140.744
140.832
140.92
141.008
141.096
141.184
141.272
141.36
141.448
141.536
141.624
141.712
141.8
141.888
141.976
142.064
142.152
142.24
142.328
142.416
142.504
142.592
142.68
142.768
142.856
142.944
143.032
143.12
143.208
143.296
143.384
143.472
143.56
143.648
143.736
143.824
143.912
144
144.088
144.176
144.264
144.352
144.44
144.528
144.616
144.704
144.792
144.88
144.968
145.056
145.144
145.232
145.32
145.408
145.496
145.584
145.672
145.76
145.848
145.936
146.024
146.112
146.2
146.288
146.376
146.464
146.552
146.64
146.728
146.816
146.904
146.992
147.08
147.168
147.256
147.344
147.432
147.52
147.608
147.696
147.784
147.872
147.96
148.048
148.136
148.224
148.312
148.4
148.488
148.576
148.664
148.752
148.84
148.928
149.016
149.104
149.192
149.28
149.368
149.456
149.544
149.632
149.72
149.808
149.896
149.984
150.072
150.16
150.248
150.336
150.424
150.512
150.6
150.688
150.776
150.864
150.952
151.04
151.128
151.216
151.304
151.392
151.48
151.568
151.656
151.744
151.832
151.92
152.008
152.096
152.184
152.272
152.36
152.448
152.536
152.624
152.712
152.8
152.888
152.976
153.064
153.152
153.24
153.328
153.416
153.504
153.592
153.68
153.768
153.856
153.944
154.032
154.12
154.208
154.296
154.384
154.472
154.56
154.648
154.736
154.824
154.912
155
155.088
155.176
155.264
155.352
155.44
155.528
155.616
155.704
155.792
155.88
155.968
156.056
156.144
156.232
156.32
156.408
156.496
156.584
156.672
156.76
156.848
156.936
157.024
157.112
157.2
157.288
157.376
157.464
157.552
157.64
157.728
157.816
157.904
157.992
158.08
158.168
158.256
158.344
158.432
158.52
158.608
158.696
158.784
158.872
158.96
159.048
159.136
159.224
159.312
159.4
159.488
159.576
159.664
159.752
159.84
159.928
160.016
160.104
160.192
160.28
160.368
160.456
160.544
160.632
160.72
160.808
160.896
160.984
161.072
161.16
161.248
161.336
161.424
161.512
161.6
161.688
161.776
161.864
161.952
162.04
162.128
162.216
162.304
162.392
162.48
162.568
162.656
162.744
162.832
162.92
163.008
163.096
163.184
163.272
163.36
163.448
163.536
163.624
163.712
163.8
163.888
163.976
164.064
164.152
164.24
164.328
164.416
164.504
164.592
164.68
164.768
164.856
164.944
165.032
165.12
165.208
165.296
165.384
165.472
165.56
165.648
165.736
165.824
165.912
166
166.088
166.176
166.264
166.352
166.44
166.528
166.616
166.704
166.792
166.88
166.968
167.056
167.144
167.232
167.32
167.408
167.496
167.584
167.672
167.76
167.848
167.936
168.024
168.112
168.2
168.288
168.376
168.464
168.552
168.64
168.728
168.816
168.904
168.992
169.08
169.168
169.256
169.344
169.432
169.52
169.608
169.696
169.784
169.872
169.96
170.048
170.136
170.224
170.312
170.4
170.488
170.576
170.664
170.752
170.84
170.928
171.016
171.104
171.192
171.28
171.368
171.456
171.544
171.632
171.72
171.808
171.896
171.984
172.072
172.16
172.248
172.336
172.424
172.512
172.6
172.688
172.776
172.864
172.952
173.04
173.128
173.216
173.304
173.392
173.48
173.568
173.656
173.744
173.832
173.92
174.008
174.096
174.184
174.272
174.36
174.448
174.536
174.624
174.712
174.8
174.888
174.976
175.064
175.152
175.24
175.328
175.416
175.504
175.592
175.68
175.768
175.856
175.944
176.032
176.12
176.208
176.296
176.384
176.472
176.56
176.648
176.736
176.824
176.912
177
177.088
177.176
177.264
177.352
177.44
177.528
177.616
177.704
177.792
177.88
177.968
178.056
178.144
178.232
178.32
178.408
178.496
178.584
178.672
178.76
178.848
178.936
179.024
179.112
179.2
179.288
179.376
179.464
179.552
179.64
179.728
179.816
179.904
179.992
180.08
180.168
180.256
180.344
180.432
180.52
180.608
180.696
180.784
180.872
180.96
181.048
181.136
181.224
181.312
181.4
181.488
181.576
181.664
181.752
181.84
181.928
182.016
182.104
182.192
182.28
182.368
182.456
182.544
182.632
182.72
182.808
182.896
182.984
183.072
183.16
183.248
183.336
183.424
183.512
183.6
183.688
183.776
183.864
183.952
184.04
184.128
184.216
184.304
184.392
184.48
184.568
184.656
184.744
184.832
184.92
185.008
185.096
185.184
185.272
185.36
185.448
185.536
185.624
185.712
185.8
185.888
185.976
186.064
186.152
186.24
186.328
186.416
186.504
186.592
186.68
186.768
186.856
186.944
187.032
187.12
187.208
187.296
187.384
187.472
187.56
187.648
187.736
187.824
187.912
188
188.088
188.176
188.264
188.352
188.44
188.528
188.616
188.704
188.792
188.88
188.968
189.056
189.144
189.232
189.32
189.408
189.496
189.584
189.672
189.76
189.848
189.936
190.024
190.112
190.2
190.288
190.376
190.464
190.552
190.64
190.728
190.816
190.904
190.992
191.08
191.168
191.256
191.344
191.432
191.52
191.608
191.696
191.784
191.872
191.96
192.048
192.136
192.224
192.312
192.4
192.488
192.576
192.664
192.752
192.84
192.928
193.016
193.104
193.192
193.28
193.368
193.456
193.544
193.632
193.72
193.808
193.896
193.984
194.072
194.16
194.248
194.336
194.424
194.512
194.6
194.688
194.776
194.864
194.952
195.04
195.128
195.216
195.304
195.392
195.48
195.568
195.656
195.744
195.832
195.92
196.008
196.096
196.184
196.272
196.36
196.448
196.536
196.624
196.712
196.8
196.888
196.976
197.064
197.152
197.24
197.328
197.416
197.504
197.592
197.68
197.768
197.856
197.944
198.032
198.12
198.208
198.296
198.384
198.472
198.56
198.648
198.736
198.824
198.912
199
199.088
199.176
199.264
199.352
199.44
199.528
199.616
199.704
199.792
199.88
199.968
200.056
200.144
200.232
200.32
200.408
200.496
200.584
200.672
200.76
200.848
200.936
201.024
201.112
201.2
201.288
201.376
201.464
201.552
201.64
201.728
201.816
201.904
201.992
202.08
202.168
202.256
202.344
202.432
202.52
202.608
202.696
202.784
202.872
202.96
203.048
203.136
203.224
203.312
203.4
203.488
203.576
203.664
203.752
203.84
203.928
204.016
204.104
204.192
204.28
204.368
204.456
204.544
204.632
204.72
204.808
204.896
204.984
205.072
205.16
205.248
205.336
205.424
205.512
205.6
205.688
205.776
205.864
205.952
206.04
206.128
206.216
206.304
206.392
206.48
206.568
206.656
206.744
206.832
206.92
207.008
207.096
207.184
207.272
207.36
207.448
207.536
207.624
207.712
207.8
207.888
207.976
208.064
208.152
208.24
208.328
208.416
208.504
208.592
208.68
208.768
208.856
208.944
209.032
209.12
209.208
209.296
209.384
209.472
209.56
209.648
209.736
209.824
209.912
210
210.088
210.176
210.264
210.352
210.44
210.528
210.616
210.704
210.792
210.88
210.968
211.056
211.144
211.232
211.32
211.408
211.496
211.584
211.672
211.76
211.848
211.936
212.024
212.112
212.2
212.288
212.376
212.464
212.552
212.64
212.728
212.816
212.904
212.992
213.08
213.168
213.256
213.344
213.432
213.52
213.608
213.696
213.784
213.872
213.96
214.048
214.136
214.224
214.312
214.4
214.488
214.576
214.664
214.752
214.84
214.928
215.016
215.104
215.192
215.28
215.368
215.456
215.544
215.632
215.72
215.808
215.896
215.984
216.072
216.16
216.248
216.336
216.424
216.512
216.6
216.688
216.776
216.864
216.952
217.04
217.128
217.216
217.304
217.392
217.48
217.568
217.656
217.744
217.832
217.92
218.008
218.096
218.184
218.272
218.36
218.448
218.536
218.624
218.712
218.8
218.888
218.976
219.064
219.152
219.24
219.328
219.416
219.504
219.592
219.68
219.768
219.856
219.944
220.032
220.12
220.208
220.296
220.384
220.472
220.56
220.648
220.736
220.824
220.912
221
221.088
221.176
221.264
221.352
221.44
221.528
221.616
221.704
221.792
221.88
221.968
222.056
222.144
222.232
222.32
222.408
222.496
222.584
222.672
222.76
222.848
222.936
223.024
223.112
223.2
223.288
223.376
223.464
223.552
223.64
223.728
223.816
223.904
223.992
224.08
224.168
224.256
224.344
224.432
224.52
224.608
224.696
224.784
224.872
224.96
225.048
225.136
225.224
225.312
225.4
225.488
225.576
225.664
225.752
225.84
225.928
226.016
226.104
226.192
226.28
226.368
226.456
226.544
226.632
226.72
226.808
226.896
226.984
227.072
227.16
227.248
227.336
227.424
227.512
227.6
227.688
227.776
227.864
227.952
228.04
228.128
228.216
228.304
228.392
228.48
228.568
228.656
228.744
228.832
228.92
229.008
229.096
229.184
229.272
229.36
229.448
229.536
229.624
229.712
229.8
229.888
229.976
230.064
230.152
230.24
230.328
230.416
230.504
230.592
230.68
230.768
230.856
230.944
231.032
231.12
231.208
231.296
231.384
231.472
231.56
231.648
231.736
231.824
231.912
232
232.088
232.176
232.264
232.352
232.44
232.528
232.616
232.704
232.792
232.88
232.968
233.056
233.144
233.232
233.32
233.408
233.496
233.584
233.672
233.76
233.848
233.936
234.024
234.112
234.2
234.288
234.376
234.464
234.552
234.64
234.728
234.816
234.904
234.992
235.08
235.168
235.256
235.344
235.432
235.52
235.608
235.696
235.784
235.872
235.96
236.048
236.136
236.224
236.312
236.4
236.488
236.576
236.664
236.752
236.84
236.928
237.016
237.104
237.192
237.28
237.368
237.456
237.544
237.632
237.72
237.808
237.896
237.984
238.072
238.16
238.248
238.336
238.424
238.512
238.6
238.688
238.776
238.864
238.952
239.04
239.128
239.216
239.304
239.392
239.48
239.568
239.656
239.744
239.832
239.92
240.008
240.096
240.184
240.272
240.36
240.448
240.536
240.624
240.712
240.8
240.888
240.976
241.064
241.152
241.24
241.328
241.416
241.504
241.592
241.68
241.768
241.856
241.944
242.032
242.12
242.208
242.296
242.384
242.472
242.56
242.648
242.736
242.824
242.912
243
243.088
243.176
243.264
243.352
243.44
243.528
243.616
243.704
243.792
243.88
243.968
244.056
244.144
244.232
244.32
244.408
244.496
244.584
244.672
244.76
244.848
244.936
245.024
245.112
245.2
245.288
245.376
245.464
245.552
245.64
245.728
245.816
245.904
245.992
246.08
246.168
246.256
246.344
246.432
246.52
246.608
246.696
246.784
246.872
246.96
247.048
247.136
247.224
247.312
247.4
247.488
247.576
247.664
247.752
247.84
247.928
248.016
248.104
248.192
248.28
248.368
248.456
248.544
248.632
248.72
248.808
248.896
248.984
249.072
249.16
249.248
249.336
249.424
249.512
249.6
249.688
249.776
249.864
249.952
250.04
250.128
250.216
250.304
250.392
250.48
250.568
250.656
250.744
250.832
250.92
251.008
251.096
251.184
251.272
251.36
251.448
251.536
251.624
251.712
251.8
251.888
251.976
252.064
252.152
252.24
252.328
252.416
252.504
252.592
252.68
252.768
252.856
252.944
253.032
253.12
253.208
253.296
253.384
253.472
253.56
253.648
253.736
253.824
253.912
254
254.088
254.176
254.264
254.352
254.44
254.528
254.616
254.704
254.792
254.88
254.968
255.056
255.144
255.232
255.32
255.408
255.496
255.584
255.672
255.76
255.848
255.936
256.024
256.112
256.2
256.288
256.376
256.464
256.552
256.64
256.728
256.816
256.904
256.992
257.08
257.168
257.256
257.344
257.432
257.52
257.608
257.696
257.784
257.872
257.96
258.048
258.136
258.224
258.312
258.4
258.488
258.576
258.664
258.752
258.84
258.928
259.016
259.104
259.192
259.28
259.368
259.456
259.544
259.632
259.72
259.808
259.896
259.984
260.072
260.16
260.248
260.336
260.424
260.512
260.6
260.688
260.776
260.864
260.952
261.04
261.128
261.216
261.304
261.392
261.48
261.568
261.656
261.744
261.832
261.92
262.008
262.096
262.184
262.272
262.36
262.448
262.536
262.624
262.712
262.8
262.888
262.976
263.064
263.152
263.24
263.328
263.416
263.504
263.592
263.68
263.768
263.856
263.944
264.032
264.12
264.208
264.296
264.384
264.472
264.56
264.648
264.736
264.824
264.912
265
265.088
265.176
265.264
265.352
265.44
265.528
265.616
265.704
265.792
265.88
265.968
266.056
266.144
266.232
266.32
266.408
266.496
266.584
266.672
266.76
266.848
266.936
267.024
267.112
267.2
267.288
267.376
267.464
267.552
267.64
267.728
267.816
267.904
267.992
268.08
268.168
268.256
268.344
268.432
268.52
268.608
268.696
268.784
268.872
268.96
269.048
269.136
269.224
269.312
269.4
269.488
269.576
269.664
269.752
269.84
269.928
270.016
270.104
270.192
270.28
270.368
270.456
270.544
270.632
270.72
270.808
270.896
270.984
271.072
271.16
271.248
271.336
271.424
271.512
271.6
271.688
271.776
271.864
271.952
272.04
272.128
272.216
272.304
272.392
272.48
272.568
272.656
272.744
272.832
272.92
273.008
273.096
273.184
273.272
273.36
273.448
273.536
273.624
273.712
273.8
273.888
273.976
274.064
274.152
274.24
274.328
274.416
274.504
274.592
274.68
274.768
274.856
274.944
275.032
275.12
275.208
275.296
275.384
275.472
275.56
275.648
275.736
275.824
275.912
276
276.088
276.176
276.264
276.352
276.44
276.528
276.616
276.704
276.792
276.88
276.968
277.056
277.144
277.232
277.32
277.408
277.496
277.584
277.672
277.76
277.848
277.936
278.024
278.112
278.2
278.288
278.376
278.464
278.552
278.64
278.728
278.816
278.904
278.992
279.08
279.168
279.256
279.344
279.432
279.52
279.608
279.696
279.784
279.872
279.96
280.048
280.136
280.224
280.312
280.4
280.488
280.576
280.664
280.752
280.84
280.928
281.016
281.104
281.192
281.28
281.368
281.456
281.544
281.632
281.72
281.808
281.896
281.984
282.072
282.16
282.248
282.336
282.424
282.512
282.6
282.688
282.776
282.864
282.952
283.04
283.128
283.216
283.304
283.392
283.48
283.568
283.656
283.744
283.832
283.92
284.008
284.096
284.184
284.272
284.36
284.448
284.536
284.624
284.712
284.8
284.888
284.976
285.064
285.152
285.24
285.328
285.416
285.504
285.592
285.68
285.768
285.856
285.944
286.032
286.12
286.208
286.296
286.384
286.472
286.56
286.648
286.736
286.824
286.912
287
287.088
287.176
287.264
287.352
287.44
287.528
287.616
287.704
287.792
287.88
287.968
288.056
288.144
288.232
288.32
288.408
288.496
288.584
288.672
288.76
288.848
288.936
289.024
289.112
289.2
289.288
289.376
289.464
289.552
289.64
289.728
289.816
289.904
289.992
290.08
290.168
290.256
290.344
290.432
290.52
290.608
290.696
290.784
290.872
290.96
291.048
291.136
291.224
291.312
291.4
291.488
291.576
291.664
291.752
291.84
291.928
292.016
292.104
292.192
292.28
292.368
292.456
292.544
292.632
292.72
292.808
292.896
292.984
293.072
293.16
293.248
293.336
293.424
293.512
293.6
293.688
293.776
293.864
293.952
294.04
294.128
294.216
294.304
294.392
294.48
294.568
294.656
294.744
294.832
294.92
295.008
295.096
295.184
295.272
295.36
295.448
295.536
295.624
295.712
295.8
295.888
295.976
296.064
296.152
296.24
296.328
296.416
296.504
296.592
296.68
296.768
296.856
296.944
297.032
297.12
297.208
297.296
297.384
297.472
297.56
297.648
297.736
297.824
297.912
298
298.088
298.176
298.264
298.352
298.44
298.528
298.616
298.704
298.792
298.88
298.968
299.056
299.144
299.232
299.32
299.408
299.496
299.584
299.672
299.76
299.848
299.936
300.024
300.112
300.2
300.288
300.376
300.464
300.552
300.64
300.728
300.816
300.904
300.992
301.08
301.168
301.256
301.344
301.432
301.52
301.608
301.696
301.784
301.872
301.96
302.048
302.136
302.224
302.312
302.4
302.488
302.576
302.664
302.752
302.84
302.928
303.016
303.104
303.192
303.28
303.368
303.456
303.544
303.632
303.72
303.808
303.896
303.984
304.072
304.16
304.248
304.336
304.424
304.512
304.6
304.688
304.776
304.864
304.952
305.04
305.128
305.216
305.304
305.392
305.48
305.568
305.656
305.744
305.832
305.92
306.008
306.096
306.184
306.272
306.36
306.448
306.536
306.624
306.712
306.8
306.888
306.976
307.064
307.152
307.24
307.328
307.416
307.504
307.592
307.68
307.768
307.856
307.944
308.032
308.12
308.208
308.296
308.384
308.472
308.56
308.648
308.736
308.824
308.912
309
309.088
309.176
309.264
309.352
309.44
309.528
309.616
309.704
309.792
309.88
309.968
310.056
310.144
310.232
310.32
310.408
310.496
310.584
310.672
310.76
310.848
310.936
311.024
311.112
311.2
311.288
311.376
311.464
311.552
311.64
311.728
311.816
311.904
311.992
312.08
312.168
312.256
312.344
312.432
312.52
312.608
312.696
312.784
312.872
312.96
313.048
313.136
313.224
313.312
313.4
313.488
313.576
313.664
313.752
313.84
313.928
314.016
314.104
314.192
314.28
314.368
314.456
314.544
314.632
314.72
314.808
314.896
314.984
315.072
315.16
315.248
315.336
315.424
315.512
315.6
315.688
315.776
315.864
315.952
316.04
316.128
316.216
316.304
316.392
316.48
316.568
316.656
316.744
316.832
316.92
317.008
317.096
317.184
317.272
317.36
317.448
317.536
317.624
317.712
317.8
317.888
317.976
318.064
318.152
318.24
318.328
318.416
318.504
318.592
318.68
318.768
318.856
318.944
319.032
319.12
319.208
319.296
319.384
319.472
319.56
319.648
319.736
319.824
319.912
320
320.088
320.176
320.264
320.352
320.44
320.528
320.616
320.704
320.792
320.88
320.968
321.056
321.144
321.232
321.32
321.408
321.496
321.584
321.672
321.76
321.848
321.936
322.024
322.112
322.2
322.288
322.376
322.464
322.552
322.64
322.728
322.816
322.904
322.992
323.08
323.168
323.256
323.344
323.432
323.52
323.608
323.696
323.784
323.872
323.96
324.048
324.136
324.224
324.312
324.4
324.488
324.576
324.664
324.752
324.84
324.928
325.016
325.104
325.192
325.28
325.368
325.456
325.544
325.632
325.72
325.808
325.896
325.984
326.072
326.16
326.248
326.336
326.424
326.512
326.6
326.688
326.776
326.864
326.952
327.04
327.128
327.216
327.304
327.392
327.48
327.568
327.656
327.744
327.832
327.92
328.008
328.096
328.184
328.272
328.36
328.448
328.536
328.624
328.712
328.8
328.888
328.976
329.064
329.152
329.24
329.328
329.416
329.504
329.592
329.68
329.768
329.856
329.944
330.032
330.12
330.208
330.296
330.384
330.472
330.56
330.648
330.736
330.824
330.912
331
331.088
331.176
331.264
331.352
331.44
331.528
331.616
331.704
331.792
331.88
331.968
332.056
332.144
332.232
332.32
332.408
332.496
332.584
332.672
332.76
332.848
332.936
333.024
333.112
333.2
333.288
333.376
333.464
333.552
333.64
333.728
333.816
333.904
333.992
334.08
334.168
334.256
334.344
334.432
334.52
334.608
334.696
334.784
334.872
334.96
335.048
335.136
335.224
335.312
335.4
335.488
335.576
335.664
335.752
335.84
335.928
336.016
336.104
336.192
336.28
336.368
336.456
336.544
336.632
336.72
336.808
336.896
336.984
337.072
337.16
337.248
337.336
337.424
337.512
337.6
337.688
337.776
337.864
337.752
337.84
337.928
337.816
337.904
337.792
337.88
337.768
337.856
337.944
337.832
337.92
337.808
337.896
337.784
337.872
337.76
337.848
337.936
337.824
337.912
337.8
337.888
337.776
337.864
337.752
337.84
337.928
337.816
337.904
337.792
337.88
337.768
337.856
337.944
337.832
337.92
337.808
337.896
337.784
337.872
337.76
337.848
337.936
337.824
337.912
337.8
337.888
337.776
337.864
337.752
337.84
337.928
337.816
337.904
337.792
337.88
337.768
337.856
337.944
337.832
337.92
337.808
337.896
337.784
337.872
337.76
337.848
337.936
337.824
337.912
337.8
337.888
337.776
337.864
337.752
337.84
337.928
337.816
337.904
337.792
337.88
337.768
337.856
337.944
337.832
337.92
337.808
337.896
337.784
337.872
337.76
337.848
337.936
337.824
337.912
337.8
337.888
337.776
337.864
337.752
337.84
337.928
337.816
337.904
337.792
337.88
337.768
337.856
337.944
337.832
337.92
337.808
337.896
337.784
337.872
337.76
337.848
337.936
337.824
337.912
337.8
337.888
337.776
337.864
337.752
337.84
337.928
337.816
337.904
337.792
337.88
337.768
337.856
337.944
337.832
337.92
337.808
337.896
337.784
337.872
337.76
337.848
337.936
337.824
337.912
337.8
337.888
337.776
337.864
337.752
337.84
337.928
337.816
337.904
337.792
337.88
337.768
337.856
337.944
337.832
337.92
337.808
337.896
337.784
337.872
337.76
337.848
337.936
337.824
337.912
337.8
337.888
337.776
337.864
337.752
337.84
337.928
337.816
337.904
337.792
337.88
337.768
337.856
337.944
337.832
337.92
337.808
337.896
337.784
337.872
337.76
337.848
337.936
337.824
337.912
337.8
337.888
337.776
337.864
337.752
337.84
337.928
337.816
337.904
337.792
337.88
337.768
337.856
337.944
337.832
337.92
337.808
337.896
337.784
337.872
337.76
337.848
337.936
337.824
337.912
337.8
337.888
337.776
337.864
337.752
337.84
337.928
337.816
337.904
337.792
337.88
337.768
337.856
337.944
337.832
337.92
337.808
337.896
337.784
337.872
337.76
337.848
337.936
337.824
337.912
337.8
337.888
337.776
337.864
337.752
337.84
337.928
337.816
337.904
337.792
337.88
337.768
337.856
337.944
337.832
337.92
337.808
337.896
337.784
337.872
337.76
337.848
337.936
337.824
337.912
337.8
337.888
337.776
337.864
337.752
337.84
337.928
337.816
337.904
337.792
337.88
337.768
337.856
337.944
337.832
337.92
337.808
337.896
337.784
337.872
337.76
337.848
337.936
337.824
337.912
337.8
337.888
337.776
337.864
337.752
337.84
337.928
337.816
337.904
337.792
337.88
337.768
337.856
337.944
337.832
337.92
337.808
337.896
337.784
337.872
337.76
337.848
337.936
337.824
337.912
337.8
337.888
337.776
337.864
337.752
337.84
337.928
337.816
337.904
337.792
337.88
337.768
337.856
337.944
337.832
337.92
337.808
337.896
337.784
337.872
337.76
337.848
337.936
337.824
337.912
337.8
337.888
337.776
337.864
337.752
337.84
337.928
337.816
337.904
337.792
337.88
337.768
337.856
337.944
337.832
337.92
337.808
337.896
337.784
337.872
337.76
337.848
337.936
337.824
337.912
337.8
337.888
337.776
337.864
337.752
337.84
337.928
337.816
337.904
337.792
337.88
337.768
337.856
337.944
337.832
337.92
337.808
337.896
337.784
337.872
337.76
337.848
337.936
337.824
337.912
337.8
337.888
337.776
337.864
337.752
337.84
337.928
337.816
337.904
337.792
337.88
337.768
337.856
337.944
337.832
337.92
337.808
337.896
337.784
337.872
337.76
337.848
337.936
337.824
337.912
337.8
337.888
337.776
337.864
337.752
337.84
337.928
337.816
337.904
337.792
337.88
337.768
337.856
337.944
337.832
337.92
337.808
337.896
337.784
337.872
337.76
337.848
337.936
337.824
337.912
337.8
337.888
337.776
337.864
337.752
337.84
337.928
337.816
337.904
337.792
337.88
337.768
337.856
337.944
337.832
337.92
337.808
337.896
337.784
337.872
337.76
337.848
337.936
337.824
337.912
337.8
337.888
337.776
337.864
337.752
337.84
337.928
337.816
337.904
337.792
337.88
337.768
337.856
337.944
337.832
337.92
337.808
337.896
337.784
337.872
337.76
337.848
337.936
337.824
337.912
337.8
337.888
337.776
337.864
337.752
337.84
337.928
337.816
337.904
337.792
337.88
337.768
337.856
337.944
337.832
337.92
337.808
337.896
337.784
337.872
337.76
337.848
337.936
337.824
337.912
337.8
337.888
337.776
337.864
337.752
337.84
337.928
337.816
337.904
337.792
337.88
337.768
337.856
337.944
337.832
337.92
337.808
337.896
337.784
337.872
337.76
337.848
337.936
337.824
337.912
337.8
337.888
337.776
337.864
337.752
337.84
337.928
337.816
337.904
337.792
337.88
337.768
337.856
337.944
337.832
337.92
337.808
337.896
337.784
337.872
337.76
337.848
337.936
337.824
337.912
337.8
337.888
337.776
337.864
337.752
337.84
337.928
337.816
337.904
337.792
337.88
337.768
337.856
337.944
337.832
337.92
337.808
337.896
337.784
337.872
337.76
337.848
337.936
337.824
337.912
337.8
337.888
337.776
337.864
337.752
337.84
337.928
337.816
337.904
337.792
337.88
337.768
337.856
337.944
337.832
337.92
337.808
337.896
337.784
337.872
337.76
337.848
337.936
337.824
337.912
337.8
337.888
337.776
337.864
337.752
337.84
337.928
337.816
337.904
337.792
337.88
337.768
337.856
337.944
337.832
337.92
337.808
337.896
337.784
337.872
337.76
337.848
337.936
337.824
337.912
337.8
337.888
337.776
337.864
337.752
337.84
337.928
337.816
337.904
337.792
337.88
337.768
337.856
337.944
337.832
337.92
337.808
337.896
337.784
337.872
337.76
337.848
337.936
337.824
337.912
337.8
337.888
337.776
337.864
337.752
337.84
337.928
337.816
337.904
337.792
337.88
337.768
337.856
337.944
337.832
337.92
337.808
337.896
337.784
337.872
337.76
337.848
337.936
337.824
337.912
337.8
337.888
337.776
337.864
337.752
337.84
337.928
337.816
337.904
337.792
337.88
337.768
337.856
337.944
337.832
337.92
337.808
337.896
337.784
337.872
337.76
337.848
337.936
337.824
337.912
337.8
337.888
337.776
337.864
337.752
337.84
337.928
337.816
337.904
337.792
337.88
337.768
337.856
337.944
337.832
337.92
337.808
337.896
337.784
337.872
337.76
337.848
337.936
337.824
337.912
337.8
337.888
337.776
337.864
337.752
337.84
337.928
337.816
337.904
337.792
337.88
337.768
337.856
337.944
337.832
337.92
337.808
337.896
337.784
337.872
337.76
337.848
337.936
337.824
337.912
337.8
337.888
337.776
337.864
337.752
337.84
337.928
337.816
337.904
337.792
337.88
337.768
337.856
337.944
337.832
337.92
337.808
337.896
337.784
337.872
337.76
337.848
337.936
337.824
337.912
337.8
337.888
337.776
337.864
337.752
337.84
337.928
337.816
337.904
337.792
337.88
337.768
337.856
337.944
337.832
337.92
337.808
337.896
337.784
337.872
337.76
337.848
337.936
337.824
337.912
337.8
337.888
337.776
337.864
337.752
337.84
337.928
337.816
337.904
337.792
337.88
337.768
337.856
337.944
337.832
337.92
337.808
337.896
337.784
337.872
337.76
337.848
337.936
337.824
337.912
337.8
337.888
337.776
337.864
337.752
337.84
337.928
337.816
337.904
337.792
337.88
337.768
337.856
337.944
337.832
337.92
337.808
337.896
337.784
337.872
337.76
337.848
337.936
337.824
337.912
337.8
337.888
337.776
337.864
337.752
337.84
337.928
337.816
337.904
337.792
337.88
337.768
337.856
337.944
337.832
337.92
337.808
337.896
337.784
337.872
337.76
337.848
337.936
337.824
337.912
337.8
337.888
337.776
337.864
337.752
337.84
337.928
337.816
337.904
337.792
337.88
337.768
337.856
337.944
337.832
337.92
337.808
337.896
337.784
337.872
337.76
337.848
337.936
337.824
337.912
337.8
337.888
337.776
337.864
337.752
337.84
337.928
337.816
337.904
337.792
337.88
337.768
337.856
337.944
337.832
337.92
337.808
337.896
337.784
337.872
337.76
337.848
337.936
337.824
337.912
337.8
337.888
337.776
337.864
337.752
337.84
337.928
337.816
337.904
337.792
337.88
337.768
337.856
337.944
337.832
337.92
337.808
337.896
337.784
337.872
337.76
337.848
337.936
337.824
337.912
337.8
337.888
337.776
337.864
337.752
337.84
337.928
337.816
337.904
337.792
337.88
337.768
337.856
337.944
337.832
337.92
337.808
337.896
337.784
337.872
337.76
337.848
337.936
337.824
337.912
337.8
337.888
337.776
337.864
337.752
337.84
337.928
337.816
337.904
337.792
337.88
337.768
337.856
337.944
337.832
337.92
337.808
337.896
337.784
337.872
337.76
337.848
337.936
337.824
337.912
337.8
337.888
337.776
337.864
337.752
337.84
337.928
337.816
337.904
337.792
337.88
337.768
337.856
337.944
337.832
337.92
337.808
337.896
337.784
337.872
337.76
337.848
337.936
337.824
337.912
337.8
337.888
337.776
337.864
337.752
337.84
337.928
337.816
337.904
337.792
337.88
337.768
337.856
337.944
337.832
337.92
337.808
337.896
337.784
337.872
337.76
337.848
337.936
337.824
337.912
337.8
337.888
337.776
337.864
337.752
337.84
337.928
337.816
337.904
337.792
337.88
337.768
337.856
337.944
337.832
337.92
337.808
337.896
337.784
337.872
337.76
337.848
337.936
337.824
337.912
337.8
337.888
337.776
337.864
337.752
337.84
337.928
337.816
337.904
337.792
337.88
337.768
337.856
337.944
337.832
337.92
337.808
337.896
337.784
337.872
337.76
337.848
337.936
337.824
337.912
337.8
337.888
337.776
337.864
337.752
337.84
337.928
337.816
337.904
337.792
337.88
337.768
337.856
337.944
337.832
337.92
337.808
337.896
337.784
337.872
337.76
337.848
337.936
337.824
337.912
337.8
337.888
337.776
337.864
337.752
337.84
337.928
337.816
337.904
337.792
337.88
337.768
337.856
337.944
337.832
337.92
337.808
337.896
337.784
337.872
337.76
337.848
337.936
337.824
337.912
337.8
337.888
337.776
337.864
337.752
337.84
337.928
337.816
337.904
337.792
337.88
337.768
337.856
337.944
337.832
337.92
337.808
337.896
337.784
337.872
337.76
337.848
337.936
337.824
337.912
337.8
337.888
337.776
337.864
337.752
337.84
337.928
337.816
337.904
337.792
337.88
337.768
337.856
337.944
337.832
337.92
337.808
337.896
337.784
337.872
337.76
337.848
337.936
337.824
337.912
337.8
337.888
337.776
337.864
337.752
337.84
337.928
337.816
337.904
337.792
337.88
337.768
337.856
337.944
337.832
337.92
337.808
337.896
337.784
337.872
337.76
337.848
337.936
337.824
337.912
337.8
337.888
337.776
337.864
337.752
337.84
337.928
337.816
337.904
337.792
337.88
337.768
337.856
337.944
337.832
337.92
337.808
337.896
337.784
337.872
337.76
337.848
337.936
337.824
337.912
337.8
337.888
337.776
337.864
337.752
337.84
337.928
337.816
337.904
337.792
337.88
337.768
337.856
337.944
337.832
337.92
337.808
337.896
337.784
337.872
337.76
337.848
337.936
337.824
337.912
337.8
337.888
337.776
337.864
337.752
337.84
337.928
337.816
337.904
337.792
337.88
337.768
337.856
337.944
337.832
337.92
337.808
337.896
337.784
337.872
337.76
337.848
337.936
337.824
337.912
337.8
337.888
337.776
337.864
337.752
337.84
337.928
337.816
337.904
337.792
337.88
337.768
337.856
337.944
337.832
337.92
337.808
337.896
337.784
337.872
337.76
337.848
337.936
337.824
337.912
337.8
337.888
337.776
337.864
337.752
337.84
337.928
337.816
337.904
337.792
337.88
337.768
337.856
337.944
337.832
337.92
337.808
337.896
337.784
337.872
337.76
337.848
337.936
337.824
337.912
337.8
337.888
337.776
337.864
337.752
337.84
337.928
337.816
337.904
337.792
337.88
337.768
337.856
337.944
337.832
337.92
337.808
337.896
337.784
337.872
337.76
337.848
337.936
337.824
337.912
337.8
337.888
337.776
337.864
337.752
337.84
337.928
337.816
337.904
337.792
337.88
337.768
337.856
337.944
337.832
337.92
337.808
337.896
337.784
337.872
337.76
337.848
337.936
337.824
337.912
337.8
337.888
337.776
337.864
337.752
337.84
337.928
337.816
337.904
337.792
337.88
337.768
337.856
337.944
337.832
337.92
337.808
337.896
337.784
337.872
337.76
337.848
337.936
337.824
337.912
337.8
337.888
337.776
337.864
337.752
337.84
337.928
337.816
337.904
337.792
337.88
337.768
337.856
337.944
337.832
337.92
337.808
337.896
337.784
337.872
337.76
337.848
337.936
337.824
337.912
337.8
337.888
337.776
337.864
337.752
337.84
337.928
337.816
337.904
337.792
337.88
337.768
337.856
337.944
337.832
337.92
337.808
337.896
337.784
337.872
337.76
337.848
337.936
337.824
337.912
337.8
337.888
337.776
337.864
337.752
337.84
337.928
337.816
337.904
337.792
337.88
337.768
337.856
337.944
337.832
337.92
337.808
337.896
337.784
337.872
337.76
337.848
337.936
337.824
337.912
337.8
337.888
337.776
337.864
337.752
337.84
337.928
337.816
337.904
337.792
337.88
337.768
337.856
337.944
337.832
337.92
337.808
337.896
337.784
337.872
337.76
337.848
337.936
337.824
337.912
337.8
337.888
337.776
337.864
337.752
337.84
337.928
337.816
337.904
337.792
337.88
337.768
337.856
337.944
337.832
337.92
337.808
337.896
337.784
337.872
337.76
337.848
337.936
337.824
337.912
337.8
337.888
337.776
337.864
337.752
337.84
337.928
337.816
337.904
337.792
337.88
337.768
337.856
337.944
337.832
337.92
337.808
337.896
337.784
337.872
337.76
337.848
337.936
337.824
337.912
337.8
337.888
337.776
337.864
337.752
337.84
337.928
337.816
337.904
337.792
337.88
337.768
337.856
337.944
337.832
337.92
337.808
337.896
337.784
337.872
337.76
337.848
337.936
337.824
337.912
337.8
337.888
337.776
337.864
337.752
337.84
337.928
337.816
337.904
337.792
337.88
337.768
337.856
337.944
337.832
337.92
337.808
337.896
337.784
337.872
337.76
337.848
337.936
337.824
337.912
337.8
337.888
337.776
337.864
337.752
337.84
337.928
337.816
337.904
337.792
337.88
337.768
337.856
337.944
337.832
337.92
337.808
337.896
337.784
337.872
337.76
337.848
337.936
337.824
337.912
337.8
337.888
337.776
337.864
337.752
337.84
337.928
337.816
337.904
337.792
337.88
337.768
337.856
337.944
337.832
337.92
337.808
337.896
337.784
337.872
337.76
337.848
337.936
337.824
337.912
337.8
337.888
337.776
337.864
337.752
337.84
337.928
337.816
337.904
337.792
337.88
337.768
337.856
337.944
337.832
337.92
337.808
337.896
337.784
337.872
337.76
337.848
337.936
337.824
337.912
337.8
337.888
337.776
337.864
337.752
337.84
337.928
337.816
337.904
337.792
337.88
337.768
337.856
337.944
337.832
337.92
337.808
337.896
337.784
337.872
337.76
337.848
337.936
337.824
337.912
337.8
337.888
337.776
337.864
337.752
337.84
337.928
337.816
337.904
337.792
337.88
337.768
337.856
337.944
337.832
337.92
337.808
337.896
337.784
337.872
337.76
337.848
337.936
337.824
337.912
337.8
337.888
337.776
337.864
337.752
337.84
337.928
337.816
337.904
337.792
337.88
337.768
337.856
337.944
337.832
337.92
337.808
337.896
337.784
337.872
337.76
337.848
337.936
337.824
337.912
337.8
337.888
337.776
337.864
337.752
337.84
337.928
337.816
337.904
337.792
337.88
337.768
337.856
337.944
337.832
337.92
337.808
337.896
337.784
337.872
337.76
337.848
337.936
337.824
337.912
337.8
337.888
337.776
337.864
337.752
337.84
337.928
337.816
337.904
337.792
337.88
337.768
337.856
337.944
337.832
337.92
337.808
337.896
337.784
337.872
337.76
337.848
337.936
337.824
337.912
337.8
337.888
337.776
337.864
337.752
337.84
337.928
337.816
337.904
337.792
337.88
337.768
337.856
337.944
337.832
337.92
337.808
337.896
337.784
337.872
337.76
337.848
337.936
337.824
337.912
337.8
337.888
337.776
337.864
337.752
337.84
337.928
337.816
337.904
337.792
337.88
337.768
337.856
337.944
337.832
337.92
337.808
337.896
337.784
337.872
337.76
337.848
337.936
337.824
337.912
337.8
337.888
337.776
337.864
337.752
337.84
337.928
337.816
337.904
337.792
337.88
337.768
337.856
337.944
337.832
337.92
337.808
337.896
337.784
337.872
337.76
337.848
337.936
337.824
337.912
337.8
337.888
337.776
337.864
337.752
337.84
337.928
337.816
337.904
337.792
337.88
337.768
337.856
337.944
337.832
337.92
337.808
337.896
337.784
337.872
337.76
337.848
337.936
337.824
337.912
337.8
337.888
337.776
337.864
337.752
337.84
337.928
337.816
337.904
337.792
337.88
337.768
337.856
337.944
337.832
337.92
337.808
337.896
337.784
337.872
337.76
337.848
337.936
337.824
337.912
337.8
337.888
337.776
337.864
337.752
337.84
337.928
337.816
337.904
337.792
337.88
337.768
337.856
337.944
337.832
337.92
337.808
337.896
337.784
337.872
337.76
337.848
337.936
337.824
337.912
337.8
337.888
337.776
337.864
337.752
337.84
337.928
337.816
337.904
337.792
337.88
337.768
337.856
337.944
337.832
337.92
337.808
337.896
337.784
337.872
337.76
337.848
337.936
337.824
337.912
337.8
337.888
337.776
337.864
337.752
337.84
337.928
337.816
337.904
337.792
337.88
337.768
337.856
337.944
337.832
337.92
337.808
337.896
337.784
337.872
337.76
337.848
337.936
337.824
337.912
337.8
337.888
337.776
337.864
337.752
337.84
337.928
337.816
337.904
337.792
337.88
337.768
337.856
337.944
337.832
337.92
337.808
337.896
337.784
337.872
337.76
337.848
337.936
337.824
337.912
337.8
337.888
337.776
337.864
337.752
337.84
337.928
337.816
337.904
337.792
337.88
337.768
337.856
337.944
337.832
337.92
337.808
337.896
337.784
337.872
337.76
337.848
337.936
337.824
337.912
337.8
337.888
337.776
337.864
337.752
337.84
337.928
337.816
337.904
337.792
337.88
337.768
337.856
337.944
337.832
337.92
337.808
337.896
337.784
337.872
337.76
337.848
337.936
337.824
337.912
337.8
337.888
337.776
337.864
337.752
337.84
337.928
337.816
337.904
337.792
337.88
337.768
337.856
337.944
337.832
337.92
337.808
337.896
337.784
337.872
337.76
337.848
337.936
337.824
337.912
337.8
337.888
337.776
337.864
337.752
337.84
337.928
337.816
337.904
337.792
337.88
337.768
337.856
337.944
337.832
337.92
337.808
337.896
337.784
337.872
337.76
337.848
337.936
337.824
337.912
337.8
337.888
337.776
337.864
337.752
337.84
337.928
337.816
337.904
337.792
337.88
337.768
337.856
337.944
337.832
337.92
337.808
337.896
337.784
337.872
337.76
337.848
337.936
337.824
337.912
337.8
337.888
337.776
337.864
337.752
337.84
337.928
337.816
337.904
337.792
337.88
337.768
337.856
337.944
337.832
337.92
337.808
337.896
337.784
337.872
337.76
337.848
337.936
337.824
337.912
337.8
337.888
337.776
337.864
337.752
337.84
337.928
337.816
337.904
337.792
337.88
337.768
337.856
337.944
337.832
337.92
337.808
337.896
337.784
337.872
337.76
337.848
337.936
337.824
337.912
337.8
337.888
337.776
337.864
337.752
337.84
337.928
337.816
337.904
337.792
337.88
337.768
337.856
337.944
337.832
337.92
337.808
337.896
337.784
337.872
337.76
337.848
337.936
337.824
337.912
337.8
337.888
337.776
337.864
337.752
337.84
337.928
337.816
337.904
337.792
337.88
337.768
337.856
337.944
337.832
337.92
337.808
337.896
337.784
337.872
337.76
337.848
337.936
337.824
337.912
337.8
337.888
337.776
337.864
337.752
337.84
337.928
337.816
337.904
337.792
337.88
337.768
337.856
337.944
337.832
337.92
337.808
337.896
337.784
337.872
337.76
337.848
337.936
337.824
337.912
337.8
337.888
337.776
337.864
337.752
337.84
337.928
337.816
337.904
337.792
337.88
337.768
337.856
337.944
337.832
337.92
337.808
337.896
337.784
337.872
337.76
337.848
337.936
337.824
337.912
337.8
337.888
337.776
337.864
337.752
337.84
337.928
337.816
337.904
337.792
337.88
337.768
337.856
337.944
337.832
337.92
337.808
337.896
337.784
337.872
337.76
337.848
337.936
337.824
337.912
337.8
337.888
337.776
337.864
337.752
337.84
337.928
337.816
337.904
337.792
337.88
337.768
337.856
337.944
337.832
337.92
337.808
337.896
337.784
337.872
337.76
337.848
337.936
337.824
337.912
337.8
337.888
337.776
337.864
337.752
337.84
337.928
337.816
337.904
337.792
337.88
337.768
337.856
337.944
337.832
337.92
337.808
337.896
337.784
337.872
337.76
337.848
337.936
337.824
337.912
337.8
337.888
337.776
337.864
337.752
337.84
337.928
337.816
337.904
337.792
337.88
337.768
337.856
337.944
337.832
337.92
337.808
337.896
337.784
337.872
337.76
337.848
337.936
337.824
337.912
337.8
337.888
337.776
337.864
337.752
337.84
337.928
337.816
337.904
337.792
337.88
337.768
337.856
337.944
337.832
337.92
337.808
337.896
337.784
337.872
337.76
337.848
337.936
337.824
337.912
337.8
337.888
337.776
337.864
337.752
337.84
337.928
337.816
337.904
337.792
337.88
337.768
337.856
337.944
337.832
337.92
337.808
337.896
337.784
337.872
337.76
337.848
337.936
337.824
337.912
337.8
337.888
337.776
337.864
337.752
337.84
337.928
337.816
337.904
337.792
337.88
337.768
337.856
337.944
337.832
337.92
337.808
337.896
337.784
337.872
337.76
337.848
337.936
337.824
337.912
337.8
337.888
337.776
337.864
337.752
337.84
337.928
337.816
337.904
337.792
337.88
337.768
337.856
337.944
337.832
337.92
337.808
337.896
337.784
337.872
337.76
337.848
337.936
337.824
337.912
337.8
337.888
337.776
337.864
337.752
337.84
337.928
337.816
337.904
337.792
337.88
337.768
337.856
337.944
337.832
337.92
337.808
337.896
337.784
337.872
337.76
337.848
337.936
337.824
337.912
337.8
337.888
337.776
337.864
337.752
337.84
337.928
337.816
337.904
337.792
337.88
337.768
337.856
337.944
337.832
337.92
337.808
337.896
337.784
337.872
337.76
337.848
337.936
337.824
337.912
337.8
337.888
337.776
337.864
337.752
337.84
337.928
337.816
337.904
337.792
337.88
337.768
337.856
337.944
337.832
337.92
337.808
337.896
337.784
337.872
337.76
337.848
337.936
337.824
337.912
337.8
337.888
337.776
337.864
337.752
337.84
337.928
337.816
337.904
337.792
337.88
337.768
337.856
337.944
337.832
337.92
337.808
337.896
337.784
337.872
337.76
337.848
337.936
337.824
337.912
337.8
337.888
337.776
337.864
337.752
337.84
337.928
337.816
337.904
337.792
337.88
337.768
337.856
337.944
337.832
337.92
337.808
337.896
337.784
337.872
337.76
337.848
337.936
337.824
337.912
337.8
337.888
337.776
337.864
337.752
337.84
337.928
337.816
337.904
337.792
337.88
337.768
337.856
337.944
337.832
337.92
337.808
337.896
337.784
337.872
337.76
337.848
337.936
337.824
337.912
337.8
337.888
337.776
337.864
337.752
337.84
337.928
337.816
337.904
337.792
337.88
337.768
337.856
337.944
337.832
337.92
337.808
337.896
337.784
337.872
337.76
337.848
337.936
337.824
337.912
337.8
337.888
337.776
337.864
337.752
337.84
337.928
337.816
337.904
337.792
337.88
337.768
337.856
337.944
337.832
337.92
337.808
337.896
337.784
337.872
337.76
337.848
337.936
337.824
337.912
337.8
337.888
337.776
337.864
337.752
337.84
337.928
337.816
337.904
337.792
337.88
337.768
337.856
337.944
337.832
337.92
337.808
337.896
337.784
337.872
337.76
337.848
337.936
337.824
337.912
337.8
337.888
337.776
337.864
337.752
337.84
337.928
337.816
337.904
337.792
337.88
337.768
337.856
337.944
337.832
337.92
337.808
337.896
337.784
337.872
337.76
337.848
337.936
337.824
337.912
337.8
337.888
337.776
337.864
337.752
337.84
337.928
337.816
337.904
337.792
337.88
337.768
337.856
337.944
337.832
337.92
337.808
337.896
337.784
337.872
337.76
337.848
337.936
337.824
337.912
337.8
337.888
337.776
337.864
337.752
337.84
337.928
337.816
337.904
337.792
337.88
337.768
337.856
337.944
337.832
337.92
337.808
337.896
337.784
337.872
337.76
337.848
337.936
337.824
337.912
337.8
337.888
337.776
337.864
337.752
337.84
337.928
337.816
337.904
337.792
337.88
337.768
337.856
337.944
337.832
337.92
337.808
337.896
337.784
337.872
337.76
337.848
337.936
337.824
337.912
337.8
337.888
337.776
337.864
337.752
337.84
337.928
337.816
337.904
337.792
337.88
337.768
337.856
337.944
337.832
337.92
337.808
337.896
337.784
337.872
337.76
337.848
337.936
337.824
337.912
337.8
337.888
337.776
337.864
337.752
337.84
337.928
337.816
337.904
337.792
337.88
337.768
337.856
337.944
337.832
337.92
337.808
337.896
337.784
337.872
337.76
337.848
337.936
337.824
337.912
337.8
337.888
337.776
337.864
337.752
337.84
337.928
337.816
337.904
337.792
337.88
337.768
337.856
337.944
337.832
337.92
337.808
337.896
337.784
337.872
337.76
337.848
337.936
337.824
337.912
337.8
337.888
337.776
337.864
337.752
337.84
337.928
337.816
337.904
337.792
337.88
337.768
337.856
337.944
337.832
337.92
337.808
337.896
337.784
337.872
337.76
337.848
337.936
337.824
337.912
337.8
337.888
337.776
337.864
337.752
337.84
337.928
337.816
337.904
337.792
337.88
337.768
337.856
337.944
337.832
337.92
337.808
337.896
337.784
337.872
337.76
337.848
337.936
337.824
337.912
337.8
337.888
337.776
337.864
337.752
337.84
337.928
337.816
337.904
337.792
337.88
337.768
337.856
337.944
337.832
337.92
337.808
337.896
337.784
337.872
337.76
337.848
337.936
337.824
337.912
337.8
337.888
337.776
337.864
337.752
337.84
337.928
337.816
337.904
337.792
337.88
337.768
337.856
337.944
337.832
337.92
337.808
337.896
337.784
337.872
337.76
337.848
337.936
337.824
337.912
337.8
337.888
337.776
337.864
337.752
337.84
337.928
337.816
337.904
337.792
337.88
337.768
337.856
337.944
337.832
337.92
337.808
337.896
337.784
337.872
337.76
337.848
337.936
337.824
337.912
337.8
337.888
337.776
337.864
337.752
337.84
337.928
337.816
337.904
337.792
337.88
337.768
337.856
337.944
337.832
337.92
337.808
337.896
337.784
337.872
337.76
337.848
337.936
337.824
337.912
337.8
337.888
337.776
337.864
337.752
337.84
337.928
337.816
337.904
337.792
337.88
337.768
337.856
337.944
337.832
337.92
337.808
337.896
337.784
337.872
337.76
337.848
337.936
337.824
337.912
337.8
337.888
337.776
337.864
337.752
337.84
337.928
337.816
337.904
337.792
337.88
337.768
337.856
337.944
337.832
337.92
337.808
337.896
337.784
337.872
337.76
337.848
337.936
337.824
337.912
337.8
337.888
337.776
337.864
337.752
337.84
337.928
337.816
337.904
337.792
337.88
337.768
337.856
337.944
337.832
337.92
337.808
337.896
337.784
337.872
337.76
337.848
337.936
337.824
337.912
337.8
337.888
337.776
337.864
337.752
337.84
337.928
337.816
337.904
337.792
337.88
337.768
337.856
337.944
337.832
337.92
337.808
337.896
337.784
337.872
337.76
337.848
337.936
337.824
337.912
337.8
337.888
337.776
337.864
337.752
337.84
337.928
337.816
337.904
337.792
337.88
337.768
337.856
337.944
337.832
337.92
337.808
337.896
337.784
337.872
337.76
337.848
337.936
337.824
337.912
337.8
337.888
337.776
337.864
337.752
337.84
337.928
337.816
337.904
337.792
337.88
337.768
337.856
337.944
337.832
337.92
337.808
337.896
337.784
337.872
337.76
337.848
337.936
337.824
337.912
337.8
337.888
337.776
337.864
337.752
337.84
337.928
337.816
337.904
337.792
337.88
337.768
337.856
337.944
337.832
337.92
337.808
337.896
337.784
337.872
337.76
337.848
337.936
337.824
337.912
337.8
337.888
337.776
337.864
337.752
337.84
337.928
337.816
337.904
337.792
337.88
337.768
337.856
337.944
337.832
337.92
337.808
337.896
337.784
337.872
337.76
337.848
337.936
337.824
337.912
337.8
337.888
337.776
337.864
337.752
337.84
337.928
337.816
337.904
337.792
337.88
337.768
337.856
337.944
337.832
337.92
337.808
337.896
337.784
337.872
337.76
337.848
337.936
337.824
337.912
337.8
337.888
337.776
337.864
337.752
337.84
337.928
337.816
337.904
337.792
337.88
337.768
337.856
337.944
337.832
337.92
337.808
337.896
337.784
337.872
337.76
337.848
337.936
337.824
337.912
337.8
337.888
337.776
337.864
337.752
337.84
337.928
337.816
337.904
337.792
337.88
337.768
337.856
337.944
337.832
337.92
337.808
337.896
337.784
337.872
337.76
337.848
337.936
337.824
337.912
337.8
337.888
337.776
337.864
337.752
337.84
337.928
337.816
337.904
337.792
337.88
337.768
337.856
337.944
337.832
337.92
337.808
337.896
337.784
337.872
337.76
337.848
337.936
337.824
337.912
337.8
337.888
337.776
337.864
337.752
337.84
337.928
337.816
337.904
337.792
337.88
337.768
337.856
337.944
337.832
337.92
337.808
337.896
337.784
337.872
337.76
337.848
337.936
337.824
337.912
337.8
337.888
337.776
337.864
337.752
337.84
337.928
337.816
337.904
337.792
337.88
337.768
337.856
337.944
337.832
337.92
337.808
337.896
337.784
337.872
337.76
337.848
337.936
337.824
337.912
337.8
337.888
337.776
337.864
337.752
337.84
337.928
337.816
337.904
337.792
337.88
337.768
337.856
337.944
337.832
337.92
337.808
337.896
337.784
337.872
337.76
337.848
337.936
337.824
337.912
337.8
337.888
337.776
337.864
337.752
337.84
337.928
337.816
337.904
337.792
337.88
337.768
337.856
337.944
337.832
337.92
337.808
337.896
337.784
337.872
337.76
337.848
337.936
337.824
337.912
337.8
337.888
337.776
337.864
337.752
337.84
337.928
337.816
337.904
337.792
337.88
337.768
337.856
337.944
337.832
337.92
337.808
337.896
337.784
337.872
337.76
337.848
337.936
337.824
337.912
337.8
337.888
337.776
337.864
337.752
337.84
337.928
337.816
337.904
337.792
337.88
337.768
337.856
337.944
337.832
337.92
337.808
337.896
337.784
337.872
337.76
337.848
337.936
337.824
337.912
337.8
337.888
337.776
337.864
337.752
337.84
337.928
337.816
337.904
337.792
337.88
337.768
337.856
337.944
337.832
337.92
337.808
337.896
337.784
337.872
337.76
337.848
337.936
337.824
337.912
337.8
337.888
337.776
337.864
337.752
337.84
337.928
337.816
337.904
337.792
337.88
337.768
337.856
337.944
337.832
337.92
337.808
337.896
337.784
337.872
337.76
337.848
337.936
337.824
337.912
337.8
337.888
337.776
337.864
337.752
337.84
337.928
337.816
337.904
337.792
337.88
337.768
337.856
337.944
337.832
337.92
337.808
337.896
337.784
337.872
337.76
337.848
337.936
337.824
337.912
337.8
337.888
337.776
337.864
337.752
337.84
337.928
337.816
337.904
337.792
337.88
337.768
337.856
337.944
337.832
337.92
337.808
337.896
337.784
337.872
337.76
337.848
337.936
337.824
337.912
337.8
337.888
337.776
337.864
337.752
337.84
337.928
337.816
337.904
337.792
337.88
337.768
337.856
337.944
337.832
337.92
337.808
337.896
337.784
337.872
337.76
337.848
337.936
337.824
337.912
337.8
337.888
337.776
337.864
337.752
337.84
337.928
337.816
337.904
337.792
337.88
337.768
337.856
337.944
337.832
337.92
337.808
337.896
337.784
337.872
337.76
337.848
337.936
337.824
337.912
337.8
337.888
337.776
337.864
337.752
337.84
337.928
337.816
337.904
337.792
337.88
337.768
337.856
337.944
337.832
337.92
337.808
337.896
337.784
337.872
337.76
337.848
337.936
337.824
337.912
337.8
337.888
337.776
337.864
337.752
337.84
337.928
337.816
337.904
337.792
337.88
337.768
337.856
337.944
337.832
337.92
337.808
337.896
337.784
337.872
337.76
337.848
337.936
337.824
337.912
337.8
337.888
337.776
337.864
337.752
337.84
337.928
337.816
337.904
337.792
337.88
337.768
337.856
337.944
337.832
337.92
337.808
337.896
337.784
337.872
337.76
337.848
337.936
337.824
337.912
337.8
337.888
337.776
337.864
337.752
337.84
337.928
337.816
337.904
337.792
337.88
337.768
337.856
337.944
337.832
337.92
337.808
337.896
337.784
337.872
337.76
337.848
337.936
337.824
337.912
337.8
337.888
337.776
337.864
337.752
337.84
337.928
337.816
337.904
337.792
337.88
337.768
337.856
337.944
337.832
337.92
337.808
337.896
337.784
337.872
337.76
337.848
337.936
337.824
337.912
337.8
337.888
337.776
337.864
337.752
337.84
337.928
337.816
337.904
337.792
337.88
337.768
337.856
337.944
337.832
337.92
337.808
337.896
337.784
337.872
337.76
337.848
337.936
337.824
337.912
337.8
337.888
337.776
337.864
337.752
337.84
337.928
337.816
337.904
337.792
337.88
337.768
337.856
337.944
337.832
337.92
337.808
337.896
337.784
337.872
337.76
337.848
337.936
337.824
337.912
337.8
337.888
337.776
337.864
337.752
337.84
337.928
337.816
337.904
337.792
337.88
337.768
337.856
337.944
337.832
337.92
337.808
337.896
337.784
337.872
337.76
337.848
337.936
337.824
337.912
337.8
337.888
337.776
337.864
337.752
337.84
337.928
337.816
337.904
337.792
337.88
337.768
337.856
337.944
337.832
337.92
337.808
337.896
337.784
337.872
337.76
337.848
337.936
337.824
337.912
337.8
337.888
337.776
337.864
337.752
337.84
337.928
337.816
337.904
337.792
337.88
337.768
337.856
337.944
337.832
337.92
337.808
337.896
337.784
337.872
337.76
337.848
337.936
337.824
337.912
337.8
337.888
337.776
337.864
337.752
337.84
337.928
337.816
337.904
337.792
337.88
337.768
337.856
337.944
337.832
337.92
337.808
337.896
337.784
337.872
337.76
337.848
337.936
337.824
337.912
337.8
337.888
337.776
337.864
337.752
337.84
337.928
337.816
337.904
337.792
337.88
337.768
337.856
337.944
337.832
337.92
337.808
337.896
337.784
337.872
337.76
337.848
337.936
337.824
337.912
337.8
337.888
337.776
337.864
337.752
337.84
337.928
337.816
337.904
337.792
337.88
337.768
337.856
337.944
337.832
337.92
337.808
337.896
337.784
337.872
337.76
337.848
337.936
337.824
337.912
337.8
337.888
337.776
337.864
337.752
337.84
337.928
337.816
337.904
337.792
337.88
337.768
337.856
337.944
337.832
337.92
337.808
337.896
337.784
337.872
337.76
337.848
337.936
337.824
337.912
337.8
337.888
337.776
337.864
337.752
337.84
337.928
337.816
337.904
337.792
337.88
337.768
337.856
337.944
337.832
337.92
337.808
337.896
337.784
337.872
337.76
337.848
337.936
337.824
337.912
337.8
337.888
337.776
337.864
337.752
337.84
337.928
337.816
337.904
337.792
337.88
337.768
337.856
337.944
337.832
337.92
337.808
337.896
337.784
337.872
337.76
337.848
337.936
337.824
337.912
337.8
337.888
337.776
337.864
337.752
337.84
337.928
337.816
337.904
337.792
337.88
337.768
337.856
337.944
337.832
337.92
337.808
337.896
337.784
337.872
337.76
337.848
337.936
337.824
337.912
337.8
337.888
337.776
337.864
337.752
337.84
337.928
337.816
337.904
337.792
337.88
337.768
337.856
337.944
337.832
337.92
337.808
337.896
337.784
337.872
337.76
337.848
337.936
337.824
337.912
337.8
337.888
337.776
337.864
337.752
337.84
337.928
337.816
337.904
337.792
337.88
337.768
337.856
337.944
337.832
337.92
337.808
337.896
337.784
337.872
337.76
337.848
337.936
337.824
337.912
337.8
337.888
337.776
337.864
337.752
337.84
337.928
337.816
337.904
337.792
337.88
337.768
337.856
337.944
337.832
337.92
337.808
337.896
337.784
337.872
337.76
337.848
337.936
337.824
337.912
337.8
337.888
337.776
337.864
337.752
337.84
337.928
337.816
337.904
337.792
337.88
337.768
337.856
337.944
337.832
337.92
337.808
337.896
337.784
337.872
337.76
337.848
337.936
337.824
337.912
337.8
337.888
337.776
337.864
337.752
337.84
337.928
337.816
337.904
337.792
337.88
337.768
337.856
337.944
337.832
337.92
337.808
337.896
337.784
337.872
337.76
337.848
337.936
337.824
337.912
337.8
337.888
337.776
337.864
337.752
337.84
337.928
337.816
337.904
337.792
337.88
337.768
337.856
337.944
337.832
337.92
337.808
337.896
337.784
337.872
337.76
337.848
337.936
337.824
337.912
337.8
337.888
337.776
337.864
337.752
337.84
337.928
337.816
337.904
337.792
337.88
337.768
337.856
337.944
337.832
337.92
337.808
337.896
337.784
337.872
337.76
337.848
337.936
337.824
337.912
337.8
337.888
337.776
337.864
337.752
337.84
337.928
337.816
337.904
337.792
337.88
337.768
337.856
337.944
337.832
337.92
337.808
337.896
337.784
337.872
337.76
337.848
337.936
337.824
337.912
337.8
337.888
337.776
337.864
337.752
337.84
337.928
337.816
337.904
337.792
337.88
337.768
337.856
337.944
337.832
337.92
337.808
337.896
337.784
337.872
337.76
337.848
337.936
337.824
337.912
337.8
337.888
337.776
337.864
337.752
337.84
337.928
337.816
337.904
337.792
337.88
337.768
337.856
337.944
337.832
337.92
337.808
337.896
337.784
337.872
337.76
337.848
337.936
337.824
337.912
337.8
337.888
337.776
337.864
337.752
337.84
337.928
337.816
337.904
337.792
337.88
337.768
337.856
337.944
337.832
337.92
337.808
337.896
337.784
337.872
337.76
337.848
337.936
337.824
337.912
337.8
337.888
337.776
337.864
337.752
337.84
337.928
337.816
337.904
337.792
337.88
337.768
337.856
337.944
337.832
337.92
337.808
337.896
337.784
337.872
337.76
337.848
337.936
337.824
337.912
337.8
337.888
337.776
337.864
337.752
337.84
337.928
337.816
337.904
337.792
337.88
337.768
337.856
337.944
337.832
337.92
337.808
337.896
337.784
337.872
337.76
337.848
337.936
