18.44
18.488
18.536
18.584
18.632
18.68
18.728
18.776
18.824
18.872
18.92
18.968
19.016
19.064
19.112
19.16
19.208
19.256
19.304
19.352
19.4
19.448
19.496
19.544
19.592
19.64
19.688
19.736
19.784
19.832
19.88
19.928
19.976
20.024
20.072
20.12
20.168
20.216
20.264
20.312
20.36
20.408
20.456
20.504
20.552
20.6
20.648
20.696
20.744
20.792
20.84
20.888
20.936
20.984
21.032
21.08
21.128
21.176
21.224
21.272
21.32
21.368
21.416
21.464
21.512
21.56
21.608
21.656
21.704
21.752
21.8
21.848
21.896
21.944
21.992
22.04
22.088
22.136
22.184
22.232
22.28
22.328
22.376
22.424
22.472
22.52
22.568
22.616
22.664
22.712
22.76
22.808
22.856
22.904
22.952
23
23.048
23.096
23.144
23.192
23.24
23.288
23.336
23.384
23.432
23.48
23.528
23.576
23.624
23.672
23.72
23.768
23.816
23.864
23.912
23.96
24.008
24.056
24.104
24.152
24.2
24.248
24.296
24.344
24.392
24.44
24.488
24.536
24.584
24.632
24.68
24.728
24.776
24.824
24.872
24.92
24.968
25.016
25.064
25.112
25.16
25.208
25.256
25.304
25.352
25.4
25.448
25.496
25.544
25.592
25.64
25.688
25.736
25.784
25.832
25.88
25.928
25.976
26.024
26.072
26.12
26.168
26.216
26.264
26.312
26.36
26.408
26.456
26.504
26.552
26.6
26.648
26.696
26.744
26.792
26.84
26.888
26.936
26.984
27.032
27.08
27.128
27.176
27.224
27.272
27.32
27.368
27.416
27.464
27.512
27.56
27.608
27.656
27.704
27.752
27.8
27.848
27.896
27.944
27.992
28.04
28.088
28.136
28.184
28.232
28.28
28.328
28.376
28.424
28.472
28.52
28.568
28.616
28.664
28.712
28.76
28.808
28.856
28.904
28.952
29
29.048
29.096
29.144
29.192
29.24
29.288
29.336
29.384
29.432
29.48
29.528
29.576
29.624
29.672
29.72
29.768
29.816
29.864
29.912
29.96
30.008
30.056
30.104
30.152
30.2
30.248
30.296
30.344
30.392
30.44
30.488
30.536
30.584
30.632
30.68
30.728
30.776
30.824
30.872
30.92
30.968
31.016
31.064
31.112
31.16
31.208
31.256
31.304
31.352
31.4
31.448
31.496
31.544
31.592
31.64
31.688
31.736
31.784
31.832
31.88
31.928
31.976
32.024
32.072
32.12
32.168
32.216
32.264
32.312
32.36
32.408
32.456
32.504
32.552
32.6
32.648
32.696
32.744
32.792
32.84
32.888
32.936
32.984
33.032
33.08
33.128
33.176
33.224
33.272
33.32
33.368
33.416
33.464
33.512
33.56
33.608
33.656
33.704
33.752
33.8
33.848
33.896
33.944
33.992
34.04
34.088
34.136
34.184
34.232
34.28
34.328
34.376
34.424
34.472
34.52
34.568
34.616
34.664
34.712
34.76
34.808
34.856
34.904
34.952
35
35.048
35.096
35.144
35.192
35.24
35.288
35.336
35.384
35.432
35.48
35.528
35.576
35.624
35.672
35.72
35.768
35.816
35.864
35.912
35.96
36.008
36.056
36.104
36.152
36.2
36.248
36.296
36.344
36.392
36.44
36.488
36.536
36.584
36.632
36.68
36.728
36.776
36.824
36.872
36.92
36.968
37.016
37.064
37.112
37.16
37.208
37.256
37.304
37.352
37.4
37.448
37.496
37.544
37.592
37.64
37.688
37.736
37.784
37.832
37.88
37.928
37.976
38.024
38.072
38.12
38.168
38.216
38.264
38.312
38.36
38.408
38.456
38.504
38.552
38.6
38.648
38.696
38.744
38.792
38.84
38.888
38.936
38.984
39.032
39.08
39.128
39.176
39.224
39.272
39.32
39.368
39.416
39.464
39.512
39.56
39.608
39.656
39.704
39.752
39.8
39.848
39.896
39.944
39.992
40.04
40.088
40.136
40.184
40.232
40.28
40.328
40.376
40.424
40.472
40.52
40.568
40.616
40.664
40.712
40.76
40.808
40.856
40.904
40.952
41
41.048
41.096
41.144
41.192
41.24
41.288
41.336
41.384
41.432
41.48
41.528
41.576
41.624
41.672
41.72
41.768
41.816
41.864
41.912
41.96
42.008
42.056
42.104
42.152
42.2
42.248
42.296
42.344
42.392
42.44
42.488
42.536
42.584
42.632
42.68
42.728
42.776
42.824
42.872
42.92
42.968
43.016
43.064
43.112
43.16
43.208
43.256
43.304
43.352
43.4
43.448
43.496
43.544
43.592
43.64
43.688
43.736
43.784
43.832
43.88
43.928
43.976
44.024
44.072
44.12
44.168
44.216
44.264
44.312
44.36
44.408
44.456
44.504
44.552
44.6
44.648
44.696
44.744
44.792
44.84
44.888
44.936
44.984
45.032
45.08
45.128
45.176
45.224
45.272
45.32
45.368
45.416
45.464
45.512
45.56
45.608
45.656
45.704
45.752
45.8
45.848
45.896
45.944
45.992
46.04
46.088
46.136
46.184
46.232
46.28
46.328
46.376
46.424
46.472
46.52
46.568
46.616
46.664
46.712
46.76
46.808
46.856
46.904
46.952
47
47.048
47.096
47.144
47.192
47.24
47.288
47.336
47.384
47.432
47.48
47.528
47.576
47.624
47.672
47.72
47.768
47.816
47.864
47.912
47.96
48.008
48.056
48.104
48.152
48.2
48.248
48.296
48.344
48.392
48.44
48.488
48.536
48.584
48.632
48.68
48.728
48.776
48.824
48.872
48.92
48.968
49.016
49.064
49.112
49.16
49.208
49.256
49.304
49.352
49.4
49.448
49.496
49.544
49.592
49.64
49.688
49.736
49.784
49.832
49.88
49.928
49.976
50.024
50.072
50.12
50.168
50.216
50.264
50.312
50.36
50.408
50.456
50.504
50.552
50.6
50.648
50.696
50.744
50.792
50.84
50.888
50.936
50.984
51.032
51.08
51.128
51.176
51.224
51.272
51.32
51.368
51.416
51.464
51.512
51.56
51.608
51.656
51.704
51.752
51.8
51.848
51.896
51.944
51.992
52.04
52.088
52.136
52.184
52.232
52.28
52.328
52.376
52.424
52.472
52.52
52.568
52.616
52.664
52.712
52.76
52.808
52.856
52.904
52.952
53
53.048
53.096
53.144
53.192
53.24
53.288
53.336
53.384
53.432
53.48
53.528
53.576
53.624
53.672
53.72
53.768
53.816
53.864
53.912
53.96
54.008
54.056
54.104
54.152
54.2
54.248
54.296
54.344
54.392
54.44
54.488
54.536
54.584
54.632
54.68
54.728
54.776
54.824
54.872
54.92
54.968
55.016
55.064
55.112
55.16
55.208
55.256
55.304
55.352
55.4
55.448
55.496
55.544
55.592
55.64
55.688
55.736
55.784
55.832
55.88
55.928
55.976
56.024
56.072
56.12
56.168
56.216
56.264
56.312
56.36
56.408
56.456
56.504
56.552
56.6
56.648
56.696
56.744
56.792
56.84
56.888
56.936
56.984
57.032
57.08
57.128
57.176
57.224
57.272
57.32
57.368
57.416
57.464
57.512
57.56
57.608
57.656
57.704
57.752
57.8
57.848
57.896
57.944
57.992
58.04
58.088
58.136
58.184
58.232
58.28
58.328
58.376
58.424
58.472
58.52
58.568
58.616
58.664
58.712
58.76
58.808
58.856
58.904
58.952
59
59.048
59.096
59.144
59.192
59.24
59.288
59.336
59.384
59.432
59.48
59.528
59.576
59.624
59.672
59.72
59.768
59.816
59.864
59.912
59.96
60.008
60.056
60.104
60.152
60.2
60.248
60.296
60.344
60.392
60.44
60.488
60.536
60.584
60.632
60.68
60.728
60.776
60.824
60.872
60.92
60.968
61.016
61.064
61.112
61.16
61.208
61.256
61.304
61.352
61.4
61.448
61.496
61.544
61.592
61.64
61.688
61.736
61.784
61.832
61.88
61.928
61.976
62.024
62.072
62.12
62.168
62.216
62.264
62.312
62.36
62.408
62.456
62.504
62.552
62.6
62.648
62.696
62.744
62.792
62.84
62.888
62.936
62.984
63.032
63.08
63.128
63.176
63.224
63.272
63.32
63.368
63.416
63.464
63.512
63.56
63.608
63.656
63.704
63.752
63.8
63.848
63.896
63.944
63.992
64.04
64.088
64.136
64.184
64.232
64.28
64.328
64.376
64.424
64.472
64.52
64.568
64.616
64.664
64.712
64.76
64.808
64.856
64.904
64.952
65
65.048
65.096
65.144
65.192
65.24
65.288
65.336
65.384
65.432
65.48
65.528
65.576
65.624
65.672
65.72
65.768
65.816
65.864
65.912
65.96
66.008
66.056
66.104
66.152
66.2
66.248
66.296
66.344
66.392
66.44
66.488
66.536
66.584
66.632
66.68
66.728
66.776
66.584
66.632
66.68
66.728
66.776
66.584
66.632
66.68
66.728
66.776
66.584
66.632
66.68
66.728
66.776
66.584
66.632
66.68
66.728
66.776
66.584
66.632
66.68
66.728
66.776
66.584
66.632
66.68
66.728
66.776
66.584
66.632
66.68
66.728
66.776
66.584
66.632
66.68
66.728
66.776
66.584
66.632
66.68
66.728
66.776
66.584
66.632
66.68
66.728
66.776
66.584
66.632
66.68
66.728
66.776
66.584
66.632
66.68
66.728
66.776
66.584
66.632
66.68
66.728
66.776
66.584
66.632
66.68
66.728
66.776
66.584
66.632
66.68
66.728
66.776
66.584
66.632
66.68
66.728
66.776
66.584
66.632
66.68
66.728
66.776
66.584
66.632
66.68
66.728
66.776
66.584
66.632
66.68
66.728
66.776
66.584
66.632
66.68
66.728
66.776
66.584
66.632
66.68
66.728
66.776
66.584
66.632
66.68
66.728
66.776
66.584
66.632
66.68
66.728
66.776
66.584
66.632
66.68
66.728
66.776
66.584
66.632
66.68
66.728
66.776
66.584
66.632
66.68
66.728
66.776
66.584
66.632
66.68
66.728
66.776
66.584
66.632
66.68
66.728
66.776
66.584
66.632
66.68
66.728
66.776
66.584
66.632
66.68
66.728
66.776
66.584
66.632
66.68
66.728
66.776
66.584
66.632
66.68
66.728
66.776
66.584
66.632
66.68
66.728
66.776
66.584
66.632
66.68
66.728
66.776
66.584
66.632
66.68
66.728
66.776
66.584
66.632
66.68
66.728
66.776
66.584
66.632
66.68
66.728
66.776
66.584
66.632
66.68
66.728
66.776
66.584
66.632
66.68
66.728
66.776
66.584
66.632
66.68
66.728
66.776
66.584
66.632
66.68
66.728
66.776
66.584
66.632
66.68
66.728
66.776
66.584
66.632
66.68
66.728
66.776
66.584
66.632
66.68
66.728
66.776
66.584
66.632
66.68
66.728
66.776
66.584
66.632
66.68
66.728
66.776
66.584
66.632
66.68
66.728
66.776
66.584
66.632
66.68
66.728
66.776
66.584
66.632
66.68
66.728
66.776
66.584
66.632
66.68
66.728
66.776
66.584
66.632
66.68
66.728
66.776
66.584
66.632
66.68
66.728
66.776
66.584
66.632
66.68
66.728
66.776
66.584
66.632
66.68
66.728
66.776
66.584
66.632
66.68
66.728
66.776
66.584
66.632
66.68
66.728
66.776
66.584
66.632
66.68
66.728
66.776
66.584
66.632
66.68
66.728
66.776
66.584
66.632
66.68
66.728
66.776
66.584
66.632
66.68
66.728
66.776
66.584
66.632
66.68
66.728
66.776
66.584
66.632
66.68
66.728
66.776
66.584
66.632
66.68
66.728
66.776
66.584
66.632
66.68
66.728
66.776
66.584
66.632
66.68
66.728
66.776
66.584
66.632
66.68
66.728
66.776
66.584
66.632
66.68
66.728
66.776
66.584
66.632
66.68
66.728
66.776
66.584
66.632
66.68
66.728
66.776
66.584
66.632
66.68
66.728
66.776
66.584
66.632
66.68
66.728
66.776
66.584
66.632
66.68
66.728
66.776
66.584
66.632
66.68
66.728
66.776
66.584
66.632
66.68
66.728
66.776
66.584
66.632
66.68
66.728
66.776
66.584
66.632
66.68
66.728
66.776
66.584
66.632
66.68
66.728
66.776
66.584
66.632
66.68
66.728
66.776
66.584
66.632
66.68
66.728
66.776
66.584
66.632
66.68
66.728
66.776
66.584
66.632
66.68
66.728
66.776
66.584
66.632
66.68
66.728
66.776
66.584
66.632
66.68
66.728
66.776
66.584
66.632
66.68
66.728
66.776
66.584
66.632
66.68
66.728
66.776
66.584
66.632
66.68
66.728
66.776
66.584
66.632
66.68
66.728
66.776
66.584
66.632
66.68
66.728
66.776
66.584
66.632
66.68
66.728
66.776
66.584
66.632
66.68
66.728
66.776
66.584
66.632
66.68
66.728
66.776
66.584
66.632
66.68
66.728
66.776
66.584
66.632
66.68
66.728
66.776
66.584
66.632
66.68
66.728
66.776
66.584
66.632
66.68
66.728
66.776
66.584
66.632
66.68
66.728
66.776
66.584
66.632
66.68
66.728
66.776
66.584
66.632
66.68
66.728
66.776
66.584
66.632
66.68
66.728
66.776
66.584
66.632
66.68
66.728
66.776
66.584
66.632
66.68
66.728
66.776
66.584
66.632
66.68
66.728
66.776
66.584
66.632
66.68
66.728
66.776
66.584
66.632
66.68
66.728
66.776
66.584
66.632
66.68
66.728
66.776
66.584
66.632
66.68
66.728
66.776
66.584
66.632
66.68
66.728
66.776
66.584
66.632
66.68
66.728
66.776
66.584
66.632
66.68
66.728
66.776
66.584
66.632
66.68
66.728
66.776
66.584
66.632
66.68
66.728
66.776
66.584
66.632
66.68
66.728
66.776
66.584
66.632
66.68
66.728
66.776
66.584
66.632
66.68
66.728
66.776
66.584
66.632
66.68
66.728
66.776
66.584
66.632
66.68
66.728
66.776
66.584
66.632
66.68
66.728
66.776
66.584
66.632
66.68
66.728
66.776
66.584
66.632
66.68
66.728
66.776
66.584
66.632
66.68
66.728
66.776
66.584
66.632
66.68
66.728
66.776
66.584
66.632
66.68
66.728
66.776
66.584
66.632
66.68
66.728
66.776
66.584
66.632
66.68
66.728
66.776
66.584
66.632
66.68
66.728
66.776
66.584
66.632
66.68
66.728
66.776
66.584
66.632
66.68
66.728
66.776
66.584
66.632
66.68
66.728
66.776
66.584
66.632
66.68
66.728
66.776
66.584
66.632
66.68
66.728
66.776
66.584
66.632
66.68
66.728
66.776
66.584
66.632
66.68
66.728
66.776
66.584
66.632
66.68
66.728
66.776
66.584
66.632
66.68
66.728
66.776
66.584
66.632
66.68
66.728
66.776
66.584
66.632
66.68
66.728
66.776
66.584
66.632
66.68
66.728
66.776
66.584
66.632
66.68
66.728
66.776
66.584
66.632
66.68
66.728
66.776
66.584
66.632
66.68
66.728
66.776
66.584
66.632
66.68
66.728
66.776
66.584
66.632
66.68
66.728
66.776
66.584
66.632
66.68
66.728
66.776
66.584
66.632
66.68
66.728
66.776
66.584
66.632
66.68
66.728
66.776
66.584
66.632
66.68
66.728
66.776
66.584
66.632
66.68
66.728
66.776
66.584
66.632
66.68
66.728
66.776
66.584
66.632
66.68
66.728
66.776
66.584
66.632
66.68
66.728
66.776
66.584
66.632
66.68
66.728
66.776
66.584
66.632
66.68
66.728
66.776
66.584
66.632
66.68
66.728
66.776
66.584
66.632
66.68
66.728
66.776
66.584
66.632
66.68
66.728
66.776
66.584
66.632
66.68
66.728
66.776
66.584
66.632
66.68
66.728
66.776
66.584
66.632
66.68
66.728
66.776
66.584
66.632
66.68
66.728
66.776
66.584
66.632
66.68
66.728
66.776
66.584
66.632
66.68
66.728
66.776
66.584
66.632
66.68
66.728
66.776
66.584
66.632
66.68
66.728
66.776
66.584
66.632
66.68
66.728
66.776
66.584
66.632
66.68
66.728
66.776
66.584
66.632
66.68
66.728
66.776
66.584
66.632
66.68
66.728
66.776
66.584
66.632
66.68
66.728
66.776
66.584
66.632
66.68
66.728
66.776
66.584
66.632
66.68
66.728
66.776
66.584
66.632
66.68
66.728
66.776
66.584
66.632
66.68
66.728
66.776
66.584
66.632
66.68
66.728
66.776
66.584
66.632
66.68
66.728
66.776
66.584
66.632
66.68
66.728
66.776
66.584
66.632
66.68
66.728
66.776
66.584
66.632
66.68
66.728
66.776
66.584
66.632
66.68
66.728
66.776
66.584
66.632
66.68
66.728
66.776
66.584
66.632
66.68
66.728
66.776
66.584
66.632
66.68
66.728
66.776
66.584
66.632
66.68
66.728
66.776
66.584
66.632
66.68
66.728
66.776
66.584
66.632
66.68
66.728
66.776
66.584
66.632
66.68
66.728
66.776
66.584
66.632
66.68
66.728
66.776
66.584
66.632
66.68
66.728
66.776
66.584
66.632
66.68
66.728
66.776
66.584
66.632
66.68
66.728
66.776
66.584
66.632
66.68
66.728
66.776
66.584
66.632
66.68
66.728
66.776
66.584
66.632
66.68
66.728
66.776
66.584
66.632
66.68
66.728
66.776
66.584
66.632
66.68
66.728
66.776
66.584
66.632
66.68
66.728
66.776
66.584
66.632
66.68
66.728
66.776
66.584
66.632
66.68
66.728
66.776
66.584
66.632
66.68
66.728
66.776
66.584
66.632
66.68
66.728
66.776
66.584
66.632
66.68
66.728
66.776
66.584
66.632
66.68
66.728
66.776
66.584
66.632
66.68
66.728
66.776
66.584
66.632
66.68
66.728
66.776
66.584
66.632
66.68
66.728
66.776
66.584
66.632
66.68
66.728
66.776
66.584
66.632
66.68
66.728
66.776
66.584
66.632
66.68
66.728
66.776
66.584
66.632
66.68
66.728
66.776
66.584
66.632
66.68
66.728
66.776
66.584
66.632
66.68
66.728
66.776
66.584
66.632
66.68
66.728
66.776
66.584
66.632
66.68
66.728
66.776
66.584
66.632
66.68
66.728
66.776
66.584
66.632
66.68
66.728
66.776
66.584
66.632
66.68
66.728
66.776
66.584
66.632
66.68
66.728
66.776
66.584
66.632
66.68
66.728
66.776
66.584
66.632
66.68
66.728
66.776
66.584
66.632
66.68
66.728
66.776
66.584
66.632
66.68
66.728
66.776
66.584
66.632
66.68
66.728
66.776
66.584
66.632
66.68
66.728
66.776
66.584
66.632
66.68
66.728
66.776
66.584
66.632
66.68
66.728
66.776
66.584
66.632
66.68
66.728
66.776
66.584
66.632
66.68
66.728
66.776
66.584
66.632
66.68
66.728
66.776
66.584
66.632
66.68
66.728
66.776
66.584
66.632
66.68
66.728
66.776
66.584
66.632
66.68
66.728
66.776
66.584
66.632
66.68
66.728
66.776
66.584
66.632
66.68
66.728
66.776
66.584
66.632
66.68
66.728
66.776
66.584
66.632
66.68
66.728
66.776
66.584
66.632
66.68
66.728
66.776
66.584
66.632
66.68
66.728
66.776
66.584
66.632
66.68
66.728
66.776
66.584
66.632
66.68
66.728
66.776
66.584
66.632
66.68
66.728
66.776
66.584
66.632
66.68
66.728
66.776
66.584
66.632
66.68
66.728
66.776
66.584
66.632
66.68
66.728
66.776
66.584
66.632
66.68
66.728
66.776
66.584
66.632
66.68
66.728
66.776
66.584
66.632
66.68
66.728
66.776
66.584
66.632
66.68
66.728
66.776
66.584
66.632
66.68
66.728
66.776
66.584
66.632
66.68
66.728
66.776
66.584
66.632
66.68
66.728
66.776
66.584
66.632
66.68
66.728
66.776
66.584
66.632
66.68
66.728
66.776
66.584
66.632
66.68
66.728
66.776
66.584
66.632
66.68
66.728
66.776
66.584
66.632
66.68
66.728
66.776
66.584
66.632
66.68
66.728
66.776
66.584
66.632
66.68
66.728
66.776
66.584
66.632
66.68
66.728
66.776
66.584
66.632
66.68
66.728
66.776
66.584
66.632
66.68
66.728
66.776
66.584
66.632
66.68
66.728
66.776
66.584
66.632
66.68
66.728
66.776
66.584
66.632
66.68
66.728
66.776
66.584
66.632
66.68
66.728
66.776
66.584
66.632
66.68
66.728
66.776
66.584
66.632
66.68
66.728
66.776
66.584
66.632
66.68
66.728
66.776
66.584
66.632
66.68
66.728
66.776
66.584
66.632
66.68
66.728
66.776
66.584
66.632
66.68
66.728
66.776
66.584
66.632
66.68
66.728
66.776
66.584
66.632
66.68
66.728
66.776
66.584
66.632
66.68
66.728
66.776
66.584
66.632
66.68
66.728
66.776
66.584
66.632
66.68
66.728
66.776
66.584
66.632
66.68
66.728
66.776
66.584
66.632
66.68
66.728
66.776
66.584
66.632
66.68
66.728
66.776
66.584
66.632
66.68
66.728
66.776
66.584
66.632
66.68
66.728
66.776
66.584
66.632
66.68
66.728
66.776
66.584
66.632
66.68
66.728
66.776
66.584
66.632
66.68
66.728
66.776
66.584
66.632
66.68
66.728
66.776
66.584
66.632
66.68
66.728
66.776
66.584
66.632
66.68
66.728
66.776
66.584
66.632
66.68
66.728
66.776
66.584
66.632
66.68
66.728
66.776
66.584
66.632
66.68
66.728
66.776
66.584
66.632
66.68
66.728
66.776
66.584
66.632
66.68
66.728
66.776
66.584
66.632
66.68
66.728
66.776
66.584
66.632
66.68
66.728
66.776
66.584
66.632
66.68
66.728
66.776
66.584
66.632
66.68
66.728
66.776
66.584
66.632
66.68
66.728
66.776
66.584
66.632
66.68
66.728
66.776
66.584
66.632
66.68
66.728
66.776
66.584
66.632
66.68
66.728
66.776
66.584
66.632
66.68
66.728
66.776
66.584
66.632
66.68
66.728
66.776
66.584
66.632
66.68
66.728
66.776
66.584
66.632
66.68
66.728
66.776
66.584
66.632
66.68
66.728
66.776
66.584
66.632
66.68
66.728
66.776
66.584
66.632
66.68
66.728
66.776
66.584
66.632
66.68
66.728
66.776
66.584
66.632
66.68
66.728
66.776
66.584
66.632
66.68
66.728
66.776
66.584
66.632
66.68
66.728
66.776
66.584
66.632
66.68
66.728
66.776
66.584
66.632
66.68
66.728
66.776
66.584
66.632
66.68
66.728
66.776
66.584
66.632
66.68
66.728
66.776
66.584
66.632
66.68
66.728
66.776
66.584
66.632
66.68
66.728
66.776
66.584
66.632
66.68
66.728
66.776
66.584
66.632
66.68
66.728
66.776
66.584
66.632
66.68
66.728
66.776
66.584
66.632
66.68
66.728
66.776
66.584
66.632
66.68
66.728
66.776
66.584
66.632
66.68
66.728
66.776
66.584
66.632
66.68
66.728
66.776
66.584
66.632
66.68
66.728
66.776
66.584
66.632
66.68
66.728
66.776
66.584
66.632
66.68
66.728
66.776
66.584
66.632
66.68
66.728
66.776
66.584
66.632
66.68
66.728
66.776
66.584
66.632
66.68
66.728
66.776
66.584
66.632
66.68
66.728
66.776
66.584
66.632
66.68
66.728
66.776
66.584
66.632
66.68
66.728
66.776
66.584
66.632
66.68
66.728
66.776
66.584
66.632
66.68
66.728
66.776
66.584
66.632
66.68
66.728
66.776
66.584
66.632
66.68
66.728
66.776
66.584
66.632
66.68
66.728
66.776
66.584
66.632
66.68
66.728
66.776
66.584
66.632
66.68
66.728
66.776
66.584
66.632
66.68
66.728
66.776
66.584
66.632
66.68
66.728
66.776
66.584
66.632
66.68
66.728
66.776
66.584
66.632
66.68
66.728
66.776
66.584
66.632
66.68
66.728
66.776
66.584
66.632
66.68
66.728
66.776
66.584
66.632
66.68
66.728
66.776
66.584
66.632
66.68
66.728
66.776
66.584
66.632
66.68
66.728
66.776
66.584
66.632
66.68
66.728
66.776
66.584
66.632
66.68
66.728
66.776
66.584
66.632
66.68
66.728
66.776
66.584
66.632
66.68
66.728
66.776
66.584
66.632
66.68
66.728
66.776
66.584
66.632
66.68
66.728
66.776
66.584
66.632
66.68
66.728
66.776
66.584
66.632
66.68
66.728
66.776
66.584
66.632
66.68
66.728
66.776
66.584
66.632
66.68
66.728
66.776
66.584
66.632
66.68
66.728
66.776
66.584
66.632
66.68
66.728
66.776
66.584
66.632
66.68
66.728
66.776
66.584
66.632
66.68
66.728
66.776
66.584
66.632
66.68
66.728
66.776
66.584
66.632
66.68
66.728
66.776
66.584
66.632
66.68
66.728
66.776
66.584
66.632
66.68
66.728
66.776
66.584
66.632
66.68
66.728
66.776
66.584
66.632
66.68
66.728
66.776
66.584
66.632
66.68
66.728
66.776
66.584
66.632
66.68
66.728
66.776
66.584
66.632
66.68
66.728
66.776
66.584
66.632
66.68
66.728
66.776
66.584
66.632
66.68
66.728
66.776
66.584
66.632
66.68
66.728
66.776
66.584
66.632
66.68
66.728
66.776
66.584
66.632
66.68
66.728
66.776
66.584
66.632
66.68
66.728
66.776
66.584
66.632
66.68
66.728
66.776
66.584
66.632
66.68
66.728
66.776
66.584
66.632
66.68
66.728
66.776
66.584
66.632
66.68
66.728
66.776
66.584
66.632
66.68
66.728
66.776
66.584
66.632
66.68
66.728
66.776
66.584
66.632
66.68
66.728
66.776
66.584
66.632
66.68
66.728
66.776
66.584
66.632
66.68
66.728
66.776
66.584
66.632
66.68
66.728
66.776
66.584
66.632
66.68
66.728
66.776
66.584
66.632
66.68
66.728
66.776
66.584
66.632
66.68
66.728
66.776
66.584
66.632
66.68
66.728
66.776
66.584
66.632
66.68
66.728
66.776
66.584
66.632
66.68
66.728
66.776
66.584
66.632
66.68
66.728
66.776
66.584
66.632
66.68
66.728
66.776
66.584
66.632
66.68
66.728
66.776
66.584
66.632
66.68
66.728
66.776
66.584
66.632
66.68
66.728
66.776
66.584
66.632
66.68
66.728
66.776
66.584
66.632
66.68
66.728
66.776
66.584
66.632
66.68
66.728
66.776
66.584
66.632
66.68
66.728
66.776
66.584
66.632
66.68
66.728
66.776
66.584
66.632
66.68
66.728
66.776
66.584
66.632
66.68
66.728
66.776
66.584
66.632
66.68
66.728
66.776
66.584
66.632
66.68
66.728
66.776
66.584
66.632
66.68
66.728
66.776
66.584
66.632
66.68
66.728
66.776
66.584
66.632
66.68
66.728
66.776
66.584
66.632
66.68
66.728
66.776
66.584
66.632
66.68
66.728
66.776
66.584
66.632
66.68
66.728
66.776
66.584
66.632
66.68
66.728
66.776
66.584
66.632
66.68
66.728
66.776
66.584
66.632
66.68
66.728
66.776
66.584
66.632
66.68
66.728
66.776
66.584
66.632
66.68
66.728
66.776
66.584
66.632
66.68
66.728
66.776
66.584
66.632
66.68
66.728
66.776
66.584
66.632
66.68
66.728
66.776
66.584
66.632
66.68
66.728
66.776
66.584
66.632
66.68
66.728
66.776
66.584
66.632
66.68
66.728
66.776
66.584
66.632
66.68
66.728
66.776
66.584
66.632
66.68
66.728
66.776
66.584
66.632
66.68
66.728
66.776
66.584
66.632
66.68
66.728
66.776
66.584
66.632
66.68
66.728
66.776
66.584
66.632
66.68
66.728
66.776
66.584
66.632
66.68
66.728
66.776
66.584
66.632
66.68
66.728
66.776
66.584
66.632
66.68
66.728
66.776
66.584
66.632
66.68
66.728
66.776
66.584
66.632
66.68
66.728
66.776
66.584
66.632
66.68
66.728
66.776
66.584
66.632
66.68
66.728
66.776
66.584
66.632
66.68
66.728
66.776
66.584
66.632
66.68
66.728
66.776
66.584
66.632
66.68
66.728
66.776
66.584
66.632
66.68
66.728
66.776
66.584
66.632
66.68
66.728
66.776
66.584
66.632
66.68
66.728
66.776
66.584
66.632
66.68
66.728
66.776
66.584
66.632
66.68
66.728
66.776
66.584
66.632
66.68
66.728
66.776
66.584
66.632
66.68
66.728
66.776
66.584
66.632
66.68
66.728
66.776
66.584
66.632
66.68
66.728
66.776
66.584
66.632
66.68
66.728
66.776
66.584
66.632
66.68
66.728
66.776
66.584
66.632
66.68
66.728
66.776
66.584
66.632
66.68
66.728
66.776
66.584
66.632
66.68
66.728
66.776
66.584
66.632
66.68
66.728
66.776
66.584
66.632
66.68
66.728
66.776
66.584
66.632
66.68
66.728
66.776
66.584
66.632
66.68
66.728
66.776
66.584
66.632
66.68
66.728
66.776
66.584
66.632
66.68
66.728
66.776
66.584
66.632
66.68
66.728
66.776
66.584
66.632
66.68
66.728
66.776
66.584
66.632
66.68
66.728
66.776
66.584
66.632
66.68
66.728
66.776
66.584
66.632
66.68
66.728
66.776
66.584
66.632
66.68
66.728
66.776
66.584
66.632
66.68
66.728
66.776
66.584
66.632
66.68
66.728
66.776
66.584
66.632
66.68
66.728
66.776
66.584
66.632
66.68
66.728
66.776
66.584
66.632
66.68
66.728
66.776
66.584
66.632
66.68
66.728
66.776
66.584
66.632
66.68
66.728
66.776
66.584
66.632
66.68
66.728
66.776
66.584
66.632
66.68
66.728
66.776
66.584
66.632
66.68
66.728
66.776
66.584
66.632
66.68
66.728
66.776
66.584
66.632
66.68
66.728
66.776
66.584
66.632
66.68
66.728
66.776
66.584
66.632
66.68
66.728
66.776
66.584
66.632
66.68
66.728
66.776
66.584
66.632
66.68
66.728
66.776
66.584
66.632
66.68
66.728
66.776
66.584
66.632
66.68
66.728
66.776
66.584
66.632
66.68
66.728
66.776
66.584
66.632
66.68
66.728
66.776
66.584
66.632
66.68
66.728
66.776
66.584
66.632
66.68
66.728
66.776
66.584
66.632
66.68
66.728
66.776
66.584
66.632
66.68
66.728
66.776
66.584
66.632
66.68
66.728
66.776
66.584
66.632
66.68
66.728
66.776
66.584
66.632
66.68
66.728
66.776
66.584
66.632
66.68
66.728
66.776
66.584
66.632
66.68
66.728
66.776
66.584
66.632
66.68
66.728
66.776
66.584
66.632
66.68
66.728
66.776
66.584
66.632
66.68
66.728
66.776
66.584
66.632
66.68
66.728
66.776
66.584
66.632
66.68
66.728
66.776
66.584
66.632
66.68
66.728
66.776
66.584
66.632
66.68
66.728
66.776
66.584
66.632
66.68
66.728
66.776
66.584
66.632
66.68
66.728
66.776
66.584
66.632
66.68
66.728
66.776
66.584
66.632
66.68
66.728
66.776
66.584
66.632
66.68
66.728
66.776
66.584
66.632
66.68
66.728
66.776
66.584
66.632
66.68
66.728
66.776
66.584
66.632
66.68
66.728
66.776
66.584
66.632
66.68
66.728
66.776
66.584
66.632
66.68
66.728
66.776
66.584
66.632
66.68
66.728
66.776
66.584
66.632
66.68
66.728
66.776
66.584
66.632
66.68
66.728
66.776
66.584
66.632
66.68
66.728
66.776
66.584
66.632
66.68
66.728
66.776
66.584
66.632
66.68
66.728
66.776
66.584
66.632
66.68
66.728
66.776
66.584
66.632
66.68
66.728
66.776
66.584
66.632
66.68
66.728
66.776
66.584
66.632
66.68
66.728
66.776
66.584
66.632
66.68
66.728
66.776
66.584
66.632
66.68
66.728
66.776
66.584
66.632
66.68
66.728
66.776
66.584
66.632
66.68
66.728
66.776
66.584
66.632
66.68
66.728
66.776
66.584
66.632
66.68
66.728
66.776
66.584
66.632
66.68
66.728
66.776
66.584
66.632
66.68
66.728
66.776
66.584
66.632
66.68
66.728
66.776
66.584
66.632
66.68
66.728
66.776
66.584
66.632
66.68
66.728
66.776
66.584
66.632
66.68
66.728
66.776
66.584
66.632
66.68
66.728
66.776
66.584
66.632
66.68
66.728
66.776
66.584
66.632
66.68
66.728
66.776
66.584
66.632
66.68
66.728
66.776
66.584
66.632
66.68
66.728
66.776
66.584
66.632
66.68
66.728
66.776
66.584
66.632
66.68
66.728
66.776
66.584
66.632
66.68
66.728
66.776
66.584
66.632
66.68
66.728
66.776
66.584
66.632
66.68
66.728
66.776
66.584
66.632
66.68
66.728
66.776
66.584
66.632
66.68
66.728
66.776
66.584
66.632
66.68
66.728
66.776
66.584
66.632
66.68
66.728
66.776
66.584
66.632
66.68
66.728
66.776
66.584
66.632
66.68
66.728
66.776
66.584
66.632
66.68
66.728
66.776
66.584
66.632
66.68
66.728
66.776
66.584
66.632
66.68
66.728
66.776
66.584
66.632
66.68
66.728
66.776
66.584
66.632
66.68
66.728
66.776
66.584
66.632
66.68
66.728
66.776
66.584
66.632
66.68
66.728
66.776
66.584
66.632
66.68
66.728
66.776
66.584
66.632
66.68
66.728
66.776
66.584
66.632
66.68
66.728
66.776
66.584
66.632
66.68
66.728
66.776
66.584
66.632
66.68
66.728
66.776
66.584
66.632
66.68
66.728
66.776
66.584
66.632
66.68
66.728
66.776
66.584
66.632
66.68
66.728
66.776
66.584
66.632
66.68
66.728
66.776
66.584
66.632
66.68
66.728
66.776
66.584
66.632
66.68
66.728
66.776
66.584
66.632
66.68
66.728
66.776
66.584
66.632
66.68
66.728
66.776
66.584
66.632
66.68
66.728
66.776
66.584
66.632
66.68
66.728
66.776
66.584
66.632
66.68
66.728
66.776
66.584
66.632
66.68
66.728
66.776
66.584
66.632
66.68
66.728
66.776
66.584
66.632
66.68
66.728
66.776
66.584
66.632
66.68
66.728
66.776
66.584
66.632
66.68
66.728
66.776
66.584
66.632
66.68
66.728
66.776
66.584
66.632
66.68
66.728
66.776
66.584
66.632
66.68
66.728
66.776
66.584
66.632
66.68
66.728
66.776
66.584
66.632
66.68
66.728
66.776
66.584
66.632
66.68
66.728
66.776
66.584
66.632
66.68
66.728
66.776
66.584
66.632
66.68
66.728
66.776
66.584
66.632
66.68
66.728
66.776
66.584
66.632
66.68
66.728
66.776
66.584
66.632
66.68
66.728
66.776
66.584
66.632
66.68
66.728
66.776
66.584
66.632
66.68
66.728
66.776
66.584
66.632
66.68
66.728
66.776
66.584
66.632
66.68
66.728
66.776
66.584
66.632
66.68
66.728
66.776
66.584
66.632
66.68
66.728
66.776
66.584
66.632
66.68
66.728
66.776
66.584
66.632
66.68
66.728
66.776
66.584
66.632
66.68
66.728
66.776
66.584
66.632
66.68
66.728
66.776
66.584
66.632
66.68
66.728
66.776
66.584
66.632
66.68
66.728
66.776
66.584
66.632
66.68
66.728
66.776
66.584
66.632
66.68
66.728
66.776
66.584
66.632
66.68
66.728
66.776
66.584
66.632
66.68
66.728
66.776
66.584
66.632
66.68
66.728
66.776
66.584
66.632
66.68
66.728
66.776
66.584
66.632
66.68
66.728
66.776
66.584
66.632
66.68
66.728
66.776
66.584
66.632
66.68
66.728
66.776
66.584
66.632
66.68
66.728
66.776
66.584
66.632
66.68
66.728
66.776
66.584
66.632
66.68
66.728
66.776
66.584
66.632
66.68
66.728
66.776
66.584
66.632
66.68
66.728
66.776
66.584
66.632
66.68
66.728
66.776
66.584
66.632
66.68
66.728
66.776
66.584
66.632
66.68
66.728
66.776
66.584
66.632
66.68
66.728
66.776
66.584
66.632
66.68
66.728
66.776
66.584
66.632
66.68
66.728
66.776
66.584
66.632
66.68
66.728
66.776
66.584
66.632
66.68
66.728
66.776
66.584
66.632
66.68
66.728
66.776
66.584
66.632
66.68
66.728
66.776
66.584
66.632
66.68
66.728
66.776
66.584
66.632
66.68
66.728
66.776
66.584
66.632
66.68
66.728
66.776
66.584
66.632
66.68
66.728
66.776
66.584
66.632
66.68
66.728
66.776
66.584
66.632
66.68
66.728
66.776
66.584
66.632
66.68
66.728
66.776
66.584
66.632
66.68
66.728
66.776
66.584
66.632
66.68
66.728
66.776
66.584
66.632
66.68
66.728
66.776
66.584
66.632
66.68
66.728
66.776
66.584
66.632
66.68
66.728
66.776
66.584
66.632
66.68
66.728
66.776
66.584
66.632
66.68
66.728
66.776
66.584
66.632
66.68
66.728
66.776
66.584
66.632
66.68
66.728
66.776
66.584
66.632
66.68
66.728
66.776
66.584
66.632
66.68
66.728
66.776
66.584
66.632
66.68
66.728
66.776
66.584
66.632
66.68
66.728
66.776
66.584
66.632
66.68
66.728
66.776
66.584
66.632
66.68
66.728
66.776
66.584
66.632
66.68
66.728
66.776
66.584
66.632
66.68
66.728
66.776
66.584
66.632
66.68
66.728
66.776
66.584
66.632
66.68
66.728
66.776
66.584
66.632
66.68
66.728
66.776
66.584
66.632
66.68
66.728
66.776
66.584
66.632
66.68
66.728
66.776
66.584
66.632
66.68
66.728
66.776
66.584
66.632
66.68
66.728
66.776
66.584
66.632
66.68
66.728
66.776
66.584
66.632
66.68
66.728
66.776
66.584
66.632
66.68
66.728
66.776
66.584
66.632
66.68
66.728
66.776
66.584
66.632
66.68
66.728
66.776
66.584
66.632
66.68
66.728
66.776
66.584
66.632
66.68
66.728
66.776
66.584
66.632
66.68
66.728
66.776
66.584
66.632
66.68
66.728
66.776
66.584
66.632
66.68
66.728
66.776
66.584
66.632
66.68
66.728
66.776
66.584
66.632
66.68
66.728
66.776
66.584
66.632
66.68
66.728
66.776
66.584
66.632
66.68
66.728
66.776
66.584
66.632
66.68
66.728
66.776
66.584
66.632
66.68
66.728
66.776
66.584
66.632
66.68
66.728
66.776
66.584
66.632
66.68
66.728
66.776
66.584
66.632
66.68
66.728
66.776
66.584
66.632
66.68
66.728
66.776
66.584
66.632
66.68
66.728
66.776
66.584
66.632
66.68
66.728
66.776
66.584
66.632
66.68
66.728
66.776
66.584
66.632
66.68
66.728
66.776
66.584
66.632
66.68
66.728
66.776
66.584
66.632
66.68
66.728
66.776
66.584
66.632
66.68
66.728
66.776
66.584
66.632
66.68
66.728
66.776
66.584
66.632
66.68
66.728
66.776
66.584
66.632
66.68
66.728
66.776
66.584
66.632
66.68
66.728
66.776
66.584
66.632
66.68
66.728
66.776
66.584
66.632
66.68
66.728
66.776
66.584
66.632
66.68
66.728
66.776
66.584
66.632
66.68
66.728
66.776
66.584
66.632
66.68
66.728
66.776
66.584
66.632
66.68
66.728
66.776
66.584
66.632
66.68
66.728
66.776
66.584
66.632
66.68
66.728
66.776
66.584
66.632
66.68
66.728
66.776
66.584
66.632
66.68
66.728
66.776
66.584
66.632
66.68
66.728
66.776
66.584
66.632
66.68
66.728
66.776
66.584
66.632
66.68
66.728
66.776
66.584
66.632
66.68
66.728
66.776
66.584
66.632
66.68
66.728
66.776
66.584
66.632
66.68
66.728
66.776
66.584
66.632
66.68
66.728
66.776
66.584
66.632
66.68
66.728
66.776
66.584
66.632
66.68
66.728
66.776
66.584
66.632
66.68
66.728
66.776
66.584
66.632
66.68
66.728
66.776
66.584
66.632
66.68
66.728
66.776
66.584
66.632
66.68
66.728
66.776
66.584
66.632
66.68
66.728
66.776
66.584
66.632
66.68
66.728
66.776
66.584
66.632
66.68
66.728
66.776
66.584
66.632
66.68
66.728
66.776
66.584
66.632
66.68
66.728
66.776
66.584
66.632
66.68
66.728
66.776
66.584
66.632
66.68
66.728
66.776
66.584
66.632
66.68
66.728
66.776
66.584
66.632
66.68
66.728
66.776
66.584
66.632
66.68
66.728
66.776
66.584
66.632
66.68
66.728
66.776
66.584
66.632
66.68
66.728
66.776
66.584
66.632
66.68
66.728
66.776
66.584
66.632
66.68
66.728
66.776
66.584
66.632
66.68
66.728
66.776
66.584
66.632
66.68
66.728
66.776
66.584
66.632
66.68
66.728
66.776
66.584
66.632
66.68
66.728
66.776
66.584
66.632
66.68
66.728
66.776
66.584
66.632
66.68
66.728
66.776
66.584
66.632
66.68
66.728
66.776
66.584
66.632
66.68
66.728
66.776
66.584
66.632
66.68
66.728
66.776
66.584
66.632
66.68
66.728
66.776
66.584
66.632
66.68
66.728
66.776
66.584
66.632
66.68
66.728
66.776
66.584
66.632
66.68
66.728
66.776
66.584
66.632
66.68
66.728
66.776
66.584
66.632
66.68
66.728
66.776
66.584
66.632
66.68
66.728
66.776
66.584
66.632
66.68
66.728
66.776
66.584
66.632
66.68
66.728
66.776
66.584
66.632
66.68
66.728
66.776
66.584
66.632
66.68
66.728
66.776
66.584
66.632
66.68
66.728
66.776
66.584
66.632
66.68
66.728
66.776
66.584
66.632
66.68
66.728
66.776
66.584
66.632
66.68
66.728
66.776
66.584
66.632
66.68
66.728
66.776
66.584
66.632
66.68
66.728
66.776
66.584
66.632
66.68
66.728
66.776
66.584
66.632
66.68
66.728
66.776
66.584
66.632
66.68
66.728
66.776
66.584
66.632
66.68
66.728
66.776
66.584
66.632
66.68
66.728
66.776
66.584
66.632
66.68
66.728
66.776
66.584
66.632
66.68
66.728
66.776
66.584
66.632
66.68
66.728
66.776
66.584
66.632
66.68
66.728
66.776
66.584
66.632
66.68
66.728
66.776
66.584
66.632
66.68
66.728
66.776
66.584
66.632
66.68
66.728
66.776
66.584
66.632
66.68
66.728
66.776
66.584
66.632
66.68
66.728
66.776
66.584
66.632
66.68
66.728
66.776
66.584
66.632
66.68
66.728
66.776
66.584
66.632
66.68
66.728
66.776
66.584
66.632
66.68
66.728
66.776
66.584
66.632
66.68
66.728
66.776
66.584
66.632
66.68
66.728
66.776
66.584
66.632
66.68
66.728
66.776
66.584
66.632
66.68
66.728
66.776
66.584
66.632
66.68
66.728
66.776
66.584
66.632
66.68
66.728
66.776
66.584
66.632
66.68
66.728
66.776
66.584
66.632
66.68
66.728
66.776
66.584
66.632
66.68
66.728
66.776
66.584
66.632
66.68
66.728
66.776
66.584
66.632
66.68
66.728
66.776
66.584
66.632
66.68
66.728
66.776
66.584
66.632
66.68
66.728
66.776
66.584
66.632
66.68
66.728
66.776
66.584
66.632
66.68
66.728
66.776
66.584
66.632
66.68
66.728
66.776
66.584
66.632
66.68
66.728
66.776
66.584
66.632
66.68
66.728
66.776
66.584
66.632
66.68
66.728
66.776
66.584
66.632
66.68
66.728
66.776
66.584
66.632
66.68
66.728
66.776
66.584
66.632
66.68
66.728
66.776
66.584
66.632
66.68
66.728
66.776
66.584
66.632
66.68
66.728
66.776
66.584
66.632
66.68
66.728
66.776
66.584
66.632
66.68
66.728
66.776
66.584
66.632
66.68
66.728
66.776
66.584
66.632
66.68
66.728
66.776
66.584
66.632
66.68
66.728
66.776
66.584
66.632
66.68
66.728
66.776
66.584
66.632
66.68
66.728
66.776
66.584
66.632
66.68
66.728
66.776
66.584
66.632
66.68
66.728
66.776
66.584
66.632
66.68
66.728
66.776
66.584
66.632
66.68
66.728
66.776
66.584
66.632
66.68
66.728
66.776
66.584
66.632
66.68
66.728
66.776
66.584
66.632
66.68
66.728
66.776
66.584
66.632
66.68
66.728
66.776
66.584
66.632
66.68
66.728
66.776
66.584
66.632
66.68
66.728
66.776
66.584
66.632
66.68
66.728
66.776
66.584
66.632
66.68
66.728
66.776
66.584
66.632
66.68
66.728
66.776
66.584
66.632
66.68
66.728
66.776
66.584
66.632
66.68
66.728
66.776
66.584
66.632
66.68
66.728
66.776
66.584
66.632
66.68
66.728
66.776
66.584
66.632
66.68
66.728
66.776
66.584
66.632
66.68
66.728
66.776
66.584
66.632
66.68
66.728
66.776
66.584
66.632
66.68
66.728
66.776
66.584
66.632
66.68
66.728
66.776
66.584
66.632
66.68
66.728
66.776
66.584
66.632
66.68
66.728
66.776
66.584
66.632
66.68
66.728
66.776
66.584
66.632
66.68
66.728
66.776
66.584
66.632
66.68
66.728
66.776
66.584
66.632
66.68
66.728
66.776
66.584
66.632
66.68
66.728
66.776
66.584
66.632
66.68
66.728
66.776
66.584
66.632
66.68
66.728
66.776
66.584
66.632
66.68
66.728
66.776
66.584
66.632
66.68
66.728
66.776
66.584
66.632
66.68
66.728
66.776
66.584
66.632
66.68
66.728
66.776
66.584
66.632
66.68
66.728
66.776
66.584
66.632
66.68
66.728
66.776
66.584
66.632
66.68
66.728
66.776
66.584
66.632
66.68
66.728
66.776
66.584
66.632
66.68
66.728
66.776
66.584
66.632
66.68
66.728
66.776
66.584
66.632
66.68
66.728
66.776
66.584
66.632
66.68
66.728
66.776
66.584
66.632
66.68
66.728
66.776
66.584
66.632
66.68
66.728
66.776
66.584
66.632
66.68
66.728
66.776
66.584
66.632
66.68
66.728
66.776
66.584
66.632
66.68
66.728
66.776
66.584
66.632
66.68
66.728
66.776
66.584
66.632
66.68
66.728
66.776
66.584
66.632
66.68
66.728
66.776
66.584
66.632
66.68
66.728
66.776
66.584
66.632
66.68
66.728
66.776
66.584
66.632
66.68
66.728
66.776
66.584
66.632
66.68
66.728
66.776
66.584
66.632
66.68
66.728
66.776
66.584
66.632
66.68
66.728
66.776
66.584
66.632
66.68
66.728
66.776
66.584
66.632
66.68
66.728
66.776
66.584
66.632
66.68
66.728
66.776
66.584
66.632
66.68
66.728
66.776
66.584
66.632
66.68
66.728
66.776
66.584
66.632
66.68
66.728
66.776
66.584
66.632
66.68
66.728
66.776
66.584
66.632
66.68
66.728
66.776
66.584
66.632
66.68
66.728
66.776
66.584
66.632
66.68
66.728
66.776
66.584
66.632
66.68
66.728
66.776
66.584
66.632
66.68
66.728
66.776
66.584
66.632
66.68
66.728
66.776
66.584
66.632
66.68
66.728
66.776
66.584
66.632
66.68
66.728
66.776
66.584
66.632
66.68
66.728
66.776
66.584
66.632
66.68
66.728
66.776
66.584
66.632
66.68
66.728
66.776
66.584
66.632
66.68
66.728
66.776
66.584
66.632
66.68
66.728
66.776
66.584
66.632
66.68
66.728
66.776
66.584
66.632
66.68
66.728
66.776
66.584
66.632
66.68
66.728
66.776
66.584
66.632
66.68
66.728
66.776
66.584
66.632
66.68
66.728
66.776
66.584
66.632
66.68
66.728
66.776
66.584
66.632
66.68
66.728
66.776
66.584
66.632
66.68
66.728
66.776
66.584
66.632
66.68
66.728
66.776
66.584
66.632
66.68
66.728
66.776
66.584
66.632
66.68
66.728
66.776
66.584
66.632
66.68
66.728
66.776
66.584
66.632
66.68
66.728
66.776
66.584
66.632
66.68
66.728
66.776
66.584
66.632
66.68
66.728
66.776
66.584
66.632
66.68
66.728
66.776
66.584
66.632
66.68
66.728
66.776
66.584
66.632
66.68
66.728
66.776
66.584
66.632
66.68
66.728
66.776
66.584
66.632
66.68
66.728
66.776
66.584
66.632
66.68
66.728
66.776
66.584
66.632
66.68
66.728
66.776
66.584
66.632
66.68
66.728
66.776
66.584
66.632
66.68
66.728
66.776
66.584
66.632
66.68
66.728
66.776
66.584
66.632
66.68
66.728
66.776
66.584
66.632
66.68
66.728
66.776
66.584
66.632
66.68
66.728
66.776
66.584
66.632
66.68
66.728
66.776
66.584
66.632
66.68
66.728
66.776
66.584
66.632
66.68
66.728
66.776
66.584
66.632
66.68
66.728
66.776
66.584
66.632
66.68
66.728
66.776
66.584
66.632
66.68
66.728
66.776
66.584
66.632
66.68
66.728
66.776
66.584
66.632
66.68
66.728
66.776
66.584
66.632
66.68
66.728
66.776
66.584
66.632
66.68
66.728
66.776
66.584
66.632
66.68
66.728
66.776
66.584
66.632
66.68
66.728
66.776
66.584
66.632
66.68
66.728
66.776
66.584
66.632
66.68
66.728
66.776
66.584
66.632
66.68
66.728
66.776
66.584
66.632
66.68
66.728
66.776
66.584
66.632
66.68
66.728
66.776
66.584
66.632
66.68
66.728
66.776
66.584
66.632
66.68
66.728
66.776
66.584
66.632
66.68
66.728
66.776
66.584
66.632
66.68
66.728
66.776
66.584
66.632
66.68
66.728
66.776
66.584
66.632
66.68
66.728
66.776
66.584
66.632
66.68
66.728
66.776
66.584
66.632
66.68
66.728
66.776
66.584
66.632
66.68
66.728
66.776
66.584
66.632
66.68
66.728
66.776
66.584
66.632
66.68
66.728
66.776
66.584
66.632
66.68
66.728
66.776
66.584
66.632
66.68
66.728
66.776
66.584
66.632
66.68
66.728
66.776
66.584
66.632
66.68
66.728
66.776
66.584
66.632
66.68
66.728
66.776
66.584
66.632
66.68
66.728
66.776
66.584
66.632
66.68
66.728
66.776
66.584
66.632
66.68
66.728
66.776
66.584
66.632
66.68
66.728
66.776
66.584
66.632
66.68
66.728
66.776
66.584
66.632
66.68
66.728
66.776
66.584
66.632
66.68
66.728
66.776
66.584
66.632
66.68
66.728
66.776
66.584
66.632
66.68
66.728
66.776
66.584
66.632
66.68
66.728
66.776
66.584
66.632
66.68
66.728
66.776
66.584
66.632
66.68
66.728
66.776
66.584
66.632
66.68
66.728
66.776
66.584
66.632
66.68
66.728
66.776
66.584
66.632
66.68
66.728
66.776
66.584
66.632
66.68
66.728
66.776
66.584
66.632
66.68
66.728
66.776
66.584
66.632
66.68
66.728
66.776
66.584
66.632
66.68
66.728
66.776
66.584
66.632
66.68
66.728
66.776
66.584
66.632
66.68
66.728
66.776
66.584
66.632
66.68
66.728
66.776
66.584
66.632
66.68
66.728
66.776
66.584
66.632
66.68
66.728
66.776
66.584
66.632
66.68
66.728
66.776
66.584
66.632
66.68
66.728
66.776
66.584
66.632
66.68
66.728
66.776
66.584
66.632
66.68
66.728
66.776
66.584
66.632
66.68
66.728
66.776
66.584
66.632
66.68
66.728
66.776
66.584
66.632
66.68
66.728
66.776
66.584
66.632
66.68
66.728
66.776
66.584
66.632
66.68
66.728
66.776
66.584
66.632
66.68
66.728
66.776
66.584
66.632
66.68
66.728
66.776
66.584
66.632
66.68
66.728
66.776
66.584
66.632
66.68
66.728
66.776
66.584
66.632
66.68
66.728
66.776
66.584
66.632
66.68
66.728
66.776
66.584
66.632
66.68
66.728
66.776
66.584
66.632
66.68
66.728
66.776
66.584
66.632
66.68
66.728
66.776
66.584
66.632
66.68
66.728
66.776
66.584
66.632
66.68
66.728
66.776
66.584
66.632
66.68
66.728
66.776
66.584
66.632
66.68
66.728
66.776
66.584
66.632
66.68
66.728
66.776
66.584
66.632
66.68
66.728
66.776
66.584
66.632
66.68
66.728
66.776
66.584
66.632
66.68
66.728
66.776
66.584
66.632
66.68
66.728
66.776
66.584
66.632
66.68
66.728
66.776
66.584
66.632
66.68
66.728
66.776
66.584
66.632
66.68
66.728
66.776
66.584
66.632
66.68
66.728
66.776
66.584
66.632
66.68
66.728
66.776
66.584
66.632
66.68
66.728
66.776
66.584
66.632
66.68
66.728
66.776
66.584
66.632
66.68
66.728
66.776
66.584
66.632
66.68
66.728
66.776
66.584
66.632
66.68
66.728
66.776
66.584
66.632
66.68
66.728
66.776
66.584
66.632
66.68
66.728
66.776
66.584
66.632
66.68
66.728
66.776
66.584
66.632
66.68
66.728
66.776
66.584
66.632
66.68
66.728
66.776
66.584
66.632
66.68
66.728
66.776
66.584
66.632
66.68
66.728
66.776
66.584
66.632
66.68
66.728
66.776
66.584
66.632
66.68
66.728
66.776
66.584
66.632
66.68
66.728
66.776
66.584
66.632
66.68
66.728
66.776
66.584
66.632
66.68
66.728
66.776
66.584
66.632
66.68
66.728
66.776
66.584
66.632
66.68
66.728
66.776
66.584
66.632
66.68
66.728
66.776
66.584
66.632
66.68
66.728
66.776
66.584
66.632
66.68
66.728
66.776
66.584
66.632
66.68
66.728
66.776
66.584
66.632
66.68
66.728
66.776
66.584
66.632
66.68
66.728
66.776
66.584
66.632
66.68
66.728
66.776
66.584
66.632
66.68
66.728
66.776
66.584
66.632
66.68
66.728
66.776
66.584
66.632
66.68
66.728
66.776
66.584
66.632
66.68
66.728
66.776
66.584
66.632
66.68
66.728
66.776
66.584
66.632
66.68
66.728
66.776
66.584
66.632
66.68
66.728
66.776
66.584
66.632
66.68
66.728
66.776
66.584
66.632
66.68
66.728
66.776
66.584
66.632
66.68
66.728
66.776
66.584
66.632
66.68
66.728
66.776
66.584
66.632
66.68
66.728
66.776
66.584
66.632
66.68
66.728
66.776
66.584
66.632
66.68
66.728
66.776
66.584
66.632
66.68
66.728
66.776
66.584
66.632
66.68
66.728
66.776
66.584
66.632
66.68
66.728
66.776
66.584
66.632
66.68
66.728
66.776
66.584
66.632
66.68
66.728
66.776
66.584
66.632
66.68
66.728
66.776
66.584
66.632
66.68
66.728
66.776
66.584
66.632
66.68
66.728
66.776
66.584
66.632
66.68
66.728
66.776
66.584
66.632
66.68
66.728
66.776
66.584
66.632
66.68
66.728
66.776
66.584
66.632
66.68
66.728
66.776
66.584
66.632
66.68
66.728
66.776
66.584
66.632
66.68
66.728
66.776
66.584
66.632
66.68
66.728
66.776
66.584
66.632
66.68
66.728
66.776
66.584
66.632
66.68
66.728
66.776
66.584
66.632
66.68
66.728
66.776
66.584
66.632
66.68
66.728
66.776
66.584
66.632
66.68
66.728
66.776
66.584
66.632
66.68
66.728
66.776
66.584
66.632
66.68
66.728
66.776
66.584
66.632
66.68
66.728
66.776
66.584
66.632
66.68
66.728
66.776
66.584
66.632
66.68
66.728
66.776
66.584
66.632
66.68
66.728
66.776
66.584
66.632
66.68
66.728
66.776
66.584
66.632
66.68
66.728
66.776
66.584
66.632
66.68
66.728
66.776
66.584
66.632
66.68
66.728
66.776
66.584
66.632
66.68
66.728
66.776
66.584
66.632
66.68
66.728
66.776
66.584
66.632
66.68
66.728
66.776
66.584
66.632
66.68
66.728
66.776
66.584
66.632
66.68
66.728
66.776
66.584
66.632
66.68
66.728
66.776
66.584
66.632
66.68
66.728
66.776
66.584
66.632
66.68
66.728
66.776
66.584
66.632
66.68
66.728
66.776
66.584
66.632
66.68
66.728
66.776
66.584
66.632
66.68
66.728
66.776
66.584
66.632
66.68
66.728
66.776
66.584
66.632
66.68
66.728
66.776
66.584
66.632
66.68
66.728
66.776
66.584
66.632
66.68
66.728
66.776
66.584
66.632
66.68
66.728
66.776
66.584
66.632
66.68
66.728
66.776
66.584
66.632
66.68
66.728
66.776
66.584
66.632
66.68
66.728
66.776
66.584
66.632
66.68
66.728
66.776
66.584
66.632
66.68
66.728
66.776
66.584
66.632
66.68
66.728
66.776
66.584
66.632
66.68
66.728
66.776
66.584
66.632
66.68
66.728
66.776
66.584
66.632
66.68
66.728
66.776
66.584
66.632
66.68
66.728
66.776
66.584
66.632
66.68
66.728
66.776
66.584
66.632
66.68
66.728
66.776
66.584
66.632
66.68
66.728
66.776
66.584
66.632
66.68
66.728
66.776
66.584
66.632
66.68
66.728
66.776
66.584
66.632
66.68
66.728
66.776
66.584
66.632
66.68
66.728
66.776
66.584
66.632
66.68
66.728
66.776
66.584
66.632
66.68
66.728
66.776
66.584
66.632
66.68
66.728
66.776
66.584
66.632
66.68
66.728
66.776
66.584
66.632
66.68
66.728
66.776
66.584
66.632
66.68
66.728
66.776
66.584
66.632
66.68
66.728
66.776
66.584
66.632
66.68
66.728
66.776
66.584
66.632
66.68
66.728
66.776
66.584
66.632
66.68
66.728
66.776
66.584
66.632
66.68
66.728
66.776
66.584
66.632
66.68
66.728
66.776
66.584
66.632
66.68
66.728
66.776
66.584
66.632
66.68
66.728
66.776
66.584
66.632
66.68
66.728
66.776
66.584
66.632
66.68
66.728
66.776
66.584
66.632
66.68
66.728
66.776
66.584
66.632
66.68
66.728
66.776
66.584
66.632
66.68
66.728
66.776
66.584
66.632
66.68
66.728
66.776
66.584
66.632
66.68
66.728
66.776
66.584
66.632
66.68
66.728
66.776
66.584
66.632
66.68
66.728
66.776
66.584
66.632
66.68
66.728
66.776
66.584
66.632
66.68
66.728
66.776
66.584
66.632
66.68
66.728
66.776
66.584
66.632
66.68
66.728
66.776
66.584
66.632
66.68
66.728
66.776
66.584
66.632
66.68
66.728
66.776
66.584
66.632
66.68
66.728
66.776
66.584
66.632
66.68
66.728
66.776
66.584
66.632
66.68
66.728
66.776
66.584
66.632
66.68
66.728
66.776
66.584
66.632
66.68
66.728
66.776
66.584
66.632
66.68
66.728
66.776
66.584
66.632
66.68
66.728
66.776
66.584
66.632
66.68
66.728
66.776
66.584
66.632
66.68
66.728
66.776
66.584
66.632
66.68
66.728
66.776
66.584
66.632
66.68
66.728
66.776
66.584
66.632
66.68
66.728
66.776
66.584
66.632
66.68
66.728
66.776
66.584
66.632
66.68
66.728
66.776
66.584
66.632
66.68
66.728
66.776
66.584
66.632
66.68
66.728
66.776
66.584
66.632
66.68
66.728
66.776
66.584
66.632
66.68
66.728
66.776
66.584
66.632
66.68
66.728
66.776
66.584
66.632
66.68
66.728
66.776
66.584
66.632
66.68
66.728
66.776
66.584
66.632
66.68
66.728
66.776
66.584
66.632
66.68
66.728
66.776
66.584
66.632
66.68
66.728
66.776
66.584
66.632
66.68
66.728
66.776
66.584
66.632
66.68
66.728
66.776
66.584
66.632
66.68
66.728
66.776
66.584
66.632
66.68
66.728
66.776
66.584
66.632
66.68
66.728
66.776
66.584
66.632
66.68
66.728
66.776
66.584
66.632
66.68
66.728
66.776
66.584
66.632
66.68
66.728
66.776
66.584
66.632
66.68
66.728
66.776
66.584
66.632
66.68
66.728
66.776
66.584
66.632
66.68
66.728
66.776
66.584
66.632
66.68
66.728
66.776
66.584
66.632
66.68
66.728
66.776
66.584
66.632
66.68
66.728
66.776
66.584
66.632
66.68
66.728
66.776
66.584
66.632
66.68
66.728
66.776
66.584
66.632
66.68
66.728
66.776
66.584
66.632
66.68
66.728
66.776
66.584
66.632
66.68
66.728
66.776
66.584
66.632
66.68
66.728
66.776
66.584
66.632
66.68
66.728
66.776
66.584
66.632
66.68
66.728
66.776
66.584
66.632
66.68
66.728
66.776
66.584
66.632
66.68
66.728
66.776
66.584
66.632
66.68
66.728
66.776
66.584
66.632
66.68
66.728
66.776
66.584
66.632
66.68
66.728
66.776
66.584
66.632
66.68
66.728
66.776
66.584
66.632
66.68
66.728
66.776
66.584
66.632
66.68
66.728
66.776
66.584
66.632
66.68
66.728
66.776
66.584
66.632
66.68
66.728
66.776
66.584
66.632
66.68
66.728
66.776
66.584
66.632
66.68
66.728
66.776
66.584
66.632
66.68
66.728
66.776
66.584
66.632
66.68
66.728
66.776
66.584
66.632
66.68
66.728
66.776
66.584
66.632
66.68
66.728
66.776
66.584
66.632
66.68
66.728
66.776
66.584
66.632
66.68
66.728
66.776
66.584
66.632
66.68
66.728
66.776
66.584
66.632
66.68
66.728
66.776
66.584
66.632
66.68
66.728
66.776
66.584
66.632
66.68
66.728
66.776
66.584
66.632
66.68
66.728
66.776
66.584
66.632
66.68
66.728
66.776
66.584
66.632
66.68
66.728
66.776
66.584
66.632
66.68
66.728
66.776
66.584
66.632
66.68
66.728
66.776
66.584
66.632
66.68
66.728
66.776
66.584
66.632
66.68
66.728
66.776
66.584
66.632
66.68
66.728
66.776
66.584
66.632
66.68
66.728
66.776
66.584
66.632
66.68
66.728
66.776
66.584
66.632
66.68
66.728
66.776
66.584
66.632
66.68
66.728
66.776
66.584
66.632
66.68
66.728
66.776
66.584
66.632
66.68
66.728
66.776
66.584
66.632
66.68
66.728
66.776
66.584
66.632
66.68
66.728
66.776
66.584
66.632
66.68
66.728
66.776
66.584
66.632
66.68
66.728
66.776
66.584
66.632
66.68
66.728
66.776
66.584
66.632
66.68
66.728
66.776
66.584
66.632
66.68
66.728
66.776
66.584
66.632
66.68
66.728
66.776
66.584
66.632
66.68
66.728
66.776
66.584
66.632
66.68
66.728
66.776
66.584
66.632
66.68
66.728
66.776
66.584
66.632
66.68
66.728
66.776
66.584
66.632
66.68
66.728
66.776
66.584
66.632
66.68
66.728
66.776
66.584
66.632
66.68
66.728
66.776
66.584
66.632
66.68
66.728
66.776
66.584
66.632
66.68
66.728
66.776
66.584
66.632
66.68
66.728
66.776
66.584
66.632
66.68
66.728
66.776
66.584
66.632
66.68
66.728
66.776
66.584
66.632
66.68
66.728
66.776
66.584
66.632
66.68
66.728
66.776
66.584
66.632
66.68
66.728
66.776
66.584
66.632
66.68
66.728
66.776
66.584
66.632
66.68
66.728
66.776
66.584
66.632
66.68
66.728
66.776
66.584
66.632
66.68
66.728
66.776
66.584
66.632
66.68
66.728
66.776
66.584
66.632
66.68
66.728
66.776
66.584
66.632
66.68
66.728
66.776
66.584
66.632
66.68
66.728
66.776
66.584
66.632
66.68
66.728
66.776
66.584
66.632
66.68
66.728
66.776
66.584
66.632
66.68
66.728
66.776
66.584
66.632
66.68
66.728
66.776
66.584
66.632
66.68
66.728
66.776
66.584
66.632
66.68
66.728
66.776
66.584
66.632
66.68
66.728
66.776
66.584
66.632
66.68
66.728
66.776
66.584
66.632
66.68
66.728
66.776
66.584
66.632
66.68
66.728
66.776
66.584
66.632
66.68
66.728
66.776
66.584
66.632
66.68
66.728
66.776
66.584
66.632
66.68
66.728
66.776
66.584
66.632
66.68
66.728
66.776
66.584
66.632
66.68
66.728
66.776
66.584
66.632
66.68
66.728
66.776
66.584
66.632
66.68
66.728
66.776
66.584
66.632
66.68
66.728
66.776
66.584
66.632
66.68
66.728
66.776
66.584
66.632
66.68
66.728
66.776
66.584
66.632
66.68
66.728
66.776
66.584
66.632
66.68
66.728
66.776
66.584
66.632
66.68
66.728
66.776
66.584
66.632
66.68
66.728
66.776
66.584
66.632
66.68
66.728
66.776
66.584
66.632
66.68
66.728
66.776
66.584
66.632
66.68
66.728
66.776
66.584
66.632
66.68
66.728
66.776
66.584
66.632
66.68
66.728
66.776
66.584
66.632
66.68
66.728
66.776
66.584
66.632
66.68
66.728
66.776
66.584
66.632
66.68
66.728
66.776
66.584
66.632
66.68
66.728
66.776
66.584
66.632
66.68
66.728
66.776
66.584
66.632
66.68
66.728
66.776
66.584
66.632
66.68
66.728
66.776
66.584
66.632
66.68
66.728
66.776
66.584
66.632
66.68
66.728
66.776
66.584
66.632
66.68
66.728
66.776
66.584
66.632
66.68
66.728
66.776
66.584
66.632
66.68
66.728
66.776
66.584
66.632
66.68
66.728
66.776
66.584
66.632
66.68
66.728
66.776
66.584
66.632
66.68
66.728
66.776
66.584
66.632
66.68
66.728
66.776
66.584
66.632
66.68
66.728
66.776
66.584
66.632
66.68
66.728
66.776
66.584
66.632
66.68
66.728
66.776
66.584
66.632
66.68
66.728
66.776
66.584
66.632
66.68
66.728
66.776
66.584
66.632
66.68
66.728
66.776
66.584
66.632
66.68
66.728
66.776
66.584
66.632
66.68
66.728
66.776
66.584
66.632
66.68
66.728
66.776
66.584
66.632
66.68
66.728
66.776
66.584
66.632
66.68
66.728
66.776
66.584
66.632
66.68
66.728
66.776
66.584
66.632
66.68
66.728
66.776
66.584
66.632
66.68
66.728
66.776
66.584
66.632
66.68
66.728
66.776
66.584
66.632
66.68
66.728
66.776
66.584
66.632
66.68
66.728
66.776
66.584
66.632
66.68
66.728
66.776
66.584
66.632
66.68
66.728
66.776
66.584
66.632
66.68
66.728
66.776
66.584
66.632
66.68
66.728
66.776
66.584
66.632
66.68
66.728
66.776
66.584
66.632
66.68
66.728
66.776
66.584
66.632
66.68
66.728
66.776
66.584
66.632
66.68
66.728
66.776
66.584
66.632
66.68
66.728
66.776
66.584
66.632
66.68
66.728
66.776
66.584
66.632
66.68
66.728
66.776
66.584
66.632
66.68
66.728
66.776
66.584
66.632
66.68
66.728
66.776
66.584
66.632
66.68
66.728
66.776
66.584
66.632
66.68
66.728
66.776
66.584
66.632
66.68
66.728
66.776
66.584
66.632
66.68
66.728
66.776
66.584
66.632
66.68
66.728
66.776
66.584
66.632
66.68
66.728
66.776
66.584
66.632
66.68
66.728
66.776
66.584
66.632
66.68
66.728
66.776
66.584
66.632
66.68
66.728
66.776
66.584
66.632
66.68
66.728
66.776
66.584
66.632
66.68
66.728
66.776
66.584
66.632
66.68
66.728
66.776
66.584
66.632
66.68
66.728
66.776
66.584
66.632
66.68
66.728
66.776
66.584
66.632
66.68
66.728
66.776
66.584
66.632
66.68
66.728
66.776
66.584
66.632
66.68
66.728
66.776
66.584
66.632
66.68
66.728
66.776
66.584
66.632
66.68
66.728
66.776
66.584
66.632
66.68
66.728
66.776
66.584
66.632
66.68
66.728
66.776
66.584
66.632
66.68
66.728
66.776
66.584
66.632
66.68
66.728
66.776
66.584
66.632
66.68
66.728
66.776
66.584
66.632
66.68
66.728
66.776
66.584
66.632
66.68
66.728
66.776
66.584
66.632
66.68
66.728
66.776
66.584
66.632
66.68
66.728
66.776
66.584
66.632
66.68
66.728
66.776
66.584
66.632
66.68
66.728
66.776
66.584
66.632
66.68
66.728
66.776
66.584
66.632
66.68
66.728
66.776
66.584
66.632
66.68
66.728
66.776
66.584
66.632
66.68
66.728
66.776
66.584
66.632
66.68
66.728
66.776
66.584
66.632
66.68
66.728
66.776
66.584
66.632
66.68
66.728
66.776
66.584
66.632
66.68
66.728
66.776
66.584
66.632
66.68
66.728
66.776
66.584
66.632
66.68
66.728
66.776
66.584
66.632
66.68
66.728
66.776
66.584
66.632
66.68
66.728
66.776
66.584
66.632
66.68
66.728
66.776
66.584
66.632
66.68
66.728
66.776
66.584
66.632
66.68
66.728
66.776
66.584
66.632
66.68
66.728
66.776
66.584
66.632
66.68
66.728
66.776
66.584
66.632
66.68
66.728
66.776
66.584
66.632
66.68
66.728
66.776
66.584
66.632
66.68
66.728
66.776
66.584
66.632
66.68
66.728
66.776
66.584
66.632
66.68
66.728
66.776
66.584
66.632
66.68
66.728
66.776
66.584
66.632
66.68
66.728
66.776
66.584
66.632
66.68
66.728
66.776
66.584
66.632
66.68
66.728
66.776
66.584
66.632
66.68
66.728
66.776
66.584
66.632
66.68
66.728
66.776
66.584
66.632
66.68
66.728
66.776
66.584
66.632
66.68
66.728
66.776
66.584
66.632
66.68
66.728
66.776
66.584
66.632
66.68
66.728
66.776
66.584
66.632
66.68
66.728
66.776
66.584
66.632
66.68
66.728
66.776
66.584
66.632
66.68
66.728
66.776
66.584
66.632
66.68
66.728
66.776
66.584
66.632
66.68
66.728
66.776
66.584
66.632
66.68
66.728
66.776
66.584
66.632
66.68
66.728
66.776
66.584
66.632
66.68
66.728
66.776
66.584
66.632
66.68
66.728
66.776
66.584
66.632
66.68
66.728
66.776
66.584
66.632
66.68
66.728
66.776
66.584
66.632
66.68
66.728
66.776
66.584
66.632
66.68
66.728
66.776
66.584
66.632
66.68
66.728
66.776
66.584
66.632
66.68
66.728
66.776
66.584
66.632
66.68
66.728
66.776
66.584
66.632
66.68
66.728
66.776
66.584
66.632
66.68
66.728
66.776
66.584
66.632
66.68
66.728
66.776
66.584
66.632
66.68
66.728
66.776
66.584
66.632
66.68
66.728
66.776
66.584
66.632
66.68
66.728
66.776
66.584
66.632
66.68
66.728
66.776
66.584
66.632
66.68
66.728
66.776
66.584
66.632
66.68
66.728
66.776
66.584
66.632
66.68
66.728
66.776
66.584
66.632
66.68
66.728
66.776
66.584
66.632
66.68
66.728
66.776
66.584
66.632
66.68
66.728
66.776
66.584
66.632
66.68
66.728
66.776
66.584
66.632
66.68
66.728
66.776
66.584
66.632
66.68
66.728
66.776
66.584
66.632
66.68
66.728
66.776
66.584
66.632
66.68
66.728
66.776
66.584
66.632
66.68
66.728
66.776
66.584
66.632
66.68
66.728
66.776
66.584
66.632
66.68
66.728
66.776
66.584
66.632
66.68
66.728
66.776
66.584
66.632
66.68
66.728
66.776
66.584
66.632
66.68
66.728
66.776
66.584
66.632
66.68
66.728
66.776
66.584
66.632
66.68
66.728
66.776
66.584
66.632
66.68
66.728
66.776
66.584
66.632
66.68
66.728
66.776
66.584
66.632
66.68
66.728
66.776
66.584
66.632
66.68
66.728
66.776
66.584
66.632
66.68
66.728
66.776
66.584
66.632
66.68
66.728
66.776
66.584
66.632
66.68
66.728
66.776
66.584
66.632
66.68
66.728
66.776
66.584
66.632
66.68
66.728
66.776
66.584
66.632
66.68
66.728
66.776
66.584
66.632
66.68
66.728
66.776
66.584
66.632
66.68
66.728
66.776
66.584
66.632
66.68
66.728
66.776
66.584
66.632
66.68
66.728
66.776
66.584
66.632
66.68
66.728
66.776
66.584
66.632
66.68
66.728
66.776
66.584
66.632
66.68
66.728
66.776
66.584
66.632
66.68
66.728
66.776
66.584
66.632
66.68
66.728
66.776
66.584
66.632
66.68
66.728
66.776
66.584
66.632
66.68
66.728
66.776
66.584
66.632
66.68
66.728
66.776
66.584
66.632
66.68
66.728
66.776
66.584
66.632
66.68
66.728
66.776
66.584
66.632
66.68
66.728
66.776
66.584
66.632
66.68
66.728
66.776
66.584
66.632
66.68
66.728
66.776
66.584
66.632
66.68
66.728
66.776
66.584
66.632
66.68
66.728
66.776
66.584
66.632
66.68
66.728
66.776
66.584
66.632
66.68
66.728
66.776
66.584
66.632
66.68
66.728
66.776
66.584
66.632
66.68
66.728
66.776
66.584
66.632
66.68
66.728
66.776
66.584
66.632
66.68
66.728
66.776
66.584
66.632
66.68
66.728
66.776
66.584
66.632
66.68
66.728
66.776
66.584
66.632
66.68
66.728
66.776
66.584
66.632
66.68
66.728
66.776
66.584
66.632
66.68
66.728
66.776
66.584
66.632
66.68
66.728
66.776
66.584
66.632
66.68
66.728
66.776
66.584
66.632
66.68
66.728
66.776
66.584
66.632
66.68
66.728
66.776
66.584
66.632
66.68
66.728
66.776
66.584
66.632
66.68
66.728
66.776
66.584
66.632
66.68
66.728
66.776
66.584
66.632
66.68
66.728
66.776
66.584
66.632
66.68
66.728
66.776
66.584
66.632
66.68
66.728
66.776
66.584
66.632
66.68
66.728
66.776
66.584
66.632
66.68
66.728
66.776
66.584
66.632
66.68
66.728
66.776
66.584
66.632
66.68
66.728
66.776
66.584
66.632
66.68
66.728
66.776
66.584
66.632
66.68
66.728
66.776
66.584
66.632
66.68
66.728
66.776
66.584
66.632
66.68
66.728
66.776
66.584
66.632
66.68
66.728
66.776
66.584
66.632
66.68
66.728
66.776
66.584
66.632
66.68
66.728
66.776
66.584
66.632
66.68
66.728
66.776
66.584
66.632
66.68
66.728
66.776
66.584
66.632
66.68
66.728
66.776
66.584
66.632
66.68
66.728
66.776
66.584
66.632
66.68
66.728
66.776
66.584
66.632
66.68
66.728
66.776
66.584
66.632
66.68
66.728
66.776
66.584
66.632
66.68
66.728
66.776
66.584
66.632
66.68
66.728
66.776
66.584
66.632
66.68
66.728
66.776
66.584
66.632
66.68
66.728
66.776
66.584
66.632
66.68
66.728
66.776
66.584
66.632
66.68
66.728
66.776
66.584
66.632
66.68
66.728
66.776
66.584
66.632
66.68
66.728
66.776
66.584
66.632
66.68
66.728
66.776
66.584
66.632
66.68
66.728
66.776
66.584
66.632
66.68
66.728
66.776
66.584
66.632
66.68
66.728
66.776
66.584
66.632
66.68
66.728
66.776
66.584
66.632
66.68
66.728
66.776
66.584
66.632
66.68
