28.2
26.152
26.152
30.016
26.152
26.152
30.888
26.152
26.152
26.152
26.152
32.76
26.152
26.152
26.152
26.152
26.152
26.152
26.152
34.688
26.152
26.152
26.152
26.152
26.152
26.152
26.152
26.152
26.152
26.152
26.152
26.152
41.784
26.152
26.152
26.152
26.152
26.152
44.184
26.152
46.056
26.152
46.4
26.152
26.152
26.152
26.152
49.272
26.152
26.152
53.2
26.152
26.152
53.6
26.152
26.152
55.416
55.232
26.152
56.576
26.152
26.152
26.152
59.504
26.152
60.32
26.152
26.152
62.136
64.48
63.824
26.152
26.152
64.64
26.152
26.152
66.456
26.152
66.272
68.088
26.152
26.152
26.152
26.152
70.432
26.32
26.152
70.304
26.152
26.152
26.152
72.648
26.152
26.152
26.152
73.992
26.152
26.152
75.808
74.624
26.152
76.44
26.152
78.84
26.152
78.656
26.152
26.152
81.472
26.152
26.152
26.152
82.872
26.152
82.688
26.152
83.504
26.152
26.152
26.152
86.44
86.136
26.152
26.152
87.952
26.152
26.152
26.152
26.152
26.152
89.408
26.152
26.152
91.224
26.152
26.152
26.152
26.152
94.68
26.152
26.152
97.552
26.152
26.152
26.152
26.152
26.152
26.152
101.064
26.152
102.408
102.224
26.152
104.04
26.152
105.856
26.152
105.672
105.488
26.152
26.152
26.152
107.36
26.152
26.152
26.152
26.152
26.152
26.152
111.232
26.32
26.152
26.152
26.152
112.632
26.152
114.448
26.152
26.152
26.152
115.848
26.152
26.152
26.152
26.152
26.152
118.248
26.152
26.152
119.12
26.152
26.152
120.464
26.152
26.152
123.864
26.152
26.152
26.152
126.736
26.152
26.152
129.136
26.224
26.152
129.48
131.296
130.112
26.152
26.152
26.152
131.928
26.152
26.152
132.272
26.152
26.152
26.152
26.152
135.64
26.152
26.152
137.488
26.176
137.304
26.152
138.12
26.152
139.992
139.808
26.152
26.152
26.152
141.68
26.152
26.152
26.152
145.24
144.84
26.152
26.152
26.152
147.184
146
26.272
26.152
148.816
26.152
26.152
150.688
149.504
26.176
26.152
26.152
26.152
26.152
26.152
26.152
26.152
26.152
26.152
157.128
26.152
157.944
26.152
26.152
26.152
26.152
160.344
160.16
26.152
26.152
162.032
26.152
26.152
164.96
26.152
26.152
167.36
26.152
26.152
170.44
170.048
26.152
26.152
26.152
26.152
26.152
174.448
26.152
175.264
175.08
26.152
175.896
26.152
175.712
177.528
178.344
26.152
26.152
26.152
180.744
180.56
26.152
26.152
182.376
26.152
183.72
26.152
185.592
26.152
185.936
26.152
186.752
26.152
26.152
26.152
26.152
190.736
26.152
26.152
26.152
26.152
194.664
26.152
194.48
26.152
26.152
26.152
197.88
26.152
199.696
26.152
199.04
201.856
201.672
26.152
203.544
26.152
26.152
204.36
26.152
26.152
26.152
26.152
26.152
205.76
26.152
26.152
207.576
26.152
210.976
26.152
26.152
26.152
212.376
26.152
214.192
26.152
26.152
214.536
26.152
215.88
26.152
26.152
216.752
218.568
26.152
220.384
219.2
26.272
26.152
220.544
26.152
26.152
224.944
223.76
26.152
26.152
225.632
26.152
227.448
230.848
26.152
26.152
26.152
26.152
233.776
26.152
234.592
26.152
234.936
26.152
26.152
26.152
236.28
26.152
238.096
236.912
26.152
26.152
26.152
239.784
26.152
26.152
241.6
241.416
241.232
26.152
26.152
244.048
26.152
243.92
245.736
245.552
246.368
26.152
26.152
26.152
247.712
250.056
26.152
26.152
251.872
250.688
26.152
26.152
26.152
253.032
26.152
26.152
26.152
26.152
254.96
256.776
26.152
26.152
26.152
259.12
26.152
26.152
258.992
26.152
259.808
26.152
26.152
260.624
262.44
26.152
26.152
26.152
26.152
265.312
266.128
26.416
265.472
26.152
267.288
26.152
26.152
269.16
26.152
26.152
271.24
26.152
271.32
272.136
26.152
26.152
273.952
26.152
26.152
274.84
26.152
26.152
276.64
275.456
26.152
26.152
278.8
280.144
26.152
279.488
26.152
26.152
282.832
282.648
284.464
283.28
26.152
26.152
26.152
285.152
26.152
286.968
26.152
289.312
288.656
26.152
26.152
292.528
26.416
292.344
26.152
26.152
294.216
26.152
294.032
26.152
26.152
296.904
26.152
298.84
26.152
26.152
26.152
300.064
26.152
299.88
26.152
26.152
301.696
301.512
303.328
26.416
26.152
303.672
303.488
26.152
26.152
26.152
26.152
26.152
26.152
26.152
310.528
26.416
309.872
26.152
311.216
26.152
312.032
26.152
313.848
26.152
313.664
26.152
315.48
315.296
317.168
26.152
318.512
26.152
26.152
26.152
26.152
26.152
26.152
321.44
26.152
26.152
324.256
26.152
325.24
26.152
325.944
325.76
26.152
26.152
327.576
327.392
26.152
26.152
26.152
330.208
26.152
26.152
26.152
331.608
26.152
26.152
26.152
333.64
333.24
26.152
26.152
335.584
336.928
26.416
336.744
26.152
337.56
26.152
337.904
26.152
26.152
340.248
26.152
342.064
341.408
26.152
341.936
26.152
342.888
26.152
26.152
26.152
342.936
341.936
26.152
342.888
26.152
26.152
26.152
26.152
26.152
26.152
343.936
343.888
26.152
26.152
26.152
26.152
26.152
26.152
26.152
26.152
26.152
26.152
26.152
343.936
343.888
26.176
26.152
26.152
342.936
342.888
26.152
26.152
26.152
341.936
26.152
26.152
26.152
26.152
26.152
26.152
342.936
342.888
26.152
26.152
26.152
343.936
26.224
343.888
26.176
26.152
26.152
343.888
26.152
341.936
26.152
343.888
26.176
26.152
26.152
26.152
26.152
343.888
26.152
26.152
26.152
342.888
26.152
26.152
26.152
343.936
343.936
26.152
26.152
26.152
341.888
26.152
26.152
26.152
342.936
26.152
342.888
26.152
26.152
341.888
343.936
26.224
26.152
26.152
26.152
342.936
26.152
26.152
26.152
26.152
342.888
26.152
26.152
342.936
26.152
343.888
26.152
26.152
26.152
26.152
26.152
26.152
26.152
26.152
26.152
26.152
26.152
26.152
341.936
26.152
342.888
26.152
26.152
26.152
26.152
343.936
26.224
26.152
26.152
26.152
26.152
26.152
342.936
26.152
26.152
343.888
26.176
26.152
341.936
341.888
26.152
26.152
26.152
26.152
26.152
26.152
343.936
343.888
26.152
26.152
26.152
26.152
26.152
26.152
26.152
26.152
26.152
26.152
26.152
26.152
343.888
26.176
26.152
26.152
26.152
26.152
26.152
26.152
342.936
26.152
342.888
26.152
26.152
26.152
26.152
341.888
26.152
26.152
26.152
342.888
26.152
26.152
26.152
26.152
341.936
342.888
26.152
26.152
26.152
26.152
26.152
343.888
26.152
341.888
26.152
26.152
26.152
26.152
343.888
26.152
26.152
26.152
342.936
26.152
26.152
26.152
26.152
26.152
342.936
26.152
342.888
26.152
26.152
341.936
26.152
343.888
26.152
26.152
343.888
26.176
26.152
26.152
341.936
26.152
26.152
26.152
26.152
343.936
342.888
26.152
26.152
26.152
343.936
342.888
26.224
26.152
342.936
26.152
26.152
26.152
26.152
26.152
26.152
343.936
343.888
26.176
26.152
26.152
342.888
26.152
26.152
26.152
26.152
26.152
26.152
342.936
26.152
26.152
26.152
341.936
26.152
341.888
26.152
26.152
26.152
26.152
341.936
26.152
343.888
26.152
26.152
26.152
26.152
26.152
26.152
26.152
26.152
341.888
26.152
26.152
26.152
26.152
26.152
26.152
26.152
26.152
341.888
26.152
26.152
342.888
26.152
26.152
26.152
26.152
26.152
26.152
26.152
26.152
26.152
26.152
26.152
26.152
26.152
26.152
26.152
343.888
26.176
26.152
26.152
26.152
26.152
26.152
341.888
343.936
26.152
26.152
26.152
341.888
26.152
26.152
342.936
26.152
343.888
26.176
26.152
26.152
26.152
343.888
26.176
26.152
26.152
343.936
343.888
26.152
26.152
26.152
26.152
26.152
26.152
26.152
343.888
26.176
341.888
343.936
26.224
26.152
26.152
26.152
341.888
26.152
26.152
26.152
26.152
26.152
26.152
26.152
342.888
26.152
26.152
26.152
26.152
26.152
343.888
342.936
26.152
26.152
26.152
26.152
341.936
26.152
341.888
26.152
26.152
342.936
26.152
26.152
26.152
342.888
26.152
26.152
26.152
26.152
26.152
26.152
341.888
26.152
341.888
26.152
26.152
26.152
341.936
26.152
26.152
26.152
26.152
341.936
26.152
26.152
343.888
26.176
26.152
26.152
26.152
26.152
26.152
26.152
341.888
26.152
26.152
26.152
26.152
26.152
26.152
26.152
342.936
26.152
26.152
26.152
26.152
26.152
26.152
26.152
26.152
26.152
26.152
342.936
26.152
26.152
26.152
26.152
26.152
26.152
342.936
26.152
26.152
26.152
342.936
26.152
26.152
26.152
26.152
342.888
26.152
26.152
26.152
26.152
342.888
26.152
26.152
342.936
343.936
26.224
26.152
26.152
26.152
343.936
26.224
343.888
26.176
26.152
26.152
26.152
26.152
26.152
26.152
26.152
343.936
26.224
26.152
26.152
26.152
26.152
26.152
26.152
343.888
26.152
26.152
26.152
26.152
343.936
26.152
26.152
26.152
342.936
341.888
26.152
26.152
342.888
26.152
26.152
26.152
26.152
26.152
26.152
343.936
26.224
26.152
26.152
341.888
26.152
26.152
26.152
26.152
26.152
343.936
26.224
343.888
26.152
26.152
26.152
26.152
341.888
26.152
26.152
341.936
26.152
341.888
26.152
26.152
26.152
26.152
26.152
26.152
26.152
26.152
343.936
26.224
26.152
26.152
341.936
26.152
26.152
26.152
343.936
26.224
343.888
26.176
26.152
26.152
343.936
343.888
26.176
26.152
26.152
26.152
26.152
341.936
26.152
342.888
26.152
26.152
343.936
26.152
26.152
26.152
26.152
26.152
341.888
26.152
26.152
26.152
341.936
26.152
341.888
26.152
26.152
343.936
342.888
26.224
26.152
26.152
26.152
341.936
26.152
342.888
26.152
26.152
343.936
342.888
26.224
26.152
26.152
342.936
26.152
26.152
26.152
341.936
26.152
26.152
342.936
26.152
26.152
26.152
26.152
26.152
26.152
26.152
342.888
26.152
26.152
341.936
26.152
342.888
26.152
26.152
26.152
26.152
26.152
26.152
26.152
26.152
26.152
343.888
26.176
26.152
26.152
341.936
26.152
342.888
26.152
342.936
26.152
341.888
26.152
26.152
26.152
26.152
26.152
26.152
342.936
26.152
26.152
341.888
26.152
26.152
26.152
26.152
26.152
26.152
26.152
26.152
26.152
26.152
26.152
342.888
26.152
26.152
26.152
341.936
26.152
343.888
26.152
26.152
26.152
341.936
26.152
26.152
26.152
26.152
26.152
342.936
26.152
26.152
26.152
26.152
26.152
26.152
26.152
26.152
343.888
26.152
341.936
26.152
26.152
26.152
341.936
26.152
26.152
26.152
341.936
26.152
26.152
26.152
26.152
26.152
26.152
26.152
26.152
26.152
26.152
26.152
26.152
26.152
26.152
26.152
26.152
26.152
26.152
26.152
26.152
26.152
26.152
26.152
343.936
342.888
26.152
26.152
26.152
26.152
26.152
26.152
26.152
26.152
26.152
26.152
26.152
26.152
26.152
341.936
26.152
26.152
343.888
26.176
26.152
26.152
26.152
26.152
26.152
26.152
343.888
26.152
26.152
343.936
26.224
26.152
26.152
26.152
341.888
26.152
26.152
341.936
26.152
26.152
26.152
26.152
26.152
26.152
26.152
342.888
26.152
26.152
26.152
341.936
26.152
26.152
26.152
26.152
26.152
26.152
26.152
26.152
26.152
26.152
26.152
342.936
26.152
26.152
343.936
342.888
26.152
343.888
26.152
26.152
341.888
26.152
26.152
341.888
26.152
26.152
26.152
341.936
26.152
343.888
26.176
26.152
343.936
26.152
26.152
342.888
26.152
26.152
26.152
26.152
26.152
26.152
343.888
343.888
26.152
26.152
341.936
26.152
26.152
26.152
26.152
342.936
26.152
26.152
343.888
26.176
26.152
26.152
26.152
342.936
26.152
26.152
26.152
343.936
26.152
26.152
26.152
26.152
341.936
342.888
26.152
26.152
26.152
26.152
26.152
26.152
341.888
26.152
26.152
26.152
26.152
26.152
26.152
342.936
26.152
342.888
26.152
26.152
26.152
26.152
26.152
26.152
341.888
26.152
26.152
26.152
26.152
26.152
26.152
26.152
341.936
26.152
26.152
26.152
26.152
343.888
26.152
26.152
343.936
26.152
26.152
26.152
26.152
26.152
26.152
26.152
26.152
26.152
26.152
26.152
26.152
26.152
26.152
26.152
343.936
26.224
343.888
26.176
26.152
26.152
341.888
26.152
26.152
26.152
26.152
343.936
26.224
26.152
26.152
343.888
26.176
26.152
26.152
341.888
343.936
26.152
26.152
26.152
341.936
26.152
26.152
26.152
26.152
341.936
26.152
341.936
343.888
26.176
26.152
26.152
26.152
26.152
26.152
26.152
26.152
341.936
342.888
26.152
26.152
26.152
26.152
343.936
342.888
26.152
26.152
342.936
26.152
343.888
26.152
341.888
343.936
26.152
342.936
26.152
341.888
26.152
26.152
342.936
26.152
343.888
26.152
26.152
26.152
343.936
342.888
26.224
26.152
26.152
26.152
343.888
26.176
342.936
26.152
343.888
26.176
26.152
26.152
341.888
26.152
26.152
26.152
26.152
26.152
26.152
26.152
26.152
343.888
26.176
26.152
341.936
26.152
342.888
26.152
26.152
26.152
26.152
341.888
343.936
343.888
26.176
26.152
26.152
26.152
26.152
26.152
26.152
341.936
26.152
26.152
26.152
26.152
26.152
341.888
26.152
26.152
26.152
26.152
26.152
342.936
26.152
26.152
343.888
26.152
26.152
26.152
26.152
26.152
26.152
26.152
26.152
26.152
26.152
26.152
26.152
26.152
341.936
26.152
26.152
342.936
26.152
26.152
343.936
26.152
26.152
26.152
26.152
343.888
26.176
26.152
26.152
341.936
342.888
26.152
342.936
26.152
26.152
26.152
26.152
26.152
26.152
343.888
26.152
26.152
26.152
26.152
26.152
26.152
26.152
342.888
26.152
26.152
26.152
342.888
26.152
26.152
341.936
26.152
26.152
26.152
26.152
341.888
26.152
26.152
26.152
26.152
26.152
343.936
342.888
26.152
26.152
342.936
341.888
26.152
26.152
26.152
342.936
26.152
26.152
26.152
342.936
26.152
341.888
26.152
26.152
26.152
26.152
26.152
341.936
26.152
26.152
343.888
26.176
343.888
342.936
342.888
26.152
26.152
26.152
26.152
342.936
26.152
26.152
26.152
26.152
26.152
26.152
341.936
26.152
26.152
26.152
26.152
341.888
26.152
26.152
26.152
26.152
26.152
26.152
26.152
341.888
26.152
26.152
26.152
26.152
26.152
26.152
26.152
26.152
26.152
343.888
26.176
26.152
343.936
342.888
26.224
26.152
26.152
26.152
26.152
26.152
26.152
26.152
26.152
26.152
26.152
26.152
26.152
26.152
26.152
26.152
341.888
26.152
26.152
26.152
26.152
26.152
342.936
26.152
343.888
343.936
26.152
26.152
343.936
26.224
343.888
26.176
26.152
341.888
343.936
26.224
26.152
26.152
341.936
26.152
26.152
26.152
26.152
343.936
26.224
26.152
26.152
26.152
26.152
343.936
26.224
343.888
26.152
26.152
341.888
26.152
26.152
26.152
26.152
341.888
343.936
26.152
26.152
342.936
26.152
26.152
26.152
26.152
342.888
26.152
26.152
26.152
341.888
343.936
26.152
26.152
341.888
26.152
26.152
26.152
26.152
342.936
26.152
26.152
341.936
26.152
26.152
26.152
26.152
342.888
26.152
26.152
26.152
343.888
26.176
26.152
26.152
26.152
26.152
26.152
26.152
26.152
342.888
26.152
341.936
26.152
26.152
342.936
26.152
26.152
26.152
26.152
341.888
26.152
26.152
26.152
342.936
26.152
26.152
26.152
26.152
26.152
26.152
26.152
341.888
343.936
26.224
26.152
342.936
26.152
343.888
26.152
342.936
26.152
26.152
26.152
342.936
26.152
26.152
26.152
26.152
26.152
26.152
26.152
26.152
26.152
26.152
26.152
26.152
26.152
341.936
26.152
26.152
26.152
341.888
26.152
26.152
26.152
343.888
26.152
26.152
342.936
26.152
341.888
26.152
26.152
26.152
343.936
26.224
343.888
26.152
26.152
26.152
26.152
26.152
26.152
342.888
26.152
26.152
26.152
26.152
26.152
26.152
26.152
26.152
341.888
343.936
26.224
26.152
26.152
26.152
343.936
26.224
26.152
26.152
26.152
26.152
343.888
26.152
341.936
26.152
342.888
26.152
26.152
26.152
343.936
26.224
26.152
26.152
342.936
26.152
26.152
26.152
26.152
26.152
343.888
26.176
26.152
341.936
26.152
26.152
26.152
26.152
26.152
341.936
343.888
26.176
26.152
26.152
341.936
342.888
26.152
26.152
26.152
26.152
342.888
26.152
26.152
26.152
343.936
26.224
343.888
26.152
342.936
26.152
26.152
26.152
26.152
341.936
341.888
26.152
26.152
343.936
26.224
26.152
26.152
342.936
26.152
343.888
26.152
26.152
26.152
26.152
26.152
342.888
26.152
26.152
26.152
343.936
26.224
343.888
26.152
26.152
26.152
26.152
26.152
341.888
343.936
26.152
343.936
342.888
26.224
26.152
26.152
342.888
26.152
342.936
26.152
26.152
341.936
26.152
26.152
26.152
26.152
342.936
341.888
26.152
26.152
26.152
26.152
26.152
26.152
343.888
26.152
26.152
26.152
26.152
26.152
26.152
26.152
26.152
342.888
26.152
342.888
26.152
341.888
26.152
26.152
341.936
26.152
342.888
26.152
26.152
26.152
341.888
26.152
26.152
26.152
341.936
26.152
341.888
26.152
26.152
343.936
26.224
26.152
26.152
26.152
26.152
26.152
26.152
26.152
26.152
26.152
341.888
26.152
26.152
26.152
26.152
26.152
342.936
26.152
26.152
26.152
342.936
26.152
26.152
26.152
26.152
26.152
26.152
26.152
26.152
26.152
26.152
26.152
26.152
26.152
26.152
341.936
26.152
26.152
26.152
26.152
26.152
26.152
26.152
26.152
26.152
342.888
26.152
26.152
26.152
342.936
26.152
342.888
26.152
26.152
341.936
341.888
26.152
26.152
341.888
341.936
26.152
26.152
343.888
26.176
26.152
26.152
343.936
26.152
26.152
342.936
342.888
26.152
26.152
26.152
26.152
342.936
26.152
26.152
26.152
26.152
342.936
26.152
26.152
342.936
26.152
26.152
26.152
26.152
26.152
26.152
26.152
341.936
26.152
341.888
26.152
26.152
343.936
26.224
26.152
26.152
341.936
26.152
26.152
26.152
341.936
26.152
26.152
26.152
26.152
26.152
26.152
342.888
26.152
26.152
342.936
26.152
342.888
26.152
26.152
26.152
26.152
342.888
26.152
26.152
26.152
26.152
26.152
26.152
26.152
341.936
26.152
26.152
26.152
26.152
26.152
343.936
26.152
26.152
26.152
26.152
26.152
26.152
26.152
341.936
26.152
343.888
26.152
341.936
26.152
342.888
26.152
26.152
26.152
26.152
26.152
26.152
341.888
343.936
26.224
26.152
26.152
341.936
343.888
26.152
26.152
26.152
26.152
26.152
26.152
26.152
26.152
26.152
26.152
26.152
341.888
26.152
26.152
26.152
343.936
26.224
26.152
26.152
342.888
26.152
26.152
26.152
26.152
26.152
341.936
26.152
26.152
26.152
26.152
26.152
26.152
341.888
26.152
26.152
26.152
26.152
26.152
342.888
26.152
26.152
26.152
26.152
26.152
341.936
26.152
343.936
342.888
26.152
26.152
26.152
341.888
26.152
26.152
341.888
26.152
26.152
26.152
341.888
26.152
26.152
26.152
342.888
26.152
26.152
343.936
342.888
342.888
26.152
26.152
26.152
26.152
26.152
26.152
342.936
342.888
26.152
26.152
341.936
26.152
26.152
26.152
26.152
342.936
26.152
26.152
26.152
26.152
26.152
343.936
342.888
26.224
26.152
26.152
341.888
26.152
26.152
26.152
342.936
26.152
341.888
26.152
26.152
341.936
26.152
341.888
26.152
26.152
343.936
26.152
26.152
342.888
26.152
26.152
26.152
26.152
26.152
26.152
26.152
26.152
343.888
26.152
26.152
26.152
343.936
342.888
26.152
26.152
26.152
343.888
26.152
26.152
341.888
343.936
26.152
26.152
26.152
26.152
26.152
26.152
26.152
26.152
341.888
26.152
26.152
26.152
26.152
26.152
342.888
26.152
26.152
26.152
341.888
26.152
26.152
341.936
341.888
26.152
26.152
26.152
341.936
26.152
26.152
342.936
26.152
26.152
26.152
26.152
26.152
343.936
342.888
26.152
26.152
26.152
26.152
341.888
26.152
26.152
26.152
26.152
26.152
26.152
26.152
26.152
343.936
26.224
26.152
26.152
26.152
343.936
26.224
26.152
26.152
26.152
26.152
26.152
26.152
26.152
26.152
342.888
26.152
26.152
26.152
26.152
26.152
26.152
26.152
26.152
26.152
26.152
26.152
26.152
26.152
26.152
26.152
341.936
26.152
26.152
341.936
26.152
341.888
26.152
26.152
26.152
341.936
26.152
343.888
26.176
26.152
26.152
26.152
26.152
342.936
26.152
26.152
26.152
26.152
26.152
26.152
343.888
26.176
26.152
26.152
26.152
26.152
26.152
26.152
343.936
342.888
26.224
26.152
342.936
26.152
342.888
26.152
26.152
341.888
26.152
26.152
26.152
343.936
26.224
26.152
26.152
26.152
26.152
26.152
26.152
26.152
26.152
343.888
26.176
26.152
342.888
26.152
26.152
26.152
26.152
26.152
26.152
26.152
26.152
26.152
343.888
26.152
341.936
26.152
342.936
26.152
342.888
26.152
26.152
26.152
26.152
341.936
26.152
26.152
26.152
341.888
26.152
26.152
26.152
26.152
26.152
26.152
26.152
341.888
26.152
26.152
26.152
26.152
342.888
26.152
26.152
26.152
26.152
26.152
26.152
26.152
341.936
341.888
26.152
26.152
26.152
342.888
343.936
26.152
26.152
26.152
341.936
26.152
341.888
26.152
26.152
343.936
26.152
26.152
26.152
26.152
26.152
343.936
342.936
26.152
341.888
26.152
343.888
26.152
26.152
341.936
26.152
26.152
26.152
26.152
26.152
341.936
26.152
26.152
26.152
26.152
343.888
26.176
26.152
26.152
26.152
342.936
26.152
26.152
26.152
26.152
26.152
342.888
26.152
26.152
26.152
26.152
343.888
26.176
26.152
26.152
26.152
341.888
343.936
26.224
26.152
26.152
26.152
342.888
26.152
26.152
26.152
26.152
341.936
26.152
26.152
26.152
342.936
26.152
26.152
26.152
26.152
26.152
26.152
26.152
343.936
26.224
26.152
342.936
26.152
26.152
342.936
26.152
26.152
26.152
26.152
26.152
341.888
26.152
26.152
26.152
26.152
26.152
26.152
26.152
26.152
26.152
341.888
343.936
26.152
342.888
26.152
343.936
26.224
343.888
26.176
342.936
341.888
26.152
26.152
341.936
26.152
26.152
26.152
26.152
26.152
343.936
26.224
26.152
341.936
26.152
26.152
26.152
342.936
26.152
26.152
26.152
341.936
342.888
26.152
26.152
26.152
342.936
26.152
26.152
341.936
26.152
343.888
26.152
26.152
26.152
26.152
26.152
26.152
26.152
341.936
26.152
26.152
26.152
26.152
341.888
26.152
26.152
341.936
26.152
342.888
26.152
26.152
26.152
343.888
26.176
26.152
26.152
342.936
342.888
26.152
26.152
26.152
26.152
26.152
26.152
343.936
26.224
343.888
26.152
26.152
26.152
343.888
26.176
26.152
26.152
26.152
341.888
26.152
26.152
26.152
341.888
26.152
341.936
342.888
26.152
26.152
342.936
26.152
341.888
26.152
26.152
26.152
342.936
342.888
26.152
26.152
26.152
341.936
26.152
342.888
26.152
26.152
26.152
26.152
26.152
342.936
26.152
343.888
26.176
26.152
26.152
26.152
341.936
26.152
26.152
26.152
26.152
341.936
26.152
26.152
342.936
26.152
26.152
26.152
26.152
26.152
26.152
342.888
26.152
26.152
26.152
341.888
26.152
26.152
26.152
26.152
341.888
26.152
26.152
26.152
26.152
26.152
26.152
26.152
26.152
343.936
26.152
26.152
26.152
342.888
26.152
26.152
26.152
341.936
26.152
26.152
343.888
26.176
26.152
26.152
26.152
342.936
26.152
26.152
26.152
26.152
26.152
26.152
26.152
343.936
26.224
26.152
26.152
26.152
26.152
342.936
26.152
342.888
26.152
26.152
26.152
342.936
26.152
341.888
26.152
26.152
341.936
26.152
26.152
26.152
26.152
342.888
26.152
26.152
26.152
343.936
26.224
26.152
343.936
26.152
26.152
26.152
341.936
26.152
26.152
26.152
26.152
26.152
342.936
26.152
341.888
26.152
26.152
26.152
26.152
342.936
26.152
342.888
26.152
26.152
342.936
26.152
342.888
26.152
26.152
26.152
26.152
342.888
26.152
26.152
26.152
341.888
26.152
26.152
26.152
343.936
342.888
26.152
26.152
26.152
341.936
26.152
26.152
26.152
26.152
26.152
26.152
26.152
26.152
342.936
341.888
26.152
26.152
342.936
26.152
26.152
343.888
26.152
26.152
342.888
26.152
26.152
26.152
26.152
26.152
26.152
26.152
341.936
341.888
26.152
343.888
26.176
26.152
26.152
26.152
343.888
26.152
342.936
342.888
26.152
26.152
26.152
342.888
26.152
26.152
26.152
341.936
26.152
26.152
26.152
26.152
342.888
26.152
341.888
26.152
26.152
26.152
26.152
342.888
26.152
26.152
341.936
26.152
26.152
26.152
26.152
342.936
26.152
26.152
26.152
26.152
26.152
343.888
26.176
342.888
26.152
26.152
26.152
26.152
343.888
26.176
26.152
343.936
26.152
26.152
26.152
341.888
26.152
26.152
26.152
26.152
26.152
26.152
342.888
26.152
26.152
341.936
342.888
26.152
26.152
26.152
26.152
26.152
26.152
26.152
26.152
26.152
26.152
26.152
26.152
342.936
26.152
26.152
343.888
26.152
341.888
26.152
26.152
26.152
343.888
26.176
26.152
26.152
26.152
341.936
26.152
343.888
26.176
26.152
343.936
26.224
26.152
341.936
26.152
26.152
26.152
26.152
342.936
26.152
26.152
26.152
341.936
26.152
343.888
26.176
26.152
26.152
26.152
26.152
26.152
26.152
26.152
26.152
341.888
26.152
26.152
26.152
26.152
342.888
26.152
26.152
26.152
341.888
26.152
26.152
26.152
26.152
341.888
26.152
26.152
26.152
342.888
26.152
26.152
26.152
341.888
343.936
26.224
26.152
26.152
341.936
26.152
343.888
26.176
26.152
341.888
26.152
26.152
26.152
26.152
26.152
26.152
341.936
343.888
26.152
26.152
26.152
26.152
343.936
26.224
26.152
26.152
26.152
26.152
341.888
26.152
343.936
26.224
26.152
26.152
26.152
342.936
26.152
343.888
26.176
26.152
26.152
26.152
26.152
343.936
26.224
26.152
26.152
343.936
26.152
26.152
26.152
26.152
26.152
26.152
26.152
26.152
26.152
343.888
26.152
26.152
342.936
26.152
26.152
26.152
26.152
26.152
26.152
26.152
26.152
26.152
341.936
26.152
26.152
26.152
26.152
26.152
343.888
26.152
26.152
26.152
342.888
26.152
26.152
342.936
26.152
343.888
26.152
26.152
26.152
26.152
26.152
342.936
341.888
26.152
342.936
26.152
26.152
26.152
26.152
26.152
26.152
342.936
26.152
343.888
26.176
26.152
26.152
342.936
26.152
341.888
26.152
26.152
26.152
26.152
26.152
26.152
343.888
26.176
26.152
342.936
342.888
26.152
26.152
26.152
26.152
26.152
26.152
26.152
26.152
343.936
342.888
26.152
26.152
26.152
26.152
26.152
341.888
26.152
26.152
26.152
26.152
343.936
26.224
26.152
342.936
26.152
26.152
26.152
26.152
342.936
342.888
26.152
26.152
26.152
26.152
26.152
343.936
26.224
26.152
26.152
26.152
26.152
26.152
341.888
26.152
26.152
26.152
26.152
26.152
26.152
26.152
343.936
26.224
26.152
26.152
341.936
341.888
26.152
26.152
26.152
26.152
26.152
26.152
26.152
26.152
26.152
26.152
26.152
26.152
343.888
26.152
26.152
341.936
342.888
26.152
26.152
26.152
26.152
26.152
342.936
343.888
26.176
26.152
26.152
342.936
26.152
343.888
26.176
26.152
26.152
26.152
341.936
26.152
26.152
26.152
341.888
26.152
26.152
26.152
342.936
26.152
26.152
342.936
26.152
26.152
26.152
26.152
26.152
26.152
26.152
342.936
26.152
343.888
26.152
343.888
26.152
26.152
26.152
26.152
343.888
26.176
26.152
26.152
342.936
26.152
341.888
26.152
26.152
26.152
26.152
26.152
26.152
341.888
343.936
26.152
26.152
26.152
26.152
26.152
341.936
26.152
26.152
26.152
26.152
343.936
26.224
26.152
343.936
26.224
26.152
343.936
26.224
343.888
26.176
342.936
341.888
26.152
26.152
26.152
26.152
343.888
26.152
26.152
342.936
26.152
342.888
26.152
26.152
26.152
342.888
26.152
26.152
342.936
26.152
26.152
341.936
26.152
26.152
26.152
26.152
26.152
341.888
343.936
26.224
26.152
26.152
26.152
26.152
342.888
26.152
26.152
343.888
26.176
26.152
26.152
26.152
343.888
26.176
26.152
26.152
26.152
26.152
26.152
343.936
26.224
26.152
26.152
342.888
26.152
26.152
343.936
26.152
26.152
26.152
26.152
26.152
26.152
342.888
26.152
26.152
26.152
26.152
343.936
26.224
26.152
26.152
26.152
342.888
26.152
26.152
26.152
341.936
26.152
26.152
26.152
26.152
342.936
26.152
342.888
26.152
26.152
26.152
342.936
26.152
26.152
26.152
341.936
341.888
26.152
26.152
26.152
341.888
343.936
26.224
341.936
26.152
26.152
26.152
343.888
26.152
26.152
26.152
26.152
26.152
26.152
342.888
26.152
26.152
26.152
343.936
26.224
26.152
342.936
26.152
26.152
341.888
26.152
26.152
342.936
342.888
26.152
26.152
26.152
26.152
26.152
26.152
26.152
26.152
26.152
342.888
26.152
26.152
341.888
343.936
26.152
26.152
26.152
343.936
26.224
26.152
26.152
26.152
26.152
343.888
26.176
26.152
341.936
26.152
26.152
342.936
26.152
26.152
26.152
26.152
342.936
26.152
26.152
26.152
342.936
26.152
26.152
341.888
26.152
26.152
26.152
26.152
341.936
341.888
26.152
26.152
26.152
26.152
26.152
26.152
26.152
343.888
26.176
343.936
342.888
26.224
26.152
26.152
26.152
26.152
26.152
26.152
26.152
26.152
26.152
343.888
26.152
26.152
26.152
341.936
26.152
26.152
26.152
342.888
26.152
26.152
26.152
342.936
26.152
26.152
26.152
26.152
26.152
341.888
26.152
26.152
26.152
341.936
26.152
26.152
26.152
26.152
26.152
26.152
26.152
343.888
26.176
26.152
26.152
342.936
26.152
341.888
26.152
26.152
26.152
26.152
26.152
26.152
341.936
26.152
343.888
26.176
26.152
26.152
26.152
342.936
26.152
341.888
26.152
26.152
26.152
341.888
343.936
26.152
26.152
26.152
26.152
26.152
342.936
341.888
26.152
342.936
26.152
26.152
341.936
26.152
342.936
26.152
26.152
26.152
26.152
26.152
26.152
341.936
26.152
342.888
26.152
26.152
26.152
26.152
341.936
26.152
26.152
343.888
26.176
26.152
26.152
341.936
26.152
26.152
26.152
26.152
26.152
342.936
26.152
26.152
26.152
343.888
26.176
26.152
343.936
26.224
26.152
26.152
26.152
343.936
26.224
26.152
26.152
26.152
26.152
343.936
343.888
26.152
341.936
26.152
26.152
343.936
26.224
26.152
26.152
26.152
26.152
342.936
26.152
343.888
26.152
343.936
26.152
26.152
26.152
343.888
26.152
26.152
342.936
26.152
342.888
26.152
26.152
342.888
26.152
26.152
26.152
26.152
342.936
342.888
26.152
26.152
26.152
343.936
26.224
26.152
26.152
26.152
342.936
26.152
26.152
26.152
26.152
26.152
343.888
26.152
26.152
343.936
342.888
26.224
26.152
26.152
26.152
26.152
26.152
342.888
26.152
26.152
26.152
26.152
343.936
26.152
341.936
26.152
341.888
26.152
26.152
26.152
341.936
342.888
26.152
26.152
26.152
26.152
26.152
343.888
26.152
26.152
26.152
26.152
26.152
343.936
26.224
26.152
26.152
343.936
26.224
343.888
26.176
26.152
26.152
26.152
343.936
26.224
26.152
26.152
342.936
26.152
26.152
343.936
342.888
26.152
26.152
26.152
26.152
26.152
343.936
342.888
343.936
26.224
341.888
26.152
26.152
26.152
341.888
26.152
26.152
343.888
26.176
26.152
26.152
341.936
341.888
26.152
26.152
341.936
342.888
26.152
26.152
26.152
26.152
342.936
26.152
342.888
26.152
26.152
26.152
342.888
26.152
26.152
26.152
26.152
341.888
26.152
26.152
26.152
341.888
26.152
26.152
26.152
26.152
342.936
343.888
26.152
26.152
26.152
26.152
26.152
26.152
343.936
26.224
26.152
26.152
341.888
26.152
26.152
26.152
341.888
26.152
26.152
26.152
343.936
26.224
26.152
26.152
26.152
26.152
26.152
26.152
26.152
343.888
26.176
26.152
26.152
341.936
342.888
26.152
26.152
26.152
342.936
26.152
26.152
26.152
26.152
26.152
342.936
26.152
26.152
26.152
26.152
341.936
26.152
26.152
343.888
26.152
342.888
26.152
26.152
26.152
26.152
26.152
26.152
342.936
26.152
26.152
26.152
341.936
26.152
26.152
26.152
26.152
26.152
26.152
343.936
26.152
342.936
26.152
26.152
342.888
26.152
26.152
26.152
26.152
342.888
26.152
26.152
341.888
26.152
26.152
26.152
26.152
26.152
26.152
26.152
342.936
26.152
26.152
343.888
26.152
26.152
26.152
341.936
26.152
343.888
26.176
26.152
26.152
26.152
26.152
26.152
26.152
343.936
26.224
26.152
26.152
26.152
26.152
26.152
26.152
26.152
26.152
341.888
343.936
26.224
26.152
341.936
26.152
341.888
26.152
26.152
26.152
341.888
343.936
341.936
26.152
341.888
26.152
341.936
26.152
26.152
26.152
26.152
341.936
341.888
26.152
26.152
342.888
26.152
26.152
342.936
26.152
26.152
26.152
26.152
26.152
26.152
343.936
26.224
26.152
26.152
26.152
341.936
26.152
26.152
26.152
26.152
26.152
26.152
26.152
341.936
26.152
26.152
26.152
26.152
26.152
26.152
26.152
343.936
26.224
26.152
26.152
342.936
342.888
26.152
26.152
26.152
26.152
26.152
26.152
341.936
26.152
26.152
26.152
341.888
343.936
26.224
26.152
26.152
26.152
26.152
26.152
343.888
26.152
26.152
343.936
342.936
26.152
26.152
26.152
26.152
26.152
26.152
26.152
26.152
342.936
26.152
26.152
26.152
26.152
26.152
341.888
26.152
26.152
26.152
26.152
26.152
26.152
342.888
26.152
341.888
26.152
26.152
26.152
26.152
26.152
26.152
26.152
26.152
343.888
26.152
342.888
26.152
26.152
26.152
343.936
342.888
26.224
26.152
26.152
342.936
26.152
341.888
26.152
26.152
26.152
343.888
26.152
26.152
26.152
341.888
26.152
26.152
26.152
343.888
26.176
26.152
26.152
341.936
26.152
341.888
26.152
342.936
26.152
26.152
26.152
26.152
26.152
26.152
26.152
26.152
26.152
26.152
26.152
26.152
26.152
341.936
26.152
26.152
26.152
26.152
26.152
26.152
26.152
26.152
26.152
26.152
343.936
342.888
26.152
26.152
341.888
26.152
26.152
26.152
341.888
26.152
26.152
26.152
343.936
342.888
26.224
26.152
342.888
26.152
26.152
26.152
26.152
26.152
26.152
341.936
26.152
342.888
26.152
26.152
26.152
26.152
26.152
26.152
26.152
343.936
26.152
26.152
26.152
343.936
342.936
26.152
26.152
342.936
26.152
26.152
26.152
341.888
26.152
26.152
343.936
26.152
26.152
341.936
342.888
26.152
26.152
26.152
343.936
26.224
26.152
342.936
26.152
26.152
26.152
26.152
342.936
26.152
26.152
26.152
342.936
26.152
342.888
26.152
26.152
26.152
26.152
26.152
341.888
26.152
342.936
26.152
26.152
26.152
26.152
26.152
26.152
26.152
342.888
26.152
26.152
26.152
26.152
26.152
341.936
341.888
26.152
26.152
26.152
26.152
342.936
26.152
26.152
26.152
342.936
26.152
26.152
343.888
26.152
26.152
26.152
341.888
26.152
26.152
26.152
26.152
26.152
26.152
26.152
341.936
26.152
26.152
26.152
26.152
342.936
26.152
26.152
343.888
26.176
26.152
342.936
26.152
26.152
343.888
26.176
26.152
26.152
343.936
343.888
26.152
26.152
341.888
26.152
26.152
26.152
26.152
26.152
26.152
26.152
26.152
26.152
26.152
341.936
26.152
342.888
26.152
26.152
26.152
26.152
342.888
26.152
26.152
26.152
26.152
26.152
26.152
26.152
342.888
26.152
26.152
26.152
26.152
26.152
341.936
26.152
26.152
26.152
341.936
26.152
26.152
26.152
26.152
343.936
26.224
26.152
26.152
26.152
341.936
26.152
26.152
26.152
26.152
342.936
26.152
26.152
26.152
342.936
26.152
343.888
26.176
26.152
26.152
343.888
26.176
26.152
26.152
341.888
26.152
26.152
26.152
26.152
26.152
343.888
26.152
26.152
341.888
26.152
26.152
26.152
26.152
26.152
26.152
26.152
26.152
341.888
343.936
26.224
26.152
26.152
26.152
26.152
26.152
342.936
341.888
26.152
26.152
26.152
342.936
26.152
26.152
26.152
26.152
26.152
26.152
26.152
26.152
343.936
26.224
343.888
26.152
26.152
341.888
26.152
26.152
343.888
26.152
26.152
26.152
342.888
26.152
26.152
26.152
26.152
341.936
26.152
26.152
26.152
26.152
26.152
26.152
26.152
26.152
343.936
26.152
26.152
343.936
342.888
26.152
26.152
26.152
343.936
26.224
26.152
26.152
26.152
26.152
26.152
26.152
343.936
342.888
26.152
26.152
342.936
26.152
343.888
26.152
26.152
26.152
341.888
26.152
26.152
26.152
341.936
26.152
26.152
26.152
26.152
26.152
343.936
26.224
26.152
26.152
26.152
26.152
26.152
26.152
26.152
343.888
26.176
26.152
26.152
26.152
26.152
341.888
26.152
26.152
26.152
343.936
26.224
26.152
26.152
341.888
26.152
26.152
26.152
26.152
26.152
26.152
343.936
26.152
342.936
26.152
26.152
26.152
26.152
26.152
26.152
26.152
342.936
26.152
26.152
26.152
26.152
26.152
26.152
26.152
26.152
26.152
26.152
26.152
26.152
26.152
26.152
26.152
343.936
26.224
26.152
26.152
343.936
342.888
26.224
26.152
26.152
26.152
26.152
342.888
26.152
26.152
26.152
26.152
26.152
26.152
341.936
26.152
26.152
26.152
26.152
26.152
26.152
26.152
26.152
26.152
343.936
342.936
26.152
26.152
26.152
26.152
26.152
26.152
26.152
26.152
26.152
342.936
26.152
26.152
343.936
26.224
26.152
26.152
341.888
26.152
342.936
26.152
26.152
26.152
341.888
26.152
26.152
26.152
26.152
26.152
26.152
342.936
26.152
26.152
342.936
26.152
341.888
342.936
342.888
26.152
26.152
341.936
26.152
26.152
26.152
26.152
26.152
26.152
341.888
26.152
26.152
26.152
26.152
343.936
343.888
26.176
26.152
26.152
343.888
26.176
26.152
341.936
341.888
26.152
26.152
342.936
26.152
26.152
26.152
26.152
343.936
26.152
26.152
342.936
26.152
26.152
26.152
341.936
26.152
26.152
26.152
26.152
342.888
26.152
26.152
26.152
342.936
26.152
26.152
26.152
26.152
342.936
26.152
343.888
26.152
26.152
342.936
26.152
342.888
26.152
26.152
26.152
26.152
343.888
26.152
26.152
26.152
26.152
26.152
26.152
26.152
26.152
343.888
26.152
26.152
26.152
343.936
26.224
26.152
26.152
26.152
26.152
26.152
26.152
341.936
26.152
343.888
26.152
26.152
26.152
26.152
341.936
26.152
26.152
26.152
26.152
343.936
26.152
26.152
26.152
26.152
342.888
26.152
26.152
26.152
26.152
343.936
26.224
26.152
26.152
26.152
341.888
343.936
26.152
26.152
341.888
26.152
26.152
26.152
343.936
26.224
26.152
341.888
343.936
26.152
26.152
26.152
26.152
26.152
26.152
341.888
343.936
26.152
26.152
26.152
343.888
26.176
26.152
26.152
26.152
342.888
26.152
26.152
26.152
26.152
26.152
341.936
26.152
26.152
26.152
26.152
341.936
26.152
26.152
26.152
26.152
26.152
342.936
341.888
26.152
26.152
26.152
343.936
342.888
26.224
26.152
26.152
26.152
343.888
26.176
26.152
342.936
26.152
26.152
341.936
26.152
26.152
26.152
26.152
26.152
26.152
343.888
26.152
341.936
26.152
26.152
26.152
26.152
26.152
26.152
26.152
342.888
26.152
26.152
26.152
341.888
26.152
342.936
341.888
26.152
26.152
26.152
26.152
342.936
26.152
341.888
26.152
26.152
26.152
26.152
26.152
343.888
26.152
342.936
341.888
26.152
26.152
26.152
26.152
341.888
26.152
26.152
26.152
342.936
343.888
26.176
26.152
26.152
26.152
26.152
26.152
26.152
26.152
26.152
341.936
26.152
26.152
341.936
26.152
26.152
26.152
26.152
26.152
26.152
26.152
343.936
342.888
26.224
26.152
26.152
341.888
343.936
26.152
26.152
26.152
342.888
26.152
26.152
26.152
26.152
26.152
26.152
26.152
26.152
26.152
26.152
26.152
343.936
26.224
26.152
26.152
343.936
26.224
343.888
26.176
26.152
26.152
26.152
26.152
26.152
343.936
26.224
343.888
26.176
26.152
26.152
26.152
341.888
26.152
26.152
26.152
341.888
26.152
26.152
26.152
26.152
26.152
26.152
26.152
26.152
341.888
26.152
26.152
26.152
26.152
343.888
26.152
26.152
26.152
26.152
26.152
341.888
343.936
26.152
26.152
26.152
342.936
26.152
26.152
26.152
26.152
342.888
26.152
26.152
343.936
26.224
26.152
26.152
26.152
26.152
26.152
341.888
26.152
26.152
26.152
26.152
26.152
26.152
342.936
26.152
343.888
26.176
26.152
26.152
341.936
26.152
343.888
26.176
26.152
26.152
26.152
26.152
26.152
26.152
26.152
343.936
26.152
26.152
26.152
341.936
26.152
26.152
26.152
26.152
26.152
26.152
342.888
26.152
26.152
26.152
26.152
26.152
26.152
26.152
26.152
343.888
26.152
26.152
342.936
343.936
26.224
343.888
26.152
26.152
26.152
26.152
343.888
341.936
26.152
26.152
26.152
342.888
26.152
26.152
26.152
26.152
26.152
26.152
342.936
26.152
343.888
26.152
26.152
26.152
26.152
26.152
341.936
26.152
341.888
26.152
26.152
26.152
343.936
26.224
26.152
26.152
26.152
341.888
26.152
26.152
26.152
26.152
26.152
26.152
343.888
26.152
26.152
343.936
26.224
342.936
26.152
342.936
342.888
26.152
26.152
342.888
26.152
342.936
26.152
26.152
26.152
26.152
26.152
342.936
26.152
26.152
342.936
26.152
26.152
26.152
26.152
342.936
26.152
26.152
26.152
26.152
26.152
26.152
26.152
342.888
26.152
26.152
26.152
26.152
26.152
26.152
26.152
26.152
26.152
26.152
26.152
26.152
343.936
26.152
341.936
26.152
26.152
26.152
26.152
341.936
26.152
342.888
26.152
26.152
26.152
26.152
26.152
343.936
26.224
343.888
342.936
26.152
343.888
26.176
26.152
26.152
342.936
26.152
26.152
26.152
343.936
26.224
341.936
341.888
26.152
26.152
26.152
26.152
341.888
26.152
26.152
26.152
26.152
26.152
341.888
26.152
26.152
26.152
26.152
26.152
341.936
26.152
26.152
26.152
26.152
26.152
26.152
343.888
26.152
343.936
26.224
26.152
26.152
26.152
342.888
26.152
342.936
26.152
26.152
26.152
26.152
26.152
26.152
26.152
26.152
26.152
341.936
26.152
343.888
26.152
341.936
26.152
26.152
343.888
26.152
26.152
343.888
26.176
26.152
341.936
26.152
341.888
26.152
26.152
26.152
26.152
343.936
26.224
343.888
26.152
26.152
343.936
26.152
26.152
26.152
26.152
343.936
26.224
26.152
26.152
26.152
26.152
26.152
26.152
26.152
26.152
341.888
26.152
26.152
26.152
26.152
26.152
26.152
26.152
26.152
26.152
26.152
341.936
26.152
26.152
26.152
26.152
342.936
341.888
26.152
26.152
26.152
26.152
343.936
26.152
26.152
26.152
341.888
26.152
26.152
26.152
26.152
26.152
343.936
342.888
26.224
26.152
26.152
26.152
341.888
343.936
26.152
26.152
26.152
26.152
26.152
26.152
26.152
26.152
26.152
341.888
26.152
26.152
341.936
26.152
26.152
26.152
26.152
26.152
26.152
26.152
343.888
26.176
26.152
26.152
26.152
341.888
26.152
26.152
26.152
341.888
26.152
26.152
342.888
26.152
26.152
26.152
26.152
26.152
26.152
26.152
342.936
26.152
26.152
26.152
26.152
26.152
343.936
26.152
26.152
26.152
342.936
341.888
26.152
26.152
26.152
26.152
342.936
26.152
26.152
341.936
26.152
26.152
26.152
26.152
26.152
26.152
26.152
26.152
26.152
343.936
26.224
26.152
26.152
26.152
341.888
343.936
26.224
26.152
26.152
26.152
26.152
26.152
26.152
341.888
343.936
26.152
26.152
26.152
26.152
26.152
26.152
342.888
26.152
26.152
26.152
26.152
26.152
26.152
26.152
26.152
26.152
343.936
26.224
26.152
26.152
341.936
342.888
26.152
26.152
26.152
26.152
26.152
343.888
26.152
341.936
26.152
26.152
26.152
26.152
26.152
26.152
343.888
26.176
26.152
26.152
26.152
26.152
26.152
26.152
26.152
26.152
341.888
343.936
26.152
26.152
26.152
26.152
26.152
26.152
26.152
26.152
26.152
341.936
342.888
26.152
26.152
26.152
26.152
26.152
342.936
342.888
26.152
26.152
26.152
26.152
26.152
343.936
343.888
26.176
26.152
26.152
26.152
26.152
343.888
343.936
26.224
26.152
26.152
26.152
26.152
341.888
26.152
26.152
342.888
26.152
26.152
343.936
343.888
26.152
26.152
26.152
26.152
26.152
26.152
26.152
343.936
26.224
26.152
26.152
26.152
26.152
26.152
343.936
343.888
26.176
26.152
26.152
341.888
343.936
26.152
26.152
341.888
26.152
343.936
342.888
26.224
26.152
341.888
26.152
26.152
26.152
26.152
343.888
26.152
26.152
26.152
343.936
26.152
26.152
26.152
343.936
26.224
343.888
26.176
26.152
343.936
342.888
26.224
26.152
26.152
26.152
26.152
26.152
26.152
26.152
26.152
341.888
343.936
26.152
26.152
26.152
26.152
26.152
343.936
26.224
26.152
342.936
26.152
342.888
26.152
26.152
342.888
26.152
26.152
26.152
26.152
342.936
26.152
26.152
26.152
26.152
341.888
343.936
26.224
26.152
26.152
341.936
26.152
26.152
26.152
26.152
26.152
26.152
26.152
342.936
26.152
26.152
343.888
26.152
26.152
26.152
341.888
26.152
26.152
26.152
343.888
26.152
26.152
26.152
341.936
26.152
26.152
26.152
26.152
26.152
342.888
26.152
26.152
26.152
342.936
343.888
26.152
26.152
26.152
26.152
26.152
26.152
343.888
26.176
26.152
26.152
26.152
342.936
26.152
342.888
26.152
26.152
341.936
341.888
26.152
26.152
26.152
343.936
26.224
343.888
26.176
26.152
341.936
26.152
341.888
26.152
26.152
26.152
342.936
26.152
26.152
342.936
342.888
26.152
26.152
26.152
26.152
26.152
26.152
26.152
26.152
342.936
26.152
26.152
26.152
26.152
26.152
26.152
26.152
26.152
26.152
26.152
341.936
26.152
26.152
343.888
26.176
26.152
341.888
26.152
26.152
26.152
26.152
26.152
26.152
26.152
26.152
343.936
26.152
26.152
341.888
26.152
26.152
26.152
26.152
343.888
26.152
26.152
342.936
342.888
26.152
342.936
341.888
26.152
26.152
26.152
26.152
26.152
343.936
26.224
26.152
26.152
26.152
342.936
26.152
26.152
343.888
26.152
26.152
26.152
26.152
26.152
26.152
343.888
26.176
26.152
26.152
26.152
26.152
26.152
341.936
26.152
26.152
26.152
343.936
26.224
26.152
26.152
26.152
341.888
26.152
26.152
26.152
341.936
342.888
26.152
26.152
26.152
26.152
26.152
343.888
342.936
26.152
26.152
26.152
26.152
26.152
26.152
343.936
26.152
342.936
26.152
26.152
26.152
26.152
343.936
26.152
26.152
26.152
26.152
343.936
26.224
26.152
26.152
26.152
26.152
26.152
343.936
26.224
343.888
26.176
26.152
26.152
26.152
26.152
26.152
26.152
26.152
342.888
26.152
26.152
26.152
26.152
26.152
343.936
343.888
26.176
26.152
26.152
26.152
26.152
26.152
26.152
342.888
26.152
26.152
343.936
26.152
26.152
341.888
26.152
26.152
341.936
26.152
26.152
343.888
26.152
26.152
343.936
26.224
26.152
26.152
341.936
26.152
343.936
26.152
26.152
26.152
26.152
26.152
343.888
26.176
26.152
26.152
341.936
26.152
26.152
26.152
26.152
26.152
342.888
26.152
26.152
26.152
26.152
26.152
341.936
26.152
26.152
26.152
26.152
26.152
341.888
343.936
26.152
342.936
26.152
26.152
26.152
341.936
26.152
26.152
26.152
342.936
26.152
26.152
26.152
26.152
342.936
26.152
26.152
26.152
26.152
26.152
26.152
343.936
342.888
26.224
342.936
26.152
341.936
341.888
26.152
342.888
26.152
26.152
26.152
26.152
26.152
341.936
26.152
26.152
26.152
26.152
341.936
26.152
342.888
26.152
26.152
26.152
341.936
341.888
26.152
343.936
26.224
26.152
26.152
342.936
26.152
341.888
26.152
26.152
26.152
342.936
26.152
26.152
343.888
26.176
26.152
341.936
26.152
343.888
26.176
26.152
26.152
26.152
26.152
341.936
26.152
343.888
26.176
26.152
26.152
26.152
342.936
26.152
26.152
343.936
26.224
26.152
26.152
26.152
26.152
26.152
26.152
26.152
343.888
26.176
26.152
26.152
26.152
343.936
342.888
26.224
26.152
26.152
342.888
26.152
26.152
26.152
26.152
341.888
26.152
26.152
341.888
343.936
26.224
26.152
26.152
26.152
342.936
26.152
342.888
26.152
26.152
342.936
26.152
26.152
26.152
26.152
26.152
26.152
26.152
26.152
342.936
26.152
26.152
26.152
26.152
343.888
26.176
26.152
26.152
342.936
26.152
341.888
26.152
26.152
26.152
26.152
341.936
26.152
343.888
26.152
343.936
26.224
343.888
26.176
26.152
26.152
342.936
26.152
26.152
26.152
26.152
26.152
341.936
26.152
26.152
26.152
341.888
26.152
26.152
26.152
341.936
342.936
343.888
26.152
341.888
26.152
26.152
26.152
26.152
341.888
343.936
26.224
26.152
26.152
26.152
341.936
341.888
26.152
26.152
26.152
26.152
342.936
342.888
26.152
26.152
26.152
343.888
26.176
341.888
26.152
26.152
26.152
26.152
342.936
26.152
343.888
26.176
26.152
342.888
26.152
26.152
342.936
26.152
26.152
343.936
342.888
26.224
26.152
26.152
341.888
343.936
26.224
26.152
26.152
26.152
26.152
343.936
26.224
26.152
26.152
26.152
343.888
26.176
26.152
26.152
342.936
26.152
26.152
26.152
26.152
26.152
341.936
26.152
26.152
26.152
341.936
26.152
26.152
26.152
26.152
26.152
26.152
26.152
26.152
26.152
26.152
26.152
341.936
26.152
26.152
26.152
26.152
341.888
26.152
26.152
26.152
343.888
26.176
26.152
26.152
26.152
343.936
26.224
343.888
26.176
26.152
26.152
342.888
26.152
26.152
26.152
343.936
26.224
26.152
26.152
26.152
26.152
26.152
26.152
26.152
343.888
26.152
26.152
26.152
26.152
342.936
26.152
26.152
26.152
26.152
343.936
26.224
26.152
26.152
343.936
26.224
26.152
26.152
342.888
26.152
342.888
26.152
26.152
26.152
26.152
343.936
26.152
26.152
343.936
26.224
26.152
26.152
343.888
26.176
26.152
26.152
26.152
26.152
26.152
342.936
26.152
26.152
26.152
26.152
26.152
26.152
26.152
26.152
26.152
26.152
26.152
343.936
26.224
26.152
26.152
26.152
26.152
26.152
342.936
341.888
26.152
26.152
342.936
26.152
343.888
26.176
26.152
26.152
342.936
26.152
26.152
26.152
26.152
26.152
26.152
343.936
26.152
26.152
26.152
341.936
26.152
26.152
341.936
26.152
342.888
26.152
26.152
26.152
26.152
341.936
26.152
343.888
341.888
26.152
26.152
26.152
26.152
26.152
341.936
26.152
26.152
26.152
26.152
343.936
26.224
26.152
26.152
26.152
26.152
26.152
26.152
26.152
341.936
26.152
26.152
26.152
26.152
26.152
26.152
26.152
26.152
26.152
26.152
342.936
341.888
26.152
26.152
26.152
26.152
343.936
26.224
26.152
26.152
342.936
26.152
26.152
341.936
26.152
343.888
26.176
26.152
26.152
26.152
26.152
26.152
26.152
341.888
343.936
26.224
26.152
26.152
26.152
26.152
26.152
342.936
26.152
26.152
26.152
26.152
26.152
341.936
26.152
26.152
26.152
26.152
26.152
343.888
26.152
26.152
26.152
26.152
341.888
26.152
26.152
26.152
26.152
26.152
341.936
26.152
341.936
26.152
343.888
26.152
26.152
341.888
343.936
26.224
26.152
26.152
26.152
342.936
26.152
26.152
343.888
26.176
26.152
26.152
26.152
26.152
341.888
26.152
26.152
26.152
26.152
343.888
26.152
343.936
26.224
26.152
26.152
26.152
26.152
26.152
26.152
26.152
26.152
342.936
26.152
26.152
26.152
26.152
26.152
26.152
26.152
26.152
341.936
341.888
26.152
26.152
26.152
26.152
343.936
26.224
26.152
342.888
26.152
26.152
26.152
26.152
341.936
26.152
26.152
341.888
26.152
341.936
26.152
26.152
26.152
26.152
341.888
26.152
26.152
341.936
26.152
26.152
26.152
342.936
26.152
343.888
26.152
26.152
343.936
26.152
26.152
26.152
341.936
26.152
26.152
26.152
26.152
26.152
26.152
26.152
26.152
342.888
26.152
26.152
26.152
26.152
26.152
342.888
26.152
26.152
26.152
26.152
26.152
343.936
26.224
26.152
26.152
26.152
341.936
26.152
342.936
26.152
26.152
26.152
26.152
26.152
26.152
341.888
26.152
26.152
342.936
26.152
26.152
26.152
342.936
26.152
26.152
26.152
341.936
26.152
26.152
26.152
342.888
26.152
26.152
26.152
26.152
342.888
26.152
26.152
26.152
342.936
26.152
343.936
26.152
26.152
341.888
26.152
26.152
26.152
26.152
343.888
26.152
26.152
26.152
26.152
343.936
26.224
343.888
26.176
26.152
26.152
26.152
26.152
343.936
343.888
26.176
26.152
26.152
343.888
26.176
26.152
26.152
26.152
26.152
343.888
26.176
26.152
26.152
343.936
26.224
26.152
26.152
26.152
26.152
26.152
341.888
26.152
26.152
341.888
343.936
26.152
26.152
342.936
26.152
26.152
26.152
343.936
26.224
26.152
26.152
26.152
26.152
26.152
342.888
26.152
26.152
26.152
26.152
26.152
26.152
26.152
26.152
26.152
26.152
26.152
26.152
341.936
26.152
342.888
26.152
26.152
26.152
343.936
26.224
26.152
26.152
26.152
26.152
26.152
343.936
26.224
26.152
26.152
343.936
26.152
26.152
26.152
26.152
26.152
343.936
342.888
26.152
26.152
343.936
342.888
26.224
26.152
26.152
342.936
26.152
26.152
343.888
26.176
26.152
342.936
342.888
26.152
26.152
343.936
342.888
26.224
26.152
26.152
341.936
26.152
26.152
26.152
26.152
26.152
341.888
343.936
26.224
26.152
26.152
26.152
26.152
26.152
342.936
342.888
26.152
26.152
26.152
26.152
26.152
26.152
26.152
26.152
26.152
26.152
26.152
26.152
342.936
26.152
343.888
26.152
26.152
341.888
26.152
342.936
26.152
26.152
343.888
26.176
26.152
26.152
341.936
26.152
342.888
26.152
26.152
26.152
26.152
26.152
26.152
26.152
341.936
26.152
26.152
26.152
26.152
342.888
26.152
26.152
26.152
341.888
26.152
26.152
26.152
26.152
26.152
26.152
26.152
341.936
342.888
26.152
26.152
341.888
343.936
26.224
26.152
26.152
26.152
342.936
26.152
26.152
26.152
26.152
341.888
26.152
26.152
26.152
26.152
26.152
26.152
26.152
26.152
341.936
343.888
26.176
26.152
26.152
26.152
342.888
26.152
26.152
26.152
26.152
26.152
26.152
26.152
26.152
26.152
343.936
342.888
26.152
26.152
26.152
26.152
26.152
26.152
341.936
26.152
342.888
26.152
26.152
26.152
343.888
26.176
26.152
26.152
341.936
26.152
26.152
26.152
26.152
26.152
26.152
343.936
26.152
26.152
342.936
26.152
343.888
26.176
26.152
26.152
343.936
26.152
26.152
26.152
26.152
26.152
26.152
26.152
26.152
26.152
26.152
26.152
26.152
26.152
26.152
26.152
26.152
26.152
343.936
343.888
26.176
26.152
26.152
341.888
26.152
26.152
26.152
26.152
26.152
26.152
26.152
26.152
26.152
343.936
26.224
343.888
26.152
26.152
26.152
26.152
26.152
26.152
26.152
26.152
26.152
26.152
343.936
342.888
26.224
26.152
26.152
26.152
341.936
26.152
26.152
26.152
26.152
26.152
26.152
343.888
26.176
26.152
26.152
342.888
26.152
26.152
343.936
342.888
26.224
26.152
26.152
26.152
342.936
26.152
26.152
26.152
343.888
26.152
26.152
26.152
26.152
26.152
26.152
26.152
26.152
343.936
26.224
26.152
26.152
26.152
341.888
26.152
26.152
26.152
342.888
26.152
26.152
343.936
26.152
26.152
341.936
26.152
26.152
26.152
342.936
26.152
342.888
341.936
26.152
26.152
26.152
26.152
341.888
343.936
26.152
26.152
26.152
341.936
343.888
26.152
342.936
26.152
26.152
26.152
343.936
343.888
26.152
341.888
26.152
26.152
26.152
26.152
341.888
342.888
343.888
342.936
341.888
343.888
343.888
341.936
343.936
343.936
341.936
343.888
342.936
341.888
341.936
341.888
343.936
343.936
343.936
343.888
341.888
342.936
341.888
341.888
341.936
342.888
342.936
342.888
342.888
343.936
343.888
342.936
342.888
342.936
341.888
342.936
342.936
341.888
343.936
342.888
343.936
342.888
341.936
341.888
341.888
343.936
341.936
341.888
