24.44
24.44
24.488
25.776
24.44
25.824
24.488
25.776
25.824
25.728
24.728
25.824
24.776
25.872
25.92
24.44
25.968
25.872
24.44
24.44
31.728
24.536
24.632
24.68
25.776
31.824
31.872
24.44
26.16
24.488
26.016
24.44
25.824
25.872
24.488
25.92
36.064
24.64
25.728
24.448
31.728
24.44
37.4
31.928
24.536
25.784
25.776
24.776
37.392
24.824
26.16
25.968
24.92
26.016
24.728
26.16
37.824
36.016
37.632
37.064
31.728
26.016
24.44
25.728
36.248
24.44
37.064
31.728
24.632
37.4
24.968
36.536
25.304
36.632
25.16
24.968
26.16
36.632
36.728
26.112
26.448
37.016
25.064
31.872
26.64
26.688
26.256
24.44
25.728
36.248
25.776
37.344
25.728
37.064
37.112
31.728
37.208
37.448
24.776
31.976
24.584
37.304
37.112
25.832
24.92
37.64
24.88
37.544
37.112
37.16
37.88
25.208
26.216
37.016
37.784
25.064
31.728
37.352
38.256
26.544
24.64
26.592
25.832
24.44
31.88
26.168
24.44
31.976
37.016
26.264
32.072
37.016
37.064
37.304
24.496
37.352
37.264
25.88
37.312
25.928
36.4
31.736
26.024
31.728
36.296
37.304
25.832
25.728
24.44
25.776
24.488
37.256
36.584
37.352
36.68
25.448
25.496
26.112
25.304
25.352
37.4
31.824
25.448
25.016
37.968
26.496
37.016
26.352
37.064
26.4
36.248
25.968
25.728
25.112
25.728
25.448
26.064
37.872
25.544
37.112
38.208
37.16
38.304
37.16
25.88
26.976
37.448
26.784
26.216
38.592
27.12
37.592
31.728
37.928
31.728
37.736
27.456
37.112
27.408
26.216
27.072
38.88
38.928
27.456
26.408
31.824
26.456
39.312
38.024
31.92
26.552
28.128
28.176
38.024
26.792
39.168
26.6
27.696
26.648
27.744
37.256
38.264
26.552
31.728
26.6
26.408
38.216
27.792
26.744
31.728
25.544
27.36
31.968
36.92
39.456
25.448
27.984
37.016
39.552
25.784
32.16
26.688
37.064
25.592
37.4
26.592
25.448
38.4
37.736
36.344
36.016
25.728
24.44
26.064
24.488
25.728
31.872
36.056
25.728
24.92
25.776
24.776
26.112
37.68
24.872
37.16
26.016
31.824
37.016
26.112
37.064
37.112
26.208
24.92
24.632
25.728
37.16
37.536
24.728
36.536
37.632
24.632
37.728
37.16
24.968
25.016
25.872
36.584
25.352
37.488
24.968
36.536
37.968
24.92
37.208
25.016
26.352
37.544
38.16
37.112
37.16
25.736
26.352
37.304
26.688
38.256
37.064
31.824
25.832
31.872
25.544
26.88
37.112
26.928
25.64
38.736
25.688
26.784
37.496
26.072
36.92
36.968
25.496
27.312
37.304
37.352
37.208
26.88
26.688
25.4
25.448
27.024
25.496
38.832
38.64
25.592
25.64
25.976
26.832
37.016
37.784
38.496
26.072
37.4
38.832
37.448
31.92
31.728
36.488
38.064
37.016
26.592
25.064
26.64
25.112
31.968
24.92
26.256
37.016
37.016
36.248
36.296
36.344
25.728
24.488
37.256
26.16
24.872
25.968
32.016
25.824
37.632
24.824
26.208
37.112
32.016
24.488
26.544
38.112
37.92
25.968
24.536
24.44
25.728
37.208
25.776
36.536
37.544
37.592
37.16
26.064
37.208
26.4
24.44
38.208
37.208
26.256
25.824
37.632
37.016
25.728
37.304
31.832
36.208
37.4
37.216
25.928
37.16
37.496
36.016
37.504
24.832
37.6
37.4
24.928
37.016
24.584
25.88
36.152
36.2
24.728
31.776
36.448
36.304
31.728
26.016
26.024
37.4
25.928
24.44
31.976
37.208
26.024
24.776
25.832
36.584
32.12
37.928
32.216
36.728
25.496
26.112
25.304
37.92
26.448
37.016
37.064
36.392
36.584
26.64
25.112
36.92
31.728
25.448
26.064
37.016
25.304
37.112
25.64
37.448
25.976
37.544
38.064
25.256
38.112
37.064
26.4
25.592
26.208
37.016
38.016
26.024
37.352
26.072
38.688
25.88
37.208
27.264
25.976
27.312
37.304
31.728
37.832
31.776
37.4
27.264
26.888
26.216
26.264
37.592
38.36
37.928
31.92
26.216
26.928
26.024
37.352
26.784
26.352
37.92
26.448
37.4
38.256
25.448
38.304
26.832
38.64
25.592
25.4
25.448
26.784
37.256
26.832
37.304
25.592
37.4
26.544
25.496
38.352
25.304
25.352
31.728
25.4
26.976
32.064
38.832
25.112
24.92
26.736
36.728
38.064
25.256
26.592
37.064
25.592
37.4
25.688
37.256
26.024
37.592
26.12
37.688
27.072
26.264
26.12
27.744
39.36
37.016
26.024
38.496
37.352
26.784
37.4
38.592
25.688
25.496
27.168
37.064
36.728
26.544
36.584
26.928
36.68
25.208
26.544
37.016
26.4
25.112
36.728
26.304
25.496
31.872
26.64
25.832
26.448
37.448
25.976
38.352
26.072
27.168
37.16
24.488
38.832
26.448
37.016
31.776
36.584
25.824
37.392
36.824
26.16
25.352
37.16
26.496
26.544
37.16
25.688
25.736
36.92
26.736
37.112
31.728
38.256
36.68
26.256
26.064
24.776
26.112
37.304
37.92
36.872
31.776
25.16
26.304
36.968
25.064
37.776
36.016
26.304
31.872
25.92
25.728
36.248
25.832
25.88
24.632
25.728
37.16
37.208
26.064
25.256
25.872
37.544
31.728
25.592
37.536
37.16
32.064
36.296
31.728
26.736
26.304
26.352
26.112
36.352
31.776
36.4
25.824
37.392
25.92
24.784
37.312
36.88
31.728
26.256
38.064
36.304
31.872
26.408
25.976
24.44
26.024
24.776
26.12
37.064
31.728
37.016
37.776
26.112
31.92
37.016
26.448
32.256
24.44
37.344
24.44
31.728
37.064
26.016
37.824
24.44
31.872
36.112
25.92
24.44
37.488
36.248
26.016
36.056
24.584
24.68
31.872
24.488
24.536
31.968
37.064
37.776
24.872
32.304
37.016
32.352
24.536
31.968
37.776
26.304
24.68
26.112
37.632
37.44
24.44
26.016
31.728
37.064
37.536
36.632
37.4
25.776
24.968
25.728
36.968
26.064
25.064
26.16
37.352
26.208
25.4
37.448
26.544
36.296
37.544
38.208
37.536
37.112
24.776
26.112
36.104
25.92
37.728
37.016
26.256
36.344
31.824
24.872
37.16
25.92
36.728
25.728
24.776
37.016
24.824
26.4
36.392
24.68
26.016
36.488
24.632
24.68
37.208
25.824
37.256
25.872
36.16
37.168
36.016
25.776
24.544
37.584
24.592
31.728
24.44
26.016
24.44
24.44
31.728
37.304
36.16
37.304
37.112
37.352
36.44
25.88
37.496
25.784
24.44
31.728
37.536
31.824
24.584
26.112
24.632
32.16
24.68
37.968
32.256
32.304
37.064
38.352
24.632
26.64
37.016
25.776
24.584
37.112
24.92
25.776
37.448
31.824
24.776
37.536
31.824
24.536
25.872
25.968
24.68
26.016
24.728
25.872
31.92
26.208
36.44
31.776
26.064
25.256
37.632
36.824
26.4
31.728
37.16
26.736
25.928
37.544
26.88
27.024
37.496
31.872
27.36
37.592
38.688
37.16
26.976
37.928
27.072
25.4
38.976
25.448
27.504
38.592
26.88
31.968
37.016
37.064
26.544
25.592
26.352
25.64
26.4
37.208
25.496
24.728
26.832
24.824
31.92
24.632
26.688
24.68
31.776
37.584
31.776
24.44
25.776
24.488
31.824
36.2
37.208
25.824
25.872
25.92
24.872
37.536
26.064
37.872
31.92
31.968
37.016
37.776
31.824
37.112
25.872
37.16
24.488
25.728
24.544
31.728
37.072
26.016
24.88
24.928
37.304
24.736
36.304
24.64
25.976
24.688
24.544
25.88
24.44
37.208
31.728
24.776
26.024
36.104
31.832
37.112
25.16
31.92
24.728
31.728
36.296
26.016
37.064
26.208
24.92
31.728
26.112
31.92
36.016
38.208
37.024
26.016
24.832
37.36
36.448
31.776
24.688
24.736
25.88
36.352
31.928
37.736
36.688
25.832
37.016
26.168
36.016
25.728
31.776
24.44
24.488
31.776
24.536
25.728
24.44
31.728
24.44
31.728
37.536
26.064
25.872
24.488
37.304
24.44
37.208
25.728
24.536
37.304
37.016
24.496
24.544
37.4
37.208
32.168
24.776
37.736
26.264
37.64
24.44
37.208
25.728
37.016
31.728
24.824
37.352
31.728
37.4
26.016
25.448
26.064
37.736
37.68
37.304
38.016
26.304
31.728
38.256
37.304
26.784
25.352
38.592
37.4
26.88
25.448
38.688
37.016
31.776
36.584
26.256
36.064
24.592
25.728
24.928
25.776
24.976
25.312
37.688
25.12
37.016
25.064
37.832
31.88
26.456
37.016
31.784
24.584
38.072
31.88
38.408
24.88
26.216
26.024
37.592
37.016
37.64
37.112
37.496
25.728
37.016
24.584
24.44
37.016
24.44
31.728
24.776
37.536
36.44
37.536
26.112
24.824
37.68
37.16
31.968
24.728
37.776
37.496
26.304
37.064
24.632
31.872
31.92
24.44
25.728
36.056
37.536
36.104
24.632
36.44
25.776
36.776
36.584
25.112
26.256
36.536
31.728
26.208
37.064
26.016
36.248
37.632
37.256
24.872
25.728
37.16
36.968
26.064
25.496
37.632
37.064
31.92
37.16
36.968
38.304
37.304
26.64
25.832
31.728
36.968
26.784
25.496
37.304
37.112
27.168
25.4
37.208
25.736
37.544
27.12
31.728
25.976
38.496
27.024
27.072
37.064
38.88
25.832
38.592
24.584
26.88
36.152
38.448
37.016
37.824
36.536
36.344
36.392
25.968
37.16
26.016
25.208
37.208
37.256
25.728
37.016
25.776
25.728
24.44
32.016
36.016
37.824
37.264
32.112
37.92
26.208
37.064
31.872
24.632
25.728
24.776
37.536
37.064
31.824
36.392
26.112
37.536
24.968
25.016
31.824
37.304
26.112
25.352
26.208
25.16
25.208
31.872
37.256
24.824
37.92
36.632
31.968
37.064
26.544
25.064
31.728
25.112
26.496
37.4
31.824
25.448
38.352
37.736
26.64
25.784
37.16
26.304
37.016
38.112
37.064
26.64
25.832
37.4
26.736
26.168
31.728
25.976
36.632
31.728
24.488
26.256
36.296
32.064
24.584
38.352
36.392
38.4
32.208
26.256
25.016
37.064
24.872
26.208
37.016
26.256
24.44
25.728
25.776
24.44
24.488
25.728
31.824
36.248
24.776
25.824
25.728
24.824
24.872
25.728
25.776
37.584
37.016
24.488
31.776
37.256
25.728
36.104
37.112
25.728
25.16
24.968
31.728
37.496
26.016
25.064
25.112
31.728
37.16
26.016
36.968
37.824
25.496
38.208
38.592
24.44
27.12
37.016
38.448
24.824
26.256
36.632
31.776
37.584
26.4
37.016
36.016
24.488
36.296
24.824
36.392
25.728
37.064
24.44
24.488
24.536
25.968
37.016
25.064
31.776
25.112
25.16
37.632
37.208
25.16
26.304
25.016
31.872
26.64
36.632
37.968
26.496
25.208
36.776
26.352
26.448
37.16
25.688
37.496
31.776
26.024
26.784
37.832
38.592
32.16
37.928
26.696
26.744
38.312
27.648
27.08
27.128
38.504
37.352
31.728
37.4
27.368
28.224
27.176
31.872
38.984
39.84
27.272
37.16
40.176
27.704
39.752
40.608
39.8
28.896
27.848
28.944
28.184
41.424
26.024
28.8
40.368
27.216
25.688
38.784
36.776
25.304
26.88
31.968
37.016
27.216
26.64
24.544
24.592
25.728
37.304
36.736
25.024
31.968
25.072
37.776
37.12
26.304
24.736
36.304
37.928
24.64
26.216
31.776
26.304
25.36
25.976
37.168
37.784
25.456
31.832
26.6
32.168
37.36
38.696
37.408
32.264
32.072
37.744
38.84
26.272
32.408
26.32
27.656
38.128
39.464
32.312
26.464
27.8
32.168
26.56
32.216
37.168
39.464
38.656
27.184
39.56
37.552
39.992
37.984
27.8
26.032
27.848
37.84
31.736
28.184
28.232
25.984
31.728
27.696
25.648
32.064
27.552
25.504
27.12
37.072
27.168
25.84
26.744
37.456
37.264
26.936
37.016
26.024
26.072
27.08
25.88
27.128
27.176
37.696
25.984
26.032
27.128
25.84
27.176
25.888
37.456
26.224
26.272
37.12
26.608
38.176
38.224
26.752
26.368
27.704
31.728
28.176
37.064
38.792
27.704
27.32
39.512
39.128
28.04
37.496
39.464
37.352
39.32
27.424
28.76
37.016
28.616
27.464
28.664
38.656
31.728
28.896
28.136
28.472
31.88
28.808
28.856
28.904
28.952
37.016
40.52
27.224
40.568
27.272
28.616
27.32
28.424
38.888
28.472
27.656
26.32
26.656
28.712
26.704
27.56
26.512
39.176
32.024
25.984
37.072
27.608
37.6
39.416
26.368
27.944
26.176
27.32
37.016
37.784
31.872
25.936
27.6
37.744
27.168
26.032
25.84
27.176
31.784
25.792
26.936
25.888
31.784
25.936
38.792
37.744
38.84
38.888
25.84
36.976
27.32
26.936
38.312
26.84
26.272
38.648
26.32
27.176
26.368
27.224
26.176
39.032
37.792
26.32
31.728
37.168
37.936
27.272
25.984
31.88
37.36
27.656
37.064
31.728
37.592
27.456
32.064
25.84
27.072
27.12
37.216
27.08
25.6
38.936
25.696
27.032
37.504
38.6
38.696
26.368
26.416
37.024
27.32
26.752
39.128
26.56
26.128
31.824
37.696
25.504
25.072
24.928
38.312
25.312
26.408
31.976
26.264
38.072
25.024
37.072
38.168
37.12
26.696
37.168
26.264
26.36
25.12
26.216
38.024
24.976
31.832
37.264
38.36
36.592
26.648
37.12
26.216
25.216
26.072
31.728
26.496
38.304
38.072
24.784
37.88
26.408
26.456
36.448
26.024
31.728
38.016
37.016
37.824
25.064
26.024
25.216
26.072
36.784
37.64
25.552
31.928
37.12
37.976
31.728
36.056
26.256
37.016
25.728
24.92
25.776
37.064
26.112
24.592
26.16
25.776
37.352
31.88
37.064
31.928
26.216
32.264
38.312
24.44
26.6
37.208
26.648
36.296
31.776
36.112
24.64
24.448
31.728
37.216
36.544
36.016
37.064
24.44
25.776
25.824
37.392
24.44
25.728
37.016
25.728
24.592
37.36
31.92
24.928
25.776
24.736
37.352
37.264
31.88
24.832
36.4
24.688
31.728
36.256
24.544
37.352
24.592
36.16
31.92
37.304
25.832
26.216
37.16
37.784
25.208
31.832
37.256
26.84
37.304
38.408
24.88
32.216
36.928
26.744
26.552
36.544
37.88
25.072
31.928
36.4
37.168
26.264
37.216
24.784
31.776
31.728
24.536
37.544
36.344
24.872
25.728
37.16
37.536
25.208
24.776
24.584
31.776
36.392
31.728
24.44
26.064
36.248
26.112
31.728
24.584
37.536
24.68
36.248
31.728
25.016
26.016
37.304
32.064
25.352
32.112
25.4
26.4
25.448
36.776
31.728
26.544
37.872
24.44
26.16
37.208
36.296
37.544
31.728
24.44
24.488
25.832
36.016
25.728
37.16
37.208
36.056
25.728
25.776
36.488
37.256
31.776
25.064
26.304
26.352
26.4
31.968
36.776
32.016
26.784
26.352
25.64
26.4
37.208
31.968
38.496
26.784
26.072
38.592
25.688
31.728
25.736
27.456
32.064
37.352
27.792
37.16
32.16
27.648
37.112
32.496
27.264
26.976
37.16
27.024
27.072
38.64
37.592
26.688
26.496
25.688
38.544
37.496
26.832
26.024
37.592
26.928
25.736
37.544
26.072
27.168
25.88
27.216
25.688
25.736
37.064
25.832
31.728
25.64
31.776
37.208
25.736
25.784
26.88
25.4
26.976
25.448
25.256
38.64
37.016
25.784
25.832
38.352
25.88
26.88
25.928
31.728
37.256
37.784
37.592
25.4
25.448
36.68
26.352
38.16
37.536
37.016
37.064
24.872
25.728
25.776
37.344
26.112
25.968
37.304
25.832
37.016
24.44
25.728
25.776
24.776
31.824
37.064
25.872
32.16
36.248
37.256
37.536
31.968
24.44
25.776
26.064
36.104
26.112
32.4
24.92
25.776
37.208
25.824
25.256
36.824
26.16
37.592
31.968
37.64
31.776
36.112
31.824
38.112
36.208
26.4
24.44
37.208
36.536
36.584
24.872
37.776
24.44
37.016
25.728
24.584
24.44
37.536
37.352
36.392
37.536
26.064
25.872
25.064
25.112
26.208
37.016
37.776
25.544
26.304
25.352
36.632
31.872
37.16
38.16
31.728
26.352
24.544
36.352
25.728
24.688
37.304
36.496
31.728
37.688
31.728
37.16
37.832
37.208
37.88
24.44
37.544
37.352
37.592
24.68
37.208
24.776
25.776
37.064
36.632
37.4
36.592
25.976
36.928
24.976
26.312
26.648
24.88
24.688
38.072
24.784
26.36
37.072
31.824
36.448
26.024
36.256
24.544
26.12
26.168
36.448
32.16
37.216
37.264
25.88
37.16
31.928
26.216
36.928
26.264
37.064
26.072
36.872
38.12
26.408
25.648
31.728
37.216
26.736
37.264
26.6
37.16
38.408
37.208
31.976
37.256
37.304
27.272
25.592
26.6
37.64
37.688
26.456
24.832
36.64
26.696
25.168
26.744
37.064
26.552
37.112
31.728
24.92
37.016
26.264
26.312
31.776
36.248
25.824
32.112
25.728
37.112
31.728
24.68
37.776
32.064
37.872
26.4
26.448
36.064
32.256
24.832
26.304
24.88
38.112
26.16
26.208
37.016
26.216
36.104
25.784
25.728
37.016
25.776
31.824
31.872
25.92
37.112
24.68
24.592
24.64
31.728
37.168
26.016
37.352
25.072
37.496
25.168
26.264
37.216
26.312
37.024
37.072
26.408
37.12
36.448
24.736
26.312
36.352
31.776
37.12
26.064
37.168
24.496
31.776
36.064
26.064
36.112
32.112
26.4
24.44
25.968
24.544
25.776
24.544
37.304
37.072
24.88
31.728
36.448
37.304
31.728
24.832
25.976
32.024
26.312
37.88
36.832
26.168
37.736
37.784
37.016
26.072
24.584
31.728
26.256
25.728
36.064
24.44
31.728
36.296
25.776
32.064
31.872
24.488
25.776
31.728
37.776
25.824
36.44
36.488
37.584
25.016
26.112
31.92
36.392
26.448
24.968
31.728
25.872
37.728
38.064
26.112
26.16
37.352
36.016
25.728
25.776
24.488
31.824
24.536
25.872
36.344
24.872
25.728
36.68
31.728
36.064
36.112
24.64
37.168
31.776
24.976
25.024
25.072
37.12
25.408
36.736
37.592
25.072
31.824
24.88
38.112
36.688
32.16
37.216
26.688
25.504
31.776
36.976
26.552
26.36
36.352
26.408
24.88
26.456
32.024
24.736
38.072
37.064
24.872
37.736
37.352
24.592
37.688
24.64
31.976
36.448
26.264
37.216
26.312
24.784
26.36
31.728
37.016
24.824
31.728
24.784
37.4
37.208
37.448
24.536
37.544
26.024
24.872
36.68
26.12
24.728
31.728
31.776
24.968
36.536
25.872
24.584
24.632
37.728
24.44
24.688
31.776
37.216
26.064
25.024
26.112
37.68
37.208
32.208
38.016
25.456
32.544
25.504
37.872
26.64
36.88
38.208
26.976
26.84
26.032
37.36
31.728
26.128
27.456
26.176
27.504
37.504
27.552
37.072
26.8
26.848
26.896
39.128
38.32
26.848
37.016
27.752
37.064
27.8
27.272
27.32
37.208
39.944
27.416
28.472
31.728
37.064
27.512
28.424
27.56
28.472
37.016
28.52
26.992
31.776
26.368
28.704
28.272
39.608
37.888
31.728
26.416
39.456
27.984
26.032
27.792
39.36
27.512
25.504
31.776
27.504
27.552
36.448
27.36
26.84
26.648
26.264
31.832
24.44
24.44
24.488
24.584
24.632
25.728
24.968
37.584
25.304
37.488
37.824
38.16
31.728
26.976
37.064
32.064
25.832
39.072
25.88
32.4
27.648
26.12
32.736
37.448
39.744
25.976
28.272
37.064
33.12
25.352
28.368
39.936
25.688
39.504
37.496
32.592
32.16
37.352
27.168
37.16
38.736
37.208
37.256
27.072
25.784
26.928
25.4
26.976
37.208
26.832
36.776
26.88
25.064
37.776
24.728
31.824
38.16
37.968
24.44
26.064
36.248
31.728
24.776
26.016
24.824
37.016
36.104
37.016
25.728
24.824
31.728
25.832
36.016
37.024
25.928
24.832
31.976
26.264
24.784
37.64
24.832
37.688
24.88
26.216
26.264
37.016
24.832
24.88
37.736
25.784
24.44
37.592
36.248
31.776
31.728
36.392
24.92
26.064
24.776
37.872
37.304
37.536
25.448
25.016
37.872
37.064
26.4
37.112
38.208
25.64
37.208
25.496
31.776
25.112
26.784
25.16
38.352
25.208
37.872
25.544
31.92
31.968
32.016
38.064
37.016
31.776
25.784
27.024
37.112
27.072
37.64
31.92
26.168
27.408
37.784
31.728
26.552
27.456
27.504
37.544
37.352
38.928
31.776
27.504
27.552
25.064
25.112
27.168
36.92
26.976
26.544
25.256
31.728
25.592
25.4
26.736
38.352
24.584
31.92
24.632
31.824
36.2
37.872
37.016
26.16
36.584
24.872
24.68
26.016
26.064
24.44
24.44
24.44
25.728
25.776
37.064
24.632
31.824
24.824
37.632
24.872
24.92
37.536
37.208
37.584
36.536
37.304
36.872
31.728
36.68
26.064
24.44
25.728
24.488
32.016
37.584
37.016
36.584
25.112
37.4
25.824
25.208
25.256
37.544
25.352
25.16
37.824
37.208
24.776
25.728
36.064
25.776
37.072
24.88
24.688
37.456
31.776
25.024
31.824
24.872
31.728
36.248
37.776
32.064
36.344
32.112
38.4
38.208
25.824
36.536
37.304
26.16
31.728
38.256
26.304
32.112
26.16
37.728
24.92
37.776
26.304
26.352
38.16
26.688
25.4
38.016
26.544
26.592
25.784
26.64
25.112
31.968
36.92
38.256
32.064
25.256
27.312
24.92
26.496
24.968
24.776
31.776
36.584
26.304
37.872
36.968
25.496
26.4
37.352
38.208
26.832
25.784
37.352
26.928
37.16
38.496
26.168
27.024
26.216
37.304
26.072
31.776
25.736
26.832
37.064
38.64
25.832
38.448
25.88
26.976
25.688
37.256
38.592
26.024
24.728
31.728
37.016
26.976
24.584
27.024
37.352
26.832
37.4
36.488
37.304
36.056
36.296
36.016
25.728
24.44
25.776
24.488
31.728
37.256
25.776
25.824
36.016
25.728
36.064
37.344
24.44
36.016
25.728
37.064
37.304
31.832
24.44
26.12
36.248
31.928
31.976
24.584
24.632
31.728
24.488
26.064
36.056
31.872
37.016
25.968
36.584
36.632
36.296
25.872
24.824
31.728
24.632
31.776
37.584
37.112
36.44
24.488
36.296
37.728
24.44
36.064
31.776
24.44
37.208
25.728
25.776
24.584
37.112
24.92
25.776
36.488
31.824
25.256
26.112
36.584
31.92
37.16
37.256
26.304
25.544
26.64
26.688
38.016
25.448
32.064
25.016
27.312
37.304
32.4
36.872
38.688
25.4
38.496
26.352
25.304
26.496
36.728
38.064
36.824
26.16
37.352
26.208
37.016
36.824
26.304
25.592
37.16
26.4
24.968
26.448
25.016
31.776
36.824
37.352
25.64
37.208
37.016
26.592
38.16
26.736
26.784
24.536
38.352
26.88
26.688
24.44
25.776
36.064
37.072
25.728
36.4
24.928
25.88
24.832
31.928
37.12
25.168
37.784
25.216
26.552
37.024
24.832
37.12
36.928
31.728
26.496
26.304
24.832
37.976
24.928
37.544
26.072
25.024
25.072
37.928
37.12
25.408
26.264
37.456
31.728
37.504
25.312
25.36
25.976
24.688
37.216
31.776
37.264
26.12
24.872
24.92
25.776
25.824
25.016
37.392
36.824
31.728
25.352
37.16
37.776
25.688
37.496
25.592
37.16
24.728
24.776
38.352
24.824
24.872
25.968
37.16
32.016
24.728
24.536
31.728
37.016
26.256
32.064
24.44
25.728
37.208
31.776
36.536
37.824
24.824
26.112
24.872
37.92
24.92
31.776
24.544
24.44
37.304
25.88
25.776
25.728
24.488
36.056
25.728
24.872
25.728
31.728
36.536
26.112
24.824
37.728
37.064
26.016
24.728
37.256
31.776
24.824
38.064
26.352
31.776
25.872
25.064
37.44
36.632
25.968
26.016
36.968
37.824
31.872
37.016
25.352
26.688
25.448
26.784
37.016
26.592
38.208
37.016
25.304
26.784
26.832
26.88
26.928
25.64
31.728
37.016
26.736
26.024
38.304
26.072
27.072
37.4
26.976
37.448
26.216
37.544
27.12
27.456
37.928
26.216
37.064
27.84
26.552
27.888
37.16
26.168
25.976
31.776
37.544
39.024
37.352
37.016
27.072
25.064
27.168
26.736
24.728
26.304
24.776
37.064
26.4
24.872
37.968
37.016
32.016
26.112
36.248
24.776
25.728
31.728
26.016
25.728
25.776
31.824
24.44
26.112
24.44
26.16
32.208
37.016
24.44
31.776
37.208
24.536
25.728
24.584
37.352
37.4
37.448
25.256
31.728
25.064
26.016
36.872
37.584
24.44
24.488
37.256
31.824
24.584
26.352
24.44
24.488
37.584
31.872
37.016
31.92
37.112
36.248
25.728
36.296
31.776
25.728
31.728
36.296
26.112
25.92
37.016
25.968
24.488
25.776
26.112
25.728
37.344
37.448
37.304
25.832
37.4
37.016
25.728
32.016
26.064
25.872
24.44
31.92
37.016
25.728
36.584
25.16
37.536
25.208
26.064
25.304
37.92
31.776
31.824
25.688
38.112
37.016
26.64
36.872
32.208
38.736
31.872
37.016
38.16
25.064
26.448
36.68
26.496
26.304
36.824
26.4
36.872
26.496
24.968
26.544
31.728
37.16
38.016
37.208
26.304
25.256
26.112
36.824
26.16
37.352
26.208
32.016
36.776
26.352
25.544
26.16
36.872
38.208
36.92
26.496
25.448
37.016
37.064
37.016
25.304
31.824
24.824
31.872
36.392
27.12
25.16
32.208
27.216
32.064
26.592
37.16
37.208
38.016
37.256
26.784
31.872
26.024
27.12
27.168
31.776
37.016
27.504
32.112
27.84
32.448
37.064
39.216
25.832
27.984
25.496
32.592
24.824
28.08
32.688
27.936
24.728
27.744
24.776
33.072
24.44
39.84
37.208
28.128
24.536
26.736
24.584
26.544
31.728
37.016
37.016
25.728
25.776
37.584
24.488
25.872
25.728
24.488
25.824
25.872
36.392
25.728
24.728
37.584
36.536
25.872
37.728
36.296
26.352
36.344
26.4
37.112
32.208
38.016
26.304
31.872
26.16
36.064
37.488
24.592
25.728
37.016
25.776
24.976
24.832
25.928
36.64
37.736
36.688
37.592
37.16
31.776
37.208
24.776
36.824
26.024
37.352
37.832
26.12
25.784
37.352
31.88
24.592
26.168
32.216
38.264
24.736
38.312
37.264
26.6
36.352
26.408
24.88
26.216
37.408
26.264
24.976
24.44
36.248
31.824
37.064
37.392
36.632
24.728
26.064
31.776
24.824
26.544
24.872
38.112
37.16
36.488
26.064
37.496
31.872
25.304
31.728
25.112
36.68
24.968
25.016
37.304
31.728
24.68
37.584
26.112
37.92
24.872
31.968
36.68
37.776
26.064
24.776
37.872
36.344
31.728
24.44
37.536
24.488
26.16
31.776
24.592
24.64
25.728
31.776
24.976
26.064
37.632
36.592
37.736
25.168
24.976
26.072
36.592
37.928
31.976
31.776
26.304
37.928
36.296
25.976
24.584
37.304
36.152
25.728
25.776
36.016
25.728
37.024
24.592
37.36
31.728
36.208
24.976
31.728
25.024
31.728
36.592
26.016
24.88
24.928
37.016
25.16
37.208
25.496
26.112
25.544
37.68
37.112
25.88
37.448
25.496
37.304
25.112
31.824
25.16
25.208
26.544
31.872
36.632
31.872
24.92
26.256
36.488
26.304
37.016
26.352
31.728
37.112
37.016
37.064
26.304
37.112
25.728
25.776
36.344
36.392
25.728
37.536
26.064
31.872
25.064
26.208
36.92
31.776
26.544
38.112
25.064
26.4
26.736
24.728
38.304
24.536
26.4
37.728
36.352
31.824
24.44
37.304
25.832
24.44
37.016
24.488
36.056
24.824
25.728
24.488
36.056
37.304
37.112
25.728
36.68
24.968
31.824
26.112
36.584
31.92
26.448
31.776
36.488
31.824
25.016
26.352
25.92
37.728
37.016
31.728
31.776
36.824
26.544
36.632
26.592
37.16
26.64
25.448
26.688
25.496
32.256
37.064
26.784
25.832
31.872
25.928
38.4
27.168
25.16
37.208
27.024
37.016
27.072
31.92
24.872
38.928
26.256
38.064
37.016
26.112
24.824
37.352
26.208
26.016
24.488
31.824
24.536
31.872
37.064
25.92
25.728
24.44
36.248
37.304
37.016
31.776
26.064
26.112
37.016
26.16
24.44
24.536
24.44
37.536
36.016
24.544
25.728
24.64
25.88
37.168
31.824
37.4
25.072
37.12
37.736
25.168
31.784
36.976
26.552
25.504
26.6
32.168
38.216
25.408
32.264
37.016
32.312
25.304
31.88
37.112
26.888
25.64
38.456
25.688
26.504
37.496
36.824
31.776
37.064
26.696
26.744
31.832
25.264
26.6
25.312
26.648
36.88
26.696
26.744
24.44
37.976
37.448
26.024
24.536
26.072
37.064
26.12
37.016
25.776
24.824
36.632
37.392
24.824
26.16
26.304
37.112
26.16
36.248
37.968
26.496
25.728
24.44
24.488
37.256
37.064
31.92
24.68
31.728
37.776
24.584
26.304
36.392
26.352
24.44
26.016
37.344
25.776
24.968
37.344
36.536
26.112
37.064
31.92
25.592
26.448
37.16
26.496
37.208
25.256
36.344
31.824
24.872
31.872
27.12
24.44
25.824
36.248
24.776
24.824
25.16
24.968
36.296
24.824
37.68
36.68
25.208
37.016
25.544
26.16
37.112
25.64
31.776
37.208
31.776
24.968
39.024
27.072
25.064
27.12
36.872
26.448
38.256
36.968
32.304
38.112
26.688
25.16
31.776
27.264
38.832
24.872
26.64
36.68
25.776
24.968
37.584
24.776
31.872
37.064
26.4
24.872
36.68
31.728
24.728
31.776
24.776
31.728
37.776
37.016
26.112
24.824
31.728
24.632
25.776
36.016
37.584
32.112
32.16
31.824
26.112
36.112
26.16
24.44
37.728
24.44
31.728
24.488
31.728
37.016
26.016
36.104
32.064
24.632
31.728
36.016
24.544
25.728
24.488
31.728
37.256
36.344
31.776
25.824
24.44
37.016
24.44
24.488
31.92
25.968
25.824
37.064
25.872
24.872
25.92
37.488
37.016
26.256
31.824
24.536
26.352
26.16
36.248
25.968
24.776
31.776
37.064
38.064
36.872
32.112
36.92
25.92
25.208
31.776
37.016
24.824
31.872
37.352
26.304
37.92
36.872
26.448
38.256
26.784
38.112
25.304
26.688
25.64
26.496
38.064
38.4
24.872
31.728
24.68
26.976
37.208
26.544
31.872
24.44
38.4
24.488
32.208
37.256
25.776
37.304
24.632
36.2
25.728
24.68
26.112
25.92
37.016
36.584
37.304
24.488
25.832
24.536
31.776
36.248
25.728
31.776
31.824
31.728
37.016
26.016
25.728
24.824
37.112
25.728
24.44
31.776
37.208
26.064
37.872
24.44
37.44
37.208
24.776
24.824
24.92
37.536
24.488
37.256
24.824
31.824
36.392
26.352
24.488
24.536
31.728
26.256
37.584
32.112
24.44
24.44
25.728
37.016
25.776
36.344
36.392
37.16
25.776
37.064
26.16
25.112
37.728
26.256
25.208
26.304
25.016
31.776
36.584
26.304
24.632
37.872
24.488
31.824
37.728
36.016
37.264
25.824
24.832
25.872
37.6
25.92
36.928
37.936
25.744
25.792
25.6
31.728
25.648
38.256
36.976
24.776
25.976
37.064
36.248
25.728
37.536
36.104
31.824
24.44
25.728
24.488
25.824
24.488
37.256
37.016
31.776
24.584
25.824
25.728
37.016
24.44
25.728
25.776
37.344
37.016
31.872
37.064
31.824
37.304
37.352
25.88
31.928
26.216
24.488
32.024
36.296
26.312
26.36
36.016
38.168
32.216
26.264
36.4
24.976
25.832
25.024
31.88
36.832
37.928
26.216
24.688
37.448
24.44
37.784
32.072
24.488
26.36
37.256
24.584
24.632
25.728
36.2
24.488
37.256
31.728
36.248
31.776
24.776
25.728
37.064
36.392
37.4
31.728
24.968
25.776
37.496
25.824
37.304
32.112
24.872
24.68
25.728
37.304
25.16
31.728
37.208
37.776
25.496
26.304
25.304
38.112
36.872
26.64
25.208
26.544
31.728
25.064
31.776
38.064
37.064
26.544
25.92
37.016
37.728
36.584
25.728
24.44
37.536
24.488
37.632
26.16
36.152
37.16
24.968
25.824
25.016
25.872
36.016
37.776
31.824
26.352
36.016
24.44
37.352
25.88
36.016
31.728
37.264
25.776
24.44
37.344
31.872
25.776
24.776
25.728
25.728
36.2
37.536
37.872
31.92
24.44
26.448
36.248
37.304
37.256
25.832
25.064
25.88
24.872
31.776
24.92
31.824
37.448
25.256
25.304
36.872
37.88
31.872
37.688
25.976
26.352
26.024
25.592
25.64
26.256
25.448
37.824
25.256
37.064
37.112
26.496
37.208
31.824
37.016
36.392
26.928
36.44
38.736
36.488
27.264
26.592
24.68
37.448
26.064
25.016
25.872
36.824
37.44
36.392
24.68
36.488
31.728
25.016
26.496
25.064
37.112
36.2
37.208
26.16
37.016
31.776
24.536
25.824
36.104
25.872
24.872
25.728
25.776
24.44
25.728
25.728
24.824
36.392
25.16
37.536
26.064
37.064
25.112
37.016
37.776
26.304
37.016
37.064
26.16
37.968
26.496
38.4
25.592
38.208
36.92
26.736
26.784
37.016
38.592
25.304
25.4
38.256
37.208
37.016
37.064
26.64
37.112
31.776
37.16
26.784
25.448
31.728
37.256
37.784
26.64
26.072
31.728
25.88
37.688
26.216
31.872
26.024
37.112
37.64
26.168
31.728
27.072
27.408
38.12
26.888
27.504
38.216
39.072
27.224
27.84
26.312
31.776
38.168
25.976
25.352
27.648
37.16
31.728
37.016
38.256
24.824
26.688
36.392
25.728
37.16
37.536
24.728
37.496
25.872
36.344
24.632
36.44
24.728
25.728
24.776
31.824
24.872
37.728
37.16
26.016
24.968
26.112
24.584
31.728
24.44
25.776
24.488
31.824
26.112
24.584
25.92
36.44
37.208
37.584
36.064
37.68
37.304
36.344
25.728
36.68
25.776
37.584
25.304
26.16
25.112
36.92
26.496
38.304
25.496
37.304
37.352
26.736
26.64
25.832
31.968
26.976
37.016
38.784
37.784
32.112
37.112
27.6
26.36
39.168
37.208
32.496
25.496
39.504
28.032
27.36
36.632
27.168
24.68
24.728
26.784
38.112
24.824
24.44
31.728
37.208
36.296
26.064
24.592
24.44
31.728
36.248
37.112
25.832
36.68
31.88
36.44
25.208
31.728
25.256
26.016
25.304
26.16
37.016
31.728
37.016
26.4
31.968
24.44
31.968
37.536
25.824
24.592
25.776
24.64
24.736
37.352
36.304
36.352
25.976
24.688
25.072
25.928
36.88
26.024
37.832
37.208
31.88
25.016
36.4
26.216
24.928
26.264
25.264
25.88
25.312
31.928
37.12
25.168
38.024
24.976
37.264
25.312
26.408
25.36
24.976
31.728
38.256
25.312
36.88
26.696
38.072
25.504
31.88
25.6
26.936
37.408
38.264
37.936
37.744
38.6
37.016
37.064
26.984
37.112
26.792
24.68
26.36
36.248
26.168
24.776
25.736
36.584
24.976
25.072
26.216
36.688
26.312
24.44
26.168
37.208
31.736
24.776
25.784
37.304
25.832
25.112
36.68
25.448
24.488
37.016
24.872
25.728
36.44
25.824
31.872
24.584
37.68
26.496
24.44
37.344
31.872
37.68
37.016
25.064
31.824
36.632
25.728
36.68
31.776
25.208
37.824
26.4
36.872
37.064
31.824
25.016
38.352
32.16
26.928
26.976
24.728
26.544
31.872
26.16
24.632
26.208
26.256
32.304
24.44
37.872
24.488
37.92
24.536
32.208
26.016
24.536
37.064
24.44
25.728
37.536
31.776
25.728
25.776
31.824
37.632
36.592
26.16
37.12
37.968
26.496
26.544
26.352
26.408
31.976
26.744
38.312
37.016
26.6
26.408
38.216
24.928
32.264
37.216
27.032
36.544
26.84
24.44
38.648
24.488
32.456
24.536
27.224
27.272
31.88
36.248
37.016
25.064
37.352
25.728
25.16
25.208
37.016
31.776
25.968
25.728
37.016
25.728
24.536
25.776
37.352
24.632
31.88
25.928
37.736
25.872
24.44
31.92
37.304
25.832
24.68
25.776
37.584
37.016
26.112
25.064
26.16
37.016
31.776
26.304
24.536
31.872
36.344
26.4
37.968
36.68
26.256
25.208
32.064
26.592
32.4
32.208
25.4
26.736
31.824
38.592
25.544
27.12
25.592
38.688
37.16
26.496
25.928
38.304
25.976
37.064
25.352
37.256
26.832
25.784
25.832
26.688
25.88
26.736
31.824
25.976
26.072
27.216
37.496
27.312
31.92
27.408
27.456
25.736
38.832
25.784
31.92
37.592
27.648
32.256
39.504
37.256
28.032
26.024
26.928
26.976
25.928
25.496
38.88
27.648
37.064
25.352
25.4
31.776
27.024
25.352
32.112
38.88
32.208
24.776
26.736
24.824
26.784
37.112
26.448
26.256
24.44
24.44
25.728
24.44
31.776
31.728
24.536
31.776
24.44
37.016
25.776
24.44
24.776
25.728
37.064
24.44
24.488
37.536
37.016
37.064
26.112
24.632
36.44
24.728
31.728
26.016
31.728
25.92
24.776
25.728
24.92
32.016
24.968
37.824
37.872
31.92
24.44
38.208
37.016
25.824
24.44
37.208
24.536
37.304
37.536
26.064
36.536
31.872
26.16
26.208
24.68
38.016
26.304
26.352
24.824
25.92
36.392
31.776
25.824
24.728
37.632
24.824
36.632
31.728
24.92
26.496
32.064
37.872
31.92
24.632
26.256
38.064
25.872
37.016
25.112
25.968
37.536
26.304
24.44
37.872
37.208
36.536
25.968
25.064
36.872
24.92
24.44
36.016
24.544
37.304
24.592
24.448
31.728
31.776
24.832
37.584
24.88
25.784
37.592
31.728
38.016
24.736
38.064
24.784
26.592
37.072
26.4
36.88
38.208
25.168
26.736
36.976
32.064
25.264
37.072
24.88
31.824
36.736
26.312
25.264
26.12
24.832
24.88
26.216
36.688
25.264
37.064
31.776
26.544
37.064
26.6
37.928
24.44
26.456
37.208
26.264
26.312
24.44
37.4
37.208
24.776
25.776
36.344
37.352
25.4
36.968
25.736
25.304
31.728
25.352
25.16
37.208
24.776
26.112
37.064
26.208
26.256
24.544
31.728
37.312
37.776
25.824
31.872
37.016
37.68
25.968
26.016
37.344
25.728
25.728
37.064
25.776
31.824
25.872
24.92
25.92
36.488
25.968
26.016
24.488
37.584
31.872
31.728
25.776
37.064
32.064
24.872
25.872
37.4
31.92
24.968
25.968
37.016
37.776
26.304
26.16
37.304
31.728
24.44
25.728
25.776
24.44
25.728
37.112
31.872
24.44
36.248
25.776
25.824
24.824
31.872
36.632
37.16
26.064
37.16
31.728
37.016
24.584
26.208
24.632
25.776
24.44
36.016
31.968
36.064
32.016
24.592
36.4
24.736
31.776
31.728
24.832
26.216
24.928
26.072
24.784
26.168
36.4
26.024
31.728
26.256
37.208
26.456
24.536
38.024
38.072
37.352
26.6
37.016
24.488
37.016
25.728
24.44
37.304
37.352
36.104
25.776
24.728
25.824
24.776
26.16
37.016
37.728
37.064
24.728
31.776
37.016
26.112
26.16
37.016
26.208
24.488
37.584
37.016
24.584
25.728
25.728
37.344
31.872
25.728
25.776
37.064
37.344
36.392
31.728
37.16
26.016
24.968
25.824
25.016
37.304
25.928
37.352
37.16
31.728
24.976
26.072
37.264
37.64
24.832
26.168
31.976
36.688
38.024
24.496
38.072
37.112
24.68
37.928
37.208
31.736
31.824
24.44
31.728
37.064
24.632
24.68
31.728
31.728
36.064
36.248
37.304
31.728
24.536
26.016
37.064
31.824
26.112
25.92
31.968
37.064
26.256
24.632
32.304
24.44
37.064
31.728
31.872
25.728
24.44
37.208
25.728
24.776
36.584
25.112
36.248
24.776
36.344
26.16
37.488
24.488
31.776
36.296
37.064
25.728
36.392
24.92
36.728
25.728
25.256
36.584
24.824
31.728
37.112
24.68
31.728
37.448
26.496
25.016
38.304
37.544
37.352
25.728
24.872
25.728
37.16
37.536
36.968
26.064
36.776
31.872
25.304
37.92
25.352
37.16
25.448
31.776
37.256
26.4
38.208
26.12
26.168
37.256
27.072
26.024
38.88
37.592
26.36
25.928
25.496
31.728
37.304
37.352
31.728
25.64
38.256
37.448
26.832
37.832
26.36
26.408
27.264
27.312
37.016
25.88
39.264
25.976
27.792
27.6
31.728
38.976
31.728
39.216
39.264
39.072
25.16
39.12
25.208
27.168
37.016
27.216
37.064
38.064
25.832
25.16
31.728
25.208
31.728
36.296
36.632
25.16
26.256
25.208
26.112
31.92
31.968
32.016
24.728
26.544
36.536
38.112
24.44
37.68
26.208
24.44
24.544
31.728
36.352
24.64
25.728
37.304
24.496
37.024
24.688
25.976
24.544
25.832
37.208
37.448
37.256
36.344
26.024
37.112
31.872
25.16
25.728
37.448
25.776
25.496
25.304
31.824
38.112
31.92
37.112
37.584
25.872
24.776
37.064
24.632
31.728
24.44
26.016
37.824
36.296
31.872
37.064
31.728
36.016
37.536
36.064
26.112
37.44
24.496
24.544
25.88
24.592
25.928
37.12
25.976
36.448
37.216
31.728
26.256
32.064
26.592
26.64
26.688
26.496
26.304
37.016
26.112
37.016
31.776
31.824
37.304
36.4
24.928
37.304
24.496
25.832
37.64
24.488
36.296
37.304
24.44
25.728
31.776
37.064
24.44
25.872
37.208
24.824
37.304
37.536
25.208
26.064
37.016
26.16
32.208
38.256
24.488
32.112
24.536
26.4
37.968
24.632
32.496
24.44
26.304
36.248
31.872
24.776
25.92
24.824
31.968
24.632
31.728
37.016
36.584
31.728
36.632
36.872
37.728
25.4
32.016
37.208
25.496
26.352
37.304
37.352
31.728
25.208
25.016
37.304
26.64
37.112
38.448
24.44
24.488
24.584
26.64
36.152
31.728
24.68
24.488
25.824
24.44
24.592
37.352
25.024
37.448
25.976
36.928
37.784
25.744
38.12
26.648
31.976
26.984
24.976
32.072
36.784
27.08
36.592
27.128
36.64
26.696
31.784
31.728
36.16
26.496
37.168
32.064
37.216
26.592
24.784
38.4
36.592
26.208
25.12
37.648
25.456
25.264
37.072
36.88
26.016
25.016
26.352
26.4
26.208
37.016
26.256
26.112
37.016
24.584
25.728
37.016
37.536
32.064
24.488
25.872
24.536
36.104
25.824
25.728
36.248
24.776
25.92
37.728
36.68
31.728
37.016
37.872
25.784
26.4
37.352
31.728
26.736
25.688
37.256
26.024
31.824
37.592
27.072
32.16
38.928
37.112
32.016
38.16
36.872
31.728
25.4
26.976
36.968
38.784
27.312
27.36
31.776
26.784
24.544
26.832
36.352
26.88
24.88
26.448
24.688
37.304
24.784
24.592
37.544
25.928
36.016
31.736
26.024
37.016
26.072
24.44
32.12
31.928
25.832
31.776
37.016
25.728
31.776
24.592
37.344
36.4
37.168
36.736
37.352
24.784
31.728
36.4
31.728
24.928
26.024
24.976
31.728
24.544
26.256
24.592
36.16
31.728
31.824
24.44
31.872
31.728
37.016
25.776
36.296
37.4
37.304
24.872
25.728
25.776
26.112
31.776
25.824
24.44
25.728
37.352
36.016
24.44
37.208
25.728
36.92
31.728
37.776
37.16
32.064
37.208
26.592
32.4
38.688
37.208
27.216
25.736
26.784
25.544
32.352
38.88
27.168
36.968
27.216
25.496
37.304
26.88
25.352
38.688
37.16
31.728
37.016
25.784
26.4
25.112
31.968
38.496
32.304
24.488
27.312
36.296
25.728
25.728
37.016
37.064
37.112
25.728
37.448
37.016
24.824
25.728
37.352
32.016
24.832
37.584
26.112
24.928
37.544
24.976
26.072
25.024
25.072
26.168
37.016
31.824
37.064
31.776
37.448
25.736
25.728
24.68
31.776
37.824
26.352
37.68
24.488
37.728
37.256
32.256
37.304
25.728
31.776
37.016
24.584
25.728
37.352
24.68
37.208
25.016
24.824
24.872
37.536
36.44
31.872
37.208
31.728
37.016
25.728
24.44
32.016
37.208
37.824
31.872
31.92
36.016
24.544
31.776
36.4
24.928
31.824
24.976
37.64
36.016
26.312
37.264
31.88
24.832
26.648
24.44
37.736
26.264
32.312
24.44
25.88
37.208
24.536
37.064
31.92
36.392
24.872
36.44
37.536
24.728
32.064
36.296
26.112
32.016
36.064
24.736
36.544
25.88
36.592
31.928
37.976
32.024
26.552
36.544
37.928
37.976
25.168
26.264
37.216
31.728
37.024
26.496
37.072
38.304
36.64
25.216
26.36
37.016
26.456
24.584
31.824
37.352
26.112
24.92
31.92
24.968
36.536
37.544
25.352
25.16
36.152
31.872
37.68
24.44
31.968
36.064
38.016
32.064
26.832
37.016
36.344
37.016
25.728
24.584
24.44
37.208
25.728
32.016
37.016
26.064
24.824
31.872
24.872
25.776
37.064
37.344
24.632
37.4
24.488
25.728
25.776
37.016
36.344
37.112
37.352
25.728
25.776
25.208
31.776
25.304
26.304
36.872
26.352
25.64
37.92
26.544
37.256
26.976
37.496
27.312
38.88
26.072
27.648
37.16
27.456
26.408
37.496
31.776
27.504
37.592
39.168
37.16
37.016
38.832
26.504
26.552
27.408
39.216
26.216
26.264
27.12
37.112
38.928
26.6
27.456
25.688
37.256
31.776
39.12
25.832
37.448
27.072
31.92
27.168
37.88
27.504
27.552
31.92
26.552
27.888
26.6
39.216
27.744
26.696
27.792
31.776
26.84
27.984
28.032
26.504
28.08
37.064
27.696
37.112
39.504
26.744
39.6
28.128
26.84
32.016
28.464
26.936
28.272
37.304
39.84
39.032
27.32
28.176
27.368
37.016
27.704
31.776
37.112
40.224
27.368
28.752
28.56
28.608
28.704
38.696
28.752
28.56
26.312
39.888
28.176
28.032
25.784
31.728
39.216
27.264
25.448
27.072
37.256
25.544
27.12
27.168
31.776
26.784
37.016
25.544
38.4
25.592
26.688
37.16
26.736
25.928
25.736
25.544
37.352
25.88
31.824
25.448
25.496
25.304
26.064
25.016
25.872
25.92
37.728
25.4
26.256
37.208
36.776
37.872
26.64
36.632
37.16
38.016
25.256
26.592
37.064
25.112
26.448
25.16
38.016
37.208
25.496
26.352
25.544
31.728
24.92
37.872
37.92
36.872
26.256
37.824
37.016
26.352
25.064
25.112
26.688
36.92
26.256
25.448
37.016
36.92
26.784
25.496
26.832
25.304
38.16
25.352
36.92
26.736
25.688
25.256
25.352
25.4
31.728
25.448
37.256
26.592
25.544
31.92
37.352
25.64
37.208
38.304
37.016
37.112
38.736
24.776
26.832
36.584
37.112
26.208
25.4
26.256
37.208
25.496
25.064
37.968
36.44
36.248
26.544
24.44
25.92
24.488
37.064
37.304
37.4
24.64
25.728
24.688
37.304
36.256
25.832
25.88
37.016
25.064
24.688
26.072
26.168
37.016
24.928
26.024
36.736
26.072
37.64
31.928
26.696
36.928
32.264
36.976
26.552
38.36
37.16
38.408
36.928
25.456
38.312
36.784
26.6
25.072
26.408
36.208
31.728
24.736
37.024
36.592
37.928
24.64
37.64
31.928
24.536
25.976
37.064
25.728
37.112
32.016
37.824
37.208
32.112
37.92
24.488
32.448
26.256
38.064
36.016
26.352
24.544
26.4
32.448
26.496
31.824
31.872
24.544
36.112
24.64
24.448
37.304
24.544
31.728
24.44
37.544
37.208
36.296
24.824
37.112
36.68
25.776
25.544
25.592
26.448
36.92
38.016
26.784
37.304
38.256
26.784
25.736
32.112
27.12
25.592
31.728
37.16
38.736
37.688
38.784
37.256
26.832
26.264
31.92
26.312
37.4
27.216
25.688
37.256
37.304
27.12
26.928
37.448
26.784
37.496
31.872
38.64
37.208
27.168
37.88
37.688
25.976
27.312
39.12
31.968
26.12
26.168
37.064
38.832
27.36
37.928
39.024
26.456
27.552
26.504
31.92
26.552
27.648
37.16
27.696
26.888
26.936
26.984
31.728
37.112
26.6
37.208
31.872
27.6
39.408
25.64
27.936
27.744
39.312
31.92
27.888
38.016
24.968
26.544
36.776
38.112
25.304
26.4
26.208
25.64
31.776
37.208
25.976
25.784
38.16
37.352
37.688
26.832
24.632
27.168
37.16
32.016
38.544
26.352
24.44
31.728
25.728
24.44
24.44
37.208
24.776
37.536
24.968
25.016
37.632
37.064
26.4
36.872
31.968
36.44
38.256
36.488
32.064
37.256
32.112
25.064
26.16
24.872
37.064
26.304
25.112
25.16
31.872
36.016
37.728
36.016
31.728
24.544
36.352
24.44
37.208
26.168
25.736
37.112
37.536
25.4
31.824
36.968
26.352
26.4
37.968
37.208
26.784
37.256
38.352
25.784
27.12
27.168
37.4
32.016
25.928
32.064
31.92
37.784
27.168
25.88
32.064
27.312
26.216
27.12
26.552
26.6
38.976
38.168
26.936
39.312
37.016
31.776
39.984
26.552
39.552
28.08
31.968
37.256
39.696
26.744
28.224
38.312
28.272
32.4
38.168
28.128
39.936
37.016
27.6
26.504
27.648
38.312
26.84
31.824
38.648
28.032
26.984
27.032
37.16
26.648
28.224
26.216
26.072
31.728
27.216
39.024
26.928
26.976
38.304
26.832
26.4
25.112
26.448
37.776
26.304
37.016
38.112
37.064
38.208
25.4
26.736
25.448
37.256
25.784
26.64
25.4
37.208
38.352
26.64
37.016
31.728
26.024
27.024
27.072
38.64
36.872
25.4
26.496
37.208
26.304
26.352
37.064
36.92
26.736
25.448
32.064
38.832
37.064
38.4
37.112
26.12
26.784
37.064
27.168
37.16
26.976
36.728
38.544
25.256
31.872
37.064
27.12
27.168
25.4
37.016
26.592
25.544
38.16
37.352
31.968
25.4
32.016
25.448
26.784
25.256
37.064
26.88
37.112
25.4
25.496
26.64
26.736
37.448
31.824
25.976
38.352
37.064
27.12
26.928
26.36
26.408
27.312
39.12
37.112
26.36
27.504
27.552
38.024
27.408
37.016
27.456
26.168
27.504
37.256
37.304
39.36
25.112
27.408
37.064
26.544
36.584
37.68
37.728
31.776
25.448
26.544
25.016
26.352
31.92
36.248
26.688
37.256
38.256
25.064
24.44
25.728
24.488
31.824
37.256
26.112
31.824
31.872
37.44
31.728
26.016
26.064
26.112
26.16
26.208
26.256
26.304
37.016
26.112
36.104
25.92
24.632
25.968
36.44
37.776
24.488
26.064
36.056
31.728
31.776
24.592
24.64
24.448
31.728
24.496
37.352
37.064
24.488
24.536
37.592
36.104
26.12
37.112
25.728
37.16
26.16
37.728
37.776
26.304
31.872
26.4
26.448
24.68
26.496
26.544
26.592
37.16
32.16
38.208
38.256
38.064
36.248
26.592
24.536
36.344
25.728
25.064
25.92
36.632
31.968
36.44
26.256
38.064
26.592
36.344
24.632
24.68
37.776
26.064
24.536
31.872
31.92
36.152
24.68
37.776
37.392
24.44
25.776
36.104
37.112
25.16
25.776
25.208
25.824
24.536
24.44
36.248
24.776
37.064
31.824
31.872
36.248
26.112
36.344
26.16
31.728
37.112
37.776
36.92
26.064
25.208
31.776
26.064
37.112
31.728
38.496
26.784
26.688
38.496
27.024
26.592
25.784
26.64
31.728
38.736
26.168
38.784
27.312
26.504
27.12
38.928
39.024
37.016
39.36
27.888
27.696
39.264
39.072
25.064
27.6
27.648
27.216
27.024
37.112
38.16
26.688
25.4
38.496
36.728
27.024
36.776
31.872
25.064
26.88
37.112
26.928
36.68
24.968
25.016
37.92
37.016
31.776
24.584
24.44
31.728
37.208
26.256
37.256
31.824
25.064
31.872
24.872
37.536
36.344
25.92
25.968
26.016
24.968
26.064
36.536
31.872
37.064
25.92
24.872
37.728
24.728
31.776
37.68
31.728
24.64
26.256
26.064
36.064
37.4
37.016
25.736
24.584
31.728
24.544
25.88
25.928
36.248
37.544
24.776
37.304
37.64
36.632
25.728
24.68
31.776
36.296
26.112
24.824
36.632
25.16
26.016
36.968
31.728
37.064
26.544
36.064
26.64
26.688
37.016
26.496
24.584
36.152
36.016
31.728
37.064
24.44
31.728
25.776
37.064
25.728
36.064
37.536
24.592
26.064
37.016
37.632
36.344
24.872
25.728
36.064
37.072
31.824
24.88
31.872
25.928
25.728
37.536
24.488
25.728
37.536
24.44
37.208
25.728
36.296
37.304
31.728
24.488
37.304
37.256
31.832
36.584
37.208
25.728
37.304
36.632
37.64
37.448
25.728
36.776
37.544
31.728
37.592
37.016
31.728
36.112
25.776
25.824
36.448
25.872
37.216
31.92
36.016
25.928
36.064
24.44
26.024
36.248
31.872
24.776
31.92
37.112
36.44
31.728
31.776
31.824
25.064
26.352
32.16
37.064
26.448
24.872
38.256
32.064
26.832
24.44
37.68
25.776
37.352
37.016
37.064
36.392
31.728
37.4
24.488
31.728
25.728
36.056
24.824
24.872
31.728
37.4
26.016
36.728
26.064
32.112
37.208
25.496
26.496
32.064
38.352
25.544
27.12
37.352
26.928
32.016
25.928
26.784
32.112
37.304
38.88
37.352
32.448
37.208
27.456
37.736
32.064
25.304
27.552
32.4
24.872
27.168
36.488
24.776
26.352
37.728
37.016
24.44
37.208
24.776
25.728
36.584
37.16
31.728
37.496
36.248
25.784
24.44
37.208
25.728
24.488
24.44
25.728
37.016
31.776
24.824
25.824
31.872
37.304
24.44
25.88
25.928
24.44
37.064
24.632
37.4
36.728
37.496
37.352
25.544
36.872
31.824
37.64
25.448
26.264
25.256
25.072
37.928
25.12
26.264
36.976
31.832
37.024
38.36
25.552
37.36
38.216
25.888
37.456
31.728
26.224
31.776
26.032
37.12
31.872
37.648
31.728
37.064
38.312
37.592
26.84
26.36
27.176
37.064
27.224
26.072
27.608
37.84
26.608
38.984
26.656
27.512
26.704
27.56
37.112
26.36
27.8
27.848
39.416
27.464
27.32
27.368
37.12
26.936
37.168
32.024
25.456
38.792
37.264
27.32
25.792
27.128
26.936
37.408
37.064
37.592
26.888
26.984
37.216
27.032
37.024
31.88
25.792
26.888
25.6
26.936
25.648
25.696
25.744
26.84
31.728
31.728
25.264
38.736
37.016
27.504
24.592
31.872
27.6
37.016
26.928
37.352
24.488
31.88
37.688
25.728
37.016
25.728
24.44
37.536
36.248
25.824
37.632
24.44
25.92
24.488
31.728
25.824
31.824
37.016
36.344
25.728
24.872
25.776
25.728
24.968
37.256
26.112
26.16
37.728
24.488
26.304
31.872
25.728
31.728
37.064
37.304
36.392
25.728
31.776
25.728
36.68
25.208
31.776
37.824
25.304
37.872
26.4
38.304
37.496
37.064
38.4
25.592
26.928
25.4
31.776
25.448
39.024
37.256
25.064
26.64
37.016
31.728
25.304
26.784
36.824
26.4
24.872
24.92
26.496
24.968
26.304
37.016
37.016
26.064
31.776
24.448
25.728
37.216
37.4
36.248
37.448
36.056
37.064
25.784
24.632
25.728
36.2
37.064
25.872
31.92
31.728
36.68
31.776
25.208
26.544
25.016
38.112
36.824
26.88
25.112
26.448
32.256
25.448
25.784
25.832
38.208
37.016
38.544
26.024
26.072
37.64
27.168
27.216
25.208
24.584
27.408
26.544
36.352
37.304
25.832
36.304
31.88
37.312
26.168
37.12
37.976
25.168
26.264
36.976
37.64
31.728
26.264
24.976
26.312
37.264
38.12
37.928
31.976
36.688
26.744
31.832
26.6
36.832
32.168
38.216
26.744
32.312
32.36
24.592
27.128
27.176
24.688
26.744
26.792
26.84
36.352
32.408
24.88
27.176
37.168
26.504
26.072
25.264
32.12
25.312
26.408
25.12
37.976
24.928
26.504
37.112
31.776
36.592
25.12
26.264
36.736
31.832
26.36
25.552
32.168
37.12
26.456
37.112
26.792
37.016
31.88
25.12
27.176
36.928
26.984
36.736
26.792
25.264
26.84
24.832
24.88
37.168
31.728
37.016
25.064
26.216
26.024
24.488
25.88
24.536
37.016
25.728
36.104
24.592
31.728
24.64
25.776
24.688
25.832
24.44
31.88
31.728
31.776
25.824
24.44
24.488
37.256
25.776
24.824
37.112
24.44
31.728
37.536
24.44
26.064
31.728
24.44
26.016
24.488
37.584
36.064
24.592
24.44
37.208
24.44
36.248
37.256
25.776
24.824
31.824
24.632
36.44
24.728
26.064
37.256
24.584
31.824
37.016
24.584
25.728
36.392
31.776
37.344
24.44
31.728
36.064
37.536
26.064
24.44
37.016
25.776
37.16
37.016
25.728
24.824
31.776
37.352
36.92
25.728
36.728
37.536
25.016
36.344
31.776
24.632
31.824
24.488
25.776
25.728
37.016
25.824
37.632
26.16
24.488
31.728
37.016
26.016
36.104
37.824
24.872
26.352
37.16
25.92
32.208
32.016
24.44
26.304
37.208
25.728
24.776
25.776
24.824
37.112
37.584
37.016
31.872
37.92
37.016
31.968
37.064
38.256
26.544
26.592
26.64
25.832
26.688
37.16
26.736
26.168
31.824
25.976
27.072
38.64
25.352
36.92
37.064
31.776
38.544
37.016
24.584
26.496
24.632
38.304
24.44
37.208
36.296
37.352
25.88
25.776
31.728
24.44
37.016
25.728
37.304
25.728
25.776
24.728
37.344
37.256
26.112
24.44
26.16
32.208
26.256
31.872
36.152
31.728
26.016
36.488
37.824
25.016
26.352
36.584
37.68
25.112
25.968
25.16
37.208
37.016
25.544
37.352
25.88
37.688
37.736
37.784
31.728
26.552
26.36
37.688
27.024
26.216
31.824
25.832
31.728
38.736
38.784
27.072
37.544
37.352
27.168
37.16
38.496
26.168
27.024
37.016
37.064
38.88
27.408
26.6
26.408
27.504
26.456
39.072
26.264
27.84
37.016
31.776
37.064
27.6
36.392
27.408
27.456
24.968
27.024
25.016
37.632
36.584
25.112
37.728
25.16
36.016
37.024
31.728
36.016
24.544
24.592
25.832
36.496
25.024
37.448
36.4
25.976
24.736
26.12
24.592
37.736
37.832
36.248
25.928
31.728
25.728
32.016
24.44
25.824
37.208
36.536
37.064
36.632
36.68
24.968
25.824
37.112
36.92
25.448
31.776
25.448
38.064
37.496
32.112
37.064
26.88
25.592
38.448
25.208
37.256
31.776
37.064
25.352
26.928
37.064
26.544
37.112
36.824
38.448
36.68
26.976
31.824
27.072
25.304
26.64
26.256
36.968
38.064
25.304
26.4
26.448
25.4
32.016
38.304
37.16
38.16
36.968
25.496
38.256
37.064
26.784
37.112
37.16
25.688
26.688
31.776
37.016
26.784
25.544
31.872
38.64
27.168
27.216
25.256
38.592
25.304
26.88
25.352
38.208
36.92
32.016
25.688
38.304
37.256
25.544
31.728
26.784
25.496
31.728
38.496
25.592
27.264
38.352
36.728
31.728
38.496
32.064
37.016
38.112
24.44
26.544
24.44
25.728
36.248
37.536
37.016
25.064
25.112
36.68
25.208
24.536
31.776
24.44
26.064
24.488
32.112
24.536
25.728
31.776
36.248
37.016
24.44
25.728
37.208
24.776
26.064
37.544
25.112
37.88
36.968
25.016
25.064
26.16
36.872
36.488
31.728
25.016
26.256
25.064
26.304
26.112
25.16
25.496
37.304
37.92
37.112
38.256
25.688
37.496
26.024
38.448
26.36
37.928
26.456
39.12
38.072
31.776
37.016
39.552
27.888
27.936
27.984
26.696
39.552
38.264
28.08
37.112
28.128
27.936
26.648
31.824
25.976
37.544
28.08
39.648
26.216
26.024
38.88
27.408
26.12
39.216
26.168
38.88
26.072
37.88
37.208
27.504
25.736
27.312
37.064
31.728
37.4
31.776
27.072
27.12
36.872
31.968
25.4
37.776
37.208
26.304
26.352
25.112
24.92
37.016
26.304
36.584
38.112
36.632
31.776
37.064
26.304
26.112
24.44
26.208
37.4
37.016
36.104
37.016
25.776
24.584
25.728
37.016
31.728
24.776
26.016
31.824
24.632
25.728
36.2
37.536
37.392
24.824
37.16
26.016
26.064
36.16
24.448
37.44
37.216
36.784
37.4
25.072
37.12
25.168
24.832
26.408
36.64
25.168
26.264
24.736
38.072
37.024
25.408
31.776
36.736
37.832
26.36
36.832
37.928
36.88
37.112
26.312
31.88
25.312
31.928
25.36
26.696
37.168
38.264
25.456
38.312
37.264
37.312
25.6
25.264
37.072
26.648
38.456
25.168
38.504
25.024
37.928
37.016
37.064
26.264
25.216
31.832
26.36
37.208
26.408
25.496
26.456
37.544
26.552
26.648
37.016
26.456
32.024
38.312
27.08
37.312
32.168
25.84
27.176
37.648
27.224
37.016
39.032
27.56
37.112
27.368
32.456
24.928
38.024
37.016
26.552
25.304
26.12
37.112
26.168
36.928
38.024
25.216
31.728
37.024
26.408
25.12
25.024
26.36
36.832
37.976
37.064
31.784
38.312
26.648
26.456
26.504
25.696
38.312
26.84
24.592
26.888
26.936
24.44
31.784
31.832
27.32
37.016
24.584
37.304
24.736
25.88
24.832
25.928
37.496
37.16
37.832
25.504
37.072
37.928
25.84
26.456
25.648
38.024
25.456
25.504
31.776
31.824
37.168
25.984
26.84
26.888
31.736
31.784
26.176
27.512
37.744
38.84
38.888
38.08
27.416
26.848
31.728
27.8
27.232
27.28
37.016
39.704
26.504
28.472
26.552
26.36
37.448
40.136
37.496
26.024
37.592
31.728
25.16
27.216
37.928
25.256
36.584
37.592
25.928
26.264
31.832
26.36
31.928
37.016
25.976
24.488
31.728
37.536
25.728
36.064
24.44
25.728
25.88
36.016
31.92
24.44
36.248
24.44
26.064
37.448
25.728
31.776
36.392
37.16
37.536
32.064
26.352
37.016
26.4
24.976
31.968
25.024
37.536
37.312
26.064
37.872
37.016
26.4
24.584
31.728
36.152
36.2
26.12
31.928
24.736
37.496
24.784
31.968
36.592
37.496
24.976
37.264
25.312
26.408
26.216
24.928
36.496
38.072
37.688
25.12
24.928
26.312
37.064
37.88
36.632
37.16
36.248
26.264
24.776
26.072
31.728
36.064
25.776
37.072
31.824
37.016
36.248
24.776
25.88
36.584
25.728
36.92
37.16
25.448
26.4
36.152
37.016
26.736
36.536
25.872
25.064
25.112
25.968
37.776
37.064
31.824
31.824
36.632
26.448
36.016
26.496
31.824
36.352
26.832
24.88
32.16
36.688
27.168
24.496
25.832
37.016
36.016
24.544
37.592
37.4
36.064
36.016
24.544
24.44
24.488
36.296
36.632
24.92
25.016
26.112
36.584
32.16
26.256
37.016
31.824
37.064
31.872
26.4
37.488
37.016
32.016
37.304
36.016
25.728
36.064
25.776
25.824
25.872
31.92
36.256
37.16
37.4
25.728
37.016
25.728
24.44
31.728
36.248
37.256
25.064
37.352
31.872
37.208
36.296
31.968
37.304
25.776
37.352
24.92
37.688
36.776
25.976
37.832
26.12
24.44
37.208
26.456
36.056
36.352
31.824
31.776
37.112
25.832
36.352
25.928
37.36
24.448
24.496
31.728
37.776
24.824
31.776
37.584
37.92
37.968
36.92
31.776
38.304
38.352
25.064
26.64
36.872
38.688
26.736
37.16
38.064
37.208
25.736
37.544
31.728
26.736
37.208
37.016
27.12
26.928
25.496
26.352
37.064
31.92
25.832
38.448
25.88
26.976
37.448
27.024
37.496
37.544
37.112
26.976
37.016
32.064
25.304
27.312
36.872
32.16
39.168
38.976
37.16
32.064
37.208
27.552
37.256
26.64
25.544
38.448
37.592
26.736
24.92
37.064
37.112
24.68
36.488
37.448
24.776
25.976
24.584
37.544
37.112
24.68
31.776
24.64
24.688
25.784
24.736
25.88
25.072
31.728
37.12
37.112
37.592
37.024
31.88
25.072
26.408
37.976
25.168
31.784
25.216
26.552
36.784
25.552
26.408
36.928
37.024
25.312
26.408
37.36
25.648
26.504
37.216
36.544
25.072
38.456
36.688
26.504
25.312
26.168
37.168
31.728
37.216
26.736
38.304
25.792
26.648
26.128
37.696
27.032
26.464
38.032
38.888
26.8
31.736
26.848
38.512
27.52
31.728
39.704
28.472
37.064
31.88
26.08
27.656
27.704
26.176
27.272
38.84
37.016
27.416
27.512
27.56
26.272
27.368
37.84
27.176
26.608
27.224
39.032
31.92
27.704
27.752
27.8
26.032
31.928
26.08
39.656
37.648
39.704
25.936
39.272
25.984
27.8
37.792
26.08
25.936
25.024
37.072
31.728
25.36
27.216
37.408
37.216
31.728
25.504
38.168
31.976
37.064
26.984
38.12
26.648
24.88
26.456
36.688
31.784
26.792
36.784
26.6
25.072
26.408
25.12
25.168
26.504
24.784
31.776
24.832
36.4
26.504
24.44
37.16
36.728
25.256
37.776
24.44
26.064
37.016
24.584
24.632
24.68
37.304
37.016
36.64
25.736
25.168
37.544
26.072
26.12
37.016
36.584
38.264
36.392
37.304
24.736
25.832
36.304
25.976
24.448
36.016
31.776
26.12
24.592
37.688
24.488
37.352
24.824
25.728
37.344
37.68
37.016
26.448
37.064
26.496
26.544
32.112
26.4
38.208
24.488
38.256
36.296
26.784
37.304
37.872
37.352
25.728
36.248
31.776
31.824
24.824
24.872
25.728
24.68
32.016
24.728
26.064
24.536
37.064
36.632
37.4
37.448
31.728
24.536
37.304
26.16
24.632
26.208
24.68
37.536
37.448
36.536
25.304
37.592
37.016
25.728
24.584
25.776
24.44
37.208
25.728
24.776
24.44
31.728
36.296
25.824
37.064
24.872
25.776
36.488
31.776
37.064
31.824
25.112
37.872
36.92
26.4
36.248
37.824
36.296
31.728
37.064
38.256
25.112
32.064
24.44
24.488
31.728
36.016
24.44
37.584
25.872
24.592
31.728
24.64
24.448
37.304
24.496
25.832
31.88
36.16
37.168
25.216
25.832
25.264
32.12
25.312
26.168
36.64
32.216
25.648
26.456
37.168
26.504
25.936
26.552
31.88
25.792
38.408
27.176
37.168
25.696
27.272
25.504
37.072
27.128
37.6
37.408
25.264
37.072
26.888
36.88
37.408
38.504
36.544
37.928
37.976
26.024
36.256
36.304
25.88
37.312
37.688
25.12
25.976
25.168
25.216
36.784
25.552
31.728
25.216
26.6
26.648
36.64
26.696
25.408
25.216
31.776
26.544
25.312
26.592
25.12
36.976
26.552
25.504
37.016
26.456
25.784
25.984
26.84
37.552
38.456
37.168
27.224
37.264
31.728
37.312
27.216
37.12
31.824
25.408
38.592
37.216
37.264
27.08
26.648
37.648
31.728
26.736
26.032
38.784
37.6
27.072
37.168
38.744
38.792
26.224
26.32
27.416
25.648
38.984
25.456
31.824
27.792
25.36
32.16
31.968
26.792
25.024
26.84
37.976
26.264
24.44
26.36
31.728
25.776
37.344
24.776
26.112
37.064
31.92
25.112
37.968
37.4
26.736
25.448
26.784
25.256
24.824
37.352
31.728
37.016
37.352
31.88
37.016
24.584
36.392
37.352
25.88
25.928
36.112
25.832
25.728
37.352
37.016
25.928
36.064
24.592
37.016
31.776
36.304
31.728
26.016
25.824
24.928
25.872
37.216
25.264
26.12
37.312
37.688
25.12
31.728
38.072
31.88
37.016
26.888
26.216
32.024
36.736
26.552
25.264
26.6
36.832
38.408
25.12
32.216
25.168
26.744
26.792
32.36
37.112
32.408
37.16
32.456
37.208
38.024
26.552
37.016
26.36
24.824
26.408
26.456
24.488
26.024
37.016
25.728
24.68
37.344
24.776
31.872
36.824
37.68
32.208
25.16
26.496
24.968
38.064
36.536
31.872
26.4
31.728
24.44
31.728
37.016
26.112
36.344
24.632
25.776
24.824
24.632
37.536
26.064
31.728
24.44
25.776
32.064
25.872
37.44
25.728
36.248
31.776
25.728
36.016
25.728
37.264
32.016
36.352
26.064
37.392
24.688
31.776
24.784
25.88
36.112
25.928
26.024
24.44
24.536
31.728
36.104
37.112
24.68
25.776
36.488
25.016
31.728
25.064
26.016
37.112
36.728
31.728
25.064
26.496
25.112
26.544
36.68
31.872
25.448
26.64
32.208
37.016
24.872
24.92
37.584
25.016
26.112
31.92
38.208
36.536
38.112
37.304
31.92
25.352
38.448
25.16
26.496
25.208
26.304
37.016
25.304
25.352
37.64
31.728
26.16
31.968
32.016
37.064
37.584
24.784
37.4
24.832
37.448
24.88
25.976
26.024
24.44
31.824
24.488
25.976
26.024
31.728
37.016
24.44
25.728
36.16
24.448
31.728
37.112
24.68
36.488
31.872
24.872
31.968
24.44
36.248
25.824
37.256
37.632
24.44
24.632
25.776
37.344
25.016
26.112
25.064
36.632
25.968
25.4
37.776
31.728
37.208
24.776
38.256
24.824
31.824
24.872
27.072
38.16
32.208
31.776
36.488
37.584
37.016
26.112
25.064
31.92
26.448
25.4
26.256
25.448
26.304
37.016
31.728
25.784
38.016
37.112
37.64
25.208
37.064
25.592
38.448
24.92
24.728
38.304
24.824
31.92
24.968
37.584
36.776
24.824
26.16
24.632
37.728
24.776
25.728
36.44
37.536
31.728
37.776
37.824
32.112
26.4
38.208
37.016
24.44
25.728
37.536
31.728
37.016
25.776
36.584
25.824
24.728
37.632
37.68
37.728
24.688
37.216
31.824
25.024
37.4
36.592
25.928
37.784
24.496
31.92
37.024
36.592
26.648
24.88
26.216
37.408
36.352
24.88
31.776
37.344
37.112
32.112
26.16
24.88
37.736
37.168
32.024
25.216
26.072
26.12
36.832
37.928
25.6
32.216
37.784
37.16
26.552
26.168
26.216
37.544
38.456
31.728
37.016
27.32
26.512
27.368
38.936
27.704
26.416
39.032
39.368
27.896
37.016
27.752
26.464
27.56
37.16
39.128
26.888
39.176
26.936
27.704
39.56
26.752
26.8
26.848
28.184
37.216
39.752
26.944
31.88
37.312
27.28
37.408
39.752
37.016
26.512
40.088
38.32
27.896
27.704
26.896
27.752
26.944
28.136
38.848
27.376
39.8
26.752
28.568
37.12
26.848
26.896
31.776
28.224
31.728
27.944
38.176
27.992
27.8
26.752
27.848
27.896
38.608
27.136
28.232
38.752
28.088
27.28
27.328
27.136
39.992
27.184
39.088
27.616
40.04
28.808
27.52
27.568
39.136
28.952
27.904
40.28
27.952
39.52
28.048
27.856
31.728
37.112
26.84
27.992
27.184
39.848
37.016
28.376
27.328
39.944
27.184
40.28
37.072
28.568
27.28
31.976
40.184
26.416
37.064
31.824
27.848
25.6
27.656
25.408
25.216
27.752
36.784
31.88
39.128
25.36
37.016
37.064
25.112
26.6
36.64
26.456
25.168
26.264
31.832
36.544
26.12
25.072
36.88
26.024
37.16
24.88
26.696
26.744
31.832
38.6
26.408
37.016
32.216
38.024
26.552
26.6
26.408
37.12
38.216
25.648
26.744
38.312
37.264
27.08
26.888
36.88
25.408
26.744
37.216
37.264
26.84
37.312
37.36
25.168
26.84
26.408
31.976
24.928
26.504
38.072
26.6
37.928
25.12
31.736
24.928
38.024
36.736
26.552
25.264
31.88
37.072
38.168
25.36
36.736
25.504
37.072
26.408
37.12
26.456
37.456
25.552
26.936
24.736
26.792
24.544
31.88
26.888
38.456
24.688
36.256
37.024
25.88
25.072
25.928
36.88
36.688
31.728
25.216
25.264
37.312
26.408
37.12
31.776
25.696
26.888
37.016
38.456
38.072
26.6
24.832
31.928
37.12
26.696
36.688
32.264
24.976
38.552
25.024
32.6
25.072
26.888
25.12
38.456
25.168
24.976
31.728
24.592
37.016
37.784
36.104
31.832
37.352
26.36
24.92
24.728
25.728
24.536
37.304
31.728
31.776
26.064
37.392
25.92
24.44
31.728
37.016
26.256
32.064
24.44
26.592
24.488
25.776
31.824
24.592
25.728
37.016
24.736
37.352
37.016
31.776
37.824
26.352
36.248
31.728
37.112
24.68
25.728
24.68
31.776
24.728
26.064
24.536
25.92
36.016
31.968
36.016
25.728
24.44
37.016
24.44
24.488
25.728
37.536
24.584
24.632
24.44
25.824
24.488
31.728
25.16
37.584
26.112
25.544
37.92
38.256
26.784
25.976
31.824
38.592
37.64
27.36
37.208
38.688
25.496
32.016
27.504
37.112
27.312
37.64
26.736
37.736
38.592
26.024
27.12
25.16
27.456
25.496
37.064
26.88
38.256
31.824
37.16
27.12
25.928
31.968
37.496
27.456
37.016
39.024
25.544
39.072
26.88
25.832
26.688
26.736
25.448
31.824
38.592
37.064
26.928
25.208
38.304
25.256
26.64
26.448
31.728
36.296
24.824
26.352
36.632
25.728
36.68
25.776
31.728
25.016
36.2
26.496
24.728
36.536
26.352
37.68
36.68
37.632
31.92
36.392
26.448
26.496
24.728
25.824
25.872
24.44
24.488
31.776
37.256
37.824
25.824
37.016
25.872
25.728
37.016
31.776
37.064
37.824
24.872
32.112
24.92
26.4
37.728
24.88
26.256
24.928
26.304
24.976
31.872
37.264
31.92
25.072
26.448
37.36
37.168
31.728
26.12
37.016
25.928
24.44
25.976
37.208
25.728
37.016
25.776
37.16
31.824
24.488
26.112
31.92
36.112
26.208
38.016
24.688
38.064
25.928
31.728
37.016
26.016
37.064
37.824
25.728
25.776
31.824
24.64
26.112
37.168
32.16
26.448
32.256
38.064
24.488
26.592
37.256
26.4
26.448
26.256
24.584
26.064
31.728
26.016
26.064
26.112
25.92
24.44
31.728
26.256
24.44
37.824
25.872
31.776
37.824
24.632
26.352
36.44
25.92
37.208
37.728
26.256
24.44
37.584
32.112
37.064
31.728
37.016
25.728
37.064
25.728
37.4
25.728
24.536
32.016
37.064
26.064
32.112
36.016
25.92
24.544
25.968
24.44
25.728
24.44
31.728
24.44
31.728
31.776
36.056
24.584
24.632
25.776
37.064
31.728
25.968
25.776
25.824
37.632
37.016
25.92
37.064
25.728
24.44
24.488
25.728
36.296
37.536
24.824
26.064
37.112
31.728
36.2
24.488
37.256
37.352
25.88
25.928
24.88
37.496
26.024
36.256
31.832
37.024
38.12
26.408
25.976
24.688
37.216
26.072
25.024
25.88
25.072
37.688
36.64
25.408
25.216
37.592
37.264
37.016
31.776
25.216
26.552
37.024
26.6
25.312
26.648
31.736
26.984
37.016
37.016
25.928
36.824
25.976
25.112
31.784
36.44
26.312
37.016
38.12
31.728
24.64
25.728
37.536
37.16
37.4
24.488
36.056
25.976
37.544
36.016
25.728
25.728
37.016
31.728
24.584
31.728
24.488
24.44
25.776
37.208
31.92
24.536
25.968
36.344
31.776
36.344
24.872
31.728
31.776
25.208
25.824
36.776
37.112
37.728
36.2
31.728
36.064
24.64
31.872
24.688
25.92
24.736
37.264
32.016
37.312
26.064
32.352
24.44
24.488
31.728
36.112
37.592
26.36
24.688
36.256
25.024
25.928
36.448
36.784
37.88
25.312
31.928
25.36
26.696
32.264
26.552
37.504
25.792
31.824
31.872
25.888
38.64
26.928
25.984
27.128
39.224
26.416
27.32
37.552
31.928
26.08
27.656
37.064
39.224
39.032
26.272
31.776
37.36
27.504
26.128
27.552
37.696
39.12
25.264
25.312
27.176
24.688
38.744
25.072
37.448
37.12
37.784
24.44
26.312
26.168
37.016
37.304
24.44
31.776
37.016
31.728
36.104
24.44
25.776
25.728
31.728
36.296
25.728
25.776
37.064
25.872
37.68
31.728
38.016
32.064
37.632
24.488
31.92
36.112
26.208
38.016
24.448
26.544
37.216
26.112
24.44
32.016
37.584
36.296
37.064
25.112
37.4
25.776
24.536
37.064
26.16
31.968
26.496
24.968
26.544
32.112
24.824
26.16
37.112
37.968
37.16
32.256
36.968
26.784
37.496
26.352
25.544
32.16
37.592
26.448
25.16
25.208
37.496
25.544
36.872
37.728
24.92
38.064
26.352
36.344
26.016
24.968
37.824
37.256
37.064
26.16
24.872
26.208
37.064
26.352
24.824
24.872
25.968
37.16
26.016
37.208
37.824
36.776
31.872
37.728
31.776
26.784
25.496
31.872
25.544
27.12
37.112
27.168
37.16
27.216
25.688
27.264
25.016
36.824
26.88
26.928
25.16
31.776
37.016
26.64
37.016
37.064
26.496
24.872
31.824
24.44
26.112
25.92
24.592
36.256
37.352
37.448
25.12
25.976
25.168
25.216
26.072
37.88
25.312
31.824
36.976
31.728
26.736
25.312
38.168
25.12
26.936
25.168
26.792
24.584
31.776
25.824
37.632
36.248
26.16
25.92
25.968
37.064
25.208
26.304
26.352
24.824
26.4
26.448
37.016
37.064
26.064
37.112
24.68
37.304
31.728
24.44
37.536
36.016
37.264
37.072
31.728
25.728
37.016
37.064
24.632
37.16
24.968
25.728
25.016
37.304
36.584
31.832
25.112
25.16
37.208
37.256
31.92
24.44
24.488
25.728
24.44
36.016
37.264
24.832
31.872
37.6
24.688
32.016
37.16
37.64
36.488
37.496
37.544
25.728
24.632
37.4
37.448
31.728
36.776
31.776
36.824
31.824
25.352
37.872
25.16
31.92
37.448
26.208
37.016
32.256
25.544
32.064
38.064
38.448
26.976
38.544
25.736
26.832
25.784
38.88
37.112
38.688
31.776
38.784
25.064
31.824
27.072
24.92
26.88
36.488
37.968
24.584
26.16
37.16
31.968
25.824
24.536
37.68
37.064
25.968
24.872
37.776
36.44
37.448
25.872
25.496
37.784
25.592
25.64
26.304
25.064
37.92
37.352
31.968
37.16
32.016
25.448
38.544
25.496
26.832
37.016
31.728
36.248
26.304
37.064
37.392
25.728
24.92
37.208
26.064
37.872
26.4
26.256
38.064
36.536
38.112
26.64
24.44
38.208
24.488
31.776
36.112
27.024
31.872
24.44
37.92
37.208
24.776
24.872
37.536
24.728
37.632
24.824
24.872
37.968
24.92
26.064
36.536
37.064
25.352
26.256
26.4
36.248
37.016
36.584
36.632
25.728
24.92
36.728
37.256
25.064
26.16
25.112
26.544
36.776
31.872
25.304
36.872
38.208
26.256
36.968
25.496
31.728
37.16
26.688
37.448
37.304
38.592
38.64
31.968
26.36
27.216
37.208
27.264
39.072
27.6
37.64
38.976
26.168
39.024
26.216
27.312
38.024
27.36
26.552
31.968
26.36
31.728
26.456
31.728
37.016
27.696
37.16
27.312
37.784
27.36
26.312
27.408
37.16
27.456
37.928
39.024
37.784
27.168
26.12
27.504
26.504
27.6
27.456
25.688
39.264
31.872
39.12
37.064
27.648
25.64
25.688
27.024
25.736
27.072
25.784
38.64
37.352
27.168
26.12
38.976
37.928
27.504
37.256
39.312
26.744
39.36
26.552
26.6
26.168
25.784
37.16
38.736
37.208
27.024
37.016
37.064
26.88
25.112
37.016
25.064
31.728
24.632
26.496
36.44
37.728
24.968
25.304
26.16
37.112
37.968
31.728
38.256
25.544
26.64
37.352
38.448
37.4
26.976
25.688
27.024
37.016
25.352
36.968
26.544
26.592
25.544
26.448
37.016
25.064
38.304
36.872
25.4
26.4
37.208
25.256
37.064
25.352
26.352
25.16
37.208
31.728
37.016
26.496
36.824
31.824
25.256
26.352
37.92
25.352
38.016
25.688
38.352
37.016
38.688
37.064
26.168
38.544
26.216
27.312
31.92
26.072
39.168
27.696
25.928
25.976
27.552
25.544
31.728
37.064
39.456
25.352
37.16
37.208
31.776
26.784
25.352
26.544
37.016
26.592
36.824
31.728
25.112
38.256
37.16
26.784
25.208
26.832
36.536
31.728
24.584
26.016
24.44
37.016
24.584
24.632
37.4
25.728
37.208
25.824
24.44
24.488
31.776
25.824
24.824
31.728
37.112
25.16
36.728
37.584
24.776
31.776
37.064
36.872
31.728
25.16
26.016
37.016
37.016
25.728
25.776
36.248
37.304
36.112
24.64
24.688
25.728
24.736
31.872
24.44
37.208
31.776
24.776
25.832
37.4
25.824
37.632
36.824
37.68
25.352
31.968
37.16
26.496
38.304
26.592
24.824
37.968
26.256
37.584
37.112
36.824
37.92
25.112
26.448
36.016
26.496
24.544
26.304
36.352
24.44
31.728
36.248
24.776
31.728
36.584
25.728
36.44
31.728
36.296
37.064
26.4
24.872
37.4
26.256
36.728
37.256
25.968
37.016
25.728
37.064
24.44
25.728
25.776
37.536
24.584
36.392
25.728
24.92
37.536
37.584
25.256
25.16
38.016
37.208
37.016
26.592
26.64
37.016
31.968
37.064
31.776
25.208
31.824
36.776
26.832
25.304
26.4
37.112
38.208
24.92
38.256
37.208
36.536
31.728
31.776
36.68
25.448
26.064
37.016
37.872
26.4
37.352
25.64
37.256
27.072
25.784
25.352
36.92
38.736
31.824
25.256
37.064
25.64
26.496
31.776
38.4
37.352
38.736
37.448
27.024
26.832
27.168
37.016
27.504
26.456
31.872
39.36
37.016
28.128
26.264
27.936
25.928
27.984
31.872
37.016
27.6
26.024
39.168
37.112
25.688
38.544
37.016
27.12
25.784
31.968
37.352
27.216
25.64
38.544
37.016
37.064
25.592
26.496
25.64
26.544
37.208
37.064
37.112
25.208
26.784
37.256
25.304
26.88
25.112
26.688
36.92
25.208
38.112
24.536
24.488
25.728
37.536
37.016
25.728
37.064
37.016
36.584
25.728
25.112
37.536
36.92
26.064
26.256
37.824
37.064
37.392
24.632
31.92
37.304
36.016
37.352
37.024
24.44
36.056
25.832
24.544
37.536
24.64
37.304
31.728
37.536
36.592
31.824
25.12
37.632
25.168
26.16
24.976
26.208
36.784
25.072
31.872
37.12
37.168
37.216
25.744
32.064
37.312
32.016
25.744
38.12
37.312
26.648
37.36
31.976
25.408
26.984
32.312
38.84
32.648
32.216
37.064
27.464
26.792
25.744
26.84
37.312
38.408
37.36
27.176
37.408
27.224
25.696
38.792
27.08
37.256
36.824
38.504
25.352
26.792
25.4
38.6
25.448
25.496
25.544
25.264
37.072
25.12
38.456
26.504
26.6
37.12
26.456
36.928
38.024
26.792
37.024
26.6
31.928
37.112
25.64
26.504
36.736
36.784
38.36
25.072
36.88
26.456
31.728
36.064
24.64
37.976
24.448
26.024
36.256
31.832
24.784
25.88
37.072
25.12
31.728
31.728
37.88
25.36
26.456
37.784
25.696
26.312
37.504
38.12
26.032
38.456
26.128
31.728
37.264
27.368
25.648
26.744
25.024
27.08
25.072
27.128
25.168
26.504
36.784
25.312
37.928
37.12
25.648
38.264
25.696
37.504
37.36
26.744
37.696
38.312
26.464
27.08
37.16
37.928
27.416
37.256
26.744
31.728
38.552
27.456
37.16
32.064
38.168
31.872
26.656
27.512
26.224
31.88
27.848
26.32
27.896
37.888
37.936
27.56
27.752
27.8
26.272
27.368
38.696
27.224
39.032
26.032
39.368
27.656
25.648
31.784
25.696
39.272
25.744
27.8
27.128
31.728
38.736
27.504
25.36
39.072
37.168
27.84
37.216
27.648
27.216
37.064
27.032
25.024
31.88
37.072
27.128
25.36
38.936
25.408
27.224
25.216
26.552
37.024
24.88
25.216
38.072
25.024
26.36
37.072
31.928
25.36
31.736
37.408
38.264
25.456
32.072
25.504
37.072
31.728
37.12
38.016
25.408
25.216
25.024
26.36
37.312
25.12
24.688
37.832
36.352
25.928
24.44
37.544
26.072
31.88
31.728
37.016
24.632
31.728
26.016
26.064
26.112
24.44
32.16
37.208
37.968
37.256
25.776
24.824
37.592
36.68
25.208
25.256
25.776
24.584
31.824
37.352
37.4
25.968
24.488
31.776
25.824
31.872
31.728
26.016
24.44
25.728
36.296
25.776
37.304
25.776
24.44
37.392
24.488
25.92
37.256
31.728
24.584
37.016
24.824
24.872
25.728
37.536
24.44
37.064
36.248
37.4
24.776
36.392
25.728
25.16
37.208
25.496
26.112
37.064
31.728
31.776
36.248
26.304
24.776
26.352
24.824
31.92
26.448
25.16
26.256
31.728
36.776
37.92
24.92
26.496
37.016
36.584
26.832
36.632
38.4
31.728
24.44
26.256
37.016
37.064
24.44
31.728
24.44
37.208
31.728
24.776
24.824
24.488
37.344
37.256
24.584
37.44
37.488
32.016
31.728
24.584
37.112
25.728
24.68
25.776
25.824
37.016
24.44
25.776
25.824
24.44
36.296
37.064
25.112
37.536
36.296
36.16
24.688
25.728
31.776
37.112
26.064
36.832
36.16
37.064
37.784
36.392
26.072
37.4
37.208
37.352
37.592
36.2
37.448
36.16
37.112
37.352
36.112
37.016
37.064
31.728
36.016
37.304
37.352
37.4
37.016
37.064
36.152
37.304
37.304
37.352
37.304
