24.44
24.44
25.728
24.44
24.44
25.728
24.44
25.728
25.728
25.728
24.44
25.728
24.44
25.728
25.728
25.728
24.44
31.728
25.728
24.44
24.44
31.728
24.44
31.728
24.44
24.44
25.728
25.728
24.44
25.728
36.128
24.98
26.004
24.656
37.692
24.44
26.28
26.256
36.016
31.728
24.44
25.728
24.44
24.44
25.728
25.728
31.728
24.692
31.728
24.68
26.016
37.704
24.656
26.292
24.644
37.68
37.232
37.22
25.956
36.608
24.896
25.92
36.128
25.728
24.44
36.016
36.128
24.44
25.728
36.016
24.44
37.028
24.716
24.704
24.692
31.728
37.416
37.016
24.44
25.728
31.728
37.016
26.016
24.704
25.728
24.44
25.728
31.728
24.716
31.728
37.416
37.392
37.016
37.304
37.016
25.892
25.728
37.416
36.016
32.004
36.016
26.292
37.204
37.98
32.268
26.256
24.604
36.292
37.304
24.44
37.016
25.868
37.016
24.704
24.692
31.728
26.016
25.728
31.728
26.016
37.016
26.004
24.704
25.728
37.016
31.728
37.016
31.728
36.404
31.728
36.392
26.016
26.004
25.992
24.44
37.028
25.728
36.016
37.204
24.716
37.016
24.704
25.728
24.692
37.416
37.28
32.004
31.728
31.728
36.016
24.592
37.304
25.892
25.892
36.016
37.204
24.892
24.568
24.556
37.144
25.88
24.532
25.868
24.52
24.44
25.728
24.716
25.728
37.416
24.956
37.692
36.344
26.28
37.968
24.92
37.656
37.016
37.016
37.62
24.86
25.896
36.548
37.584
24.836
26.172
26.16
36.212
37.512
24.764
24.752
26.088
36.44
37.476
26.064
36.716
31.728
36.692
37.28
26.316
31.728
26.316
26.268
37.304
24.716
25.892
25.728
37.416
24.668
24.656
25.992
24.44
31.98
36.128
26.268
37.956
32.244
36.128
37.016
25.728
24.704
25.728
24.692
25.728
31.728
24.604
36.28
24.868
37.304
24.556
31.892
24.544
25.88
24.44
31.728
37.416
37.016
26.004
24.44
37.304
37.016
31.728
24.704
37.292
24.98
24.968
31.728
24.44
26.016
37.704
25.992
37.016
37.416
24.704
31.728
36.016
31.728
26.016
24.44
24.44
25.892
37.58
24.44
37.016
37.016
25.728
36.104
25.728
37.292
31.728
24.98
25.728
36.368
24.956
31.728
26.016
26.144
37.832
37.016
26.42
24.704
37.808
36.016
31.728
24.604
26.016
37.416
24.604
36.016
37.304
36.292
24.88
24.856
25.892
24.844
37.132
36.52
26.156
24.508
36.196
37.508
31.728
24.604
25.772
24.44
37.304
37.028
24.716
24.716
25.728
24.44
37.416
24.44
32.004
31.992
37.68
25.968
24.692
25.728
37.416
24.968
26.004
24.956
37.692
24.944
36.632
37.668
36.62
24.44
24.44
37.596
24.44
24.44
36.016
36.016
24.44
31.728
37.304
37.016
25.728
25.004
24.992
25.728
24.98
37.416
37.268
25.256
37.668
36.016
31.728
31.728
37.016
25.728
31.728
24.44
31.728
24.44
26.016
37.028
31.728
24.44
24.98
37.416
26.004
37.692
37.68
24.44
36.016
37.304
24.604
36.016
31.728
24.604
24.44
24.44
31.728
24.44
31.728
26.016
25.728
37.016
36.104
37.292
25.728
37.28
31.728
24.556
26.016
37.704
24.532
37.692
37.12
26.28
36.208
25.832
24.44
25.728
36.016
25.728
37.204
24.892
36.128
36.016
37.304
37.204
25.728
31.728
37.016
25.892
37.016
25.728
24.704
37.304
37.304
37.016
31.728
37.304
24.704
37.304
31.728
26.016
37.704
26.292
32.28
24.44
37.668
24.44
31.956
36.128
37.644
26.232
24.44
36.016
31.728
31.728
36.016
24.604
37.304
24.44
25.892
36.016
31.88
24.44
36.128
25.728
25.728
26.004
36.656
37.692
31.98
36.332
26.568
38.256
24.44
26.544
37.028
32.232
37.016
26.82
25.004
36.692
25.28
37.416
24.716
36.404
25.728
36.68
37.416
37.016
26.28
24.704
24.44
24.44
36.128
24.716
24.704
37.292
24.98
24.968
37.556
37.244
24.632
36.32
25.956
24.908
37.644
37.196
25.932
25.184
31.92
24.44
31.728
37.016
24.704
25.728
36.392
36.38
37.304
36.556
36.544
25.132
26.156
24.508
24.44
37.028
26.408
36.016
25.728
37.016
24.704
24.692
37.28
25.728
36.668
37.556
26.004
25.728
25.728
24.604
25.728
24.44
25.728
31.728
37.416
24.716
36.404
24.992
25.728
36.68
37.416
31.728
31.728
31.728
24.632
37.22
26.556
25.944
36.296
37.632
24.884
24.872
37.608
24.56
25.896
37.016
25.004
25.836
24.992
25.824
36.68
37.512
24.968
24.44
36.016
24.604
24.58
36.016
25.88
24.604
24.592
37.556
31.728
24.868
37.568
37.016
26.144
24.604
25.728
36.016
37.304
37.304
24.592
31.728
26.016
24.568
37.404
24.556
25.992
24.532
25.868
31.728
24.44
26.016
25.728
36.016
37.204
37.304
37.304
24.44
25.892
37.58
37.016
24.704
24.716
25.728
24.992
24.68
37.416
24.44
37.692
36.404
25.728
37.416
37.016
32.004
26.292
37.016
36.404
37.304
31.892
24.716
25.88
24.44
31.728
26.016
24.44
37.704
36.128
24.44
24.44
25.728
31.728
24.44
37.016
37.416
37.016
36.128
31.728
25.728
24.44
37.416
25.728
24.44
26.004
36.128
24.716
25.728
24.68
31.728
26.016
26.004
36.292
31.992
37.304
25.892
24.844
26.168
37.856
37.544
24.44
37.52
36.016
25.728
37.204
31.728
37.192
24.88
24.44
36.128
25.728
37.016
25.728
37.016
25.728
37.016
25.728
24.44
24.44
37.304
31.892
25.88
25.728
37.016
36.016
31.728
37.016
31.728
25.728
37.016
31.728
36.128
37.416
36.104
37.292
25.728
36.08
26.004
24.44
25.892
31.88
37.868
24.604
26.156
24.44
37.304
36.016
31.892
31.728
31.728
37.016
31.728
26.016
24.568
37.404
36.016
25.992
24.604
25.98
24.44
25.968
36.016
37.016
37.016
24.704
36.092
31.728
37.28
25.728
37.268
36.128
31.728
24.44
25.728
25.728
37.016
36.404
25.728
24.992
25.728
37.016
26.004
25.004
37.692
26.268
37.656
37.016
26.232
37.304
24.44
24.716
25.728
37.416
37.416
37.016
25.728
36.016
24.592
25.728
25.892
37.568
37.016
26.156
37.016
24.704
25.728
36.392
25.728
37.016
37.016
24.704
36.392
37.304
24.98
25.892
24.692
25.992
24.604
25.728
36.016
24.604
37.304
36.292
31.728
24.856
37.144
36.832
26.168
37.556
36.196
31.728
26.316
38.004
25.992
36.016
37.204
25.728
24.592
37.416
31.728
24.44
31.728
37.016
31.728
37.016
37.016
25.728
36.404
25.728
25.728
26.004
24.44
25.992
25.728
37.016
24.44
31.728
25.728
25.728
37.016
36.404
24.992
25.728
25.728
24.68
25.992
36.644
37.68
31.968
37.656
36.908
26.244
25.496
37.184
26.52
25.772
31.908
26.796
25.748
26.76
25.712
38.448
37.4
38.424
37.016
27.012
37.664
37.052
26.54
27.276
26.528
38.964
25.616
25.304
38.616
36.016
25.98
37.016
24.44
25.728
37.016
24.704
25.728
24.44
37.028
24.704
25.728
24.44
25.728
37.416
26.004
31.992
31.728
26.016
31.728
37.016
31.728
24.704
26.016
24.692
25.728
24.44
31.728
37.028
36.116
24.44
37.416
36.128
37.392
24.716
24.704
25.728
24.44
37.016
25.98
37.016
31.728
31.728
26.016
24.604
37.192
37.304
24.44
25.728
37.304
25.892
37.016
37.016
24.44
25.728
25.728
25.728
24.44
25.728
37.028
36.416
31.728
24.704
24.692
24.668
26.004
37.256
31.992
37.244
31.728
24.932
37.416
24.62
24.608
37.644
25.92
24.44
37.016
25.884
24.704
31.872
37.292
36.128
37.304
24.44
25.728
37.016
37.416
36.016
37.304
24.44
25.892
37.016
24.704
37.016
25.728
36.016
25.728
25.728
37.016
31.728
31.728
36.016
37.016
25.728
24.44
31.728
24.716
24.44
25.728
24.44
37.416
37.028
24.44
25.992
37.028
31.728
36.016
37.016
25.728
24.44
37.304
36.016
24.604
25.728
37.016
24.704
31.728
37.016
37.016
24.44
25.728
37.016
37.016
25.728
36.404
36.104
37.292
25.728
31.728
36.068
37.416
24.44
31.728
26.016
37.404
24.704
24.692
37.016
37.416
26.004
37.016
31.728
25.968
31.956
25.944
37.332
25.92
25.728
37.416
36.016
24.604
25.728
24.88
31.728
37.716
24.44
31.728
24.44
37.416
24.704
24.692
37.416
24.668
32.004
37.016
37.692
24.44
36.128
25.968
37.016
31.956
24.704
31.728
26.016
31.728
37.416
37.304
25.728
24.44
25.728
25.728
37.016
31.728
36.016
37.304
25.892
31.728
24.58
37.304
37.304
25.892
37.016
37.58
24.704
37.292
24.68
25.728
24.604
31.728
31.728
37.416
24.604
25.728
24.868
37.304
24.844
37.58
36.532
37.568
37.844
36.016
37.016
25.808
24.704
25.796
24.716
24.44
37.416
36.016
32.004
37.204
37.192
36.28
31.728
24.868
37.156
25.892
36.544
31.88
36.016
37.58
24.604
37.556
24.88
37.304
24.556
36.016
37.58
36.016
24.604
25.856
31.844
24.44
24.716
36.104
25.728
37.416
24.604
24.592
31.728
24.44
37.416
37.028
24.716
37.304
31.892
24.44
24.44
37.416
36.128
32.004
25.728
37.016
31.728
37.016
36.128
31.728
25.728
37.416
25.728
37.304
37.304
37.016
24.44
31.728
25.728
36.016
24.44
25.728
31.728
24.44
37.416
31.728
24.716
31.728
36.104
24.692
37.016
37.416
36.016
31.728
25.892
25.728
37.416
25.728
24.44
31.728
26.016
24.44
37.704
36.128
25.992
37.016
31.728
31.728
26.016
37.016
26.004
24.656
31.992
37.016
26.28
37.016
37.968
26.556
37.016
26.244
36.404
25.932
36.404
25.728
36.128
24.716
26.004
25.728
24.68
31.728
37.268
25.992
25.98
31.968
25.728
36.292
25.728
36.28
24.868
37.304
24.856
25.892
24.544
31.88
36.016
37.204
37.016
24.704
37.304
31.892
24.44
24.44
25.728
24.44
24.44
25.728
24.44
37.016
37.016
31.728
24.704
24.44
25.728
24.44
31.728
37.416
24.44
36.128
24.44
26.004
37.016
25.992
37.016
25.728
24.44
31.728
24.716
25.728
37.016
25.728
37.416
36.128
36.116
37.304
37.016
25.728
24.98
24.968
25.992
37.68
24.92
24.908
26.244
37.932
24.584
26.22
36.26
31.728
37.148
26.316
25.86
37.536
37.016
31.728
37.016
25.728
24.704
24.692
37.28
24.968
36.656
37.304
37.304
24.716
37.016
25.728
24.44
37.416
37.028
25.992
24.604
24.592
24.568
37.304
24.556
36.244
24.832
25.868
31.728
36.496
36.484
25.072
26.108
31.796
26.384
37.036
37.024
25.612
38.048
25.6
26.636
37.016
31.728
37.264
25.54
38.576
31.964
25.516
27.152
27.14
25.792
37.48
38.216
38.492
37.016
37.904
26.492
27.356
38.18
27.344
26.768
37.984
26.572
38.26
38.248
27.884
37.036
26.824
25.912
27.512
26.164
27.188
25.54
27.176
24.628
38.864
36.316
26.84
37.016
37.016
24.44
25.728
24.44
37.416
37.028
24.716
31.728
36.016
25.728
31.728
25.892
25.88
36.016
37.568
37.556
37.016
24.44
31.728
24.44
25.892
36.128
24.44
36.116
26.004
24.44
25.728
37.416
36.292
31.728
36.28
31.728
24.868
37.416
26.004
25.12
31.728
36.808
31.728
38.016
37.084
38.004
31.992
26.88
31.968
31.956
37.324
27.144
37.312
27.132
25.6
38.52
27.108
27.096
37.016
25.004
31.728
24.692
26.876
24.928
26.864
36.016
24.44
37.628
24.44
24.44
25.728
31.728
24.44
37.028
31.728
24.44
25.728
36.128
37.016
26.004
24.656
37.392
24.44
25.98
24.44
25.968
37.656
36.016
25.728
25.728
24.44
24.44
25.728
25.728
36.016
37.204
25.728
37.192
31.728
24.88
25.892
31.88
24.832
25.868
24.52
37.556
37.108
37.544
26.132
36.184
24.772
36.46
25.796
25.048
25.784
36.736
36.724
25.312
25.3
25.288
36.976
24.964
24.94
24.928
36.016
26.24
37.016
25.904
24.44
25.728
36.016
25.728
24.604
25.728
37.192
36.58
24.44
24.44
25.728
24.44
37.016
25.728
25.728
24.44
37.304
24.44
37.028
31.728
25.728
25.728
25.728
25.728
37.416
26.004
31.992
37.016
26.28
24.44
37.304
24.44
24.44
25.728
36.016
24.604
37.192
36.016
25.728
25.728
24.44
36.128
24.716
25.728
25.728
36.128
25.728
36.116
36.392
25.728
24.98
24.668
37.016
25.992
24.44
37.644
25.932
36.016
24.604
31.728
36.292
25.728
24.88
37.016
24.52
37.856
26.144
37.832
36.016
26.12
24.604
37.192
24.88
36.268
25.868
37.016
26.144
24.604
26.132
24.592
26.12
24.58
25.808
36.268
31.796
37.484
24.604
37.192
31.728
24.88
37.304
36.016
24.604
31.728
37.416
36.28
24.844
25.88
36.532
25.856
37.544
24.44
25.728
37.016
24.704
24.704
31.728
24.68
37.416
36.368
26.004
37.016
25.98
24.44
31.728
26.016
36.016
31.728
24.604
24.44
37.304
24.44
36.016
31.728
24.604
37.016
36.268
25.88
25.868
24.44
37.544
26.132
25.728
24.604
25.728
36.292
31.728
37.18
37.304
36.128
25.728
31.728
24.44
26.016
37.404
25.992
36.016
25.98
24.604
25.728
36.016
24.44
37.304
36.016
37.016
25.728
37.304
25.892
25.88
31.868
24.44
37.856
37.016
31.728
24.44
25.728
37.016
25.728
31.728
37.016
26.016
37.704
24.44
25.728
37.028
36.416
25.004
37.304
24.44
25.992
25.98
31.968
24.44
26.256
37.028
32.244
32.232
24.44
25.728
24.716
37.016
37.416
32.004
37.392
31.728
37.016
37.416
24.44
25.728
37.416
24.44
36.128
24.44
24.44
37.028
24.716
37.304
36.692
24.44
37.028
24.44
31.728
31.728
37.304
24.856
25.892
37.58
31.868
26.456
24.508
37.844
36.196
26.132
36.184
31.82
36.172
37.808
26.396
36.016
24.604
37.192
26.048
24.58
24.568
31.728
37.156
36.404
24.992
31.728
37.416
26.004
31.992
37.304
37.016
25.892
36.104
25.88
24.44
31.868
37.028
26.156
37.844
24.44
36.128
31.728
25.728
37.416
31.728
36.016
24.604
24.44
25.728
24.44
31.728
36.016
25.728
37.416
24.44
31.728
24.44
31.728
26.016
36.016
31.728
37.204
26.016
24.44
31.728
36.016
31.728
24.604
24.592
24.844
24.832
37.568
26.156
24.808
26.144
37.096
24.784
26.108
36.016
31.796
24.44
37.016
36.104
37.292
24.98
37.568
37.016
36.104
25.728
24.592
25.728
36.016
25.892
24.716
31.728
36.404
31.728
37.292
25.728
36.68
37.416
31.728
36.944
26.316
32.004
26.592
26.58
24.896
31.728
26.616
26.604
36.26
26.292
25.872
25.86
25.112
26.136
31.824
24.776
26.412
24.764
38.1
32.088
37.016
32.076
36.404
26.664
24.44
38.052
24.44
26.04
36.128
37.416
32.004
36.016
25.728
24.44
25.728
37.016
24.44
25.728
37.416
25.728
25.728
24.44
25.728
25.728
24.44
31.728
36.016
25.728
37.204
24.892
31.728
24.44
31.728
24.44
25.88
36.128
24.716
25.728
24.704
24.692
37.016
36.104
24.592
31.728
24.556
25.892
24.544
37.568
24.52
25.856
36.208
24.796
25.82
37.472
24.44
24.44
37.304
24.44
37.016
36.104
31.728
31.728
37.016
24.44
24.44
37.304
24.44
37.016
24.44
25.728
25.728
37.416
24.604
31.728
24.44
37.304
31.892
25.88
24.44
31.868
25.728
37.016
37.304
37.016
36.404
25.728
37.292
25.728
24.68
37.416
24.668
32.004
24.44
26.292
37.016
24.704
31.728
26.016
37.416
36.068
32.004
26.292
36.344
37.68
37.368
37.016
25.944
31.728
36.016
24.604
37.016
24.44
25.728
37.416
36.016
24.604
37.304
36.016
37.304
24.604
25.728
24.592
24.44
31.728
24.44
37.028
25.728
24.44
37.416
31.728
25.728
36.116
31.728
26.016
32.004
25.992
36.068
37.68
36.056
25.992
37.68
37.368
36.016
31.728
24.604
25.728
37.192
37.304
24.44
37.028
37.016
36.016
36.016
37.304
24.44
24.44
31.728
37.416
31.728
37.416
26.004
37.016
25.728
31.728
26.016
37.016
26.004
25.992
36.016
36.016
31.728
24.604
26.016
32.004
24.44
25.992
36.128
24.704
25.728
37.292
36.68
31.728
25.268
26.016
24.604
31.728
36.292
37.716
24.868
37.304
26.168
24.82
31.856
36.508
31.844
37.096
38.132
26.72
37.016
26.408
36.748
26.084
31.772
38.06
38.048
26.636
26.624
26.612
24.44
25.728
25.728
24.44
24.44
37.416
37.016
37.016
24.704
31.728
26.016
36.128
25.728
36.116
25.728
36.092
31.728
26.016
37.016
24.704
25.992
31.98
36.016
24.44
31.728
31.728
31.728
24.44
37.304
24.44
25.892
25.88
37.016
24.44
37.028
36.416
25.004
25.728
24.692
25.992
24.44
25.728
37.016
25.728
37.016
31.728
36.104
37.304
25.892
31.728
37.016
36.104
24.692
25.728
24.68
37.416
37.268
26.004
37.016
25.004
37.292
25.956
31.944
37.016
26.232
37.92
26.208
26.196
37.584
36.016
25.872
24.604
36.292
31.728
31.728
36.016
26.168
25.856
24.592
25.844
25.892
36.016
37.304
36.016
37.016
25.892
36.016
25.88
31.728
24.604
25.728
31.728
24.568
37.416
37.58
24.44
26.168
37.028
24.716
25.844
24.44
31.728
37.016
36.016
37.304
25.892
24.592
37.304
36.016
31.892
25.892
31.88
36.292
25.892
31.88
37.304
25.892
26.168
24.88
31.728
37.416
26.004
37.692
24.532
31.728
37.016
38.016
36.104
26.604
24.692
31.992
26.88
24.44
25.728
36.016
37.416
26.004
24.44
37.304
36.016
25.892
36.016
25.88
24.592
24.568
25.892
37.016
31.728
26.016
37.544
37.304
37.304
31.892
37.016
24.704
25.728
37.292
25.728
24.98
37.416
24.44
32.004
36.128
26.292
24.44
32.28
37.028
36.416
24.44
36.128
31.728
36.104
25.728
24.68
26.004
36.056
25.98
25.956
24.44
31.944
31.932
37.62
24.44
36.128
37.016
24.44
31.728
25.728
24.604
25.728
37.192
25.728
36.58
37.468
37.304
24.556
26.168
31.728
36.128
37.304
25.728
24.44
26.004
24.44
25.992
37.68
24.44
26.268
37.028
24.716
37.016
37.016
25.728
24.704
37.304
36.128
37.304
36.116
31.892
31.88
24.44
25.868
24.44
37.016
25.728
37.016
24.704
24.692
24.68
37.304
36.368
24.956
31.728
31.728
36.656
26.016
26.004
25.232
37.692
26.28
36.896
26.532
26.508
37.016
26.496
25.604
37.292
38.172
25.88
26.76
24.8
37.088
26.724
25.076
26.712
25.064
26.1
25.052
24.44
24.44
36.128
26.04
37.016
24.704
25.728
37.292
24.68
26.004
37.016
31.728
24.704
26.016
24.692
36.116
37.656
37.416
25.728
25.728
24.44
25.728
24.44
24.44
24.44
24.604
25.728
31.728
37.304
37.016
25.728
25.728
25.728
37.016
25.728
36.016
36.016
36.292
31.728
25.892
24.844
37.568
26.156
24.808
37.844
37.016
37.82
36.704
31.808
25.06
26.696
37.048
32.084
36.736
32.072
25.324
26.66
25.012
26.648
32.036
24.688
31.728
37.716
32.004
31.992
26.58
25.728
37.416
26.004
37.692
26.28
37.368
25.956
24.44
31.728
24.44
25.728
37.028
25.728
37.016
24.704
36.392
24.98
36.392
24.968
36.656
37.692
24.932
26.268
37.016
31.728
26.616
32.004
36.016
25.728
24.44
37.016
25.728
31.728
37.016
25.728
24.44
37.416
25.728
36.016
25.728
36.28
25.892
24.544
37.58
24.532
25.856
36.016
25.844
37.204
24.604
25.728
24.44
37.304
24.44
31.728
26.016
37.016
36.016
25.728
37.416
37.016
37.404
36.268
37.156
25.892
36.544
25.88
25.868
37.532
24.44
25.82
37.028
25.808
36.116
31.796
24.44
37.484
36.128
24.44
25.728
25.728
37.016
37.016
31.728
25.728
37.416
36.016
26.004
36.016
25.728
31.728
24.592
24.58
25.892
24.832
37.556
25.108
26.144
24.796
26.132
24.784
31.82
37.808
25.06
31.728
37.76
24.44
26.336
24.44
38.024
26.612
37.016
36.104
37.292
31.728
24.68
24.604
37.192
37.304
24.716
25.728
24.704
25.728
37.416
24.604
25.728
37.192
31.728
36.28
26.016
37.404
24.44
31.728
24.44
26.016
24.44
31.728
25.728
37.016
24.44
25.728
36.016
37.204
37.016
24.604
31.728
36.292
26.016
24.58
31.728
24.568
37.416
24.44
31.728
31.728
36.016
37.416
24.44
37.404
24.44
25.892
31.88
24.44
31.728
37.416
26.004
36.016
31.992
24.44
36.016
24.44
24.44
37.016
24.704
31.728
26.016
36.016
24.604
25.728
25.728
36.128
37.016
36.404
24.692
25.728
36.38
31.728
26.016
24.44
32.004
36.128
26.256
31.944
24.692
37.632
36.08
24.668
37.404
25.992
36.016
36.016
24.604
31.728
24.44
31.728
26.016
24.44
37.704
37.416
24.604
37.192
24.88
37.468
37.304
36.128
25.868
25.728
26.004
31.992
26.28
26.268
26.256
32.244
36.016
26.532
26.52
37.908
25.896
31.728
36.256
26.016
37.704
26.292
36.22
37.98
24.808
24.496
26.132
25.82
24.772
37.016
37.472
24.44
36.128
25.748
24.44
25.736
37.028
24.716
24.44
31.728
24.716
37.416
37.016
37.416
24.44
25.728
37.028
25.728
24.44
24.44
25.728
24.44
37.016
37.016
25.728
24.716
31.728
25.728
37.416
36.016
25.728
24.604
37.416
37.192
36.016
24.44
37.304
37.016
24.704
25.728
31.728
24.604
37.304
36.292
31.728
24.88
24.868
37.304
36.256
36.016
37.204
26.132
36.016
31.82
26.408
25.728
25.728
36.016
36.016
31.728
26.016
36.292
24.88
25.892
25.132
25.12
31.728
36.508
37.716
25.096
26.304
36.484
37.992
37.072
31.98
25.36
31.968
36.448
37.336
37.324
31.728
25.012
37.304
37.016
25.892
37.016
31.728
24.44
25.728
36.016
24.44
37.016
24.704
36.392
37.416
24.98
26.004
24.968
31.992
24.968
37.68
37.016
26.268
25.304
25.292
37.944
25.28
26.532
36.968
31.92
26.808
36.26
32.196
31.884
26.46
24.44
37.028
25.836
24.716
36.392
37.016
37.416
24.44
36.128
25.992
37.016
24.44
25.968
24.44
37.404
24.44
25.728
24.716
37.416
37.016
31.728
25.728
36.016
37.416
37.692
24.44
25.728
25.728
24.44
25.728
24.44
31.728
24.44
24.44
36.016
37.204
36.292
24.604
24.44
37.304
37.028
31.728
26.016
31.728
37.016
25.728
24.716
25.728
24.44
31.728
36.128
26.016
24.716
37.704
37.692
36.392
31.728
24.98
25.992
37.016
25.956
24.44
25.944
37.028
24.716
24.44
31.728
24.44
31.728
37.016
26.016
25.728
31.728
26.016
36.28
32.004
37.392
36.556
25.98
25.968
36.832
36.82
31.728
25.108
26.316
25.096
26.432
31.82
25.36
31.728
25.348
25.036
38.072
26.66
25.012
26.312
25.728
24.44
31.728
24.716
24.704
31.728
26.016
24.98
32.004
24.668
26.292
36.356
37.98
24.644
37.68
24.44
31.728
36.016
24.44
31.728
25.892
24.44
31.728
24.44
26.016
24.44
26.004
24.44
24.44
24.604
36.016
37.304
31.728
37.304
37.016
31.892
24.704
25.88
24.692
37.568
24.68
31.856
26.144
24.44
36.128
24.44
24.44
36.116
37.416
37.416
25.992
24.604
25.728
24.592
25.728
24.568
37.304
25.868
24.44
37.028
25.728
37.016
25.728
24.592
24.58
24.568
37.304
37.156
31.892
26.18
37.016
24.592
25.844
37.18
24.868
37.304
37.156
25.892
25.144
31.728
25.132
37.716
25.108
25.096
37.832
26.408
37.016
25.604
26.372
25.592
38.06
31.748
26.936
24.988
37.712
26
37.016
37.688
24.44
24.44
25.728
24.44
37.304
25.892
37.016
24.44
24.44
31.728
24.44
25.728
24.44
24.44
37.304
37.028
31.728
31.728
24.44
26.016
24.44
25.728
24.44
31.728
24.44
37.028
31.728
37.016
25.728
25.728
37.016
31.728
24.704
37.016
31.728
36.128
36.016
24.604
25.728
24.44
37.016
25.728
24.716
24.704
25.728
37.416
32.004
25.728
37.016
25.728
24.44
36.016
31.728
25.728
24.58
24.568
25.892
24.44
37.58
37.028
31.868
37.016
37.304
36.016
25.728
24.604
24.592
31.728
36.016
26.016
37.016
24.704
24.604
25.892
24.592
37.568
37.304
37.016
37.016
24.704
31.728
36.292
24.88
37.304
25.892
36.22
37.856
26.144
37.532
36.128
25.82
36.104
25.728
31.728
26.016
32.004
31.992
26.28
37.016
37.968
26.556
37.016
26.244
26.232
26.22
32.208
24.604
37.304
24.88
37.304
36.256
37.58
24.832
24.52
25.856
26.132
37.016
37.016
25.796
36.016
37.204
24.592
37.304
25.892
24.868
37.304
31.892
25.144
26.18
26.168
37.856
36.808
37.844
25.096
37.82
25.072
26.408
37.06
26.372
37.016
36.104
31.728
26.016
24.58
32.004
36.016
31.992
37.016
31.98
26.268
37.956
37.016
31.944
24.716
25.932
24.704
24.692
25.728
24.68
37.416
24.668
32.004
24.656
31.728
24.644
37.232
24.92
24.608
31.728
31.728
37.716
32.004
24.44
25.728
24.44
24.44
31.728
31.728
25.728
25.728
24.44
24.44
25.728
25.728
37.016
37.016
25.728
25.728
37.016
25.728
25.728
37.304
25.728
37.016
25.728
36.016
25.728
24.604
37.416
37.304
24.868
24.856
24.544
25.88
37.568
24.82
24.508
36.196
37.52
37.016
31.808
36.148
37.472
25.76
25.748
24.44
26.024
37.016
24.704
37.416
37.304
36.016
24.592
37.304
36.016
37.304
31.892
25.892
37.016
36.268
37.156
25.892
37.144
25.88
25.868
37.016
25.728
24.704
36.392
37.304
37.304
24.44
25.868
24.44
31.728
31.728
37.016
26.016
24.704
24.44
37.304
37.028
24.704
36.392
25.728
24.98
37.416
37.268
26.004
36.656
31.728
37.016
37.644
37.016
26.232
25.92
24.44
31.728
25.728
36.016
37.416
24.604
26.004
24.592
31.728
24.58
36.268
37.156
36.544
24.532
24.508
26.144
36.196
31.728
37.508
24.592
36.268
37.304
36.016
31.892
26.18
25.868
24.44
24.44
25.892
31.88
37.016
24.44
36.016
24.604
36.016
31.728
24.44
24.44
25.728
37.416
37.404
24.716
31.728
36.404
26.016
32.004
24.68
25.992
24.44
37.68
24.44
26.28
36.016
37.416
31.728
25.892
37.016
31.88
37.304
24.44
25.728
36.128
25.728
36.016
37.016
25.728
24.704
36.392
37.016
31.728
36.016
25.892
36.544
25.88
24.532
31.868
24.52
26.156
37.844
24.496
26.432
37.084
31.82
24.772
25.796
37.016
25.76
24.44
25.748
36.128
31.736
37.016
25.004
36.092
24.592
31.728
37.18
24.868
24.556
25.892
24.544
37.132
37.12
25.856
36.208
31.844
24.796
36.292
36.016
37.304
24.604
25.892
37.016
36.404
31.728
24.992
26.016
24.44
37.704
25.992
31.98
31.968
24.604
25.728
24.58
37.304
25.88
24.44
31.728
36.116
31.728
25.728
37.416
24.44
31.728
25.728
24.44
37.304
36.016
25.892
24.44
31.728
26.016
37.304
36.128
25.728
25.728
24.716
36.404
25.728
37.416
24.668
31.728
24.44
31.728
37.028
26.316
36.116
32.004
26.592
36.128
31.98
24.44
24.44
31.728
24.716
26.016
36.404
31.728
37.416
24.668
37.256
37.016
26.28
24.44
26.268
31.956
37.344
24.44
25.728
36.128
25.728
25.728
37.016
25.728
25.728
31.728
37.016
37.016
25.728
24.44
25.728
24.44
37.028
24.44
36.128
25.728
31.728
24.44
25.728
37.416
37.016
24.704
25.728
37.016
31.728
26.016
32.004
24.704
31.728
26.016
26.004
37.016
37.692
26.28
24.604
24.44
31.728
37.304
24.44
24.704
37.416
36.016
37.404
31.728
24.88
36.016
25.892
37.58
24.568
31.728
24.44
26.016
24.44
26.004
37.028
31.992
24.44
26.28
37.028
31.968
31.728
24.604
24.44
31.728
37.304
37.016
24.704
24.692
31.728
26.016
36.016
25.728
37.204
25.728
24.592
37.416
24.58
31.728
24.568
25.892
37.016
24.44
25.728
31.728
37.016
24.704
24.716
24.704
37.304
37.416
37.016
37.304
25.892
25.88
25.868
25.856
24.44
24.44
25.728
24.44
37.416
26.004
37.016
31.728
37.304
31.892
25.728
36.016
24.604
24.58
37.304
25.88
25.856
36.016
37.304
24.604
25.892
25.88
24.44
37.58
37.016
31.868
24.704
36.128
25.728
24.716
25.728
24.704
37.292
25.728
31.728
25.98
37.304
24.44
25.728
37.304
36.016
25.728
24.604
36.292
37.304
26.168
25.12
26.156
37.108
37.844
24.496
26.432
37.084
38.12
36.16
25.796
31.728
36.016
26.016
36.016
26.004
24.604
25.736
24.592
36.28
36.268
24.44
31.728
24.44
25.728
24.44
24.44
36.016
24.44
37.416
24.44
37.016
36.104
37.292
31.728
37.304
25.892
31.88
26.168
36.016
32.156
26.444
37.016
26.132
32.12
24.44
26.108
37.028
32.096
24.716
26.084
31.728
31.728
24.604
26.016
37.704
32.292
37.38
31.728
24.44
26.016
24.44
25.728
37.416
36.016
31.728
24.44
31.728
31.728
36.016
24.44
31.728
26.016
37.016
24.44
25.728
31.728
37.416
37.016
25.728
24.44
24.44
31.728
26.016
36.016
37.016
24.44
25.892
37.028
25.88
36.128
24.716
24.692
25.728
24.68
37.268
31.728
36.356
26.016
24.944
24.932
25.208
31.728
36.596
37.716
37.184
25.472
37.908
24.86
37.448
31.728
31.728
37.716
37.704
24.476
26.292
26.28
37.668
24.604
37.656
26.244
24.868
37.304
37.58
26.168
37.016
36.404
24.44
25.728
37.028
24.716
25.728
24.704
31.728
37.016
37.016
31.728
31.728
26.016
31.728
26.016
37.404
24.44
25.992
25.728
37.016
24.704
25.728
24.68
37.416
37.404
25.98
25.728
24.44
25.728
37.304
31.892
24.44
31.88
31.868
24.716
31.728
37.016
25.728
37.016
37.416
24.44
25.728
37.416
37.016
31.728
24.716
25.728
37.016
37.416
25.992
36.016
25.728
24.592
36.28
31.728
24.856
25.892
26.156
24.44
31.728
26.316
25.728
37.016
36.104
25.728
37.016
25.004
36.392
24.98
25.892
31.88
24.532
37.868
37.12
36.128
26.132
24.716
24.44
36.128
25.728
24.44
37.016
24.704
31.728
25.728
37.416
24.44
31.728
37.016
26.016
26.004
36.016
37.204
24.892
37.304
37.58
25.728
25.728
24.44
25.728
25.728
37.416
36.016
24.604
25.728
24.592
31.728
26.016
36.016
37.204
24.592
31.728
31.728
37.304
37.016
24.44
25.728
25.728
37.016
37.016
24.44
24.44
25.728
24.604
24.592
24.44
37.304
24.44
37.016
24.704
24.692
37.416
37.404
31.992
24.604
37.304
37.016
36.104
31.728
24.692
24.68
31.728
24.604
36.292
31.728
36.568
37.416
36.016
31.728
37.016
26.316
36.016
25.892
25.88
37.304
24.44
31.728
26.016
25.728
31.728
37.016
26.016
31.728
31.728
25.728
25.728
37.304
37.016
31.728
36.404
25.728
24.992
31.728
26.016
36.016
32.004
37.204
25.728
24.592
25.728
24.44
36.128
31.728
36.016
31.728
26.004
24.88
31.728
25.892
24.44
37.58
24.604
25.856
36.016
24.604
24.592
37.304
24.58
24.556
24.544
25.856
37.016
31.728
24.44
25.82
37.508
24.716
36.404
37.416
24.44
37.016
37.68
26.268
24.44
31.956
37.028
37.416
24.44
37.404
24.44
25.728
37.028
24.716
36.404
24.68
37.416
24.956
26.28
37.656
26.232
31.92
37.608
31.896
37.584
25.872
24.44
31.728
36.016
25.728
37.304
37.016
36.404
24.692
25.728
24.44
26.004
37.392
24.44
31.728
25.728
37.016
37.416
24.44
37.028
24.716
31.728
37.016
37.416
36.016
25.728
24.592
25.728
31.728
26.016
24.832
25.868
25.856
25.844
36.796
37.532
37.016
37.808
25.06
26.396
37.048
25.036
26.372
25.024
26.36
37.312
31.748
25.3
31.736
36.988
36.976
25.564
37.252
25.84
37.528
31.728
25.216
36.904
36.592
36.128
24.44
37.304
24.44
25.728
37.028
24.716
24.704
36.392
24.44
24.44
25.728
25.728
31.728
37.304
24.44
24.44
37.028
25.728
24.704
25.728
24.44
37.416
36.128
26.004
37.016
37.38
24.704
36.092
24.68
36.368
31.728
37.256
25.156
36.844
26.168
37.856
31.728
26.72
25.072
38.108
25.06
26.396
36.748
38.084
26.672
24.712
38.024
38.012
36.016
36.016
25.988
36.016
25.728
37.204
24.44
24.44
37.304
31.728
25.728
37.416
36.128
26.004
24.44
31.728
37.016
26.016
31.728
24.692
25.728
36.38
37.416
37.404
24.656
25.992
24.644
31.98
31.728
36.32
26.016
24.908
31.728
31.728
26.016
24.872
26.184
37.016
26.172
24.604
24.592
37.304
37.016
24.704
36.016
31.728
24.44
36.128
24.716
36.016
24.716
37.016
31.728
26.016
37.704
37.392
25.98
24.44
25.728
31.728
37.016
25.728
24.704
24.44
24.44
24.44
36.128
31.728
36.128
25.728
25.728
37.404
24.956
25.992
25.98
24.932
25.968
37.656
36.608
36.596
37.932
36.872
26.208
36.86
36.016
31.728
24.44
26.616
37.016
24.44
37.028
37.416
36.416
26.004
25.728
36.116
24.692
25.728
36.38
37.416
24.44
25.992
31.98
37.016
26.256
31.944
24.44
25.728
37.028
25.728
31.728
31.728
26.016
24.592
24.568
37.304
25.892
37.568
31.728
25.728
25.728
36.016
24.44
31.728
24.44
37.028
36.416
25.004
36.692
31.728
26.316
37.404
24.44
25.992
31.728
26.016
37.016
26.004
24.704
24.692
36.38
25.728
24.968
31.728
25.992
37.016
25.728
36.104
24.604
36.292
25.728
24.88
37.304
24.604
36.292
24.88
24.868
37.304
37.016
37.016
37.016
24.44
26.144
36.128
36.404
31.728
24.992
26.016
24.44
24.44
26.004
37.028
24.44
31.728
36.128
37.016
31.728
24.44
25.728
36.016
24.604
25.728
25.728
36.28
24.568
36.256
31.728
26.016
36.532
25.396
26.132
37.084
26.408
24.76
31.796
38.384
24.44
26.072
26.06
37.016
31.748
24.704
37.292
37.28
24.968
24.656
36.344
24.44
24.44
37.404
36.016
24.592
24.44
25.892
24.44
24.44
37.028
25.728
25.728
31.728
24.44
25.728
37.416
37.016
24.704
24.692
25.728
36.38
26.004
31.992
37.98
26.568
37.356
24.568
37.344
24.556
25.932
36.016
25.92
25.908
37.016
36.016
36.016
37.304
24.604
25.892
31.728
37.304
24.44
25.728
37.016
31.728
26.016
31.728
24.44
31.728
26.016
36.016
36.016
25.728
37.204
24.892
31.728
37.016
24.44
25.88
24.44
31.868
31.728
26.016
24.44
25.728
37.304
24.44
25.728
36.016
24.604
25.728
36.292
25.728
36.016
24.604
25.868
37.016
25.728
36.128
37.416
26.004
31.992
31.98
24.716
26.268
37.016
26.256
26.244
25.932
24.44
37.62
32.208
37.016
26.196
24.704
37.292
36.68
31.728
37.016
24.44
26.004
25.728
25.728
25.728
37.416
37.016
25.728
25.728
37.016
25.728
25.728
31.728
37.016
26.016
25.728
37.416
26.004
25.992
37.68
37.016
25.728
31.728
25.728
25.728
37.416
24.604
31.728
24.592
25.728
24.58
37.304
37.016
24.44
36.016
37.016
24.704
24.692
36.016
25.892
24.604
25.856
36.568
37.58
26.168
31.856
31.844
26.732
24.784
26.72
32.108
36.46
38.696
26.684
26.672
24.44
38.36
32.348
26.636
37.016
26.624
37.016
26.612
36.404
24.704
25.728
37.292
25.728
26.004
24.44
25.98
25.728
24.44
36.128
25.728
36.404
31.728
24.992
26.016
26.004
25.244
26.268
37.956
25.208
26.544
36.896
31.932
24.584
26.52
36.016
26.508
24.604
24.44
37.58
25.728
36.128
24.716
24.704
25.728
25.728
37.016
24.44
25.728
31.728
37.016
31.728
37.016
26.016
24.704
31.728
37.016
25.728
24.44
25.728
25.728
24.44
31.728
26.016
24.44
25.728
24.44
37.028
31.728
31.728
26.016
24.44
37.028
25.728
37.304
25.728
37.016
25.728
24.704
31.728
26.016
24.592
37.304
37.016
25.892
24.44
24.44
25.868
36.128
31.856
24.704
36.392
31.728
24.98
37.404
24.656
31.728
24.44
26.016
31.728
37.016
24.44
25.728
37.304
25.728
36.016
37.304
24.604
25.728
24.44
37.304
24.44
25.728
24.44
36.128
24.68
26.004
37.392
25.98
36.292
31.968
24.88
37.304
36.256
25.892
24.532
25.856
24.44
31.844
26.132
37.016
24.704
37.016
37.416
37.404
25.992
37.016
25.98
24.716
25.728
25.728
24.68
37.416
36.016
37.692
37.204
26.28
24.892
24.604
37.192
24.88
37.304
37.304
24.44
25.728
37.304
31.892
37.416
24.44
37.404
25.992
24.44
25.98
24.44
37.368
36.128
37.016
25.728
36.104
31.728
24.692
24.44
37.016
24.44
25.728
36.128
37.016
31.728
31.728
36.128
26.016
24.716
25.728
25.728
37.016
25.728
25.728
24.44
25.728
37.028
37.416
24.44
26.004
24.44
31.992
37.028
31.98
36.416
31.728
37.304
26.016
25.292
24.44
31.728
37.016
25.728
36.404
36.392
25.728
24.44
24.44
24.44
24.44
25.728
31.728
25.728
37.304
25.728
24.704
25.728
24.692
25.728
37.416
37.016
26.004
36.404
31.992
24.44
31.728
26.016
24.44
31.728
24.44
24.44
37.028
31.728
36.016
24.604
36.292
31.728
24.568
25.868
24.44
25.728
37.016
31.728
26.016
26.004
31.992
37.68
24.44
32.268
26.556
31.944
25.728
24.44
25.728
37.416
25.728
31.728
26.016
25.728
25.728
31.728
37.016
25.728
25.728
31.728
37.304
37.016
25.892
24.704
37.304
24.44
25.892
37.016
25.728
25.728
36.128
25.728
25.728
24.692
25.728
31.728
37.416
37.404
31.728
31.728
37.016
26.016
24.44
26.004
31.992
25.98
36.016
37.016
25.728
25.004
36.692
25.892
25.144
37.58
37.132
37.12
24.808
26.444
37.096
25.084
26.42
25.072
26.108
24.46
31.728
31.728
37.016
36.104
24.692
36.38
31.728
36.128
37.016
25.004
25.728
24.44
37.692
24.44
37.016
25.728
37.016
25.728
37.416
24.44
31.728
25.728
25.728
25.728
25.728
25.728
24.44
37.416
24.716
24.44
31.728
37.028
37.416
32.004
37.016
31.992
37.016
25.98
24.44
37.304
36.016
31.728
37.204
31.728
37.016
26.016
24.704
37.292
25.728
36.128
37.416
37.404
36.404
31.992
25.728
24.668
26.004
26.28
26.268
25.728
31.728
25.728
31.728
31.728
25.728
31.728
36.016
26.016
24.604
37.404
37.016
37.392
24.44
24.44
37.016
31.728
31.728
37.016
31.728
24.44
25.728
37.016
25.728
25.728
37.016
25.728
25.728
36.016
25.728
36.016
24.604
37.192
31.728
36.58
26.016
37.468
31.728
36.556
24.544
31.728
24.532
37.016
25.728
37.016
31.728
37.016
37.416
24.704
26.004
36.016
37.304
37.304
24.604
24.592
31.728
37.016
37.416
24.44
31.728
26.016
26.004
36.016
31.992
24.44
31.728
36.128
25.728
37.016
24.704
36.392
24.98
37.404
36.128
36.116
31.728
24.98
26.016
24.668
25.992
24.44
37.68
24.44
24.44
37.028
24.44
24.44
36.128
24.716
25.728
36.404
36.368
37.68
25.968
24.44
26.244
37.632
31.92
26.208
37.016
37.596
24.704
24.692
25.728
36.38
24.704
37.292
36.68
25.268
26.004
36.644
36.632
25.22
37.956
24.608
26.244
37.016
36.016
31.728
25.728
31.728
24.44
24.44
37.304
37.028
24.44
36.128
24.716
31.728
31.728
36.016
24.604
37.692
24.592
26.28
31.728
25.868
24.716
37.556
24.692
25.728
37.416
32.004
31.992
26.28
31.728
25.728
25.728
37.416
37.404
31.992
31.728
37.016
26.016
24.704
37.292
25.728
37.28
31.728
24.968
37.416
24.656
24.644
24.604
37.016
31.728
25.004
24.692
37.304
31.728
37.716
25.844
24.44
37.304
24.44
25.892
24.44
31.88
36.128
25.868
31.856
31.844
25.728
36.128
36.116
24.44
25.728
24.716
37.416
24.44
37.392
37.38
31.968
26.256
36.016
25.728
37.016
37.016
25.728
24.44
25.728
37.028
25.728
24.44
31.728
24.44
25.728
37.028
31.728
25.728
31.728
37.016
26.016
24.704
26.004
25.728
24.604
36.016
36.016
37.304
37.304
37.016
24.44
37.304
36.016
25.728
37.016
24.44
24.44
36.128
25.728
37.016
37.416
36.404
37.292
25.992
25.728
37.304
31.892
25.88
25.868
31.856
26.144
26.132
32.12
37.016
26.408
32.096
26.084
37.472
24.604
37.192
31.728
36.58
26.016
36.568
37.404
25.156
31.728
26.168
37.12
37.096
38.132
37.084
26.72
26.696
25.648
26.972
26.96
36.712
31.748
25
38.636
37.016
26.324
26.312
25.728
24.44
36.128
37.016
25.728
25.004
37.016
31.728
24.44
24.44
24.44
36.128
36.104
24.692
36.38
26.004
24.956
36.344
24.632
37.656
24.44
24.44
31.728
24.716
24.704
31.728
36.392
26.016
24.98
26.004
37.692
25.256
36.344
24.44
37.956
36.016
37.204
26.22
37.192
31.908
24.58
31.728
24.44
37.416
31.728
37.304
37.016
25.728
37.416
24.44
25.728
37.016
25.728
25.728
36.016
25.728
37.204
25.728
24.892
25.728
24.88
31.728
37.468
25.868
31.856
25.844
31.832
36.128
24.44
36.128
31.728
24.716
26.016
36.404
37.404
24.992
36.38
24.968
36.656
25.232
31.728
26.616
24.872
37.908
26.496
36.548
37.584
26.172
26.148
31.836
24.788
31.824
26.712
36.164
38.4
26.688
32.076
24.44
26.664
24.44
38.052
25.728
24.44
31.728
37.016
36.404
37.304
36.016
25.892
26.168
31.856
26.444
25.892
24.44
24.44
37.016
36.128
25.728
24.44
25.728
37.016
31.728
26.016
31.728
25.728
25.728
37.304
31.892
24.604
31.728
37.192
26.016
36.58
32.004
37.692
37.68
25.868
37.016
31.728
37.416
36.128
25.728
24.716
31.728
24.704
24.44
25.728
36.128
24.44
25.728
37.016
31.728
24.44
25.728
37.416
37.016
24.44
31.728
26.016
31.728
37.016
25.728
24.44
25.728
37.028
37.416
37.016
26.004
37.016
36.128
36.116
31.728
36.104
37.416
24.44
25.728
36.128
36.116
36.016
25.728
25.728
24.44
25.728
36.128
25.728
37.416
24.44
32.004
25.728
24.592
25.728
37.18
37.304
31.892
37.016
26.18
24.704
32.168
37.016
37.016
31.728
37.016
24.44
31.728
26.016
26.004
24.44
25.728
37.416
37.016
37.016
24.704
37.292
24.68
37.304
36.016
24.44
37.416
26.004
31.728
37.016
24.704
31.728
37.016
24.704
25.728
37.292
31.728
24.98
26.016
37.404
36.256
24.844
25.868
25.856
36.496
26.12
26.108
37.796
24.44
31.784
37.016
25.728
31.728
24.44
25.728
31.728
37.016
37.016
31.728
37.016
36.404
37.292
25.28
25.728
24.668
36.056
37.016
36.016
37.016
25.728
31.728
25.892
25.88
31.868
25.856
31.844
26.132
31.728
31.728
36.016
26.016
24.604
37.304
37.304
37.016
36.016
24.604
25.728
24.58
37.304
31.892
37.016
25.88
24.44
31.728
26.016
36.016
37.204
36.292
37.48
24.604
37.192
25.892
36.016
25.88
24.604
37.304
31.892
31.88
36.016
24.604
31.728
36.292
25.728
36.28
26.168
36.268
37.304
25.892
36.016
31.88
37.868
37.016
32.156
36.404
24.568
25.892
36.244
25.868
36.016
37.544
24.44
31.728
24.44
25.892
37.016
31.728
24.704
24.44
31.728
37.016
37.016
24.44
36.128
31.728
26.016
37.404
37.404
24.716
31.728
31.728
36.128
26.016
24.44
37.704
24.44
31.992
36.128
26.28
25.968
31.728
37.016
37.016
36.016
37.204
25.728
24.892
24.44
37.028
24.716
31.728
24.704
24.44
24.44
36.016
37.204
24.892
24.604
37.192
24.88
25.88
37.304
24.44
25.868
37.016
37.556
24.604
31.728
36.292
37.416
32.004
37.392
31.98
36.532
26.168
25.12
26.156
26.144
26.132
25.372
25.36
26.396
37.048
38.084
26.672
25.612
37.3
26.636
38.324
38.312
31.728
36.64
38.576
26.864
36.128
26.852
24.44
26.84
24.44
25.728
37.016
25.728
24.68
37.416
26.004
25.992
36.016
25.98
31.728
37.716
24.44
24.44
37.304
25.892
24.44
31.88
24.44
31.728
25.728
25.728
36.128
24.716
31.728
31.728
26.016
26.004
24.968
24.956
25.992
24.944
37.68
26.268
36.62
31.728
24.608
31.728
36.016
37.016
26.22
36.28
25.892
25.88
24.44
26.156
25.844
25.832
31.82
24.44
25.728
24.44
25.728
37.016
25.728
36.128
25.728
37.416
24.692
25.728
26.004
25.992
25.968
25.728
37.304
25.728
25.728
31.728
24.44
25.728
37.016
37.016
24.58
24.568
37.304
25.892
25.88
24.44
24.44
24.44
37.544
37.016
24.44
24.44
25.728
25.728
37.016
31.728
26.016
36.128
25.728
25.728
36.128
25.728
37.016
36.128
25.728
37.016
36.404
26.004
24.692
25.728
36.368
26.004
37.016
36.632
25.968
25.22
25.208
26.244
37.016
26.232
24.704
37.016
24.44
36.128
36.116
24.704
24.44
24.44
31.728
37.416
26.004
37.692
37.016
26.28
26.268
24.716
25.728
24.68
37.416
36.056
37.392
25.98
37.356
24.44
25.932
24.44
25.728
24.716
25.728
24.44
37.416
24.44
36.128
25.728
37.016
26.004
24.656
37.692
37.016
26.28
37.668
24.92
25.956
36.608
25.196
37.632
24.884
26.22
24.572
37.016
36.404
31.728
37.016
37.416
25.728
24.44
24.44
37.028
36.116
24.704
24.692
31.728
37.28
36.668
24.956
24.944
24.632
24.44
31.728
36.128
37.304
36.016
36.016
25.728
25.728
24.44
25.728
36.128
24.716
36.104
25.728
24.692
25.728
31.728
36.656
36.632
37.668
26.256
36.908
31.728
25.496
26.616
37.184
32.004
37.172
26.592
31.728
27.216
27.204
24.488
26.892
38.58
36.016
27.168
24.604
38.256
37.644
36.268
31.728
25.88
37.568
36.016
25.728
37.016
31.728
36.016
25.728
37.016
37.416
24.704
31.728
25.892
25.728
31.728
24.604
25.728
24.44
31.728
37.416
24.44
25.728
25.728
36.016
31.728
24.604
37.304
36.016
37.016
37.016
24.44
36.016
31.728
24.604
36.016
37.204
31.728
24.892
31.728
37.016
37.58
31.868
26.156
24.88
37.304
31.892
37.58
36.544
26.168
37.856
26.156
25.408
26.144
25.396
36.484
26.42
38.108
24.76
31.728
24.44
26.06
24.44
31.728
24.44
24.716
36.404
24.992
31.728
37.416
36.668
36.656
25.244
36.932
26.268
37.016
25.604
37.292
31.728
25.58
38.316
26.904
24.836
31.728
38.316
26.904
37.016
31.992
37.98
24.44
37.304
25.892
24.44
25.728
25.728
36.128
24.716
24.704
25.728
37.292
31.728
24.68
26.016
36.368
24.944
25.98
31.728
37.016
26.244
24.704
25.728
36.128
25.728
24.604
25.728
37.304
24.44
31.892
36.128
36.016
37.304
24.604
25.728
37.016
37.016
37.58
25.004
25.868
24.992
25.856
24.98
37.544
24.496
24.484
25.796
37.016
31.728
31.728
25.728
37.016
37.016
31.728
36.104
25.728
25.728
37.416
36.016
37.404
37.016
25.728
25.892
36.404
24.992
31.728
24.44
26.016
37.704
37.016
26.292
36.404
31.98
24.44
31.728
26.016
24.44
24.716
31.728
36.016
37.416
25.728
24.88
31.728
25.892
37.58
37.016
37.016
36.016
24.604
37.304
36.568
37.58
26.168
24.82
24.808
25.844
24.796
37.532
36.484
37.52
25.06
36.748
25.336
26.36
36.412
36.4
31.728
31.728
24.976
26.616
36.364
24.952
36.64
26.276
25.228
31.728
36.316
24.904
37.192
24.88
36.568
31.728
26.316
37.016
26.444
24.44
26.432
36.128
26.42
37.508
37.016
31.728
24.704
37.292
25.728
24.68
37.416
36.116
26.004
24.704
31.992
37.416
24.44
25.728
24.44
24.44
25.728
36.128
37.016
31.728
25.004
26.016
25.728
24.44
37.016
37.304
25.892
31.728
26.016
24.716
26.004
25.728
37.416
36.068
36.056
37.692
37.38
25.968
24.44
25.932
25.92
37.016
24.704
36.092
37.304
25.892
24.44
24.716
24.704
24.692
37.416
37.016
32.004
24.704
36.128
31.728
31.728
26.016
37.016
26.004
26.004
37.392
25.98
31.968
24.44
37.656
37.644
25.932
24.704
37.62
31.908
36.016
26.196
37.584
32.172
26.46
36.128
24.716
24.692
25.728
36.056
25.992
24.44
37.668
25.956
25.728
31.728
24.44
37.416
36.016
25.728
31.728
31.728
37.016
31.728
24.704
26.016
36.092
25.728
25.728
36.28
36.256
25.892
24.544
31.88
37.132
26.168
24.82
31.856
24.508
26.144
31.728
26.016
24.44
25.784
25.728
36.404
25.728
24.992
24.68
37.416
24.668
26.004
24.44
25.728
25.728
37.016
24.44
25.728
36.128
31.728
36.404
37.292
36.08
24.44
26.004
36.128
24.44
31.728
37.016
26.016
37.304
25.892
24.44
25.88
25.868
36.016
31.856
24.44
31.728
24.44
25.728
24.44
25.728
37.016
24.44
36.128
25.728
24.68
26.004
31.992
26.28
24.932
26.268
24.62
37.656
37.208
26.244
36.596
37.932
37.484
31.728
37.016
26.316
36.404
38.004
37.292
26.292
31.98
25.968
24.44
31.728
24.44
25.728
37.028
36.416
24.704
24.98
24.968
37.404
24.44
37.68
37.016
25.728
25.728
25.728
37.304
37.304
25.892
37.304
25.892
25.88
31.868
26.156
26.144
24.44
26.132
36.128
24.716
37.304
36.016
36.016
37.016
36.404
36.392
24.98
31.728
36.128
26.016
24.692
25.728
36.38
26.004
25.992
36.016
36.016
25.892
31.728
37.016
26.016
26.004
25.728
37.416
25.728
25.728
37.016
25.728
37.016
37.416
37.016
26.004
36.104
25.992
24.44
25.98
25.968
37.356
24.98
37.416
24.968
37.404
36.656
25.992
31.98
37.968
24.62
36.016
26.532
24.604
37.92
31.908
24.88
36.256
37.144
37.58
37.132
26.156
36.508
24.796
26.132
24.784
26.12
36.172
37.808
24.76
24.748
31.728
36.436
25.024
37.016
24.44
26.3
37.016
26.288
25.976
24.44
36.404
24.44
31.728
37.416
37.016
26.004
31.728
31.728
36.016
25.728
25.892
37.016
37.58
26.168
24.82
26.156
37.544
37.532
26.12
31.728
26.316
36.016
25.728
24.592
31.728
25.892
25.728
37.016
24.704
25.728
37.416
37.416
24.668
26.004
37.392
25.98
25.968
37.016
31.728
37.716
26.304
26.292
37.016
25.728
37.016
25.728
24.704
37.304
24.44
31.892
24.704
37.292
36.08
37.416
26.004
24.44
37.028
31.728
25.728
37.416
36.128
24.716
37.304
37.016
25.728
25.728
36.104
31.728
25.728
37.416
36.368
37.404
24.956
24.44
25.98
24.44
25.968
24.44
25.728
25.728
37.016
31.728
24.44
37.416
25.728
25.728
37.016
37.416
31.728
37.416
36.016
37.016
37.016
36.016
25.892
37.304
24.44
24.44
24.44
24.44
31.728
37.416
37.016
24.44
37.304
24.44
36.128
24.716
31.728
37.016
36.104
31.728
31.728
31.728
37.016
25.728
24.704
31.728
26.016
24.44
36.128
31.728
24.44
37.416
24.44
37.028
31.728
37.016
37.016
37.304
25.728
24.604
37.304
37.192
37.304
25.88
36.128
31.728
36.116
31.728
37.016
31.728
26.016
24.44
37.028
37.416
37.016
26.004
36.104
37.692
31.98
36.332
26.568
37.956
32.244
26.532
26.22
31.728
24.704
31.728
24.44
31.728
36.128
26.016
24.44
37.704
37.028
26.292
37.016
37.016
25.728
36.128
37.016
25.728
25.728
37.016
37.016
25.728
36.016
36.016
31.728
24.604
37.192
31.728
37.016
37.416
24.704
25.88
36.392
24.98
36.668
24.968
31.728
37.016
26.28
24.932
26.268
37.22
25.208
26.244
37.632
31.728
25.172
38.016
25.16
32.004
38.292
25.136
26.58
24.44
31.728
37.028
26.436
36.416
31.728
37.404
24.44
37.028
24.44
25.728
37.028
37.016
37.304
37.016
25.728
37.416
37.016
24.592
25.728
37.304
25.892
24.44
31.728
37.016
24.44
25.728
24.44
37.416
32.004
24.44
37.028
25.728
37.016
25.728
24.704
37.292
36.68
31.728
25.268
37.556
25.544
36.032
37.692
24.62
37.368
31.728
31.728
36.128
25.728
37.016
37.416
31.728
36.392
26.016
26.004
24.44
26.004
37.028
37.692
24.716
36.104
25.968
24.88
36.016
25.892
37.016
37.58
24.704
31.868
24.692
31.856
36.08
31.844
26.132
24.44
24.716
25.892
24.692
37.416
36.016
25.992
37.016
24.704
25.968
24.692
24.556
25.892
24.544
24.44
25.856
37.016
31.728
36.104
37.016
25.728
24.704
24.604
24.592
25.728
37.304
37.016
36.016
24.604
37.304
31.728
26.016
24.44
25.728
37.416
24.44
31.728
25.728
24.44
25.728
24.44
37.416
37.028
32.004
31.728
25.728
37.416
24.44
26.004
25.728
25.728
31.728
25.728
25.728
25.728
36.116
31.728
26.016
25.728
37.416
32.004
25.728
36.016
25.728
36.016
37.204
31.728
36.016
25.892
24.44
25.892
24.44
25.88
37.016
36.104
25.728
24.692
31.728
37.016
25.728
24.704
24.692
36.38
24.44
25.728
24.44
25.728
25.728
37.016
31.728
26.016
37.304
37.016
25.892
36.016
31.88
26.168
37.304
31.892
25.892
37.58
24.832
26.168
36.52
37.856
37.844
24.796
37.532
24.44
31.728
38.016
37.016
24.704
25.728
31.728
25.728
37.016
24.44
31.728
31.728
37.016
36.404
24.992
25.728
31.728
37.016
26.016
24.704
32.004
25.992
31.728
24.44
25.728
25.728
25.728
24.44
36.404
24.692
25.728
37.416
26.004
24.44
37.304
37.416
24.604
36.016
37.304
37.304
36.016
25.88
24.604
24.592
25.892
31.88
24.868
37.156
25.144
37.568
37.844
24.44
36.128
25.82
24.44
25.808
37.028
31.728
24.44
25.728
25.728
37.016
25.728
25.728
37.016
25.728
25.728
36.016
25.728
36.016
37.204
36.292
24.88
25.892
37.016
37.304
24.44
31.892
36.128
26.18
24.716
37.868
36.104
37.856
24.692
37.016
24.704
24.604
36.292
31.728
37.304
24.604
31.728
24.44
26.168
24.44
37.304
31.728
24.44
31.728
24.44
25.728
24.44
37.028
24.716
25.728
37.416
24.44
31.728
37.716
26.304
37.016
31.728
24.44
26.016
24.44
25.728
37.016
25.728
37.016
24.704
37.416
32.004
26.292
26.28
24.632
37.668
37.016
25.956
37.016
31.944
37.932
32.22
26.508
25.896
24.716
25.884
31.872
36.392
26.16
32.148
26.436
24.44
38.124
26.412
37.016
26.1
24.44
25.788
37.016
24.44
24.44
31.728
24.44
26.016
24.44
31.728
36.016
25.728
24.44
25.892
24.44
24.44
37.016
25.728
24.704
24.692
31.728
25.728
25.728
25.728
31.728
24.44
25.728
24.44
25.728
24.44
37.416
37.028
36.416
31.728
37.016
37.016
36.104
37.292
25.728
25.728
25.728
36.016
24.604
25.728
36.128
25.88
37.016
31.868
24.704
25.856
24.44
25.728
31.728
37.016
37.016
31.728
24.704
25.728
36.092
25.728
24.68
36.068
24.44
31.728
37.416
26.004
25.728
37.304
37.016
24.704
31.728
24.44
37.028
36.416
37.304
36.092
24.68
31.728
26.016
37.704
31.992
24.44
24.44
25.728
37.416
37.016
32.004
36.104
31.992
31.728
24.44
24.44
25.728
24.44
24.44
37.416
32.004
37.016
31.728
25.728
24.44
25.728
37.416
24.44
25.728
37.028
24.716
36.68
37.416
25.268
36.956
37.692
24.944
26.28
24.932
24.62
37.208
24.896
36.584
36.272
26.172
37.016
31.728
37.016
26.016
24.788
26.004
36.476
25.992
37.68
25.052
26.268
37.04
26.256
26.352
37.016
24.44
38.028
37.028
26.316
37.016
36.016
25.728
31.728
36.016
37.016
25.892
25.88
24.44
37.016
37.016
25.728
37.416
26.004
37.304
25.728
31.728
24.44
24.44
25.728
24.44
31.728
36.128
24.44
36.128
37.016
26.004
36.404
31.728
36.092
24.68
26.004
37.692
37.016
25.004
36.092
25.728
37.416
24.44
32.004
37.392
37.016
25.728
31.728
25.728
37.416
26.004
24.656
37.692
37.68
24.632
31.968
37.22
26.556
26.544
31.932
24.884
26.22
37.608
37.596
36.128
37.584
24.716
24.704
37.292
25.728
24.44
37.028
24.44
24.44
24.44
24.44
24.44
24.44
37.016
37.016
24.704
25.728
36.092
37.28
31.728
26.016
24.88
25.892
37.58
37.856
25.844
37.532
36.016
37.204
24.604
25.728
31.728
26.016
36.016
37.404
25.88
37.304
31.728
36.016
24.44
25.728
36.128
31.728
24.716
37.416
24.44
25.728
36.016
25.728
25.892
31.728
36.016
31.728
26.016
26.004
24.604
36.292
24.58
36.268
37.304
36.256
31.892
37.144
24.52
36.016
24.604
37.532
37.52
24.44
31.728
36.128
25.728
37.016
25.728
24.44
25.728
37.016
37.416
32.004
31.728
24.44
25.728
37.304
24.44
36.128
25.728
24.716
37.416
37.016
36.104
31.728
24.692
25.728
31.728
37.416
24.716
37.304
24.44
25.728
24.716
37.416
36.016
24.604
37.416
36.016
37.204
31.728
24.892
37.18
36.016
24.604
25.728
24.716
25.88
36.392
25.728
37.416
24.44
37.028
25.992
24.44
26.268
37.416
36.128
37.304
31.892
24.704
25.728
24.98
26.004
37.016
31.992
36.404
37.68
24.992
37.28
25.956
36.968
31.944
24.656
26.232
37.016
36.404
31.728
31.728
25.728
37.016
31.728
36.016
25.728
24.44
37.416
32.004
25.728
24.44
25.728
31.728
24.44
26.016
36.128
32.004
24.44
26.292
24.44
31.728
37.028
37.016
24.704
24.44
25.728
25.728
36.016
37.416
25.728
24.44
25.728
36.08
37.416
24.668
26.004
36.356
25.992
37.38
24.932
36.62
25.208
36.896
26.232
25.472
25.748
25.736
38.172
37.424
38.448
26
25.988
25.364
38.7
25.64
37.028
38.964
25.916
25.604
38.34
36.692
31.728
37.58
25.568
25.556
37.244
24.62
24.608
26.544
37.196
26.232
36.284
26.22
36.56
24.548
37.584
36.016
26.16
24.44
25.728
36.016
24.604
36.016
24.604
24.592
25.728
36.016
31.728
37.016
25.868
37.016
25.892
25.88
31.868
36.404
37.304
24.992
31.892
25.88
37.568
26.156
37.304
24.44
36.128
31.728
36.016
26.016
26.004
25.728
24.604
37.192
25.728
37.304
24.44
31.892
37.028
37.016
25.728
36.128
37.016
31.728
25.728
24.44
36.128
36.016
26.004
25.728
37.016
37.416
24.44
25.892
36.128
31.88
24.716
26.168
24.68
36.368
37.392
37.38
24.932
36.016
37.644
26.232
37.016
26.208
37.016
24.704
37.304
36.128
24.716
25.728
24.692
25.728
36.08
37.392
36.404
25.728
24.68
37.416
36.368
26.004
37.256
24.944
37.38
24.44
26.244
24.44
37.62
37.028
36.016
37.416
24.44
32.004
24.44
37.304
24.44
37.016
37.416
24.704
32.004
24.692
37.304
24.44
37.028
37.016
37.016
37.016
31.728
37.016
24.44
31.728
36.128
31.728
24.716
26.016
31.728
25.728
24.956
25.992
24.944
25.98
36.632
37.668
25.22
26.256
36.908
25.196
25.184
31.728
25.136
24.824
26.16
37.848
36.2
26.436
26.1
36.016
37.476
24.44
25.892
37.304
37.016
25.728
36.116
24.44
31.728
26.016
26.004
37.692
31.98
37.016
37.416
37.016
25.728
37.304
25.892
31.88
26.168
24.44
25.728
24.44
25.728
24.44
25.728
24.44
25.728
31.728
26.016
24.44
37.304
36.116
36.128
37.416
36.016
37.204
25.728
24.604
24.592
24.58
37.304
24.44
37.016
25.728
36.404
24.992
36.392
25.728
31.728
31.728
26.016
37.668
26.256
25.208
25.944
37.632
25.484
31.92
25.472
26.508
38.196
32.184
25.136
38.472
26.748
38.436
25.088
26.412
25.064
26.4
26.388
37.016
26.364
37.016
37.016
24.704
37.016
24.704
25.728
36.092
24.44
37.028
25.728
37.416
37.016
24.44
25.728
37.016
25.004
24.692
25.728
37.416
32.004
31.992
36.016
31.728
37.016
25.728
31.728
31.728
36.016
25.728
24.604
25.728
37.016
24.704
31.728
37.416
26.004
36.016
24.44
36.016
24.604
37.416
36.292
26.004
31.728
37.016
37.016
31.728
26.016
26.004
25.992
37.304
31.728
36.68
26.016
37.704
36.656
26.292
32.28
36.032
38.268
37.22
32.556
24.908
27.144
37.496
32.532
27.42
27.108
24.592
32.196
37.304
25.892
24.832
37.568
26.156
37.544
26.132
37.016
31.82
26.108
37.304
24.604
25.892
31.88
24.44
25.868
24.44
37.304
37.016
36.016
37.416
36.016
25.728
24.604
24.88
24.44
37.58
24.44
36.404
24.992
37.416
25.268
26.004
37.016
37.016
37.968
37.016
36.104
26.244
24.692
25.728
36.128
31.728
24.716
25.728
25.728
36.68
25.268
25.256
37.692
36.344
26.28
37.232
36.128
24.716
37.32
36.016
25.728
37.016
31.728
31.728
26.016
37.304
37.016
37.016
25.728
37.416
37.404
36.016
24.44
24.44
36.128
31.728
37.016
26.016
24.44
31.728
24.716
26.016
24.44
31.728
25.728
37.416
32.004
31.992
31.98
36.016
36.016
37.304
24.44
36.128
31.728
37.016
24.692
26.004
25.992
37.016
24.44
31.728
36.128
24.44
31.728
37.016
36.016
37.204
31.728
37.192
36.28
24.568
37.156
36.544
25.132
25.728
25.728
25.728
25.728
37.416
26.004
37.016
37.692
37.016
24.704
37.292
37.304
31.892
36.016
37.58
25.728
31.728
36.268
36.256
25.892
37.58
36.016
37.568
37.532
37.016
25.004
25.728
25.728
36.016
37.416
37.204
32.004
36.292
37.392
31.98
36.016
25.892
31.728
24.604
26.016
24.44
36.128
37.304
37.016
25.004
31.728
31.728
26.016
37.016
31.728
36.104
26.016
36.092
24.68
37.304
31.728
36.28
31.728
25.88
26.156
37.016
26.144
36.404
26.132
37.016
31.82
36.704
26.408
36.092
26.096
26.084
24.44
25.728
24.44
36.016
24.604
37.192
24.44
36.128
37.304
37.016
37.016
25.728
24.44
31.728
36.016
26.016
37.204
24.892
36.28
37.468
37.156
31.728
26.016
37.704
26.292
24.82
26.28
24.808
31.968
26.556
26.544
36.172
26.532
37.784
24.736
26.372
24.724
26.048
36.4
37.436
37.288
24.976
37.016
26
36.128
24.44
26.276
36.016
25.728
24.604
36.016
36.292
25.88
37.18
37.568
36.268
36.016
25.892
25.892
36.268
31.88
25.892
24.844
37.58
36.532
26.168
24.808
26.144
24.796
31.832
24.784
24.772
26.108
24.748
31.728
36.124
26.048
26.024
37.016
24.44
31.728
26.016
24.592
25.728
36.28
37.304
24.856
25.892
36.22
26.156
24.796
26.132
24.784
25.82
36.46
37.496
37.048
31.784
25.336
25.024
26.06
25.012
25
31.728
36.688
36.076
31.728
31.728
24.44
25.728
24.44
25.728
36.292
25.728
37.18
24.868
37.304
36.016
25.892
25.856
25.728
25.728
25.728
25.728
24.44
37.304
24.44
25.728
24.44
37.416
37.016
25.728
25.728
37.016
25.728
24.704
31.728
36.392
37.416
37.28
25.728
25.268
25.256
37.844
37.232
24.92
37.016
25.728
36.104
37.292
36.016
25.728
37.204
25.728
25.728
37.304
37.304
25.892
25.728
24.604
25.728
37.192
25.728
24.88
24.868
37.304
36.556
25.144
37.58
31.728
36.016
31.728
24.44
37.52
36.016
36.016
24.44
31.728
36.016
25.892
36.016
25.88
24.44
36.128
36.116
24.704
24.692
25.728
31.728
36.356
31.728
25.968
37.016
25.956
24.704
31.944
37.016
26.232
26.22
31.908
36.016
37.416
31.728
26.016
24.44
24.44
31.728
31.728
37.016
24.704
31.728
37.304
37.016
36.404
24.44
25.728
25.728
24.44
26.004
31.992
24.716
31.98
25.968
37.016
37.416
37.016
31.728
26.016
24.44
25.728
25.728
31.728
25.728
25.728
25.728
36.128
24.44
25.728
36.128
37.416
25.728
24.992
36.668
26.004
24.956
37.692
24.944
31.728
36.332
38.016
24.92
36.608
25.196
31.728
25.872
37.016
37.304
31.892
25.728
36.016
37.304
37.204
24.892
24.88
24.568
24.44
37.028
36.116
37.304
31.728
36.128
24.44
25.728
25.728
24.44
25.728
31.728
24.716
31.728
24.992
26.016
24.98
37.416
24.968
37.692
37.016
24.92
24.908
26.244
25.932
36.584
31.92
25.172
37.908
25.16
31.896
37.148
26.184
37.136
25.424
37.412
24.8
36.188
38.112
37.016
26.7
36.704
36.692
25.28
26.064
36.368
36.016
25.728
37.416
24.44
36.016
37.304
24.44
24.44
31.728
24.44
25.728
24.692
25.728
24.68
37.416
26.004
31.992
36.016
26.28
31.968
24.592
25.728
24.58
31.728
36.016
25.892
24.592
24.868
25.892
24.544
36.232
37.568
37.12
25.108
25.844
25.372
37.796
26.384
38.072
37.016
25.304
26.648
36.4
26.636
36.088
37.724
24.676
31.728
36.364
37.716
36.052
24.44
25.928
37.016
25.916
37.604
24.44
25.728
24.44
24.44
37.016
24.704
25.728
24.44
31.728
24.44
37.304
31.728
37.016
25.728
25.728
25.728
36.128
24.716
31.728
24.992
25.728
37.016
37.692
37.016
24.704
37.016
24.44
37.028
25.728
25.728
37.016
25.728
24.704
37.304
24.44
25.728
31.728
36.016
26.016
24.604
37.704
37.192
36.016
37.016
24.704
31.728
24.44
37.416
25.892
37.016
24.44
37.016
31.728
24.44
26.016
37.304
37.016
36.104
31.728
37.016
31.728
37.416
31.728
37.416
24.44
25.728
25.728
36.128
24.44
31.728
24.44
26.016
24.44
25.728
36.128
31.728
31.728
25.728
37.416
25.728
24.44
31.728
24.44
26.016
24.44
26.004
37.028
37.692
37.016
31.728
31.728
24.44
37.016
25.728
24.44
24.44
31.728
37.016
26.016
24.44
25.728
37.416
24.704
37.404
24.44
37.416
37.028
37.404
31.728
36.016
31.728
24.44
25.728
31.728
26.016
25.728
25.728
25.728
37.304
25.892
37.304
24.44
25.728
24.44
36.016
24.604
24.592
31.728
25.868
37.016
25.728
37.016
25.728
25.728
37.304
37.016
31.892
24.704
25.88
36.116
37.304
37.416
32.004
25.728
37.016
31.728
26.016
26.004
37.304
24.44
24.44
37.016
25.728
36.404
24.992
31.728
26.016
37.016
37.392
36.128
24.716
24.704
25.728
36.128
24.716
25.728
31.728
26.016
36.368
37.256
25.992
25.98
24.632
31.968
26.256
25.944
24.896
37.332
25.908
37.596
24.44
31.884
37.028
37.872
37.016
24.704
24.44
36.128
37.416
26.004
31.728
37.016
37.016
25.728
24.44
36.128
25.728
24.716
25.728
36.104
31.728
36.38
24.656
31.728
37.016
26.016
31.728
26.316
24.44
24.44
24.44
24.44
31.728
37.016
24.44
25.728
24.44
25.728
37.016
37.416
26.004
25.728
24.44
37.304
31.728
36.016
37.416
37.204
32.004
24.592
24.44
24.44
37.028
36.416
26.004
37.304
25.892
37.016
24.58
37.304
36.016
37.304
24.604
25.892
25.88
37.016
24.704
24.692
31.728
36.016
26.016
24.604
25.844
36.016
31.728
37.016
24.704
36.392
24.98
36.38
31.728
24.968
24.956
25.992
36.644
37.68
37.232
25.196
26.22
26.208
25.46
37.896
37.148
25.736
38.172
36.016
26.76
37.016
36.116
25.892
31.88
24.44
25.868
37.556
24.44
31.728
37.016
36.128
25.728
25.728
25.728
36.292
24.868
37.304
36.556
25.892
37.568
24.44
24.44
31.728
24.44
31.728
37.304
36.016
37.016
36.404
36.392
37.304
24.68
25.892
37.016
24.704
36.104
36.016
37.416
24.44
26.004
31.992
36.016
37.204
24.592
31.728
37.18
31.728
24.568
25.892
37.016
25.868
36.22
37.544
37.016
37.532
31.82
26.108
25.728
24.604
37.304
37.192
25.892
24.88
31.728
37.416
37.58
36.128
31.868
31.856
37.016
38.144
36.404
25.832
26.004
25.256
25.992
25.232
26.268
25.22
37.956
37.208
37.196
26.532
25.484
31.92
25.472
31.908
26.496
31.884
38.16
25.112
38.148
26.736
36.788
38.124
31.812
37.016
27
24.704
26.388
24.692
26.364
36.416
25.004
37.428
26.016
26.28
25.728
24.604
25.728
37.016
25.728
37.304
24.604
25.88
37.304
37.304
25.728
25.728
24.44
25.728
25.728
25.728
25.728
24.44
25.728
37.028
24.716
37.016
24.704
24.692
36.38
37.416
24.704
31.728
24.968
26.004
37.68
37.668
36.308
26.244
26.232
36.584
26.22
25.172
25.908
36.248
26.184
24.836
25.848
24.8
31.836
24.788
25.812
24.764
37.5
37.016
37.764
24.704
26.04
25.728
25.728
36.016
31.728
26.016
36.292
37.404
25.992
25.892
24.44
24.44
31.728
37.416
24.44
24.44
25.728
37.028
24.716
31.728
24.44
24.44
25.728
37.016
37.416
32.004
24.44
36.016
25.728
31.728
26.016
24.44
24.44
37.028
24.44
36.128
24.44
36.016
24.604
25.728
36.256
37.144
37.58
25.868
25.856
24.44
25.832
25.82
37.016
25.004
24.992
37.416
32.004
36.016
37.204
25.98
24.592
37.368
24.716
31.956
24.44
36.128
37.016
37.416
24.44
36.128
26.004
24.692
25.728
24.968
26.004
37.256
37.692
24.44
31.728
37.716
37.016
36.104
25.944
25.892
37.304
24.44
25.892
31.88
37.568
25.856
37.416
26.004
25.728
37.416
32.004
25.728
25.728
31.728
36.28
37.416
24.868
37.404
25.992
24.544
37.68
24.52
36.208
26.144
24.796
25.82
24.44
24.44
24.44
31.728
37.016
31.728
36.104
25.728
31.728
37.304
36.128
37.304
37.016
25.892
24.992
31.728
24.98
26.016
24.668
26.004
36.356
37.692
24.944
24.632
24.896
24.584
36.016
25.908
37.596
36.016
24.44
31.728
25.892
36.016
25.728
37.016
31.728
24.704
26.016
37.016
24.704
31.728
37.292
26.016
36.38
25.728
24.668
25.728
37.016
24.44
31.728
37.028
36.416
25.728
37.304
31.728
24.44
31.728
26.016
32.004
25.992
24.44
25.728
25.728
25.728
37.016
36.104
25.728
24.44
37.304
24.44
25.728
24.44
37.028
24.716
31.728
36.404
31.728
24.692
37.016
37.016
25.728
25.728
31.728
24.44
37.016
24.704
31.728
24.716
26.016
37.416
37.416
25.992
25.98
25.728
37.416
37.016
25.728
24.44
36.016
25.728
24.604
31.728
24.88
37.304
24.856
37.58
25.132
26.156
24.796
37.832
37.808
25.06
26.096
25.036
37.772
37.024
26.36
25.312
36.7
26.336
25.288
25.276
38
31.728
37.016
24.704
38.252
36.128
26.54
24.716
25.728
36.104
24.44
25.728
37.416
37.016
37.404
37.016
25.728
24.704
37.292
37.016
31.728
26.016
25.728
31.728
26.016
24.44
37.704
25.728
24.704
24.68
37.416
37.404
24.44
31.728
26.016
25.956
24.44
25.728
36.016
36.292
36.568
31.728
25.156
26.016
26.168
31.728
26.132
31.82
24.868
37.304
25.892
25.88
37.568
25.108
37.844
25.096
26.132
37.82
31.808
38.096
24.604
24.44
31.728
37.416
37.58
24.44
25.728
31.728
31.728
24.604
25.728
37.192
37.304
31.728
24.704
37.292
25.728
24.98
37.416
24.44
32.004
26.292
32.28
32.268
37.016
32.256
25.728
24.44
37.028
31.728
24.716
25.728
25.728
24.44
37.028
25.728
25.728
24.44
31.728
26.016
24.44
32.004
36.128
25.992
36.116
25.728
31.728
26.016
37.016
31.728
26.016
37.704
37.016
26.292
26.28
25.968
37.656
25.728
31.728
36.016
24.604
25.728
37.016
25.728
24.44
24.44
24.44
37.028
24.716
31.728
24.44
25.728
31.728
26.016
26.004
24.592
25.728
37.304
25.892
37.016
31.728
37.016
25.728
25.728
24.704
25.728
25.728
36.016
37.416
26.004
36.016
25.728
25.892
37.58
37.016
25.868
37.016
25.856
31.728
25.728
25.728
37.016
37.016
25.728
37.416
37.016
25.728
37.016
31.728
36.016
26.016
25.728
25.892
24.44
25.88
31.728
37.016
25.728
31.728
26.016
36.016
25.728
24.44
31.728
25.728
37.016
31.728
37.016
25.728
37.304
24.44
31.892
24.44
25.88
37.028
25.868
24.716
24.604
24.44
37.304
25.88
37.016
37.016
37.304
25.892
24.592
36.016
31.728
37.416
24.44
26.004
36.128
24.716
36.404
25.728
24.44
24.604
37.192
24.88
37.304
31.892
37.016
31.728
37.416
26.004
25.728
25.728
37.416
37.016
37.404
25.992
31.98
37.016
25.968
24.704
25.728
36.392
24.98
25.728
24.44
24.44
31.728
26.016
25.728
37.016
31.728
26.016
26.004
36.016
37.692
37.68
26.268
24.44
25.956
31.728
26.016
37.016
37.416
36.104
26.004
37.392
25.728
24.44
31.728
24.44
36.128
24.716
37.416
24.44
37.028
31.728
37.016
25.728
31.728
26.016
31.728
36.128
31.728
24.716
36.104
37.304
25.728
31.728
26.016
37.704
26.292
24.604
25.98
24.592
25.728
24.58
36.268
37.304
31.728
37.016
37.016
24.44
31.728
37.016
37.416
36.128
24.704
37.292
25.728
36.38
26.004
36.656
25.98
36.32
26.256
24.908
37.332
24.884
25.92
37.172
25.16
25.148
37.584
37.016
31.728
25.304
38.016
24.692
32.004
24.68
37.824
37.016
24.464
31.728
36.152
24.74
25.776
37.464
24.68
26.016
36.368
37.704
24.956
26.292
31.98
37.016
26.268
37.016
36.104
26.232
37.016
31.728
24.44
25.892
25.88
37.016
31.868
24.44
26.156
36.116
31.728
25.728
24.44
37.416
37.016
25.728
36.128
31.728
25.728
26.004
25.992
24.44
25.728
37.304
36.016
24.604
25.88
24.44
37.568
36.128
37.556
24.44
26.144
37.016
37.416
26.004
36.016
25.728
37.016
37.016
31.728
31.728
24.44
31.728
37.416
32.004
36.016
25.728
37.204
31.728
24.892
37.48
25.168
31.728
37.756
37.016
24.604
25.728
37.192
37.18
24.868
37.304
31.892
25.88
25.856
25.844
25.832
31.82
37.808
37.796
36.016
26.084
24.604
26.072
26.06
24.88
32.048
24.868
26.336
36.556
37.58
36.016
24.604
24.592
26.132
37.016
36.244
37.132
37.568
26.156
25.844
31.832
37.016
25.728
36.104
25.728
24.592
24.58
37.016
25.892
24.704
37.292
36.68
24.968
37.304
24.656
24.644
31.728
24.44
24.44
25.728
37.016
24.704
25.728
24.44
25.728
25.728
36.128
37.416
24.716
24.704
25.728
25.728
37.016
24.704
37.016
25.728
36.016
37.204
31.728
37.016
26.016
26.004
24.604
37.304
25.892
37.304
37.58
26.168
36.128
37.016
25.728
24.44
25.728
24.44
25.728
24.44
37.416
24.44
32.004
25.728
24.44
31.728
31.728
36.128
26.016
32.004
31.992
25.728
25.728
36.016
25.728
25.728
24.44
31.728
37.028
31.728
24.44
25.728
24.44
25.728
36.128
25.728
24.716
24.704
25.728
25.728
24.44
37.016
37.38
25.728
36.016
31.728
25.728
31.728
24.44
37.016
37.016
37.016
25.728
36.016
37.416
32.004
37.016
37.016
31.728
31.728
26.016
24.44
25.728
31.728
26.016
32.004
26.292
25.728
37.016
31.728
24.604
37.304
24.44
31.728
37.016
37.716
36.104
37.292
24.98
25.728
24.44
36.016
37.204
36.292
37.416
25.892
36.116
31.88
36.104
31.868
36.016
31.856
24.604
26.144
36.292
37.832
24.58
32.12
36.268
31.728
37.016
24.832
24.52
24.508
26.144
36.196
37.532
24.44
31.728
31.728
36.016
24.604
31.728
24.44
37.028
25.88
36.416
24.704
31.728
37.016
24.44
37.304
37.416
32.004
36.016
25.992
37.016
25.98
24.704
36.092
25.892
24.44
24.44
25.892
37.028
37.58
37.416
26.004
37.016
25.992
24.44
25.98
36.128
25.968
25.956
37.016
25.728
24.88
24.568
37.304
25.892
37.016
37.58
36.016
37.304
37.304
24.44
37.016
25.728
24.704
25.728
37.292
36.68
37.416
25.268
24.956
31.728
36.128
37.016
37.016
25.728
36.016
37.304
24.44
37.304
25.728
24.44
24.44
37.304
25.892
37.016
37.016
25.728
24.44
25.728
36.128
25.728
37.016
25.728
25.728
37.404
37.016
25.992
37.68
26.268
24.44
37.656
36.016
37.304
24.44
36.128
36.392
31.728
24.968
26.016
26.004
25.244
37.016
37.668
36.704
25.292
37.944
37.016
25.004
37.92
36.692
31.728
26.616
24.536
37.124
36.512
31.728
25.1
38.016
36.488
26.604
25.076
26.088
24.44
24.44
24.44
25.728
37.016
36.104
24.692
36.38
25.728
24.868
36.256
37.016
26.168
24.808
37.096
25.832
25.82
37.508
26.084
36.016
37.304
25.892
37.016
25.892
25.88
24.44
37.028
25.728
24.716
36.404
31.728
37.292
26.016
24.68
37.016
36.016
31.728
25.892
36.844
37.58
26.168
36.52
37.856
25.108
26.444
26.12
24.772
26.384
36.016
26.372
24.44
26.048
25.728
36.128
25.728
25.728
36.016
37.404
37.016
25.728
36.128
25.728
37.016
25.728
25.728
36.016
36.016
24.44
37.016
37.416
26.004
36.016
31.992
24.604
37.68
25.968
24.88
31.728
24.568
24.556
31.728
24.544
37.716
37.016
36.128
25.82
36.116
25.808
37.016
24.704
25.728
24.44
24.716
24.44
25.728
24.44
37.416
31.728
37.016
37.016
24.716
25.728
37.016
25.728
37.416
25.256
37.692
36.944
37.68
25.532
26.268
25.52
31.956
38.244
25.496
31.728
25.772
38.196
37.016
24.836
38.472
24.812
31.728
24.5
26.316
24.488
37.704
24.476
26.112
37.016
24.704
37.016
25.752
24.44
24.44
37.304
36.016
31.728
36.016
24.604
25.892
31.88
25.868
24.44
31.856
37.028
24.716
37.016
25.728
37.304
25.892
25.88
31.728
24.44
25.728
37.016
25.728
37.016
24.704
31.728
37.016
25.728
24.44
24.44
37.028
25.728
36.016
37.416
24.44
26.004
31.728
24.44
37.416
37.028
25.728
37.016
25.728
24.604
25.728
24.592
36.016
24.604
37.304
31.728
24.44
37.028
24.716
37.304
37.016
24.704
31.728
36.016
37.304
37.204
37.016
31.728
25.004
36.692
25.892
36.544
37.58
25.132
36.22
24.808
26.444
24.784
36.172
31.728
24.76
36.448
26.084
36.112
37.016
24.44
26.024
26.012
36.128
31.728
24.716
36.404
24.992
25.728
24.68
36.116
31.728
25.728
37.416
24.604
37.304
37.016
37.016
37.304
24.716
31.892
24.704
26.18
25.868
37.556
37.016
25.728
37.016
31.728
24.704
25.728
37.016
31.728
36.016
37.304
25.892
36.292
24.88
36.268
36.256
25.892
24.544
24.44
24.44
24.44
36.128
37.416
36.404
37.292
25.28
36.668
26.004
25.244
31.728
26.316
37.016
32.004
37.992
36.116
26.22
25.728
24.68
37.416
25.992
37.38
36.02
37.656
24.44
37.644
37.332
24.44
25.92
37.016
24.44
25.728
31.728
36.116
26.016
37.704
37.416
37.392
37.016
25.98
37.016
24.704
25.728
36.392
37.416
24.98
31.728
24.668
37.416
24.44
31.728
25.728
24.704
24.44
25.728
24.44
37.416
37.028
32.004
36.416
26.292
37.304
24.44
24.44
37.028
26.004
36.116
31.728
37.016
36.104
24.44
25.728
25.728
31.728
24.44
25.728
25.728
37.416
36.016
37.204
37.416
25.892
24.44
31.88
37.028
31.868
24.716
26.156
37.304
26.144
36.692
24.98
24.668
37.416
36.016
25.728
24.44
25.728
25.892
25.728
36.016
36.016
37.204
24.892
36.58
25.892
36.256
36.016
25.868
24.604
25.856
24.592
36.016
37.016
25.892
37.58
37.016
31.868
26.156
37.304
36.016
37.304
36.128
36.016
24.44
25.728
36.128
31.728
37.416
25.728
31.728
24.604
37.304
37.016
31.728
37.416
24.856
26.004
24.844
31.992
36.532
37.98
32.268
26.556
38.244
26.408
24.76
26.096
37.784
31.772
24.44
38.06
24.44
26.648
37.016
25.004
24.44
31.728
37.416
36.128
37.392
31.98
37.016
31.728
25.728
37.016
36.404
25.728
24.992
37.416
24.68
26.004
24.668
25.992
37.256
36.644
24.44
36.016
37.204
24.892
31.728
37.48
24.44
36.128
25.728
24.716
25.728
25.728
24.44
37.392
36.38
37.416
26.004
25.992
24.944
37.68
24.632
26.256
26.244
36.016
24.604
37.608
37.596
37.304
36.016
25.728
24.44
25.728
31.728
36.016
36.016
37.016
24.44
31.728
36.016
37.016
24.704
36.568
37.304
31.892
37.58
26.168
36.016
26.144
24.604
26.132
26.12
24.58
31.808
26.396
24.544
25.88
25.856
25.844
24.44
37.028
31.728
36.416
25.004
25.728
36.38
37.692
37.016
25.98
24.704
36.392
25.728
24.98
24.98
37.692
37.016
37.68
25.004
37.356
24.908
25.944
24.896
37.632
36.584
37.172
26.208
25.46
24.548
37.016
36.016
26.448
36.292
25.824
24.88
24.856
25.892
24.44
26.156
36.128
24.716
36.404
25.728
36.392
25.968
25.956
24.44
37.344
37.028
25.728
24.716
37.304
37.016
31.728
36.016
37.016
25.728
36.404
24.44
25.892
31.88
25.868
24.44
36.128
24.716
25.728
24.992
25.728
24.68
36.368
37.692
31.728
25.728
37.016
25.728
25.728
24.604
31.728
25.728
37.304
37.58
24.704
37.292
25.728
24.98
37.416
24.668
26.004
36.056
37.244
31.728
37.016
26.016
24.704
37.704
24.692
25.992
36.08
25.98
37.016
24.704
25.892
31.88
24.44
25.728
24.44
25.728
37.416
24.44
37.028
37.416
24.44
31.728
37.016
24.44
37.028
31.728
36.116
25.728
37.016
31.728
37.016
25.728
37.016
24.44
36.128
31.728
25.728
25.728
24.44
25.728
37.016
24.704
24.44
24.44
31.728
24.44
31.728
37.016
25.728
31.728
37.016
25.728
36.104
31.728
25.728
25.728
25.728
37.416
37.016
26.004
25.728
24.44
25.728
25.728
24.604
37.016
37.304
24.716
37.016
24.704
25.728
37.416
24.604
36.268
37.304
37.016
25.88
25.868
24.44
37.028
37.016
24.44
36.128
25.728
25.728
36.392
24.68
26.004
36.356
31.992
26.28
24.62
25.956
24.44
37.632
24.44
31.92
37.028
26.508
36.416
24.992
24.98
31.728
26.016
37.704
37.016
24.704
31.728
37.292
24.98
37.268
37.016
31.728
37.016
31.728
25.728
36.016
37.304
24.44
37.304
24.44
24.44
25.728
24.44
31.728
25.728
37.016
37.016
24.44
31.728
25.728
36.016
31.728
24.604
26.016
37.016
26.004
25.004
24.992
37.016
37.58
36.104
36.016
37.204
24.604
25.892
24.58
31.88
37.304
31.728
37.016
37.716
24.704
36.392
31.728
36.38
37.416
26.004
37.016
25.844
37.016
36.104
25.728
36.016
37.304
37.016
37.304
31.728
37.304
36.016
36.016
37.304
36.016
37.204
37.192
36.016
37.304
36.016
37.304
