24.44
24.44
24.594
24.637
25.882
26.037
25.122
26.08
26.234
26.256
25.896
26.565
26.05
26.72
26.874
26.093
27.029
25.848
25.869
27.36
26.178
26.488
26.642
27.312
31.728
26.552
27.749
26.706
31.792
28.213
32.234
27.192
28.149
27.368
28.304
27.256
28.458
27.432
28.501
27.453
31.856
27.762
32.08
28.768
27.938
28.896
29.205
32.293
28.978
37.514
29.133
29.669
37.957
29.576
30.112
29.597
31.792
37.946
31.728
37.149
28.504
30.373
29.994
37.213
29.616
28.834
28.989
31.904
32.058
29.144
38.879
38.098
37.186
29.741
30.277
29.762
32.698
29.917
32.853
30.072
37.026
30.248
39.184
33.338
30.424
31.381
33.536
39.69
38.909
30.797
39.866
32.154
31.24
33.242
32.064
33.418
37.656
33.573
40.794
33.482
32.704
32.058
32.08
32.101
31.453
33.989
31.474
32.544
38.829
41.098
31.917
32.853
31.938
34.608
38.978
41.696
38.6
35.05
38.621
33.872
32.642
42.16
34.714
42.336
33.69
34.512
42.264
43.066
33.218
34.288
38.973
34.442
38.994
43.397
42.882
34.485
33.17
39.058
33.994
33.613
34.682
34.437
33.522
39.677
44.613
39.832
33.586
34.789
33.741
33.896
34.965
34.05
39.672
43.56
39.581
34.802
44.405
40.024
35.493
35.245
34.314
35.266
34.336
35.154
35.309
35.464
36.133
44.685
45.354
40.173
35.528
35.858
36.928
34.149
36.97
40.274
34.592
36.696
37.413
36.584
35.034
35.056
36.808
47.61
38.298
34.853
37.272
48.208
39.778
34.496
47.984
37.602
38.672
46.424
38.826
37.512
34.181
39.8
34.336
47.154
39.29
40.109
34.778
39.464
48.266
38.552
47.773
39.109
47.928
48.464
34.752
39.17
39.325
39.994
39.453
40.437
34.88
49.032
50.101
39.005
35.322
49.56
41.344
40.781
49.869
41.52
41.09
35.541
50.045
41.962
39.533
35.584
39.554
41.709
41.864
42.736
42.221
42.53
39.837
43.058
43.17
42.946
42.834
44.304
42.989
43.432
34.901
34.81
40.157
43.645
45.029
45.338
43.89
45.226
40.397
35.114
44.152
34.869
40.84
45.424
44.418
40.573
45.509
44.728
45.397
40.749
35.018
45.84
45.192
39.986
46.037
35.392
45.944
46.634
45.853
46.789
40.274
35.877
40.429
45.805
47.296
40.466
47.184
47.205
39.842
36.56
46.93
40.285
47.536
47.69
40.637
48.288
40.792
48.33
40.989
48.64
48.077
48.528
48.837
48.589
41.277
36.48
41.384
49.722
49.208
49.362
41.917
50.053
49.672
49.826
42.114
37.184
50.136
41.73
37.648
37.802
37.957
41.528
38.352
41.789
38.506
41.965
38.416
38.725
42.626
43.682
39.066
44.034
44.077
38.282
43.72
38.368
43.981
44.136
43.89
38.741
44.045
38.896
44.509
37.909
37.397
43.81
37.904
43.874
43.624
37.845
43.346
43.41
43.341
38.058
43.362
38.277
42.802
38.32
38.341
42.978
38.384
43.288
38.538
38.56
43.464
38.469
43.128
37.888
38.064
43.41
38.592
38.698
43.645
38.629
38.784
43.288
39.402
43.506
39.557
40.042
43.768
43.81
40.592
44.226
44.536
40.986
40.65
45.021
45.176
45.64
45.837
45.901
46.077
46.093
40.81
45.981
46.29
40.65
40.981
45.885
46.125
41.242
46.056
46.21
46.12
46.274
45.917
46.093
41.877
46.114
41.941
41.829
46.706
40.688
40.709
47.346
40.864
47.368
41.018
41.173
47.544
47.186
40.48
40.634
40.789
45.826
40.81
45.581
40.832
45.8
40.848
46.482
41.2
46.37
41.509
41.882
41.904
46.029
41.546
46.184
45.981
40.698
46.178
40.762
41.381
46.818
47.149
41.466
41.664
46.456
46.008
46.029
46.205
46.69
46.866
46.642
46.797
42.848
47.106
43.088
47.901
43.285
48.21
48.232
43.082
43.104
47.896
47.917
48.157
43.984
48.488
43.381
48.882
48.413
48.434
43.952
48.744
44.416
44.57
44.746
49.117
49.16
45.317
49.064
45.648
45.669
49.549
45.888
45.931
46.085
45.973
46.149
46.192
46.347
46.501
46.656
46.811
46.965
46.853
46.741
46.896
46.917
47.072
46.827
46.981
47.136
47.024
47.179
47.067
47.221
46.976
47.131
47.285
47.307
47.328
47.483
47.637
47.792
47.947
48.101
48.123
48.011
48.165
48.32
48.341
48.496
48.651
48.805
48.693
48.715
48.869
49.024
49.045
49.067
49.221
49.243
49.264
49.152
48.64
48.395
48.549
48.437
48.592
48.08
47.968
47.989
47.877
47.899
48.053
48.208
48.229
48.384
48.539
48.693
48.848
48.736
48.357
48.512
48.533
48.688
48.576
48.597
48.619
48.373
48.261
48.416
48.571
48.192
48.347
48.501
48.523
48.144
47.765
47.653
47.808
47.963
48.117
48.272
48.293
48.448
48.603
48.357
48.512
48.667
48.821
48.976
49.131
49.285
49.44
49.595
49.749
49.904
49.659
49.813
49.835
49.989
49.077
48.965
48.853
48.741
48.763
47.984
48.005
48.16
48.181
48.203
47.824
47.979
47.867
48.021
48.176
48.197
48.352
48.507
48.661
48.816
48.971
49.125
49.28
49.301
49.323
49.477
49.232
49.387
49.541
49.429
49.584
49.739
49.893
50.048
50.069
49.979
49.867
50.021
50.043
50.064
50.085
49.707
49.595
49.749
49.504
49.659
49.68
49.568
49.723
49.877
49.499
49.653
49.808
49.963
49.851
50.005
49.893
49.781
49.803
49.557
49.579
49.733
49.221
48.976
48.864
48.352
48.107
48.261
47.883
47.904
48.059
47.68
47.701
47.856
47.211
47.365
47.52
47.675
47.696
46.917
47.072
47.227
47.381
47.536
47.157
47.179
47.067
47.221
47.376
47.131
47.019
47.173
47.195
47.083
47.104
47.125
47.147
47.301
47.323
47.211
47.232
47.253
47.275
47.429
47.584
46.939
46.96
46.715
46.869
47.024
46.912
47.067
47.221
47.109
46.997
47.152
47.307
47.328
47.483
47.504
46.992
47.013
47.168
47.189
47.344
47.499
47.653
47.675
47.829
47.717
47.472
47.493
47.648
47.403
47.557
47.579
47.733
47.621
47.509
47.397
47.419
47.573
47.728
47.616
47.771
47.659
47.813
47.968
48.123
48.011
47.765
47.92
48.075
48.096
48.251
48.405
47.893
48.048
48.069
47.957
47.845
48
48.155
48.309
48.464
48.619
48.773
48.795
48.949
49.104
49.125
49.147
49.301
49.456
49.611
49.765
49.92
49.675
49.829
49.984
50.005
50.027
49.915
49.803
49.824
49.845
50
50.021
50.176
49.819
49.973
50.128
49.883
50.037
50.176
49.632
49.787
49.941
49.829
49.184
49.339
49.493
49.648
49.803
49.957
49.712
49.867
50.021
50.176
