24.44
24.528
24.616
24.704
24.792
24.88
24.968
25.056
25.144
25.232
25.32
25.408
25.496
25.584
25.672
25.76
25.848
25.936
26.024
26.112
26.2
26.288
26.376
26.464
26.552
26.64
26.728
26.816
26.904
26.992
27.08
27.168
27.256
27.344
27.432
27.52
27.608
27.696
27.784
27.872
27.96
28.048
28.136
28.224
28.312
28.4
28.488
28.576
28.664
28.752
28.84
28.928
29.016
29.104
29.192
29.28
29.368
29.456
29.544
29.632
29.72
29.808
29.896
29.984
30.072
30.16
30.248
30.336
30.424
30.512
30.6
30.688
30.776
30.864
30.952
31.04
31.128
31.216
31.304
31.392
31.48
31.568
31.656
31.744
31.832
31.92
32.008
32.096
32.184
32.272
32.36
32.448
32.536
32.624
32.712
32.8
32.888
32.976
33.064
33.152
33.24
33.328
33.416
33.504
33.592
33.68
33.768
33.856
33.944
34.032
34.12
34.208
34.296
34.384
34.472
34.56
34.648
34.736
34.824
34.912
35
35.088
35.176
35.264
35.352
35.44
35.528
35.616
35.704
35.792
35.88
35.968
36.056
36.144
36.232
36.32
36.408
36.496
36.584
36.672
36.76
36.848
36.936
37.024
37.112
37.2
37.288
37.376
37.464
37.552
37.64
37.728
37.816
37.904
37.992
38.08
38.168
38.256
38.344
38.432
38.52
38.608
38.696
38.784
38.872
38.96
39.048
39.136
39.224
39.312
39.4
39.488
39.576
39.664
39.752
39.84
39.928
40.016
40.104
40.192
40.28
40.368
40.456
40.544
40.632
40.72
40.808
40.896
40.984
41.072
41.16
41.248
41.336
41.424
41.512
41.6
41.688
41.776
41.864
41.952
42.04
42.128
42.216
42.304
42.392
42.48
42.568
42.656
42.744
42.832
42.92
43.008
43.096
43.184
43.272
43.36
43.448
43.536
43.624
43.712
43.8
43.888
43.976
44.064
44.152
44.24
44.328
44.416
44.504
44.592
44.68
44.768
44.856
44.944
45.032
45.12
45.208
45.296
45.384
45.472
45.56
45.648
45.736
45.824
45.912
46
46.088
46.176
46.264
46.352
46.44
46.528
46.616
46.704
46.792
46.88
46.968
47.056
47.144
47.232
47.32
47.408
47.496
47.584
47.672
47.76
47.848
47.936
48.024
48.112
48.2
48.288
48.376
48.464
48.552
48.64
48.728
48.816
48.904
48.992
49.08
49.168
49.256
49.344
49.432
49.52
49.608
49.696
49.784
49.872
49.96
50.048
50.136
50.224
50.312
50.4
50.488
50.576
50.664
50.752
50.84
50.928
51.016
51.104
51.192
51.28
51.368
51.456
51.544
51.632
51.72
51.808
51.896
51.984
52.072
52.16
52.248
52.336
52.424
52.512
52.6
52.688
52.776
52.864
52.952
53.04
53.128
53.216
53.304
53.392
53.48
53.568
53.656
53.744
53.832
53.92
54.008
54.096
54.184
54.272
54.36
54.448
54.536
54.624
54.712
54.8
54.888
54.976
55.064
55.152
55.24
55.328
55.416
55.504
55.592
55.68
55.768
55.856
55.944
56.032
56.12
56.208
56.296
56.384
56.472
56.56
56.648
56.736
56.824
56.912
57
57.088
57.176
57.264
57.352
57.44
57.528
57.616
57.704
57.792
57.88
57.968
58.056
58.144
58.232
58.32
58.408
58.496
58.584
58.672
58.76
58.848
58.936
59.024
59.112
59.2
59.288
59.376
59.464
59.552
59.64
59.728
59.816
59.904
59.992
60.08
60.168
60.256
60.344
60.432
60.52
60.608
60.696
60.784
60.872
60.96
61.048
61.136
61.224
61.312
61.4
61.488
61.576
61.664
61.752
61.84
61.928
62.016
62.104
62.192
62.28
62.368
62.456
62.544
62.632
62.72
62.808
62.896
62.984
63.072
63.16
63.248
63.336
63.424
63.512
63.6
63.688
63.776
63.864
63.952
64.04
64.128
64.216
64.304
64.392
64.48
64.568
64.656
64.744
64.832
64.92
65.008
65.096
65.184
65.272
65.36
65.448
65.536
65.624
65.712
65.8
65.888
65.976
66.064
66.152
66.24
66.328
66.416
66.504
66.592
66.68
66.768
66.856
66.944
67.032
67.12
67.208
67.296
67.384
67.472
67.56
67.648
67.736
67.824
67.912
68
68.088
68.176
68.264
68.352
68.44
68.528
68.616
68.704
68.792
68.88
68.968
69.056
69.144
69.232
69.32
69.408
69.496
69.584
69.672
69.76
69.848
69.936
70.024
70.112
70.2
70.288
70.376
70.464
70.552
70.64
70.728
70.816
70.904
70.992
71.08
71.168
71.256
71.344
71.432
71.52
71.608
71.696
71.784
71.872
71.96
72.048
72.136
72.224
72.312
72.4
72.488
72.576
72.664
72.752
72.64
72.728
72.816
72.704
72.792
72.68
72.768
72.656
72.744
72.632
72.72
72.808
72.696
72.784
72.672
72.76
72.648
72.736
72.624
72.712
72.8
72.688
72.776
72.664
72.752
72.64
72.728
72.816
72.704
72.792
72.68
72.768
72.656
72.744
72.632
72.72
72.808
72.696
72.784
72.672
72.76
72.648
72.736
72.624
72.712
72.8
72.688
72.776
72.664
72.752
72.64
72.728
72.816
72.704
72.792
72.68
72.768
72.656
72.744
72.632
72.72
72.808
72.696
72.784
72.672
72.76
72.648
72.736
72.624
72.712
72.8
72.688
72.776
72.664
72.752
72.64
72.728
72.816
72.704
72.792
72.68
72.768
72.656
72.744
72.632
72.72
72.808
72.696
72.784
72.672
72.76
72.648
72.736
72.624
72.712
72.8
72.688
72.776
72.664
72.752
72.64
72.728
72.816
72.704
72.792
72.68
72.768
72.656
72.744
72.632
72.72
72.808
72.696
72.784
72.672
72.76
72.648
72.736
72.624
72.712
72.8
72.688
72.776
72.664
72.752
72.64
72.728
72.816
72.704
72.792
72.68
72.768
72.656
72.744
72.632
72.72
72.808
72.696
72.784
72.672
72.76
72.648
72.736
72.624
72.712
72.8
72.688
72.776
72.664
72.752
72.64
72.728
72.816
72.704
72.792
72.68
72.768
72.656
72.744
72.632
72.72
72.808
72.696
72.784
72.672
72.76
72.648
72.736
72.624
72.712
72.8
72.688
72.776
72.664
72.752
72.64
72.728
72.816
72.704
72.792
72.68
72.768
72.656
72.744
72.632
72.72
72.808
72.696
72.784
72.672
72.76
72.648
72.736
72.624
72.712
72.8
72.688
72.776
72.664
72.752
72.64
72.728
72.816
72.704
72.792
72.68
72.768
72.656
72.744
72.632
72.72
72.808
72.696
72.784
72.672
72.76
72.648
72.736
72.624
72.712
72.8
72.688
72.776
72.664
72.752
72.64
72.728
72.816
72.704
72.792
72.68
72.768
72.656
72.744
72.632
72.72
72.808
72.696
72.784
72.672
72.76
72.648
72.736
72.624
72.712
72.8
72.688
72.776
72.664
72.752
72.64
72.728
72.816
72.704
72.792
72.68
72.768
72.656
72.744
72.632
72.72
72.808
72.696
72.784
72.672
72.76
72.648
72.736
72.624
72.712
72.8
72.688
72.776
72.664
72.752
72.64
72.728
72.816
72.704
72.792
72.68
72.768
72.656
72.744
72.632
72.72
72.808
72.696
72.784
72.672
72.76
72.648
72.736
72.624
72.712
72.8
72.688
72.776
72.664
72.752
72.64
72.728
72.816
72.704
72.792
72.68
72.768
72.656
72.744
72.632
72.72
72.808
72.696
72.784
72.672
72.76
72.648
72.736
72.624
72.712
72.8
72.688
72.776
72.664
72.752
72.64
72.728
72.816
72.704
72.792
72.68
72.768
72.656
72.744
72.632
72.72
72.808
72.696
72.784
72.672
72.76
72.648
72.736
72.624
72.712
72.8
72.688
72.776
72.664
72.752
72.64
72.728
72.816
72.704
72.792
72.68
72.768
72.656
72.744
72.632
72.72
72.808
72.696
72.784
72.672
72.76
72.648
72.736
72.624
72.712
72.8
72.688
72.776
72.664
72.752
72.64
72.728
72.816
72.704
72.792
72.68
72.768
72.656
72.744
72.632
72.72
72.808
72.696
72.784
72.672
72.76
72.648
72.736
72.624
72.712
72.8
72.688
72.776
72.664
72.752
72.64
72.728
72.816
72.704
72.792
72.68
72.768
72.656
72.744
72.632
72.72
72.808
72.696
72.784
72.672
72.76
72.648
72.736
72.624
72.712
72.8
72.688
72.776
72.664
72.752
72.64
72.728
72.816
72.704
72.792
72.68
72.768
72.656
72.744
72.632
72.72
72.808
72.696
72.784
72.672
72.76
72.648
72.736
72.624
72.712
72.8
72.688
72.776
72.664
72.752
72.64
72.728
72.816
72.704
72.792
72.68
72.768
72.656
72.744
72.632
72.72
72.808
72.696
72.784
72.672
72.76
72.648
72.736
72.624
72.712
72.8
72.688
72.776
72.664
72.752
72.64
72.728
72.816
72.704
72.792
72.68
72.768
72.656
72.744
72.632
72.72
72.808
72.696
72.784
72.672
72.76
72.648
72.736
72.624
72.712
72.8
72.688
72.776
72.664
72.752
72.64
72.728
72.816
72.704
72.792
72.68
72.768
72.656
72.744
72.632
72.72
72.808
72.696
72.784
72.672
72.76
72.648
72.736
72.624
72.712
72.8
72.688
72.776
72.664
72.752
72.64
72.728
72.816
72.704
72.792
72.68
72.768
72.656
72.744
72.632
72.72
72.808
72.696
72.784
72.672
72.76
72.648
72.736
72.624
72.712
72.8
72.688
72.776
72.664
72.752
72.64
72.728
72.816
72.704
72.792
72.68
72.768
72.656
72.744
72.632
72.72
72.808
72.696
72.784
72.672
72.76
72.648
72.736
72.624
72.712
72.8
72.688
72.776
72.664
72.752
72.64
72.728
72.816
72.704
72.792
72.68
72.768
72.656
72.744
72.632
72.72
72.808
72.696
72.784
72.672
72.76
72.648
72.736
72.624
72.712
72.8
72.688
72.776
72.664
72.752
72.64
72.728
72.816
72.704
72.792
72.68
72.768
72.656
72.744
72.632
72.72
72.808
72.696
72.784
72.672
72.76
72.648
72.736
72.624
72.712
72.8
72.688
72.776
72.664
72.752
72.64
72.728
72.816
72.704
72.792
72.68
72.768
72.656
72.744
72.632
72.72
72.808
72.696
72.784
72.672
72.76
72.648
72.736
72.624
72.712
72.8
72.688
72.776
72.664
72.752
72.64
72.728
72.816
72.704
72.792
72.68
72.768
72.656
72.744
72.632
72.72
72.808
72.696
72.784
72.672
72.76
72.648
72.736
72.624
72.712
72.8
72.688
72.776
72.664
72.752
72.64
72.728
72.816
72.704
72.792
72.68
72.768
72.656
72.744
72.632
72.72
72.808
72.696
72.784
72.672
72.76
72.648
72.736
72.624
72.712
72.8
72.688
72.776
72.664
72.752
72.64
72.728
72.816
72.704
72.792
72.68
72.768
72.656
72.744
72.632
72.72
72.808
72.696
72.784
72.672
72.76
72.648
72.736
72.624
72.712
72.8
72.688
72.776
72.664
72.752
72.64
72.728
72.816
72.704
72.792
72.68
72.768
72.656
72.744
72.632
72.72
72.808
72.696
72.784
72.672
72.76
72.648
72.736
72.624
72.712
72.8
72.688
72.776
72.664
72.752
72.64
72.728
72.816
72.704
72.792
72.68
72.768
72.656
72.744
72.632
72.72
72.808
72.696
72.784
72.672
72.76
72.648
72.736
72.624
72.712
72.8
72.688
72.776
72.664
72.752
72.64
72.728
72.816
72.704
72.792
72.68
72.768
72.656
72.744
72.632
72.72
72.808
72.696
72.784
72.672
72.76
72.648
72.736
72.624
72.712
72.8
72.688
72.776
72.664
72.752
72.64
72.728
72.816
72.704
72.792
72.68
72.768
72.656
72.744
72.632
72.72
72.808
72.696
72.784
72.672
72.76
72.648
72.736
72.624
72.712
72.8
72.688
72.776
72.664
72.752
72.64
72.728
72.816
72.704
72.792
72.68
72.768
72.656
72.744
72.632
72.72
72.808
72.696
72.784
72.672
72.76
72.648
72.736
72.624
72.712
72.8
72.688
72.776
72.664
72.752
72.64
72.728
72.816
72.704
72.792
72.68
72.768
72.656
72.744
72.632
72.72
72.808
72.696
72.784
72.672
72.76
72.648
72.736
72.624
72.712
72.8
72.688
72.776
72.664
72.752
72.64
72.728
72.816
72.704
72.792
72.68
72.768
72.656
72.744
72.632
72.72
72.808
72.696
72.784
72.672
72.76
72.648
72.736
72.624
72.712
72.8
72.688
72.776
72.664
72.752
72.64
72.728
72.816
72.704
72.792
72.68
72.768
72.656
72.744
72.632
72.72
72.808
72.696
72.784
72.672
72.76
72.648
72.736
72.624
72.712
72.8
72.688
72.776
72.664
72.752
72.64
72.728
72.816
72.704
72.792
72.68
72.768
72.656
72.744
72.632
72.72
72.808
72.696
72.784
72.672
72.76
72.648
72.736
72.624
72.712
72.8
72.688
72.776
72.664
72.752
72.64
72.728
72.816
72.704
72.792
72.68
72.768
72.656
72.744
72.632
72.72
72.808
72.696
72.784
72.672
72.76
72.648
72.736
72.624
72.712
72.8
72.688
72.776
72.664
72.752
72.64
72.728
72.816
72.704
72.792
72.68
72.768
72.656
72.744
72.632
72.72
72.808
72.696
72.784
72.672
72.76
72.648
72.736
72.624
72.712
72.8
72.688
72.776
72.664
72.752
72.64
72.728
72.816
72.704
72.792
72.68
72.768
72.656
72.744
72.632
72.72
72.808
72.696
72.784
72.672
72.76
72.648
72.736
72.624
72.712
72.8
72.688
72.776
72.664
72.752
72.64
72.728
72.816
72.704
72.792
72.68
72.768
72.656
72.744
72.632
72.72
72.808
72.696
72.784
72.672
72.76
72.648
72.736
72.624
72.712
72.8
72.688
72.776
72.664
72.752
72.64
72.728
72.816
72.704
72.792
72.68
72.768
72.656
72.744
72.632
72.72
72.808
72.696
72.784
72.672
72.76
72.648
72.736
72.624
72.712
72.8
72.688
72.776
72.664
72.752
72.64
72.728
72.816
72.704
72.792
72.68
72.768
72.656
72.744
72.632
72.72
72.808
72.696
72.784
72.672
72.76
72.648
72.736
72.624
72.712
72.8
72.688
72.776
72.664
72.752
72.64
72.728
72.816
72.704
72.792
72.68
72.768
72.656
72.744
72.632
72.72
72.808
72.696
72.784
72.672
72.76
72.648
72.736
72.624
72.712
72.8
72.688
72.776
72.664
72.752
72.64
72.728
72.816
72.704
72.792
72.68
72.768
72.656
72.744
72.632
72.72
72.808
72.696
72.784
72.672
72.76
72.648
72.736
72.624
72.712
72.8
72.688
72.776
72.664
72.752
72.64
72.728
72.816
72.704
72.792
72.68
72.768
72.656
72.744
72.632
72.72
72.808
72.696
72.784
72.672
72.76
72.648
72.736
72.624
72.712
72.8
72.688
72.776
72.664
72.752
72.64
72.728
72.816
72.704
72.792
72.68
72.768
72.656
72.744
72.632
72.72
72.808
72.696
72.784
72.672
72.76
72.648
72.736
72.624
72.712
72.8
72.688
72.776
72.664
72.752
72.64
72.728
72.816
72.704
72.792
72.68
72.768
72.656
72.744
72.632
72.72
72.808
72.696
72.784
72.672
72.76
72.648
72.736
72.624
72.712
72.8
72.688
72.776
72.664
72.752
72.64
72.728
72.816
72.704
72.792
72.68
72.768
72.656
72.744
72.632
72.72
72.808
72.696
72.784
72.672
72.76
72.648
72.736
72.624
72.712
72.8
72.688
72.776
72.664
72.752
72.64
72.728
72.816
72.704
72.792
72.68
72.768
72.656
72.744
72.632
72.72
72.808
72.696
72.784
72.672
72.76
72.648
72.736
72.624
72.712
72.8
72.688
72.776
72.664
72.752
72.64
72.728
72.816
72.704
72.792
72.68
72.768
72.656
72.744
72.632
72.72
72.808
72.696
72.784
72.672
72.76
72.648
72.736
72.624
72.712
72.8
72.688
72.776
72.664
72.752
72.64
72.728
72.816
72.704
72.792
72.68
72.768
72.656
72.744
72.632
72.72
72.808
72.696
72.784
72.672
72.76
72.648
72.736
72.624
72.712
72.8
72.688
72.776
72.664
72.752
72.64
72.728
72.816
72.704
72.792
72.68
72.768
72.656
72.744
72.632
72.72
72.808
72.696
72.784
72.672
72.76
72.648
72.736
72.624
72.712
72.8
72.688
72.776
72.664
72.752
72.64
72.728
72.816
72.704
72.792
72.68
72.768
72.656
72.744
72.632
72.72
72.808
72.696
72.784
72.672
72.76
72.648
72.736
72.624
72.712
72.8
72.688
72.776
72.664
72.752
72.64
72.728
72.816
72.704
72.792
72.68
72.768
72.656
72.744
72.632
72.72
72.808
72.696
72.784
72.672
72.76
72.648
72.736
72.624
72.712
72.8
72.688
72.776
72.664
72.752
72.64
72.728
72.816
72.704
72.792
72.68
72.768
72.656
72.744
72.632
72.72
72.808
72.696
72.784
72.672
72.76
72.648
72.736
72.624
72.712
72.8
72.688
72.776
72.664
72.752
72.64
72.728
72.816
72.704
72.792
72.68
72.768
72.656
72.744
72.632
72.72
72.808
72.696
72.784
72.672
72.76
72.648
72.736
72.624
72.712
72.8
72.688
72.776
72.664
72.752
72.64
72.728
72.816
72.704
72.792
72.68
72.768
72.656
72.744
72.632
72.72
72.808
72.696
72.784
72.672
72.76
72.648
72.736
72.624
72.712
72.8
72.688
72.776
72.664
72.752
72.64
72.728
72.816
72.704
72.792
72.68
72.768
72.656
72.744
72.632
72.72
72.808
72.696
72.784
72.672
72.76
72.648
72.736
72.624
72.712
72.8
72.688
72.776
72.664
72.752
72.64
72.728
72.816
72.704
72.792
72.68
72.768
72.656
72.744
72.632
72.72
72.808
72.696
72.784
72.672
72.76
72.648
72.736
72.624
72.712
72.8
72.688
72.776
72.664
72.752
72.64
72.728
72.816
72.704
72.792
72.68
72.768
72.656
72.744
72.632
72.72
72.808
72.696
72.784
72.672
72.76
72.648
72.736
72.624
72.712
72.8
72.688
72.776
72.664
72.752
72.64
72.728
72.816
72.704
72.792
72.68
72.768
72.656
72.744
72.632
72.72
72.808
72.696
72.784
72.672
72.76
72.648
72.736
72.624
72.712
72.8
72.688
72.776
72.664
72.752
72.64
72.728
72.816
72.704
72.792
72.68
72.768
72.656
72.744
72.632
72.72
72.808
72.696
72.784
72.672
72.76
72.648
72.736
72.624
72.712
72.8
72.688
72.776
72.664
72.752
72.64
72.728
72.816
72.704
72.792
72.68
72.768
72.656
72.744
72.632
72.72
72.808
72.696
72.784
72.672
72.76
72.648
72.736
72.624
72.712
72.8
72.688
72.776
72.664
72.752
72.64
72.728
72.816
72.704
72.792
72.68
72.768
72.656
72.744
72.632
72.72
72.808
72.696
72.784
72.672
72.76
72.648
72.736
72.624
72.712
72.8
72.688
72.776
72.664
72.752
72.64
72.728
72.816
72.704
72.792
72.68
72.768
72.656
72.744
72.632
72.72
72.808
72.696
72.784
72.672
72.76
72.648
72.736
72.624
72.712
72.8
72.688
72.776
72.664
72.752
72.64
72.728
72.816
72.704
72.792
72.68
72.768
72.656
72.744
72.632
72.72
72.808
72.696
72.784
72.672
72.76
72.648
72.736
72.624
72.712
72.8
72.688
72.776
72.664
72.752
72.64
72.728
72.816
72.704
72.792
72.68
72.768
72.656
72.744
72.632
72.72
72.808
72.696
72.784
72.672
72.76
72.648
72.736
72.624
72.712
72.8
72.688
72.776
72.664
72.752
72.64
72.728
72.816
72.704
72.792
72.68
72.768
72.656
72.744
72.632
72.72
72.808
72.696
72.784
72.672
72.76
72.648
72.736
72.624
72.712
72.8
72.688
72.776
72.664
72.752
72.64
72.728
72.816
72.704
72.792
72.68
72.768
72.656
72.744
72.632
72.72
72.808
72.696
72.784
72.672
72.76
72.648
72.736
72.624
72.712
72.8
72.688
72.776
72.664
72.752
72.64
72.728
72.816
72.704
72.792
72.68
72.768
72.656
72.744
72.632
72.72
72.808
72.696
72.784
72.672
72.76
72.648
72.736
72.624
72.712
72.8
72.688
72.776
72.664
72.752
72.64
72.728
72.816
72.704
72.792
72.68
72.768
72.656
72.744
72.632
72.72
72.808
72.696
72.784
72.672
72.76
72.648
72.736
72.624
72.712
72.8
72.688
72.776
72.664
72.752
72.64
72.728
72.816
72.704
72.792
72.68
72.768
72.656
72.744
72.632
72.72
72.808
72.696
72.784
72.672
72.76
72.648
72.736
72.624
72.712
72.8
72.688
72.776
72.664
72.752
72.64
72.728
72.816
72.704
72.792
72.68
72.768
72.656
72.744
72.632
72.72
72.808
72.696
72.784
72.672
72.76
72.648
72.736
72.624
72.712
72.8
72.688
72.776
72.664
72.752
72.64
72.728
72.816
72.704
72.792
72.68
72.768
72.656
72.744
72.632
72.72
72.808
72.696
72.784
72.672
72.76
72.648
72.736
72.624
72.712
72.8
72.688
72.776
72.664
72.752
72.64
72.728
72.816
72.704
72.792
72.68
72.768
72.656
72.744
72.632
72.72
72.808
72.696
72.784
72.672
72.76
72.648
72.736
72.624
72.712
72.8
72.688
72.776
72.664
72.752
72.64
72.728
72.816
72.704
72.792
72.68
72.768
72.656
72.744
72.632
72.72
72.808
72.696
72.784
72.672
72.76
72.648
72.736
72.624
72.712
72.8
72.688
72.776
72.664
72.752
72.64
72.728
72.816
72.704
72.792
72.68
72.768
72.656
72.744
72.632
72.72
72.808
72.696
72.784
72.672
72.76
72.648
72.736
72.624
72.712
72.8
72.688
72.776
72.664
72.752
72.64
72.728
72.816
72.704
72.792
72.68
72.768
72.656
72.744
72.632
72.72
72.808
72.696
72.784
72.672
72.76
72.648
72.736
72.624
72.712
72.8
72.688
72.776
72.664
72.752
72.64
72.728
72.816
72.704
72.792
72.68
72.768
72.656
72.744
72.632
72.72
72.808
72.696
72.784
72.672
72.76
72.648
72.736
72.624
72.712
72.8
72.688
72.776
72.664
72.752
72.64
72.728
72.816
72.704
72.792
72.68
72.768
72.656
72.744
72.632
72.72
72.808
72.696
72.784
72.672
72.76
72.648
72.736
72.624
72.712
72.8
72.688
72.776
72.664
72.752
72.64
72.728
72.816
72.704
72.792
72.68
72.768
72.656
72.744
72.632
72.72
72.808
72.696
72.784
72.672
72.76
72.648
72.736
72.624
72.712
72.8
72.688
72.776
72.664
72.752
72.64
72.728
72.816
72.704
72.792
72.68
72.768
72.656
72.744
72.632
72.72
72.808
72.696
72.784
72.672
72.76
72.648
72.736
72.624
72.712
72.8
72.688
72.776
72.664
72.752
72.64
72.728
72.816
72.704
72.792
72.68
72.768
72.656
72.744
72.632
72.72
72.808
72.696
72.784
72.672
72.76
72.648
72.736
72.624
72.712
72.8
72.688
72.776
72.664
72.752
72.64
72.728
72.816
72.704
72.792
72.68
72.768
72.656
72.744
72.632
72.72
72.808
72.696
72.784
72.672
72.76
72.648
72.736
72.624
72.712
72.8
72.688
72.776
72.664
72.752
72.64
72.728
72.816
72.704
72.792
72.68
72.768
72.656
72.744
72.632
72.72
72.808
72.696
72.784
72.672
72.76
72.648
72.736
72.624
72.712
72.8
72.688
72.776
72.664
72.752
72.64
72.728
72.816
72.704
72.792
72.68
72.768
72.656
72.744
72.632
72.72
72.808
72.696
72.784
72.672
72.76
72.648
72.736
72.624
72.712
72.8
72.688
72.776
72.664
72.752
72.64
72.728
72.816
72.704
72.792
72.68
72.768
72.656
72.744
72.632
72.72
72.808
72.696
72.784
72.672
72.76
72.648
72.736
72.624
72.712
72.8
72.688
72.776
72.664
72.752
72.64
72.728
72.816
72.704
72.792
72.68
72.768
72.656
72.744
72.632
72.72
72.808
72.696
72.784
72.672
72.76
72.648
72.736
72.624
72.712
72.8
72.688
72.776
72.664
72.752
72.64
72.728
72.816
72.704
72.792
72.68
72.768
72.656
72.744
72.632
72.72
72.808
72.696
72.784
72.672
72.76
72.648
72.736
72.624
72.712
72.8
72.688
72.776
72.664
72.752
72.64
72.728
72.816
72.704
72.792
72.68
72.768
72.656
72.744
72.632
72.72
72.808
72.696
72.784
72.672
72.76
72.648
72.736
72.624
72.712
72.8
72.688
72.776
72.664
72.752
72.64
72.728
72.816
72.704
72.792
72.68
72.768
72.656
72.744
72.632
72.72
72.808
72.696
72.784
72.672
72.76
72.648
72.736
72.624
72.712
72.8
72.688
72.776
72.664
72.752
72.64
72.728
72.816
72.704
72.792
72.68
72.768
72.656
72.744
72.632
72.72
72.808
72.696
72.784
72.672
72.76
72.648
72.736
72.624
72.712
72.8
72.688
72.776
72.664
72.752
72.64
72.728
72.816
72.704
72.792
72.68
72.768
72.656
72.744
72.632
72.72
72.808
72.696
72.784
72.672
72.76
72.648
72.736
72.624
72.712
72.8
72.688
72.776
72.664
72.752
72.64
72.728
72.816
72.704
72.792
72.68
72.768
72.656
72.744
72.632
72.72
72.808
72.696
72.784
72.672
72.76
72.648
72.736
72.624
72.712
72.8
72.688
72.776
72.664
72.752
72.64
72.728
72.816
72.704
72.792
72.68
72.768
72.656
72.744
72.632
72.72
72.808
72.696
72.784
72.672
72.76
72.648
72.736
72.624
72.712
72.8
72.688
72.776
72.664
72.752
72.64
72.728
72.816
72.704
72.792
72.68
72.768
72.656
72.744
72.632
72.72
72.808
72.696
72.784
72.672
72.76
72.648
72.736
72.624
72.712
72.8
72.688
72.776
72.664
72.752
72.64
72.728
72.816
72.704
72.792
72.68
72.768
72.656
72.744
72.632
72.72
72.808
72.696
72.784
72.672
72.76
72.648
72.736
72.624
72.712
72.8
72.688
72.776
72.664
72.752
72.64
72.728
72.816
72.704
72.792
72.68
72.768
72.656
72.744
72.632
72.72
72.808
72.696
72.784
72.672
72.76
72.648
72.736
72.624
72.712
72.8
72.688
72.776
72.664
72.752
72.64
72.728
72.816
72.704
72.792
72.68
72.768
72.656
72.744
72.632
72.72
72.808
72.696
72.784
72.672
72.76
72.648
72.736
72.624
72.712
72.8
72.688
72.776
72.664
72.752
72.64
72.728
72.816
72.704
72.792
72.68
72.768
72.656
72.744
72.632
72.72
72.808
72.696
72.784
72.672
72.76
72.648
72.736
72.624
72.712
72.8
72.688
72.776
72.664
72.752
72.64
72.728
72.816
72.704
72.792
72.68
72.768
72.656
72.744
72.632
72.72
72.808
72.696
72.784
72.672
72.76
72.648
72.736
72.624
72.712
72.8
72.688
72.776
72.664
72.752
72.64
72.728
72.816
72.704
72.792
72.68
72.768
72.656
72.744
72.632
72.72
72.808
72.696
72.784
72.672
72.76
72.648
72.736
72.624
72.712
72.8
72.688
72.776
72.664
72.752
72.64
72.728
72.816
72.704
72.792
72.68
72.768
72.656
72.744
72.632
72.72
72.808
72.696
72.784
72.672
72.76
72.648
72.736
72.624
72.712
72.8
72.688
72.776
72.664
72.752
72.64
72.728
72.816
72.704
72.792
72.68
72.768
72.656
72.744
72.632
72.72
72.808
72.696
72.784
72.672
72.76
72.648
72.736
72.624
72.712
72.8
72.688
72.776
72.664
72.752
72.64
72.728
72.816
72.704
72.792
72.68
72.768
72.656
72.744
72.632
72.72
72.808
72.696
72.784
72.672
72.76
72.648
72.736
72.624
72.712
72.8
72.688
72.776
72.664
72.752
72.64
72.728
72.816
72.704
72.792
72.68
72.768
72.656
72.744
72.632
72.72
72.808
72.696
72.784
72.672
72.76
72.648
72.736
72.624
72.712
72.8
72.688
72.776
72.664
72.752
72.64
72.728
72.816
72.704
72.792
72.68
72.768
72.656
72.744
72.632
72.72
72.808
72.696
72.784
72.672
72.76
72.648
72.736
72.624
72.712
72.8
72.688
72.776
72.664
72.752
72.64
72.728
72.816
72.704
72.792
72.68
72.768
72.656
72.744
72.632
72.72
72.808
72.696
72.784
72.672
72.76
72.648
72.736
72.624
72.712
72.8
72.688
72.776
72.664
72.752
72.64
72.728
72.816
72.704
72.792
72.68
72.768
72.656
72.744
72.632
72.72
72.808
72.696
72.784
72.672
72.76
72.648
72.736
72.624
72.712
72.8
72.688
72.776
72.664
72.752
72.64
72.728
72.816
72.704
72.792
72.68
72.768
72.656
72.744
72.632
72.72
72.808
72.696
72.784
72.672
72.76
72.648
72.736
72.624
72.712
72.8
72.688
72.776
72.664
72.752
72.64
72.728
72.816
72.704
72.792
72.68
72.768
72.656
72.744
72.632
72.72
72.808
72.696
72.784
72.672
72.76
72.648
72.736
72.624
72.712
72.8
72.688
72.776
72.664
72.752
72.64
72.728
72.816
72.704
72.792
72.68
72.768
72.656
72.744
72.632
72.72
72.808
72.696
72.784
72.672
72.76
72.648
72.736
72.624
72.712
72.8
72.688
72.776
72.664
72.752
72.64
72.728
72.816
72.704
72.792
72.68
72.768
72.656
72.744
72.632
72.72
72.808
72.696
72.784
72.672
72.76
72.648
72.736
72.624
72.712
72.8
72.688
72.776
72.664
72.752
72.64
72.728
72.816
72.704
72.792
72.68
72.768
72.656
72.744
72.632
72.72
72.808
72.696
72.784
72.672
72.76
72.648
72.736
72.624
72.712
72.8
72.688
72.776
72.664
72.752
72.64
72.728
72.816
72.704
72.792
72.68
72.768
72.656
72.744
72.632
72.72
72.808
72.696
72.784
72.672
72.76
72.648
72.736
72.624
72.712
72.8
72.688
72.776
72.664
72.752
72.64
72.728
72.816
72.704
72.792
72.68
72.768
72.656
72.744
72.632
72.72
72.808
72.696
72.784
72.672
72.76
72.648
72.736
72.624
72.712
72.8
72.688
72.776
72.664
72.752
72.64
72.728
72.816
72.704
72.792
72.68
72.768
72.656
72.744
72.632
72.72
72.808
72.696
72.784
72.672
72.76
72.648
72.736
72.624
72.712
72.8
72.688
72.776
72.664
72.752
72.64
72.728
72.816
72.704
72.792
72.68
72.768
72.656
72.744
72.632
72.72
72.808
72.696
72.784
72.672
72.76
72.648
72.736
72.624
72.712
72.8
72.688
72.776
72.664
72.752
72.64
72.728
72.816
72.704
72.792
72.68
72.768
72.656
72.744
72.632
72.72
72.808
72.696
72.784
72.672
72.76
72.648
72.736
72.624
72.712
72.8
72.688
72.776
72.664
72.752
72.64
72.728
72.816
72.704
72.792
72.68
72.768
72.656
72.744
72.632
72.72
72.808
72.696
72.784
72.672
72.76
72.648
72.736
72.624
72.712
72.8
72.688
72.776
72.664
72.752
72.64
72.728
72.816
72.704
72.792
72.68
72.768
72.656
72.744
72.632
72.72
72.808
72.696
72.784
72.672
72.76
72.648
72.736
72.624
72.712
72.8
72.688
72.776
72.664
72.752
72.64
72.728
72.816
72.704
72.792
72.68
72.768
72.656
72.744
72.632
72.72
72.808
72.696
72.784
72.672
72.76
72.648
72.736
72.624
72.712
72.8
72.688
72.776
72.664
72.752
72.64
72.728
72.816
72.704
72.792
72.68
72.768
72.656
72.744
72.632
72.72
72.808
72.696
72.784
72.672
72.76
72.648
72.736
72.624
72.712
72.8
72.688
72.776
72.664
72.752
72.64
72.728
72.816
72.704
72.792
72.68
72.768
72.656
72.744
72.632
72.72
72.808
72.696
72.784
72.672
72.76
72.648
72.736
72.624
72.712
72.8
72.688
72.776
72.664
72.752
72.64
72.728
72.816
72.704
72.792
72.68
72.768
72.656
72.744
72.632
72.72
72.808
72.696
72.784
72.672
72.76
72.648
72.736
72.624
72.712
72.8
72.688
72.776
72.664
72.752
72.64
72.728
72.816
72.704
72.792
72.68
72.768
72.656
72.744
72.632
72.72
72.808
72.696
72.784
72.672
72.76
72.648
72.736
72.624
72.712
72.8
72.688
72.776
72.664
72.752
72.64
72.728
72.816
72.704
72.792
72.68
72.768
72.656
72.744
72.632
72.72
72.808
72.696
72.784
72.672
72.76
72.648
72.736
72.624
72.712
72.8
72.688
72.776
72.664
72.752
72.64
72.728
72.816
72.704
72.792
72.68
72.768
72.656
72.744
72.632
72.72
72.808
72.696
72.784
72.672
72.76
72.648
72.736
72.624
72.712
72.8
72.688
72.776
72.664
72.752
72.64
72.728
72.816
72.704
72.792
72.68
72.768
72.656
72.744
72.632
72.72
72.808
72.696
72.784
72.672
72.76
72.648
72.736
72.624
72.712
72.8
72.688
72.776
72.664
72.752
72.64
72.728
72.816
72.704
72.792
72.68
72.768
72.656
72.744
72.632
72.72
72.808
72.696
72.784
72.672
72.76
72.648
72.736
72.624
72.712
72.8
72.688
72.776
72.664
72.752
72.64
72.728
72.816
72.704
72.792
72.68
72.768
72.656
72.744
72.632
72.72
72.808
72.696
72.784
72.672
72.76
72.648
72.736
72.624
72.712
72.8
72.688
72.776
72.664
72.752
72.64
72.728
72.816
72.704
72.792
72.68
72.768
72.656
72.744
72.632
72.72
72.808
72.696
72.784
72.672
72.76
72.648
72.736
72.624
72.712
72.8
72.688
72.776
72.664
72.752
72.64
72.728
72.816
72.704
72.792
72.68
72.768
72.656
72.744
72.632
72.72
72.808
72.696
72.784
72.672
72.76
72.648
72.736
72.624
72.712
72.8
72.688
72.776
72.664
72.752
72.64
72.728
72.816
72.704
72.792
72.68
72.768
72.656
72.744
72.632
72.72
72.808
72.696
72.784
72.672
72.76
72.648
72.736
72.624
72.712
72.8
72.688
72.776
72.664
72.752
72.64
72.728
72.816
72.704
72.792
72.68
72.768
72.656
72.744
72.632
72.72
72.808
72.696
72.784
72.672
72.76
72.648
72.736
72.624
72.712
72.8
72.688
72.776
72.664
72.752
72.64
72.728
72.816
72.704
72.792
72.68
72.768
72.656
72.744
72.632
72.72
72.808
72.696
72.784
72.672
72.76
72.648
72.736
72.624
72.712
72.8
72.688
72.776
72.664
72.752
72.64
72.728
72.816
72.704
72.792
72.68
72.768
72.656
72.744
72.632
72.72
72.808
72.696
72.784
72.672
72.76
72.648
72.736
72.624
72.712
72.8
72.688
72.776
72.664
72.752
72.64
72.728
72.816
72.704
72.792
72.68
72.768
72.656
72.744
72.632
72.72
72.808
72.696
72.784
72.672
72.76
72.648
72.736
72.624
72.712
72.8
72.688
72.776
72.664
72.752
72.64
72.728
72.816
72.704
72.792
72.68
72.768
72.656
72.744
72.632
72.72
72.808
72.696
72.784
72.672
72.76
72.648
72.736
72.624
72.712
72.8
72.688
72.776
72.664
72.752
72.64
72.728
72.816
72.704
72.792
72.68
72.768
72.656
72.744
72.632
72.72
72.808
72.696
72.784
72.672
72.76
72.648
72.736
72.624
72.712
72.8
72.688
72.776
72.664
72.752
72.64
72.728
72.816
72.704
72.792
72.68
72.768
72.656
72.744
72.632
72.72
72.808
72.696
72.784
72.672
72.76
72.648
72.736
72.624
72.712
72.8
72.688
72.776
72.664
72.752
72.64
72.728
72.816
72.704
72.792
72.68
72.768
72.656
72.744
72.632
72.72
72.808
72.696
72.784
72.672
72.76
72.648
72.736
72.624
72.712
72.8
72.688
72.776
72.664
72.752
72.64
72.728
72.816
72.704
72.792
72.68
72.768
72.656
72.744
72.632
72.72
72.808
72.696
72.784
72.672
72.76
72.648
72.736
72.624
72.712
72.8
72.688
72.776
72.664
72.752
72.64
72.728
72.816
72.704
72.792
72.68
72.768
72.656
72.744
72.632
72.72
72.808
72.696
72.784
72.672
72.76
72.648
72.736
72.624
72.712
72.8
72.688
72.776
72.664
72.752
72.64
72.728
72.816
72.704
72.792
72.68
72.768
72.656
72.744
72.632
72.72
72.808
72.696
72.784
72.672
72.76
72.648
72.736
72.624
72.712
72.8
72.688
72.776
72.664
72.752
72.64
72.728
72.816
72.704
72.792
72.68
72.768
72.656
72.744
72.632
72.72
72.808
72.696
72.784
72.672
72.76
72.648
72.736
72.624
72.712
72.8
72.688
72.776
72.664
72.752
72.64
72.728
72.816
72.704
72.792
72.68
72.768
72.656
72.744
72.632
72.72
72.808
72.696
72.784
72.672
72.76
72.648
72.736
72.624
72.712
72.8
72.688
72.776
72.664
72.752
72.64
72.728
72.816
72.704
72.792
72.68
72.768
72.656
72.744
72.632
72.72
72.808
72.696
72.784
72.672
72.76
72.648
72.736
72.624
72.712
72.8
72.688
72.776
72.664
72.752
72.64
72.728
72.816
72.704
72.792
72.68
72.768
72.656
72.744
72.632
72.72
72.808
72.696
72.784
72.672
72.76
72.648
72.736
72.624
72.712
72.8
72.688
72.776
72.664
72.752
72.64
72.728
72.816
72.704
72.792
72.68
72.768
72.656
72.744
72.632
72.72
72.808
72.696
72.784
72.672
72.76
72.648
72.736
72.624
72.712
72.8
72.688
72.776
72.664
72.752
72.64
72.728
72.816
72.704
72.792
72.68
72.768
72.656
72.744
72.632
72.72
72.808
72.696
72.784
72.672
72.76
72.648
72.736
72.624
72.712
72.8
72.688
72.776
72.664
72.752
72.64
72.728
72.816
72.704
72.792
72.68
72.768
72.656
72.744
72.632
72.72
72.808
72.696
72.784
72.672
72.76
72.648
72.736
72.624
72.712
72.8
72.688
72.776
72.664
72.752
72.64
72.728
72.816
72.704
72.792
72.68
72.768
72.656
72.744
72.632
72.72
72.808
72.696
72.784
72.672
72.76
72.648
72.736
72.624
72.712
72.8
72.688
72.776
72.664
72.752
72.64
72.728
72.816
72.704
72.792
72.68
72.768
72.656
72.744
72.632
72.72
72.808
72.696
72.784
72.672
72.76
72.648
72.736
72.624
72.712
72.8
72.688
72.776
72.664
72.752
72.64
72.728
72.816
72.704
72.792
72.68
72.768
72.656
72.744
72.632
72.72
72.808
72.696
72.784
72.672
72.76
72.648
72.736
72.624
72.712
72.8
72.688
72.776
72.664
72.752
72.64
72.728
72.816
72.704
72.792
72.68
72.768
72.656
72.744
72.632
72.72
72.808
72.696
72.784
72.672
72.76
72.648
72.736
72.624
72.712
72.8
72.688
72.776
72.664
72.752
72.64
72.728
72.816
72.704
72.792
72.68
72.768
72.656
72.744
72.632
72.72
72.808
72.696
72.784
72.672
72.76
72.648
72.736
72.624
72.712
72.8
72.688
72.776
72.664
72.752
72.64
72.728
72.816
72.704
72.792
72.68
72.768
72.656
72.744
72.632
72.72
72.808
72.696
72.784
72.672
72.76
72.648
72.736
72.624
72.712
72.8
72.688
72.776
72.664
72.752
72.64
72.728
72.816
72.704
72.792
72.68
72.768
72.656
72.744
72.632
72.72
72.808
72.696
72.784
72.672
72.76
72.648
72.736
72.624
72.712
72.8
72.688
72.776
72.664
72.752
72.64
72.728
72.816
72.704
72.792
72.68
72.768
72.656
72.744
72.632
72.72
72.808
72.696
72.784
72.672
72.76
72.648
72.736
72.624
72.712
72.8
72.688
72.776
72.664
72.752
72.64
72.728
72.816
72.704
72.792
72.68
72.768
72.656
72.744
72.632
72.72
72.808
72.696
72.784
72.672
72.76
72.648
72.736
72.624
72.712
72.8
72.688
72.776
72.664
72.752
72.64
72.728
72.816
72.704
72.792
72.68
72.768
72.656
72.744
72.632
72.72
72.808
72.696
72.784
72.672
72.76
72.648
72.736
72.624
72.712
72.8
72.688
72.776
72.664
72.752
72.64
72.728
72.816
72.704
72.792
72.68
72.768
72.656
72.744
72.632
72.72
72.808
72.696
72.784
72.672
72.76
72.648
72.736
72.624
72.712
72.8
72.688
72.776
72.664
72.752
72.64
72.728
72.816
72.704
72.792
72.68
72.768
72.656
72.744
72.632
72.72
72.808
72.696
72.784
72.672
72.76
72.648
72.736
72.624
72.712
72.8
72.688
72.776
72.664
72.752
72.64
72.728
72.816
72.704
72.792
72.68
72.768
72.656
72.744
72.632
72.72
72.808
72.696
72.784
72.672
72.76
72.648
72.736
72.624
72.712
72.8
72.688
72.776
72.664
72.752
72.64
72.728
72.816
72.704
72.792
72.68
72.768
72.656
72.744
72.632
72.72
72.808
72.696
72.784
72.672
72.76
72.648
72.736
72.624
72.712
72.8
72.688
72.776
72.664
72.752
72.64
72.728
72.816
72.704
72.792
72.68
72.768
72.656
72.744
72.632
72.72
72.808
72.696
72.784
72.672
72.76
72.648
72.736
72.624
72.712
72.8
72.688
72.776
72.664
72.752
72.64
72.728
72.816
72.704
72.792
72.68
72.768
72.656
72.744
72.632
72.72
72.808
72.696
72.784
72.672
72.76
72.648
72.736
72.624
72.712
72.8
72.688
72.776
72.664
72.752
72.64
72.728
72.816
72.704
72.792
72.68
72.768
72.656
72.744
72.632
72.72
72.808
72.696
72.784
72.672
72.76
72.648
72.736
72.624
72.712
72.8
72.688
72.776
72.664
72.752
72.64
72.728
72.816
72.704
72.792
72.68
72.768
72.656
72.744
72.632
72.72
72.808
72.696
72.784
72.672
72.76
72.648
72.736
72.624
72.712
72.8
72.688
72.776
72.664
72.752
72.64
72.728
72.816
72.704
72.792
72.68
72.768
72.656
72.744
72.632
72.72
72.808
72.696
72.784
72.672
72.76
72.648
72.736
72.624
72.712
72.8
72.688
72.776
72.664
72.752
72.64
72.728
72.816
72.704
72.792
72.68
72.768
72.656
72.744
72.632
72.72
72.808
72.696
72.784
72.672
72.76
72.648
72.736
72.624
72.712
72.8
72.688
72.776
72.664
72.752
72.64
72.728
72.816
72.704
72.792
72.68
72.768
72.656
72.744
72.632
72.72
72.808
72.696
72.784
72.672
72.76
72.648
72.736
72.624
72.712
72.8
72.688
72.776
72.664
72.752
72.64
72.728
72.816
72.704
72.792
72.68
72.768
72.656
72.744
72.632
72.72
72.808
72.696
72.784
72.672
72.76
72.648
72.736
72.624
72.712
72.8
72.688
72.776
72.664
72.752
72.64
72.728
72.816
72.704
72.792
72.68
72.768
72.656
72.744
72.632
72.72
72.808
72.696
72.784
72.672
72.76
72.648
72.736
72.624
72.712
72.8
72.688
72.776
72.664
72.752
72.64
72.728
72.816
72.704
72.792
72.68
72.768
72.656
72.744
72.632
72.72
72.808
72.696
72.784
72.672
72.76
72.648
72.736
72.624
72.712
72.8
72.688
72.776
72.664
72.752
72.64
72.728
72.816
72.704
72.792
72.68
72.768
72.656
72.744
72.632
72.72
72.808
72.696
72.784
72.672
72.76
72.648
72.736
72.624
72.712
72.8
72.688
72.776
72.664
72.752
72.64
72.728
72.816
72.704
72.792
72.68
72.768
72.656
72.744
72.632
72.72
72.808
72.696
72.784
72.672
72.76
72.648
72.736
72.624
72.712
72.8
72.688
72.776
72.664
72.752
72.64
72.728
72.816
72.704
72.792
72.68
72.768
72.656
72.744
72.632
72.72
72.808
72.696
72.784
72.672
72.76
72.648
72.736
72.624
72.712
72.8
72.688
72.776
72.664
72.752
72.64
72.728
72.816
72.704
72.792
72.68
72.768
72.656
72.744
72.632
72.72
72.808
72.696
72.784
72.672
72.76
72.648
72.736
72.624
72.712
72.8
72.688
72.776
72.664
72.752
72.64
72.728
72.816
72.704
72.792
72.68
72.768
72.656
72.744
72.632
72.72
72.808
72.696
72.784
72.672
72.76
72.648
72.736
72.624
72.712
72.8
72.688
72.776
72.664
72.752
72.64
72.728
72.816
72.704
72.792
72.68
72.768
72.656
72.744
72.632
72.72
72.808
72.696
72.784
72.672
72.76
72.648
72.736
72.624
72.712
72.8
72.688
72.776
72.664
72.752
72.64
72.728
72.816
72.704
72.792
72.68
72.768
72.656
72.744
72.632
72.72
72.808
72.696
72.784
72.672
72.76
72.648
72.736
72.624
72.712
72.8
72.688
72.776
72.664
72.752
72.64
72.728
72.816
72.704
72.792
72.68
72.768
72.656
72.744
72.632
72.72
72.808
72.696
72.784
72.672
72.76
72.648
72.736
72.624
72.712
72.8
72.688
72.776
72.664
72.752
72.64
72.728
72.816
72.704
72.792
72.68
72.768
72.656
72.744
72.632
72.72
72.808
72.696
72.784
72.672
72.76
72.648
72.736
72.624
72.712
72.8
72.688
72.776
72.664
72.752
72.64
72.728
72.816
72.704
72.792
72.68
72.768
72.656
72.744
72.632
72.72
72.808
72.696
72.784
72.672
72.76
72.648
72.736
72.624
72.712
72.8
72.688
72.776
72.664
72.752
72.64
72.728
72.816
72.704
72.792
72.68
72.768
72.656
72.744
72.632
72.72
72.808
72.696
72.784
72.672
72.76
72.648
72.736
72.624
72.712
72.8
72.688
72.776
72.664
72.752
72.64
72.728
72.816
72.704
72.792
72.68
72.768
72.656
72.744
72.632
72.72
72.808
72.696
72.784
72.672
72.76
72.648
72.736
72.624
72.712
72.8
72.688
72.776
72.664
72.752
72.64
72.728
72.816
72.704
72.792
72.68
72.768
72.656
72.744
72.632
72.72
72.808
72.696
72.784
72.672
72.76
72.648
72.736
72.624
72.712
72.8
72.688
72.776
72.664
72.752
72.64
72.728
72.816
72.704
72.792
72.68
72.768
72.656
72.744
72.632
72.72
72.808
72.696
72.784
72.672
72.76
72.648
72.736
72.624
72.712
72.8
72.688
72.776
72.664
72.752
72.64
72.728
72.816
72.704
72.792
72.68
72.768
72.656
72.744
72.632
72.72
72.808
72.696
72.784
72.672
72.76
72.648
72.736
72.624
72.712
72.8
72.688
72.776
72.664
72.752
72.64
72.728
72.816
72.704
72.792
72.68
72.768
72.656
72.744
72.632
72.72
72.808
72.696
72.784
72.672
72.76
72.648
72.736
72.624
72.712
72.8
72.688
72.776
72.664
72.752
72.64
72.728
72.816
72.704
72.792
72.68
72.768
72.656
72.744
72.632
72.72
72.808
72.696
72.784
72.672
72.76
72.648
72.736
72.624
72.712
72.8
72.688
72.776
72.664
72.752
72.64
72.728
72.816
72.704
72.792
72.68
72.768
72.656
72.744
72.632
72.72
72.808
72.696
72.784
72.672
72.76
72.648
72.736
72.624
72.712
72.8
72.688
72.776
72.664
72.752
72.64
72.728
72.816
72.704
72.792
72.68
72.768
72.656
72.744
72.632
72.72
72.808
72.696
72.784
72.672
72.76
72.648
72.736
72.624
72.712
72.8
72.688
72.776
72.664
72.752
72.64
72.728
72.816
72.704
72.792
72.68
72.768
72.656
72.744
72.632
72.72
72.808
72.696
72.784
72.672
72.76
72.648
72.736
72.624
72.712
72.8
72.688
72.776
72.664
72.752
72.64
72.728
72.816
72.704
72.792
72.68
72.768
72.656
72.744
72.632
72.72
72.808
72.696
72.784
72.672
72.76
72.648
72.736
72.624
72.712
72.8
72.688
72.776
72.664
72.752
72.64
72.728
72.816
72.704
72.792
72.68
72.768
72.656
72.744
72.632
72.72
72.808
72.696
72.784
72.672
72.76
72.648
72.736
72.624
72.712
72.8
72.688
72.776
72.664
72.752
72.64
72.728
72.816
72.704
72.792
72.68
72.768
72.656
72.744
72.632
72.72
72.808
72.696
72.784
72.672
72.76
72.648
72.736
72.624
72.712
72.8
72.688
72.776
72.664
72.752
72.64
72.728
72.816
72.704
72.792
72.68
72.768
72.656
72.744
72.632
72.72
72.808
72.696
72.784
72.672
72.76
72.648
72.736
72.624
72.712
72.8
72.688
72.776
72.664
72.752
72.64
72.728
72.816
72.704
72.792
72.68
72.768
72.656
72.744
72.632
72.72
72.808
72.696
72.784
72.672
72.76
72.648
72.736
72.624
72.712
72.8
72.688
72.776
72.664
72.752
72.64
72.728
72.816
72.704
72.792
72.68
72.768
72.656
72.744
72.632
72.72
72.808
72.696
72.784
72.672
72.76
72.648
72.736
72.624
72.712
72.8
72.688
72.776
72.664
72.752
72.64
72.728
72.816
72.704
72.792
72.68
72.768
72.656
72.744
72.632
72.72
72.808
72.696
72.784
72.672
72.76
72.648
72.736
72.624
72.712
72.8
72.688
72.776
72.664
72.752
72.64
72.728
72.816
72.704
72.792
72.68
72.768
72.656
72.744
72.632
72.72
72.808
72.696
72.784
72.672
72.76
72.648
72.736
72.624
72.712
72.8
72.688
72.776
72.664
72.752
72.64
72.728
72.816
72.704
72.792
72.68
72.768
72.656
72.744
72.632
72.72
72.808
72.696
72.784
72.672
72.76
72.648
72.736
72.624
72.712
72.8
72.688
72.776
72.664
72.752
72.64
72.728
72.816
72.704
72.792
72.68
72.768
72.656
72.744
72.632
72.72
72.808
72.696
72.784
72.672
72.76
72.648
72.736
72.624
72.712
72.8
72.688
72.776
72.664
72.752
72.64
72.728
72.816
72.704
72.792
72.68
72.768
72.656
72.744
72.632
72.72
72.808
72.696
72.784
72.672
72.76
72.648
72.736
72.624
72.712
72.8
72.688
72.776
72.664
72.752
72.64
72.728
72.816
72.704
72.792
72.68
72.768
72.656
72.744
72.632
72.72
72.808
72.696
72.784
72.672
72.76
72.648
72.736
72.624
72.712
72.8
72.688
72.776
72.664
72.752
72.64
72.728
72.816
72.704
72.792
72.68
72.768
72.656
72.744
72.632
72.72
72.808
72.696
72.784
72.672
72.76
72.648
72.736
72.624
72.712
72.8
72.688
72.776
72.664
72.752
72.64
72.728
72.816
72.704
72.792
72.68
72.768
72.656
72.744
72.632
72.72
72.808
72.696
72.784
72.672
72.76
72.648
72.736
72.624
72.712
72.8
72.688
72.776
72.664
72.752
72.64
72.728
72.816
72.704
72.792
72.68
72.768
72.656
72.744
72.632
72.72
72.808
72.696
72.784
72.672
72.76
72.648
72.736
72.624
72.712
72.8
72.688
72.776
72.664
72.752
72.64
72.728
72.816
72.704
72.792
72.68
72.768
72.656
72.744
72.632
72.72
72.808
72.696
72.784
72.672
72.76
72.648
72.736
72.624
72.712
72.8
72.688
72.776
72.664
72.752
72.64
72.728
72.816
72.704
72.792
72.68
72.768
72.656
72.744
72.632
72.72
72.808
72.696
72.784
72.672
72.76
72.648
72.736
72.624
72.712
72.8
72.688
72.776
72.664
72.752
72.64
72.728
72.816
72.704
72.792
72.68
72.768
72.656
72.744
72.632
72.72
72.808
72.696
72.784
72.672
72.76
72.648
72.736
72.624
72.712
72.8
72.688
72.776
72.664
72.752
72.64
72.728
72.816
72.704
72.792
72.68
72.768
72.656
72.744
72.632
72.72
72.808
72.696
72.784
72.672
72.76
72.648
72.736
72.624
72.712
72.8
72.688
72.776
72.664
72.752
72.64
72.728
72.816
72.704
72.792
72.68
72.768
72.656
72.744
72.632
72.72
72.808
72.696
72.784
72.672
72.76
72.648
72.736
72.624
72.712
72.8
72.688
72.776
72.664
72.752
72.64
72.728
72.816
72.704
72.792
72.68
72.768
72.656
72.744
72.632
72.72
72.808
72.696
72.784
72.672
72.76
72.648
72.736
72.624
72.712
72.8
72.688
72.776
72.664
72.752
72.64
72.728
72.816
72.704
72.792
72.68
72.768
72.656
72.744
72.632
72.72
72.808
72.696
72.784
72.672
72.76
72.648
72.736
72.624
72.712
72.8
72.688
72.776
72.664
72.752
72.64
72.728
72.816
72.704
72.792
72.68
72.768
72.656
72.744
72.632
72.72
72.808
72.696
72.784
72.672
72.76
72.648
72.736
72.624
72.712
72.8
72.688
72.776
72.664
72.752
72.64
72.728
72.816
72.704
72.792
72.68
72.768
72.656
72.744
72.632
72.72
72.808
72.696
72.784
72.672
72.76
72.648
72.736
72.624
72.712
72.8
72.688
72.776
72.664
72.752
72.64
72.728
72.816
72.704
72.792
72.68
72.768
72.656
72.744
72.632
72.72
72.808
72.696
72.784
72.672
72.76
72.648
72.736
72.624
72.712
72.8
72.688
72.776
72.664
72.752
72.64
72.728
72.816
72.704
72.792
72.68
72.768
72.656
72.744
72.632
72.72
72.808
72.696
72.784
72.672
72.76
72.648
72.736
72.624
72.712
72.8
72.688
72.776
72.664
72.752
72.64
72.728
72.816
72.704
72.792
72.68
72.768
72.656
72.744
72.632
72.72
72.808
72.696
72.784
72.672
72.76
72.648
72.736
72.624
72.712
72.8
72.688
72.776
72.664
72.752
72.64
72.728
72.816
72.704
72.792
72.68
72.768
72.656
72.744
72.632
72.72
72.808
72.696
72.784
72.672
72.76
72.648
72.736
72.624
72.712
72.8
72.688
72.776
72.664
72.752
72.64
72.728
72.816
72.704
72.792
72.68
72.768
72.656
72.744
72.632
72.72
72.808
72.696
72.784
72.672
72.76
72.648
72.736
72.624
72.712
72.8
72.688
72.776
72.664
72.752
72.64
72.728
72.816
72.704
72.792
72.68
72.768
72.656
72.744
72.632
72.72
72.808
72.696
72.784
72.672
72.76
72.648
72.736
72.624
72.712
72.8
72.688
72.776
72.664
72.752
72.64
72.728
72.816
72.704
72.792
72.68
72.768
72.656
72.744
72.632
72.72
72.808
72.696
72.784
72.672
72.76
72.648
72.736
72.624
72.712
72.8
72.688
72.776
72.664
72.752
72.64
72.728
72.816
72.704
72.792
72.68
72.768
72.656
72.744
72.632
72.72
72.808
72.696
72.784
72.672
72.76
72.648
72.736
72.624
72.712
72.8
72.688
72.776
72.664
72.752
72.64
72.728
72.816
72.704
72.792
72.68
72.768
72.656
72.744
72.632
72.72
72.808
72.696
72.784
72.672
72.76
72.648
72.736
72.624
72.712
72.8
72.688
72.776
72.664
72.752
72.64
72.728
72.816
72.704
72.792
72.68
72.768
72.656
72.744
72.632
72.72
72.808
72.696
72.784
72.672
72.76
72.648
72.736
72.624
72.712
72.8
72.688
72.776
72.664
72.752
72.64
72.728
72.816
72.704
72.792
72.68
72.768
72.656
72.744
72.632
72.72
72.808
72.696
72.784
72.672
72.76
72.648
72.736
72.624
72.712
72.8
72.688
72.776
72.664
72.752
72.64
72.728
72.816
72.704
72.792
72.68
72.768
72.656
72.744
72.632
72.72
72.808
72.696
72.784
72.672
72.76
72.648
72.736
72.624
72.712
72.8
72.688
72.776
72.664
72.752
72.64
72.728
72.816
72.704
72.792
72.68
72.768
72.656
72.744
72.632
72.72
72.808
72.696
72.784
72.672
72.76
72.648
72.736
72.624
72.712
72.8
72.688
72.776
72.664
72.752
72.64
72.728
72.816
72.704
72.792
72.68
72.768
72.656
72.744
72.632
72.72
72.808
72.696
72.784
72.672
72.76
72.648
72.736
72.624
72.712
72.8
72.688
72.776
72.664
72.752
72.64
72.728
72.816
72.704
72.792
72.68
72.768
72.656
72.744
72.632
72.72
72.808
72.696
72.784
72.672
72.76
72.648
72.736
72.624
72.712
72.8
72.688
72.776
72.664
72.752
72.64
72.728
72.816
72.704
72.792
72.68
72.768
72.656
72.744
72.632
72.72
72.808
72.696
72.784
72.672
72.76
72.648
72.736
72.624
72.712
72.8
72.688
72.776
72.664
72.752
72.64
72.728
72.816
72.704
72.792
72.68
72.768
72.656
72.744
72.632
72.72
72.808
72.696
72.784
72.672
72.76
72.648
72.736
72.624
72.712
72.8
72.688
72.776
72.664
72.752
72.64
72.728
72.816
72.704
72.792
72.68
72.768
72.656
72.744
72.632
72.72
72.808
72.696
72.784
72.672
72.76
72.648
72.736
72.624
72.712
72.8
72.688
72.776
72.664
72.752
72.64
72.728
72.816
72.704
72.792
72.68
72.768
72.656
72.744
72.632
72.72
72.808
72.696
72.784
72.672
72.76
72.648
72.736
72.624
72.712
72.8
72.688
72.776
72.664
72.752
72.64
72.728
72.816
72.704
72.792
72.68
72.768
72.656
72.744
72.632
72.72
72.808
72.696
72.784
72.672
72.76
72.648
72.736
72.624
72.712
72.8
72.688
72.776
72.664
72.752
72.64
72.728
72.816
72.704
72.792
72.68
72.768
72.656
72.744
72.632
72.72
72.808
72.696
72.784
72.672
72.76
72.648
72.736
72.624
72.712
72.8
72.688
72.776
72.664
72.752
72.64
72.728
72.816
72.704
72.792
72.68
72.768
72.656
72.744
72.632
72.72
72.808
72.696
72.784
72.672
72.76
72.648
72.736
72.624
72.712
72.8
72.688
72.776
72.664
72.752
72.64
72.728
72.816
72.704
72.792
72.68
72.768
72.656
72.744
72.632
72.72
72.808
72.696
72.784
72.672
72.76
72.648
72.736
72.624
72.712
72.8
72.688
72.776
72.664
72.752
72.64
72.728
72.816
72.704
72.792
72.68
72.768
72.656
72.744
72.632
72.72
72.808
72.696
72.784
72.672
72.76
72.648
72.736
72.624
72.712
72.8
72.688
72.776
72.664
72.752
72.64
72.728
72.816
72.704
72.792
72.68
72.768
72.656
72.744
72.632
72.72
72.808
72.696
72.784
72.672
72.76
72.648
72.736
72.624
72.712
72.8
72.688
72.776
72.664
72.752
72.64
72.728
72.816
72.704
72.792
72.68
72.768
72.656
72.744
72.632
72.72
72.808
72.696
72.784
72.672
72.76
72.648
72.736
72.624
72.712
72.8
72.688
72.776
72.664
72.752
72.64
72.728
72.816
72.704
72.792
72.68
72.768
72.656
72.744
72.632
72.72
72.808
72.696
72.784
72.672
72.76
72.648
72.736
72.624
72.712
72.8
72.688
72.776
72.664
72.752
72.64
72.728
72.816
72.704
72.792
72.68
72.768
72.656
72.744
72.632
72.72
72.808
72.696
72.784
72.672
72.76
72.648
72.736
72.624
72.712
72.8
72.688
72.776
72.664
72.752
72.64
72.728
72.816
72.704
72.792
72.68
72.768
72.656
72.744
72.632
72.72
72.808
72.696
72.784
72.672
72.76
72.648
72.736
72.624
72.712
72.8
72.688
72.776
72.664
72.752
72.64
72.728
72.816
72.704
72.792
72.68
72.768
72.656
72.744
72.632
72.72
72.808
72.696
72.784
72.672
72.76
72.648
72.736
72.624
72.712
72.8
72.688
72.776
72.664
72.752
72.64
72.728
72.816
72.704
72.792
72.68
72.768
72.656
72.744
72.632
72.72
72.808
72.696
72.784
72.672
72.76
72.648
72.736
72.624
72.712
72.8
72.688
72.776
72.664
72.752
72.64
72.728
72.816
72.704
72.792
72.68
72.768
72.656
72.744
72.632
72.72
72.808
72.696
72.784
72.672
72.76
72.648
72.736
72.624
72.712
72.8
72.688
72.776
72.664
72.752
72.64
72.728
72.816
72.704
72.792
72.68
72.768
72.656
72.744
72.632
72.72
72.808
72.696
72.784
72.672
72.76
72.648
72.736
72.624
72.712
72.8
72.688
72.776
72.664
72.752
72.64
72.728
72.816
72.704
72.792
72.68
72.768
72.656
72.744
72.632
72.72
72.808
72.696
72.784
72.672
72.76
72.648
72.736
72.624
72.712
72.8
72.688
72.776
72.664
72.752
72.64
72.728
72.816
72.704
72.792
72.68
72.768
72.656
72.744
72.632
72.72
72.808
72.696
72.784
72.672
72.76
72.648
72.736
72.624
72.712
72.8
72.688
72.776
72.664
72.752
72.64
72.728
72.816
72.704
72.792
72.68
72.768
72.656
72.744
72.632
72.72
72.808
72.696
72.784
72.672
72.76
72.648
72.736
72.624
72.712
72.8
72.688
72.776
72.664
72.752
72.64
72.728
72.816
72.704
72.792
72.68
72.768
72.656
72.744
72.632
72.72
72.808
72.696
72.784
72.672
72.76
72.648
72.736
72.624
72.712
72.8
72.688
72.776
72.664
72.752
72.64
72.728
72.816
72.704
72.792
72.68
72.768
72.656
72.744
72.632
72.72
72.808
72.696
72.784
72.672
72.76
72.648
72.736
72.624
72.712
72.8
72.688
72.776
72.664
72.752
72.64
72.728
72.816
72.704
72.792
72.68
72.768
72.656
72.744
72.632
72.72
72.808
72.696
72.784
72.672
72.76
72.648
72.736
72.624
72.712
72.8
72.688
72.776
72.664
72.752
72.64
72.728
72.816
72.704
72.792
72.68
72.768
72.656
72.744
72.632
72.72
72.808
72.696
72.784
72.672
72.76
72.648
72.736
72.624
72.712
72.8
72.688
72.776
72.664
72.752
72.64
72.728
72.816
72.704
72.792
72.68
72.768
72.656
72.744
72.632
72.72
72.808
