24.608
26.064
25.424
25.592
26.264
27.048
27.648
27.84
31.848
27.368
28.344
28.824
27.896
28.992
27.944
29.04
31.848
32.016
29.544
28.664
29.4
29.048
29.216
29.552
31.728
31.944
30.672
28.544
28.568
30.144
32.112
30.024
29.336
32.496
29.384
37.184
30.768
33.696
28.928
30.84
33.672
30.48
29.72
30.152
34.032
34.2
30.008
29.744
31.248
39.008
31.224
35.088
30.896
31.968
39.704
31.184
32.4
31.352
36.168
40.4
32.496
40.424
32.424
31.664
40.376
36.528
32.312
33.168
36.096
33.552
32.384
40.832
41
32.888
36.096
41.24
41.168
35.832
33.176
33.224
33.392
33.32
33.608
33.752
33.248
35.064
33.584
33.68
33.296
34.92
36.528
36.696
35.184
41.552
37.152
33.68
35.04
34.608
37.008
34.184
41.336
41.312
34.4
35.808
35.496
35.664
38.136
37.944
35.904
36.24
36.096
35.288
36.024
35.216
36.072
36.408
42.944
75.896
43.328
36.416
75.992
35.936
37.28
43.28
76.616
35.84
37.176
36.008
37.272
37.44
38.568
77.616
77.784
37.752
36.224
37.8
36.392
38.928
43.64
38.256
81.488
78.144
81.176
38.712
78.48
35.912
78.648
81.56
78.576
81.608
43.976
37.752
81.952
39.656
82.12
43.408
37.416
36.856
37.464
37.024
39.816
36.592
82.584
79.632
82.888
38.28
81.256
40.608
44.224
37.312
82.92
37.12
79.728
81.328
38.136
37.576
40.824
44.224
80.112
83.872
80.28
37.12
40.512
84.088
44.776
38.304
84.184
40.896
84.352
44.92
36.176
82.304
79.832
82.64
84.736
80.24
36.304
37.448
82.672
80.576
85.36
37.784
37.048
81.032
37.76
82.888
80.936
36.8
84.344
42.512
38.72
86.432
84.488
86
36.728
83.096
80.552
85.304
80.6
37.232
43.376
85.48
81.032
37.736
38.48
37.904
38.648
81.536
85.184
83.872
86.32
84.328
38.176
85.08
86.2
44.928
86.248
48.136
84.424
44.648
86.632
82.016
48.64
39.704
86.192
85.816
38.704
39.704
38.872
82.256
86.56
81.944
86.368
84.976
39.424
82.448
49.432
85.976
103.72
40.424
49.888
44.792
87.376
50.344
82.808
104.272
88.12
41.088
88.288
104.536
51.304
51.232
41.68
41.928
87.808
83.376
87.976
42.384
87.904
83.112
41.992
83.336
50.92
83.504
87.688
44.552
87.856
104.704
83.288
88.192
86.696
85.6
83.624
88.528
83.792
88.456
88.144
43.672
43.6
106.488
43.288
88.096
106.344
49.864
84.488
88.6
44.784
85.408
84.792
107.04
45.168
45.336
45.144
44.504
84.608
44.672
45.656
84.704
89.128
89.344
89.392
89.32
87.048
107.968
46.416
49.816
108.624
46.872
85.08
46.712
46.76
47.496
90.136
85.104
109.384
85.088
85.136
90.16
85.304
87.208
88.232
47.296
45.92
110.144
85.928
88.736
48.128
45.888
48.176
85.896
50.24
87.368
111.888
50.456
86.328
87.536
88.536
51.104
86.304
111.392
112.152
90.8
45.96
111.608
50.088
90.776
89.28
49.76
50.736
50.896
89.544
88.264
86.952
50.392
89.4
51.4
51.288
50.848
87.576
50.776
89.544
88.264
91.432
51.16
89.448
91.888
51.616
52.624
114.712
52
89.088
88.648
91.816
52.344
88.504
52.512
52.264
92.152
51.736
115.144
115.544
92.632
87.632
115.12
92.848
53.296
93.304
53.832
87.224
116.048
90.512
54.56
90.728
54.416
92.92
87.824
53.848
90.136
87.8
90.304
90.848
117.112
93.52
53.848
88.112
90.616
53.704
93.112
88.376
90.4
50.024
93.568
88.232
91.4
54.464
92.68
87.432
119.88
90.608
87.888
54.872
92.256
88.344
90.992
92.232
120.48
88.248
91.016
120.696
93.464
92.544
56.072
87.912
55.4
50.76
56.408
121.008
56.456
121.176
88.344
93.072
121.68
54.824
88.008
93.632
93.336
88.464
92.552
120.56
58.176
55.664
121.824
93.152
58.152
93.08
56.096
58.544
88.64
59.288
88.976
59.744
52.128
93.304
89.616
93.472
93.4
122.968
123.576
56.176
89.48
123.424
123.968
56.392
52.256
60.76
89.984
94.168
61.472
94.336
90.2
61.264
51.248
57.232
90.296
94.72
90.104
95.368
94.696
94.384
95.432
57.248
62.336
90.752
62.456
154.76
95.264
125.888
95.072
95.216
95.24
51.344
94.328
63.872
63.176
92
57.104
95.648
63.632
126.776
63.8
92.192
93.88
95.6
64.064
92.528
56.672
95.808
94.4
92.856
96.008
127.616
57.584
93.488
65.312
96.68
93.704
95.168
65.936
94.04
95.64
94.608
97.016
66.336
94.184
57.272
57.2
65.76
94.328
94.728
65.456
95.496
160.784
130.272
52.224
57.04
161.488
66.864
129.656
52.656
98.984
95.664
99.16
66.808
130.216
95.144
158.424
67.64
67.976
97.04
130.784
131.888
94.64
159.584
97.952
69.088
69.256
69.72
162.784
101.272
96.008
101.44
54.776
161.144
58.16
132.992
101.288
98.72
95.696
71.288
163.664
55.256
58.712
97.184
96.2
71.792
132.488
99.8
71.336
133.448
71.384
72.296
133.112
59.368
97.296
100.104
134.352
103.312
72.48
71.8
72.408
95.968
133.336
72.504
103.984
104.2
60.136
97.136
73.384
101.408
96.712
135.296
60.4
56.144
73.528
101.672
105.496
73.864
105.952
74.32
61.408
136.096
56.328
61.384
75.096
168.352
165.864
61.36
106.528
75.096
168.976
103.824
136.864
75.432
169.312
99.032
98.56
166.28
76.208
57.656
99.584
57.992
137.912
76.76
74.96
76.328
107.288
104.576
138.536
104.744
107.624
75.872
76.04
167.792
76.88
61.952
59.048
76.4
100.976
109.088
105.464
99.656
100.712
99.824
59.36
109.472
77.888
100.28
59.696
63.608
139.976
105.032
99.944
169.28
110.432
63.32
78.48
100.28
78.968
63.584
105.656
99.632
79.304
110.24
141.032
110.288
60.224
99.896
79.424
110.672
106.328
100.04
80.456
110.888
106.952
99.64
80.36
174.088
60.968
174.112
171.296
171.272
64.936
108.08
110.704
108.008
100.352
80.448
65.128
144.136
80.304
65.464
144.672
80.392
111.88
172.184
80.728
112.096
112.144
61.808
66.112
102.296
173.264
81.992
102.92
101.488
110.768
174.176
146.984
102.872
147.2
63.368
81.872
112.016
63.584
113.608
82.824
113.944
147.552
146.672
177.928
63.752
147.296
147.68
112.688
175.376
67.6
113.144
83.608
84.272
116.224
102.344
116.272
149.072
101.12
113.384
84.248
84.992
149.4
101.192
68.72
63.104
149.768
177.392
117.536
150.32
180.224
85.928
117.512
101.512
150.936
102.984
115.392
180.832
102.72
118.6
86.568
86.608
102.848
102.736
87.056
103.304
151.352
118.72
63.992
103.88
182.224
116.648
152.336
101.944
88.184
103.472
182.776
152.36
68.944
64.568
86.632
117.056
121
117.104
183.688
102.376
63.8
87.304
152.512
153.24
87.76
180.888
184.408
117.696
87.616
64.704
121.984
64.752
103.312
88.44
70.24
64.784
185.728
122.416
153.656
88.744
104.144
185.752
65.456
121.84
104.504
121.888
89.552
104.176
104.104
154.152
69.592
182.52
153.52
120.288
122.368
105.096
89.536
90.144
122.824
66.312
89.872
90.392
105.92
123.616
123.664
124
90.208
105.728
70.576
90.896
124.744
65.144
105.592
156.152
105.52
65.48
125.248
106.568
71.416
122.936
91.904
65.432
91.112
65.384
65.552
126.304
157.392
105.352
126.64
157.848
92.368
156.976
124.088
127.432
185.456
70.24
92.968
185.912
94.16
124.928
94.256
67.304
159.152
127.784
94.04
127.744
67.688
107.12
190.288
125.408
128.416
187.28
159.304
106.792
94.32
129.16
129.328
94.216
126.072
94.616
108.704
95.432
161.856
130.184
72.992
96.072
68.04
96.528
96.696
95.888
68.424
73.016
97.152
108.736
128.04
73.144
97.368
162.352
128.312
132.16
163.16
194.128
67.808
72.736
190.736
131.408
98.024
131.456
98.192
98.36
72.992
110.648
163.376
110.12
129.944
66.392
99.32
132.752
192.368
163.832
111.416
195.32
164.624
133.208
100.352
164.456
66.68
112.328
133.552
130.976
131.024
99.608
101.192
66.8
112.328
134.392
100.24
131.952
134.896
100.944
165.784
195.192
197.032
66.96
131.352
111.232
66.48
195.56
166.168
102.488
197.776
132.056
166.504
167.864
112.832
198.344
132.44
66.848
199.088
167.928
167.456
113.168
137.024
137.072
168.432
72.56
112.928
113.096
73.304
103.344
168.392
136.76
132.896
168.728
114.344
168.608
103.712
113.456
133.64
168.944
169.712
72.032
113.6
67.184
202.088
67.4
137.792
113.96
138.248
105.048
138.296
114.696
113.624
199.704
138.632
171.312
138.44
170.76
138.488
102.656
113.856
113.144
135.984
138.632
103.512
103.16
103.68
169.28
103.328
67.952
139.264
114.824
169.432
103.72
140.008
104.176
137.24
114.064
201.128
104.272
72.76
169.888
138.032
141.016
171.08
114.304
201.968
73.552
114.896
170.08
73.888
138.512
74.056
105.904
138.848
141.472
138.296
170.2
115.304
141.928
170.536
106.224
106.144
203.472
142.552
69.24
206.44
171.208
74.536
74.464
171.352
115.232
143.56
105.088
105.984
104.696
203.712
143.504
172.56
171.992
106.128
105.08
139.296
115.808
116.424
74.576
139.512
143.032
74.32
105.088
172.896
172.824
143.584
106.152
105.592
171.36
75.16
71.208
105.928
71.4
74.776
140.448
143.704
140.616
170.792
171.528
141.096
114.248
115.824
144.304
206.712
172.32
72.888
206.856
106.088
172.824
209.696
142.152
207.12
170.912
142.608
209.728
72.696
142.704
172.632
115.904
208.32
210.632
108.408
143.736
108.624
115.976
72.912
77.144
108.72
209.448
173.496
144.624
73.872
174.24
109.848
74.376
110.304
210.072
110.04
108.632
174.288
77.48
117.968
144.296
148.144
173.984
109.312
210.992
73.52
214.384
117.112
211.136
172.568
110.904
117.656
74.352
111.36
110.672
146.328
149.36
118.776
215.048
111.176
174.192
150.104
78.872
174.408
150.2
173.408
146.912
79.256
112.28
78.464
119.408
117.872
147.536
216.44
113.024
150.968
175.232
117.416
74.36
151.064
112.808
116.912
119.216
79.52
74.024
116.888
113.192
151.616
148.64
174.824
175.928
218.072
117.08
117.336
152.168
74.064
115.856
175.512
80.264
214.464
116.312
175.28
214.92
218.648
81.056
113.624
80.264
175.232
113.808
79.04
113.736
175.448
150.984
153.656
150.552
175.04
116.888
154.096
73.976
218.704
74.136
175.52
74.76
79.184
176.712
155.48
152.28
117.648
116.032
74.976
156.04
177.264
114.328
217.992
114.496
177.72
116.704
75.528
156.832
177.816
116.92
75.864
221.488
218.952
116.296
76.32
219.288
114.08
177.816
222.128
115.824
116.336
219.552
222.344
76.08
177.392
116.208
157.88
220.296
114.848
154.344
222.544
118.272
177.832
75.96
178
116.328
76.416
223.384
153.848
178.072
179.208
115.896
179.424
80.824
178.672
224.68
116.208
179.008
153.696
179.056
116.664
115.744
179.952
153.984
179.072
77.952
179.24
119.04
115.568
220.728
225.272
154.776
119.424
221.232
220.8
117.168
159.472
118.712
225.28
158.488
116.976
225.376
117.024
180.184
119.024
82.912
155.792
79.04
119.408
83.024
221.696
118.832
117.584
221.432
180.632
221.36
118.088
156.896
120.704
180.704
182.552
83.2
182.72
118.888
181.928
120.296
221.984
182.192
83.768
160.856
80.04
181.784
119.984
79.952
120.32
116.032
119.8
120.656
79.904
120.872
156.36
161.944
183.672
116.752
221.096
120.88
117.944
85.528
79.832
227.296
117.92
183.304
227.752
85.48
80.024
121.528
221.912
121.376
122.472
85.04
184.8
117.128
183.296
117.936
183.464
79.704
161.792
222.672
85.04
118.68
121.432
182.8
122.456
121.888
118.064
121.816
222.272
226.744
118.52
117.832
85.36
79.488
183.688
227.176
119.072
122.704
80
183.52
123.536
122.368
158.864
162.856
185.192
227.704
184.88
183.712
223.328
163.096
223.376
85.144
123.704
183.592
223.616
85.36
123.944
223.712
119.12
122.672
182.84
223.424
160.592
119.72
119.888
123.256
223.376
164.104
223.424
123.592
80.432
164.32
161.6
164.224
124.808
119.272
223.736
184.04
185.016
164.768
124.616
229.016
119.864
120.696
228.736
224.184
85.384
79.752
224.64
185.192
79.992
85.288
121.32
123.328
186.672
123.376
80.04
186.648
123.592
79.8
123.4
225.768
184.936
186.032
225.44
186.176
163.424
119.384
80.072
123.152
163.88
163.688
119.888
163.64
122.944
167.872
120.04
123.896
168.328
164.144
123.496
186.032
168.664
185.992
124.688
169.12
168.448
226.568
124.216
79.976
168.664
121.544
120.832
186.984
124.336
125.808
124.552
119.456
77.48
226.928
84.8
187.736
119.648
77.864
231.896
186.944
84.992
188.112
232.16
78.36
85.328
227.568
120.536
227.672
232.304
125.312
232.64
78.176
187.448
165.704
187.616
78.512
170.744
78.68
233.072
126.488
170.48
121.736
84.008
188.384
119.936
121.592
233.144
83.104
79.584
119.792
83.36
188.256
127.208
120.984
171.296
229.512
187.664
128.04
83.672
83.608
188.736
233.176
79.656
120.512
121.608
166.896
233.896
121.144
167.048
234.352
171.64
187.128
128.376
120.968
167.064
128.096
128.832
187.56
122.688
80.136
231.264
167.472
122.16
185.312
185.48
129.608
129.16
231.536
231.704
231.8
186.968
185.552
232.016
120.68
85.448
187.104
121.136
232.152
236.504
187.2
172.832
232.424
129.248
130.496
236.696
186.584
187.128
167.736
80.184
233.712
122.64
122.688
168.336
234.024
85.264
120.592
85.36
120.808
187.056
129.616
186.784
237.952
168.056
85.96
186.928
79.592
172.936
167.48
172.984
121.072
130.592
86.56
173.608
238.816
188.064
130.184
186.992
233.832
173
121.8
187.448
239.576
121.992
187.664
80.52
173.312
234.048
120.56
234.096
239.648
188.784
187.616
79.872
85.544
122.28
187.712
80.328
240.44
79.92
129.968
121.992
187.592
121.368
129.8
188.736
187.928
121.704
85.256
130.632
173.864
121.592
168.896
129.8
239.648
189.384
188.576
234.552
86.264
234.72
130.712
169.488
121.28
130.688
174.896
234.2
188.864
120.872
188.24
239.888
234.632
120.536
122.12
240.104
79.688
173.672
170.576
85.04
170.624
188.768
174.416
235.16
121.424
189.848
174.752
189.776
130.16
79.664
121.568
171.032
85.736
190.28
121.664
236.288
129.272
190.728
190.944
190.136
122.352
175.544
239.912
171.656
191.256
176.056
130.064
191.792
130.4
122.168
120.728
172.256
129.088
131.144
129.136
235.712
192.68
191
172.088
84.728
172.256
191.336
122.984
241.904
172.712
176.792
236.12
236.048
80.696
236.384
120.464
171.272
242.312
130.76
241.52
80.768
241.216
192.896
191.704
127.792
236.936
130.544
121.112
237.44
80.024
120.728
193.632
120.704
237.84
85.472
170.928
120.928
241.696
193.8
192.304
128.72
127.912
79.448
242.32
122.456
121.648
79.688
242.776
238.136
85.384
85.408
128.296
242.704
79.416
242.872
170.096
193.72
129.208
177.976
237.92
121.144
79.808
243.832
129.88
243.304
195.104
129.592
130.832
194.08
122.12
176.968
238.568
120.856
195.416
244.264
122.624
193.672
171.872
80.24
129.112
120.76
172.04
175.72
120.928
120.896
172.16
243.824
79.224
193.352
237.192
176.128
193.096
237.648
129.584
130.8
243.52
79.608
120.448
131.136
85.216
173.064
120.784
80.232
85.552
122.64
121.12
238.608
177.448
238.656
243.616
81.024
120.664
194.592
129.472
172.56
84.16
131.208
80.736
173.064
120.656
173.232
122.072
84.968
80.592
237.24
120.848
237.288
177.776
129.512
194.768
237.32
122.168
178.52
79.016
128.528
122.624
177.896
129.744
238.152
194.536
78.48
194.704
237.888
85.912
196.296
243.28
173.064
85.888
130.392
86.056
238.2
122.12
195.56
238.208
177.224
130.976
238.304
122.432
238.28
130.808
120.728
177.536
129.824
197.072
243.44
171.824
177.968
79.232
84.112
197.88
129.88
130.608
84.208
198.336
196.936
198.384
84.424
122.232
79.8
198.408
121.04
177.248
131.064
197.576
238.752
197.624
131.4
128.912
122.568
84.8
243.848
84.656
79.776
177.704
130.224
243.752
122.232
121.4
239.16
199.488
172.656
239.424
199.28
171.344
177.608
200.072
199.376
85.304
239.408
79.992
84.856
171.32
199.624
199.672
200.4
129.16
171.768
130.536
199.328
121.704
128.936
120.032
79.992
85.184
199.184
79.704
128.912
176.84
121.056
177.008
79.88
79.424
129.368
129.992
79.88
201.008
172.976
120.8
130.904
199.568
80.672
120.776
122.6
199.184
173.528
173.336
123.344
132.152
123.32
242.408
120.512
79.392
246.44
172.2
199.328
122.208
177.896
243.096
199.544
172.704
247.112
172.632
198.8
200.88
198.968
172.728
85.496
130.776
171.144
80.024
85.408
131.072
177.736
247.312
171.776
199.36
177.448
243.872
200.72
120.928
243.728
129.016
129.776
172.544
199.312
80.192
121
130.4
120.928
173.048
123.056
128.704
244.544
176.128
201.392
199.256
85.424
129.272
129.8
176.6
129.128
85.616
130.392
199.544
177.632
199.88
172.184
200.048
172.112
250.136
200.144
244.928
130.352
130.616
200.12
200.984
245.192
199.84
128.728
130.904
80.192
201.2
120.56
79.928
248.896
172.04
199.024
177.712
199.36
79.992
85.768
244.68
249.976
80.328
86.104
172.296
177.952
130.584
121.84
122.472
178.408
172.92
121.576
200.568
129.424
81.096
178.432
173.304
85.6
201.192
178.048
173.52
121.216
245.928
85.744
80.856
245.784
120.904
123.072
249.712
200.88
120.64
80.928
130.536
245.184
130.752
120.832
244.92
245.088
250.232
201.216
81.144
197.912
131.592
123
201.408
173.016
196.456
80.544
201.792
129.592
131.88
85.6
80.688
85.648
122.736
129.016
131.184
250.144
80.112
120.952
131.52
86.08
173.328
246.816
199.104
172.512
84.896
129.84
177.704
171.768
128.856
246.744
121.112
122.472
250.52
172.44
250.568
80.568
198.056
172.896
128.504
199.464
178.112
130.032
251.36
129.008
171.992
85.256
79.76
121.904
199.568
252.272
247.256
130.04
247.304
200.048
247.472
122.576
80
200.384
247.808
86.792
121.4
121.296
179.408
172.224
130.016
200.472
86.264
252.992
200.36
130.208
171.872
199.496
200.6
86.144
200.168
86.072
252.2
247.904
199.688
121.136
129.704
199.352
130.28
120.92
171.872
252.976
248.84
121.024
85.792
178
200.6
120.568
249.368
199.376
130.752
249.984
199.832
79.752
130.8
250.608
253.144
131.256
129.392
131.328
131.136
129.608
122.664
177.416
121.992
121.304
85.472
122.328
129.232
171.152
171.2
200.888
85.256
171.632
177.704
200.48
198.512
122.16
120.032
130.368
255.776
200.616
129.224
79.584
176.912
171.072
255.352
199.56
199
250.848
255.808
130.656
199.456
200.064
79.872
122.28
198.872
79.872
128.392
200.28
128.44
130.728
176.848
79.416
120.736
250.616
177.064
128.752
79.8
199
255.568
199.096
255.904
172.56
250.488
255.904
85.312
255.88
121.968
129.448
121.896
255.976
250.584
121.144
200.352
120.952
200.52
256.12
171.888
250.296
122.544
172.272
129.104
122.28
129.064
172.008
85.016
122.256
120.944
80.184
255.752
131.472
177.92
200.64
85.928
122.12
199.376
80.072
122.24
130.928
199.576
200.696
129.712
122.288
200.2
172.256
85.408
131.504
200.176
201.032
200.224
250.76
199.552
172.712
256
80.36
199.168
256.216
201.152
130.024
250.664
255.952
79.952
129.76
200.48
122.288
255.832
80.216
120.76
200.624
120.688
198.976
200.696
85.384
200.264
129.472
79.712
256.24
172.52
129.688
85.696
199.976
178.024
251.016
85.552
200.184
80.592
121.16
172.92
129.848
131.088
177.536
173.136
256.544
200.184
130.112
131.352
85.408
130.216
200.544
121.864
85.672
130.92
200.56
122.688
256.528
250.232
200.896
130.864
201.112
172.136
177.76
130.288
85.696
201.384
121.384
131.592
257.032
121.6
200.728
79.8
131.176
131.568
85.864
85.912
80.064
177.4
201.312
122.16
255.856
200.808
255.784
130.416
122.424
122.352
172.44
120.848
200.568
85.256
200.736
198.224
79.944
85.472
200.472
256.28
256.328
198.896
248.976
198.464
130.224
172.512
172.44
172.488
172.416
129.584
130.584
256.112
172.512
121.28
122.88
177.728
172.968
199.496
200.976
178.184
122.544
254.792
172.632
121.04
130.92
85.808
249.528
199.616
85.784
254.192
200.088
130.04
121.296
121.328
86.336
250.536
121.784
179.072
200.48
250.8
87.128
254.936
171.32
120.824
200.04
199.112
79.872
85.4
171.84
198.968
122.208
177.896
80.616
120.944
250.704
199.112
85.4
130.776
198.848
250.944
130.016
172.152
131.16
85.088
80.808
198.896
251.256
177.224
199.824
85.472
122.112
129.56
251.28
85.568
172.392
130.68
120.64
80.448
85.352
122.016
129.44
122.184
122.232
129.04
200.096
85.232
129.44
250.496
256.208
200.264
120.76
200.216
120.928
250.448
85.696
122.336
85.688
122.504
85.616
79.592
172.4
85.352
130.088
250.856
122.264
256.016
80.672
198.824
131
256.232
173.288
199.04
131.096
85.208
81.464
256.136
123.272
255.704
252.2
120.992
131.528
121.16
201.896
256.088
81.464
121.256
80.912
80.12
197.864
79.448
120.752
122.016
255.944
172.248
79.056
120.392
250.56
198.296
85.544
250.328
198.632
199.728
177.32
130.088
121.256
80
86.024
172.208
199.472
255.92
171.944
199.208
130.712
177.296
130.992
199.664
130.92
199.712
122.208
84.44
121.928
178.496
172.16
130.784
177.632
250.616
256.16
131.504
121.328
131.184
129.896
250.392
256.424
122.52
177.392
250.728
85.28
200.352
120.584
130.8
130.448
250.4
199.184
85.088
199.136
200.616
120.344
85.088
171.96
198.848
200.688
250.296
199.304
130.344
129.224
199.112
171.896
128.872
79.92
122.208
120.776
120.824
84.632
250.368
120.808
85.04
122.04
130.4
80.168
129.76
122.336
85.112
173.144
198.68
251.192
177.128
131.48
129.536
81.368
85.424
201.656
81.464
130.096
132.392
81.68
198.8
81.728
255.608
132.176
199.016
81.824
85.424
252.632
255.992
132.56
85.76
81.728
129.728
124.496
178.496
252.944
85.664
202.472
129.512
253.16
85.88
253.328
121.688
81.896
120.536
132.584
129.224
201.752
120.752
252.68
81.488
131.816
120.416
252.584
85.664
201.752
121.76
129.2
121.088
129.656
121.752
255.944
172.2
129.992
200.568
177.2
250.416
85.808
131.16
172.248
200.856
255.736
79.584
129.664
131.112
85.312
79.56
178
201.048
177.328
172.056
129.136
122.784
172.392
177.472
80.4
85
201.648
85.168
172.776
120.736
80.784
131.472
129.616
201.12
255.184
80.928
199.432
172.776
120.88
131.424
85.048
80.472
120.856
131.76
251.928
120.44
251.736
123.144
81.672
252.48
122.448
80.256
130.824
121.992
85.04
121.56
172.488
121.776
84.736
80.424
120.664
172.872
201
172.368
131.616
122.304
128.968
85.816
178.144
178.192
79.8
199.6
250.488
129.448
129.256
85.504
129.472
255.76
200.336
198.928
79.776
85.456
198.424
121.52
250.592
85.216
255.544
199.512
120.472
250.592
177.256
171.968
199.968
200.136
120.848
122.184
177.896
177.584
200.04
128.48
80.04
248.928
177.392
171.848
121.28
122.336
121.328
79.784
128.936
122.192
255.824
249.68
85.472
130.328
85.64
249.656
121.688
178.136
200.976
199.784
130.344
85.232
79.392
121.76
201
177.04
121.888
177.496
131.064
199.984
200.952
177.592
171.72
131.688
199.28
130.448
200.784
199.736
200.352
199.304
131.28
85.112
78.888
129.8
129.248
250.4
177.304
250.448
120.472
121.736
177.76
254.968
129.736
172.368
199.384
78.816
177.352
200.544
130.12
250.872
84.208
201
172.728
121.256
250.776
83.984
201.144
120.992
201.312
255.32
172.92
200.408
123.048
130.496
172.176
177.4
131.448
198.488
131.064
129.208
255.616
130.232
198.664
84.112
172.128
198.808
250.656
120.616
199.704
256.144
250.872
84.712
130.68
120.76
129.448
84.736
79.736
256.328
130.784
120.896
250.712
178.184
79.88
199.232
172.688
177.8
130.976
84.608
251.144
129.296
178.304
200.184
177.872
200.352
85.04
199.568
199.736
79.92
85.184
120.752
80.048
172.376
177.4
177.208
120.976
255.904
129.352
249.896
121.24
249.752
120.88
171.56
177.184
129.112
130.352
85.24
200.36
249.968
129.52
250.04
177.568
249.968
121.096
130.616
199.024
250.424
120.832
122.552
256
79.64
129.584
172.448
177.632
177.44
250.424
200.424
199.136
177.352
122.04
250.248
120.488
85.112
120.44
130.592
250.64
120.8
79.808
250.856
128.608
171.848
177.352
130.856
250.544
80
199.184
80.168
198.992
79.976
172.664
255.448
200.672
129.376
120.904
251.048
120.952
80.336
198.56
122.144
198.608
120.896
80.36
251.048
177.208
251.552
251.72
84.664
81.008
122.336
128.944
172.304
256.072
122.552
120.656
251.24
122.888
173.216
85
122.864
256.288
80.912
129.256
172.4
80.168
178.192
171.536
178
122.264
86.104
171.608
178.192
122.096
130.784
122.312
130.76
172.448
120.872
122.576
172.904
131.672
199.496
81.08
120.824
201.608
173.816
201.704
176.728
252.512
201.92
131.888
129.272
131.816
85.4
81.344
177.488
250.952
121.136
81.2
129.464
172.688
177.392
200.816
121.16
80.744
86.048
172.592
86.096
80.6
199.304
250.808
121.352
250.616
129.68
178.088
85.736
122.112
129.704
178.712
122.328
121.4
122.256
86.768
179.336
250.76
179.024
79.928
177.992
122.336
121.04
200.504
200.544
128.576
177.704
250.568
121.472
122.088
200.496
120.608
120.776
172.296
85.28
177.4
120.568
79.92
255.496
79.968
85.264
129.096
127.912
80.064
255.88
121.048
129.248
85.816
250.04
176.8
128.248
85.576
171.32
122.168
122.216
121.16
122.136
85.568
128.696
121.992
128.624
129.6
122.256
255.584
79.704
199.832
199.88
200.76
129.008
130.008
129.176
122.496
255.496
250.704
199.264
172.088
255.832
250.736
129.16
85.288
129.936
85.216
80.064
129.064
250.992
256.192
172.616
256.24
200.744
177.328
250.232
199.696
80.12
129.664
249.728
85.072
171.536
128.92
130.328
199.208
200.456
172.184
120.704
250.496
128.944
85.408
120.536
250.088
177.472
130.28
129.232
80.048
121
256.288
130.544
129.856
200.432
121.504
251
178.312
172.088
80.336
129.328
171.944
79.136
250.064
128.992
85.096
250.16
199.264
122.048
255.112
172.376
84.76
255.208
200.288
250.856
198.896
121.664
85.304
121.832
199.232
80.24
128.72
80.048
85.328
177.416
130.272
80.52
128.944
130.176
129.4
130.224
256.048
200.712
255.4
121.88
199.136
122.112
128.984
250.44
85.232
121.16
200.256
121.328
171.984
256.016
79.808
129.136
172.376
255.728
177.536
200.736
177.872
80.528
85.64
200.576
256.328
251.144
256.016
131.072
198.824
172.88
128.912
123.128
177.68
131.096
120.368
80.984
177.416
201.872
199.256
173.84
255.824
122.288
121.112
81.896
129.56
201.464
255.848
174.632
121.016
80.72
129.344
122.768
85.712
131.936
121.28
86.048
130.824
256.856
79.632
122.024
121.712
130.968
256.28
250.416
121.688
122.664
120.296
119.984
122.76
256.6
172.064
120.208
256.696
129.664
250.808
85.672
130.376
178
79.904
85.528
172.112
199.456
79.88
177.904
255.4
128.848
130.776
199.216
171.984
172.152
255.568
80.072
255.736
121.16
119.704
85.672
130
120.448
177.856
130.384
171.848
85.912
80.096
130.6
250.304
200.008
121.952
178.336
250.76
130.624
172.448
200.392
257.2
171.824
200.608
130.832
178.696
80
85.384
201.008
121.432
200.936
130.6
200.984
256.288
131.312
129.856
85.504
177.952
250.256
177.64
250.424
85.408
177.736
250.496
85.408
250.592
177.664
199.872
120.472
80.04
120.32
121.776
177.248
130.704
255.416
250.632
120.944
121.8
172.488
200.376
80.064
129.536
172.512
198.992
80.112
121.92
198.728
251.328
85.496
200.256
80.784
173.112
85.168
129.016
121.704
251.472
84.92
122.16
85.088
130.608
122.496
199.208
80.784
177.896
172.752
129.016
80.52
122.448
200.616
85.544
251.184
199.232
172.752
178.16
80.64
80.448
85.856
256.544
80.12
120.992
120.92
200.28
177.968
121.848
250.472
256.424
80.36
85.472
199.04
130.232
129.248
172.64
256.976
200.408
172.856
85.352
130.904
80.432
200.24
250.688
129.296
85.424
255.992
177.32
250.544
199.208
121.712
255.776
80.36
199.424
200.528
177.992
250.856
86.12
172.064
121.448
129.896
256.664
129.872
177.8
256.328
200.304
128.696
80.232
177.824
172.2
128.792
122.448
85.76
172.416
121.088
200.064
178.136
172.872
178.184
200.52
256.592
250.608
120.8
250.776
177.488
198.176
85.784
255.88
130.848
121.048
85.216
122.304
120.784
199.392
177.712
171.6
120.64
131.448
129.688
199.176
177.856
254.944
197.992
85.36
199.488
199.536
120.848
250.944
85.504
121.992
120.472
250.8
85.016
177.256
130.344
177.304
79.656
198.352
250.616
120.68
121.896
176.768
250.52
120.928
78.608
256.096
122.216
255.4
255.568
130.208
177.064
122.024
84.712
130.64
120.8
171.608
84.848
177.664
121.992
130.44
200.016
130.544
129.496
250.712
256.024
122.24
121.792
131.168
84.16
250.856
122.008
201.104
120.256
79.232
177.424
201.32
129.832
79.328
120.76
130.736
177.448
171.848
130.576
171.536
129.544
120.952
200.648
83.56
121.856
200.008
250.656
256.456
171.056
256.264
83.992
131.048
129.76
78.416
177.568
171.056
122.264
129.232
171.392
199.12
78.68
130.688
83.48
250.736
199.088
200.744
255.208
120.808
171.056
130.664
120.592
130.592
83.32
130.544
176.392
250.592
122
176.728
250.208
198.976
200.336
177.184
171.584
198.712
122.312
198.64
200.6
255.808
198.536
78.576
176.384
171.896
255.76
172.064
176.248
78.872
83.656
250.52
129.664
130.808
129.712
250.976
84.16
122.624
177.088
251.192
120.856
172.64
120.784
122.648
198.752
173.096
122.624
120.608
122.312
83.936
173
176.984
130.688
119.192
250.976
122.144
250.832
250.76
121.328
130.848
200.496
171.984
121.032
199.16
249.944
255.728
200.544
128.816
178.184
250.448
85.832
178.4
198.968
121.136
86.336
199.304
250.568
178.472
130.16
80.024
85.328
130.832
172.64
200.64
119.192
255.448
200.616
85.336
200.544
177.664
172.088
79.736
119.12
120.824
251.312
200.72
121.208
129.376
131.336
119.464
251.384
200.792
251.36
255.904
201.008
120.032
250.856
129.32
80.024
177.848
121.352
85.856
251.12
131.048
176.992
172.136
120.52
122.144
85.648
80.912
129.976
122.24
178.024
200.888
200.272
121.976
130.24
250.664
121.528
79.352
86.056
131.24
178.624
250.688
84.832
171.656
129.76
200.624
120.808
200.792
199.616
121.752
172.2
250.728
85.376
130.656
255.824
79.76
176.72
200.52
176.768
200.448
176.816
121.896
176.744
80.064
129.152
84.92
80.096
199.568
172.424
122.312
128.92
256.048
129.256
79.944
120.904
255.712
172.112
128.32
200.6
85.888
128.432
177.56
249.104
121.328
200.544
129.176
199.752
255.824
249.48
121.352
129.08
198.728
79.488
256.016
249.456
129.104
255.752
129.56
199.328
254.816
171.56
254.984
130.328
129.392
172.016
79.784
79.832
200.6
85.232
172.808
80.576
200.744
85.376
249.992
129.32
249.608
84.44
199.328
79.664
120.968
128.312
121.136
172.76
177.824
250.088
177.632
128.808
128.24
199.688
84.776
200.592
128.144
128
200.736
127.928
200.664
85.144
250.416
200.664
172.272
177.448
200.304
121.136
171.432
254.984
129.36
128.312
129.288
85.168
122.616
172.104
127.736
201.432
255.352
128.76
85.24
172.128
177.448
80.016
200.904
198.656
172.416
128.544
120.152
251.352
85.256
80.76
251.328
250.896
120.704
255.872
250.752
128
250.56
121.088
79.128
85.256
172.176
127.144
122.328
198.832
172.536
127.48
85.528
79.056
199.216
79.224
256.448
85.496
198.656
79.656
256.784
250.224
199.896
198.968
177.632
172.224
80.352
250.56
128.56
121.608
128.728
250.536
84.856
120.744
199.144
250.872
256.192
129.52
177.808
120.136
120.752
84.784
177.952
120.104
254.92
80.232
120.568
250.68
85.216
121.488
130.352
130.568
120.848
122.096
85.736
129.584
84.872
177.8
250.4
120.824
130.472
176.912
122.136
85.304
200.424
120.872
177.56
200.4
129.968
170.624
121.376
199.064
176.072
170.736
120.56
170.784
176.408
200.592
199.496
79.92
85.424
176.672
176.6
176.768
129.536
130.088
256.424
80.216
120.752
171.344
256.16
130.712
129.368
80
255.656
170.768
176.264
200.696
80.504
129.616
121.592
129.784
130.64
85.256
80.048
129.464
121.856
171.944
131.552
198.992
122.6
175.856
80.648
122.576
79.944
199.232
250.872
200.52
200.472
172.56
199.472
80.208
84.896
130.776
256.304
79.944
200.592
250.68
176.44
131.448
255.592
200.52
130.728
80.072
120.896
198.824
172.208
122.096
177.728
251.144
85.376
80.312
120.944
200.96
251.168
177.472
172.376
172.424
122.552
84.856
172.4
199.384
80.048
177.352
122.096
255.76
251.144
120.608
131.312
85.136
251.36
120.944
80.408
255.992
200.936
199.16
172.424
255.968
80.432
129.176
250.64
121.424
250.808
122.576
250.064
255.568
199.456
80.12
120.904
122.288
172.856
85.216
129.424
122.112
80.76
120.872
200.688
199.52
251.856
129.128
81.024
122.592
81.36
201.408
176.848
173.856
85.336
252.144
252.312
85.312
130.8
121
252.168
255.688
81.216
129.976
122.064
129.904
252.192
85.912
173.336
178.12
86.128
178.576
130.704
122.352
172.56
129.152
122.568
256.76
172.536
199.808
250.584
130.512
80.64
86.56
173.088
121.168
201.456
179.176
250.944
199.984
201.432
257.032
172.44
178.72
122.808
172.416
86.896
123.264
172.872
85.672
132.24
177.52
251.568
85.408
123.336
120.856
201.744
122.712
199.184
250.8
198.992
122.928
127.912
251.136
199.12
131.064
80.592
172.8
130.968
80.136
250.944
199.512
172.8
177.16
251.208
177.328
200.016
255.016
172.344
120.184
200.112
177.592
251.28
122.928
121.296
255.904
121.728
120.2
121.896
85.448
130.616
171.704
128.984
199.952
177.872
79.52
171.368
128.92
250.496
121.784
79.472
120.752
199.52
255.688
171.608
197.176
199.256
255.664
80.384
197.392
251.552
255.4
198.56
176.368
80.408
129.496
251.216
255.664
80.744
251.672
120.872
198.8
84.44
120.968
250.848
121.016
256.16
250.464
120.728
172.064
120.776
249.872
197.576
80
250.328
172.256
176.888
198.792
172.2
131.208
120.32
172.296
85.688
122.904
129.416
122.952
178.424
131.16
256.832
79.872
85.28
178.208
130.584
177.896
198.552
198.104
130.8
198.032
250.968
129.56
199.296
198.248
122.664
120.536
172.872
172.8
130.776
129.04
80.904
81.072
129.136
171.6
197.344
171.408
84.896
250.656
177.016
121.976
197.944
250.664
129.472
250.712
198.28
171.56
256.168
199.088
85.336
250.976
119.824
131.384
177.592
251.312
171.32
85.376
199.208
198.344
85.592
256.64
171.536
198.848
199.872
119.624
171.96
250.608
120.744
198.416
172.088
129.632
85.184
250.52
118.712
199.808
255.592
80.696
129.16
172.664
199.288
200.312
255.856
250.28
130.568
177.328
130.328
129.736
79.736
120.224
199.216
130.832
177.544
172.4
256.072
201.488
199
201.416
129.328
119.504
177.616
78.872
177.304
172.52
85.552
201.008
119.2
250.976
131.744
129.256
250.544
129.208
171.848
255.712
120.888
177.568
255.904
120.584
171.992
131.12
79.088
121.496
121.064
118.664
200.312
84.392
172.16
119.12
131.168
177.368
172.616
84.296
121.064
119.384
251.432
84.28
251.12
255.808
80.528
131.336
198.344
84.152
84.2
250.904
84.128
120.504
119.696
172.272
130.592
120.8
251.048
128.32
130.664
130.04
129.232
80.048
177.736
200.576
85.264
250.664
256.312
130.352
177.88
200.72
129.688
200.408
85.816
80.216
256.504
250.784
256.432
130.832
200.32
200.84
199.648
251.168
129.736
122.696
199.504
251.624
177.592
131.792
130
251.6
86.248
251.528
177.736
80.936
130.144
80.864
85.912
200.432
129.4
80.84
129.448
172.8
172.248
79.776
120.904
80.024
129.472
249.752
85.064
130.4
129.392
200.768
199.04
85.808
130.136
130.688
121.184
249.776
86.312
178.208
171.464
200.792
198.76
80
86.008
200.528
198.856
172.136
178.144
131.504
121.192
123.152
199.24
122.72
177.184
122.528
198.832
79.784
176.968
255.256
128.824
172.088
199.192
121.976
121.904
85.408
128.536
172.04
177.424
128.632
200.552
79.64
128.872
172.328
120.76
129.896
198.808
79.784
85.456
254.824
171.824
121.072
171.992
177.16
253.624
200.264
198.752
253.64
129.728
121.584
129.208
130.872
120.736
79.92
177.184
172.032
121.192
122.16
199
172.056
129.512
248.816
254.84
80.024
199.448
122.184
255.176
130.872
120.392
85.184
121.704
177.064
200.232
248.64
85.328
121.728
198.056
130.088
129.224
171.896
84.992
199.304
130.832
120.752
80.36
254.24
129.488
172.112
254.576
199.88
129.824
198.752
177.56
198.968
249.32
85.232
200.408
199.144
200.208
254.392
249.152
129.76
130.64
121.408
249.608
177.256
122.456
85.504
171.464
129.352
249.992
254.08
80
129.448
80.168
198.976
201.056
254.824
122.624
130.072
254.68
170.84
120.824
79.928
177.512
200.328
129.56
200.376
85.808
79.824
85.016
254.984
129.872
129.92
200.136
198.968
130.704
129.296
199.352
250.616
122.264
128.888
176.696
200.712
176.624
170.04
200.808
128.84
200.288
201.144
255.784
130.392
199.672
250.44
255.88
201.768
175.048
250.68
255.256
122.568
170.376
128.864
130.104
255.76
201.072
174.928
201.24
129.376
251.088
129.184
122.736
250.944
84.728
122.592
250.32
120.008
202.128
255.784
171.696
122.544
250.752
122.76
128.768
130.368
80.376
84.56
130.224
80.832
256.136
122.64
120.944
80.568
128.912
122.736
85.28
200.904
176.168
171.312
199.616
131.4
129.464
123.288
256.712
201.216
121.76
171.984
200.168
251.232
130.016
80.64
121.304
250.728
200.192
250.896
129.92
250.376
85.808
131.144
175.976
250.592
199.784
80.24
129.872
201.008
199.28
80.696
176.768
251.264
120.296
199.664
172.28
176.672
172.448
86.6
131.096
130.568
200.624
87.056
172.472
87.104
200.84
121.592
80.888
200.6
177.608
131.24
87.296
201.344
178.112
200.96
130.592
201.008
80.384
121.736
87.104
129.272
79.328
86.48
129.728
257.216
122.048
121.664
172.64
130.112
87.32
79.856
86.768
200.744
121.496
130.832
256.904
251.72
199.832
122.648
178.76
173.576
86.648
251.864
257.576
250.712
86.384
131.36
256.832
80.048
129.92
130.616
178.568
249.944
256.976
79.472
120.944
121.4
256.952
172.448
178.4
172.496
130.208
121.904
256.976
121.472
256.904
85.352
121.512
200.24
130.92
178.568
250.368
129.776
200.976
257.504
172.224
129.992
121.152
120.56
200.88
86.048
171.768
130.136
250.536
200.264
78.984
178.832
130.872
200.48
171.984
129.608
250.872
129.416
199.784
79.608
129.392
200.616
199.232
85.376
251.16
129.376
171.416
85.024
120.848
84.656
129.584
122.088
80.136
130.208
172.464
84.656
200.232
130.424
250.44
130.352
131.328
122
200.976
178.088
250.704
122.216
130.904
178.712
250.512
122.84
86.288
179.216
131.952
121.784
201.84
255.992
171.648
130.88
132.576
85.928
171.864
121.616
122.232
256.664
130.832
79.992
86.72
201.008
172.128
131.336
122.616
257.264
80.664
131.552
80.352
131.36
201.72
121.448
251.088
256.136
122.256
129.824
85.592
122.088
129.56
79.896
85.088
172.584
120.808
200.832
122
198.352
199.448
254.8
199.784
120.616
172.232
177.368
200
250.328
128.92
200.096
131.144
172.472
255.848
171.944
120.416
178.304
121.976
129.272
122.144
121.04
79.832
120.368
250.88
200.168
79.856
177.424
255.832
130.728
121.536
199.448
79.824
120.776
200.232
199.544
121.92
199.472
200.568
255.56
130.296
85.336
250.224
250.568
199.232
250.736
120.44
121.664
255.728
130.352
201.08
198.808
200.528
129.136
80.216
255.784
129.592
130.208
177.88
171.536
121.048
255.976
86.104
130.64
199.552
129.64
250.608
80.136
120.704
251.064
80.592
120.68
122.28
85.568
172.368
172.296
120.824
172.344
199.016
172.16
130.472
120.872
176.608
120.896
80.048
85.28
129.368
256.016
200.376
199.184
120.392
200.592
250.68
198.392
130.52
120.608
80.312
85.736
80.36
171.488
255.232
199.12
199.848
199.256
121.992
199.184
250.584
177.632
122.112
129.8
130.8
85.568
79.608
177.896
79.656
121.304
120.752
171.176
256.04
200.984
200.048
130.376
130.632
130.304
85.832
177.2
122.376
129.488
172.224
199.976
250.632
176.504
123
129.152
131.688
197.72
173.136
129.008
80.184
84.656
123.312
120.464
173.16
80.088
200.976
176.656
251.784
173.112
84.832
199.32
84.76
79.368
198.448
251.016
177.136
199.824
129.904
130.872
256.072
80.04
84.88
122.208
85.048
251.736
129.616
122.664
85.144
173.112
129.952
121.68
178.24
172.608
200.376
129.368
81.504
198.656
122.352
84.824
81.24
122.448
198.68
172.656
177.488
122.064
121.632
198.824
200.16
119.672
250.728
177.08
171.216
128.648
121.584
129.792
128.984
250.44
177.272
121.128
85.52
79.536
120.488
200.544
120.536
79.992
85.664
121.92
129.632
250.848
120.8
178.088
80.12
176.104
84.832
172.016
176.248
200.616
250.464
172.272
172.32
199.232
121.848
85.28
131.136
85.448
80.184
129.296
122.472
255.824
201
121.472
80.808
177.32
131.736
199.568
131.424
85.376
122.592
119.984
121.44
177.272
177.32
79.664
250.472
256.456
171.32
171.488
177.352
120.656
120.824
130.952
200
121.208
200.096
85.208
250.664
130.952
255.824
200.84
255.992
80.408
131.696
84.728
173.144
199.616
121.952
118.664
81.2
256.112
201.608
119.12
131.696
256.448
201.944
118.376
132.152
198.944
81.56
132.248
129.016
119.816
177.184
79.544
118.312
199.48
85.288
129.256
172.064
130.592
255.944
177.8
256.208
119.208
178.016
200.256
79.824
255.592
177.16
85.048
249.512
255.616
79.28
119.88
119.496
199.328
200.064
200.232
118.184
130.68
199.352
200.688
255.208
118.456
130.824
255.544
250.632
177.472
79.104
85.12
119.592
129.448
255.616
119.784
79.512
79.56
129.184
120.408
172.296
177.016
130.824
119.944
79.872
120.112
121.2
199.36
131.328
83.848
172.536
131.184
129.328
80.112
79.992
129.4
171.8
176.872
130.352
130
200.48
121.168
79.808
121.216
121.856
131.144
121.576
80.384
200.032
250.712
256
130.88
177.448
80.768
177.352
172.976
131.504
256.168
200.552
177.376
130.88
121.024
122.288
200.456
177.488
172.064
120.416
80.312
128.984
255.184
130.664
199.312
255.52
250.184
255.208
85.336
200.424
121.024
255.832
250.496
129.08
200.624
79.832
201.08
256.144
199.432
122.04
121
85.648
122.256
199.216
200.544
85.984
199.672
256.72
172.152
121.768
250.8
255.496
79.968
84.76
121.608
172.296
200.064
80.352
120.824
172.56
171.648
199.896
129.128
199.016
177.104
130.08
85.232
121.728
121.16
129.488
129.416
200.352
85.304
171.536
177.376
121.704
120.184
85.432
120.232
79.472
177.88
129.224
130.232
85.472
254.84
79.68
120.848
200.688
85.496
171.216
129.464
177.752
177.016
120.904
122.232
200.76
200.568
200.616
129.28
250.16
176.728
79.928
176.032
200.696
120.16
130.784
129.688
171.632
254.896
120.184
250.568
199.072
129.16
79.992
129.208
172.08
176.656
121.248
172.176
176.632
200.544
121.392
79.8
255.4
121.848
120.928
172.656
131.184
121.136
79.752
120.704
130.92
255.872
173.088
129.32
201.096
85.568
130.704
120.776
170.832
128.896
198.32
170.864
120.008
199.344
256.016
198.904
177.592
170.792
85.48
170.96
199.048
130.568
129.736
84.824
176.704
200.112
129.712
250.56
200.208
120.32
130.776
250.704
122.472
120.344
120.512
199.16
120.488
200.304
175.744
120.872
250.712
200.48
250.928
255.832
122.456
120.76
169.904
175.528
129.736
122.184
129.664
250.872
169.56
128.84
121.016
170
255.592
122.04
174.4
169.968
122.136
78.528
128.336
200.256
174.464
200.424
85.472
169.752
128.84
200.88
120.968
129.888
129.296
250.776
200.144
200.904
199.352
78.312
174.56
120.728
85.016
129.584
170.544
175.352
256.52
129.848
256.088
129.776
171.096
84.584
122.064
171.312
130.2
129.368
171.768
83.936
250.208
200.696
78.464
200.552
199.12
172.04
82.864
122.888
171.896
175.24
130.784
130.592
82.664
79.16
122.288
176
79.256
83.168
131.144
83.336
250.832
129.536
122
176.624
121.928
79.136
122.384
172.712
79.88
201.248
255.832
121.976
130.904
255.928
251.072
130.52
200.888
176.872
250.616
130.544
128.752
172.232
130.64
128.848
79.928
84.496
123.056
199.264
131.384
255.952
173.072
199.6
202.04
256.288
80.648
199.936
123.176
129.184
201.344
177.472
80.192
255.616
120.904
79.416
84.712
200.184
199.72
79.872
199.168
122.28
256.096
250.28
199.304
129.304
171.944
199.312
121.048
250.328
84.56
250.136
255.88
199.408
130.928
79.848
129.296
200.976
255.64
200.616
121.632
250.584
255.4
121.872
130.2
130.248
250.656
121.064
122.424
85.36
250.752
255.448
130.92
250.968
131.376
121.184
123.504
255.512
131.232
120.2
172.92
129.368
251.568
201.696
131.904
85.328
81.432
255.536
123.84
120.824
132.168
177.152
131.736
199.76
200.904
177.368
172.992
177.416
122.64
199.664
201.288
132.216
251.184
84.848
131.592
251.28
123.168
176.944
173.136
173.184
177.16
132.192
177.328
81.12
177.376
132.168
173.856
172.584
122.232
132.48
84.856
122.088
80.736
172.824
201.072
172.56
172.728
129.088
251.376
130.464
120.304
80.592
121.32
80.088
131.256
120.704
80.544
131.232
81
173.208
129.208
131.136
256.216
81.144
129.664
130.872
256.432
172.32
129.88
80.808
129.568
122.616
84.952
172.464
198.76
199.872
177.688
172.8
80.808
129.568
122.736
84.976
122.424
177.76
172.872
121.048
131.28
122.568
177.904
250.056
129.592
131.184
122.472
85.648
250.68
177.016
122.328
199.064
130.592
120.872
255.68
200.376
85.696
122.064
79.536
199.184
120.752
122.088
255.8
249.936
128.528
200.424
85.976
249.432
255.824
172.344
199.232
177.56
121.896
120.848
80.304
120.536
122.352
172.68
79.272
250.2
120.328
127.216
79.344
199.504
128.832
84.832
200.52
127.96
250.488
255.632
80.024
200.312
85.304
171.68
120.632
128.648
255.08
128.336
120.848
80.624
127.736
122.552
121.064
122.6
85.712
178.28
80.216
127.808
251.024
127.736
251.072
200.24
80.768
177.2
129.536
127.688
173.024
85.376
172.112
199.424
250.52
128.432
200.408
176.6
250.856
79.664
85.528
85.576
121.856
120.784
80.264
177.352
250.824
256.48
199.408
122.136
177.976
256.744
120.712
199.36
121.536
128.32
256.528
250.328
255.592
197.72
122.216
197.816
250.904
199.232
177.608
250.64
80.408
177.704
251.096
199.664
177.2
251.312
129.128
199.76
121.016
172.928
129.104
130.976
177.632
81.224
129.44
252.152
121.208
173.48
256.256
200.888
256.424
131.336
129.272
172.544
256.04
250.712
129.248
129.416
85.304
79.976
122.144
85.408
250.832
120.976
129.184
121.872
130.56
198.512
122.328
85.408
79.68
85.336
250.728
120.904
120.952
120.88
171.584
121.088
85.232
255.92
250.616
130.544
129.472
171.872
177.256
130.88
130.568
176.872
250.856
122.624
177.088
172.712
250.88
122.288
120.752
130.736
129.232
200.136
255.944
172.224
120.872
120.92
84.656
177.344
129.272
121.92
200.448
130.328
129.608
250.736
120.584
171.608
250.616
128.48
122.144
170.84
177.304
121.8
120.68
199.896
177.608
129.896
170.504
79.712
129.968
176.896
79.976
85.264
250.664
199.192
121.952
130.16
85.168
250.832
171.56
85.312
256.12
200.088
171.872
84.856
250.04
176.104
122.288
84.352
79.616
255.28
200.984
200.304
255.784
251.112
85.312
173.16
121
80.088
129.688
122.256
85.456
251.784
176.704
251.112
256.192
122.52
121
173.808
131.736
176.656
172.584
176.824
78.912
199.432
172.2
256.84
130.28
200.648
130.736
198.656
78.584
255.944
250.472
177.992
122
120.68
121.688
85.328
250.496
250.544
128.776
129.992
250.76
120.56
130.448
255.256
130.016
129.064
255.712
255.76
199.408
84.424
128.992
177.76
198.968
128.696
177.584
79.928
120.632
128.96
120.848
171.872
120.896
80.12
120.944
122.528
171.776
199.856
250.4
199.664
200.76
255.752
130.728
199.28
172.176
85.568
123.024
129.656
250.512
121.184
255.872
200.328
199.4
177.488
122.424
198.896
80.232
255.704
120.632
249.944
79.952
177.616
172.28
80.408
129.752
130.856
130.664
200.048
80.792
122.36
177.184
251.408
200.192
131.456
85.28
122.864
200.168
201.752
130.376
172.76
85.784
122.168
178.232
251.096
86.24
132.464
256.208
251.312
130.016
173.24
200.144
251.168
130.352
131.696
86.12
172.904
200.048
122.432
129.416
122.36
199.904
80.888
178.352
199.28
256.448
178.136
79.896
256.304
85.112
200.496
122.184
249.432
85.192
200.64
249.888
250.056
129.608
199.584
250.272
120.464
199.92
255.968
121.608
197.936
250.656
198.104
199.344
85.592
250.568
177.92
130.616
120.368
172.304
86.096
79.592
178.424
130.76
86.432
250.208
120.56
130.736
85.688
199.064
255.536
249.272
197.744
79.76
120.392
121.568
129.68
130.488
85.168
172.472
177.256
172.04
255.664
121.688
196.792
80.576
120.52
121.664
177.448
121.472
129.92
177.352
79.704
250.392
198.6
129.368
250.248
255.176
197.864
122.16
85.352
121.968
254.96
121.808
80.312
85.256
130.872
129.464
255.512
131.208
121.4
80.616
85.928
130.944
255.304
177.472
199.416
198.128
251.304
131.112
130.8
197.912
79.968
177.92
250.896
129.488
80.424
177.416
122.472
198.704
251.16
85.712
172.728
130.16
80.376
256.688
199.824
121.976
172.992
256.784
173.16
86.672
80.208
178.64
250.776
257.168
199.944
86.696
199.872
121.304
172.92
179.072
80.688
199.4
179.168
172.248
86.696
130.416
121.664
172.344
179.312
130.512
130.4
80.4
256.568
251.088
119.696
200.616
251.304
131.112
119
81.48
123.168
81.816
84.8
131.664
174.432
118.76
82.08
118.568
130.728
177.896
252.576
177.824
122.664
199.472
201.912
256.04
121.68
119.288
81.048
256.136
131.136
85.424
252.384
199.712
81.792
199.76
252.6
199.808
173.808
131.856
252.144
201.792
178.136
81.72
128.024
121.728
255.872
174.456
177.32
81.264
199.088
80.952
177.536
121.32
129.104
173.568
173.736
130.704
129.272
130.272
118.88
172.68
130.368
255.904
172.776
201.024
251.472
255.688
200.64
255.736
80.568
119.704
172.416
198.952
200.664
119.92
251.352
80.52
129.608
200.448
173.136
199.544
251.304
255.4
251.232
121.56
85.304
130.968
120.632
250.776
255.68
121.464
198.608
200.472
130.016
131.28
85.544
80.088
129.392
130.896
178.28
177.728
249.944
256.016
200.432
129.344
120.272
129.56
199.088
199.968
172.16
177.632
120.2
256.328
122
120.416
171.608
120.584
121.616
85.232
200.264
128.96
250.712
85.568
85.616
129.984
199.136
129.104
250.448
129.272
122.336
130.664
255.448
171.392
121.096
201.08
121.184
171.488
200.688
121.4
129.968
122.304
84.896
171.192
130.304
130.92
177.992
80.208
122.24
171.48
130.448
199.736
120.608
120.776
199.512
129.464
199.44
85.12
130.248
255.568
80.016
172.16
199.92
255.88
121.848
120.808
249.272
199.216
122.24
198.944
249.608
256.232
129.56
85.568
177.176
177.344
121.56
120.872
255.8
255.968
199.136
177.824
129.992
129.632
86.12
171.344
120.848
254.696
120.752
199.968
120.8
129.368
130.376
248.144
171.176
254.32
254.248
171.632
199.376
121.992
129.344
130.44
84.992
200.808
254.12
200.616
85.328
248.544
199.856
254.744
122.04
120.872
130.848
198.92
122.184
120.536
121.992
84.56
176.648
120.128
172.352
85.136
249.2
171.968
85.192
121.488
176.896
120.424
177.232
200.4
129.64
250.128
199.288
200.616
79.944
129.416
130.872
172.68
177.4
249.768
84.568
200.016
254.416
79.368
254.464
122.496
199.552
172.584
254.56
131.472
201
129.16
122.568
131.016
129.016
80.544
84.664
250.512
177.952
201.36
177.88
173.568
85.048
80.736
120.736
251.304
255.608
81.192
84.656
129.344
80.328
129.392
172.656
130.704
129.544
172.632
199.192
200.88
129.52
122.024
84.92
254.888
79.784
198.896
250.472
121.88
250.808
249.992
177.464
121.4
177.392
130.928
85.4
129.488
178.136
200.016
129.224
130.376
199.424
255.8
250.616
198.88
199.736
175.504
79.784
200.072
250.88
131.408
200.816
170.864
129.136
170.912
131.36
129.472
122.648
81.176
199.648
131.984
85.336
123.152
199.624
131.96
252.008
175.096
251.576
201.704
251.432
175.24
123.44
199.408
251.048
129.256
79.856
255.784
200.744
79.704
250.872
256.048
122.424
85.624
80.016
198.592
249.536
176.08
171.344
175.888
80.016
121.064
121.944
175.84
171.192
80.64
122.328
171.936
131.424
198.752
131.592
122.88
84.824
172.368
123.336
81.024
122.232
120.08
251.04
80.928
120.176
80.736
130.944
129.184
172.392
250.68
130.752
129.136
120.424
199.52
198.472
121.688
85.96
199.496
129.568
256.336
198.424
256.672
130.48
199.168
198.976
250.616
257.344
171.872
172.04
122.168
130.736
198.112
177.4
130.616
255.928
199.064
129.496
130.592
177.4
199.12
172.16
200.048
121.616
130.904
129.832
256
121.856
200.128
250.304
200.056
131.072
256.024
201.32
130.072
201.488
200.44
255.784
171.488
254.872
121.432
131.528
254.896
201.776
172.184
129.016
201.992
199.624
131.6
129.472
250.328
199.84
131.336
121.408
172.424
177.496
122.912
255.52
172.88
250.352
121.36
129.688
200.864
121.336
130.592
176.944
130.76
121.792
172.328
200.08
129.928
177.136
121.024
172.184
255.832
122.432
199.84
129.808
121.696
130.352
177.544
171.944
129.712
121.36
122.744
255.472
198.76
201.08
120.808
250.472
120.736
122.6
177.304
172.088
131.096
250.424
128.392
200.456
250.376
255.88
120.808
171.752
120.68
200.496
129.128
121.136
255.824
171.944
250.52
122.648
250.856
176.92
200.744
130.304
250.712
198.752
200.6
198.92
172.328
199.088
122.456
255.064
250.664
121.072
200.792
129.56
255.608
130.704
172.032
129.944
200.76
250.728
199.16
200.856
120.848
171.624
177.424
131.352
177.472
130.68
199.12
250.368
256.168
255.976
122.184
177.304
250.152
198.68
119.408
130.616
199.016
255.824
200.04
177.272
172.128
119.84
199.448
199.376
130.512
119.984
250.016
250.184
255.208
130.464
250.448
121.616
176.68
172.184
250.592
177.016
201.08
198.904
172.568
254.992
128.92
200.448
254.848
121.296
199.096
172.04
177.544
130.448
129.232
250.856
197.32
200.624
195.808
195.976
250.52
129.544
130.328
192.68
129.28
172.16
191.744
197.648
249.608
255.832
189.76
193.056
129.04
177.424
177.28
171.032
187.136
189.072
187.184
170.88
255.992
189.048
177.56
187.448
249.392
177.416
255.344
188.52
186.992
249.408
177.8
187.328
187.824
185.144
186.816
177.376
184.864
255.592
249.776
186.464
186.512
255.424
185.712
176.152
171.656
249.464
176.488
185.912
183.856
172.136
254.44
176.608
182.456
184.632
184.2
254.92
171.944
180.608
183.752
183.24
179.6
254.768
178.976
178.184
177.92
180.216
255.248
255.176
175.544
179.16
177.512
250.368
176
178.056
177.608
172.16
177.184
173.992
172.184
176.424
173.384
171.896
172.688
250.592
177.304
172.088
175.016
174.344
255.616
172.944
171.904
172.152
177.472
172.92
172.968
250.536
255.856
173.424
170.024
169.472
171.528
172.296
169.688
171.984
171.792
172.2
249.944
171.992
169.512
168.104
168.152
167.72
250.592
167.096
177.344
172.088
171.896
166.688
250.592
172.16
165.992
172.184
171.992
167.96
167.256
250.224
163.856
172.088
167.096
250.904
177.448
165.192
161.984
250.56
177.512
165.168
250.536
162.888
177.088
171.728
162.776
172.064
172.112
255.832
255.64
172.112
171.848
171.296
170.672
255.544
171.104
177.376
171.248
250.52
255.472
250.232
250.304
248.552
176.176
176.512
176.44
243.944
243.08
242.888
243.104
255.568
240.896
238.688
252.28
251.488
249.184
236.648
247.48
246.376
236.24
245.032
235.64
244.024
235.568
235.664
235.592
243.064
235.088
234.584
234.128
241.792
230.672
230.72
240.808
226.616
238.6
238.336
225.2
224.768
236.752
224.936
222.752
233.152
222.992
232.216
220.808
229.912
220.664
219.248
219.464
227.128
218.432
217.808
217.088
224.608
224.584
215.696
224.224
214.568
214.376
213.704
223.648
213.08
213.056
222.52
212.552
222.712
222.64
221.896
218.392
