24.44
25.728
24.44
24.44
24.44
25.728
25.728
25.728
25.728
24.44
37.028
25.728
25.728
24.44
31.728
31.728
26.016
24.44
24.44
25.728
24.44
24.44
24.44
25.728
25.728
31.728
24.44
24.44
37.016
24.704
24.692
37.016
31.728
25.728
24.44
25.728
37.016
24.44
31.728
31.728
24.44
37.028
24.44
24.44
31.728
31.728
31.728
24.44
31.728
26.016
25.728
37.016
25.728
75.728
25.728
75.728
37.016
31.88
75.728
24.44
25.728
32.016
24.44
75.728
75.728
24.44
37.328
25.728
81.416
37.304
24.692
81.38
81.068
25.728
81.056
24.644
81.032
81.292
75.728
75.728
24.44
75.728
81.016
24.604
81.016
75.728
75.728
37.016
31.728
81.016
81.016
81.016
75.728
81.016
25.728
81.016
24.44
25.892
75.728
31.916
25.728
24.44
25.728
82.416
24.44
81.016
75.728
81.016
81.016
25.728
25.728
81.292
81.016
25.728
24.868
82.304
25.892
75.98
26.168
24.716
82.856
75.944
81.016
24.44
102.728
82.304
75.992
24.604
32.18
81.016
32.168
75.728
82.316
82.58
102.728
81.116
25.728
81.016
81.016
24.716
75.816
25.728
24.692
31.728
37.28
104.016
81.068
25.968
75.816
24.904
81.016
81.016
82.304
75.728
37.016
75.816
24.716
25.728
75.816
75.804
31.992
81.368
104.28
25.256
31.968
81.644
82.656
25.532
26.544
37.016
76.032
26.82
37.292
76.308
81.08
31.896
103.268
25.908
24.656
25.728
81.044
82.416
37.016
31.728
25.004
24.992
24.98
82.304
24.44
24.44
24.716
81.104
24.716
75.728
104.216
104.016
75.804
103.244
82.304
31.892
26.78
32.168
24.716
83.156
27.344
81.092
76.532
81.08
76.52
37.268
76.508
104.396
81.016
102.904
25.728
81.292
81.28
75.728
75.728
102.728
24.44
81.016
81.016
37.016
81.104
75.728
24.716
104.016
81.104
103.292
75.728
24.716
82.304
75.992
75.98
75.728
81.016
24.604
81.016
37.204
31.916
76.004
82.304
76.004
24.44
25.892
25.88
25.728
81.016
37.016
81.104
104.016
24.992
24.68
81.368
81.056
75.728
81.016
31.916
81.016
37.204
75.728
37.48
102.868
24.716
37.016
81.104
81.016
81.016
102.904
82.304
81.016
37.204
75.728
82.304
37.016
154.292
104.48
32.168
104.456
154.016
102.728
31.904
37.016
81.104
24.992
37.016
24.44
75.728
75.728
31.728
102.728
26.016
159.716
75.804
81.104
104.292
102.992
76.08
26.268
24.604
81.292
82.304
24.904
24.44
82.304
154.016
102.728
37.016
25.004
31.728
31.728
81.28
104.016
24.656
25.992
81.344
104.28
24.932
81.32
104.256
81.016
159.304
81.016
104.016
75.804
24.692
82.392
24.656
25.992
24.644
37.016
25.968
103.004
81.092
81.292
24.88
31.916
26.192
103.004
104.016
24.668
32.004
159.356
154.704
31.728
37.016
154.116
81.116
102.728
75.98
81.016
104.016
81.104
75.804
81.092
24.98
154.016
26.204
159.58
75.728
104.216
24.716
75.728
81.704
24.992
25.728
81.38
76.116
76.104
82.392
81.02
82.656
104.844
102.728
104.832
81.116
26.52
24.704
154.016
24.44
25.904
81.128
81.116
103.304
154.268
25.292
81.38
25.268
81.356
75.728
24.944
75.728
37.832
37.016
25.728
24.716
25.728
81.404
103.292
25.728
82.416
32.004
81.568
24.856
37.144
154.104
159.532
37.204
104.016
81.016
82.404
24.604
24.592
24.58
31.728
159.304
82.416
82.304
24.98
104.016
81.368
154.104
37.256
81.344
102.932
81.016
75.728
75.728
81.016
154.016
31.904
81.016
81.604
75.728
159.592
159.58
25.892
24.568
81.016
81.016
25.728
76.116
81.292
154.104
81.28
26.192
81.016
75.98
25.728
102.728
81.016
82.304
81.016
154.268
25.856
25.728
82.304
159.304
154.016
81.016
76.004
81.016
31.892
102.728
24.904
103.192
75.728
81.292
26.216
82.304
81.268
75.728
25.916
82.304
24.44
82.304
24.44
104.016
25.728
81.292
82.416
104.304
81.092
31.992
37.28
104.016
159.368
25.992
24.604
31.728
81.016
24.904
81.292
82.304
159.58
25.168
81.556
81.544
31.728
24.832
26.016
81.52
76.104
37.016
154.392
25.728
159.304
76.416
37.192
32.304
75.956
81.556
104.016
37.016
81.208
159.304
24.592
37.292
76.28
24.44
154.568
159.728
75.728
24.704
81.092
76.004
104.192
81.292
104.18
26.168
81.268
37.016
26.256
104.244
76.332
81.292
32.22
104.208
24.716
102.728
75.98
81.016
81.016
159.304
75.908
81.016
102.904
24.692
37.28
102.968
159.68
75.992
159.304
25.728
81.532
75.728
24.716
81.404
37.084
82.304
24.44
31.892
26.18
32.168
102.728
76.856
154.016
82.304
24.44
26.492
81.016
104.256
24.68
81.292
159.868
25.456
103.444
82.132
103.72
81.292
76.004
81.016
75.728
24.44
75.728
31.728
82.416
81.016
75.728
37.016
25.916
102.728
81.416
103.004
154.016
81.692
159.98
75.728
81.668
102.728
26.004
154.092
24.704
26.28
26.268
82.656
102.728
154.104
25.992
81.016
104.28
24.604
76.068
24.592
81.28
102.728
25.728
104.016
37.192
25.728
81.128
103.016
37.016
81.104
25.728
81.692
81.016
37.204
81.292
24.58
25.728
81.268
159.556
75.728
81.016
81.016
37.204
81.292
24.44
31.728
159.304
31.728
24.44
159.428
31.892
103.016
76.004
81.568
24.856
75.728
81.128
81.016
154.016
25.904
24.716
75.992
104.18
24.692
104.016
159.304
31.728
81.292
82.416
76.104
24.704
104.592
32.28
26.568
81.016
32.556
37.204
26.844
159.592
76.632
25.18
76.32
82.908
26.496
103.196
26.484
75.972
81.272
32.16
25.46
26.748
105.036
27.024
26.712
154.5
76.488
105.276
25.076
76.268
81.016
25.728
159.304
103.004
104.016
81.016
82.38
104.268
31.956
26.544
37.016
103.004
75.728
159.692
25.968
102.992
25.956
76.004
26.192
159.304
76.004
159.304
31.728
159.704
81.092
75.728
75.728
81.016
24.604
154.016
159.304
37.192
75.992
75.98
25.728
104.016
159.58
25.728
102.728
25.728
32.016
154.704
82.304
24.44
31.728
154.116
76.104
31.98
81.016
76.344
37.016
154.632
25.004
37.292
82.304
81.38
82.392
159.556
103.204
81.016
31.728
81.016
82.416
82.58
75.968
81.38
26.756
25.136
26.792
81.824
25.412
26.748
160.1
25.688
103.364
104.7
82.052
82.06
76.004
37.016
81.104
26.34
103.292
82.428
37.58
104.616
104.304
75.728
81.016
103.004
104.016
82.304
26.004
159.304
104.28
103.832
104.556
81.016
26.544
82.332
75.728
105.116
81.016
103.804
105.06
82.548
37.016
81.104
24.44
104.016
31.728
81.016
26.28
154.068
81.016
104.556
24.904
76.044
37.016
104.232
26.22
24.44
76.008
81.128
24.716
31.88
24.44
159.428
31.728
37.016
24.716
81.104
75.816
81.016
159.604
75.968
26.004
31.992
76.38
154.016
25.904
81.28
24.44
76.556
37.016
24.704
82.304
25.728
159.58
104.016
26.004
81.016
25.204
76.736
104.024
82.412
76.988
81.292
154.976
24.44
31.964
159.728
76.052
37.316
25.728
154.116
102.728
37.016
24.44
75.98
160.312
25.728
82
81.088
160.576
75.992
75.98
102.728
31.728
76.004
104.016
75.804
81.292
25.992
154.38
75.728
75.728
81.232
159.304
81.292
24.58
104.016
75.728
102.728
104.016
24.44
76.004
82.592
32.18
104.468
81.016
76.856
159.304
159.304
81.292
154.016
31.904
31.88
25.728
37.016
103.004
75.728
81.016
75.728
81.016
37.504
75.816
82.304
81.28
76.232
24.568
25.82
81.256
76.508
37.444
37.132
154.784
24.52
154.76
25.748
37.016
81.092
104.016
159.38
24.44
81.428
81.416
37.304
31.728
159.992
159.98
82.304
76.292
159.796
26.18
26.168
102.728
31.728
104.016
81.724
25.728
103.312
26.004
104.292
24.892
76.268
82.18
103.168
82.304
82.156
26.192
37.444
31.728
103.432
81.82
81.016
77.292
82.38
155.568
81.104
155.016
102.992
26.004
24.98
76.692
159.668
31.728
24.956
37.844
160.232
37.82
37.016
76.004
81.016
24.904
82.304
82.304
76.256
160.592
76.244
24.98
25.88
24.44
37.028
82.304
159.38
81.068
154.016
81.016
82.304
159.304
154.016
159.304
159.58
31.728
154.116
24.44
25.728
104.016
24.716
81.104
75.728
102.992
25.992
81.032
25.968
24.92
82.356
154.016
81.016
26.204
24.904
81.292
82.596
102.88
75.984
104.772
32.46
83.148
75.936
81.128
154.224
37.016
26.412
24.704
81.092
25.728
24.68
75.816
81.016
24.44
102.728
76.292
159.304
25.88
76.256
76.22
25.808
104.096
24.44
82.304
37.028
75.992
81.016
25.728
159.304
103.492
26.004
37.48
104.292
81.568
26.28
159.556
26.556
81.532
104.844
37.42
154.016
81.016
25.904
24.44
159.304
154.016
81.292
75.728
81.016
24.716
75.728
102.728
159.416
75.728
24.44
104.016
24.716
102.728
82.304
75.992
24.704
24.692
154.016
159.38
24.44
26.004
24.44
75.792
81.128
24.716
25.968
31.728
159.304
81.116
75.728
25.004
25.728
81.092
81.08
104.016
103.268
81.016
104.256
24.44
37.328
81.716
31.728
24.704
81.092
104.016
26.004
102.728
104.016
75.728
102.728
82.404
31.728
81.016
25.204
76.28
37.192
103.456
81.244
104.78
24.532
82.568
159.52
75.956
103.108
27.344
159.796
76.232
25.384
26.12
32.108
76.196
159.304
76.184
26.372
24.716
26.36
24.704
32.048
26.336
159.844
154.016
24.716
102.728
154.292
25.232
104.268
103.22
37.016
103.304
75.728
81.016
26.516
75.728
25.18
81.568
154.016
159.556
104.504
82.592
103.732
159.52
26.744
26.732
154.22
76.208
102.728
26.396
81.116
154.484
26.672
83.06
81.016
104.648
81.016
102.904
76.232
81.292
159.304
76.004
82.592
24.44
26.468
26.156
31.844
82.416
102.728
81.292
159.568
102.856
81.244
37.132
154.016
37.108
75.992
154.28
24.44
81.28
24.716
25.728
76.116
81.28
82.404
26.292
81.016
102.904
37.492
25.728
81.28
81.292
103.18
82.304
81.256
154.016
25.144
37.132
103.42
25.52
104.544
159.58
81.568
76.232
159.856
82.52
103.46
75.908
104.396
81.016
26.472
81.016
154.26
76.248
81.016
154.236
82.524
32.112
75.9
102.752
26.388
37.016
75.728
26.028
24.716
154.016
24.704
104.504
37.292
75.992
103.28
75.98
103.268
24.956
24.44
81.428
82.368
24.44
81.128
102.728
25.728
31.728
24.704
31.728
24.98
26.004
24.956
103.244
82.38
24.716
24.704
82.656
31.728
81.016
24.44
31.728
154.016
81.016
25.728
37.016
154.28
24.44
159.428
25.728
81.28
24.868
24.856
26.004
31.728
24.604
81.292
25.956
81.28
154.344
24.868
82.332
76.232
82.52
26.408
26.096
159.304
24.868
75.968
81.016
82.556
104.444
76.232
159.304
83.12
24.892
105.008
81.58
154.796
24.868
76.004
104.192
76.28
81.016
102.728
37.016
26.256
24.692
31.892
104.48
76.568
76.256
154.544
37.192
26.52
159.304
26.508
26.496
154.884
37.168
24.556
76.46
159.844
25.728
24.832
82.12
82.108
160.096
81.484
81.472
25.728
104.016
81.556
24.716
154.028
81.82
75.728
25.108
24.668
154.016
82.604
31.892
81.016
26.48
81.604
24.44
31.728
37.028
102.728
37.016
81.704
159.992
102.98
75.728
26.216
32.204
104.016
25.728
24.44
76.116
82.304
82.304
103.004
159.692
31.904
24.44
31.728
154.016
24.992
81.38
37.016
103.304
81.292
154.016
81.016
82.604
26.792
154.292
25.184
31.88
76.268
103.16
154.256
81.248
26.444
159.536
76.532
32.42
82.304
25.892
159.304
76.508
24.44
81.428
37.016
25.728
104.016
76.736
81.292
154.724
76.412
102.904
26.004
102.88
76.692
154.38
81.808
82.668
81.796
76.356
26.544
76.332
32.22
159.76
25.728
81.748
81.016
82.304
159.988
37.016
25.892
31.728
24.704
81.58
154.268
159.304
104.016
24.716
31.904
25.728
76.116
76.104
81.232
76.092
82.68
24.68
104.016
32.304
26.292
75.728
24.92
75.728
75.728
24.884
26.216
81.016
32.204
104.496
159.304
154.284
81.016
37.204
25.728
24.892
75.816
81.58
104.304
25.168
31.992
102.856
154.38
81.244
154.068
25.728
31.728
159.58
104.016
102.728
26.004
75.792
24.44
25.728
24.44
75.992
24.44
31.856
24.716
25.728
81.016
81.016
76.004
103.204
82.392
81.292
81.068
154.268
81.656
76.256
24.944
25.98
159.632
76.668
26.256
81.016
26.004
24.44
159.728
81.116
104.292
159.832
154.016
154.016
24.716
82.004
24.992
159.98
104.016
81.668
102.956
81.344
104.268
26.004
81.016
81.016
104.016
24.604
75.804
31.728
154.016
81.016
76.004
81.016
37.204
75.728
81.016
31.916
24.904
24.892
154.292
37.016
24.44
31.728
154.116
81.104
76.104
154.392
76.256
81.016
25.844
159.304
76.532
154.208
81.016
104.016
37.204
76.704
25.992
81.568
76.08
81.256
37.444
75.728
25.916
154.016
25.992
81.508
24.496
154.016
24.484
31.904
159.772
25.892
32.18
31.868
76.116
81.016
76.092
76.356
24.44
32.244
81.016
75.728
25.916
104.016
82.304
31.892
102.728
26.48
37.016
31.916
81.392
81.368
31.904
102.956
37.544
81.016
31.904
159.304
104.192
154.28
102.728
24.716
26.004
81.016
154.28
31.868
81.292
75.956
24.88
154.244
81.268
159.556
104.016
81.58
81.268
25.992
81.292
76.38
159.304
104.568
25.208
26.492
24.896
26.48
81.284
154.568
159.304
82.856
24.592
76.244
102.88
105.032
159.58
154.22
81.268
26.408
26.096
24.788
26.124
102.776
31.812
159.508
24.796
75.728
81.148
159.436
37.024
81.112
25
159.304
25.728
104.016
24.716
154.016
81.404
26.204
103.292
25.728
154.116
81.016
82.704
81.604
76.392
81.292
103.48
26.568
159.58
25.168
26.244
81.856
81.104
26.52
81.092
26.004
104.268
82.656
24.668
104.244
81.056
25.98
81.016
76.292
154.28
76.268
31.856
37.016
24.704
25.728
159.692
103.28
81.068
103.268
37.256
81.044
37.016
75.728
24.44
159.428
24.716
37.604
76.004
24.992
75.992
81.016
75.728
81.016
75.728
82.304
37.016
154.016
104.204
76.292
24.44
25.98
81.128
76.068
81.116
103.004
104.016
24.44
103.016
154.116
25.004
81.016
75.816
82.704
31.992
81.016
31.728
82.304
25.728
81.016
75.728
81.016
82.316
37.016
154.016
25.904
76.292
32.18
37.016
32.168
104.756
76.844
81.104
27.032
32.72
83.408
27.596
27.584
26.672
76.76
154.448
37.016
82.436
76.124
24.44
159.428
103.016
75.728
76.004
102.728
76.116
159.304
37.192
102.88
31.728
103.004
82.416
81.092
81.08
26.004
75.728
104.568
154.056
159.58
26.544
81.568
104.832
102.884
76.02
37.172
81.016
31.728
26.016
37.016
81.404
81.392
37.28
81.368
25.728
81.356
81.344
24.632
31.728
81.32
154.232
82.304
81.016
104.016
81.128
76.1
24.716
154.088
102.728
31.728
26.016
81.556
76.404
24.844
81.508
75.728
154.016
26.204
82.304
81.4
75.992
104.18
103.256
31.868
25.98
102.728
25.968
81.416
82.356
24.44
81.292
154.016
154.016
81.016
37.016
75.728
24.44
76.004
159.428
24.716
103.004
76.004
75.992
75.968
24.44
159.58
104.292
24.44
31.904
81.128
75.98
81.292
25.868
24.58
32.456
24.44
104.016
76.704
154.992
76.98
24.44
104.016
81.232
25.728
159.304
81.292
37.18
102.728
104.016
81.292
159.58
81.568
154.016
81.556
102.844
24.532
81.016
24.604
75.728
82.304
24.44
159.428
82.58
81.128
159.304
25.728
31.728
81.128
25.728
24.44
75.728
25.728
81.016
154.116
76.104
81.292
154.392
81.28
76.38
31.728
159.304
82.304
37.016
103.004
24.692
82.304
25.992
24.44
81.016
154.016
102.728
81.116
81.016
75.728
154.016
24.44
159.428
82.304
37.316
81.704
154.016
24.44
104.016
154.104
26.292
76.38
154.368
76.356
24.44
104.244
154.016
75.728
25.916
76.004
104.016
26.004
24.716
76.532
24.692
25.82
37.28
76.808
24.968
82.796
103.256
76.484
83.072
81.292
24.58
31.728
104.016
32.004
26.292
82.416
37.016
75.804
31.728
81.568
102.728
154.016
81.796
81.016
25.992
154.08
104.568
75.756
25.892
24.44
82.58
81.128
25.868
104.156
24.44
159.428
81.416
37.016
102.728
159.304
75.728
24.892
24.88
75.728
31.916
82.604
102.728
75.992
25.728
81.016
76.244
81.292
154.232
24.58
31.82
31.808
25.796
76.184
26.072
76.46
154.448
26.336
102.728
32.324
76.112
104.3
24.692
82.688
81.38
103.268
81.656
25.544
37.832
25.16
25.148
103.436
104.772
81.524
25.712
81.5
81.016
31.916
82.604
32.192
154.28
81.74
27.068
103.928
27.056
81.416
83.144
105.632
76.52
27.908
81.016
82.304
25.892
24.716
102.992
24.68
81.068
103.256
75.728
26.216
102.728
81.016
26.244
75.732
81.016
25.92
75.728
82.616
24.44
81.016
102.904
75.728
37.492
37.18
25.168
81.256
154.016
159.304
82.304
81.292
104.492
75.98
104.556
102.908
82.332
31.728
159.304
24.716
154.016
26.204
24.992
154.292
81.08
75.98
24.656
75.728
102.944
24.932
76.004
31.892
103.208
75.968
159.304
75.956
31.844
25.16
76.232
81.248
26.484
25.436
81.224
26.46
31.848
81.28
25.168
26.492
25.064
26.18
81.152
32.168
24.44
75.728
25.728
25.728
24.716
37.016
154.016
81.016
104.28
25.504
26.268
81.292
75.756
82.644
103.196
154.332
105.12
26.808
26.196
24.592
31.728
102.88
82.304
104.192
81.128
25.856
25.728
75.728
24.716
25.728
81.292
102.968
102.728
104.28
159.304
26.004
75.792
81.016
159.304
159.304
37.192
81.58
81.292
104.016
82.304
24.716
104.192
103.004
25.88
24.992
37.016
81.104
103.244
25.232
154.016
25.22
103.508
26.244
25.484
81.016
24.536
81.224
31.728
154.116
159.304
103.004
26.1
81.392
76.188
81.08
104.076
24.44
82.464
24.716
154.544
81.404
76.532
154.82
102.98
154.808
76.496
102.728
82.484
24.716
155.072
26.66
24.44
102.728
24.704
37.292
81.38
24.968
26.004
81.356
154.952
75.728
24.716
104.016
37.016
82.304
75.816
81.128
104.304
104.016
24.716
25.728
31.728
104.016
104.292
103.844
26.28
154.068
103.52
82.656
26.844
103.796
32.232
159.584
83.22
25.472
154.608
81.26
105.396
37.148
82.884
104.336
26.772
159.524
26.312
83.148
154.236
27.324
24.992
31.812
24.968
26.004
24.956
76.544
82.368
76.184
82.472
37.192
82.46
81.016
82.448
102.728
76.136
81.416
82.424
159.704
24.992
81.38
102.968
31.844
81.656
81.704
159.992
76.208
24.704
81.82
160.108
104.016
82.096
76.704
37.084
25.98
24.704
104.268
24.44
76.656
25.944
159.304
104.232
154.62
159.58
26.508
24.568
102.856
160.144
81.532
75.728
75.728
31.916
24.632
31.728
26.316
26.304
154.392
24.884
26.58
76.368
25.16
31.728
103.148
81.652
82.56
37.016
31.728
81.704
154.416
31.728
31.728
26.016
32.004
155.292
81.016
104.016
26.004
81.104
24.44
104.016
25.728
102.728
25.728
81.704
102.992
75.728
24.44
154.016
81.016
82.004
24.692
102.98
82.304
31.892
76.116
75.804
102.728
25.728
37.016
81.104
75.728
159.392
25.728
154.416
82.404
25.992
81.28
81.256
25.728
24.44
37.016
103.004
25.728
81.016
82.404
25.992
37.204
76.38
104.016
81.016
24.592
82.304
159.304
25.892
31.88
81.016
104.192
76.88
75.8
159.304
25.728
24.44
159.556
154.016
25.728
102.728
24.44
76.004
160.328
25.892
82.004
24.44
81.728
24.44
81.016
81.292
159.304
81.292
82.304
24.58
25.728
25.728
24.44
81.28
103.168
104.016
37.016
103.004
24.716
159.304
76.232
25.82
25.992
81.292
25.968
81.28
82.356
37.016
154.944
25.304
26.232
103.592
76.02
26.508
159.304
26.496
104.136
24.904
26.112
81.292
26.1
154.016
82.304
154.292
26.168
104.016
76.104
104.292
159.304
26.28
159.58
76.004
81.268
31.728
103.156
26.22
81.232
26.184
24.44
81.128
25.86
24.716
81.404
81.568
31.728
154.016
103.192
24.88
82.304
81.256
26.192
154.58
26.168
81.292
76.556
104.016
104.28
102.728
25.728
75.728
81.292
102.88
37.468
81.856
24.704
75.98
37.592
159.496
31.728
37.084
154.116
81.772
24.76
75.728
82.048
25.036
75.728
24.944
37.016
24.44
104.016
159.58
82.304
31.728
104.016
26.004
37.016
81.404
104.016
159.304
104.016
24.44
75.728
31.728
81.016
24.716
81.104
102.904
75.728
81.292
82.304
24.44
25.88
37.204
24.892
24.88
82.304
24.568
104.016
81.016
82.416
24.904
81.292
75.728
81.016
82.316
31.728
159.304
75.816
26.004
25.992
25.98
75.768
25.956
81.016
31.728
37.204
24.592
81.28
81.016
24.716
75.728
37.204
81.292
24.968
24.44
76.004
24.716
81.104
31.728
75.816
159.404
32.004
102.728
104.292
75.78
24.692
26.004
24.44
159.304
154.28
81.016
104.256
102.904
76.044
104.016
25.18
154.404
154.496
82.784
104.556
76.044
159.304
82.632
103.016
26.004
159.304
154.092
25.98
154.368
82.956
31.916
76.004
104.292
102.98
75.968
37.016
25.004
82.292
82.304
159.412
76.292
24.44
26.18
102.728
75.968
82.556
154.016
159.34
31.728
24.716
81.404
154.016
104.204
102.956
104.292
159.544
103.432
104.556
81.82
159.808
75.728
25.696
37.384
103.372
37.66
75.992
26.424
102.764
81.292
37.016
102.728
31.728
81.116
31.728
24.716
103.004
154.016
81.292
81.256
25.744
25.468
82.304
104.792
159.304
81.292
82.568
103.48
105.044
81.268
76.232
25.456
26.492
82.58
82.856
81.508
81.496
26.432
25.084
31.82
81.472
82.808
103.36
104.696
159.748
75.728
159.436
24.724
159.412
26.348
81.4
75.728
159.568
75.728
24.44
75.728
159.532
76.004
159.304
31.892
76.28
81.116
32.168
24.704
154.856
82.544
24.44
104.132
103.016
82.416
154.404
81.016
76.092
102.904
26.58
24.892
26.568
25.956
37.204
31.728
25.868
24.604
24.58
81.868
82.304
31.892
37.016
104.18
159.304
81.292
82.304
159.58
154.292
103.468
26.18
76.568
24.856
76.556
37.144
26.18
103.432
31.868
104.756
103.708
76.544
25.696
26.732
82.82
25.672
82.808
25.648
24.736
26.972
75.86
83.048
37.016
75.728
82.304
81.268
75.728
81.244
25.776
26.04
154.428
26.316
32.004
76.392
76.08
82.368
26.256
76.044
104.832
82.32
81.016
103.004
25.728
104.016
103.28
25.268
159.356
81.644
82.38
159.632
159.556
24.544
76.004
26.492
82.88
31.868
154.556
32.144
37.016
154.832
159.304
76.82
104.408
81.016
154.796
154.184
24.716
26.072
103.004
81.392
82.304
81.256
75.992
102.844
76.004
24.44
82.404
31.992
154.38
81.016
82.368
81.044
31.728
24.44
26.004
37.028
81.016
76.004
24.604
81.292
25.728
159.58
81.392
76.268
81.38
82.556
24.968
81.656
104.268
81.644
76.356
76.508
81.128
76.484
159.304
25.728
76.448
25.736
76.724
81.016
82.712
37.204
26
81.292
76.076
81.568
24.556
154.016
160.06
26.28
24.44
76.368
25.956
102.728
31.728
81.716
25.728
81.404
76.716
81.992
81.68
76.496
103.268
81.656
159.304
31.728
81.292
25.728
154.416
24.88
82.304
24.44
154.292
37.028
104.48
104.468
24.44
76.256
81.728
154.304
75.728
160.072
25.916
24.76
31.916
31.728
26.016
37.016
81.292
25.728
75.816
24.44
81.016
37.204
26.004
81.016
81.016
25.728
81.016
102.904
102.728
37.016
102.728
24.692
159.68
26.004
31.728
104.268
24.44
81.016
82.304
81.016
25.892
81.016
37.016
24.716
81.104
32.036
24.692
81.08
76.412
76.4
32.588
76.676
24.44
32.864
32.828
103.28
76.592
25.268
26.004
81.656
32.292
25.244
159.632
25.52
31.728
37.508
26.616
104.096
76.104
82.184
31.728
26.072
38.06
25.148
76.104
103.136
31.992
25.124
82.412
82.4
160.504
154.016
82.492
31.904
102.88
26.192
37.768
75.98
102.856
75.968
24.844
160.132
24.82
25.728
82.108
154.016
81.496
76.004
81.184
75.992
31.88
37.016
159.404
25.992
31.98
102.728
154.668
81.116
154.356
75.98
82.568
76.256
82.392
75.728
24.44
81.128
31.728
24.44
154.016
154.016
81.256
24.544
75.728
81.232
102.728
37.316
26.004
81.092
25.98
81.08
31.968
154.356
81.016
76.344
102.728
26.532
26.52
81.016
32.508
24.904
76.344
154.632
75.728
104.016
75.728
159.304
25.916
75.728
81.38
81.068
81.656
37.544
81.032
154.016
26.204
76.292
154.58
75.968
31.844
25.728
82.304
81.016
31.892
25.88
82.304
37.144
25.728
37.12
31.728
37.016
26.016
75.728
25.916
154.016
75.728
75.728
154.016
102.728
82.304
81.28
37.168
154.016
81.128
25.992
25.728
104.016
24.44
82.304
102.728
75.728
102.728
102.728
75.728
81.092
26.004
102.98
76.092
102.728
26.004
82.392
159.304
81.016
37.204
76.256
81.292
75.944
104.132
81.016
82.52
37.016
25.728
24.704
24.44
154.016
26.004
81.28
75.728
25.728
102.728
75.728
81.016
154.016
25.728
81.016
102.904
82.304
37.492
25.728
159.58
25.728
81.016
76.472
102.728
81.116
102.728
81.116
75.992
31.88
75.728
37.192
159.58
81.568
26.004
103.456
104.292
25.444
24.932
26.268
24.908
103.196
160.184
103.504
25.436
31.892
82.304
24.812
24.464
37.052
26.088
24.44
82.476
24.44
25.764
154.016
25.904
159.304
75.728
81.292
154.016
102.88
104.204
24.568
82.592
81.256
159.544
81.532
24.52
154.016
81.508
81.496
37.016
25.728
75.728
24.44
82.304
25.892
37.192
81.016
24.44
31.728
76.116
82.404
154.392
81.28
81.016
75.728
25.916
159.304
76.004
25.892
81.016
154.016
81.292
75.728
24.44
24.44
82.304
154.016
25.904
31.728
81.016
75.728
24.604
25.728
81.28
75.816
81.268
26.004
102.856
32.292
76.08
24.44
76.068
24.44
81.128
24.716
75.728
81.104
25.728
24.716
154.116
25.728
75.728
159.304
104.016
159.304
32.004
32.18
75.728
75.728
81.016
81.016
24.904
37.192
154.404
159.304
24.992
81.68
104.016
25.268
81.956
25.244
82.368
81.292
104.544
24.58
24.568
75.728
37.016
81.404
81.092
104.016
24.68
32.004
81.368
75.804
103.256
82.392
81.644
103.532
81.02
159.308
26.168
75.728
159.304
82.304
76.004
81.016
82.304
104.016
75.804
81.104
104.292
154.38
26.568
31.956
81.016
82.644
24.44
159.304
24.892
75.728
24.98
31.728
37.268
31.728
159.356
26.016
24.944
154.404
103.232
104.256
31.944
103.196
25.184
37.172
154.016
81.56
81.016
31.868
26.456
25.688
31.82
31.808
26.996
76.784
32.372
37.292
105.56
103.88
81.668
26.628
25.556
103.256
24.44
154.376
24.44
82.364
81.728
37.144
24.44
159.728
76.004
104.192
102.728
154.58
75.968
81.76
81.748
37.016
82.304
160
24.988
25.968
154.056
82.644
76.332
26.82
32.208
75.996
104.184
81.016
102.904
24.892
102.992
81.016
103.256
24.932
37.22
102.904
26.232
102.892
81.28
24.568
82.304
81.256
31.892
154.116
81.016
24.904
81.016
26.004
81.016
31.728
81.016
26.316
24.604
81.292
82.304
26.492
24.44
37.028
103.016
102.728
37.016
75.728
82.316
81.016
26.004
103.256
24.944
82.304
81.032
75.992
103.22
26.78
26.768
24.896
76.256
81.016
82.308
25.192
104.496
37.016
81.104
26.492
24.812
104.768
26.088
75.876
25.728
75.816
154.104
25.992
81.016
25.728
82.416
102.728
154.016
154.016
159.304
154.016
24.44
81.428
31.728
24.716
81.016
81.016
102.728
81.292
37.18
25.728
81.268
159.556
76.004
81.544
81.232
37.72
75.728
104.216
81.016
81.016
25.98
24.904
75.768
81.292
82.656
81.292
104.192
159.58
37.168
24.556
26.156
37.144
81.22
159.304
25.728
81.016
75.816
102.904
75.816
24.44
37.328
37.016
154.016
76.004
24.44
37.016
81.104
75.728
37.292
81.98
154.016
26.204
104.492
37.016
103.004
25.728
37.016
81.104
26.004
24.44
82.392
159.304
81.016
31.748
24.716
25.736
76.724
37.016
24.704
25.98
159.568
77.268
104.256
81.532
26.232
37.016
76.92
76.908
81.496
26.196
159.784
76.584
31.844
24.716
31.832
160.004
25.82
75.908
160.012
82
160.288
75.728
24.44
102.728
75.728
24.716
104.016
82.004
82.404
37.016
76.004
31.88
81.016
26.168
159.844
24.604
81.292
24.88
82.304
103.156
159.544
37.204
26.156
31.728
81.016
26.016
31.728
159.304
76.116
31.728
81.28
76.404
159.856
25.992
25.728
24.44
75.728
37.016
26.004
75.816
81.292
25.728
159.304
154.116
82.704
102.728
82.692
104.58
24.704
82.668
26.556
154.644
26.832
81.704
82.62
154.908
24.44
154.016
81.116
25.728
24.704
25.728
104.016
37.016
31.728
82.304
24.44
25.892
81.428
76.256
25.844
81.532
81.22
31.728
76.196
37.192
81.016
103.204
26.004
25.204
25.992
154.98
82.304
159.58
82.58
26.768
24.44
75.728
24.44
154.016
159.76
25.728
75.728
24.604
81.892
76.004
82.592
82.304
159.364
75.728
81.352
37.54
104.016
102.944
26.28
81.032
25.968
25.956
25.944
159.304
81.292
76.004
37.204
24.44
159.728
31.728
26.016
81.016
76.104
81.016
104.016
81.016
154.016
81.016
159.304
25.892
81.28
31.904
102.904
25.892
37.192
75.728
24.904
104.216
31.904
82.592
154.58
82.568
76.256
154.016
31.728
75.98
81.116
154.016
104.016
159.304
25.192
25.992
104.268
31.728
25.728
159.304
26.004
81.292
25.728
24.44
82.404
37.016
31.728
76.416
25.728
81.28
24.568
24.556
37.144
31.904
37.016
154.016
154.016
102.728
37.016
159.404
31.88
81.28
75.956
31.832
26.12
26.108
81.208
31.796
81.184
25.728
81.016
37.204
159.304
154.016
24.44
82.304
81.28
31.728
37.156
104.016
37.432
81.508
24.496
37.684
81.016
82.304
81.016
154.292
81.016
82.58
26.168
75.728
31.728
104.016
37.016
26.004
25.004
82.392
159.692
25.28
81.368
104.256
25.256
37.244
81.332
25.82
104.108
37.196
81.284
103.472
82.568
24.5
31.728
26.616
159.404
37.016
82.304
26.004
104.292
31.728
31.728
26.016
76.704
81.016
82.304
75.992
104.78
76.292
82.58
32.168
81.016
25.856
24.604
31.728
159.304
82.416
81.016
159.304
75.992
24.716
75.728
81.016
159.304
76.004
37.192
104.192
81.016
81.016
75.92
24.88
31.728
159.568
37.456
25.892
104.18
24.44
75.728
24.44
81.128
24.716
37.604
25.728
81.692
154.116
103.58
25.568
160.256
75.992
103.844
31.88
37.832
37.52
31.916
24.896
81.104
31.728
24.86
81.016
82.572
31.86
26.748
76.536
102.728
81.292
75.728
26.216
81.556
75.728
24.844
81.232
154.016
104.016
24.668
154.28
24.932
104.468
32.156
82.844
76.232
154.116
81.016
81.128
82.304
102.728
25.728
81.016
104.016
31.728
24.44
75.816
81.428
82.304
31.916
37.016
25.728
75.728
159.304
104.016
24.956
81.016
24.604
31.728
81.016
154.116
24.44
75.804
25.88
154.268
25.856
75.944
82.532
75.92
24.716
81.016
159.304
104.016
81.016
102.728
75.728
81.116
24.692
37.28
24.968
82.392
154.08
75.992
102.728
26.18
76.004
24.44
75.728
31.916
81.016
81.016
154.292
24.44
102.728
75.968
31.856
24.98
81.068
26.004
24.956
76.692
37.244
26.28
25.22
159.304
82.332
81.016
76.62
26.808
81.268
154.016
76.004
154.016
159.808
160.072
75.728
160.336
154.292
81.016
81.688
25.728
159.304
102.728
75.728
81.016
154.016
81.016
25.904
24.904
159.592
81.268
154.116
103.156
81.544
104.256
25.132
37.72
76.004
82.108
37.696
82.308
25.384
26.196
81.472
31.884
81.128
25.892
102.728
25.728
24.44
75.728
37.016
81.28
81.268
37.456
25.444
81.232
103.12
75.992
81.508
81.196
76.268
25.084
103.372
26.004
154.692
81.044
76.68
37.232
76.668
103.52
25.944
31.728
81.016
31.728
26.616
76.104
24.716
26.292
31.98
104.016
159.844
31.728
25.728
81.796
81.484
76.268
104.156
102.728
154.232
24.704
24.44
154.016
81.128
76.004
159.416
103.004
82.38
37.292
76.068
24.68
104.292
159.58
154.016
24.908
82.304
75.992
26.48
81.232
104.468
75.956
75.816
26.004
81.28
82.304
76.292
102.728
154.292
37.016
37.016
76.268
81.016
76.256
26.144
82.532
24.992
103.28
104.192
37.016
26.18
103.604
103.592
31.728
37.58
81.668
26.556
25.256
160.244
160.232
82.32
76.008
81.292
159.568
25.728
154.116
24.44
24.44
81.728
25.728
24.44
159.428
154.016
25.904
81.128
104.016
75.804
25.728
75.816
102.728
26.004
81.016
81.016
24.44
24.44
31.728
81.128
76.256
102.904
31.728
82.304
24.716
82.304
25.892
81.016
24.904
81.292
75.728
25.992
24.704
82.38
159.692
75.768
37.28
75.756
104.244
154.016
26.004
104.292
81.016
75.78
81.016
25.728
102.904
159.304
31.728
25.192
76.104
81.016
82.692
76.08
82.668
26.856
24.704
76.344
76.004
26.192
104.016
81.016
32.004
31.992
81.016
26.004
159.404
76.092
81.128
82.68
75.768
25.728
81.128
26.004
104.016
159.304
32.004
24.892
25.992
81.28
154.08
37.016
82.368
81.404
154.356
75.744
81.232
25.28
75.728
104.292
82.38
81.116
25.004
102.992
25.728
76.116
104.304
154.692
25.956
82.344
76.332
26.22
102.728
25.908
24.716
76.296
75.728
159.304
26.216
37.192
32.204
24.58
154.592
81.268
32.48
31.892
37.016
37.016
75.728
24.44
81.016
25.728
24.904
37.192
103.18
37.468
24.856
24.716
82.368
81.292
24.44
76.28
81.016
154.256
24.904
81.016
75.932
26.12
81.016
76.184
24.604
81.292
31.728
81.292
25.728
31.728
26.016
24.604
154.104
81.292
25.992
81.016
76.08
82.968
82.656
37.132
31.728
81.496
154.292
25.88
31.868
104.016
81.016
26.004
82.392
81.016
75.728
82.304
24.68
154.292
81.068
76.28
102.956
31.728
24.944
26.016
31.728
31.728
25.204
24.592
76.004
81.508
82.304
103.096
75.728
81.484
37.072
25.868
24.76
82.048
25.844
159.304
82.304
76.292
76.092
24.44
24.44
104.016
26.004
25.728
75.728
24.44
25.728
81.128
81.016
24.904
154.016
81.068
104.204
154.292
37.016
81.392
25.968
75.728
75.728
104.516
32.204
25.16
76.292
82.88
24.44
76.268
81.016
154.256
24.604
104.016
159.304
75.804
31.992
75.992
37.168
159.556
154.292
104.016
26.004
25.98
25.728
24.716
76.116
76.104
102.728
104.016
154.016
159.592
104.504
81.292
26.004
24.88
82.392
25.98
103.204
81.292
31.728
25.48
75.816
81.268
82.404
81.256
25.144
159.832
37.016
31.728
104.016
81.016
26.004
76.092
37.192
25.98
159.58
82.668
159.304
75.756
81.016
25.728
25.728
154.416
24.44
82.404
24.44
25.992
25.728
159.304
81.016
24.44
76.004
159.304
154.016
81.016
25.904
26.004
102.728
102.728
159.556
75.728
81.116
159.304
104.016
37.016
76.104
104.016
81.016
26.004
75.792
154.08
102.728
82.368
75.756
81.016
154.044
81.016
154.016
81.016
154.292
102.728
159.304
25.728
24.44
25.728
24.44
25.728
81.016
25.728
24.604
75.728
24.44
31.728
24.716
159.304
82.416
159.304
75.804
37.192
81.28
159.868
82.304
25.456
37.016
25.004
81.092
75.728
26.216
104.204
81.016
75.728
24.604
81.104
76.004
25.892
76.28
81.016
81.016
154.292
24.604
81.016
81.016
82.304
75.728
25.916
102.728
75.728
159.304
25.916
103.192
154.016
102.88
104.204
24.868
32.192
81.016
82.58
31.728
102.728
81.716
75.728
81.704
25.728
103.004
24.692
76.004
24.68
26.004
102.944
75.956
81.032
75.944
24.62
25.944
76.332
37.016
76.772
76.748
24.716
25.736
159.404
81.016
81.28
26.192
24.44
24.44
81.508
25.728
76.116
24.704
37.292
24.98
160.568
103.556
82.544
154.016
24.932
25.728
24.44
81.016
25.728
81.016
75.968
25.728
81.256
154.508
75.872
81.016
81.016
159.304
81.28
25.892
154.28
75.728
26.216
159.532
26.268
81.484
24.772
82.304
159.448
25.728
75.816
82.704
81.016
37.204
75.728
81.016
25.204
37.016
103.004
24.692
81.38
76.004
154.016
102.728
82.304
24.44
82.304
25.728
159.304
75.816
24.592
81.016
154.016
24.904
75.728
81.292
24.58
82.416
32.004
81.016
76.104
75.78
102.728
81.116
75.728
81.292
104.216
81.28
159.568
37.156
25.992
24.544
25.968
159.304
24.592
24.58
37.204
104.016
81.404
75.728
81.08
37.016
26.004
81.016
154.016
102.728
102.728
76.268
81.128
102.728
75.728
25.728
81.128
37.016
75.728
25.916
37.192
82.304
81.58
75.992
24.868
82.58
37.756
75.728
25.916
103.268
104.204
154.292
26.18
102.932
26.268
32.256
76.044
159.304
26.184
75.992
102.728
25.004
81.38
82.404
24.956
26.28
37.016
154.068
24.704
26.256
81.392
82.332
75.956
37.016
81.404
37.016
75.728
82.304
81.016
75.992
104.48
26.168
81.016
26.156
37.204
82.844
81.292
154.532
81.28
154.22
103.256
104.292
81.344
25.232
26.268
104.556
31.728
81.016
31.728
81.016
76.392
37.016
102.728
24.44
37.328
75.728
81.416
75.728
25.004
81.692
102.98
81.068
75.728
102.956
154.016
81.016
24.604
24.592
82.58
159.58
75.968
24.868
26.756
37.756
75.992
103.444
102.728
82.304
75.992
102.728
31.88
159.304
26.004
102.728
26.004
24.44
76.568
81.016
37.204
81.292
24.692
104.016
24.68
104.016
26.004
81.104
154.58
76.568
159.304
76.556
25.844
102.728
76.832
159.716
37.304
81.544
81.532
81.22
31.728
25.728
81.016
104.016
159.304
81.292
75.728
37.18
24.44
25.728
31.728
75.816
37.432
37.016
25.004
82.304
81.104
81.092
82.304
37.28
75.992
24.968
81.356
25.244
76.004
25.232
82.304
26.244
24.584
81.016
26.208
37.204
26.196
82.584
75.728
82.304
154.292
24.44
26.18
75.98
25.868
81.016
154.556
26.144
159.304
76.832
159.304
24.904
81.016
25.892
31.728
82.416
81.016
81.016
26.004
159.304
25.98
81.292
103.18
75.728
81.28
103.004
81.092
25.28
104.016
81.068
103.556
81.08
104.016
75.944
26.132
24.904
76.22
76.208
76.484
82.472
24.644
76.16
159.332
32.048
81.32
82.736
25.208
26.924
25.196
105.212
32.3
159.568
31.728
25.728
102.728
154.016
76.004
31.892
24.44
154.58
37.328
25.868
76.256
75.944
37.036
82.416
82.304
75.992
24.704
159.304
104.016
24.716
76.104
81.104
37.016
31.728
24.704
26.016
24.44
104.304
82.38
102.728
159.856
75.728
24.844
154.016
76.004
26.192
81.016
82.304
154.292
159.304
31.728
37.016
104.016
24.904
82.304
159.304
75.728
24.44
25.728
81.016
104.016
24.656
25.98
154.368
81.02
82.332
104.52
37.204
26.496
37.016
26.184
24.704
31.872
25.86
81.016
75.992
104.18
82.304
102.728
81.116
37.016
75.728
81.016
104.516
76.004
24.44
75.728
104.016
37.016
82.404
154.092
81.016
26.58
159.304
104.016
75.728
24.44
24.44
25.892
24.44
75.728
75.728
81.016
154.304
81.016
81.016
154.016
24.704
82.304
82.304
81.016
104.016
24.904
82.404
37.204
24.892
81.28
25.168
26.18
37.204
103.492
81.28
81.268
26.508
81.016
75.728
81.016
81.016
25.412
103.1
159.788
104.724
103.376
75.912
24.764
32.1
81.752
159.52
26.376
159.508
154.164
102.904
154.016
81.292
104.204
24.868
82.304
81.256
31.728
24.844
104.168
154.016
81.016
25.728
37.016
81.104
25.728
76.116
82.704
32.292
76.68
159.58
32.268
24.868
154.056
76.044
26.232
26.22
154.608
81.292
102.728
81.116
37.016
104.016
32.004
81.016
24.604
154.292
37.016
24.44
24.44
81.232
154.016
76.004
37.016
25.728
81.016
31.728
81.016
31.728
75.816
159.592
25.728
81.28
26.004
75.728
25.916
75.98
24.44
82.568
81.128
75.956
81.292
102.88
31.728
24.868
76.116
24.692
75.992
25.728
104.016
25.728
25.728
104.016
26.004
25.728
81.016
81.016
31.728
25.728
102.728
76.116
159.304
154.268
75.956
24.98
81.016
26.28
76.196
31.784
81.016
31.772
102.728
159.304
104.28
81.292
76.068
31.728
24.44
26.016
81.428
82.38
102.728
31.968
81.508
24.716
81.748
159.436
81.016
82.392
81.016
82.304
159.604
75.992
26.48
81.016
76.268
24.892
25.892
31.88
104.192
102.728
82.568
81.016
104.016
102.728
37.016
25.004
81.392
75.728
24.968
104.28
37.016
82.668
24.704
81.392
25.944
154.332
76.32
82.608
154.296
82.304
37.016
25.892
81.104
154.58
81.092
159.38
102.728
24.44
76.716
26.004
82.392
76.68
81.016
76.668
24.904
154.712
37.016
82.4
104.016
104.016
75.804
159.532
76.116
82.404
32.292
104.28
37.016
31.968
159.992
82.304
159.968
75.992
82.58
25.868
31.856
37.288
82.544
154.016
104.204
37.016
25.892
154.016
31.904
25.892
76.58
25.728
81.28
25.728
82.416
154.704
37.144
76.508
24.716
75.896
159.404
24.692
81.68
104.016
103.268
32.004
102.956
154.016
81.016
24.904
76.004
159.592
24.68
154.116
81.244
37.132
104.256
81.808
75.728
104.216
102.728
81.116
154.116
76.104
76.092
24.656
26.28
81.044
82.668
24.932
26.256
37.22
154.344
81.016
104.832
26.82
82.304
37.016
26.004
104.28
159.304
24.44
31.728
37.028
75.816
81.368
75.992
81.28
75.728
159.304
25.728
102.728
25.728
81.116
82.304
25.728
104.016
81.092
24.44
76.004
31.88
154.016
104.504
154.016
76.004
75.992
104.016
81.016
76.404
102.904
31.992
37.192
31.728
102.728
82.304
159.58
75.992
24.568
75.728
24.44
81.128
154.292
104.016
31.728
31.904
24.716
37.016
24.704
104.016
31.728
154.116
81.292
104.304
102.728
76.392
81.016
159.304
103.192
24.968
81.356
82.368
159.304
31.728
37.016
154.116
104.304
76.392
154.08
31.968
26.004
37.28
81.368
37.556
104.016
102.728
25.728
104.304
82.392
81.016
154.016
31.892
76.28
25.728
104.016
76.104
81.28
37.016
154.016
81.016
76.004
81.128
37.016
25.728
25.728
154.116
104.016
154.104
81.292
102.728
75.728
75.728
24.692
81.08
102.728
82.404
82.392
81.104
75.78
24.44
81.128
75.728
31.916
81.104
82.604
37.292
81.38
37.268
26.004
75.728
26.516
102.728
25.728
81.016
24.992
102.728
104.292
154.292
24.692
154.568
104.156
24.668
26.144
75.932
24.932
37.22
81.28
82.308
103.736
104.772
81.824
159.304
25.492
81.176
75.728
37.364
105.116
26.252
76.004
26.24
105.092
81.728
81.716
75.992
81.016
104.316
26.304
24.44
75.792
26.28
26.268
24.44
104.256
82.416
26.004
75.792
37.204
102.892
81.58
159.868
25.728
24.856
24.44
81.016
75.728
24.604
26.216
82.304
75.728
82.316
32.204
37.016
24.956
75.728
81.016
25.932
81.016
24.904
104.196
159.304
81.292
26.172
75.96
24.812
81.2
75.728
24.788
75.728
81.476
103.364
25.34
25.328
154.016
159.304
82.904
102.728
75.728
159.304
102.968
26.004
81.016
154.016
104.504
75.992
26.48
75.968
76.004
159.304
104.016
81.016
104.292
103.244
25.98
25.232
25.968
81.02
75.728
24.896
81.016
103.204
154.016
24.592
24.44
25.868
102.728
75.728
159.58
25.728
102.728
76.004
24.716
104.016
81.016
154.104
81.016
81.016
31.892
104.18
102.904
75.968
154.256
82.304
31.892
26.18
159.304
82.568
31.856
102.92
26.744
81.016
26.732
76.22
37.192
75.908
24.58
104.996
81.568
104.192
102.728
81.416
154.016
24.44
102.728
24.716
81.016
81.016
81.104
102.992
75.728
37.204
81.292
31.892
81.28
76.004
25.956
25.92
81.28
76.308
82.304
81.292
75.992
159.58
26.18
37.168
26.168
102.856
25.856
159.544
75.992
31.728
159.304
81.292
75.944
104.432
159.304
32.12
82.808
76.496
24.608
26.384
81.296
104.672
24.584
76.76
26.048
32.036
77.324
26.312
26
82.304
81.404
104.016
102.992
25.728
159.808
159.784
81.772
75.728
160.612
82.3
25.956
82.344
154.032
82.62
31.908
81.116
75.996
159.928
103.216
104.016
37.504
32.004
160.492
26.292
31.992
76.08
81.016
102.728
104.016
75.728
81.016
75.728
25.728
81.016
75.816
24.604
75.804
24.44
25.728
24.44
102.728
24.716
154.016
81.404
76.004
24.692
81.68
76.268
76.544
154.208
81.016
26.28
76.368
81.016
31.728
102.904
81.016
32.012
81.016
76.4
37.18
76.064
159.868
31.952
102.728
25.94
160.016
154.928
37.42
81.208
82.404
154.292
24.44
81.136
81.124
104.292
159.412
25.728
31.728
25.728
81.604
37.192
81.58
25.728
76.416
81.016
81.016
102.728
104.016
104.492
81.292
75.98
159.544
81.532
75.992
104.18
154.568
159.496
75.956
81.484
32.144
102.772
76.232
37.06
75.92
24.748
75.908
82.404
154.28
104.016
76.404
81.292
76.52
104.016
104.292
81.016
75.78
75.728
159.304
25.892
154.292
25.728
37.016
81.704
25.728
81.016
154.116
25.728
81.292
76.116
81.28
81.268
31.856
26.144
154.532
154.208
37.016
104.016
102.728
82.404
76.092
81.568
24.856
81.844
81.232
81.292
81.104
154.568
102.992
26.156
81.38
76.544
104.432
159.52
26.42
81.184
37.072
104.832
104.084
31.728
154.416
105.204
26.012
81.5
27.036
81.568
81.808
76.104
76.092
37.016
82.38
24.44
154.668
104.856
154.044
81.392
75.992
81.08
75.728
25.728
159.304
102.892
25.728
25.728
24.692
102.98
154.016
102.968
26.004
37.256
159.644
76.004
81.032
154.016
24.44
81.428
31.728
81.292
75.804
31.728
81.016
75.816
24.44
81.016
24.604
25.728
81.016
24.604
104.016
81.292
31.88
81.256
76.256
37.144
76.244
24.832
26.168
159.82
26.156
25.108
31.728
24.44
25.728
25.728
81.016
159.304
75.816
81.292
25.728
159.58
104.016
159.856
154.016
81.016
104.204
81.016
159.304
103.192
24.716
31.728
81.104
81.016
82.58
81.016
75.728
159.304
26.216
24.892
104.204
37.18
31.892
81.568
75.98
81.016
81.016
25.88
154.268
82.304
37.192
81.28
81.868
81.556
25.18
81.016
24.904
104.192
82.58
154.016
103.144
82.604
104.192
103.42
104.18
81.016
26.168
75.956
81.292
82.544
81.016
75.932
26.72
75.908
81.016
26.996
102.904
26.984
81.016
154.472
37.016
27.26
24.704
75.848
81.692
75.836
24.98
37.268
76.004
75.992
102.728
81.116
104.016
25.004
104.016
81.092
76.004
25.728
24.592
24.44
82.304
25.892
31.916
76.268
81.268
154.016
24.556
81.544
75.728
24.532
24.52
82.416
81.016
75.804
81.604
81.292
81.016
75.728
81.016
81.292
82.304
37.48
75.992
159.568
104.016
32.004
104.016
25.728
159.304
37.192
76.268
24.44
76.544
76.82
24.44
82.508
81.128
102.728
77.36
81.416
25.728
81.404
155.312
25.728
104.016
81.28
155.864
24.716
25.728
159.844
104.016
82.096
82.372
24.76
82.304
37.348
82.304
160.636
75.992
81.016
104.18
82.504
103.792
82.304
160.876
26.492
81.064
37.552
75.992
26.14
83.428
82.816
81.904
31.728
81.016
104.772
26.76
104.016
26.004
75.792
104.58
81.016
25.968
24.44
82.356
24.44
25.728
24.44
24.44
37.028
82.416
24.44
31.728
81.128
154.116
25.728
81.016
25.728
37.204
25.892
31.728
154.116
102.728
104.016
24.98
37.016
26.004
82.392
31.98
75.804
25.728
37.016
26.004
82.304
81.016
154.016
24.44
31.728
24.44
26.016
24.44
24.44
81.128
81.116
37.28
75.992
81.068
75.98
75.968
24.44
82.304
24.44
31.728
102.728
76.116
26.004
154.392
102.992
76.08
81.104
102.992
37.016
31.728
159.304
81.292
82.404
104.016
81.244
37.132
154.208
24.932
24.62
82.304
75.992
32.18
24.44
81.128
81.116
25.728
24.44
76.116
102.728
81.568
31.728
24.556
37.144
154.116
75.804
104.016
81.016
75.728
81.104
25.728
104.016
103.268
82.404
37.016
104.58
25.004
31.968
24.992
81.08
26.244
103.268
26.232
81.104
37.016
154.016
81.248
75.728
81.224
25.916
32.204
26.192
102.728
154.88
81.016
76.868
26.456
81.016
76.544
24.904
154.532
81.016
76.22
102.728
81.116
24.44
25.728
75.816
75.804
75.792
26.004
103.244
104.28
37.232
102.92
104.556
81.308
82.344
81.016
24.44
26.004
81.016
31.992
31.728
81.016
26.016
37.016
24.716
81.016
81.016
81.016
31.88
24.44
25.968
32.256
77.244
155.108
81.016
32.096
24.992
76.772
81.38
81.368
26.004
159.356
104.292
75.728
159.58
75.728
24.716
25.728
37.304
104.016
160.292
26.004
104.016
82.408
31.904
160.372
25.728
24.76
31.728
24.748
37.636
25.728
75.816
37.016
82.704
81.568
82.68
102.728
75.768
26.556
76.044
26.832
26.52
24.44
76.008
102.728
75.996
159.304
75.992
102.728
154.28
24.716
81.016
25.728
154.416
102.728
26.004
159.416
75.792
81.404
104.28
32.268
25.956
154.344
26.232
104.016
37.156
81.244
26.004
81.832
25.12
159.304
159.58
25.88
81.016
104.016
24.716
81.104
37.016
75.992
24.932
81.016
37.204
81.292
82.304
24.716
76.544
104.016
24.44
76.704
82.692
75.78
31.968
81.292
31.728
82.304
37.016
31.728
25.728
24.44
154.016
81.292
81.28
104.016
81.268
37.156
75.728
159.844
154.016
76.004
81.82
24.44
76.004
104.192
82.304
31.892
154.88
104.168
81.016
82.304
31.728
26.016
24.704
31.728
24.44
26.016
76.404
82.692
31.98
81.568
75.728
154.016
37.016
160.004
81.704
82.304
154.016
81.1
24.988
75.992
76.268
82.392
76.98
82.668
81.016
104.556
31.728
104.016
81.016
31.728
81.016
75.728
31.728
31.728
37.192
154.116
26.004
154.092
81.016
76.08
37.016
25.968
76.004
159.304
75.98
24.44
82.304
81.016
75.728
104.216
76.004
154.292
24.592
82.304
81.016
25.892
81.016
31.916
159.304
81.28
31.728
37.016
25.728
24.716
24.692
75.728
81.016
81.016
81.016
81.016
82.304
75.728
104.016
25.728
75.816
81.28
154.016
25.904
24.44
32.192
37.028
104.48
26.468
154.256
102.728
24.716
75.728
81.104
159.304
102.904
75.992
82.304
81.016
154.016
26.204
24.904
81.016
104.016
82.304
24.44
24.44
154.016
31.728
37.168
76.116
24.68
104.016
81.068
154.704
159.356
26.292
37.244
82.38
76.668
32.256
102.728
32.52
82.308
24.44
77.196
81.128
76.584
76.572
37.016
81.016
25.728
102.728
75.816
102.728
82.704
25.992
37.292
81.668
159.956
75.728
24.44
82.328
24.716
25.728
102.728
160.016
81.404
24.992
160.28
159.968
81.356
37.244
159.332
76.004
102.728
25.728
81.016
24.604
75.728
37.192
81.016
24.604
37.492
81.28
76.004
81.268
25.892
37.456
25.728
81.544
31.728
37.432
81.52
81.508
82.304
24.796
104.192
81.184
81.292
81.28
25.468
81.556
104.192
104.044
25.732
37.12
24.508
82.544
81.196
75.728
159.484
31.916
25.904
24.716
154.28
25.868
37.016
76.256
104.444
37.016
81.104
75.728
25.916
25.904
81.016
75.992
159.304
25.192
26.004
75.792
82.68
26.568
159.592
82.356
81.58
24.68
24.668
75.728
81.016
81.016
81.128
103.016
154.016
25.904
32.192
26.18
37.016
159.404
26.004
37.016
24.704
81.016
102.728
25.728
81.116
81.104
159.304
24.44
26.004
25.992
25.728
82.416
24.44
25.728
154.116
81.404
75.804
37.016
82.416
26.004
31.728
24.604
24.44
159.428
82.304
75.728
159.304
82.304
24.592
81.28
31.728
81.016
82.304
75.992
154.016
102.728
159.416
25.004
81.092
104.28
24.68
24.44
81.128
25.992
154.016
102.728
81.104
26.004
76.092
25.98
81.016
76.068
104.556
76.344
26.232
24.568
32.22
25.908
104.196
26.184
102.728
75.992
75.98
37.192
81.28
37.016
104.016
75.804
81.292
24.58
82.304
81.256
104.016
104.016
32.004
81.016
104.016
76.004
26.192
81.08
37.204
26.28
37.016
26.256
37.016
31.944
82.332
104.016
24.98
154.116
81.016
25.504
154.016
103.792
76.004
104.792
25.468
25.76
104.768
75.956
26.772
82.56
82.536
25.388
104.724
82.512
37.016
31.8
26.688
104.976
82.764
104.652
75.84
37.016
81.104
159.692
81.38
104.016
24.668
76.404
81.356
25.892
75.98
154.268
104.156
82.304
24.44
104.016
81.128
154.292
103.016
25.004
82.304
103.292
81.38
103.568
81.356
25.244
102.932
81.02
75.98
32.168
24.872
75.968
75.932
32.12
154.508
26.096
32.684
81.016
82.772
24.904
82.304
104.192
159.304
24.892
81.58
37.468
82.304
24.556
159.844
24.716
75.992
37.304
159.692
154.016
24.44
154.016
102.728
82.072
104.016
102.76
82.348
82.336
25.728
81.424
37.612
81.4
81.988
25.728
159.304
82.304
25.728
81.016
25.728
102.992
75.728
37.28
25.916
25.268
32.204
81.356
76.292
159.644
25.204
82.304
75.992
26.48
24.572
82.304
24.56
25.872
81.016
81.016
24.904
154.016
37.48
154.58
81.568
24.856
81.544
25.944
24.44
75.728
81.016
81.016
24.604
81.292
37.192
154.016
81.58
25.728
104.016
81.404
24.44
25.728
24.44
82.416
159.728
75.804
26.292
76.08
102.728
76.004
82.592
24.44
26.18
76.568
24.44
25.728
81.128
31.728
102.728
26.016
159.416
37.304
76.004
26.004
154.092
25.98
81.016
154.016
154.292
159.58
25.88
104.168
32.156
24.992
154.844
32.132
102.728
26.42
81.404
102.992
154.292
81.104
76.28
25.868
82.404
76.692
31.728
81.292
154.784
81.016
82.472
25.728
102.728
77.016
81.716
76.704
37.016
104.292
159.304
24.592
76.376
81.58
26.264
32.252
24.44
26.54
154.928
25.916
155.204
102.728
76.292
102.728
82.304
31.892
24.44
37.328
102.904
75.728
82.316
81.016
76.004
160.24
75.992
81.928
31.728
37.18
104.016
81.104
31.728
76.116
159.304
82.404
24.592
76.392
76.172
81.016
25.728
81.016
31.728
104.016
24.58
31.728
25.892
104.18
81.556
24.704
81.496
26.004
81.484
81.472
75.816
24.44
102.728
81.404
75.816
24.692
24.716
154.016
24.44
24.44
104.016
24.716
75.804
37.016
102.728
82.416
81.116
159.404
37.016
37.016
25.004
26.292
76.004
37.016
159.304
154.244
81.016
104.732
26.42
82.304
81.016
75.836
159.304
81.28
154.28
75.968
159.544
104.456
82.304
81.508
75.992
81.184
81.172
31.728
24.44
26.016
31.728
81.016
31.728
159.304
24.592
82.304
81.58
24.868
81.244
24.668
26.004
81.196
81.016
81.016
81.016
24.716
102.728
31.728
37.016
37.016
24.956
81.044
75.992
25.968
76.004
75.728
26.508
81.016
31.728
154.016
26.792
81.164
25.8
81.152
31.788
103.004
26.064
24.692
75.728
159.304
24.956
24.944
75.728
24.932
154.304
31.728
81.292
104.508
159.58
75.996
82.584
26.148
81.292
26.124
82.304
75.992
102.728
82.304
37.204
82.404
81.104
76.092
24.692
82.38
81.38
25.728
81.016
76.292
154.016
75.728
31.728
81.016
75.728
24.904
81.016
24.604
32.192
75.728
81.016
159.304
31.728
103.192
37.48
25.168
154.016
25.156
31.904
104.168
31.856
24.716
82.844
104.732
37.204
82.52
81.292
75.908
154.016
37.204
24.44
75.968
25.728
154.716
81.016
24.604
76.208
104.096
24.44
154.484
81.128
25.772
81.016
76.136
31.728
31.728
24.716
24.44
81.428
104.016
81.128
37.316
103.004
75.728
159.992
25.728
25.28
81.968
154.292
103.856
82.58
81.644
76.268
38.132
81.92
81.908
76.232
38.096
76.22
25.184
82.304
25.892
154.28
37.016
154.016
159.304
75.728
81.292
25.916
82.304
81.568
25.892
81.544
154.016
102.832
25.904
24.82
25.892
76.28
31.868
154.856
24.44
75.728
26.216
102.728
154.304
81.292
75.992
81.28
81.128
159.416
25.004
75.728
25.916
81.292
102.88
82.392
81.016
81.016
75.992
75.968
104.016
37.016
75.728
104.216
104.204
31.728
37.016
82.304
154.292
76.28
159.304
82.868
154.856
102.728
105.044
159.568
77.132
32.72
155.108
26.696
104.984
81.016
32.672
26.36
32.048
81.016
77.036
159.304
82.724
37.192
155.612
24.58
77.6
24.568
81.256
154.988
102.728
32.228
159.82
76.604
24.508
26.192
160.096
32.78
81.784
154.868
159.772
76.856
81.016
37.324
81.7
82.304
37.588
25.728
37.864
154.716
81.652
82.404
159.94
25.728
37.828
75.816
24.916
26.004
159.904
104.292
31.98
24.44
31.728
26.316
81.016
81.484
37.072
160.06
82.048
25.728
81.736
25.728
81.4
24.988
154.016
25.904
159.304
82.304
102.992
75.728
81.08
26.216
102.728
25.992
37.016
75.992
81.104
24.44
154.016
81.016
26.204
37.204
104.192
75.98
24.716
32.168
31.892
24.44
81.428
104.292
31.728
81.016
154.016
31.728
159.304
26.016
26.004
82.304
102.728
24.704
81.092
159.68
75.728
37.168
24.44
104.016
75.816
81.104
37.016
24.704
81.392
102.728
81.116
82.404
102.728
102.98
37.016
75.816
81.092
75.728
24.44
81.28
31.728
24.44
75.728
154.016
37.016
24.44
81.128
26.004
81.016
25.728
37.016
75.816
24.44
37.028
104.016
154.104
159.304
81.016
76.004
104.492
24.44
154.016
75.728
82.416
102.968
104.304
75.728
37.016
26.516
25.004
76.004
81.392
26.492
81.38
32.18
154.868
24.44
105.056
37.028
26.744
76.532
159.304
76.22
24.44
104.016
32.004
82.692
76.38
81.016
26.268
159.304
102.892
75.728
81.28
25.168
25.728
24.44
75.728
37.456
25.916
24.44
104.016
81.128
31.916
154.016
25.728
104.016
154.104
104.28
37.204
81.292
104.556
26.544
81.016
26.532
31.92
81.016
76.008
75.996
81.016
82.584
105.372
26.76
25.712
75.948
81.5
27.036
81.488
75.924
104.276
81.164
25.952
103.64
76.004
37.328
81.716
154.292
81.016
25.728
37.016
75.728
81.016
102.904
24.892
37.18
82.304
75.728
37.016
82.304
159.304
26.192
26.18
154.268
76.256
159.856
25.844
104.132
81.016
26.12
24.904
104.108
32.096
159.304
25.98
154.016
26.504
159.304
102.728
76.116
24.716
25.728
31.904
24.44
75.98
81.428
159.416
81.116
154.016
81.104
24.704
25.728
82.416
37.192
75.98
37.016
82.38
24.704
26.256
81.016
159.304
37.18
104.208
24.868
75.728
81.016
81.016
24.716
82.536
102.992
104.016
81.292
75.728
25.18
25.168
75.98
24.716
24.44
81.128
37.016
75.728
75.728
25.728
81.016
82.304
25.892
154.016
24.44
81.128
82.304
81.292
24.88
159.868
82.304
102.904
75.728
82.304
75.992
154.28
76.268
104.756
104.744
37.016
82.304
25.728
25.728
24.44
76.416
82.304
25.892
154.58
82.304
37.18
75.992
104.18
154.016
81.016
82.304
81.292
159.58
24.44
25.728
25.728
82.304
154.292
31.88
81.016
24.904
82.304
25.892
25.88
31.868
31.856
37.016
26.268
159.304
82.304
102.892
104.192
24.88
76.116
104.304
24.68
32.292
37.268
26.28
76.668
31.728
31.728
81.292
26.016
102.88
77.004
37.168
26.292
155.58
102.728
159.416
159.404
82.304
25.292
155.492
81.38
26.18
25.268
155.168
32.156
37.016
82.844
32.432
81.68
25.728
154.316
76.304
102.728
82.316
75.728
82.36
76.004
25.892
37.016
75.728
24.704
104.216
82.292
82.564
154.016
160.552
31.904
81.04
82.828
31.728
24.716
82.304
81.016
25.204
76.004
159.304
75.992
81.056
31.728
26.316
154.704
102.728
26.592
104.88
25.728
25.728
24.716
31.728
154.416
102.728
75.728
81.692
81.68
154.016
102.968
154.28
82.304
75.944
81.016
154.232
103.204
82.52
25.192
81.28
25.168
76.184
37.156
76.172
81.244
76.16
75.728
81.292
31.88
82.568
76.556
81.556
104.444
76.832
24.44
81.128
24.716
25.728
81.484
154.304
102.728
31.728
37.204
81.28
25.728
37.016
82.304
102.728
104.192
81.116
37.304
75.728
81.016
82.304
24.44
81.016
159.304
81.28
31.728
81.292
82.304
104.192
154.28
82.304
75.728
37.016
25.004
24.992
25.728
102.728
104.268
81.104
25.728
102.992
31.728
81.38
25.728
75.816
24.44
24.44
81.016
25.204
31.868
81.08
82.556
159.368
104.444
81.356
159.344
25.98
25.728
159.304
154.232
25.728
159.58
159.568
76.004
37.016
81.104
81.016
103.204
75.728
81.292
104.016
103.48
103.468
159.58
81.568
75.98
81.016
75.728
82.304
24.944
37.232
104.268
24.62
26.256
159.304
81.292
25.92
37.48
159.868
25.896
159.556
75.984
25.144
154.016
81.832
103.42
154.292
31.88
31.728
25.364
81.152
76.532
103.94
82.52
159.728
76.808
81.716
105.296
37.604
81.392
26.616
25.868
37.256
26.892
81.344
105.18
154.016
24.44
154.016
76.004
24.44
154.016
24.604
81.28
24.568
82.304
25.88
24.904
81.292
25.844
24.904
82.304
75.992
154.22
82.508
76.196
81.016
82.304
102.728
31.728
37.192
24.44
81.128
82.404
75.792
159.304
82.68
81.292
26.568
81.28
32.256
24.868
104.016
25.992
154.08
81.22
25.108
104.256
102.896
25.172
25.908
81.56
154.116
82.572
81.524
103.412
31.904
26.792
154.58
26.768
24.44
37.028
26.688
103.016
83.076
81.104
26.004
81.292
82.304
37.016
76.292
32.18
81.116
76.568
159.304
25.856
103.192
154.244
103.18
104.132
81.016
82.392
24.604
81.292
154.016
24.88
81.016
81.016
82.416
81.016
24.604
81.016
37.204
24.892
31.728
159.88
31.728
104.016
81.068
154.104
103.256
154.292
26.48
104.768
26.232
81.016
37.204
26.208
31.728
24.848
81.536
81.524
25.86
24.812
82.548
31.728
26.016
154.016
104.016
26.004
82.392
81.016
82.304
81.016
75.728
24.968
104.216
82.604
32.192
26.78
102.944
104.768
26.756
81.016
76.244
26.432
24.44
104.72
32.108
81.016
76.496
81.016
81.016
76.268
81.016
103.204
37.492
75.728
81.28
104.216
103.468
154.304
159.856
25.744
81.232
75.728
25.12
81.508
154.016
81.496
104.204
76.292
154.58
104.016
25.18
154.404
31.992
82.68
104.868
81.532
26.856
24.908
26.544
154.332
26.82
104.208
159.304
25.884
76.688
82.376
104.016
159.568
82.404
25.156
25.728
81.38
82.416
24.668
104.304
104.58
81.172
81.448
25.992
103.036
154.52
81.724
76.208
160.012
25
26.004
81.988
25.98
103.532
104.268
160.52
37.508
31.916
82.604
81.916
75.992
27.08
37.016
25.004
160.592
82.456
81.832
81.52
104.016
102.968
76.104
81.484
75.956
81.016
26.144
159.304
76.232
24.892
154.22
81.28
26.408
103.168
26.096
24.856
103.144
76.004
159.304
37.192
37.18
159.304
102.892
81.268
75.968
76.244
154.532
81.016
102.728
75.896
25.784
24.44
102.728
75.836
81.292
82.404
25.992
104.28
24.44
25.728
104.016
154.016
75.992
25.728
24.904
104.016
24.892
82.304
24.932
159.304
24.596
82.308
159.304
31.892
37.016
25.88
24.704
76.268
81.692
32.456
24.98
82.844
81.368
104.432
81.016
154.292
81.292
81.28
102.728
81.116
104.016
76.404
154.496
75.884
159.304
75.872
81.292
104.06
81.28
26.048
103.168
24.44
82.304
154.016
24.44
75.728
81.544
25.916
24.44
25.728
31.728
31.728
159.424
75.804
25.992
102.728
25.728
81.38
76.116
81.368
26.004
82.392
104.58
81.28
26.244
81.016
104.532
25.92
81.104
26.196
81.104
26.192
26.148
82.536
82.304
159.556
75.728
25.728
76.004
82.592
24.716
104.016
26.004
159.304
104.016
81.292
76.404
24.88
82.392
81.568
104.58
82.668
154.172
31.76
159.304
25.728
154.116
26.004
102.728
24.716
24.704
154.28
24.44
154.016
25.98
159.808
24.496
75.728
82.304
31.892
37.036
25.728
37.016
102.728
82.304
31.728
154.116
26.004
37.156
154.392
26.28
81.292
81.268
81.256
25.728
159.304
25.728
154.716
76.704
37.016
154.016
81.016
81.016
81.392
25.728
81.016
75.816
81.904
82.704
76.092
26.58
81.292
37.18
104.492
37.016
82.304
82.304
81.292
81.292
75.728
81.28
25.468
24.88
25.156
81.244
26.18
37.132
82.556
81.016
75.728
103.204
31.916
37.192
31.728
24.572
26.48
24.56
76.268
82.856
105.344
27.332
24.716
154.82
24.704
76.808
159.392
37.016
103.204
26.004
24.98
76.092
81.292
82.304
81.292
24.44
26.232
24.44
24.44
76.116
81.728
81.416
81.404
31.728
24.692
81.68
103.268
81.356
154.016
31.904
25.992
81.016
81.016
154.016
104.204
24.44
81.128
37.016
159.692
24.98
24.44
75.728
81.016
26.216
31.904
37.016
82.592
81.104
76.28
102.728
81.116
81.392
103.58
26.292
37.016
154.208
81.016
82.496
81.016
81.016
31.772
26.06
104.016
76.404
104.016
24.716
82.404
103.004
25.992
31.98
81.568
25.456
81.544
37.132
75.728
81.22
82.616
37.408
32.204
25.096
32.192
82.384
105.08
25.372
81.76
81.448
24.736
104.016
81.016
26.004
37.016
31.992
31.98
26.268
25.956
24.608
104.244
37.196
25.932
82.32
82.308
24.44
81.128
31.728
37.016
24.704
81.992
26.004
81.016
102.728
104.016
81.416
154.104
25.004
159.692
24.68
81.068
81.056
25.992
103.544
159.632
103.22
75.98
75.968
37.016
31.832
26.42
75.728
81.016
104.016
104.016
32.004
76.092
159.304
24.892
31.728
25.728
24.716
104.016
25.728
81.244
154.292
159.532
75.98
37.108
75.956
75.728
102.728
25.728
159.416
37.304
75.728
81.692
24.44
81.128
81.116
81.016
24.604
159.304
154.016
76.004
81.016
24.44
154.016
24.44
24.44
75.992
37.204
24.592
31.844
102.728
76.532
159.304
25.728
24.892
159.304
31.728
76.716
159.58
82.38
102.728
154.016
31.728
81.292
25.728
102.88
31.728
24.868
26.016
159.856
76.104
81.844
160.132
76.38
24.82
37.408
81.092
37.28
103.268
81.392
25.992
37.016
26.268
31.728
103.004
159.404
31.728
159.404
25.98
37.28
159.544
159.532
75.728
81.22
81.208
26.268
25.396
159.784
102.772
104.792
24.76
81.016
81.016
154.292
32.18
102.728
75.944
81.416
31.832
25.004
81.092
154.016
159.38
25.904
81.368
75.992
102.956
31.88
82.568
25.892
102.904
75.728
81.016
159.304
82.304
37.192
37.456
75.992
81.844
102.832
24.52
26.004
24.716
31.728
75.816
75.804
102.728
154.092
24.716
31.728
104.316
102.728
104.304
154.692
81.016
154.016
159.304
82.404
24.892
25.728
76.116
102.728
159.416
159.404
25.992
37.292
25.728
81.016
81.016
31.904
75.992
31.88
37.192
24.58
159.568
81.128
25.728
81.116
25.004
25.728
24.44
25.728
37.016
25.004
25.728
81.692
37.28
104.016
81.016
37.204
82.304
154.292
26.48
104.016
76.404
37.016
76.092
82.38
37.016
82.368
81.104
154.016
24.44
24.44
25.728
37.016
81.104
24.44
75.728
75.728
159.484
81.472
24.76
25.728
26.004
81.016
25.968
25.956
104.22
37.016
103.004
75.728
24.992
159.68
31.728
24.968
81.656
81.344
31.728
81.332
75.816
32.004
81.116
26.292
26.28
103.292
104.016
81.016
154.016
26.504
37.016
26.268
24.44
75.728
24.44
25.916
81.128
82.604
104.192
24.44
25.728
24.44
24.44
102.728
75.992
81.016
81.292
76.004
25.892
37.204
159.592
24.58
24.44
31.728
24.44
82.416
81.016
24.716
24.704
104.016
81.016
32.004
24.604
104.292
81.292
154.392
159.304
154.38
102.728
24.44
102.728
81.716
102.992
81.08
159.368
75.728
81.356
26.216
103.244
26.204
102.932
154.016
102.92
26.556
104.844
159.404
81.392
159.844
24.832
81.82
24.44
81.728
24.716
37.604
103.292
75.728
24.604
82.304
82.304
159.304
82.304
26.192
81.016
81.016
82.304
25.892
24.716
75.728
24.704
26.216
159.392
154.304
82.892
26.18
159.304
25.728
154.416
159.58
104.304
102.728
102.904
24.892
82.304
24.556
24.544
82.568
81.016
104.456
24.904
81.292
37.18
31.728
24.604
81.016
154.292
82.304
81.016
24.604
37.492
81.58
82.304
159.304
75.992
24.892
24.88
76.292
82.58
76.268
81.016
25.968
102.992
154.116
81.568
75.804
81.244
26.268
81.292
75.804
159.304
37.192
26.004
81.016
81.016
81.016
154.016
24.604
26.204
81.016
75.98
37.016
37.016
25.728
25.728
81.016
37.016
24.704
81.392
159.38
31.728
81.116
37.016
104.016
24.704
154.016
104.204
76.292
75.98
24.44
81.232
76.28
102.82
81.508
75.956
25.096
81.484
24.772
81.016
75.728
81.016
82.304
37.016
25.892
24.44
75.728
82.616
104.204
81.232
25.98
25.12
81.508
25.396
75.728
81.484
82.32
81.016
104.184
104.172
24.44
81.128
25.992
24.716
37.604
24.692
24.44
37.028
154.016
24.704
24.692
25.992
37.016
104.016
81.104
32.004
24.692
26.292
25.968
154.232
82.304
25.892
31.88
24.44
76.568
76.256
81.016
104.444
81.016
154.016
76.004
31.728
24.592
81.28
37.168
82.304
25.892
26.156
81.016
25.992
82.38
31.968
25.956
76.044
76.032
81.08
82.62
24.668
104.208
24.656
26.196
26.184
81.104
75.728
159.392
154.016
75.992
81.016
81.016
154.016
159.304
25.904
25.728
159.304
24.592
37.016
26.004
24.44
24.44
25.728
37.192
75.728
31.728
24.44
31.728
26.016
81.016
154.104
102.728
81.116
81.128
25.728
81.116
25.728
81.292
104.304
75.792
26.28
37.016
104.268
154.056
24.668
82.344
24.44
25.968
104.016
31.728
81.016
25.204
81.016
154.016
26.504
31.892
26.48
154.568
81.292
154.016
31.904
75.98
159.304
159.304
75.728
81.292
82.304
159.404
24.992
81.68
154.016
81.668
82.304
24.656
81.344
103.232
159.392
102.98
82.392
26.004
81.58
25.992
81.256
81.244
26.256
25.728
102.728
25.892
24.716
81.292
31.916
81.28
81.268
159.556
25.992
103.744
25.732
25.42
31.728
37.408
82.416
81.292
81.016
159.304
26.796
37.016
75.984
159.304
81.292
37.18
26.436
81.016
25.824
81.292
154.268
82.556
24.692
76.244
81.38
104.132
81.016
26.12
104.408
103.004
81.092
24.68
76.004
26.004
81.016
81.292
81.28
75.728
104.216
82.604
159.532
25.728
26.004
104.016
76.292
31.88
82.568
81.016
26.156
26.144
24.904
31.832
102.892
82.304
24.692
82.304
159.304
25.956
24.592
159.304
102.892
37.48
24.44
26.004
76.004
24.44
102.728
75.728
75.728
75.728
82.616
102.728
81.016
76.268
82.556
31.844
75.728
102.728
104.268
159.304
102.992
26.004
75.792
25.728
25.728
159.568
24.44
31.728
75.816
37.204
37.016
154.016
81.104
104.016
102.728
25.728
159.416
75.816
25.004
81.392
82.304
75.992
26.28
154.016
154.016
24.604
25.728
24.592
24.58
81.268
82.304
159.556
37.204
76.004
103.204
154.292
24.968
154.556
82.544
75.932
24.62
26.42
81.308
76.208
24.596
82.304
37.484
160.172
75.816
81.86
37.748
81.116
31.98
24.704
25.968
76.056
159.304
25.944
81.592
104.232
25.48
154.02
25.468
104.28
154.28
26.532
104.52
154.016
24.884
37.016
31.728
76.116
159.392
26.604
159.38
31.728
24.668
81.356
24.644
81.032
159.62
81.308
75.728
24.896
81.284
102.728
24.716
154.808
159.304
76.448
154.112
37.204
75.728
26.216
76.004
159.568
82.592
81.556
32.18
26.468
104.456
81.82
81.772
24.46
75.728
160.348
82.336
82.304
37.024
75.992
154.016
75.728
31.728
26.016
25.728
26.004
159.304
102.728
75.728
24.716
154.016
37.016
82.304
81.016
76.292
24.904
82.392
31.98
159.404
26.568
24.692
76.656
102.728
32.244
81.116
154.932
81.104
104.82
37.292
32.508
103.28
25.268
104.016
37.556
75.804
81.016
26.268
75.756
37.016
24.44
25.728
81.428
25.728
24.716
75.816
26.004
24.704
81.692
104.016
76.004
154.292
104.18
76.268
102.88
104.456
76.244
32.132
82.82
24.904
27.008
24.892
26.996
76.484
104.672
24.904
32.06
81.292
82.748
81.016
76.436
24.604
82.424
75.728
104.016
82.304
102.728
75.728
81.016
31.916
76.004
75.728
81.092
81.08
104.492
25.568
26.48
31.868
81.016
104.756
159.304
75.728
102.892
102.88
37.016
31.728
159.304
31.916
104.016
25.728
81.016
154.016
104.204
81.016
25.728
103.004
76.116
159.392
82.704
81.08
31.992
154.38
81.016
75.944
81.016
31.832
102.904
24.892
32.108
104.192
32.48
37.016
32.468
24.704
37.016
159.304
102.892
154.416
81.08
24.668
76.232
26.12
159.808
76.508
102.796
26.396
81.784
24.772
31.728
76.116
24.44
154.404
26.292
24.44
82.38
102.728
75.768
37.016
31.728
31.728
104.016
81.532
102.728
104.016
159.796
25.728
81.184
37.372
82.36
24.748
104.016
75.804
159.68
154.016
24.44
81.016
154.016
24.892
104.016
159.58
37.168
104.192
104.468
26.156
25.844
24.704
154.232
81.092
26.12
154.016
75.728
81.292
82.304
24.584
159.304
25.908
25.896
37.016
159.304
31.904
81.016
81.292
102.88
76.004
24.868
26.192
81.016
25.204
103.492
75.98
37.48
75.968
81.016
25.204
159.304
104.532
37.016
75.728
24.44
159.428
25.728
24.716
82.304
24.44
154.256
25.844
159.304
104.016
25.992
25.728
76.004
31.728
26.016
82.404
81.292
24.88
24.568
25.728
81.532
75.728
26.268
26.256
82.304
26.22
81.292
103.48
103.168
81.856
26.46
75.992
81.016
102.904
159.304
76.004
102.728
159.716
81.104
81.016
81.016
75.728
37.016
81.292
104.016
24.44
75.728
104.216
24.44
75.728
81.556
159.832
25.728
75.816
37.016
104.292
24.944
104.28
81.032
82.304
25.208
154.016
37.196
81.284
159.872
104.808
81.56
159.304
81.292
32.004
24.44
81.128
81.016
75.944
24.904
37.192
103.18
104.304
24.868
81.292
24.58
81.268
24.44
25.728
81.128
37.016
81.404
31.728
81.256
24.716
25.728
102.728
31.728
81.268
26.004
81.256
75.792
81.244
102.832
81.22
81.292
26.004
37.18
24.592
81.016
81.016
82.304
26.192
37.016
103.004
81.404
154.016
37.292
104.204
32.192
26.004
25.992
154.68
76.668
81.016
25.956
37.204
76.644
104.532
81.292
37.18
75.884
24.848
25.884
154.572
102.728
104.46
76.848
159.304
83.136
155.124
27.012
81.58
102.868
37.756
32.192
25.144
25.728
82.132
25.42
25.108
154.292
82.396
103.084
82.372
37.66
76.544
25.048
37.336
81.124
104.016
81.112
76.104
81.1
81.088
82.304
81.076
102.964
31.916
81.352
25.24
31.728
37.828
160.216
81.304
76.004
24.592
104.492
82.304
159.568
81.116
75.728
25.728
37.016
104.016
24.704
24.44
25.728
81.016
31.728
37.016
104.016
26.004
104.292
154.292
24.44
76.244
159.304
76.232
102.892
154.208
81.016
24.904
31.772
102.904
24.892
81.28
159.404
82.304
24.992
154.412
37.58
75.8
159.368
81.356
104.456
24.716
26.132
81.704
31.82
37.016
31.808
75.896
24.44
81.116
25.728
159.484
25.728
81.472
76.116
82.416
102.728
160.316
160.304
154.016
26.004
25.992
82.38
81.016
102.904
25.728
75.816
24.88
24.604
159.304
82.58
24.592
159.58
82.304
24.868
37.456
154.016
159.844
81.532
154.016
159.52
82.604
24.508
76.292
81.016
75.884
81.016
76.004
81.016
154.016
25.904
104.192
104.016
159.556
159.544
81.532
102.728
25.728
81.116
160.004
82.304
24.44
159.428
31.728
81.016
24.716
75.728
104.216
104.016
32.004
81.016
25.728
81.016
104.016
24.44
75.728
31.916
81.016
75.816
102.904
32.004
25.992
159.304
24.592
104.016
37.016
82.416
81.016
76.104
24.692
25.992
25.98
102.968
26.004
154.404
37.016
104.268
102.728
154.656
26.244
159.68
24.704
75.728
104.016
81.016
26.004
31.992
81.268
104.556
26.244
104.532
24.44
37.028
81.716
81.404
75.728
102.992
81.68
25.728
76.116
24.98
154.292
82.304
103.52
104.556
103.796
24.884
24.848
82.56
26.148
81.016
26.124
103.192
26.1
26.192
159.304
75.98
37.016
104.34
82.428
26.616
24.604
82.704
102.892
26.292
24.58
76.08
82.368
81.568
81.016
81.016
37.204
25.892
154.016
26.204
104.28
81.016
75.728
24.44
81.016
102.904
154.016
81.256
31.728
75.968
104.456
32.144
102.728
154.532
26.42
81.016
81.292
104.292
31.728
81.016
31.728
75.728
159.568
25.728
24.68
76.004
82.304
31.892
26.48
81.016
24.44
25.728
102.728
24.716
25.204
81.292
76.004
102.728
82.304
81.016
154.016
76.004
75.992
75.98
25.728
81.016
37.204
26.004
81.128
31.992
154.38
81.016
26.268
102.992
76.056
81.08
25.944
24.968
76.332
159.356
75.728
31.916
81.016
104.244
154.332
26.22
104.016
82.304
81.092
25.892
75.98
26.168
37.18
82.556
81.016
75.728
81.016
37.204
104.016
81.292
81.28
24.868
26.004
159.856
104.292
81.016
31.728
102.904
102.728
81.116
154.016
76.292
102.904
81.016
154.016
82.304
25.88
24.704
37.016
31.728
159.304
103.192
81.58
82.304
26.192
37.192
104.268
81.016
25.956
76.344
82.332
37.192
82.32
25.908
159.304
104.016
26.004
81.28
76.092
26.28
104.016
104.016
159.304
81.292
25.728
24.58
37.468
81.556
159.568
31.832
154.82
76.796
24.716
81.508
104.016
81.196
159.484
104.016
81.172
102.728
25.968
76.088
81.292
31.976
81.28
25.964
159.568
24.556
25.728
81.832
81.128
82.316
25.728
25.728
159.436
25.728
75.816
159.7
26.004
25.992
81.016
81.64
24.928
104.016
37.516
76.404
103.504
81.592
25.18
81.568
25.932
76.02
82.308
104.016
159.304
26.004
25.256
104.292
81.344
82.38
81.332
159.62
104.556
81.608
75.744
24.596
26.82
81.016
76.008
24.604
75.996
75.984
81.016
24.604
159.592
154.016
24.44
102.728
75.992
102.728
81.292
75.728
159.304
26.004
37.192
102.728
81.016
81.016
154.292
37.016
82.304
37.192
102.88
31.892
81.268
24.604
24.44
37.028
82.304
24.716
81.292
31.728
104.016
81.016
159.304
31.892
24.592
37.016
24.704
159.304
81.292
75.728
81.28
81.016
25.728
81.292
24.88
31.728
24.44
104.192
154.28
81.292
25.868
76.116
159.568
81.256
154.392
37.144
76.38
75.768
81.016
31.728
102.904
104.016
31.728
24.716
24.704
102.728
31.916
81.016
104.204
159.404
31.728
24.68
104.016
37.268
26.004
37.292
104.292
81.016
25.196
81.104
104.508
26.496
81.016
82.572
104.46
82.848
75.936
81.016
26.724
159.304
31.812
159.304
75.728
81.292
82.316
24.58
25.892
25.88
159.304
25.868
159.58
82.304
81.256
25.892
81.016
25.88
104.168
81.016
26.156
31.916
25.904
82.592
102.728
104.18
75.992
31.868
102.728
81.416
102.992
102.98
81.068
82.404
159.356
25.992
159.304
81.32
154.016
82.904
81.016
26.192
82.88
104.468
102.728
24.716
75.728
81.268
104.216
24.716
37.304
31.892
75.98
104.168
32.156
76.544
76.232
37.016
26.42
103.192
76.508
104.096
25.468
82.304
26.192
82.568
103.208
75.956
82.844
27.032
159.304
37.192
76.28
82.868
154.856
102.728
27.344
26.432
25.82
24.44
102.728
25.992
24.716
75.86
159.404
81.092
25.28
37.016
75.992
103.244
104.48
103.208
26.244
26.52
26.508
160.12
24.848
104.484
81.536
75.972
37.124
26.46
160.112
104.448
37.4
24.488
26.1
159.304
81.292
25.728
75.816
81.016
159.304
37.016
24.44
81.016
81.016
154.016
25.904
81.016
104.016
159.304
154.104
37.016
81.104
82.304
154.292
24.44
104.48
102.728
26.168
81.016
31.728
103.204
81.292
25.48
81.016
31.728
103.804
154.016
24.44
26.52
159.428
82.308
24.904
81.016
82.304
81.016
75.992
24.904
82.58
81.016
75.728
81.016
31.728
24.604
81.292
75.728
102.728
103.004
26.004
31.992
76.38
82.38
25.728
24.704
26.004
75.98
102.728
81.116
104.016
103.004
76.404
24.992
82.692
102.98
154.98
37.016
26.568
77.256
81.016
24.44
26.004
82.392
82.38
25.728
81.016
154.116
102.728
24.44
75.728
159.544
24.44
31.728
81.128
75.728
25.916
81.016
32.204
76.292
82.88
159.304
32.468
104.456
102.728
25.728
24.704
24.44
24.44
26.004
31.992
159.568
81.292
159.58
159.304
75.816
81.292
37.18
75.728
81.016
37.204
75.992
31.88
25.728
82.416
82.304
25.892
104.016
37.016
81.104
104.292
154.68
37.016
82.668
76.956
26.844
154.932
24.44
25.92
76.46
24.704
25.748
32.036
24.68
102.968
31.728
81.056
76.004
81.292
37.016
154.116
102.728
160.108
25.728
76.268
103.256
26.156
76.544
81.76
82.832
32.12
26.708
81.116
81.016
25.728
104.016
81.016
37.016
76.124
103.004
24.992
75.728
104.016
75.728
24.44
24.716
25.728
81.016
81.904
102.728
81.4
82.304
75.992
25.728
75.816
82.304
154.292
159.304
82.58
24.592
81.28
24.44
31.728
37.028
76.116
81.116
25.728
25.728
76.716
102.728
76.196
159.304
81.292
24.88
103.168
24.556
81.244
75.728
81.232
31.916
37.42
37.408
26.004
81.556
159.844
75.728
160.096
76.004
75.728
159.304
82.304
103.192
75.992
81.016
82.304
159.304
154.292
75.992
82.58
32.168
81.016
31.844
75.728
102.728
37.18
81.268
154.016
37.204
75.728
102.728
82.304
159.556
81.544
104.016
75.728
81.016
154.016
154.016
76.004
75.98
159.304
82.304
75.992
102.728
81.104
159.392
81.016
82.404
159.304
82.38
104.016
104.016
81.016
75.728
75.728
81.016
81.292
159.58
102.868
81.556
81.544
102.832
159.52
81.016
82.304
159.304
102.728
81.016
75.728
104.216
159.304
81.016
81.292
75.728
81.568
82.316
159.304
76.256
159.304
102.892
81.58
159.568
81.532
81.22
81.208
82.304
154.016
81.28
159.568
81.016
154.016
81.292
75.992
81.016
81.016
82.304
154.016
82.304
75.728
81.016
75.728
82.316
154.016
104.016
81.016
82.404
154.092
154.016
82.304
102.904
82.304
81.292
159.58
81.268
82.304
81.016
154.016
104.016
75.728
159.304
81.016
102.728
81.292
102.88
154.016
102.728
159.304
82.304
81.016
81.016
154.016
104.016
102.728
102.728
104.016
154.016
159.304
104.016
159.304
102.728
104.016
159.304
104.016
104.016
154.016
154.016
154.016
159.304
159.304
159.304
159.304
159.304
159.304
159.304
154.016
154.016
159.304
159.304
154.016
154.016
159.304
159.304
154.016
159.304
159.304
