24.528
25.904
24.68
24.768
25.12
26.144
26.184
25.904
24.632
26.168
26.008
24.44
26.096
25.984
24.44
25.96
24.704
31.728
26.016
37.016
32.104
24.768
24.944
26.144
26.32
24.44
24.44
31.728
24.616
25.816
24.656
25.832
32.12
25.728
32.016
37.104
24.592
37.28
32.384
24.44
24.528
31.728
25.728
24.704
24.44
31.728
31.816
25.728
24.528
37.216
24.44
31.728
37.104
37.368
26.056
24.496
26.032
37.584
24.472
26.008
24.44
32.096
25.816
25.728
24.592
32.216
37.28
25.816
37.016
37.104
25.768
24.616
37.104
24.592
37.08
24.616
24.504
24.592
31.816
24.504
24.592
25.728
37.016
25.816
24.44
24.504
75.816
75.728
26.016
76.104
76.192
26.08
37.016
32.368
24.704
26.056
25.728
37.192
76.416
76.296
81.016
25.728
81.016
75.992
25.88
24.616
76.168
81.368
75.832
81.456
82.72
26.408
26.496
81.52
25.784
81.208
25.872
24.616
81.016
37.104
25.728
81.192
75.904
31.816
81.368
26.304
24.656
76.192
81.544
83.08
81.032
26.368
25.728
24.528
82.616
81.016
81.16
75.904
24.648
24.568
31.816
24.656
25.904
37.344
81.032
25.768
81.12
24.44
75.728
26.216
81.28
37.168
81.016
25.728
81.016
75.88
81.504
25.816
32.104
37.104
76.192
75.92
24.968
26.008
32.096
81.544
26.384
81.432
32.472
76.56
24.44
32.248
25.936
81.56
76.024
81.016
75.728
24.704
31.816
37.592
24.88
82.936
37.968
25.256
82.144
31.856
81.632
75.896
24.44
25.728
75.816
81.016
82.704
76.192
25.192
75.728
25.28
82.616
76.104
104.792
25.344
76.48
105.168
82.304
81.232
81.12
82.72
37.208
82.808
25.096
81.384
25.472
82.52
81.36
32.104
75.792
82.424
75.912
27
26.688
102.728
26.376
76.064
76.152
81.192
76.24
81.08
37.208
102.896
81.016
32.512
76.8
81.016
81.104
25.816
76.704
32.192
25.904
37.208
32.192
26.28
104.168
75.728
81.56
26.016
37.448
25.904
81.936
76.192
81.824
25.112
38
81.776
37.864
75.728
81.152
104.816
75.904
104.408
75.992
104.184
81.472
81.568
81.256
81.744
75.824
26.632
75.912
26.32
37.408
37.296
105.184
81.872
75.816
37.36
75.904
37.448
26.864
26.016
26.104
26.84
81.192
75.928
105.416
26.568
37.448
31.904
81.536
75.792
81.424
27.208
105.744
105.296
37.192
28.408
28.872
81.016
82.304
28.736
105.576
26.752
75.816
81.616
82.528
27.48
76.016
81.368
106.904
27.856
76.192
27.544
28.68
27.632
83.568
76.456
106.744
107.208
82.896
81.256
107.584
81.144
82.872
28.032
82.568
28.12
28.856
106.008
27.696
81.184
75.992
82.68
27.952
31.968
37.64
27.928
31.728
81.416
75.816
31.904
28.392
82.328
81.28
75.816
28.856
75.904
81.016
81.016
30.056
29.008
75.944
81.296
107.984
37.672
108.608
81.76
81.648
29.536
28.912
81.016
31.728
108.616
30.304
32.192
76.28
30.592
81.28
108.68
81.016
75.968
29.192
109.056
29.28
108.744
76.08
29.656
108.968
29.744
29.92
108.008
81.192
30.28
31.12
81.568
37.104
81.024
30.936
109.224
81.576
109.6
81.28
31.288
30.768
31.376
81.456
30.744
30.704
31.928
81.368
82.504
81.456
76.192
81.144
32.08
81.832
110.368
32.144
82.52
81.016
76.408
32.296
82.584
82.304
81.512
76.76
81.6
76.848
81.088
109.976
110.312
82.064
81.152
31.24
154.688
30.928
76.064
32.952
76.24
159.944
31.728
31.632
82.52
82.392
160.096
31.728
110.384
37.472
82.36
75.728
82.248
33.416
32.536
75.904
37.424
159.912
81.424
82.36
32.512
31.848
32.4
34.336
32.088
112.624
76.312
34.6
81.304
159.592
75.728
32.28
111.816
75.728
76.104
33.304
32.792
81.272
76.68
109.56
83.168
81.248
155.456
159.336
33.544
83.432
33.92
156.008
37.016
81.536
109.96
82.448
110.136
31.088
81.976
32.6
159.664
32.488
31.352
32.376
81.04
156.664
83.552
82.232
83.24
30.12
77.352
82.408
108.696
155.48
82.784
31.568
81.272
78.056
82.16
82.248
31.256
37.936
78.144
30.024
31.632
161.712
156.52
81.6
31.208
30.488
31.296
82.976
83.064
81.952
30.64
78.424
82.328
31.912
37.552
78.6
108.664
78.288
37.352
77.976
82.304
108.928
37.016
109.84
81.016
30.504
37.104
31.816
30.992
31.728
30.68
81.568
162.456
31.344
84.632
78.896
83.488
79.072
30.976
82.96
82.848
32.736
83.44
32.424
37.328
37.256
31.04
157.664
83.528
32.752
79.44
79.328
81.104
83.808
32.216
81.296
157.904
30.392
110.192
37.08
84.248
109.992
162.736
80.32
29.824
84.512
30.2
84.088
109.096
109.472
30.424
109.648
30.4
31.728
30.776
80.288
84.592
110.176
163.256
80.44
82.528
110.192
80.416
163.68
32.504
32.392
31.656
80.88
32.768
32.032
82.856
37.52
159.144
85.608
33.432
163.896
112.32
85.784
32.872
81.584
112.072
159.048
81.192
112.336
33.88
82.424
33.768
31.912
81.456
34.8
34.208
33.696
82.832
33.584
31.92
32.392
35.808
35.696
81.104
32.792
111.28
81.368
37.256
33.344
87.032
81.52
81.208
82.096
33.696
33.88
165.064
81.848
86.752
165.24
113.08
81.528
31.968
82.456
82.344
165.392
35.832
35.72
81.272
114.008
83.096
34.416
36.384
87.904
114.672
165.992
166.08
160.904
87.568
31.992
34.056
82.88
34.144
34.88
165.632
32.568
87.52
161.456
87.408
112.496
32.52
165.384
83.608
113.896
87.4
81.288
35.496
33.824
87.512
37.2
162.424
87.488
113.624
166.176
161.888
35.176
113.376
166.856
113.464
83.752
83.44
88.72
32.128
34.608
82.816
88.984
34.672
161.256
167.36
31.944
34.848
35.944
34.984
35.072
32.072
81.648
36.36
37.136
35.624
88.912
32.168
88.168
114.376
81.52
114.208
166.92
32.896
113.168
81.984
166.056
33.272
112.944
160.56
88.232
82.648
81.72
87.608
159.632
112.696
31.92
87.984
34.472
32.096
165.288
82.48
31.968
82.856
86.744
31.944
86.632
114.632
114.12
83.12
38.008
36.608
114.296
115.096
87.184
82.184
114.472
37.272
82.16
160.36
83.448
32.336
37.824
82.312
34.968
37.6
165.256
115.088
36.776
37.072
81.664
81.16
86.848
165.136
114.944
35.224
36.432
87.112
160.096
87.2
36.584
114.672
86.552
82.56
82.224
81.288
82.4
115.088
87.392
161.376
87.28
37.264
86.968
82.392
81.104
82.304
165.792
114.28
82.104
81.568
35.456
82.08
37.016
165.904
81.408
159.232
166.096
36.72
36.184
36.608
35.872
115.096
81.76
36.984
88.048
34.736
166.552
81.04
82.848
88.128
35.416
160.2
88.104
37.792
37.88
81.368
114.88
87.056
114.968
81.016
114.856
114.944
86.408
36.72
37.496
86.384
31.728
31.816
37.52
162.032
36.12
87.024
114.608
87.112
36.496
83.784
81.192
36.872
115.16
84.248
165.84
87.528
114.576
32.2
36.976
115.952
88.592
31.816
88.696
37.88
116.232
116.968
81.32
38.256
84.344
167.824
82.832
37.312
38.52
167.8
163.208
116.088
84.696
163.584
37.456
83.272
90.344
85.36
116.432
83.448
167.816
81.104
82.6
81.016
89.904
39.176
167.256
164.064
116.544
85.552
38.432
164.44
38.52
32.104
82.592
85.88
117.656
37.72
31.944
39.432
39.232
81.16
39.096
37.248
85.784
115.936
164.272
115.624
38.56
37.312
91
31.728
37.488
90.904
84.888
36.352
37.368
85.352
90.256
116.64
38.528
81.016
85.816
168.904
85.904
37.192
38.192
36.68
91.368
36.656
82.304
37.344
36.832
116.08
168.936
36.824
90.912
82.544
81.4
31.728
37.336
37.872
37.024
164.56
37.512
116.448
90.728
82.536
115.632
38.712
168.992
37.68
91.568
82.832
91.256
91.144
82.808
86.296
81.392
86.184
164.672
38.368
169.456
117.392
91.544
86.68
39.032
39.568
117.496
91.984
39.672
85.296
37.36
31.728
92.048
37.736
81.424
40.56
170.912
40.448
38.4
82.536
93.088
86.224
39.776
40.712
92.464
31.8
91.648
82.688
170.136
86.776
38.824
118.264
91.912
40.152
39.84
90.92
169.408
86.192
116.456
38.632
86.568
116.784
82.656
165.344
37.192
39.584
38.68
164.672
117.112
86.536
39.2
86.624
91.488
118.024
91.704
87.112
81.392
32.432
165.52
169.968
40.608
170.056
118.896
87.584
87.472
119.56
37.368
119.448
82.736
87.224
41.312
40.768
82.304
40.856
91.744
82.48
82.032
41.968
165.056
81.608
86.984
118.048
42.12
87.208
40.024
87.096
92.712
118.6
40.688
164.512
171.176
41.4
118.864
86.688
92.552
83.176
92.44
81.928
39.816
119.952
39.904
165.04
38.992
83.328
39.08
86.08
39.544
118.768
164.456
81.12
118.944
81.096
91.584
40.92
118.872
81.56
82.496
86.584
41.96
41.168
37.056
41.144
82.48
165.368
42.656
81.264
87.344
170.552
166.032
169.84
42.92
41.328
32.008
91.416
120.696
119.704
87.784
41.792
43.272
88.16
169.896
43.448
37.384
167.368
167.344
91.648
43.232
169.936
43.32
170.024
91.912
167.896
41.96
120.136
167.76
81.224
167.648
171.616
89
120.864
37.552
82.568
172.44
82.656
81.528
89.544
38.016
43.632
42.104
88.928
120.392
120.816
31.904
41.768
93.856
89.168
93.872
121.656
41.76
43.144
37.448
167.832
41.096
82.52
172.584
32.408
94.072
43.896
90.184
32.672
172.976
83.56
119.824
90.048
122.536
173.24
89.824
94.528
121.312
41.616
167
37.104
43.288
81.016
31.976
42.664
165.928
41.592
82.416
42.904
88.192
81.016
87.68
166.168
120.52
120.896
165.72
87.608
81.272
43.496
42.56
93.576
43.672
42.424
88.36
172.312
37.8
43.936
88.4
166.688
44.464
121.504
43.192
122.728
122.256
171.344
167.768
82.568
82.456
122.608
45.032
81.104
90.52
124.208
90.696
44.648
82.984
94.064
94.44
169.024
94.216
44.904
45.512
172.792
168.4
94.48
89.952
37.344
82.352
173.432
123.72
46.328
173.608
90.216
46.096
46.704
46.792
124.144
37.032
82.568
81.72
46.608
47.344
46.696
82.184
89.608
96.272
89.696
125.56
82.248
47.936
90.216
82.024
82.4
82.936
95.216
90.224
48.912
32.2
95.08
49.288
94.768
83.176
126.056
127.464
95.144
90.752
48.632
82.648
95.32
91.136
48.608
95.096
48.784
169.568
126.872
48.92
169.744
37.208
32.032
173.992
50.032
127.28
92.096
49.36
49.448
92.072
169.96
37.104
81.112
31.792
81.104
174.792
128.712
81.016
96.504
31.84
96.944
50.992
32.104
51.192
49.656
32.28
82.768
81.168
51.856
51.944
50.008
82.632
96.896
91.296
51.584
50.784
169.76
128.56
92.048
81.048
169.936
95.536
83.224
129.088
51.56
31.848
95.304
92.176
130.464
37.368
31.752
174.056
52.44
95.744
52.528
51.592
130.816
37.08
81.368
130.656
175.144
92.968
93.032
130.496
53.52
53.408
37.112
82.496
131.896
93.36
53.848
131.112
93.736
54.024
93.312
54
81.016
32.288
98.104
172.376
94.264
98.168
82.552
53.392
53.48
54.192
82.392
176.008
98.296
53.984
176.472
37.36
99.048
55.256
81.536
32.144
98.624
92.832
55.32
132.072
172.008
32.896
53.848
32.584
37.664
171.072
54.352
92.736
178.04
37.128
53.816
176.304
93.088
53.392
98.28
55.488
53.768
170.952
81.656
81.144
37.432
31.904
53.768
93.28
133.368
133.456
171.744
97.696
55.832
53.584
81.272
82.304
53.472
98.288
81.016
38.104
81.392
172.104
133.192
98.128
172.28
81.216
31.968
98.104
32.104
132.352
55.392
98.64
55.48
172.968
37.056
32.256
81.016
55.544
98.904
95.432
177.192
55.52
81.68
95.008
99.168
95.096
99.056
173.184
134.272
55.12
134.368
37.208
31.856
37.296
56.232
95.52
81.28
31.728
177.568
56.016
96.104
99.68
32.392
54.568
56.68
81.056
96.368
82.856
132.688
133.944
178.576
96.632
81.464
96.12
37.952
96.208
174.584
100.144
56.472
54.432
32.36
135.048
54.68
175.136
81.368
55.624
133.056
32.144
54.832
82.632
133.32
32.52
97.208
101.28
179.568
56.232
133.656
31.728
133.144
38.032
82.696
81.32
98.16
132.808
179.896
37.384
55.448
176.736
98.624
102.248
177.112
53.736
55.8
37.624
32.288
55.976
99.328
133.08
82.304
54.456
134.392
31.88
81.232
55.968
181.52
55.856
132.696
178.12
56.008
178.296
81.104
32.184
100.472
32.36
104.064
32.048
104.152
101.136
54.84
104.528
183.016
55.304
134.112
32
182.88
179.488
54.416
55.752
105.304
54.592
54.48
132.368
100.568
179.456
81.016
54.856
106.112
54.8
106.488
82.304
55.792
31.904
106.352
106.24
32.08
106.328
101.768
106.216
184.392
102.216
55.28
56.576
55.416
134.952
81.304
32.44
134.192
181.128
106.48
103.016
134.568
32.72
185.256
184.872
106.76
81.448
82.656
185.336
181.544
135.424
58.032
57.512
181.92
58.408
83.096
37.016
32.784
57.304
136.672
31.76
134.912
82.648
56.8
104.336
135.288
59.424
104.112
137.6
107.92
83.288
56.808
104.576
81.496
183.264
186.984
58.552
135.072
104.44
37.96
58.328
134.88
183.016
56.968
182.904
37.456
57.792
109.144
136.08
183.568
187.248
58.456
32.944
57.096
136.32
183.208
58.696
37.104
32.584
57.392
82.784
81.88
32.536
135.568
188.056
135.944
58.032
37.08
136.768
104.664
110.256
82.952
83.152
59.928
58.88
83.416
110.568
105.304
59.256
60.592
110.944
83.88
59.032
32.368
110.72
60.656
81.808
32.744
111.096
105.032
59.184
183.32
189.272
139.408
59.56
139.096
189.448
58.736
32.16
111.424
60.248
38.512
104.936
183.424
58.08
183.312
81.368
110.256
59.312
110.344
82.48
58.832
81.32
183.952
59.008
138.04
81.696
58.48
109.768
188.256
58.944
81.232
105.856
110.32
184.344
137.408
31.728
110.696
59.984
60.072
184.184
37.912
105.96
110.664
106.048
31.736
31.912
110.704
58.312
110.592
57.48
110.968
136.976
135.416
58.952
81.504
81.88
190.168
37.256
81.944
58.88
59.056
31.744
106.032
110.912
105.92
184.608
57.856
82.496
110.944
58.584
111.032
32.272
37.12
82.76
111.128
110.616
137.424
110.704
32.112
59.8
57.152
137.688
32.176
81.016
59.664
57.504
137.352
105.848
56.744
37.232
111.92
57.008
105.432
105.808
189.112
82.696
135.4
105.984
57.488
105.88
37.376
189.464
58.272
57.952
105.96
189.84
105.832
110.728
82.52
37.416
59.208
190.104
106.096
59.184
135.592
106.272
190.08
57.568
31.816
135.856
82.504
106.192
137.28
135.08
32.768
189.168
185.056
31.816
37.28
56.52
82.48
189.408
57.768
189.232
183.656
57.072
31.984
135.248
31.816
135.512
105.968
81.28
82.744
185.232
111.856
82.52
58.752
188.632
185.44
57.72
106.728
110.608
83.216
81.296
59.504
110.784
59.592
81.472
107.48
189.56
137.768
58.848
32.456
110.936
185.744
189.824
82.68
189.912
108.368
58.6
190.288
58.776
112.064
136.552
59.56
190.64
136.928
31.816
136.576
59.704
107.576
58.504
59.864
32.352
137.016
60.24
186.928
33.016
82.904
113.208
58.696
82.544
37.072
60.032
136.96
37.448
108.032
57.496
59.92
37.184
57.872
108.296
108.36
83.248
32.136
81.264
109.024
137.224
108.912
58.752
137.64
59.728
32.016
113.344
81.232
113.72
60.016
59.904
113.56
187.544
138.944
82.632
114.112
187.72
81.6
82.608
138.896
60.272
59.624
109.96
32.448
109.936
60.824
59.776
137.552
37.24
109.664
59.616
109.84
114.504
60.528
114.72
60.728
32.216
138.168
82.704
110.192
139.48
114.76
110.568
60.048
61.856
37.536
61.544
110.432
82.52
81.272
115.16
109.384
60.048
60.872
37.536
139.36
60.024
109.848
115.712
61.136
188.424
60.624
115.304
186.912
81.192
61
109.088
37.368
32.376
109.464
59.216
193.904
186.328
115.592
60.616
59.28
108.504
60.992
60.48
114.76
108.568
186.856
59.608
82.744
37.224
60.432
193.512
108.92
59
139.208
114.088
109.296
81.576
61.384
187.472
137.024
109.136
137
60.224
109.712
58.464
58.552
113.656
186.816
113.72
60.104
138.592
108.08
191.984
138.768
59.032
59.656
81.32
108.344
138.632
114.336
186.52
60.408
81.144
108.384
59.336
59.224
192.24
60.32
59.528
137.616
192.304
31.888
58.592
60.776
113.48
187.464
191.856
60.064
191.632
138.328
32.016
113.696
60.304
81.384
109.192
138.48
37.96
58.048
60.256
58.136
107.944
108.032
136.384
82.92
58.472
83.008
58.16
186.496
114.048
32.384
192.664
108.872
59.96
113.84
186.624
59.712
108.6
138.288
136.952
32.264
192.28
192.168
137.864
58.856
108.952
191.744
81.232
58.72
31.728
108.816
59.144
187.104
109.192
113.848
113.136
187.368
82.72
60.072
37.488
113.776
192.464
60.512
114.4
61.536
138.488
81.04
139.328
61.216
139.504
187.928
37.392
62.616
32.104
114.744
109.792
81.632
115.12
139.808
62.968
115.296
32.056
193.584
63.272
83.032
63.16
82.848
109.296
193.536
139.648
32.072
63.96
37.016
82.648
64.136
114.84
109.424
62.488
31.912
109.4
115.104
109.488
81.352
82.776
109.952
115.056
81.544
141.352
188.44
193.32
31.928
62.208
64.416
115.096
32.304
63.992
37.272
189.48
110.968
62.72
64.456
193.008
64.344
114.496
63.632
63.184
110.12
81.672
82.608
110.496
142.784
189.472
193.152
83.16
81.24
111.048
111.136
143.424
83.312
143
111.688
81.104
111.776
194.056
64.264
63.144
143.352
115.832
83.24
63.52
64.28
194.008
194.096
189.28
141.984
63.872
64.48
63.76
63.608
141.896
63.784
142.072
194.688
65.448
65.224
188.912
64.464
110.6
37.168
65.376
189.264
64.616
116.632
194.72
144.128
37.208
143.896
116.584
144.272
110.056
81.56
82.544
66.048
65.936
116.224
189.008
145.312
82
82.808
110.696
66.048
37.464
32.048
115.952
146.536
66.2
146.024
194.488
188.712
66.176
32.2
37.864
83.488
194.952
110.376
194.44
146.264
81.528
68.152
65.416
111.04
67.328
65.792
67.416
65.88
110.304
67.792
66.256
82.592
31.816
115.56
66.048
82.656
37.536
32.08
66.424
67.168
115.712
83.256
66.6
110.344
144.688
188.832
66.776
83.92
110.808
115.352
67.696
188.816
66.088
146.024
144.576
145.912
66.464
145.4
66.728
81.104
145.84
115.592
82.328
194.28
110.016
81.016
115.904
66.992
66.68
115.448
187.72
37.016
146.408
67.16
31.896
146.584
68.072
67.912
68
82.536
193.688
147.224
67.976
69.112
68.064
110.176
115.28
109.664
69.552
115.656
32.84
110.328
115.632
82.816
68.12
115.608
146.896
37.184
147.392
31.88
82.368
37.08
188.92
32.608
81.072
69.696
115.16
189.584
115.248
82.872
37.536
148.76
147.824
148.648
69.312
112.336
70.424
69.288
112.712
115.176
149.4
193.464
112.488
81.552
190.176
115.64
112.464
81.528
71.152
115.616
112.64
81.504
32.128
37.592
70.216
116.08
32.304
37.968
112.992
148.256
149.28
147.944
32.368
116.832
149.456
38.12
71.344
81.408
71.432
195.496
113.92
69.384
82.52
38.072
117.76
113.584
70.672
69.136
190.76
37.552
70.76
117.84
70.648
114.536
32
149.088
32.176
70.864
118.32
192.152
81.208
114.24
37.296
113.528
149.416
148.256
31.728
81.344
118.832
71.168
148.52
149.656
148.632
70.52
191.944
31.832
119.336
149.024
119.4
119.776
149.224
150.56
71.112
192.848
72.336
193.024
81.176
37.264
81.352
71.64
31.864
119.128
72.952
149.816
37.904
114.328
150.192
197.88
193.504
197.472
82.304
118.96
31.992
72.68
197.936
82.768
71.184
72.656
37.272
150.944
149.96
150.696
118.864
31.904
81.352
150.24
82.448
198.128
73.136
37.816
73.024
37.904
115.288
198.68
73.288
81.168
31.976
37.856
73.664
73.544
194.552
120.432
116.04
37.32
73.008
115.992
120.296
73.68
72.584
116.168
198.872
116.256
151.36
37.448
120.824
150.912
199
151.288
199.176
73.784
73.064
37.352
72.6
195.312
199.504
152.712
72.752
195.376
151.04
195.264
72.728
82.752
81.016
117.016
200.808
73.904
195.592
152.68
32.368
149.12
74.256
81.016
200.304
73.632
81.016
150.072
72.136
37.104
117.6
69.552
72.688
82.376
71.864
37.104
196.016
81.392
149.216
117.904
37.016
117.992
81.104
71.48
117.968
196.456
122.136
72.144
122.512
70.52
37.2
117.984
37.176
201.064
82.48
68.952
37.24
82.456
69.328
82.544
69.576
122.992
148.6
82.976
119.44
149.328
37.016
119.816
123.504
83.904
120.192
72.28
150.368
71.232
32.656
70.72
32.144
202.208
150.032
149.096
72.72
70.984
120.208
119.784
71.336
81.024
120.048
202.512
37.4
150.288
31.816
81.376
199.304
124.192
31.992
150.68
119.864
37.016
81.304
32.04
81.432
203.32
72.808
31.816
151.696
73.504
203.584
37.672
120.568
120.744
73.008
152.832
152.52
125.424
199.208
150.912
83.096
152.384
82.872
199.56
74.248
72.312
31.936
203.6
74.224
81.288
32.312
125.704
82.488
121.176
32.064
73.952
73.84
199.328
74.216
150.968
126.256
121.056
31.744
151.208
121.432
204.304
31.816
37.016
126.104
82.584
204.264
82.672
81.152
122.56
74.648
73
74.736
126.488
122.624
37.376
83.112
204.592
33
73.08
75.488
73.168
201.576
204.456
75.064
73.144
74.952
73.192
31.728
200.704
127.392
37.28
127.568
151.544
32.432
122.52
74.008
128.152
37.248
73.736
150.536
32.2
128.024
128.112
73.6
128.104
201.664
123.752
127.68
74.04
32.128
37.192
202.616
81.08
123.904
206.568
73.592
71.656
202.08
73.968
127.672
32.456
149.76
74.144
71.808
32.432
37.096
32.12
81.784
124.408
150.872
32.296
128.56
82.584
37.848
124.672
72.736
124.56
129.224
32.848
37.712
124.536
150.8
152.424
81.488
124.112
72.776
82.304
37.464
123.976
202.664
31.752
128.856
83.04
72.944
203.128
73.032
74.416
72.88
74.216
129.232
31.904
73.12
81.232
124.016
81.208
74.432
32.12
122.408
207.888
74.696
37.176
122.784
74.872
82.96
73.712
75.048
75.136
32.624
122.712
75.2
33.088
201.776
129.192
75.664
72.68
122.152
37.168
122.04
72.656
32.928
207.944
75.016
151.232
121.504
151.32
152.592
129.008
32.28
73.496
121.168
73.384
199.456
151.672
120.744
37.76
152.632
152.048
128.136
120.096
73.824
119.784
128.512
82.584
206.6
198.648
152.936
126.216
73.424
126.456
82.48
81.544
121.368
152.656
151.08
121.744
72.768
121.832
203.856
74.52
81.544
200.008
151.632
122.496
37.52
74.384
73.608
200.272
204.296
82.632
125.584
125.672
73.36
204.448
200.472
82.136
152.56
74.024
82.648
32.136
37.104
72.192
201.312
74.8
201.688
73.176
123.464
123.328
72.592
202.216
128.08
151.904
31.968
71.32
73.056
37.408
123.744
128.096
151.232
81.184
31.728
71.872
124.216
128.76
150.904
37.648
31.992
150.336
128.824
37.712
72.848
72.2
31.936
128.888
123.624
72.176
128.968
151.576
128.832
72.44
71.92
82.368
149.968
123.856
73.344
150.344
124.232
83.12
129.448
124.232
202.32
129.224
123.808
72.608
207.288
31.872
81.576
72.96
129.064
124.248
207.752
207.128
81.416
124.256
73.104
207.792
152
73.48
129.568
124.152
129.256
72.504
74.424
129.592
152.328
151.48
152.416
151.368
124.504
129.472
72.96
123.48
73.208
123.632
81.696
74.12
37.184
152.408
129.872
202.296
83.184
124.472
74.872
72.824
74.56
207.912
82.392
81.8
123.88
73.088
152.968
129.704
202.256
151.392
123.744
151.24
37.192
207.88
73.84
72.992
207.208
31.904
82.592
123.08
129.56
74.768
81.248
123.056
129.736
82.744
208.024
123.232
37.512
74.72
151.008
123.096
149.448
151.384
71.536
37.104
149.792
123.224
129.48
129.168
123.6
129.256
82.688
37.144
71.832
31.864
81.12
82.552
150.408
124.44
72.496
202.528
71.984
124.616
128.272
148.96
37.104
31.816
70.992
124.304
37.48
72.992
32.28
207.048
124.768
71.136
128.624
72.232
70.912
124.32
149.2
72.608
37.688
124.496
71.376
38.064
124.648
207.552
124.736
70.4
82.824
70.288
125.112
72.6
70.752
124.68
32.168
149.328
82.664
202.432
71.08
31.728
31.728
70.904
81.392
31.728
82.304
71.256
81.944
150.368
83.056
72.008
124.544
37.496
123.848
72.384
151.336
82.672
73.224
71.36
124.512
130.848
129.936
202.488
72.024
124.376
71.512
82.664
202.952
33.04
83.328
149.392
125.616
32.904
32.992
203.48
72.368
207.872
124.856
37.424
150.432
124.32
37.8
37.888
150.872
130.416
123.4
73.088
208.392
201.864
73.152
38.256
123.84
32.328
208.632
151.016
37.72
124.304
130.008
32.792
73.08
70.504
82.568
129.792
149.968
70.92
82.304
70.896
129.384
123.008
129.472
72.296
129.36
200.984
200.96
149.624
32.248
32.136
82.424
71.488
123.112
71.576
73
71.264
123.088
129.552
31.776
207.84
149.928
129.816
81.504
72.64
207.992
128.08
81.568
73.192
37.656
72.544
122.768
82.232
73.456
149.92
31.744
123.432
122.52
82.808
128.512
72.696
71.648
150.784
201.872
72.96
37.016
202.248
71.704
123.936
129.392
202.624
72.08
124.312
206.768
83
128.256
124.488
72.144
73.976
128.432
150.864
148.92
82.752
148.192
71.616
148.568
32.104
70.456
206.544
37.032
148.52
128.608
70.896
71.52
149.56
71.648
82.584
31.872
81.024
72.56
149.712
202.848
128.928
83.536
150.824
81.064
31.728
129.352
150.44
202.704
72.528
151.592
37.816
151.48
72.704
31.768
208.192
123.856
72.68
73.616
72.368
32.304
37.192
73.792
150.88
124.08
129.968
123.944
130.056
82.632
73.144
82.52
73.032
122.608
129.72
122.88
129.288
72.576
151.064
129.752
82.432
37.28
32
72.664
123.088
208.152
82.304
37.016
200.952
152.44
72.904
73.84
151.192
31.816
127.68
82.504
72.968
37.28
31.816
127.656
122.504
127.744
152.744
72.432
128.12
200.608
150.872
152.496
128.16
152.184
150.936
31.728
128.424
31.816
81.512
128.4
73.736
73.088
82.176
199.8
81.464
31.888
127.168
151.976
32.064
152.352
122.24
122.768
205.872
31.744
73.008
81.096
82.392
74.28
127.112
127
73.088
72.976
73.064
74.072
37.352
122.16
127.24
74.448
150.728
122.336
206.016
200.424
81.704
82.72
72.392
128.08
206.168
37.656
73.464
127.144
200.992
122.68
72.992
73.768
127.68
201.656
82.744
74.232
71.144
83.12
37.232
32.208
71.52
123.096
71.608
122.784
32.272
205.688
32.232
149.792
122.92
206.08
71.568
123.096
128.256
82.392
37.344
149.832
122.8
72.264
201.288
128.152
82.576
73.064
72.728
122.752
82.64
73.64
71.992
82.928
127.88
127.656
74.104
206.144
122.392
128.032
200.88
151.12
200.032
128.296
72.984
81.672
200.296
128.56
207.048
82.496
72.736
122.36
122.448
83.136
153.224
127.528
201.312
150.816
82.8
206.104
82.888
151.192
74.176
128.08
37.368
72.856
81.744
72.832
123.016
127.52
31.816
123.304
72.456
127.56
122.968
72.648
72.736
31.816
37.224
81.312
152.12
73
31.816
128.488
73.176
128.864
37.152
152.368
73
32.056
151.288
82.344
151.376
32.232
81.264
74.12
151.152
82.608
81.44
32.096
37.168
200.64
31.928
81.192
127.88
32.104
128.192
82.992
128.08
121.88
71.768
74.168
151.256
81.32
73.144
37.208
121.832
206.896
31.816
128.784
82.52
150.072
128.76
151.696
81.648
72.536
73.272
151.024
200.76
127.64
122.824
71.976
82.312
127.664
122.8
150.352
74.088
74.176
72.128
32.264
126.816
82.952
152.04
72.592
73.528
72.968
81.104
152.168
123.656
37.224
72.912
74.68
37.2
202.184
128.288
74.672
74.36
123.848
72.712
202.336
128.6
82.824
82.312
72.592
72.48
124.176
82.392
31.84
128.744
124.016
150.88
82.504
129.368
74.392
32.08
152.368
202.656
129.56
81.248
151.736
152.544
73.224
152.432
129
73.088
129.376
32.104
37.664
74.592
73.352
152.48
38.04
124.368
129.928
32.056
207.616
32.144
73.832
207.592
81.08
152.088
72.968
123.776
81.456
123.864
152.152
72.568
207.92
124.504
37.016
124.392
151.104
74.08
32.368
37.016
82.656
207.704
124.944
72.392
74.432
72.48
125.12
129.768
74.208
37.856
152.696
81.544
81.432
73.52
124.56
73.208
129.696
129.128
82.568
207.616
123.456
81.304
74.744
37.392
152.432
124.12
130.056
72.744
74.04
129.72
32.128
38.008
81.496
123.68
130.384
32.168
38.672
124.056
130.56
74.344
73.248
123.632
130.936
74.52
201.408
74.896
128.6
122.984
72.888
32.072
73.136
73.76
123.248
72.712
74.136
37.016
201.624
129.104
83.312
123.8
123.488
83.976
128.88
153.264
123.952
150.616
153.04
73.928
73.416
37.92
82.504
81.168
151.992
38.256
201.88
72.744
73.768
128.032
202.256
151.12
123.944
72.808
152.032
82.632
123.92
81.272
74.008
37.36
37.448
73.984
37.664
124.672
74.16
32.648
206.528
124.536
74.424
82.912
150.064
74.2
128.752
125.088
73.776
149.728
124.664
71.616
124.752
207.232
73.84
37.12
82.728
129.008
124.016
81.496
201.88
151.568
208.072
82.656
151.16
123.944
37.448
32.232
73.72
82.808
37.112
73.296
208.4
123.984
71.288
83.072
37.576
72.56
72.648
70.912
123.936
149.2
31.824
129.288
202.512
37.376
81.664
31.88
149.952
37.84
72.176
82.328
129.816
124.04
72.704
31.928
207.992
124.216
81.88
83.216
208.168
72.504
81.456
150.992
31.88
72.968
71.92
201.856
72.768
124.056
123.696
149.504
123.384
37.288
82.672
72.96
82.448
207.552
82.68
82.568
150.712
71.064
32
129.352
37.64
72.176
81.328
207.816
71.904
123.328
37.592
72.416
150.08
201.704
71.368
150.704
38.056
37.944
71.232
71.568
81.32
31.856
38.008
82.744
208.096
82.432
70.584
124.72
207.072
71.608
148.16
128.304
202.36
71.16
37.104
149.536
202.424
124.216
129.08
37.168
202.792
70.856
31.88
82.568
71.856
148.992
32.344
208.08
82.832
130.168
124.208
71.432
82.568
72.856
71.408
129.296
71.784
207.872
129.76
37.048
149.536
149.424
37.712
82.656
207.856
202
207.832
71.888
207.92
32.576
71.208
123.864
38.096
150.352
81.984
32.64
129.272
37.36
37.048
129.336
70.024
31.88
72.368
72.256
129.36
148.408
202.032
70.496
82.32
129.584
123.808
70.336
129.224
31.728
81.312
124.024
129.528
81.216
123.888
123.776
128.88
72.264
150.128
72.152
124.04
37.016
202.48
149.904
207.392
151.568
129.48
149.896
71.672
123.896
37.36
72.048
129.536
72.872
150.424
207.712
31.728
72.2
123.824
129.888
150.976
207.664
123.976
129.08
82.976
73.464
73.352
31.84
129.52
82.528
124.016
207.496
32.304
123.592
150.744
73.232
32.032
74.32
72.384
31.968
71.672
73.856
129.36
32.344
37.248
123.632
150.536
202.12
71.224
206.64
73.048
202.136
149.488
123.176
123.04
71.504
72.84
128.992
71.68
37.568
123.08
149.944
31.768
123.456
72.944
37.016
201.008
122.496
206.8
81.488
37.376
73.584
128.864
122.472
82.76
74.248
121.936
128.416
32.024
200.712
74.4
72.528
122.328
72.792
74.016
151.28
128.168
152.104
122.592
72.744
82.68
37.032
122.968
81.32
32.456
32.544
151.096
123.232
127.584
201.32
32.208
150.96
152.296
122.784
37.016
73.104
150.192
72
122.424
127.888
82.712
72.176
31.728
81.44
122.416
72.328
72.416
82.552
128.232
151.44
122.528
72.28
150.768
72.656
82.992
128.272
73.48
199.744
127.936
206.424
31.728
127.688
127.376
82.304
82.304
151.536
37.016
121.424
71.776
121.656
81.368
150.456
37.144
73.152
204.92
72.08
126.968
73.392
82.392
150.432
73.28
126.92
127.008
73.456
72.696
72.584
37.472
205.16
81.848
122.672
73.336
122.76
205.824
73.848
127.712
122.536
73.4
32.224
127.688
82.712
37.976
121.6
206.264
151.552
128.24
121.864
128.128
200.152
73.616
152.352
128.504
121.84
151.592
121.928
128.68
73.368
128.856
128.944
120.968
73.032
73.656
128.92
82.344
199.832
73.92
122.008
122.096
72.848
82.584
126.936
121.872
37.224
152.96
151.112
200.448
122.136
151.088
152.624
81.376
200.512
72.864
205.552
200.616
81.44
122.504
31.792
201.08
37.016
152.64
150.904
126.792
74.416
151.904
73.568
72.208
123.032
205.296
82.52
123.208
74.096
201.984
127.288
201.672
150.576
74.56
37.264
32.848
72.712
201.336
72.8
73.824
123.712
127.856
32.2
151.544
74.088
72.832
82.976
128.32
123.664
37.408
82.752
81.896
123.44
207.984
123.328
73.872
152.816
129.56
123.704
82.648
123.792
129.136
123.88
73.424
32.168
81.912
74.856
37.4
202.744
72.688
124.832
152.232
31.92
72.872
74.208
72.96
124.296
74.184
82.872
72.624
152.96
81.112
82.392
81.016
200.904
150.24
122.68
201.168
152.656
74.544
129.632
32.232
37.12
202.12
72.168
123.608
73.896
207.584
123.784
74.072
123.36
82.304
127.712
73.992
37.016
123.68
127.704
32.272
73.072
37.08
150.912
73.248
151
124.336
202.624
32.312
74
81.016
203.288
37.144
202.776
128.432
124.264
81.12
202.552
73.208
74.192
82.48
128.408
31.768
72.896
124.256
37.584
207.072
202.456
72.96
31.944
128.848
124.232
207.136
152.52
37.224
83.008
74.296
72.992
73.984
124.472
73.368
32.36
81.656
124.648
129.344
82.736
151.832
124.424
129.32
82.912
123.376
73.24
82.92
123.208
83.296
74.984
73.68
123.304
37.768
82.392
74.056
202.08
129.944
74.88
130.032
37.32
151.008
124.032
74.72
151.184
74.12
81.16
128.648
37.336
123.16
72.824
31.848
152.736
123.824
150.888
123.312
152.4
81.016
202.288
123.976
73.04
74.664
72.928
32.752
124.64
124.728
72.792
123.816
123.904
129.408
123.592
207.696
129.584
81.272
207.56
128.848
74.056
81.536
123.704
151.224
123.608
72.872
31.896
31.728
72.736
72.776
81.064
123.944
37.552
128.568
123.928
74.616
37.104
123.904
150.704
74.792
71.856
74.88
73.568
123.856
81.32
82.544
123.832
37.104
129.392
123.88
71.88
72.768
37.368
208.056
82.496
129.744
32.632
129.832
81.12
129.408
124.496
72.696
124.184
72.384
150.872
73.68
150.816
37.104
124.216
37.48
73.616
123.904
37.656
73.792
81.144
73.88
208.032
123.568
130.12
73.656
38.008
123.944
73.096
202.032
130.584
150.872
152.208
72.76
31.896
129.848
202.184
73.136
74.072
38.424
123.96
130.312
72.6
150.888
129.776
37.016
73.488
72.504
72.216
82.304
73.68
37.016
123.968
202.168
123.656
81.104
123.544
129.592
207.4
152.68
32.168
74.456
72.624
74.544
124.432
74.32
81.104
124.408
129.192
74.696
72.48
32.384
124.672
129.08
32.76
81.168
152.848
32.536
153.024
72.192
124.712
74.4
72.368
123.888
37.256
73.976
81.344
32.464
37.632
123.952
72.72
32.64
130.008
202.328
124.216
73.568
73.656
74.072
129.568
31.96
74.248
129.544
81.104
73.624
152.112
74
123.888
72.64
31.976
128.928
202.864
124.352
74.24
72.992
124.528
73.08
203.016
37.368
202.504
129.056
74.392
128.744
202.88
72.832
74.768
129.12
207.008
128.624
207.112
82.52
74.208
73.16
37.048
74.272
124.224
202.2
71.768
151.2
71.64
82.368
129.656
151.544
129.32
124.704
31.992
129.496
202.68
151.48
129.16
207.648
71.736
124.568
150.72
149.872
82.408
71.96
150.248
72.984
129.536
32.672
150.624
73.16
129.712
124.248
129.8
73.288
73.624
130.176
202.312
151.664
82.6
82.352
130.64
124.064
82.128
124.152
82.216
74.152
81.304
37.392
124.104
74.992
129.496
124.28
72.184
74.968
37.472
202.656
207.96
152.944
32.432
203.12
151.008
72.896
124.184
71.848
82.472
129.136
73.36
124.048
81.104
73.136
72.2
37.488
202.512
150.576
73.4
130.264
202.888
38.152
124.176
31.904
81.016
73.392
150.104
82.48
129.192
123.968
207.48
73.656
72.168
124.344
129.456
71.744
73.48
71.832
31.768
129.92
122.856
72.208
73.344
207.696
32.032
81.608
123.192
150.16
123.08
73.168
129.376
32.656
148.624
83.144
70.512
123.632
37.2
82.736
70.488
72.224
31.728
69.752
150.288
128.768
123.776
148.656
128.744
70.432
202.016
148.48
82.504
32.392
206.592
71.68
32.568
81.232
83.056
83.056
207.032
123.92
128.72
70.008
207.408
32.496
81.16
82.784
147.048
32.872
82.56
32.448
68.712
70.336
37.4
202.624
129.288
124.112
129.176
69.064
70.088
81.192
82.376
128.744
201.728
207.232
32.016
129.12
147.608
69.456
123.48
201.568
148.856
69.32
123.744
32.232
69.296
83.12
68.984
124.408
147.472
32.696
71.184
69.448
203.472
37.136
31.76
81.424
124.248
129.312
129
70.488
37.776
71.112
148.664
148.752
124.176
129.84
82.664
129.128
71.216
81.704
82.64
31.88
37.784
71.568
129.872
71.656
129.16
71.544
82.304
81.256
37.144
207.832
201.696
150.184
129.288
124.272
81.136
201.992
150.336
207.416
71.104
72.512
37.592
202.4
129.08
83.088
128.968
151.576
71.056
151.064
129.144
32.752
71.432
82.44
128.92
203.128
71.008
202.616
150.704
71.12
82.592
72.68
124.568
82.856
37.104
124.144
71.592
129.08
72.32
81.368
82.408
81.56
72.784
37.264
32.072
207.752
73.16
207.928
151.536
81.016
73.024
83.112
73.2
71.168
149.456
150.592
123.48
81.104
82.768
71.592
72.856
207.48
123.344
81.768
123.232
150.656
31.92
129.744
123.208
72.632
122.88
130.12
73.008
72.896
130.584
151.92
82.672
129.16
129.248
73.584
82.336
31.872
129.224
73.848
82.512
129.4
73.288
129.576
73
152.064
124.088
73.152
129.24
73.064
81.928
202.152
150.616
31.84
150.304
128.592
72.08
128.568
72.632
72.456
124.12
72.344
83.008
150.032
202.296
81.52
72.608
73.072
72.496
72.584
81.248
129.536
73.4
129.352
73.448
82.424
123.712
207.392
151.4
70.48
123.064
37.368
72.152
81.256
32.24
128.568
31.928
81.016
123.192
206.296
32.28
128.384
71.568
37.472
37.56
122.744
128.848
31.832
128.336
72.32
149.624
31.992
206.6
82.568
123.056
37.104
150.672
150.192
201.76
151.048
128.328
122.736
72.824
37.104
32.512
81.192
151.2
207.28
82.304
72.768
31.992
150.856
73.68
72.744
122.568
151.032
73.856
122.144
82.832
72.984
72.872
37.168
120.768
71.856
74.056
37.544
120.944
150.432
83.432
128.52
73.248
150.608
119.736
81.112
198.184
72.248
120.072
150.824
72.376
198.6
126.68
73.688
152.176
82.48
125.232
120.768
72.92
74.056
203.008
199.144
73.096
121.032
73.184
120.72
125.272
82.808
81.12
120.544
151.208
203.696
72.784
73.72
125.672
120.808
37.56
71.48
37.368
152.272
150.056
120.76
203.744
82.648
81.432
72.936
125.92
199.024
204.408
72.496
150.784
82.568
72.672
121.856
72.592
199.816
73.704
204.008
121.992
152.48
72.144
32.168
32.256
151.944
37.256
73.632
32.72
122.408
72.872
122.496
81.16
73.984
152.872
126.576
123.16
123.048
72.712
74.536
122.624
82.712
127.016
74.6
72.704
31.888
74.088
126.744
32.128
205.032
73.328
82.416
32.104
71.656
73.192
38.144
151.68
150.032
73.368
127.648
122.456
71.936
73.544
72.024
32.032
206.112
200.696
82.584
127.064
151.472
72.552
205.44
151.848
37.528
32.136
73.216
201.224
206.104
152.312
81.992
122.8
206.08
152.488
152.168
32.576
205.656
123.064
152.952
81.016
83.24
37.304
153.128
205.992
122.816
151.68
82.704
151.368
122.992
201.48
72.032
74.368
150.808
72.696
31.728
72.384
82.608
206.144
72.632
123.472
151.224
151.96
127.712
73
124.024
81.488
82.512
37.016
72.504
201.376
74.176
123.064
73.928
152.216
128.304
31.904
206.672
81.32
122.744
207.208
37.696
72.584
123.208
38.072
151.496
72.96
73.496
31.784
72.336
151.872
72.424
201.592
73.88
128.128
123.968
151.016
83.456
71.864
32.344
82.632
72.04
74.12
123.008
74.496
149.992
121.416
81.08
199.904
81.168
199.88
73.368
72.392
122.056
81.48
32.344
206.568
122.232
37.456
122.32
81.344
82.608
122.296
73.456
71.648
206.936
122.36
37.824
72.312
72.848
127.4
127.288
126.976
31.816
72.664
123.504
150.952
72.24
81.128
73.864
123.728
205.832
73.704
82.368
205.872
82.456
123.544
73.032
81.296
73.232
71.984
81.472
128.36
151.296
71.848
123.36
123.448
150.512
73.448
72.088
151.624
123.912
151.688
149.84
207.728
149.816
151.552
73.04
70.992
31.928
81.28
71.368
72.304
128.656
202.192
71.744
32.08
207.232
124.568
81.408
71.184
150.72
129.072
82.608
123.672
81.12
123.16
71.696
207.24
72.448
71.928
123.112
81.416
151.2
129.104
32.288
129.192
123.576
129.28
83.064
149.368
123.552
31.84
70.568
37.856
123.904
129.544
82.592
37.032
124.28
82.968
32.256
71.056
81.672
31.744
37.016
149.832
71.32
82.072
124.008
150.096
82.448
82.336
149.872
207.224
37.04
71.448
123.912
37.216
72.112
151.2
202.488
151.376
150.952
207.232
82.44
123.528
72.016
70.568
150.504
37.256
71.392
71.48
37.016
149.968
207.704
31.856
129.536
201.544
37.224
82.632
129.112
201.296
72.184
72.272
70.456
82.56
70.544
82.48
70.512
72.368
207.6
31.856
128.688
83.144
148.976
71.528
128.616
81.504
81.592
72.728
72.28
32.216
37.016
124.304
81.704
73.192
128.648
151.056
123.52
128.824
151.608
71.672
73.896
73.784
72.872
72.76
81.024
83.048
123.736
37.104
72.936
207.592
73.024
129.28
207.968
73.4
72.056
202.488
151.776
37.104
124.064
207.344
74.152
81.232
32.64
129.12
73.328
37.808
151.616
151.296
32.304
37.984
73.992
128.872
152.28
72.96
32.768
37.048
124.472
74.36
203.248
207.712
73.4
124.824
74.312
151.248
151.336
123.248
37.352
31.936
73.088
32.112
129.576
74.4
129.32
152.288
73.408
208.096
31.952
208.184
123.24
37.672
82.528
201.616
38.048
123.704
152.304
38.424
151.512
123.168
129.8
82.656
74.656
122.408
207.312
152.496
72
200.784
150.488
74.472
37.016
128.752
201.224
72.376
123.4
81.064
31.888
37.52
151.976
72.816
128.504
152.64
206.792
37.48
37.368
123.792
72.656
123.28
127.744
201.768
127.96
74.168
206.448
201.72
72.784
152.408
151.072
123.496
72.848
73.984
129.064
123.072
81.352
201.56
37.84
73.528
208.216
38.304
81.592
208.08
151.768
152.672
37.016
206.904
151.392
151.48
74.192
74.28
72.32
200.544
31.832
72.296
82.72
72.384
32.008
150.672
152.296
128.96
122.584
201.072
201.448
206.952
37.04
74.048
37.128
74.136
72.816
72.552
200.976
127.64
74.064
72.928
123.152
81.616
32.44
37.304
201.728
72.992
74.216
32.904
127.808
32.592
123.08
127.784
121.968
32.344
37.448
73.832
81.536
206.224
152.232
151.312
73.52
121.424
31.912
128.176
74.2
72.864
200.688
32.576
74.664
200.952
72.288
74.64
127.976
32.928
81.664
122.616
128.152
122.504
150.64
32.192
152.88
127.144
122.768
32.256
72.592
200.944
126.68
82.304
151.992
37.424
32.48
73.032
73.968
200.256
74.344
73.096
32.432
73.184
74.52
73.272
37.36
82.48
73.448
122.168
73.536
127.552
72.4
121.712
81.016
73.312
126.992
122
150.64
122.64
152.24
32.128
72.48
127.768
127.856
82.304
127.272
152.08
82.656
127.136
152.544
152.208
82.496
200.96
201.048
127.552
205.64
31.728
81.328
31.816
72.016
81.504
72.192
37.68
150.968
37.856
72.544
38.232
129.32
128.808
123.792
72.496
81.584
206.472
37.56
37.448
82.536
82.624
82.712
206.792
74.4
72.68
202.688
128.968
82.976
72.856
125.064
37.744
83.352
73.232
75.64
73.32
32.528
151.208
75.216
151.296
124.904
72.984
31.816
81.672
124.704
72.96
37.648
124.528
129.936
124.416
130.024
129.512
73.816
72.4
129.688
202.768
37.176
74.256
150.864
207.736
73.544
73.632
31.92
72.872
125.208
74.296
152.584
152.472
82.448
207.88
74.536
123.824
83.112
75
129.88
82.888
72.968
123.976
37.656
75.664
72.744
75.552
208.432
32.44
130.12
124.728
152.016
124.104
81.104
152.392
207.672
152.48
81.36
124.168
37.448
73.656
129.536
73.024
73.88
128.912
202.568
81.8
152.856
37.688
74.144
129.376
81.464
202.248
129.752
74.336
151.24
72.528
124.312
37.216
152.2
207.704
123.888
129.592
129.368
81.256
81.144
31.928
71.232
149.68
124.304
129.168
124.392
129.384
149.832
71.52
123.88
71.72
31.816
129.512
123.496
82.52
81.048
207.664
72.896
81.016
150.848
129.328
129.504
72.592
71.44
124.08
72.168
37.104
150.656
37.192
72.544
207.88
151.032
71.968
81.56
72.568
202.456
73.136
71.784
129.072
207.56
129.448
124.16
124.136
37.016
123.712
71.976
202.2
129.464
129.552
72.888
37.44
123.776
129.328
201.664
81.816
82.552
207.704
123.44
37.392
73.128
150.88
32.08
207.096
151.968
73.456
32.344
151.12
202.144
37.336
73.944
124.504
32.192
74.096
32.584
81.016
152.672
150.904
32.96
83.048
32.936
153.624
71.776
153.712
207.464
32.6
82.888
129.256
202.176
123.616
37.016
73.016
37.104
123.504
151.68
72.304
130.192
123.744
81.68
82.304
202.792
128.712
123.896
73.584
207.088
202.672
150.136
207.624
124.136
129.04
202.224
72.328
73.112
206.992
72.576
81.104
149.904
73.04
37.32
202.328
150.008
202.216
129.496
123.304
81.384
123.392
129.36
31.944
129.448
129.336
72.88
72.024
124.368
202.496
207.6
206.688
31.76
206.864
151.56
128.24
31.992
202.28
73.568
32.256
81.08
152.144
150.84
73.776
37.056
202.24
128.744
32.128
73.192
207.48
207.696
152.392
129.36
81.248
74.52
81.272
81.36
152.296
150.848
129.536
152.272
73.024
124.336
32.024
207.792
152.4
207.68
124.488
72.328
207.616
124.44
72.104
152.728
31.728
31.816
149.944
123.968
129.232
31.856
202.144
73.032
82.52
82.32
81.192
129.888
202.272
37.176
82.36
81.264
73.848
73.152
202.536
130.04
74.024
73.528
32.312
130.416
82.304
122.688
152.192
38.08
38.168
82.832
74.256
200.92
82.744
73.632
122.616
73.12
73.584
82.208
37.696
32.28
82.584
122.768
129.872
74.256
73.36
32.544
81.848
123.032
81.336
152.52
73.024
201.808
37.712
73.896
129.144
201.384
151.648
152.472
31.96
127.664
74.448
37.752
123.536
127.64
83.424
75.112
127.816
201
151.368
74.288
128.056
82.576
73.144
153.064
206.232
82.752
81.72
153.04
73.208
32.328
73.296
81.584
128.072
71.96
32.28
72.144
152.968
200.856
74.744
32.632
206.224
123.208
127.312
71.8
122.984
72.872
127.376
82.36
72.264
123.448
151.336
37.368
202.024
81.456
124.112
72.544
32.6
128.232
73.688
128.32
32.376
128.408
82.864
72.928
152.064
73.752
82.64
128.12
82.728
151.608
206.696
83.104
73.184
31.992
73.272
74.88
128.76
124.168
73.648
153.456
73.536
202.544
32.408
128.912
74.208
207.088
32.296
74.184
129.064
73.872
81.352
82.32
207.24
32.208
73.528
82.696
129.216
124.384
37.904
81.992
74.168
129.68
123.656
207.368
37.856
123.44
81.944
74.328
73.432
32.616
208.12
152.904
207.808
32.792
202.48
152.568
83.056
123.744
82.632
128.936
32.72
82.808
124.496
129.2
74.584
128.888
124.072
128.976
152.16
73.648
37.152
124.136
37.24
32.624
72.528
83.112
72.776
152
128.864
123.888
73.976
73.04
82.376
207.328
201.464
81.816
123.352
129.704
82.84
129.12
123.528
72.408
153.816
32.504
37.384
74.992
81.472
83.48
129.16
122.768
129.248
152.056
73.536
122.744
151.224
74.032
128.912
32.32
73
201.808
207.688
152.896
81.776
32.384
38.664
32.472
73.352
32.536
151.84
130.128
38.016
124.4
152.304
82.592
73.68
73.768
152.976
129.456
124.44
82.544
124.528
129.432
124.416
38.32
74.904
129.808
124.792
74.096
83.28
82.784
125.168
74.472
32.856
73.96
202.944
74.048
203.032
129.536
75.12
152.824
203.208
208.312
152.8
73.288
83.176
130.864
83.152
131.04
39.528
123.712
39.216
82.704
82.304
131.192
123.992
131.28
151.08
39.368
124.368
82.256
73.056
71.344
82.944
149.032
72.232
148.92
124.72
208.408
124.208
129.896
32.296
147.944
129.632
71.368
81.52
70.408
149.544
129.496
123.432
70.784
82.072
70.16
123.784
208.248
123.872
148.536
201.96
69.824
129.512
202.216
37.2
148.904
70.288
70.624
69.976
124.288
129.104
83.176
83.096
128.768
206.256
71.072
123.76
128.232
83.848
69.72
32.536
81.088
84.224
128.776
32.712
37.264
71.4
69.552
202.488
124.376
148.008
150.064
37.096
124.752
69.784
71.64
81.072
70.728
82.616
37.344
124.248
129.032
202.136
69.12
70.224
38.008
70.312
82.4
70.288
202.976
32.064
69.632
82.752
37.12
70.84
70.008
148.928
71.216
129.32
71.304
31.992
124.48
71.168
32.056
71.344
81.312
202.032
71.72
68.384
83.024
146.072
207.96
146.136
68.224
69.248
207.928
67.752
69.288
67.728
69.064
128.816
82.528
128.408
68.296
69.104
128.384
82.392
127.872
147.48
202.168
67.408
128.496
82.744
206.784
31.832
69.12
124.008
206.888
67.736
123.96
67.824
124.048
128.84
124.224
37.168
37.256
202.088
37.344
31.776
207.632
124.064
81.32
202.552
129.608
147.24
37.696
69.328
69.416
68.48
202.704
69.192
82.88
68.344
147.968
81.232
69.856
123.944
32.232
148.32
129.424
124.608
81.872
32.296
202.184
70.472
81.936
70.56
202.448
83.736
124.424
147.688
149.512
69.776
203
69.464
72.088
72.176
129.08
71.864
81.568
71.952
129.456
84.04
69.744
203.728
129.832
70.616
203.104
128.408
203.192
81.696
124.28
69.784
149.568
124.656
69.72
71.544
69.808
150.232
128.896
71.32
83.008
71.296
207.488
37.016
70.56
123.824
123.712
69.552
31.816
82.304
129.496
202.08
68.984
129.272
148.28
31.768
81.192
70.256
129.08
31.944
68.768
82.304
68.856
69.992
147.344
81.016
122.672
122.76
122.736
147.4
32.224
208.088
200.912
81.576
70.6
129.664
32.688
123.176
32.464
123.152
121.04
71.04
37.104
121.128
81.28
71.416
146.968
70.704
206.056
121.792
206.144
148.68
37.232
70.568
32.256
127.936
200.144
148.632
70.32
199.408
68.96
31.896
81.248
82.392
147.736
69.624
148.36
127.44
31.728
37.28
82.8
70.04
37.328
198.352
81.216
71.04
205.504
31.928
70.256
82.304
69.544
120.792
204.56
37.448
69.384
199.208
147.472
148.408
204.56
70.496
199.784
147.936
149.072
81.424
204.512
82.448
70.4
125.688
204.104
37.592
148.68
82.488
126.568
81.856
82.456
71.144
204.032
37.32
70.608
70.696
37.184
71.592
71.68
204.248
37.192
198.92
69.88
120.408
69.368
71.296
204.056
32.184
69.344
71.672
125.632
82.96
68.824
69.936
82.624
204.104
197.712
69.192
197.576
82.464
126.368
69.256
69.144
126.632
149.44
81.12
32.328
126.408
32.392
69.496
148.168
32.768
126.056
81.544
82.68
126.232
70.768
70.52
32.856
124.608
118.944
197.232
70.36
71.72
148.648
32.408
150.296
197.984
202.64
72.072
119.56
71.288
71.848
124.376
119.136
37.592
150.624
72.512
124.568
81.08
119.128
124.768
73.216
37.856
125.144
72.232
31.904
150.32
124.072
73.28
151.568
31.856
124.736
120.344
203.224
82.432
73.512
73.92
151.808
151.36
81.048
124.536
31.816
73.824
124.512
37.6
37.688
120.112
74.912
151.464
152.6
120.488
152.976
151.928
31.728
125.016
151.304
74.04
31.928
72.88
82.816
37.168
120.504
153.592
81.016
203.704
152.456
32.144
126.192
82.432
72.88
199.72
32.408
74.496
74.584
81.016
121.272
74.76
32.648
121.336
32.624
72.376
121.712
121.6
151.976
72.328
37.216
37.304
121.328
204.592
199.216
120.504
152.304
204.384
73.992
126.072
120.48
74.168
82.856
32.944
74.632
72.184
126.4
74.008
32.096
71.848
74.184
37.936
32.272
205.224
127.312
151.448
127.4
127.288
120.312
151.6
151.488
120.776
125.28
151.464
37.568
121.152
81.256
151.84
37.744
199.528
81.192
83.216
204.68
74.104
125.768
152.592
71.656
121.08
37.944
82.968
125.832
73.056
203.92
120.544
151.632
125.336
72.72
203.624
120.808
82.896
120.584
125.688
72.984
120.272
71.624
73.36
73.448
32.136
73.424
72.176
151.312
82.6
73.288
151.776
81.256
121.064
72.016
31.952
37.016
82.84
37.104
199.928
73.816
125.496
82.792
150.344
121.68
204.232
73.568
72.72
73.656
37.608
32.944
81.496
32.232
37.984
120.52
73.072
81.76
37.648
72.936
127.024
127.112
73.048
126.8
32.136
205.288
82.824
72.176
126.664
81.552
199.176
126.64
32.264
205.128
82.352
37.816
72.28
205.304
127.52
82.392
70.808
70.944
82.392
37.08
71.368
121.832
126.056
70.944
82.32
126.432
71.12
150.696
126.608
120.384
126.296
150.472
70.824
198.16
126.84
198.424
72.712
126.616
198.8
71.104
120.488
126.992
82.08
72.088
127.368
199.376
83.064
121.152
127.232
120.84
83.328
149.88
73.216
149.968
71.456
199.48
149.944
72.568
37.232
32.056
71.52
83.544
200.032
199.808
81.264
81.352
72.04
72.128
72.984
37.064
31.872
72.152
121.96
72.04
73.304
81.264
125.68
73.368
72.368
122.856
200.944
73.832
37.232
123.416
150.08
123.304
71.768
152.192
150.456
82.68
150.008
123.832
73.432
71.784
151.52
37.072
124.408
81.96
72.048
82.584
72.136
206.424
37.712
206.216
73.024
151.312
72.8
37.08
124.088
128.768
151.576
31.728
149.504
73.416
71.056
32.08
202.568
207.472
72.656
72.544
130.048
202.832
71.696
202.92
203.008
83.096
207.8
72.984
83.072
37.016
31.848
208.192
73.136
71.688
124.312
81.176
73.2
202.688
32.376
129.08
73.264
71.568
124.552
33.04
82.328
203.216
71.08
72.816
149.368
81.256
31.88
71.232
123.856
129.448
71.736
202.12
150.224
124.208
129.712
32.096
208.2
150.488
129.176
72.672
82.608
82.784
37.928
151.872
72.776
208.464
74.2
129.952
73.888
37.64
72.728
72.816
151.752
151.104
123.24
37.192
73.928
73.08
129.568
151.656
151.344
129.232
201.056
37.32
128.808
201.232
151.296
150.784
37.272
128.088
73.784
71.936
37.08
72.4
128.888
128.104
151.512
127.792
73.6
123.152
81.016
31.84
73.528
206.608
31.792
128.296
73.68
72.184
128.472
73.48
72.56
123.368
73.856
72.608
123.744
72.296
128.384
123.808
37.472
73.696
81.36
124.184
73.248
82.872
73.136
151.872
128.824
73.312
122.168
81.6
82.856
128.416
81.504
82.912
37.592
122
129.08
200.064
72.968
81.256
200.04
128.744
81.432
122.016
72.92
121.704
72.656
200.192
152.28
32.168
122.056
72.704
74.344
74.032
37.28
82.72
206.768
81.256
82.304
205.744
122.592
205.288
81.176
81.264
127.352
72.04
122.024
150.288
205.576
122
73.688
73.288
71.84
31.976
205.656
73.464
122.352
127.432
73.84
151.728
122.816
81.104
150.992
72.48
81.016
122.768
151.056
150.008
31.816
37.296
123.304
81.584
206.472
201.096
71.56
123.16
81.104
205.792
206.016
127.904
82.48
71.952
31.968
201.656
73.144
123.84
150.104
82.528
37.392
82.528
72.08
201.416
122.904
73.592
32.456
128.36
31.816
82.568
73.256
82.392
81.016
122.872
71.904
82.76
81.192
201.648
73.336
207.04
81.016
201.488
73.088
81.016
123.176
37.504
128.592
201.24
149.304
122.728
31.816
122.904
149.744
73.192
128.432
201.48
71.92
32.168
71.632
200.656
81.12
82.544
81.016
200.92
150.104
201.296
37.256
71.744
71.432
32.08
82.768
123.456
201.944
123
72.8
31.792
73.28
200.768
73.016
73.656
72.904
200.944
37.192
82.432
127.88
122.92
152.208
73.256
123.296
37.192
74.568
207.08
74.456
31.944
201.232
128.4
31.92
72.688
32.008
123.296
37.192
32.184
128.168
32.56
32.448
72.48
202.336
82.424
81.456
32.512
82.6
81.432
202.888
127.92
152.376
73.008
72.896
74.432
127.984
206.072
32.08
73.968
150.632
151.856
74.144
74.232
123.92
128.96
152.008
73.808
72.16
152.096
81.448
31.992
201.568
81.512
37.264
123.744
81.152
73.232
72.84
151.72
129.48
73.688
150.968
123.976
37.456
72.944
123.36
208.032
32.448
81.52
123.536
151.808
129.896
123.712
207.984
73.232
201.456
128.768
74.432
37.744
74.608
74.696
37.408
82.584
37.496
32.072
75.36
128.872
74.448
81.76
74.536
38.048
124.224
82.136
152.312
150.824
124.6
72.512
83.488
207.4
202.976
124.864
124.352
83.04
150.08
123.704
207.184
151.992
150.408
124.016
207.696
124.104
73.592
37.472
82.68
150.76
73.568
123.456
150.536
201.944
72.224
202.032
152.52
129.04
74.208
150.928
129.016
32
151.064
32.088
82.576
72.84
151.976
37.016
82.44
123.328
207.296
128.984
73.592
73.68
150.632
122.968
123.232
128.736
201.32
72.424
123.008
128.912
32.296
81.8
73.984
72.888
202.072
128.976
72.984
123.248
201.536
37.144
151.632
201.512
72.92
82.6
73.024
201.288
128.712
82.776
82.2
123.064
37.688
152.624
82.576
37.864
82.952
82.24
38.128
83.464
71.816
81.304
152.24
72.192
123.128
128.88
74.216
128.768
32.304
81.256
202.192
128.312
73.456
81.4
124.144
206.888
31.872
72.544
73.76
201.648
152.336
206.84
123.824
72.728
83.112
72.816
123.6
207.504
153.088
128.792
83.376
73.48
74.264
128.568
123.352
123.44
74.44
122.728
37.608
83.016
207.296
73.904
81.184
122.592
70.272
31.88
129.56
72.568
148.848
149.456
201.344
128.624
31.728
123.216
71.072
206.76
128.448
71.984
206.664
150.472
122.56
128.528
72.336
37.216
70.824
31.944
127.392
71.088
31.752
37.016
123.928
206.504
70.416
69.704
146.656
69.792
81.744
128.232
31.728
68.92
82.816
37.408
69.704
81.896
202.592
37.784
147.272
202.168
206.76
148.656
128.648
123.744
128.736
147.872
68.824
69.56
207.312
202.248
82.2
207.488
207.176
31.8
83
37.28
148.288
207.568
147.976
123.464
83.352
148.04
37.104
69.928
207.792
68.904
129.968
147.48
129.344
82.032
68.856
146.92
82.944
129.408
69.232
129.512
31.728
129.2
67.888
69.896
129.376
147.984
32.272
37.016
69.16
146.312
68.6
82.736
123.6
128.704
146.992
128.88
123.664
146.368
68.256
37.344
123.928
82.032
32.016
129.72
124.304
124.192
81.456
67.744
124.568
129.232
124.256
67.92
146.856
129.008
81.896
68.184
129.672
129.36
68.048
147.408
82.896
81.648
69.384
37.44
81.328
202.112
129.416
147.8
32.088
69.976
81.664
123.664
82.776
129.632
123.864
70.752
148.504
37.192
123.792
37.28
83.28
70.968
81.368
71.056
129.136
71.144
69.424
71.232
129.112
82.72
37.8
32.408
69.088
70.896
129.576
148.672
70.56
207.04
202.248
147.928
82.336
129.216
31.824
207.304
82.712
129.192
149
124.288
32.376
124.264
70.416
83.152
128.504
71.84
207.192
71.928
81.48
124.616
206.968
72.104
81.256
123.768
128.872
72.056
148.72
124.344
124.232
148.872
201.896
71.896
148.848
71.472
123.76
202.248
81.28
70.888
70.976
82.392
37.864
72.48
208.152
207.84
123.664
71.728
123.64
207.344
72.528
71.832
123.816
201.904
37.608
123.592
150.496
73.08
71.344
123.168
128.96
201.344
81.248
32.032
31.88
71.784
151.568
123.856
71.56
73.344
73.032
72.96
81.112
129
151.336
71.888
73.224
82.312
202
202.064
82.656
149.416
31.944
71.304
73.432
149.792
201.504
123.192
207.256
72.344
150.832
37.72
72.608
129.096
150.984
121.808
128.872
200.096
150.96
37.648
72.936
122.448
81.4
120.912
72.976
82.8
128.864
152.688
72.552
152.776
151.04
32.264
150.928
199.552
126.616
153.44
126.632
198.944
198.832
151.568
82.72
73.256
152.408
152.496
82.584
152.432
72.704
31.904
126.392
72.48
82.304
204.48
125.968
37.456
119.712
37.344
118.976
72.768
73.464
37.256
82.392
125.144
82.48
73.032
82.568
203.12
150.808
72.096
197.592
125.384
73.88
81.272
82.768
125.76
119.256
150.248
72.136
203.424
72.992
150.312
203.8
119.496
81.912
119.136
72.4
74.024
124.888
73.912
72.576
83
124.464
74.288
202.952
119.776
73.24
119.864
73.328
152.064
119.552
202.632
37.52
119.192
72.856
73.968
124.248
82.656
197.344
152.832
202.512
31.92
124.8
74.608
152.696
71.648
152.584
150.136
119.072
74.36
82.648
71.864
119.888
124.752
31.976
73.064
202.568
120.552
124.456
198.64
71.744
120.928
37.232
32.416
72.12
121.104
37.608
82.992
81.896
82.88
202.584
32.168
72.968
72.32
31.856
202.736
73.344
121.432
72.784
82.92
72.872
74.008
125.16
199.096
73.048
152.584
73.136
151.024
31.728
198.816
82.536
120.824
73.776
120.912
73.664
152.2
37.552
31.888
74.04
75.176
126.528
199.864
74.016
82.104
125.992
31.816
37.48
121.904
126.056
81.744
152.568
37.832
152.232
32.12
37.192
73.808
151.68
82.896
152.384
31.872
121.96
74.136
151.488
31.728
126.776
82.416
205.264
127.28
31.728
151.568
127.456
205.544
82.304
151.632
128.12
152.704
127.208
201.592
74.096
123.48
74.184
82.368
127.272
122.856
32.144
72.584
127.672
81.96
81.848
128.136
152.224
128.312
152.848
73.8
73.888
206.376
83.512
152.664
73.752
200.976
38.04
207.328
122.552
152.216
122.44
151.904
74.528
81.592
122.816
122.704
31.728
123.016
206.472
201.504
150.32
82.592
31.968
74.056
72.672
127.96
123.784
82.672
127.976
124.16
74.048
83.336
82
124.424
151.288
83.512
72.376
152.8
150.464
83.688
83.776
75.264
123.728
73.216
81.28
73.416
73.304
128.744
73.192
73.08
202.744
70.808
73.232
151.72
37.024
202.808
150.496
37.192
82.984
71.68
124.072
71.568
151.16
129.656
124.448
150.144
32.536
130.032
73.224
72.32
32.912
72.208
33
124.088
129.392
123.976
72.48
73.864
37.568
202.152
81.256
124.24
72.544
82.928
81.104
74.016
81.192
73.904
129.096
207.272
73.256
72.104
73.144
32.432
81.28
73.52
207.568
82.608
72.856
82.496
128.776
152.08
129.04
82.544
81.728
72.616
152.024
207.704
73.512
72.992
73.6
73.08
206.656
71.944
202.128
37.432
73.416
129.12
72.904
37.808
124.392
128.696
72.384
128.872
32.464
128.76
207.048
151.856
37.432
73.432
81.12
150.208
207.496
151.496
129.784
82.384
123.904
81.016
202.392
72.104
151.48
201.512
201.6
37.704
201.776
207.68
123.264
149.968
72.752
130.056
201.84
72.544
151.128
208.632
123.216
37.32
73.504
72.008
201.792
37.696
72.384
129.872
37.96
82.568
208.248
32.032
150.936
73.12
37.824
82.808
73.112
73
150.248
73.472
73.36
81.016
73.448
31.816
124.704
37.304
82.592
72.992
152.28
72.88
81.568
73.776
128.656
82.464
72.944
150.832
207.52
128.808
31.992
151.256
82.592
129.144
202.88
81.432
73.968
73.32
202.856
73.208
123.944
151.296
74.232
202.52
72.472
123.808
82.896
151.048
123.784
130.264
83.272
124.216
73.088
202.912
72.776
202.8
130.064
124.488
73.152
74.288
130.24
81.928
202.352
208.416
124.44
81.016
82.728
152.416
124.504
82.592
32.08
73.968
150.12
152.856
37.016
202.944
202.808
129.512
73.696
150.6
73.296
73.384
207.552
82.48
152.368
207.816
74.256
74.344
202.632
72.616
124.24
152.528
74.016
207.92
82.704
151.008
202.792
130.496
74.68
129.184
152.568
73.272
124.256
208.56
202.344
73.648
82.832
81.696
82.92
81.584
124.208
151.272
31.728
37.36
83.016
37.248
152.504
151.936
123.792
130.024
82.512
74.448
73
32.136
151.576
74.112
129.464
129.28
129.368
73.976
151.056
201.528
129.032
152.616
82.504
31.792
73.88
81.016
73.968
70.304
82.856
70.392
73.744
148.68
72.432
129.168
121.992
207.256
207.6
200.584
70.088
31.728
129.576
129.264
149.872
81.552
149.56
82.656
70.608
150.144
201.632
72.12
32.008
70.64
82.896
70.328
149.216
37.104
72.04
70.992
127.28
123.504
81.568
38.056
70.944
123.568
71.032
81.52
71.408
206.496
32.408
71.872
123.896
81.76
82.896
72.048
150.784
82.136
201.872
72.224
83.16
82.312
123.648
207
31.736
37.088
72.176
72.152
73.688
37.44
82.728
73.264
129.616
83.552
72.304
129.392
82.68
83.416
38.168
82.856
38.544
38.632
123.456
151.32
83.544
73.408
31.728
208.496
84.016
73.784
123.704
38.472
32.192
151.96
123.88
130.048
74.368
74.336
123.256
152.024
32.344
73.512
82.6
151.888
73.976
38.064
130.152
31.816
73.84
207.528
32.192
128.816
152.08
38.104
32.568
207.792
152.48
128.568
82.304
74.392
81.208
123.392
128.424
128.312
81.2
152.608
127.488
205.976
31.728
127.992
72.968
123.824
82.512
37.256
123.4
73.144
82.688
127.832
74.776
37.12
74.344
206.608
128.144
123.128
123.216
37.192
123.48
128.784
82.768
81.432
202.456
151.32
74.344
151.408
83.032
74.52
72.584
152.808
74.696
81.16
202.184
151.648
202.272
207.536
152.96
150.912
37.4
151.088
124.312
82.6
74.688
72.24
82.304
150.528
73.792
124.28
72.48
123.904
202.192
73.88
72.544
37.16
123.744
207.248
73.632
129.136
32.008
129.512
82.496
74.384
37.088
32.072
81.176
130.264
73.872
73.352
124.2
207.504
74.088
81.28
32.376
124.864
81.656
74.352
72.944
82.84
129.232
203.128
72.92
124.016
150.608
74.504
37.496
129.784
123.88
72.672
150.432
202.256
128.92
128.936
124.32
72.024
37.016
151.672
72.624
202.56
129.912
73.848
73
202.6
31.976
73.04
152.376
73.952
37.232
82.44
72.28
74.416
72.368
151.904
37.104
129.192
121.656
199.744
73.544
81.296
73.632
129.384
73.608
71.96
32.096
81.048
152.184
129.536
32.272
72.024
73.36
129.24
121.48
71.688
151.112
207.08
72.888
72.368
37.456
72.544
151.352
73.44
150.592
150.856
205.144
121.768
73.032
127.12
37.08
72.984
122.496
127.088
37.176
74.184
205.864
81.152
123.08
206.24
206.128
72.616
152.024
31.912
74.2
72.792
74.288
205.768
122.376
31.864
81.216
122.752
127.304
82.64
150.392
200.928
72.28
32.416
74.304
123.592
150.744
123.28
37.232
128.12
73.008
72.896
37.584
74.12
37.472
81.36
128.448
72.136
123.16
37.224
73.448
72.512
31.936
73.624
72.688
32.112
124.2
150.864
124.288
128.552
124.376
202.464
73.104
123.752
74.24
73.104
37.192
32.016
82.504
124.392
128.096
73.384
37.472
73.56
128.848
74.456
73.336
202.696
124.184
124.272
81.104
73.872
124.36
82.848
151.168
32.336
129.256
125.024
151.344
31.912
129.432
74.4
72.72
32.088
207.808
83.176
129.896
203.064
72.784
32.152
37.672
124.84
130.16
203.328
73.448
74.216
208.336
203.104
208.424
151.912
74.08
208.8
72.688
73.456
81.376
208.064
202.52
152.408
72.48
129.968
152.696
72.856
74.384
81.344
82.48
73.232
151.72
124.136
72.808
128.968
74.008
129.056
123.896
207.344
31.984
81.232
73.672
123.96
73.648
129.32
124.336
150.208
152.224
74.312
124.2
208.072
152.088
124.376
74.464
81.104
33.152
83.64
72.28
71.968
72.056
128.944
73.68
150.424
72.8
151.536
150.688
81.016
74
124.088
73.128
81.28
207.032
74.44
81.32
201.928
207.408
81.104
129.592
123.768
73.08
207.568
82.056
129.544
151.232
37.72
73.856
208.408
32.144
129.696
129.584
73.384
72.472
123.448
129.16
123.536
207.648
72.376
72.264
73.4
128.68
73.488
31.952
129.144
31.728
72.592
123.416
128.68
73.504
72.768
129.056
123.48
72.344
129.032
73.968
72.52
37.208
207.112
37.2
123.872
128.976
81.064
73.472
207.752
151.96
73.848
73.536
201.2
31.968
128.68
151.368
73.576
72.856
152.064
37.344
152.44
37.28
128.808
73.096
32.16
72.744
74.08
129.432
202.168
74.144
150.296
124.032
37.184
73.72
72.472
73.608
128.36
32.744
72.736
37.424
82.76
128.512
124.648
151.6
152.536
73.288
74.224
151.376
74.112
37.664
207.352
151.64
202.264
37.928
124.152
129.616
82.84
151.504
152.24
129.792
73.928
151.28
123.416
37.568
73.704
150.856
82.592
208.344
38.032
123.656
72.92
74.344
130.408
124.032
129.896
82.52
37.584
130.072
37.36
207.576
31.728
72.712
152.616
129.416
73.824
73.104
152.112
124
73.152
128.84
124.04
81.104
82.728
73.392
124.216
72.48
74.704
151.256
124.568
207.472
206.848
82.456
72.296
206.984
73.92
72.072
32.208
207.288
37.264
72.552
202.632
151.92
32.608
70.776
82.896
70.864
152.384
129.752
124.472
151.96
129.768
70.904
72.04
70.792
37.08
202.104
81.368
72.592
37.456
149.944
130.032
130.12
130.208
31.832
149.696
82.32
208.384
151.208
81.672
31.896
38.16
202.784
82.048
202.472
208.536
208.424
72.16
129.312
72.248
123.936
129.016
72.624
71.496
81.184
31.816
82.704
128.632
32.104
72.992
72.68
82.656
72.12
123.744
202.296
151.32
72.56
124.56
71.648
83.048
71.736
82.736
32.824
71.912
82.912
74.2
123.888
206.616
128.504
82.512
150.24
32.04
37.528
73.328
129.016
32.416
72.504
151.84
37.992
72.08
38.368
124.192
81.456
202.28
129.944
82.568
72.832
124.256
38.92
32.544
151.208
73.28
130.696
128.984
123.408
151.696
122.984
201.472
32.336
130.016
73.024
71.504
151.312
130.392
73.2
150.08
72.888
130.368
72.776
130.056
82.576
123.44
150.728
129.632
123.816
72.504
81.368
32.192
72.88
128.784
202.568
83.256
71.32
124.944
81.608
72.432
128.696
124.72
71.984
151.008
72.072
151.096
207.56
72.984
38.248
150.936
130.024
83.36
151.312
37.8
129.888
201.712
151.576
74
72.664
73.688
82.152
82.888
37.44
72.016
73.752
83.04
124.104
128.696
72.384
151.592
207.472
124.28
72.56
73.968
129.648
150.496
37.384
207.272
73.408
128.688
31.728
72.776
207.264
81.952
82.392
37.44
37.328
129.616
152.456
73.064
202.544
152.832
37.08
74.32
73.368
208.056
81.344
73.632
73.52
81.408
123.792
128.384
123.744
37.104
75.232
82.72
37.28
124.008
72.968
123.896
73.896
152.384
129.152
74.16
124.048
82.304
152.392
124.28
74.168
73.328
82.656
37.216
124.328
72.792
124.416
207.608
124.28
207.672
151.36
124.216
37.648
152.704
129.936
124.592
129.624
202.48
81.712
151.6
74.096
129.376
123.384
73.464
152.56
81.112
74.536
150.688
123.624
72.576
82.312
129.792
74.688
148.616
151.952
37.104
200.44
122.304
70.568
31.904
207.584
71.992
122.48
72.168
81.296
71.832
148.584
148.672
122.096
128.488
150.096
37.376
122.184
206.064
32.048
148.112
81.2
122.424
70.288
71.912
37.304
122.288
148.24
82.864
200.952
148.304
150.44
127.992
123.328
70.68
72.416
206.368
122.904
71.992
205.872
123.28
148.36
32.768
37.248
123.256
123.408
148.072
205.96
71.296
127.648
83.184
148.136
37.424
127.912
71.248
206.2
70.288
83.624
201.512
201.664
150.264
206.344
82.88
128.32
31.968
70.408
123.856
37.696
71.944
148.984
123.032
71.072
82.16
129.248
129.336
71.624
122.92
71.312
72.408
128.8
83.008
201.496
206.576
83.184
150.672
72.56
128.84
83.248
149.128
83.336
150.224
70.576
149.912
82.6
31.728
206.456
82.48
121.968
150.656
37.296
122.344
149.784
72.632
207.672
82.72
81.76
32.408
128.048
151.496
206.336
72.224
72.72
82.608
149.76
149.848
71.536
31.76
82.304
128.304
37.016
123.312
150.776
123.488
81.152
205.84
151.728
205.816
73.752
81.704
37.392
72.28
71.968
81.656
82.392
150.544
74.68
128.16
201.768
31.728
201.92
37.28
73.92
74.008
81.36
82.696
128.848
123.984
74.472
72.344
74.56
128.84
153.048
128.728
123.936
72.816
82.744
207.104
202.632
81.992
129.08
82.608
73.768
124.496
81.656
124.44
129.144
152.928
32.016
124.904
74.192
37.104
124.88
81.192
74.368
129.08
32.656
72.968
124.344
72.856
82.432
129.344
124.696
129.464
123.736
74.024
82.312
123.8
31.888
74.176
82.304
124.392
152.08
130.144
202.968
151.232
73.856
72.92
125.344
130.008
124.632
37.496
124.52
130.184
151.032
74.168
72.72
202.656
129.136
124.144
72.824
74.232
128.912
124.12
151.36
124.184
32.072
37.264
74.072
129.552
124.56
72.84
150.528
82.536
37.616
124.424
72.304
74.312
130.392
202.2
72.68
31.728
81.168
151.616
37.456
31.904
129.744
151.992
32.08
123.168
37.408
201.656
74.144
81.256
82.632
37.544
152.368
81.016
121.856
73.304
74.344
151.392
74.432
72.384
200.52
72.76
121.584
37.448
72.624
121.648
81.312
152.136
128.528
121.312
150.576
127.056
73.144
82.552
73.84
152.328
151.08
121.416
205.768
73.056
31.728
74.28
81.632
73.12
121.592
82.88
74.232
126.912
199.52
74.184
81.016
72.504
74.16
204.992
81.68
72.968
31.912
151.056
204.944
121.488
81.232
81.32
73.664
126.904
121.752
126.792
32.04
71.992
73.928
126.68
73.216
121.504
71.256
151.392
126.672
126.36
126.312
72.52
151.008
205.088
72.696
121.984
81.016
122.072
205.504
121.96
205.44
72.448
121.592
151.08
127.304
72.968
81.592
122.256
126.88
82.944
72.968
122.632
72.656
152.12
151.144
74.208
81.832
122.496
72.32
32.784
127.608
32.672
71.696
71.384
81.472
151.68
150.096
81.584
72.92
37.272
73.008
122.496
37.368
73.184
122.672
72.96
127.24
32
205.704
201.888
81.392
73.576
81.48
206.368
38.056
73.264
38.144
206.832
202.816
206.72
82.904
151.808
38.496
81.784
206.872
82.304
128.16
152.648
31.904
73.336
207.024
152.912
73.2
73.288
128.776
82.584
151.864
124.048
129.152
72.84
129.528
152.016
152.624
129.704
202.112
129.592
153
31.888
72.728
153.064
152.152
151.104
150.992
207.08
123.992
72.768
37.856
207.744
32.056
82.744
129.248
124.632
81.296
73.72
129.384
124.208
151.072
124.096
208.36
73.896
151.248
129.336
123.76
37.08
124.024
128.968
82.512
150.656
124.2
207.544
202.288
37.632
73.376
207.768
129.256
82.464
81.144
201.928
151.232
74.016
129.72
74.104
123.992
129.072
124.256
207.36
81.256
37.144
150.832
73.432
208.12
124.096
81.808
72.696
37.264
129.352
128.84
123.824
37.128
202.312
81.616
129.304
82.304
72.592
73.592
150.68
31.728
72.568
72.416
129.432
72.432
129.048
37.104
124.392
81.392
31.88
73.28
123.984
73.344
82.672
153.16
151.72
82.944
73.296
202.632
72.784
32.12
207.472
74.808
124.896
128.792
83.384
207.28
124.072
150.768
73.96
129.456
82.848
72.544
151.736
81.632
81.72
37.608
151.496
130.384
152.576
72.672
81.16
151.856
73.944
37.016
152.28
128.968
151.968
71.856
150.344
124.016
129.232
202.504
37.32
151.008
129.696
31.728
151.384
81.872
72.76
123.792
130.448
72.936
208.624
151.64
81.712
73.328
37.4
123.216
129.688
73.704
72.976
32.192
129.664
152.28
82.152
123.368
130.04
74.656
82.328
74.744
130.216
202.432
151.704
201.52
37.792
74.408
73.68
83.096
73.768
123.184
129.056
123.272
37.344
82.96
73.112
200.848
129.2
153.136
37.288
83.024
82.176
74.912
129.464
83.4
73.952
123.288
82.84
152.776
32.264
152.016
37.704
123.328
73.592
75.016
151.08
84.104
37.368
84.192
72.856
32.28
150.944
84.368
206.632
32.256
72.92
124.144
81.608
32.032
74.52
72.872
122.584
37.016
152.672
73.104
74.76
81.792
32.248
151.112
201.936
123.624
72.688
83.112
150.976
123.8
128.664
202.688
207.352
153.176
124.064
202.952
81.016
74.84
71.904
123.528
202.616
73.504
202.992
82.68
72.744
82.768
206.56
151.656
203.432
152.12
81.184
32.368
73.984
204.072
32.76
72.912
124.648
207.8
32.584
128.904
202.976
37.08
74.264
129.568
32.352
81.256
82.84
37.744
152.328
130.032
32.416
129.92
202.904
150.968
32.592
37.456
32.68
81.744
74.368
209.432
74.256
37.92
74.208
72.592
32.096
73.984
82.304
74.192
202.48
72.2
73.968
129.088
124.256
72.176
32.088
72.152
201.976
150.64
123.464
129.528
202.152
128.632
207.12
72.608
82.616
37.496
82.504
129.584
202.592
129.672
73.88
129.36
82.768
151.248
123.456
129.536
82.744
151.224
74.232
37.112
123.32
74.408
151.104
123.496
129.392
152.784
72.68
123.872
72.568
123.76
81.256
82.648
123.936
151.632
124.024
129.304
74.712
124.4
129.28
82.688
74.608
129.256
128.944
73.84
123.928
128.608
152.216
151.296
82.904
151.384
202.392
74.88
124.768
81.016
124.456
123.744
150.896
202.632
123.72
207.176
72.664
152.272
129.352
123.936
207.84
152.224
72.592
82.312
152.2
151.368
122.888
82.576
152.664
128.744
82.368
73.232
202.016
151.096
74.104
151.184
74.192
152.48
73.696
81.016
73.008
152.36
123.848
72.784
129
201.384
201.472
123.16
151.024
201.048
128.24
72.728
151.176
128.792
150.928
129.016
152.24
82.528
72.768
82.704
82.456
73.968
72.504
202.032
82.72
73.808
72.472
82.304
128.56
81.448
124.072
73.96
202.448
81.112
74.336
74.024
72.976
152.312
73.064
73.152
74.488
207.24
151.128
123.84
128.944
123.016
149.768
71.256
81.144
73.28
71.432
151.568
124.056
129.224
71.072
124.096
129.36
72.984
149.248
124.272
71.136
72.472
129.352
71.4
202.312
149.752
128.84
82.576
82.464
201.552
73.44
150.28
151.592
123.656
207.56
124.12
151.608
81.432
124.096
207.72
73.784
81.808
124.472
149.896
152.36
82.184
124.648
150.272
124.736
82.56
124.824
150.648
124.312
129.536
128.304
146.4
83.336
206.888
149.424
82.576
83.112
129.064
149
145.952
141.68
146.152
144.64
139.632
207.72
124.344
140.008
124.432
138.696
81.016
137.104
129.592
124.072
81.68
136.968
129.256
136.344
202.224
129.432
136.52
137.256
135.808
130.096
129.984
201.664
208.072
136.752
129.76
129.648
133.952
129.136
201.816
125.88
131.616
129.568
202.08
207.584
202.056
202.432
122.296
120.984
126.52
129
126.208
129.088
123.896
119.112
122.448
129
121.624
121.312
116.464
129.152
119.888
114.64
123.776
114.128
111.016
110.48
123.704
129.16
110.144
207.6
105.248
107.984
105.336
123.872
129.024
103.912
106.448
129.2
128.88
207.368
129.256
207.72
207.808
207.296
102.784
129.472
124.12
129.224
129.2
129.376
202.36
202.424
202.4
129.28
123.952
129.32
124.104
123.992
129.496
123.88
129.472
201.744
129.136
129.224
123.696
129.264
129.016
124.088
124.176
124.016
128.808
129.136
207.224
122.608
129.392
207.68
123.328
123.08
205.984
206.072
123.256
127.512
123.296
205.8
123.184
127.888
201.672
206.064
128.24
199.8
206.704
128.392
195.952
128.232
194.192
192.144
206.448
205
188.472
199.704
186.264
198.368
198.144
196.32
177.48
194.272
176.944
192.088
172.36
189.128
188.216
185.48
168.664
182.144
164.016
181.92
162.08
161.656
160.232
160.32
177.024
156.672
156.76
174.864
167.68
154.512
154.464
165.296
164.384
154.016
154.192
154.08
154.056
154.104
