25.152
27.728
28.728
29.816
28.904
29.992
29.28
29.968
27.256
31.344
28.592
29.816
30.616
31.704
27.28
31.056
32.816
32.256
30.08
31.344
29.232
28.92
37.408
34.896
32.584
28.016
29.872
31.944
27.36
30.848
34.536
30.624
33.112
31.4
29.288
33.68
33.176
28.304
31.464
38.952
36.64
31.328
29.816
31.592
38.904
27.392
33.68
39.568
37.456
33.544
26.504
34.432
31.12
29.208
37.096
32.384
40.408
31.672
31.56
45.848
32.736
31.024
35.312
32.4
37.688
31.976
42.464
42.552
30.68
31.304
36.84
32.128
31.016
36.616
29.304
42.504
31.392
35.68
33.368
37.256
29.528
31.592
37.944
40.304
34.832
27.792
34.92
30.008
31.296
29.304
29.08
40.984
27.192
43.672
29.392
31.96
28.28
41.248
33.536
35.024
40.112
27.728
35
28.888
37.304
29.376
39.264
31.552
31.992
33.64
34.128
31.816
38.48
35.304
29.728
37.992
34.88
35.968
32.456
29.928
35.544
30.416
32.232
38.92
34.008
38.896
44.584
35.672
29.56
29.016
32.248
28.504
41.136
44.824
38.168
33.712
31.6
30.288
26.728
35.576
33.464
32.952
48.44
38.928
37.616
34.304
45.592
31.304
32.08
37.792
36.368
36.456
36.144
38.432
34.816
33.32
30.504
35.408
28.496
26.528
33.184
33.672
34.16
31.448
25.328
38.536
31.624
30.912
39.728
31.4
32.088
36.44
38.976
27.528
29.264
31.752
39.816
49.64
31.928
29.416
30.104
35.304
36.592
39.88
40.304
37.768
35.856
33.144
37.832
38.72
29.408
35.728
46.296
32.784
34.016
32.672
34.792
33.96
33.048
30.536
31.592
40.824
32.712
29.6
28.488
36.776
30.864
26.616
32.952
32.64
40.928
39.216
37.504
46.592
33.68
36.768
30.256
27.816
42.544
31.832
41.92
25.152
45.408
44.896
33.984
34.672
34.904
42.56
35.048
32.736
48.824
34.056
33.512
39.992
37.4
30.888
40.976
38.664
29.752
34.44
35.128
32.416
42.104
39.592
52.08
37.44
35.568
36.616
34.456
47.944
33.032
33.12
31.616
39.808
30.296
43.368
43.984
35.672
37.36
47.048
35.736
44.224
31.104
32.712
31.592
34.8
30.304
34.488
30.528
33.976
30.016
33.064
40.304
39.152
28.592
40.84
34.128
35.216
45.104
33.592
27.816
31.28
29.904
33.768
41.856
50.256
40.744
45.432
38.32
39.208
47.68
34.296
29.768
44.184
29.856
34.272
47.76
41.248
39.936
29.768
37.824
25.256
29.728
36.512
40.88
34.6
29.48
40.288
44.976
43.464
30.592
38.152
37.24
34.728
39.328
34.616
41.504
26.528
37.592
36.28
29.304
33.168
34.656
37.744
33.728
37.032
32.72
32.808
38.696
27.728
33.184
29.216
38.272
37.16
35.048
41.136
29.816
49.424
45.512
54.2
28.016
42.688
29.304
51.376
39.064
35.552
44.84
34.528
30.616
26.528
44.904
36.792
54.08
27.728
34.968
35.656
43.144
49.032
37.232
34.52
32.408
28.104
38.696
43.184
44.272
34.76
33.216
40.848
37.704
39.936
37.424
41.912
33.728
48
28.216
32.488
29.704
37.568
38.376
30.192
44.064
29.392
40.352
46.24
42.928
28.016
26.792
37.416
36.504
35.392
39.68
38.768
36.656
38.368
31.344
34.232
26.528
31.32
44.408
37.896
36.184
29.016
36.272
32.16
31.192
38.048
27.88
36.136
32.168
27.816
37.024
45.512
46.8
30.016
25.152
38.888
27.84
34.376
49.864
35.552
37.016
41.04
38.016
36.328
42.616
42.104
43.392
28.016
41.28
46.504
37.168
27.016
38.656
35.344
37.232
27.104
45.32
34.992
36.808
36.696
55.384
38.472
33.96
34.648
43.536
27.88
48.224
36.312
35
38.288
32.376
34.864
36.352
34.84
40.328
40.416
40.104
33.992
53.592
40.08
31.016
45.08
34.568
39.816
61.656
38.544
37.032
47.72
29.392
39.008
39.096
25.328
37.584
38.272
28.44
35.16
33.648
33.136
34.024
43.912
33
36.192
35.888
50.976
37.264
40.352
42.24
39.328
33.416
29.304
37.304
49.592
35.68
34.968
46.592
36.656
34.944
44.304
38.432
42.32
43.008
37.496
34.984
32.072
33.728
34.36
31.616
42.248
29.304
34.536
36.224
28.304
40.512
44.2
36.688
36.776
41.464
32.592
49.352
38.84
37.328
29.392
44.416
31.68
36.704
34.392
34.28
37.168
39.816
44.456
41.544
27.816
35.232
27.016
29.904
34.72
27.904
42.208
27.616
49.496
29.104
36.184
49.472
34.16
27.504
45.592
47.448
30.88
39.936
27.68
39.024
36.312
34.304
45.4
46.288
38.144
36.376
36.016
37.864
46.352
28.016
34.44
41.928
34.992
42.416
29.48
34.504
48.992
43.48
45.08
29.768
35.168
45.256
40.144
34.392
47.232
38.32
42.608
39.496
28.44
40.384
57.672
36.96
29.728
45.248
45.736
41.624
37.44
40.512
29.728
43.4
47.288
31.592
37.576
45.264
39.952
35.84
36.728
43.392
34.416
36.504
43.592
39.08
29.728
38.368
36.456
37.344
29.728
35.432
36.32
45.208
37.096
29.528
41.584
41.272
41.16
38.648
33.936
30.016
41.424
27.528
35.712
44
35.288
32.976
31.016
36.064
29.304
48.152
35.904
35.44
29.016
38.928
28.568
27.504
39.616
38.392
35.704
49.392
37.28
29.656
40.568
34.056
35.144
39.632
40.12
30.48
32.408
26.168
41.496
45.784
45.472
29.304
35.56
27.44
45.048
37.336
39.224
47.312
39.2
46.288
37.376
33.064
33.552
44.04
43.128
42.416
30.08
25.152
38.704
27.968
36.792
37.28
54.168
36.856
33.944
38.832
47.92
45.408
36.496
41.184
36.672
31.592
49.76
42.648
29.104
35.936
43.824
46.312
33.8
35.888
43.376
33.864
41.952
30.016
41.64
36.328
39.616
35.904
54.992
45.88
39.568
26.44
29.728
49.656
38.744
40.232
31.016
37.72
41.208
42.096
29.728
36.44
49.784
44.472
37.56
38.048
53.536
44.424
50.312
38.4
25.24
41.888
30.304
42.576
31.592
37.664
42.552
54.24
41.328
44.616
36.104
48.392
36.28
29.728
27.728
36.368
41.304
44.656
25.24
48.944
32.728
41.032
38.52
42.808
41.496
28.016
49.384
43.272
41.36
53.048
38.536
35.224
27.992
38.712
53.6
38.488
45.376
44.264
29.48
43.552
31.592
41.24
39.528
38.216
42.304
31.592
38.192
49.48
41.768
46.056
25.152
42.544
28.304
51.032
41.72
44.208
38.496
40.584
25.24
48.472
26.928
40.36
42.848
48.336
39.824
41.912
53.2
44.088
38.976
48.264
42.552
39.24
46.128
40.016
44.304
25.152
51.992
27.84
51.68
30.304
41.968
37.792
40.056
28.88
40.544
53.032
40.52
38.608
43.896
45.784
42.472
49.36
46.248
28.44
38.336
41.624
40.112
45.8
47.288
26.152
38.576
28.304
58.864
39.552
29.728
43.44
46.128
49.216
48.904
50.792
48.28
43.728
51.968
39.816
40.856
45.544
37.44
34.816
41.232
40.92
30.592
39.808
40.696
37.784
45.472
28.304
45.36
27.192
43.848
38.136
49.224
30.304
25.152
40.312
31.44
41.8
36.44
44.288
39.304
37.976
27.992
42.064
48.152
40.04
41.592
45.128
49.416
35.728
42.504
50.792
30.856
38.68
45.768
51.456
45.944
34.88
41.832
61.12
30.368
51.208
39.096
53.784
29.304
44.672
46.76
44.448
50.536
39.224
53.112
44
52.288
67.776
29.656
57.664
45.552
26.44
28.68
43.84
50.928
41.416
42.904
42.192
55.88
39.568
30.016
45.256
51.344
45.232
29.728
41.92
34.416
39.808
41.304
50.296
28.192
41.984
30.68
58.072
43.16
40.08
44.648
30.68
49.536
27.168
50.224
47.112
39.8
49.688
44.976
40.264
36.44
44.552
39.44
51.528
42.816
44.304
40.392
54.88
43.768
30.216
52.256
30.192
51.944
29.48
45.832
43.52
51.008
41.696
39.384
39.272
30.016
51.36
27.016
48.248
40.992
42.736
29.68
45.624
31.768
42.512
45.8
53.688
42.976
27.904
44.264
51.552
29.44
46.24
37.528
49.128
50.416
37.44
46.904
39.728
36.104
42.992
48.016
45.88
40.968
47.656
47.544
44.832
43.12
28.392
42.608
44.296
51.184
28.016
42.272
35.704
47.36
29.792
48.248
29.28
54.536
45.224
29.816
43.112
38.6
28.728
40.488
39.776
44.664
55.152
43.04
35.728
59.128
33.816
42.616
47.904
29.392
42.192
50.28
42.168
47.056
51.544
63.432
40.32
28.016
50.008
37.016
44.696
38.784
47.472
42.76
41.048
52.736
48.424
30.728
42.312
28.816
25.24
49.4
50.688
44.576
34.016
41.864
46.352
27.728
47.04
47.128
29.304
46.416
42.704
31.592
28.304
52.592
42.88
28.016
41.768
43.656
29.728
45.744
40.232
55.92
30.08
42.608
53.496
52.784
42.272
40.36
29.44
47.848
49.936
34.816
58.024
50.312
46.4
51.288
42.776
40.464
40.952
43.04
41.128
31.728
49.816
48.304
46.792
43.68
44.168
31.016
42.056
29.728
46.144
51.032
56.52
54.808
30.392
45.496
42.48
47.184
28.016
50.472
44.56
34.792
46.248
29.48
50.136
26.368
49.224
29.456
42.712
34.144
50
44.088
29.816
51.376
42.064
45.552
28.728
44.64
47.128
57.616
41.104
56.592
25.152
30.44
41.48
45.968
45.456
44.744
48.032
43.32
47.008
44.496
25.328
38.384
43.472
46.36
39.648
31.568
44.736
48.024
30.68
43.712
57.6
49.688
44.176
42.264
55.552
36.792
44.44
42.928
42.216
46.704
54.792
51.68
29.392
36.44
55.168
45.256
39.944
29.016
43.832
40.12
46.608
29.416
49.696
47.584
48.672
28.016
59.36
44.448
42.336
30.616
58.024
46.112
40.2
37.616
63.288
45.376
31.304
40.264
45.752
62.04
47.88
42.928
48.016
45.904
43.992
40.68
51.368
48.856
27.816
55.544
30.504
48.032
28.592
46.72
43.808
43.896
45.584
29.016
41.872
27.104
46.56
58.648
32.056
43.536
43.224
52.112
46.8
47.488
33.768
58.776
31.856
61.664
42.952
45.64
30.256
41.528
30.944
45.416
51.704
32.728
26.528
45.592
45.68
32.728
60.368
27.192
48.656
56.744
29.216
43.032
42.92
49.408
30.44
53.096
47.384
43.672
59.56
36.28
30.528
41.248
52.136
52.024
46.312
44.6
53.488
64.776
45.664
62.352
31.592
51.24
45.328
49.216
30.104
45.704
42.592
51.28
37.44
51.768
46.456
27.816
60.944
48.232
34.816
45.92
55.008
46.096
29.728
54.784
54.272
48.36
48.048
45.536
48.024
47.712
52.4
30.568
51.288
47.576
49.864
45.552
48.84
29.728
57.128
27.016
44.416
27.904
56.904
52.992
47.88
43.768
46.256
58.744
30.304
50.832
46.52
27.44
46.608
47.496
41.656
29.304
59.984
58.672
34.728
52.36
30.304
46.848
51.536
26.44
56.624
56.312
46
53.688
48.176
28.44
52.264
45.352
47.84
27.728
46.528
29.416
42.816
50.504
42.792
37.528
51.88
27.816
54.168
29.016
27.44
45.056
52.144
49.232
28.104
63.12
51.808
39.728
48.896
27.616
44.584
28.104
48.272
31.592
47.76
26.68
27.128
43.048
34.304
44.536
26.392
49.024
30.28
46.912
45.2
42.888
49.176
30.304
51.264
29.192
47.152
30.28
49.24
30.368
42.928
45.416
45.504
31.192
45.592
51.28
30.304
45.968
32.816
45.056
51.944
45.432
37.216
51.12
48.408
58.696
55.984
31.48
47.272
31.568
54.76
61.848
53.936
59.624
46.512
61.2
47.688
52.376
54.264
55.352
49.24
47.928
46.416
53.904
60.392
49.88
68.168
54.656
50.144
56.232
33.368
51.92
31.656
44.408
47.496
62.184
32.728
58.272
51.16
50.848
30.704
63.736
47.824
49.712
51.4
51.288
53.376
51.664
50.152
56.84
26.44
67.728
48.616
44.504
50.792
53.28
26.528
53.368
27.816
44.256
41.192
49.744
34.88
50.832
54.92
46.408
26.504
53.496
57.584
48.816
44.672
31.704
57.96
51.848
45.336
47.824
53.112
32.728
58.4
46.288
30.792
44.376
53.264
29.392
45.752
46.44
47.128
49.416
28.816
46.704
43.592
27.528
54.88
30.016
58.368
48.656
29.904
52.944
43.232
48.52
48.008
48.896
39.304
26.44
43.584
28.016
53.672
46.16
48.048
35.728
53.336
30.616
49.424
53.712
48.6
50.488
28.08
59.576
44.064
45.752
46.24
29.016
50.128
55.016
29.992
44.704
55.392
29.768
46.28
56.968
51.456
48.144
30.592
49.232
25.24
46.32
32.728
51.808
47.096
39.728
44.784
55.872
50.76
30.616
51.848
48.936
45.424
31.304
48.112
32.728
51
26.616
54.488
47.976
27.728
47.464
51.352
50.44
33.104
51.728
56.616
56.304
56.392
57.88
28.728
50.768
50.456
49.344
45.632
49.72
45.208
56.296
49.784
45.272
46.16
50.248
57.136
41.544
63.424
39.304
58.112
26.728
29.592
50.2
34.816
27.88
50.688
47.976
28.016
56.664
29.304
25.528
61.552
47.64
34.12
48.328
46.416
31.016
66.104
57.992
26.48
46.28
28.016
52.968
58.656
50.944
68.232
53.92
47.808
48.896
31.216
49.984
74.272
39.992
50.96
56.848
54.736
56.024
58.512
28.728
48.2
46.088
48.576
46.064
46.552
52.24
39.728
48.328
49.816
49.704
50.192
63.08
31.68
62.568
48.056
26.504
46.944
62.232
26.44
56.52
30.28
57.408
26.768
58.896
28.656
49.184
54.272
58.96
50.448
49.936
49.424
27.88
51.912
31.368
47.6
34.256
45.488
32.144
49.576
57.864
59.352
49.44
33.728
65.328
45.416
53.304
30.016
48.192
49.28
62.168
47.056
45.544
38.016
56.832
64.12
54.208
33.768
47.296
29.08
49.384
28.168
50.472
25.256
55.96
31.144
47.048
46.536
60.824
48.112
31.744
46.4
52.088
29.728
54.376
48.864
50.552
59.24
51.728
55.216
57.904
49.792
61.48
36.528
54.168
57.856
51.344
30.88
58.232
34.88
47.12
30.192
49.608
47.296
61.784
31.592
49.072
57.76
59.048
53.336
25.152
48.624
49.512
66.4
29.304
52.288
48.576
52.064
46.752
48.44
36.792
51.128
28.192
62.616
26.792
64.504
30.48
56.592
29.568
55.68
50.968
52.256
50.544
48.832
54.92
53.608
34.232
50.296
56.784
62.872
64.56
48.648
58.136
30.368
51.224
29.504
55.112
45.8
25.152
31.016
58.488
54.976
30.44
61.464
61.352
46.44
30.304
51.128
52.416
51.304
25.152
45.192
56.68
25.152
49.368
48.256
52.144
62.632
55.72
27.792
57.608
51.896
31.728
51.184
29.44
48.872
50.36
53.848
26.904
33.728
55.136
33.016
47.624
37.104
54.312
25.152
31.992
62
57.688
59.976
49.864
46.552
59.64
48.728
58.816
51.504
49.392
38.416
27.816
58.68
50.968
49.256
28.728
49.744
57.832
49.12
39.728
56.008
31.216
46.496
60.584
50.072
58.36
26.616
56.448
56.536
73.624
49.512
52.8
32.016
50.888
53.976
51.264
48.752
59.84
50.728
25.616
53.416
27.904
29.728
56.904
27.928
51.792
51.48
37.104
47.168
60.056
50.544
52.232
49.32
37.44
51.808
28.728
54.896
56.784
59.072
27.704
52.36
30.792
51.848
26.68
55.736
52.624
68.912
29.48
59.4
52.288
29.328
48.176
46.016
54.464
32.904
53.752
66.84
61.328
30.28
60.416
29.304
52.904
27.592
71.392
32.08
50.68
49.368
34.984
65.456
50.544
41.304
61.432
51.32
54.008
26.328
50.296
68.384
54.072
39.728
47.76
57.048
50.536
50.624
54.312
31.768
56.8
37.504
61.688
72.176
33.592
50.264
30.08
54.152
49.44
30.28
53.928
52.216
32.704
47.304
64.792
31.08
50.68
50.368
58.856
71.944
51.632
54.72
30.304
54.608
27.704
50.496
33.168
56.984
56.272
51.16
49.848
49.936
50.024
38.016
55.712
53.2
30.08
52.288
62.176
25.216
53.264
64.352
28.392
31.768
61.84
50.128
55.616
51.104
47.792
54.08
28.104
60.168
45.592
25.152
51.656
49.544
50.832
57.32
30.392
55.008
52.496
33.816
48.184
55.272
53.76
61.848
71.536
70.224
55.912
52
43.68
58.888
30.904
41.568
55.576
27.192
33.456
58.064
55.552
64.84
31.304
51.528
58.816
28.104
49.904
31.792
50.392
50.08
61.968
60.856
39.728
54.344
53.016
52.032
69.32
29.728
50.008
50.896
50.984
56.872
26.152
53.96
28.64
55.048
30.304
26.528
59.936
47.024
59.112
58.8
28.616
79.288
52.976
30.992
50.664
28.304
55.352
31.504
54.84
52.928
58.016
48.904
53.992
27.104
50.08
51.968
55.056
39.304
52.144
27.016
53.232
48.12
48.808
31.68
53.496
25.568
51.184
47.672
53.76
52.448
29.016
54.136
41.304
50.624
47.712
34.728
56.6
63.088
53.176
60.064
31.592
53.952
55.44
57.928
52.016
27.44
46.704
34.816
51.792
52.48
56.168
39.728
64.656
51.944
48.832
54.12
37.792
63.608
50.696
52.584
37.44
52.672
48.36
50.248
29.328
60.536
29.104
57.424
26.192
53.312
30.48
52.6
57.688
54.376
60.464
29.728
66.552
57.24
62.328
49.416
51.104
26.152
51.192
52.48
53.968
51.256
54.144
48.032
51.12
57.408
60.496
58.384
54.872
27.728
25.152
61.96
33.816
28.44
51.448
29.504
52.536
58.424
54.912
59.6
27.016
66.888
56.776
54.064
54.752
55.24
46.928
53.616
26.44
33.592
52.704
33.728
50.592
57.28
45.68
53.768
49.656
47.744
32.816
55.032
30.44
47.92
50.208
53.296
53.384
55.272
53.56
49.248
68.536
63.824
56.512
49.2
29.304
48.688
27.792
48.776
46.864
52.952
52.84
31.304
55.928
34.728
50.616
61.904
28.104
52.592
55.48
35.48
49.368
52.456
49.144
37.792
51.432
50.12
28.368
64.608
28.528
55.096
52.784
54.272
50.16
52.448
69.136
66.024
49.312
61
61.888
53.376
52.664
27.016
57.952
49.24
30.304
49.728
59.816
50.904
53.592
53.48
52.968
31.192
50.856
30.08
63.944
57.832
54.52
28.728
54.608
28.304
55.696
51.184
27.728
53.872
29.104
59.96
51.048
58.736
51.024
31.704
48.912
56.4
43.432
51.288
29.92
62.976
69.864
66.552
63.04
51.928
56.016
30.44
64.504
48.992
56.48
61.568
58.256
53.344
52.032
58.52
29.816
76.408
48.296
32.728
52.584
27.816
50.672
29.504
48.56
62.248
55.736
29.392
62.624
52.712
28.616
56
26.44
49.688
52.576
50.664
52.552
49.64
53.928
53.616
59.504
63.592
57.08
29.104
51.568
27.44
62.456
61.344
61.032
64.92
58.408
57.496
51.184
44.304
67.072
29.192
27.016
53.56
65.648
64.936
55.224
35.904
63.112
29.792
53
53.888
55.176
28.104
59.864
31.192
54.552
29.304
27.728
56.64
57.728
31.44
27.904
53.216
62.304
53.592
53.08
50.968
50.856
60.544
56.432
54.12
66.608
35.728
52.896
31.816
63.384
37.504
61.872
57.16
66.648
35.192
55.336
27.44
55.824
61.112
64.6
61.488
50.976
29.728
56.464
60.352
60.24
31.016
55.928
56.416
53.904
54.392
52.48
53.168
62.456
51.944
45.88
33.728
53.032
36.768
61.52
57.208
62.896
61.184
28.192
67.472
57.16
65.448
51.736
55.024
57.512
32.728
53.6
60.288
63.576
56.064
33.304
57.552
54.44
54.128
54.216
59.704
53.392
57.68
68.168
58.056
64.544
55.232
29.768
68.12
35.728
65.008
53.896
73.384
28.104
26.728
59.872
57.36
28.616
54.248
62.336
54.024
27.44
55.312
61
27.016
56.888
52.176
40.728
55.264
58.552
63.64
62.328
27.88
27.728
65.016
30.616
62.704
68.992
58.88
38.016
52.968
61.656
59.544
30.44
69.232
61.32
65.808
30.016
55.896
61.984
57.472
59.96
60.048
30.528
61.536
63.824
59.112
54.6
56.888
27.528
76.176
41.016
55.864
55.152
28.016
67.84
59.328
52.416
57.704
30.616
59.792
63.08
59.168
59.256
55.544
64.832
58.12
26.44
58.008
52.896
29.816
52.984
32.904
55.672
52.76
54.648
56.336
67.024
30.304
55.112
37.504
59.2
59.088
62.176
68.664
64.752
58.04
27.728
55.528
62.016
55.904
52.992
62.28
53.168
68.656
60.544
27.728
62.432
34.016
30.416
57.52
53.608
29.016
56.296
34.016
54.384
57.072
66.56
65.648
39.304
29.304
56.936
62.624
27.44
59.312
29.528
67
36.016
55.488
29.904
58.976
29.392
28.392
60.664
56.952
54.84
55.728
69.416
54.704
65.392
59.68
62.568
27.528
63.656
64.344
30.592
54.832
29.68
59.92
59.408
72.496
58.184
63.472
27.992
57.96
61.448
69.736
62.624
26.904
29.016
55.712
37.704
58.2
29.192
55.488
58.376
70.064
31.968
60.152
55.44
58.528
28.792
54.616
66.904
73.392
61.28
29.08
57.568
64.856
57.344
59.032
66.52
58.008
61.896
70.584
58.472
66.76
30.304
59.848
27.792
58.736
62.224
25.24
58.712
66.4
36.016
54.288
58.776
65.664
64.752
81.04
59.128
29.544
56.616
30.904
65.704
60.192
74.28
70.768
56.056
55.944
63.432
71.52
78.208
72.896
65.184
43.016
63.272
29.968
57.76
64.048
65.136
56.224
31.592
60.112
60.2
57.488
64.576
63.264
64.152
59.84
57.528
30.368
43.168
62.016
64.504
66.992
60.28
68.768
40.944
66.856
31.68
59.144
27.816
61.032
60.72
58.808
49.968
66.296
32.056
66.184
33.744
59.872
61.36
55.848
57.136
70.424
55.512
60.2
58.488
58.376
73.864
69.952
71.24
69.528
39.816
57.016
59.504
57.192
35.728
64.68
56.968
62.656
69.744
70.232
28.816
69.72
61.208
27.44
61.096
29.328
65.784
36.992
66.472
38.392
68.96
61.448
67.136
66.224
36.08
88.312
29.968
68.4
44.632
71.288
40.92
71.176
63.264
29.904
60.352
59.44
27.816
68.928
61.016
41.08
56.704
63.792
31.304
68.88
65.168
57.056
65.144
27.728
64.632
29.616
29.44
59.72
29.304
67.808
63.496
59.184
36.016
62.472
65.76
58.248
29.016
57.936
63.024
63.712
58
68.288
77.376
65.264
35.728
60.152
66.24
67.728
60.216
63.304
56.592
66.08
59.968
64.856
62.344
71.632
56.32
65.208
31.016
59.096
67.584
67.272
28.48
29.016
62.16
30.304
60.648
41.392
64.736
29.08
62.024
26.568
59.712
43.856
28.392
62
27.08
60.888
63.576
79.864
59.352
30.304
68.84
26.656
61.928
26.328
71.416
29.416
59.904
36.304
60.392
62.68
65.568
70.256
29.016
57.944
69.032
58.32
75.608
67.096
61.184
72.472
61.16
26.44
68.848
67.336
31.48
61.824
60.712
70.6
29.304
60.288
65.776
67.064
67.952
60.04
39.728
76.128
61.416
64.504
65.392
39.304
59.68
68.768
59.256
29.728
75.344
67.832
28.304
58.52
39.728
31.592
76.008
31.68
68.296
62.184
59.272
63.16
26.504
59.248
29.104
60.736
65.424
29.104
61.912
73
67.688
60.576
58.464
63.152
67.04
64.528
58.616
65.704
80.192
62.68
29.016
67.568
67.256
37.016
74.544
70.232
63.52
32.904
67.008
33.792
68.096
65.984
67.272
77.16
62.448
32.816
71.536
28.904
60.024
71.712
26.728
60.4
66.888
72.776
62.864
76.352
75.04
32.304
60.728
30.392
76.016
27.88
64.904
72.392
63.08
30.728
60.768
26.616
30.016
69.456
36.504
29.728
72.144
60.832
63.92
64.008
37.016
67.696
65.184
63.872
25.152
60.96
67.048
62.136
28.016
69.024
31.592
64.112
27.528
72.4
61.488
78.576
69.864
62.152
71.84
28.28
73.128
67.016
65.504
75.192
74.48
64.768
67.256
31.68
69.544
72.832
66.12
63.008
64.896
26.64
32.056
69.384
70.672
31.832
66.56
72.448
30.872
70.936
65.424
64.912
30.104
62
71.088
62.376
28.44
62.464
59.952
28.616
61.44
79.128
45.48
71.216
27.104
74.904
61.992
65.48
70.168
65.856
40.88
71.144
28.44
66.232
64.52
62.008
30.392
60.096
30.88
73.784
71.872
62.96
69.448
74.136
26.44
70.824
71.512
63.4
64.488
29.104
63.176
67.264
27.08
72.152
39.304
66.84
26.192
60.528
38.08
62.816
68.504
28.304
63.592
33.728
25.392
62.68
62.768
75.456
29.904
68.744
30.392
68.032
33.768
75.12
72.408
31.68
35.08
70.696
36.768
66.384
72.272
27.728
67.16
66.448
39.68
67.936
84.424
63.712
67.4
65.088
63.776
72.864
30.528
27.816
85.552
75.64
63.328
71.016
63.704
68.992
61.88
27.728
29.168
73.968
30.056
70.056
78.944
32.816
69.832
66.52
75.008
64.896
65.984
36.44
66.672
27.528
64.96
63.048
68.736
71.224
65.112
37.616
71.4
49.504
70.888
39.792
63.776
30.304
61.464
26.152
71.952
28.04
76.44
66.728
65.416
66.304
70.392
82.88
61.568
30.592
70.256
30.68
66.544
61.632
30.48
63.92
72.008
34.792
62.896
70.984
77.872
75.96
31.44
64.848
79.136
28.68
67.624
74.512
29.728
70.8
65.688
67.976
32.392
72.864
69.752
41.016
78.64
43.304
65.728
71.416
27.728
75.504
29.304
70.192
71.28
69.568
62.256
63.544
39.728
78.232
31.304
65.72
66.608
27.728
65.296
74.784
77.272
33.568
65.96
38.104
64.048
64.736
71.624
71.312
68.2
68.688
63.376
73.864
28.728
66.552
43.016
77.64
64.328
63.216
76.504
63.992
77.28
69.568
30.816
70.056
29.304
30.016
74.344
68.432
62.52
65.408
28.44
69.096
75.984
64.072
41.68
62.36
63.248
73.536
27.816
66.024
72.712
69.4
30.44
71.488
64.576
78.464
27.44
68.352
36.016
63.04
38.504
65.928
63.416
65.104
78.792
66.28
35.728
66.768
79.456
64.544
74.632
31.44
64.32
73.808
29.016
76.696
27.704
64.184
26.44
65.672
31.016
34.816
70.56
73.448
83.136
73.424
66.512
66.4
64.888
64.776
73.264
39.728
78.552
63.84
46.88
28.192
73.928
47.68
66.016
31.768
67.504
32.256
70.192
27.944
72.28
27.44
63.168
27.528
85.656
38.216
29.44
60.944
31.328
67.632
72.72
64.808
28.616
62.896
64.184
39.304
25.216
68.872
29.392
69.56
63.048
69.336
79.824
68.512
68.6
62.288
64.376
67.864
65.152
61.64
73.928
26.152
73.616
68.704
25.152
33.168
83.392
67.68
28.392
66.768
33.592
65.856
65.544
63.432
70.92
72.608
61.296
73.384
64.472
73.36
63.048
28.48
66.336
27.816
76.024
28.304
66.112
34.728
72.6
28.016
69.088
28.904
73.576
30.592
62.064
66.752
75.44
64.328
70.016
61.904
64.992
67.48
68.968
70.256
68.144
66.232
68.12
64.008
64.096
65.984
29.28
81.672
73.56
66.448
67.736
65.424
66.912
72.4
63.288
62.576
29.016
73.064
31.744
69.352
61.24
70.928
67.016
89.904
62.592
66.88
37.016
65.368
38.504
60.456
29.192
34.728
71.544
67.232
69.52
31.68
81.608
65.296
66.384
31.592
60.472
74.76
40.728
25.152
68.648
45.504
65.136
77.224
31.304
66.312
30.592
71.8
28.392
73.288
29.904
61.776
65.264
73.752
28.304
73.04
31.48
67.128
28.816
73.416
83.704
68.392
30.304
63.88
27.528
75.168
66.456
61.944
38.592
74.032
31.68
66.12
30.168
73.208
68.496
73.184
62.472
27.44
65.36
32.128
66.048
71.936
71.624
26.816
84.512
75.4
65.488
70.376
75.864
67.552
32.992
72.64
25.152
75.128
70.816
26.528
70.304
67.592
28.44
74.88
65.968
68.056
68.544
65.632
67.32
68.408
31.44
72.296
28.928
67.384
30.416
62.872
66.56
33.728
75.248
68.336
73.624
37.104
70.912
63.6
66.088
30.568
65.776
65.864
79.352
65.44
63.928
31.44
75.416
27.016
64.104
77.592
65.68
30.592
62.768
31.44
73.856
68.144
66.032
31.44
66.92
62.808
64.896
69.984
71.672
27.728
31.68
75.36
65.848
69.736
72.624
66.112
71.4
31.592
75.688
30.44
76.376
63.864
63.752
69.24
63.528
29.728
63.416
75.104
69.192
77.88
63.968
73.056
84.744
69.032
30.304
72.72
75.008
66.096
72.784
69.672
29.728
63.76
74.248
39.728
31.592
80.136
75.424
79.512
67.6
69.688
70.976
30.016
65.264
66.152
28.44
86.64
65.528
75.416
68.304
71.792
69.28
34.816
68.768
75.856
30.304
66.144
41.48
64.432
69.12
28.104
68.208
30.192
66.096
30.68
75.784
31.568
71.272
40.256
71.16
30.144
68.648
72.936
74.024
68.712
66.6
75.288
69.176
30.928
66.264
71.152
31.304
31.016
74.84
29.016
78.528
29.816
69.416
74.104
39.728
67.192
66.68
29.728
71.368
64.256
37.104
68.744
75.232
70.12
68.608
80.296
69.984
70.672
65.56
73.248
30.304
75.536
74.624
73.112
33.592
83.2
69.488
27.704
68.776
26.392
66.064
63.952
67.44
67.128
62.816
68.904
72.992
29.016
65.28
65.368
72.056
67.944
78.232
31.016
67.32
36.44
30.392
78.208
37.48
66.096
69.184
63.472
36.592
74.16
65.248
77.936
70.224
36.08
74.112
67.8
73.088
85.176
28.016
65.464
74.152
78.44
28.616
75.728
32.304
66.816
40.056
74.104
71.792
77.48
69.768
75.056
75.744
67.432
74.92
70.408
69.096
65.584
65.472
28.016
65.36
67.648
31.592
75.136
67.624
72.312
25.152
32.968
70.2
71.288
73.776
81.464
84.552
66.24
31.68
76.128
69.816
31.016
73.904
78.392
71.88
67.368
66.656
72.144
68.432
76.52
74.608
64.696
68.184
67.872
64.96
67.248
29.304
67.936
68.424
76.312
29.528
73.4
34.816
39.88
74.488
28.568
65.976
82.664
67.952
71.24
27.728
71.728
72.816
69.704
29.816
63.392
29.728
68.68
67.368
75.656
33.992
30.44
80.744
66.032
76.12
69.608
76.096
29.704
69.584
78.272
27.528
73.36
69.048
69.936
79.624
67.512
27.44
81
66.688
32.48
74.376
30.304
68.464
84.152
76.84
34.016
73.528
72.016
81.904
78.992
26.44
67.28
73.768
68.856
29.304
78.944
26.152
67.232
70.12
29.392
71.608
70.096
71.784
29.44
31.104
69.072
39.392
76.76
35.08
75.048
28.768
77.536
71.224
28.504
71.112
80
69.288
26.152
75.976
72.064
69.352
69.04
68.528
31.016
72.216
70.104
68.392
75.08
34.016
82.368
77.856
30.392
72.944
35.08
68.632
39.656
31.168
68.72
29.544
70.008
26.528
71.296
30.568
68.784
71.472
69.16
68.048
81.936
26.528
73.824
70.712
34.728
72.2
40.592
73.088
39.568
69.976
76.464
77.752
72.64
73.728
71.816
81.504
31.592
70.992
37.88
42.08
70.08
67.768
68.256
70.744
72.032
81.52
92.408
72.496
29.304
70.784
69.472
75.96
28.08
74.248
72.336
38.304
71.624
26.64
78.312
67.4
67.288
29.304
74.576
52.168
68.064
67.952
77.24
67.528
76.616
65.504
68.992
68.88
69.768
27.016
78.456
86.944
77.432
68.92
29.168
65.608
31.456
77.496
69.584
27.816
77.872
37.504
39.728
68.56
71.248
75.736
76.424
70.312
76.8
69.688
27.904
71.976
75.664
68.352
29.304
26.44
79.44
27.328
70.528
72.216
80.504
75.192
83.08
81.968
72.656
80.944
28.616
28.016
76.232
35.904
34.904
85.32
27.792
27.392
72.008
26.48
71.896
69.584
29.728
80.472
75.56
84.648
81.536
82.624
94.712
75.6
71.288
28.28
74.376
85.664
79.552
31.592
85.04
27.728
31.08
77.928
77.016
30.304
74.104
75.192
76.08
72.568
29.016
78.256
30.016
77.744
74.832
77.12
28.816
79.808
75.296
71.784
73.072
30.728
77.76
69.848
27.728
84.536
75.224
75.912
30.592
32.104
74.2
74.288
73.976
80.264
28.728
72.352
39.816
81.04
31.904
91.528
26.392
36.016
75.216
34.08
71.704
72.792
70.48
72.968
77.856
68.944
76.632
79.72
29.304
73.208
70.496
67.784
80.072
89.76
82.048
78.136
68.224
85.512
73.6
73.688
66.576
29.016
71.664
68.752
71.04
68.728
66.616
30.304
66.504
72.992
69.28
78.768
74.856
72.944
69.432
71.52
76.208
85.696
67.784
72.072
30.68
79.56
83.248
28.504
74.536
69.424
77.512
74
85.088
29.304
85.576
70.464
70.352
69.64
73.728
88.416
32.816
26.704
77.504
71.392
27.728
86.88
28.44
71.768
29.328
76.856
76.544
28.616
84.432
70.72
73.008
69.296
71.384
71.472
69.96
85.048
73.736
70.424
39.816
72.712
30.44
70.2
76.488
26.152
78.576
26.44
39.64
74.664
78.952
81.64
79.928
28.704
80.816
27.44
80.704
72.392
74.88
69.568
72.656
69.344
69.232
72.72
36.192
74.008
75.696
73.984
87.272
80.76
82.648
27.44
74.136
70.824
30.44
81.312
81.2
76.488
79.576
80.864
71.352
38.528
27.016
75.44
46.816
78.528
72.016
38.304
71.704
69.392
73.48
80.968
75.256
94.744
76.232
30.44
85.72
27.728
71.608
71.496
76.184
80.872
69.16
78.648
70.336
31.68
78.624
75.312
31.48
71.6
72.488
75.776
36.792
71.664
77.952
73.24
80.528
88.816
71.104
82.992
88.48
86.168
36.44
75.856
33.768
72.344
27.728
81.032
29.768
29.44
69.32
34.056
77.608
72.696
75.384
71.072
27.728
25.152
74.96
82.248
79.136
45.744
72.624
71.512
83.6
77.888
68.976
70.464
31.704
75.752
27.728
71.44
30.016
78.728
28.904
74.416
38.016
91.304
73.792
72.08
70.568
71.656
70.344
74.432
74.52
75.208
72.096
26.528
77.784
69.272
71.36
77.448
72.536
71.624
69.512
70.8
80.488
81.576
73.464
81.752
28.44
74.44
83.328
75.616
36.016
75.504
78.392
73.28
79.168
30.44
69.456
29.304
79.944
30.44
70.232
68.12
29.768
76.608
70.096
70.784
75.672
68.16
80.848
75.136
79.024
30.568
71.112
34.792
74.6
76.088
76.976
76.264
78.352
75.64
39.728
86.928
72.016
41.304
77.304
83.992
74.48
76.168
75.656
84.944
69.432
49.68
71.52
74.008
73.696
69.384
79.872
74.76
71.648
29.304
76.936
30.792
85.024
28.656
78.712
69.8
82.688
26.44
69.776
40.016
77.864
40.704
78.752
73.84
29.728
75.728
33.416
72.216
34.304
70.104
107.192
67.48
37.44
77.768
67.456
70.144
28.016
69.632
31.904
77.32
78.208
69.696
72.584
33.816
76.272
83.76
68.648
39.992
77.536
85.024
73.512
30.368
76.6
39.456
79.088
73.176
80.064
75.552
76.84
31.304
72.128
37.592
72.816
32.08
36.44
71.904
31.768
36.328
83.192
38.056
27.216
80.68
79.968
74.856
76.944
69.432
38.504
71.52
37.328
77.008
28.104
79.696
34.192
83.384
28.08
75.472
31.568
72.16
68.248
29.304
83.936
80.624
34.816
85.912
72.4
76.688
69.576
71.064
29.304
75.152
76.04
31.44
45.88
72.928
77.016
26.528
68.104
66.592
73.28
73.168
71.056
72.944
79.232
26.152
36.016
74.92
71.208
28.016
82.696
43.168
83.384
79.672
81.16
29.256
74.048
67.736
72.224
80.112
90.2
40.816
67.888
30.016
71.576
88.264
31.28
79.952
79.64
78.728
80.016
76.904
37.192
71.592
29.88
69.48
27.968
73.568
31.856
75.856
27.744
82.344
75.432
80.12
89.208
92.696
80.184
46.656
79.072
79.16
70.448
30.304
70.136
74.824
39.728
71.512
41.216
70.6
33.304
69.888
84.576
67.264
83.752
39.304
69.24
71.128
81.216
27.44
26.44
71.504
89.192
67.68
89.568
27.792
76.656
78.144
29.104
91.432
80.32
72.008
31.768
72.096
28.256
67.984
73.072
79.16
67.848
72.536
71.624
72.112
73
71.488
76.576
72.264
72.752
70.64
75.728
70.416
71.904
76.392
29.08
81.28
73.768
80.656
76.544
71.032
76.12
71.808
31.728
80.296
67.384
30.304
70.872
34.88
71.76
69.448
37.016
77.136
73.224
75.512
77.4
91.288
45.632
71.376
27.016
81.264
73.152
87.24
68.128
78.616
70.304
29.304
71.192
76.88
79.168
73.056
31.104
71.544
92.432
72.52
35.816
73.408
79.896
27.904
38.016
77.584
26.592
31.104
73.872
31.704
71.96
67.448
70.536
80.024
69.512
70.4
71.288
31.016
34.728
75.376
95.064
34.728
71.952
30.44
72.04
69.728
72.216
73.904
68.992
27.44
68.28
29.928
70.168
76.256
68.944
72.432
72.52
90.008
74.496
30.392
26.152
77.184
85.472
67.36
83.248
73.736
70.224
68.312
34.992
94.2
27.728
71.688
72.376
28.44
79.864
77.152
73.44
69.728
30.592
74.216
76.704
73.792
30.016
72.88
70.568
74.456
71.944
26.152
29.016
70.032
77.12
27.728
73.808
70.296
70.984
35.728
84.872
28.44
73.56
69.648
70.136
82.824
71.712
67
37.44
70.888
72.376
31.016
25.24
70.664
29.504
73.352
37.792
72.64
78.528
90.816
79.904
29.192
70.992
70.48
68.168
73.856
72.744
73.632
75.72
27.704
93.208
29.792
74.296
73.384
71.872
73.56
31.192
69.848
74.936
28.016
72.424
72.512
69.4
69.088
28.016
84.376
29.016
74.664
70.752
84.24
72.928
78.016
90.704
31.704
36.104
79.792
27.44
75.28
84.568
67.856
34.104
67.944
74.632
88.52
70.808
26.44
76.296
74.984
69.472
87.36
71.448
72.336
73.824
74.912
31.392
80.6
73.088
30.304
80.376
70.664
74.152
76.84
72.728
74.216
79.904
78.792
29.904
71.28
26.216
80.368
37.304
79.856
42.592
74.544
40.08
70.432
78.12
28.728
83.608
28.216
79.696
31.704
72.384
71.072
70.56
31.304
74.048
27.528
69.536
34.216
80.824
73.712
85.2
74.488
30.344
73.776
87.264
34.728
75.952
79.24
89.328
88.016
25.152
75.304
76.392
81.88
75.568
69.256
75.544
31.592
72.432
28.368
80.72
29.728
75.208
80.896
70.584
73.672
80.76
72.048
75.136
69.624
74.112
79.8
69.288
79.176
79.264
69.552
80.84
76.328
77.216
31.704
71.504
81.392
37.016
81.08
86.168
39.728
73.056
77.744
75.632
71.32
72.608
30.88
27.728
89.296
30.304
80.984
71.272
72.36
73.248
25.24
69.536
29.728
81.424
69.912
73.2
78.088
25.152
34.68
78.576
36.64
31.44
73.064
80.352
30.304
80.04
25.392
71.728
74.816
39.728
73.504
70.392
38.016
86.68
39.904
79.168
25.192
78.856
94.944
72.232
71.72
69.408
72.896
74.184
28.016
82.472
69.16
74.848
75.736
71.024
27.904
70.712
74.2
71.088
77.376
29.392
69.864
74.152
30.728
73.84
29.816
82.928
72.416
28.68
70.904
68.392
71.68
74.368
75.656
73.944
75.432
31.304
71.52
27.728
28.192
72.608
71.896
79.584
74.872
82.76
29.016
85.648
40.104
69.336
74.024
72.912
68.4
28.128
72.888
37.616
71.776
29.704
73.664
90.152
87.44
73.528
96.416
39.728
78.704
28.616
68.992
84.08
70.168
86.456
72.944
73.632
74.12
73.408
34.016
68.896
28.104
71.384
68.472
29.816
72.56
67.848
83.536
31.104
77.024
75.512
89.2
88.088
73.376
26.816
68.664
79.352
73.24
69.128
74.416
28.016
76.704
77.792
29.304
70.08
78.568
31.928
69.056
84.944
27.992
80.232
80.92
75.608
76.496
27.528
69.784
74.672
29.904
77.16
28.016
72.248
80.136
26.44
79.224
81.512
79.2
30.44
27.904
75.888
80.976
72.264
74.352
86.44
30.416
78.328
29.304
68.816
76.104
73.192
29.016
78.08
72.968
69.256
73.144
80.832
70.32
90.608
79.096
29.392
74.384
73.672
76.76
74.848
41.104
76.736
39.592
69.024
82.312
79.4
71.288
36.68
72.176
79.264
86.152
30.592
69.24
37.016
78.528
69.216
76.104
78.392
74.08
86.368
83.256
30.48
78.544
71.032
79.52
73.808
73.696
32.704
79.584
31.592
73.472
76.56
83.248
73.936
72.024
75.912
30.392
72.8
74.888
72.976
28.44
80.464
34.88
72.352
71.04
79.528
69.816
27.88
69.504
83.992
73.28
78.968
34.08
74.056
29.768
75.344
26.44
75.832
27.128
81.92
81.608
27.016
73.696
75.184
80.872
75.96
27.528
89.448
69.136
46.592
75.224
75.912
78
29.304
72.688
30.392
74.576
68.664
81.552
80.04
28.816
79.928
82.216
36.44
70.704
73.192
26.44
89.08
75.168
77.256
78.544
73.232
72.52
79.208
77.696
73.984
76.272
81.36
73.448
32.656
70.936
76.224
28.016
70.312
76.2
35.816
69.088
72.576
73.864
69.552
32.832
75.04
76.528
80.416
82.904
73.592
72.48
26.528
79.768
33.48
73.856
31.704
71.944
68.032
29.728
86.92
38.016
71.008
26.504
79.096
82.784
75.472
77.16
68.848
81.536
75.224
73.912
72.6
76.488
72.776
74.064
78.152
83.04
75.528
82.016
78.704
77.792
69.08
81.968
28.728
74.056
84.144
70.832
76.72
33.192
70.608
37.392
77.696
73.784
85.272
29.28
91.16
70.648
76.536
74.624
84.312
28.44
90.2
71.488
69.976
86.064
31.392
70.952
27.68
83.44
74.728
32.968
83.616
78.304
81.392
31.592
69.68
30.68
79.968
69.656
70.944
41.016
82.032
82.92
73.808
72.896
75.384
30.44
83.072
68.56
30.816
72.448
72.936
29.016
68.624
72.512
75.8
28.192
29.28
71.688
73.176
83.664
68.752
27.016
68.84
80.528
75.216
71.904
74.392
29.528
71.88
84.768
78.456
85.144
26.152
26.728
75.032
74.72
87.208
30.016
76.496
81.384
73.872
31.216
70.16
37.392
85.648
71.736
74.424
28.08
78.912
79.4
75.488
28.592
80.776
26.44
83.464
75.352
84.24
89.928
74.416
73.704
73.392
71.68
73.768
78.856
74.944
77.432
78.72
83.008
72.496
30.304
75.584
71.872
34.304
78.56
87.448
79.336
80.224
31.304
78.712
83
77.288
73.176
35.968
76.464
32.256
71.352
29.544
72.04
29.232
75.728
29.728
73.816
31.304
69.504
32.728
82.992
78.08
71.168
30.528
72.056
36.216
77.944
29.304
73.032
72.52
26.44
76.808
80.296
80.984
80.472
68.96
27.016
82.848
75.736
74.224
29.304
78.312
26.152
81.8
72.288
69.576
27.44
79.264
27.928
74.152
75.44
71.928
77.616
73.104
79.792
70.48
89.768
33.992
76.056
74.744
47.016
80.032
34.304
72.72
77.808
74.496
72.184
26.44
75.472
71.96
33.192
69.048
31.88
84.536
30.592
29.368
69.424
29.904
70.712
69.6
71.888
69.976
72.064
34.016
69.552
38.104
69.64
75.328
29.528
79.816
76.704
83.392
81.88
78.168
72.256
74.344
79.432
31.016
76.12
70.808
81.496
29.304
88.784
81.872
78.36
75.248
73.936
79.024
74.712
80.2
80.288
70.376
35.728
72.464
74.152
82.64
74.328
72.016
70.704
33.728
74.992
76.08
42.92
72.168
28.016
79.656
29.104
73.144
71.032
75.52
29.728
69.408
82.896
89.384
27.728
74.072
73.56
80.648
73.536
80.824
77.112
43.48
74
33.768
70.488
71.576
29.104
74.064
30.392
73.552
71.84
36.44
81.728
28.192
81.416
27.016
73.104
26.704
69.792
26.416
76.48
30.768
69.568
71.456
70.344
72.232
27.592
75.72
73.208
81.296
70.384
72.872
74.96
28.392
75.448
84.536
72.024
84.712
31.592
43.528
74
75.288
82.576
79.864
31.304
78.952
36.616
29.192
82.44
26.28
76.528
34.728
28.968
91.616
71.904
27.528
72.992
88.68
30.304
70.568
31.968
69.456
34.904
72.744
71.832
77.32
67.208
88.096
28.504
84.984
67.872
71.96
70.048
79.736
68.424
81.112
78
71.888
77.576
77.464
28.104
78.552
37.592
79.64
78.928
75.016
71.704
35.816
88.592
75.08
78.568
77.456
69.144
78.232
29.28
71.92
82.408
72.296
29.192
28.304
73.384
69.472
72.76
71.048
81.536
69.624
74.712
73.6
73.488
74.976
78.264
28.304
76.752
25.392
77.84
92.928
77.216
31.504
71.504
73.592
78.88
68.968
83.456
83.544
68.632
28.104
70.92
73.008
83.896
36.28
76.784
25.368
27.84
73.672
79.76
78.048
77.136
73.824
71.312
27.44
68.2
31.728
71.488
27.816
74.776
73.064
86.152
74.04
36.44
80.728
90.216
72.904
77.792
71.48
43.304
77.968
27.992
29.728
80.056
73.544
72.432
73.52
70.408
78.896
33.792
72.184
70.472
71.96
71.448
31.768
68.336
26.656
74.624
27.44
79.712
71
71.688
30.304
75.376
74.064
78.552
73.44
71.528
30.592
75.816
81.504
74.192
71.88
69.968
84.256
78.744
80.632
30.304
80.52
28.416
31.44
77.408
28.928
71.496
71.584
75.472
68.76
27.44
68.648
97.936
46.768
31.08
77.024
71.712
26.152
80.8
31.192
85.088
28.08
73.776
38.568
69.464
79.552
73.24
77.328
79.816
27.728
86.304
31.416
75.992
74.08
69.568
86.656
73.744
26.24
74.432
71.12
39.768
28.016
69.408
27.304
29.728
75.896
32.016
70.984
80.272
81.16
30.68
35.992
71.448
80.536
75.024
42.304
75.112
72.4
80.488
71.176
27.016
72.064
77.752
28.44
83.24
29.48
76.528
71.016
28.728
72.304
73.392
79.28
68.168
85.656
70.544
67.832
71.92
70.608
73.296
31.44
30.44
76.784
26.728
72.672
68.96
71.448
85.736
31.504
84.424
31.392
72.112
91.8
28.44
71.888
71.176
75.064
70.752
73.24
31.016
75.128
71.416
30.44
45.304
80.904
29.992
79.392
72.68
29.016
73.968
92.256
72.344
31.016
79.232
29.304
76.32
73.008
31.44
69.696
28.728
72.784
30.216
88.872
82.16
83.048
79.336
36.728
87.024
30.016
76.912
73.8
70.488
29.392
72.376
74.864
72.552
80.04
76.928
71.016
74.704
29.728
69.592
27.08
75.68
72.568
86.656
30.44
77.144
32.032
69.232
70.52
71.408
76.496
30.392
75.184
85.472
32.816
86.56
72.448
28.016
70.336
31.704
68.824
25.232
76.712
72.2
65.688
66.176
31.816
79.064
76.352
27.944
76.44
74.328
27.184
69.616
77.904
25.24
72.792
79.68
92.168
70.456
30.728
85.944
68.032
30.608
75.92
73.808
28.104
70.896
66.784
73.272
75.76
72.248
74.536
80.424
78.712
68
83.288
83.176
91.464
79.352
73.84
28.72
81.928
67.816
77.904
70.992
72.68
73.168
77.856
72.744
27.568
76.232
70.72
70.808
76.896
75.584
84.072
75.36
31.104
72.848
71.736
27.44
70.024
71.112
68.4
82.088
34.904
81.376
85.064
71.152
74.24
31.528
71.528
77.416
76.104
72.992
74.48
28.528
79.568
81.456
26.152
86.744
27.84
87.432
28.104
79.12
74.008
29.728
92.496
31.016
32.68
86.384
36.704
73.272
70.16
72.248
82.136
74.024
29.728
73.312
71.4
72.488
76.776
80.464
73.752
68.24
27.528
70.528
72.016
72.904
34.392
77.392
29.88
79.28
30.768
70.768
74.256
29.192
77.544
72.432
29.304
68.12
28.192
77.808
30.08
76.896
29.016
31.768
79.384
36.056
70.472
27.992
73.16
67.848
69.136
69.024
26.528
65.512
73.6
78.488
86.176
31.016
77.064
34.728
68.952
35.816
26.616
69.64
79.328
69.616
87.704
82.192
74.08
78.368
36.016
69.456
85.344
78.232
68.12
30.968
78.408
73.496
78.184
75.672
82.16
80.448
79.136
69.024
28.44
73.512
31.328
68.8
28.816
73.088
31.504
69.776
28.592
78.664
27.728
77.152
80.64
69.728
75.416
81.904
67.792
79.48
73.368
75.256
84.144
71.232
31.528
69.92
30.568
70.808
76.496
27.728
71.784
29.016
73.672
69.36
30.44
77.248
92.536
76.024
31.016
76.712
73.2
73.888
27.528
71.776
69.264
70.352
77.64
81.528
74.616
73.704
30.928
69.592
46.68
72.28
68.968
67.256
70.944
30.392
71.832
85.92
78.608
37.44
77.896
26.528
80.184
37.416
77.472
71.96
87.848
71.736
43.016
84.624
77.312
30.304
73.6
73.088
72.176
87.264
78.352
32.592
83.44
29.08
77.128
29.768
80.816
28.456
27.728
72.104
68.592
72.88
28.44
71.968
68.656
71.544
78.032
28.104
91.12
38.016
76.608
42.504
81.096
35.792
69.984
74.672
35.816
77.56
94.648
69.736
69.424
78.112
82
28.104
75.488
39.728
75.976
83.264
74.752
81.04
76.128
74.616
84.104
73.592
69.68
74.768
88.456
68.944
73.832
27.904
72.32
27.44
73.608
81.096
26.44
71.584
72.872
27.728
30.928
91.16
82.648
31.08
75.736
37.768
25.24
72.224
34.856
27.728
72.912
84
28.44
93.688
81.776
80.864
71.752
27.992
80.44
28.016
79.328
71.216
87.104
38.368
73.592
31.816
83.88
79.168
88.656
31.48
81.144
74.032
68.72
35.728
76.208
70.096
71.784
38.192
73.272
77.16
73.048
40.904
70.936
70.624
78.912
74.6
67.488
72.776
27.616
72.264
74.552
79.84
72.128
29.304
86.016
30.192
74.304
42.392
71.792
73.68
76.368
69.656
38.68
78.944
31.104
72.632
70.12
25.24
70.608
74.496
73.384
76.072
37.528
84.76
29.016
70.248
43.904
76.336
72.024
71.912
70.8
39.816
75.288
29.504
74.576
74.464
29.304
68.352
83.44
70.728
72.416
77.104
74.192
29.104
89.88
31.728
73.368
28.016
74.656
72.144
84.232
68.92
69.408
29.016
81.096
80.384
78.272
81.76
69.648
33.592
82.936
28.304
84.824
29.392
72.512
67.8
74.288
69.976
73.064
72.152
72.64
70.128
30.592
76.816
70.904
83.592
31.44
73.48
39.728
78.968
27.016
67.656
74.144
69.032
80.72
78.208
74.896
25.152
70.784
27.44
78.472
77.16
26.44
83.048
73.336
73.224
68.712
37.128
79.6
76.288
82.976
70.664
81.752
41.016
72.44
73.528
86.016
75.504
67.592
26.44
77.68
73.368
71.056
75.344
70.832
26.728
67.52
27.728
73.808
71.896
73.584
70.072
70.16
75.448
82.736
74.824
81.312
68.4
78.088
70.776
87.864
26.328
74.352
29.416
71.44
81.328
79.616
79.504
28.016
25.328
76.392
30.104
72.28
69.968
29.304
83.656
76.744
26.416
73.832
76.92
73.808
31.104
79.896
30.728
30.392
77.584
28.48
85.272
71.56
37.192
72.648
75.936
79.424
25.152
72.112
74.8
73.488
78.576
27.44
71.664
91.752
74.24
26.528
69.328
69.416
80.504
68.992
83.68
39.728
69.368
26.152
73.456
72.744
79.032
94.12
71.408
85.496
75.584
28.304
71.472
77.76
37.44
71.648
72.136
71.224
36.104
28.44
72.312
72
77.688
76.176
43.392
36.144
72.264
73.552
75.84
38.304
91.328
39.728
75.816
80.104
71.792
75.08
70.968
80.056
77.944
73.032
72.32
32.592
75.408
30.68
71.696
26.728
29.568
71.184
27.728
74.872
29.728
74.16
28.016
76.048
77.336
71.024
70.112
69.4
69.088
37.44
75.976
71.664
83.552
25.24
72.44
29.728
80.528
40.816
75.616
39.768
69.504
30.656
78.592
68.48
70.568
34.016
72.456
37.104
92.544
27.992
70.832
72.52
36.704
73.808
70.096
68.184
32.304
70.872
67.96
79.048
29.48
76.336
29.68
83.624
29.504
73.312
71.6
77.688
71.376
80.064
28.44
72.152
27.928
82.44
28.816
81.128
30.504
77.216
71.904
71.192
76.28
74.368
71.056
29.728
74.344
72.832
79.92
71.808
74.696
69.784
43.016
26.44
89.472
26.304
30.328
73.16
28.992
28.416
72.448
31.68
75.336
30.44
36.168
83.624
28.528
40.056
69.312
75
81.688
74.376
72.864
78.352
74.64
68.728
46.392
71.416
73.504
30.44
72.792
70.48
73.568
76.456
84.744
73.832
31.728
92.92
70.608
73.096
73.984
29.392
80.672
79.16
84.648
36.016
82.736
76.624
74.112
82.8
32.016
96.288
29.304
68.776
85.664
74.552
31.592
72.44
48.768
80.528
75.616
74.904
29.016
80.592
27.704
85.48
82.568
29.48
79.056
85.144
32.728
80.432
39.728
72.12
26.816
31.44
84.208
28.528
71.896
85.184
77.872
39.904
72.56
31.792
70.048
69.936
30.728
31.016
74.024
71.712
43.016
73.4
26.44
39.728
79.488
25.152
70.976
38.016
78.464
71.152
87.24
79.728
69.216
28.304
76.704
31.528
81.992
71.88
81.768
42.304
80.456
75.544
31.592
87.032
81.72
29.728
69.608
82.096
74.384
75.672
75.16
29.016
69.648
74.136
26.152
70.624
85.912
76.8
79.688
30.48
73.376
33.768
76.664
43.256
75.352
73.24
30.592
80.528
72.216
27.816
71.304
91.992
70.88
69.768
68.256
83.344
72.432
41.304
78.12
80.208
27.528
68.096
31.104
76.184
83.672
29.192
71.56
30.528
32.816
80.648
28.704
70.736
97.224
78.512
85
74.688
69.576
97.664
70.752
31.728
69.84
26.616
77.528
26.704
79.616
30.992
77.104
27.904
80.392
82.48
72.568
84.656
79.744
74.632
31.304
78.52
75.408
82.096
30.304
77.784
75.472
71.96
79.448
71.336
32.104
83.224
69.912
38.016
74
73.488
26.328
72.176
37.104
90.664
78.152
72.44
71.328
72.016
77.504
73.992
28.992
77.88
30.28
74.368
26.44
71.656
69.744
29.016
73.232
76.32
28.192
78.808
68.096
70.584
29.456
72.072
84.76
84.248
68.136
70.024
33.728
82.712
74
32.728
74.488
75.176
30.232
69.664
76.752
81.04
39.728
68.528
30.816
67.416
84.304
26.152
71.992
78.08
68.968
79.656
69.944
28.304
74.032
71.32
73.808
68.096
77.584
66.872
77.56
26.24
70.248
31.28
67.936
68.624
29.304
84.912
69.6
74.088
82.576
75.664
81.952
26.152
78.44
77.128
29.016
34.88
73.616
79.104
47.304
73.392
71.28
67.768
76.256
67.344
28.816
69.032
27.44
87.52
71.408
75.496
31.016
73.184
73.272
77.56
70.448
82.136
30.816
68.224
26.528
69.512
28.016
70
30.904
70.688
70.776
78.064
25.152
80.752
66.04
75.128
27.728
66.416
70.504
73.792
75.48
69.768
67.056
85.544
72.632
69.72
83.008
79.296
78.184
29.304
68.672
77.16
70.848
35.728
73.936
72.224
78.912
68.4
28.528
71.288
26.616
72.976
27.816
76.064
70.952
67.64
30.304
82.728
75.016
80.104
79.192
71.48
27.528
77.568
77.656
70.944
37.528
68.032
78.92
76.008
70.696
74.184
28.192
72.072
73.36
69.848
76.936
69.624
74.312
75.2
25.24
41.48
70.288
81.376
40.992
71.664
71.752
73.64
26.44
73.528
71.816
29.392
70.104
79.192
28.016
74.28
72.368
67.456
41.104
75.344
82.432
76.92
70.208
26.152
70.896
72.784
70.872
31.08
27.728
93.76
75.648
71.536
87.824
30.968
66.512
82.6
70.088
71.176
74.864
30.528
36.016
73.152
31.304
69.04
29.792
69.928
25.152
27.88
70.816
29.168
78.504
29.256
76.392
41.944
67.48
70.968
72.456
27.728
70.144
75.432
78.72
67.208
79.496
75.184
72.072
30.44
78.76
25.328
78.248
26.616
77.936
71.024
42.456
74.112
38.304
83.8
75.488
27.816
68.376
27.904
78.864
70.752
74.64
30.304
74.328
69.016
80.504
71.992
69.28
74.568
27.816
72.656
71.744
75.232
74.72
31.216
74.808
30.704
85.496
71.384
28.016
96.672
72.36
71.448
75.136
74.824
72.112
70
78.488
71.976
29.44
87.064
72.152
73.24
79.528
80.016
68.304
82.192
70.68
76.368
72.856
80.944
73.032
30.704
70.52
27.992
26.992
76.808
84.096
76.784
37.016
26.856
74.072
75.96
80.648
42.456
37.104
80.736
28.792
71.224
78.912
29.816
91.2
71.488
76.176
39.304
78.664
74.952
73.64
27.728
76.328
74.816
89.704
25.416
69.592
27.728
28.392
81.28
71.568
31.608
72.256
77.944
69.832
81.12
70.808
72.496
74.584
28.816
81.472
69.56
28.016
83.048
71.536
77.624
27.44
26.44
78.912
77.6
75.288
78.576
26.592
71.064
72.352
28.44
70.44
27.728
79.528
29.416
74.616
28.616
69.904
72.392
72.88
28.304
31.728
67.368
70.056
69.144
68.032
80.12
76.608
73.096
73.784
72.472
28.28
70.96
29.44
72.448
72.136
71.024
79.712
73.4
33.48
75.888
87.976
71.664
81.552
71.24
71.728
78.416
81.704
80.592
29.016
72.48
80.968
69.656
71.944
73.232
71.12
76.608
73.896
70.984
79.872
88.16
67.848
76.536
70.024
70.912
28.216
69.8
32.104
76.888
72.776
70.264
71.952
25.24
68.24
70.528
77.016
26.44
86.304
26.528
81.992
77.08
86.368
29.016
36.44
75.456
70.944
30.592
68.632
79.12
73.208
37.528
72.696
86.384
73.872
39.88
37.08
87.56
79.848
35.056
77.936
43.944
71.024
80.512
79.6
37.44
75.688
33.232
75.376
70.464
29.904
69.552
31.392
79.64
75.328
75.016
73.504
76.792
70.88
75.968
72.456
34.728
75.944
77.232
70.72
76.008
73.496
77.784
26.24
74.272
26.728
83.36
72.248
28.016
67.736
28.104
29.304
72.224
29.792
74.112
71
70.488
25.152
73.176
71.464
70.152
72.84
70.528
27.792
71.616
29.08
82.904
36.616
69.592
70.88
79.768
69.656
71.944
68.832
26.44
31.68
76.52
71.008
30.528
72.696
29.48
78.984
73.872
83.16
76.048
78.736
69.224
69.112
35.728
76.6
33.816
37.216
78.288
79.376
77.264
70.752
28.992
79.84
31.68
70.328
29.104
73.016
27.192
71.304
29.88
74.992
29.104
27.968
74.48
70.968
75.656
30.48
78.144
30.568
72.032
34.056
74.32
29.744
72.208
38.032
83.896
28.52
71.984
34.408
88.072
28.096
73.16
40.68
76.648
38.104
79.336
80.424
81.712
68.6
87.688
73.776
31.216
73.864
36.704
72.152
68.64
69.128
28.44
75.616
90.704
67.992
69.28
35.992
70.768
29.08
67.856
85.544
75.632
71.32
78.808
82.496
75.784
70.472
75.96
72.648
29.944
80.736
71.424
69.712
79.2
79.688
33.816
69.776
73.664
70.752
31.592
67.84
67.128
73.216
74.104
74.992
82.88
67.368
78.656
70.344
75.032
28.728
71.92
80.008
72.696
27.528
68.384
39.616
68.872
29.304
84.36
37.44
81.048
69.136
78.024
75.112
27.528
30.44
72.8
77.288
78.576
25.152
72.064
75.552
70.04
35.728
73.528
86.216
68.904
27.728
72.192
34.016
75.28
73.368
29.728
75.656
77.744
72.032
72.52
31.728
77.608
80.496
85.584
73.272
88.96
75.248
32.192
77.136
82.424
70.712
71.4
84.888
31.728
72.576
27.616
85.864
69.552
74.24
72.928
31.592
26.816
71.816
31.856
72.904
74.392
71.08
76.368
76.456
73.144
30.104
76.632
82.52
35.728
73.408
74.896
28.104
74.384
72.072
72.56
28.016
82.648
39.928
81.936
73.824
30.504
71.312
68.6
70.688
39.728
75.576
67.864
88.752
82.64
77.928
74.416
28.656
28.104
77.104
30.392
82.192
31.48
80.88
34.568
72.768
76.056
28.728
77.344
82.832
80.12
85.408
71.496
30.592
70.984
69.672
75.76
73.448
79.136
70.224
69.112
71.2
67.488
72.176
73.664
70.352
27.392
82.84
26.728
83.528
76.016
84.704
27.728
67.992
45.616
69.88
71.968
33.992
68.656
81.944
79.432
36.104
30.592
77.92
30.48
70.608
39.768
68.296
40.304
28.456
77.384
71.672
70.16
30.568
72.448
40.68
70.936
78.624
74.912
69.2
68.888
72.776
75.664
30.304
73.152
38.104
84.24
33.68
70.128
28.368
74.816
85.504
27.728
84.192
79.88
26.152
68.968
38.368
70.056
30.456
69.344
33.744
74.432
30.432
75.72
71.008
72.896
70.384
75.472
68.96
75.648
69.336
70.824
81.912
78.2
74.888
69.776
29.304
78.864
37.792
69.752
31.48
74.64
73.328
30.304
73.016
77.704
70.992
77.28
81.568
72.856
69.944
85.832
30.728
76.92
73.608
73.696
29.728
68.784
31.416
75.072
28.304
77.76
31.392
74.248
77.536
74.624
71.712
70.4
78.288
72.776
25.24
72.064
80.552
73.24
68.328
74.416
75.504
85.792
29.016
79.88
28.304
74.568
78.256
81.544
31.592
72.232
28.08
77.92
69.808
71.896
79.584
79.672
84.76
76.048
41.304
72.536
87.824
68.312
71
27.44
79.088
75.576
81.064
77.152
73.64
27.728
75.328
31.392
68.816
74.904
70.992
28.728
74.48
38.016
72.968
43.504
76.656
28.192
71.744
73.032
80.92
75.808
28.616
76.296
72.584
29.392
81.672
48.904
70.96
75.248
27.728
86.136
84.024
71.512
79.2
30.056
73.488
83.376
26.44
31.016
78.464
79.152
78.64
43.08
72.328
51.368
71.416
26.24
73.104
76.192
67.28
69.968
71.056
71.544
77.832
28.44
77.32
68.608
79.896
79.584
68.672
72.96
26.44
73.048
71.736
28.392
68.224
27.08
72.112
80
70.488
77.976
84.864
80.552
36.44
71.24
80.528
75.016
31.592
76.904
72.592
38.016
29.592
86.08
29.304
75.168
27.992
80.656
26.728
39.304
75.544
27.792
67.832
70.32
69.608
81.696
31.616
74.184
73.872
77.16
79.648
71.536
26.528
73.024
31.304
70.512
39.992
79.4
29.88
71.688
69.576
74.864
75.752
40.592
81.84
79.728
85.416
26.24
72.704
70.792
80.68
74.368
36.44
75.456
71.144
71.832
71.92
30.28
68.808
75.096
70.784
78.872
74.56
27.44
72.048
32.728
69.736
29.016
70.224
31.904
81.112
30.992
77
29.48
76.688
40.168
79.376
82.464
69.352
27.304
30.44
70.64
76.928
84.016
81.304
80.392
78.48
69.968
68.256
77.544
76.432
27.44
78.52
30.128
73.008
71.096
70.184
28.016
75.872
73.56
26.592
71.448
27.88
72.136
75.224
79.512
81.2
32.48
69.488
75.176
75.664
32.704
78.352
28.928
75.04
69.128
82.216
27.44
72.304
30.656
73.992
80.28
77.568
36.704
68.656
30.016
68.144
70.632
75.52
36.016
28.44
78.808
67.296
77.584
71.472
30.504
27.904
71.96
28.792
74.648
83.136
71.224
26.44
75.912
68.4
37.304
70.088
77.376
72.064
28.304
71.152
27.816
80.44
30.304
78.728
71.016
70.304
73.592
28.104
89.48
75.368
74.256
71.344
36.016
28.528
70.432
28.304
72.52
78.208
67.696
70.184
79.472
68.36
73.448
84.136
68.024
82.312
72.4
79.488
69.976
88.064
27.816
74.952
29.192
74.24
77.528
72.216
80.904
32.592
84.192
27.68
80.68
71.168
31.504
83.656
74.544
81.432
75.52
71.608
75.296
73.584
69.472
72.36
27.44
92.048
26.44
74.136
26.152
71.424
33.24
73.112
89.6
81.488
30.304
72.376
84.064
70.152
74.24
75.328
29.616
76.816
76.304
28.392
82.792
48.968
90.08
80.968
72.256
74.344
37.304
75.432
80.72
83.608
29.392
75.296
78.384
31.592
25.152
74.072
71.76
68.648
70.736
76.224
69.912
31.728
70.8
72.888
79.976
73.864
31.44
81.352
75.84
73.128
77.216
76.304
74.392
72.88
72.368
76.856
33.344
74.744
28.232
78.632
72.92
73.408
72.696
30.656
70.584
28.944
73.872
35.832
78.16
26.44
73.448
27.504
72.936
30.816
28.192
69.624
73.712
81
26.44
33.28
68.488
28.768
78.976
30.056
70.864
73.152
26.992
75.04
26.48
87.728
81.216
32.304
77.104
73.992
74.08
70.168
28.304
80.056
30.192
74.344
71.232
34.104
77.32
29.192
72.008
30.48
74.696
71.984
80.672
71.36
29.816
70.048
28.592
75.136
68.824
68.912
73.4
38.08
69.088
78.176
69.264
81.552
80.24
32.728
73.528
72.016
74.904
36.704
73.192
30.592
87.88
73.568
95.256
30.104
72.744
39.728
79.832
77.92
27.192
29.728
69.608
77.096
69.384
69.472
73.16
76.248
26.616
72.936
70.424
83.712
28.44
78.8
67.888
72.376
32.704
74.464
33.904
72.752
28.192
75.44
31.48
70.928
68.816
68.504
29.48
73.392
72.68
28.28
72.568
33.568
78.256
74.344
77.032
72.72
27.728
77.408
84.496
32.904
70.384
72.672
79.96
74.248
74.336
29.816
68.024
89.312
95
71.888
68.176
42.608
72.064
27.904
70.352
40.28
70.44
75.928
27.792
72.416
29.88
29.016
78.304
27.568
83.192
80.08
73.968
29.816
31.304
75.256
71.144
72.232
80.52
88.808
71.096
29.304
69.384
73.872
28.192
71.36
73.048
78.336
70.424
31.592
70.912
32.728
73.2
26.216
80.088
74.576
28.104
81.064
29.792
80.552
75.24
70.528
88.816
74.104
30.304
74.792
74.48
72.168
76.056
28.416
79.744
29.728
84.032
85.12
74.608
72.096
72.784
71.472
72.56
70.048
87.336
71.424
29.304
71.312
80.8
28.728
76.888
27.728
74.776
83.064
73.352
31.392
86.44
30.48
71.328
28.368
75.816
72.704
25.304
72.592
53.968
75.88
69.568
83.056
81.344
75.432
28.016
76.72
72.808
72.696
30.816
80.784
80.872
75.56
71.048
71.936
75.824
75.512
74.2
74.688
28.504
79.576
30.544
77.464
80.952
69.04
67.928
34.768
70.416
93.504
69.192
78.08
68.368
69.456
68.144
69.432
79.92
29.392
75.008
68.096
27.816
67.584
72.272
29.544
76.96
66.048
29.616
71.336
70.024
74.312
36.016
71.8
76.688
85.776
74.464
68.752
81.24
46.792
72.928
30.328
66.216
78.104
91.592
27.904
73.08
73.168
39.728
70.856
69.144
70.632
76.32
26.528
67.808
71.296
33.728
73.784
82.272
25.24
83.76
30.304
69.448
31.592
74.536
26.68
75.624
79.912
84.4
67.288
70.376
27.192
29.704
72.864
70.552
72.44
29.304
67.928
69.616
74.704
29.44
67.992
30.528
71.68
71.168
77.656
29.304
77.744
66.432
29.816
69.92
68.008
81.496
72.584
35.816
70.072
28.104
70.56
75.048
31.48
70.736
30.168
71.624
85.512
66
68.088
29.016
75.576
67.064
77.952
71.84
65.928
81.416
67.904
74.992
27.728
69.48
70.368
68.856
26.152
76.744
66.632
80.72
80.008
88.496
31.592
68.184
43.08
70.472
37.616
72.16
74.248
75.336
74.224
31.44
69.712
37.192
81.2
66.288
68.776
37.016
78.864
31.704
82.752
67.24
27.904
69.128
27.992
85.016
76.504
40.968
79.192
72.28
69.768
82.056
79.544
71.632
72.72
78.608
27.016
29.728
67.696
72.984
77.272
67.96
70.448
67.536
45.304
77.424
30.192
92.912
26.728
29.88
87.6
28.768
72.288
28.856
72.976
26.152
77.664
70.752
68.84
29.392
75.928
74.616
75.904
72.992
27.816
73.08
37.504
77.568
74.256
29.28
71.344
75.432
30.728
83.12
71.408
69.296
76.384
70.272
69.16
29.816
73.848
84.736
86.224
28.016
77.912
27.104
73.4
85.088
72.376
70.864
75.552
31.304
77.24
84.728
29.816
70.416
31.728
85.504
30.304
77.992
38.016
68.48
79.568
31.816
68.656
68.344
75.432
77.12
75.608
26.44
74.096
70.584
71.672
69.96
75.648
72.736
76.024
31.392
77.112
75.8
70.888
28.392
70.976
71.864
67.352
28.44
25.24
71.24
77.928
69.416
83.104
69.392
72.08
31.304
80.168
72.256
81.744
71.232
27.528
78.32
30.728
74.008
26.528
74.496
72.184
81.472
77.96
72.048
87.336
86.424
27.44
76.912
81.8
78.288
69.976
27.44
83.064
67.952
77.64
73.528
27.728
68.616
79.704
26.616
74.592
29.104
75.68
72.368
33.728
78.656
33.216
93.344
86.032
26.504
86.92
28.192
89.408
85.096
30.528
86.784
32.392
83.872
29.48
75.36
37.968
27.816
78.648
29.456
69.536
28.744
70.424
67.112
80.2
75.288
71.176
73.464
74.152
73.04
68.728
80.816
80.904
80.192
71.88
26.44
76.768
85.656
31.392
26.528
77.144
70.432
70.32
73.208
73.696
26.528
74.784
73.272
74.16
84.448
29.08
88.936
27.568
70.224
30.256
77.712
37.144
74.4
29.016
79.488
78.976
46.592
80.464
34.08
71.152
32.28
78.64
80.328
29.728
36.528
83.816
73.304
34.016
79.192
69.28
29.016
75.568
73.856
25.24
71.744
76.032
71.72
29.728
26.728
76.808
31.816
76.096
37.016
74.184
78.872
71.56
71.248
69.936
73.424
26.152
29.44
72.312
74.4
27.728
75.088
30.304
44.616
70.176
71.464
31.704
80.152
71.44
26.88
72.928
92.016
39.728
78.304
74.592
70.28
29.104
85.168
39.992
80.456
28.08
77.944
79.032
94.12
78.008
71.296
29.72
86.384
82.872
27.528
73.76
89.648
39.728
76.736
72.424
35.728
69.912
75
76.888
69.376
69.064
86.952
80.84
28.728
73.728
34.616
75.816
39.728
77.704
75.192
34.816
76.28
37.104
72.168
30.792
71.456
27.88
72.944
29.368
76.432
30.856
71.52
34.104
75.208
92.096
74.784
72.272
31.504
76.56
34.192
71.648
34.728
81.136
69.424
31.104
72.112
32.592
27.792
81.4
45.28
71.888
29.728
71.376
73.864
82.352
72.44
91.928
29.016
71.816
27.728
71.704
39.416
85.992
78.48
75.768
72.056
76.944
27.016
71.832
82.92
38.192
73.808
78.496
72.584
29.44
71.472
72.96
30.304
68.848
80.936
80.424
82.712
72.6
80.888
76.176
74.264
80.152
92.24
72.328
73.616
69.304
86.992
71.68
75.168
80.856
75.544
46.792
79.232
76.72
80.808
70.896
76.184
73.472
73.96
33.792
71.248
77.736
71.424
28.44
70.912
28.328
71.8
75.288
70.776
29.304
70.864
31.592
71.952
70.04
32.816
27.728
69.928
71.616
73.704
40.016
79.192
76.48
67.168
37.016
28.44
79.056
84.944
80.432
67.72
28.304
74.008
85.096
34.88
70.784
28.768
74.472
29.528
30.656
83.76
30.144
80.848
92.936
69.424
74.312
75
69.288
34.728
79.376
68.464
85.752
70.24
69.128
74.416
38.392
79.304
78.592
68.48
71.568
73.256
31.28
67.744
27.768
34.728
71.032
75.12
39.728
72.408
67.296
29.728
69.384
31.216
78.472
28.104
73.96
27.592
69.848
28.08
75.936
29.968
78.824
30.056
77.112
39.944
82.8
72.088
67.576
76.064
29.48
82.752
28.368
80.04
68.928
29.544
70.016
33.832
73.904
27.104
72.992
73.48
75.568
70.256
27.904
67.144
27.792
78.432
67.52
28.168
69.608
29.856
71.496
31.544
64.984
28.832
67.872
43.12
90.56
69.848
27.504
64.936
80.024
28.48
73.112
76
73.488
71.776
64.864
68.952
31.592
68.64
26.28
77.928
29.568
66.816
41.656
68.304
28.744
75.192
30.728
76.48
69.968
69.056
68.344
65.032
30.568
72.52
33.728
68.808
45.616
82.096
29.88
81.784
68.472
31.304
67.56
35.728
75.448
71.736
30.304
69.424
66.512
27.728
73.4
79.488
68.576
74.464
68.952
71.04
75.528
30.528
73.616
27.728
31.616
78.704
72.392
67.68
27.968
69.168
75.656
32.68
30.48
85.544
69.632
31.104
69.52
75.208
67.296
69.784
65.072
71.56
29.392
69.648
72.936
75.824
73.912
66.4
28.016
70.688
78.576
31.592
66.864
29.304
71.152
26.816
69.04
43.104
33.904
68.728
26.44
84.816
39.304
77.904
73.992
66.68
39.304
85.568
27.016
38.016
73.656
72.944
73.032
38.016
76.52
73.408
30.44
28.816
79.296
29.328
76.184
73.672
29.104
70.96
76.648
28.016
74.136
33.904
75.024
83.512
27.728
69.6
70.888
80.376
75.464
71.552
77.24
30.44
76.928
27.016
67.016
85.304
72.592
43.016
26.44
69.08
72.968
71.256
71.744
29.304
82.832
73.32
69.808
73.496
34.728
76.384
71.072
78.36
73.648
33.368
69.736
69.624
32.728
71.512
71.2
37.528
84.088
31.728
70.576
72.864
29.304
70.552
81.44
35.08
71.328
70.816
30.44
80.304
31.792
68.792
70.88
71.568
69.456
84.344
31.44
74.432
67.52
73.208
76.496
71.984
29.816
78.072
69.76
69.848
82.936
28.368
73.624
80.112
72.4
70.288
73.576
70.464
77.552
68.04
74.328
82.216
74.104
34.728
77.192
72.28
33.592
67.768
69.856
66.544
72.232
72.32
27.616
83.208
73.896
73.784
72.872
65.76
68.048
28.08
84.336
32.168
65.624
70.312
70.2
29.016
73.488
26.152
68.176
78.664
73.352
65.44
72.728
28.768
70.816
26.152
64.504
66.192
69.28
70.568
28.016
72.056
29.504
68.144
75.432
39.304
69.92
33.992
68.808
66.896
71.984
78.272
70.56
65.448
36.104
66.536
25.392
74.824
83.312
85.8
27.28
83.488
31.016
67.776
28.192
69.464
35.08
65.952
66.04
71.328
28.792
68.416
75.304
31.928
72.992
27.728
68.88
78.768
31.896
71.056
28.728
39.728
80.744
66.432
70.12
70.208
26.616
68.896
39.416
70.584
66.672
68.96
72.248
85.936
67.624
39.304
68.312
75.2
72.488
70.576
25.24
70.264
32.68
61.952
64.84
64.128
68.816
61.504
27.44
67.192
28.928
70.88
31.616
62.968
78.456
68.144
76.432
29.392
27.44
73.52
71.008
66.496
66.384
64.272
66.36
71.648
69.336
76.824
29.304
72.112
78
69.288
33.992
64.376
31.528
71.664
26.728
29.544
64.552
31.032
66.64
66.728
30.056
65.016
28.144
68.504
81.392
75.48
29.304
74.168
91.656
71.144
75.432
66.12
74.408
64.496
70.984
36.44
70.072
64.36
66.648
62.936
31.44
69.024
40.928
66.112
66.2
82.088
80.976
72.064
30.48
75.952
68.64
71.528
30.792
86.216
76.104
65.992
31.44
64.08
71.968
34.016
67.056
72.344
76.832
66.92
72.608
27.44
67.096
29.328
35.28
74.384
31.104
67.872
71.36
30.856
68.848
31.728
73.736
68.224
76.912
76.6
67.688
47.968
72.376
28.728
72.864
37.416
73.552
65.84
69.728
71.216
31.44
67.704
78.192
75.48
73.568
29.616
70.456
29.016
31.104
65.944
27.528
70.632
74.52
72.208
73.496
25.152
76.784
32.08
73.672
72.56
83.648
29.48
80.536
72.624
68.712
43.968
71.2
91.888
39.304
68.376
30.592
72.664
37.48
68.552
71.24
31.856
69.928
72.816
76.704
67.992
89.28
81.768
26.152
73.056
71.344
27.728
69.032
36.416
79.32
69.808
73.296
64.984
69.672
65.36
71.848
76.936
30.016
66.024
31.704
67.312
71.6
27.104
74.288
71.376
72.064
79.752
82.04
40.728
73.728
71.016
68.504
90.192
68.68
76.568
81.656
72.544
28.016
77.632
72.92
70.208
67.496
76.184
79.672
27.728
65.96
31.816
74.048
27.904
67.136
68.024
70.312
72.4
70.288
30.304
80.976
31.592
34.816
69.664
78.352
36.192
72.84
72.528
30.44
73.016
37.704
72.704
29.792
42.016
68.792
28.68
66.28
29.568
77.568
80.056
27.528
66.344
76.032
66.72
67.608
26.616
68.096
29.216
71.184
28.304
69.272
72.36
67.448
36.016
78.936
66.424
70.512
30.392
74.4
81.088
75.376
29.816
77.064
32.704
71.152
39.792
65.24
30.28
83.528
28.768
82.416
71.304
29.016
69.792
40.28
74.68
28.016
66.168
74.656
75.744
27.992
69.832
26.28
68.32
65.808
83.296
72.584
67.872
89.76
74.448
73.936
74.424
28.44
46.88
91.112
68.8
86.288
80.376
28.016
65.864
70.552
75.24
68.728
31.504
68.816
69.504
37.528
68.792
78.08
29.44
73.768
26.528
74.856
70.144
71.432
77.52
29.44
68.408
72.896
27.016
65.384
84.872
31.728
75.56
79.648
66.336
71.024
71.512
29.368
79
34.056
70.088
87.376
77.264
72.552
78.64
71.928
26.816
74.016
71.904
27.44
80.592
29.128
73.28
80.768
76.456
76.544
73.032
78.12
73.408
74.096
70.584
67.072
69.56
32.104
84.848
26.968
70.936
70.624
69.312
34.88
69.2
78.288
68.376
26.44
75.064
73.152
76.24
31.48
76.928
31.368
67.016
73.904
69.992
26.616
75.68
25.152
71.768
73.656
70.144
73.032
28.104
68.92
74.608
29.592
77.296
29.304
75.584
69.672
76.56
78.248
45.392
71.936
76.024
30.392
71.712
68.6
80.888
75.376
77.864
33.728
74.552
72.44
37.304
71.328
26.152
70.416
70.104
37.104
85.392
73.28
25.24
69.768
71.056
69.344
28.816
70.832
69.52
28.304
83.208
78.896
74.184
79.872
48.12
69.36
78.448
31.48
79.336
69.624
29.728
70.112
30.216
71.6
69.888
29.304
80.376
30.44
69.264
28.016
71.152
78.44
76.928
34.728
77.416
73.504
80.392
69.68
90.568
27.728
72.256
74.744
68.632
73.32
69.008
81.496
28.304
70.784
28.192
74.072
66.56
31.592
69.648
26.44
72.736
70.024
31.104
85.312
69.2
70.288
73.176
29.016
75.664
81.752
70.84
91.528
78.616
27.728
70.104
28.616
81.192
71.28
29.016
72.768
72.056
69.944
83.232
78.52
71.608
69.896
78.184
27.44
69.272
72.56
29.304
70.448
38.392
77.736
72.624
72.712
31.016
67
40.504
82.688
71.776
33.104
72.664
71.352
76.24
72.528
84.616
75.904
30.592
69.192
67.08
79.368
32.728
77.256
72.344
74.632
84.72
28.44
72.208
30.928
73.896
27.816
30.528
71.984
29.104
71.072
26.592
69.16
29.016
66.648
74.736
68.624
84.512
77.2
78.888
70.576
80.664
42.192
71.952
30.104
77.44
70.528
31.592
74.216
70.904
87.992
70.48
78.168
29.728
69.056
73.944
37.528
75.632
78.92
36.016
71.408
86.696
71.384
79.872
77.76
27.904
75.848
27.816
70.936
26.616
73.824
29.304
70.112
33.992
69.2
28.28
80.488
30.568
79.576
44.056
72.264
76.752
30.304
85.24
36.592
28.104
74.928
78.216
74.704
74.592
28.528
72.48
75.368
73.656
69.144
84.432
78.52
85.208
71.296
95.584
76.272
74.36
69.448
30.28
71.336
31.168
84.224
68.712
75
71.488
72.176
71.664
74.152
78.64
28.728
74.928
78.616
72.304
78.192
81.08
72.568
74.456
84.544
73.832
69.32
30.392
72.008
78.696
70.784
30.616
78.272
30.304
77.16
72.848
70.736
70.824
29.48
71.512
69
68.088
28.104
81.176
77.264
71.552
27.44
80.44
72.728
78.816
77.704
77.592
31.44
75.28
71.168
77.856
81.344
73.832
73.92
71.808
27.44
71.896
26.528
70.584
30.616
81.272
75.16
77.248
79.536
77.424
71.912
73
31.68
34.728
72.288
73.776
25.152
68.264
78.952
73.84
72.528
79.216
28.44
68.104
72.992
72.68
71.168
77.456
76.544
77.632
79.92
70.808
73.096
31.728
30.528
71.184
90.072
69.16
71.648
73.136
78.224
71.512
69.8
75.088
75.576
69.664
77.952
35.816
73.64
72.728
78.216
72.504
76.792
34.016
73.68
86.168
29.016
80.856
71.144
35.992
72.032
74.72
73.008
72.696
39.368
70.984
32.056
74.472
81.56
84.248
39.304
84.736
73.424
78.312
75.4
29.056
70.088
32.016
74.376
32.904
72.664
68.352
28.016
80.24
78.928
72.616
72.704
34.728
73.792
89.08
73.368
71.656
29.192
71.144
29.88
73.232
31.368
77.92
68.208
81.296
77.384
71.872
71.56
74.848
28.728
73.136
29.416
70.024
31.704
74.712
34.992
75.2
69.488
75.376
71.064
67.152
80.24
29.016
70.528
76.216
82.104
70.392
79.08
67.568
72.056
29.656
67.744
82.032
80.12
69.808
76.496
30.544
80.784
25.152
67.872
75.56
67.848
72.136
70.024
71.112
37.504
70.2
84.088
87.376
76.464
79.352
29.016
80.44
69.128
74.616
27.728
83.304
35.992
69.392
75.68
81.768
71.656
28.728
77.944
34.216
73.432
29.016
75.32
71.608
28.056
37.144
72.696
71.584
79.472
30.104
79.36
81.448
75.136
35.216
72.024
72.112
29.728
79.2
40.256
75.888
39.728
69.776
77.864
28.528
80.552
69.64
28.704
75.528
76.816
36.44
82.904
26.528
84.592
31.216
71.48
31.304
86.968
32.792
69.656
85.344
69.632
78.72
77.808
75.896
72.984
74.472
75.96
29.104
71.248
84.336
72.424
68.112
91.6
36.28
76.288
66.376
28.016
70.864
25.152
68.552
72.44
74.328
26.616
66.616
67.904
76.592
33.728
79.68
73.368
71.256
67.544
74.832
68.72
66.608
76.896
78.984
72.272
29.904
69.96
26.192
66.848
31.88
75.136
31.368
71.624
32.256
68.712
36.344
70.4
71.088
73.176
79.464
69.752
78.24
29.056
68.128
73.216
83.904
76.192
70.08
69.368
70.256
73.944
85.432
68.12
34.304
78.408
79.096
77.584
80.672
77.76
72.648
70.936
72.424
71.112
73.2
72.688
70.576
77.464
76.152
74.24
68.528
82.416
70.304
72.792
88.48
70.368
75.056
75.744
73.432
68.12
73.008
68.096
85.784
70.472
89.36
76.848
83.136
74.424
94.912
85
71.688
71.776
75.464
76.952
76.24
71.528
71.616
75.504
74.992
82.68
73.968
73.656
68.944
76.832
69.92
73.208
72.896
89.384
87.272
83.56
73.848
78.336
74.224
69.712
81
73.288
70.176
72.664
79.952
74.04
72.728
76.016
73.704
69.992
73.48
77.768
83.256
67.744
87.432
73.32
78.208
69.896
74.984
73.072
84.76
79.848
69.936
71.824
74.112
78.4
91.488
69.376
72.264
74.752
77.04
69.528
71.016
66.904
75.992
73.28
72.968
71.456
77.944
68.832
73.72
77.608
85.296
71.984
78.072
70.96
82.648
68.536
83.024
70.712
77.2
71.888
70.576
74.264
72.552
70.64
74.928
68.416
72.704
80.792
78.28
70.168
72.056
70.544
80.832
73.92
70.608
79.296
75.384
76.672
70.96
80.848
78.536
75.024
80.712
72.8
71.888
78.576
73.064
74.552
75.24
73.728
74.616
90.704
73.592
79.88
86.168
83.656
78.744
84.032
75.52
88.208
76.696
87.984
80.072
77.16
