40.592
40.708
40.825
40.941
41.058
41.174
41.291
41.407
41.524
41.641
41.757
41.874
41.99
42.107
42.223
42.34
42.457
42.573
42.69
42.806
42.923
43.039
43.156
43.273
43.389
43.506
43.622
43.739
43.855
43.972
44.089
44.205
44.322
44.438
44.555
44.671
44.788
44.905
45.021
45.138
45.254
45.371
45.487
45.604
45.721
45.837
45.954
46.07
46.187
46.303
46.42
46.537
46.653
46.77
46.886
47.003
47.119
47.236
47.353
47.469
47.586
47.702
47.819
47.935
48.052
48.169
48.285
48.402
48.518
48.635
48.751
48.868
48.985
49.101
49.218
49.334
49.451
49.567
49.684
49.801
49.917
50.034
50.15
50.267
50.383
50.5
50.617
50.733
50.85
50.966
51.083
51.199
51.316
51.433
51.549
51.666
51.782
51.899
52.015
52.132
52.249
52.365
52.482
52.598
52.715
52.831
52.948
53.065
53.181
53.298
53.414
53.531
53.647
53.764
53.881
53.997
54.114
54.23
54.347
54.463
54.58
54.697
54.813
54.93
55.046
55.163
55.279
55.396
55.513
55.629
55.746
55.862
55.979
56.095
56.212
56.329
56.445
56.562
56.678
56.795
56.911
57.028
57.145
57.261
57.378
57.494
57.611
57.727
57.844
57.961
58.077
58.194
58.31
58.427
58.543
58.66
58.777
58.893
59.01
59.126
59.243
59.359
59.476
59.593
59.709
59.826
59.942
60.059
60.175
60.292
60.409
60.525
60.642
60.758
60.875
60.991
61.108
61.225
61.341
61.458
61.574
61.691
61.807
61.924
62.041
62.157
62.274
62.39
62.507
62.623
62.74
62.857
62.973
63.09
63.206
63.323
63.439
63.556
63.673
63.789
63.906
64.022
64.139
64.255
64.372
64.489
64.605
64.722
64.838
64.955
65.071
65.188
65.305
65.421
65.538
65.654
65.771
65.887
66.004
66.121
66.237
66.354
66.47
66.587
66.703
66.82
66.937
67.053
67.17
67.286
67.403
67.519
67.636
67.753
67.869
67.986
68.102
68.219
68.335
68.452
68.569
68.685
68.802
68.918
69.035
69.151
69.268
69.385
69.501
69.618
69.734
69.851
69.967
70.084
70.201
70.317
70.434
70.55
70.667
70.783
70.9
71.017
71.133
71.25
71.366
71.483
71.599
71.716
71.833
71.949
72.066
72.182
72.299
72.415
72.532
72.649
72.765
72.882
72.998
73.115
73.231
73.348
73.465
73.581
73.698
73.814
73.931
74.047
74.164
74.281
74.397
74.514
74.63
74.747
74.863
74.98
75.097
75.213
75.33
75.446
75.563
75.679
75.796
75.913
76.029
76.146
76.262
76.379
76.495
76.612
76.729
76.845
76.962
77.078
77.195
77.311
77.428
77.545
77.661
77.778
77.894
78.011
78.127
78.244
78.361
78.477
78.594
78.71
78.827
78.943
79.06
79.177
79.293
79.41
79.526
79.643
79.759
79.876
79.992
80.109
80.226
80.342
80.459
80.575
80.692
80.808
80.925
81.042
81.158
81.275
81.391
81.508
81.624
81.741
81.858
81.974
82.091
82.207
82.324
82.44
82.557
82.674
82.79
82.907
83.023
83.14
83.256
83.373
83.49
83.606
83.723
83.839
83.956
84.072
84.189
84.306
84.422
84.539
84.655
84.772
84.888
85.005
85.122
85.238
85.355
85.471
85.588
85.704
85.821
85.938
86.054
86.171
86.287
86.404
86.52
86.637
86.754
86.87
86.987
87.103
87.22
87.336
87.453
87.57
87.686
87.803
87.919
88.036
88.152
88.269
88.386
88.502
88.619
88.735
88.852
88.968
88.914
88.859
88.975
88.92
88.866
88.811
88.927
88.872
88.818
88.934
88.879
88.824
88.941
88.886
88.831
88.948
88.893
88.838
88.955
88.9
88.845
88.962
88.907
88.852
88.968
88.914
88.859
88.975
88.92
88.866
88.811
88.927
88.872
88.818
88.934
88.879
88.824
88.941
88.886
88.831
88.948
88.893
88.838
88.955
88.9
88.845
88.962
88.907
88.852
88.968
88.914
88.859
88.975
88.92
88.866
88.811
88.927
88.872
88.818
88.934
88.879
88.824
88.941
88.886
88.831
88.948
88.893
88.838
88.955
88.9
88.845
88.962
88.907
88.852
88.968
88.914
88.859
88.975
88.92
88.866
88.811
88.927
88.872
88.818
88.934
88.879
88.824
88.941
88.886
88.831
88.948
88.893
88.838
88.955
88.9
88.845
88.962
88.907
88.852
88.968
88.914
88.859
88.975
88.92
88.866
88.811
88.927
88.872
88.818
88.934
88.879
88.824
88.941
88.886
88.831
88.948
88.893
88.838
88.955
88.9
88.845
88.962
88.907
88.852
88.968
88.914
88.859
88.975
88.92
88.866
88.811
88.927
88.872
88.818
88.934
88.879
88.824
88.941
88.886
88.831
88.948
88.893
88.838
88.955
88.9
88.845
88.962
88.907
88.852
88.968
88.913
88.859
88.975
88.92
88.865
88.811
88.927
88.872
88.817
88.934
88.879
88.824
88.941
88.886
88.831
88.948
88.893
88.838
88.955
88.9
88.845
88.961
88.907
88.852
88.968
88.913
88.859
88.975
88.92
88.865
88.811
88.927
88.872
88.817
88.934
88.879
88.824
88.941
88.886
88.831
88.948
88.893
88.838
88.955
88.9
88.845
88.961
88.907
88.852
88.968
88.913
88.859
88.975
88.92
88.865
88.811
88.927
88.872
88.817
88.934
88.879
88.824
88.941
88.886
88.831
88.948
88.893
88.838
88.955
88.9
88.845
88.961
88.907
88.852
88.968
88.913
88.859
88.975
88.92
88.865
88.811
88.927
88.872
88.817
88.934
88.879
88.824
88.941
88.886
88.831
88.948
88.893
88.838
88.955
88.9
88.845
88.961
88.907
88.852
88.968
88.913
88.859
88.975
88.92
88.865
88.811
88.927
88.872
88.817
88.934
88.879
88.824
88.941
88.886
88.831
88.948
88.893
88.838
88.955
88.9
88.845
88.961
88.907
88.852
88.968
88.913
88.859
88.975
88.92
88.865
88.811
88.927
88.872
88.817
88.934
88.879
88.824
88.941
88.886
88.831
88.948
88.893
88.838
88.955
88.9
88.845
88.961
88.907
88.852
88.968
88.913
88.859
88.975
88.92
88.865
88.811
88.927
88.872
88.817
88.934
88.879
88.824
88.941
88.886
88.831
88.948
88.893
88.838
88.955
88.9
88.845
88.961
88.907
88.852
88.968
88.913
88.859
88.975
88.92
88.865
88.811
88.927
88.872
88.817
88.934
88.879
88.824
88.941
88.886
88.831
88.948
88.893
88.838
88.955
88.9
88.845
88.961
88.907
88.852
88.968
88.913
88.858
88.975
88.92
88.865
88.81
88.927
88.872
88.817
88.934
88.879
88.824
88.941
88.886
88.831
88.948
88.893
88.838
88.954
88.9
88.845
88.961
88.906
88.852
88.968
88.913
88.858
88.975
88.92
88.865
88.81
88.927
88.872
88.817
88.934
88.879
88.824
88.941
88.886
88.831
88.948
88.893
88.838
88.954
88.9
88.845
88.961
88.906
88.852
88.968
88.913
88.858
88.975
88.92
88.865
88.81
88.927
88.872
88.817
88.934
88.879
88.824
88.941
88.886
88.831
88.948
88.893
88.838
88.954
88.9
88.845
88.961
88.906
88.852
88.968
88.913
88.858
88.975
88.92
88.865
88.81
88.927
88.872
88.817
88.934
88.879
88.824
88.941
88.886
88.831
88.948
88.893
88.838
88.954
88.9
88.845
88.961
88.906
88.852
88.968
88.913
88.858
88.975
88.92
88.865
88.81
88.927
88.872
88.817
88.934
88.879
88.824
88.941
88.886
88.831
88.948
88.893
88.838
88.954
88.9
88.845
88.961
88.906
88.852
88.968
88.913
88.858
88.975
88.92
88.865
88.81
88.927
88.872
88.817
88.934
88.879
88.824
88.941
88.886
88.831
88.948
88.893
88.838
88.954
88.9
88.845
88.961
88.906
88.852
88.968
88.913
88.858
88.975
88.92
88.865
88.81
88.927
88.872
88.817
88.934
88.879
88.824
88.941
88.886
88.831
88.948
88.893
88.838
88.954
88.9
88.845
88.961
88.906
88.852
88.968
88.913
88.858
88.975
88.92
88.865
88.81
88.927
88.872
88.817
88.934
88.879
88.824
88.941
88.886
88.831
88.948
88.893
88.838
88.954
88.9
88.845
88.961
88.906
88.851
88.968
88.913
88.858
88.975
88.92
88.865
88.81
88.927
88.872
88.817
88.934
88.879
88.824
88.941
88.886
88.831
88.947
88.893
88.838
88.954
88.899
88.845
88.961
88.906
88.851
88.968
88.913
88.858
88.975
88.92
88.865
88.81
88.927
88.872
88.817
88.934
88.879
88.824
88.941
88.886
88.831
88.947
88.893
88.838
88.954
88.899
88.845
88.961
88.906
88.851
88.968
88.913
88.858
88.975
88.92
88.865
88.81
88.927
88.872
88.817
88.934
88.879
88.824
88.941
88.886
88.831
88.947
88.893
88.838
88.954
88.899
88.845
88.961
88.906
88.851
88.968
88.913
88.858
88.975
88.92
88.865
88.81
88.927
88.872
88.817
88.934
88.879
88.824
88.941
88.886
88.831
88.947
88.893
88.838
88.954
88.899
88.845
88.961
88.906
88.851
88.968
88.913
88.858
88.975
88.92
88.865
88.81
88.927
88.872
88.817
88.934
88.879
88.824
88.941
88.886
88.831
88.947
88.893
88.838
88.954
88.899
88.845
88.961
88.906
88.851
88.968
88.913
88.858
88.975
88.92
88.865
88.81
88.927
88.872
88.817
88.934
88.879
88.824
88.941
88.886
88.831
88.947
88.893
88.838
88.954
88.899
88.845
88.961
88.906
88.851
88.968
88.913
88.858
88.975
88.92
88.865
88.81
88.927
88.872
88.817
88.934
88.879
88.824
88.941
88.886
88.831
88.947
88.893
88.838
88.954
88.899
88.845
88.961
88.906
88.851
88.968
88.913
88.858
88.975
88.92
88.865
88.81
88.927
88.872
88.817
88.934
88.879
88.824
88.941
88.886
88.831
88.947
88.893
88.838
88.954
88.899
88.844
88.961
88.906
88.851
88.968
88.913
88.858
88.975
88.92
88.865
88.81
88.927
88.872
88.817
88.934
88.879
88.824
88.94
88.886
88.831
88.947
88.892
88.838
88.954
88.899
88.844
88.961
88.906
88.851
88.968
88.913
88.858
88.975
88.92
88.865
88.81
88.927
88.872
88.817
88.934
88.879
88.824
88.94
88.886
88.831
88.947
88.892
88.838
88.954
88.899
88.844
88.961
88.906
88.851
88.968
88.913
88.858
88.975
88.92
88.865
88.81
88.927
88.872
88.817
88.934
88.879
88.824
88.94
88.886
88.831
88.947
88.892
88.838
88.954
88.899
88.844
88.961
88.906
88.851
88.968
88.913
88.858
88.975
88.92
88.865
88.81
88.927
88.872
88.817
88.934
88.879
88.824
88.94
88.886
88.831
88.947
88.892
88.838
88.954
88.899
88.844
88.961
88.906
88.851
88.968
88.913
88.858
88.975
88.92
88.865
88.81
88.927
88.872
88.817
88.934
88.879
88.824
88.94
88.886
88.831
88.947
88.892
88.838
88.954
88.899
88.844
88.961
88.906
88.851
88.968
88.913
88.858
88.975
88.92
88.865
88.81
88.927
88.872
88.817
88.934
88.879
88.824
88.94
88.886
88.831
88.947
88.892
88.838
88.954
88.899
88.844
88.961
88.906
88.851
88.968
88.913
88.858
88.975
88.92
88.865
88.81
88.927
88.872
88.817
88.934
88.879
88.824
88.94
88.886
88.831
88.947
88.892
88.838
88.954
88.899
88.844
88.961
88.906
88.851
88.968
88.913
88.858
88.975
88.92
88.865
88.81
88.927
88.872
88.817
88.934
88.879
88.824
88.94
88.886
88.831
88.947
88.892
88.838
88.954
88.899
88.844
88.961
88.906
88.851
88.968
88.913
88.858
88.975
88.92
88.865
88.81
88.927
88.872
88.817
88.933
88.879
88.824
88.94
88.885
88.831
88.947
88.892
88.837
88.954
88.899
88.844
88.961
88.906
88.851
88.968
88.913
88.858
88.975
88.92
88.865
88.81
88.927
88.872
88.817
88.933
88.879
88.824
88.94
88.885
88.831
88.947
88.892
88.837
88.954
88.899
88.844
88.961
88.906
88.851
88.968
88.913
88.858
88.975
88.92
88.865
88.81
88.927
88.872
88.817
88.933
88.879
88.824
88.94
88.885
88.831
88.947
88.892
88.837
88.954
88.899
88.844
88.961
88.906
88.851
88.968
88.913
88.858
88.975
88.92
88.865
88.81
88.927
88.872
88.817
88.933
88.879
88.824
88.94
88.885
88.831
88.947
88.892
88.837
88.954
88.899
88.844
88.961
88.906
88.851
88.968
88.913
88.858
88.975
88.92
88.865
88.81
88.927
88.872
88.817
88.933
88.879
88.824
88.94
88.885
88.831
88.947
88.892
88.837
88.954
88.899
88.844
88.961
88.906
88.851
88.968
88.913
88.858
88.975
88.92
88.865
88.81
88.927
88.872
88.817
88.933
88.879
88.824
88.94
88.885
88.831
88.947
88.892
88.837
88.954
88.899
88.844
88.961
88.906
88.851
88.968
88.913
88.858
88.975
88.92
88.865
88.81
88.927
88.872
88.817
88.933
88.879
88.824
88.94
88.885
88.831
88.947
88.892
88.837
88.954
88.899
88.844
88.961
88.906
88.851
88.968
88.913
88.858
88.975
88.92
88.865
88.81
88.927
88.872
88.817
88.933
88.879
88.824
88.94
88.885
88.831
88.947
88.892
88.837
88.954
88.899
88.844
88.961
88.906
88.851
88.968
88.913
88.858
88.974
88.92
88.865
88.81
88.926
88.872
88.817
88.933
88.878
88.824
88.94
88.885
88.83
88.947
88.892
88.837
88.954
88.899
88.844
88.961
88.906
88.851
88.968
88.913
88.858
88.974
88.92
88.865
88.81
88.926
88.872
88.817
88.933
88.878
88.824
88.94
88.885
88.83
88.947
88.892
88.837
88.954
88.899
88.844
88.961
88.906
88.851
88.968
88.913
88.858
88.974
88.92
88.865
88.81
88.926
88.872
88.817
88.933
88.878
88.824
88.94
88.885
88.83
88.947
88.892
88.837
88.954
88.899
88.844
88.961
88.906
88.851
88.968
88.913
88.858
88.974
88.92
88.865
88.81
88.926
88.872
88.817
88.933
88.878
88.824
88.94
88.885
88.83
88.947
88.892
88.837
88.954
88.899
88.844
88.961
88.906
88.851
88.968
88.913
88.858
88.974
88.92
88.865
88.81
88.926
88.872
88.817
88.933
88.878
88.824
88.94
88.885
88.83
88.947
88.892
88.837
88.954
88.899
88.844
88.961
88.906
88.851
88.968
88.913
88.858
88.974
88.92
88.865
88.81
88.926
88.872
88.817
88.933
88.878
88.824
88.94
88.885
88.83
88.947
88.892
88.837
88.954
88.899
88.844
88.961
88.906
88.851
88.968
88.913
88.858
88.974
88.92
88.865
88.81
88.926
88.872
88.817
88.933
88.878
88.824
88.94
88.885
88.83
88.947
88.892
88.837
88.954
88.899
88.844
88.961
88.906
88.851
88.968
88.913
88.858
88.974
88.92
88.865
88.81
88.926
88.872
88.817
88.933
88.878
88.824
88.94
88.885
88.83
88.947
88.892
88.837
88.954
88.899
88.844
88.961
88.906
88.851
88.967
88.913
88.858
88.974
88.919
88.865
88.81
88.926
88.871
88.817
88.933
88.878
88.823
88.94
88.885
88.83
88.947
88.892
88.837
88.954
88.899
88.844
88.961
88.906
88.851
88.967
88.913
88.858
88.974
88.919
88.865
88.81
88.926
88.871
88.817
88.933
88.878
88.823
88.94
88.885
88.83
88.947
88.892
88.837
88.954
88.899
88.844
88.961
88.906
88.851
88.967
88.913
88.858
88.974
88.919
88.865
88.81
88.926
88.871
88.817
88.933
88.878
88.823
88.94
88.885
88.83
88.947
88.892
88.837
88.954
88.899
88.844
88.961
88.906
88.851
88.967
88.913
88.858
88.974
88.919
88.865
88.81
88.926
88.871
88.817
88.933
88.878
88.823
88.94
88.885
88.83
88.947
88.892
88.837
88.954
88.899
88.844
88.961
88.906
88.851
88.967
88.913
88.858
88.974
88.919
88.865
88.81
88.926
88.871
88.817
88.933
88.878
88.823
88.94
88.885
88.83
88.947
88.892
88.837
88.954
88.899
88.844
88.961
88.906
88.851
88.967
88.913
88.858
88.974
88.919
88.865
88.81
88.926
88.871
88.817
88.933
88.878
88.823
88.94
88.885
88.83
88.947
88.892
88.837
88.954
88.899
88.844
88.961
88.906
88.851
88.967
88.913
88.858
88.974
88.919
88.865
88.81
88.926
88.871
88.817
88.933
88.878
88.823
88.94
88.885
88.83
88.947
88.892
88.837
88.954
88.899
88.844
88.961
88.906
88.851
88.967
88.913
88.858
88.974
88.919
88.865
88.81
88.926
88.871
88.817
88.933
88.878
88.823
88.94
88.885
88.83
88.947
88.892
88.837
88.954
88.899
88.844
88.96
88.906
88.851
88.967
88.912
88.858
88.974
88.919
88.864
88.81
88.926
88.871
88.816
88.933
88.878
88.823
88.94
88.885
88.83
88.947
88.892
88.837
88.954
88.899
88.844
88.96
88.906
88.851
88.967
88.912
88.858
88.974
88.919
88.864
88.81
88.926
88.871
88.816
88.933
88.878
88.823
88.94
88.885
88.83
88.947
88.892
88.837
88.954
88.899
88.844
88.96
88.906
88.851
88.967
88.912
88.858
88.974
88.919
88.864
88.81
88.926
88.871
88.816
88.933
88.878
88.823
88.94
88.885
88.83
88.947
88.892
88.837
88.954
88.899
88.844
88.96
88.906
88.851
88.967
88.912
88.858
88.974
88.919
88.864
88.81
88.926
88.871
88.816
88.933
88.878
88.823
88.94
88.885
88.83
88.947
88.892
88.837
88.954
88.899
88.844
88.96
88.906
88.851
88.967
88.912
88.858
88.974
88.919
88.864
88.81
88.926
88.871
88.816
88.933
88.878
88.823
88.94
88.885
88.83
88.947
88.892
88.837
88.954
88.899
88.844
88.96
88.906
88.851
88.967
88.912
88.858
88.974
88.919
88.864
88.81
88.926
88.871
88.816
88.933
88.878
88.823
88.94
88.885
88.83
88.947
88.892
88.837
88.954
88.899
88.844
88.96
88.906
88.851
88.967
88.912
88.858
88.974
88.919
88.864
88.81
88.926
88.871
88.816
88.933
88.878
88.823
88.94
88.885
88.83
88.947
88.892
88.837
88.954
88.899
88.844
88.96
88.906
88.851
88.967
88.912
88.858
88.974
88.919
88.864
88.81
88.926
88.871
88.816
88.933
88.878
88.823
88.94
88.885
88.83
88.947
88.892
88.837
88.953
88.899
88.844
88.96
88.905
88.851
88.967
88.912
88.857
88.974
88.919
88.864
88.809
88.926
88.871
88.816
88.933
88.878
88.823
88.94
88.885
88.83
88.947
88.892
88.837
88.953
88.899
88.844
88.96
88.905
88.851
88.967
88.912
88.857
88.974
88.919
88.864
88.809
88.926
88.871
88.816
88.933
88.878
88.823
88.94
88.885
88.83
88.947
88.892
88.837
88.953
88.899
88.844
88.96
88.905
88.851
88.967
88.912
88.857
88.974
88.919
88.864
88.809
88.926
88.871
88.816
88.933
88.878
88.823
88.94
88.885
88.83
88.947
88.892
88.837
88.953
88.899
88.844
88.96
88.905
88.851
88.967
88.912
88.857
88.974
88.919
88.864
88.809
88.926
88.871
88.816
88.933
88.878
88.823
88.94
88.885
88.83
88.947
88.892
88.837
88.953
88.899
88.844
88.96
88.905
88.851
88.967
88.912
88.857
88.974
88.919
88.864
88.809
88.926
88.871
88.816
88.933
88.878
88.823
88.94
88.885
88.83
88.947
88.892
88.837
88.953
88.899
88.844
88.96
88.905
88.851
88.967
88.912
88.857
88.974
88.919
88.864
88.809
88.926
88.871
88.816
88.933
88.878
88.823
88.94
88.885
88.83
88.947
88.892
88.837
88.953
88.899
88.844
88.96
88.905
88.851
88.967
88.912
88.857
88.974
88.919
88.864
88.809
88.926
88.871
88.816
88.933
88.878
88.823
88.94
88.885
88.83
88.947
88.892
88.837
88.953
88.899
88.844
88.96
88.905
88.851
88.967
88.912
88.857
88.974
88.919
88.864
88.809
88.926
88.871
88.816
88.933
88.878
88.823
88.94
88.885
88.83
88.946
88.892
88.837
88.953
88.898
88.844
88.96
88.905
88.85
88.967
88.912
88.857
88.974
88.919
88.864
88.809
88.926
88.871
88.816
88.933
88.878
88.823
88.94
88.885
88.83
88.946
88.892
88.837
88.953
88.898
88.844
88.96
88.905
88.85
88.967
88.912
88.857
88.974
88.919
88.864
88.809
88.926
88.871
88.816
88.933
88.878
88.823
88.94
88.885
88.83
88.946
88.892
88.837
88.953
88.898
88.844
88.96
88.905
88.85
88.967
88.912
88.857
88.974
88.919
88.864
88.809
88.926
88.871
88.816
88.933
88.878
88.823
88.94
88.885
88.83
88.946
88.892
88.837
88.953
88.898
88.844
88.96
88.905
88.85
88.967
88.912
88.857
88.974
88.919
88.864
88.809
88.926
88.871
88.816
88.933
88.878
88.823
88.94
88.885
88.83
88.946
88.892
88.837
88.953
88.898
88.844
88.96
88.905
88.85
88.967
88.912
88.857
88.974
88.919
88.864
88.809
88.926
88.871
88.816
88.933
88.878
88.823
88.94
88.885
88.83
88.946
88.892
88.837
88.953
88.898
88.844
88.96
88.905
88.85
88.967
88.912
88.857
88.974
88.919
88.864
88.809
88.926
88.871
88.816
88.933
88.878
88.823
88.94
88.885
88.83
88.946
88.892
88.837
88.953
88.898
88.844
88.96
88.905
88.85
88.967
88.912
88.857
88.974
88.919
88.864
88.809
88.926
88.871
88.816
88.933
88.878
88.823
88.94
88.885
88.83
88.946
88.892
88.837
88.953
88.898
88.844
88.96
88.905
88.85
88.967
88.912
88.857
88.974
88.919
88.864
88.809
88.926
88.871
88.816
88.933
88.878
88.823
88.939
88.885
88.83
88.946
88.891
88.837
88.953
88.898
88.843
88.96
88.905
88.85
88.967
88.912
88.857
88.974
88.919
88.864
88.809
88.926
88.871
88.816
88.933
88.878
88.823
88.939
88.885
88.83
88.946
88.891
88.837
88.953
88.898
88.843
88.96
88.905
88.85
88.967
88.912
88.857
88.974
88.919
88.864
88.809
88.926
88.871
88.816
88.933
88.878
88.823
88.939
88.885
88.83
88.946
88.891
88.837
88.953
88.898
88.843
88.96
88.905
88.85
88.967
88.912
88.857
88.974
88.919
88.864
88.809
88.926
88.871
88.816
88.933
88.878
88.823
88.939
88.885
88.83
88.946
88.891
88.837
88.953
88.898
88.843
88.96
88.905
88.85
88.967
88.912
88.857
88.974
88.919
88.864
88.809
88.926
88.871
88.816
88.933
88.878
88.823
88.939
88.885
88.83
88.946
88.891
88.837
88.953
88.898
88.843
88.96
88.905
88.85
88.967
88.912
88.857
88.974
88.919
88.864
88.809
88.926
88.871
88.816
88.933
88.878
88.823
88.939
88.885
88.83
88.946
88.891
88.837
88.953
88.898
88.843
88.96
88.905
88.85
88.967
88.912
88.857
88.974
88.919
88.864
88.809
88.926
88.871
88.816
88.933
88.878
88.823
88.939
88.885
88.83
88.946
88.891
88.837
88.953
88.898
88.843
88.96
88.905
88.85
88.967
88.912
88.857
88.974
88.919
88.864
88.809
88.926
88.871
88.816
88.933
88.878
88.823
88.939
88.885
88.83
88.946
88.891
88.837
88.953
88.898
88.843
88.96
88.905
88.85
88.967
88.912
88.857
88.974
88.919
88.864
88.809
88.926
88.871
88.816
88.932
88.878
88.823
88.939
88.884
88.83
88.946
88.891
88.836
88.953
88.898
88.843
88.96
88.905
88.85
88.967
88.912
88.857
88.974
88.919
88.864
88.809
88.926
88.871
88.816
88.932
88.878
88.823
88.939
88.884
88.83
88.946
88.891
88.836
88.953
88.898
88.843
88.96
88.905
88.85
88.967
88.912
88.857
88.974
88.919
88.864
88.809
88.926
88.871
88.816
88.932
88.878
88.823
88.939
88.884
88.83
88.946
88.891
88.836
88.953
88.898
88.843
88.96
88.905
88.85
88.967
88.912
88.857
88.974
88.919
88.864
88.809
88.926
88.871
88.816
88.932
88.878
88.823
88.939
88.884
88.83
88.946
88.891
88.836
88.953
88.898
88.843
88.96
88.905
88.85
88.967
88.912
88.857
88.974
88.919
88.864
88.809
88.926
88.871
88.816
88.932
88.878
88.823
88.939
88.884
88.83
88.946
88.891
88.836
88.953
88.898
88.843
88.96
88.905
88.85
88.967
88.912
88.857
88.974
88.919
88.864
88.809
88.926
88.871
88.816
88.932
88.878
88.823
88.939
88.884
88.83
88.946
88.891
88.836
88.953
88.898
88.843
88.96
88.905
88.85
88.967
88.912
88.857
88.974
88.919
88.864
88.809
88.926
88.871
88.816
88.932
88.878
88.823
88.939
88.884
88.83
88.946
88.891
88.836
88.953
88.898
88.843
88.96
88.905
88.85
88.967
88.912
88.857
88.974
88.919
88.864
88.809
88.926
88.871
88.816
88.932
88.878
88.823
88.939
88.884
88.83
88.946
88.891
88.836
88.953
88.898
88.843
88.96
88.905
88.85
88.967
88.912
88.857
88.974
88.919
88.864
88.809
88.925
88.871
88.816
88.932
88.877
88.823
88.939
88.884
88.829
88.946
88.891
88.836
88.953
88.898
88.843
88.96
88.905
88.85
88.967
88.912
88.857
88.973
88.919
88.864
88.809
88.925
88.871
88.816
88.932
88.877
88.823
88.939
88.884
88.829
88.946
88.891
88.836
88.953
88.898
88.843
88.96
88.905
88.85
88.967
88.912
88.857
88.973
88.919
88.864
88.809
88.925
88.871
88.816
88.932
88.877
88.823
88.939
88.884
88.829
88.946
88.891
88.836
88.953
88.898
88.843
88.96
88.905
88.85
88.967
88.912
88.857
88.973
88.919
88.864
88.809
88.925
88.871
88.816
88.932
88.877
88.823
88.939
88.884
88.829
88.946
88.891
88.836
88.953
88.898
88.843
88.96
88.905
88.85
88.967
88.912
88.857
88.973
88.919
88.864
88.809
88.925
88.871
88.816
88.932
88.877
88.823
88.939
88.884
88.829
88.946
88.891
88.836
88.953
88.898
88.843
88.96
88.905
88.85
88.967
88.912
88.857
88.973
88.919
88.864
88.809
88.925
88.871
88.816
88.932
88.877
88.823
88.939
88.884
88.829
88.946
88.891
88.836
88.953
88.898
88.843
88.96
88.905
88.85
88.967
88.912
88.857
88.973
88.919
88.864
88.809
88.925
88.871
88.816
88.932
88.877
88.823
88.939
88.884
88.829
88.946
88.891
88.836
88.953
88.898
88.843
88.96
88.905
88.85
88.967
88.912
88.857
88.973
88.919
88.864
88.809
88.925
88.871
88.816
88.932
88.877
88.823
88.939
88.884
88.829
88.946
88.891
88.836
88.953
88.898
88.843
88.96
88.905
88.85
88.967
88.912
88.857
88.973
88.919
88.864
88.809
88.925
88.87
88.816
88.932
88.877
88.822
88.939
88.884
88.829
88.946
88.891
88.836
88.953
88.898
88.843
88.96
88.905
88.85
88.966
88.912
88.857
88.973
88.918
88.864
88.809
88.925
88.87
88.816
88.932
88.877
88.822
88.939
88.884
88.829
88.946
88.891
88.836
88.953
88.898
88.843
88.96
88.905
88.85
88.966
88.912
88.857
88.973
88.918
88.864
88.809
88.925
88.87
88.816
88.932
88.877
88.822
88.939
88.884
88.829
88.946
88.891
88.836
88.953
88.898
88.843
88.96
88.905
88.85
88.966
88.912
88.857
88.973
88.918
88.864
88.809
88.925
88.87
88.816
88.932
88.877
88.822
88.939
88.884
88.829
88.946
88.891
88.836
88.953
88.898
88.843
88.96
88.905
88.85
88.966
88.912
88.857
88.973
88.918
88.864
88.809
88.925
88.87
88.816
88.932
88.877
88.822
88.939
88.884
88.829
88.946
88.891
88.836
88.953
88.898
88.843
88.96
88.905
88.85
88.966
88.912
88.857
88.973
88.918
88.864
88.809
88.925
88.87
88.816
88.932
88.877
88.822
88.939
88.884
88.829
88.946
88.891
88.836
88.953
88.898
88.843
88.96
88.905
88.85
88.966
88.912
88.857
88.973
88.918
88.864
88.809
88.925
88.87
88.816
88.932
88.877
88.822
88.939
88.884
88.829
88.946
88.891
88.836
88.953
88.898
88.843
88.96
88.905
88.85
88.966
88.912
88.857
88.973
88.918
88.864
88.809
88.925
88.87
88.816
88.932
88.877
88.822
88.939
88.884
88.829
88.946
88.891
88.836
88.953
88.898
88.843
88.96
88.905
88.85
88.966
88.912
88.857
88.973
88.918
88.863
88.809
88.925
88.87
88.815
88.932
88.877
88.822
88.939
88.884
88.829
88.946
88.891
88.836
88.953
88.898
88.843
88.959
88.905
88.85
88.966
88.911
88.857
88.973
88.918
88.863
88.809
88.925
88.87
88.815
88.932
88.877
88.822
88.939
88.884
88.829
88.946
88.891
88.836
88.953
88.898
88.843
88.959
88.905
88.85
88.966
88.911
88.857
88.973
88.918
88.863
88.809
88.925
88.87
88.815
88.932
88.877
88.822
88.939
88.884
88.829
88.946
88.891
88.836
88.953
88.898
88.843
88.959
88.905
88.85
88.966
88.911
88.857
88.973
88.918
88.863
88.809
88.925
88.87
88.815
88.932
88.877
88.822
88.939
88.884
88.829
88.946
88.891
88.836
88.953
88.898
88.843
88.959
88.905
88.85
88.966
88.911
88.857
88.973
88.918
88.863
88.809
88.925
88.87
88.815
88.932
88.877
88.822
88.939
88.884
88.829
88.946
88.891
88.836
88.953
88.898
88.843
88.959
88.905
88.85
88.966
88.911
88.857
88.973
88.918
88.863
88.809
88.925
88.87
88.815
88.932
88.877
88.822
88.939
88.884
88.829
88.946
88.891
88.836
88.953
88.898
88.843
88.959
88.905
88.85
88.966
88.911
88.857
88.973
88.918
88.863
88.809
88.925
88.87
88.815
88.932
88.877
88.822
88.939
88.884
88.829
88.946
88.891
88.836
88.953
88.898
88.843
88.959
88.905
88.85
88.966
88.911
88.857
88.973
88.918
88.863
88.809
88.925
88.87
88.815
88.932
88.877
88.822
88.939
88.884
88.829
88.946
88.891
88.836
88.953
88.898
88.843
88.959
88.905
88.85
88.966
88.911
88.856
88.973
88.918
88.863
88.808
88.925
88.87
88.815
88.932
88.877
88.822
88.939
88.884
88.829
88.946
88.891
88.836
88.952
88.898
88.843
88.959
88.904
88.85
88.966
88.911
88.856
88.973
88.918
88.863
88.808
88.925
88.87
88.815
88.932
88.877
88.822
88.939
88.884
88.829
88.946
88.891
88.836
88.952
88.898
88.843
88.959
88.904
88.85
88.966
88.911
88.856
88.973
88.918
88.863
88.808
88.925
88.87
88.815
88.932
88.877
88.822
88.939
88.884
88.829
88.946
88.891
88.836
88.952
88.898
88.843
88.959
88.904
88.85
88.966
88.911
88.856
88.973
88.918
88.863
88.808
88.925
88.87
88.815
88.932
88.877
88.822
88.939
88.884
88.829
88.946
88.891
88.836
88.952
88.898
88.843
88.959
88.904
88.85
88.966
88.911
88.856
88.973
88.918
88.863
88.808
88.925
88.87
88.815
88.932
88.877
88.822
88.939
88.884
88.829
88.946
88.891
88.836
88.952
88.898
88.843
88.959
88.904
88.85
88.966
88.911
88.856
88.973
88.918
88.863
88.808
88.925
88.87
88.815
88.932
88.877
88.822
88.939
88.884
88.829
88.946
88.891
88.836
88.952
88.898
88.843
88.959
88.904
88.85
88.966
88.911
88.856
88.973
88.918
88.863
88.808
88.925
88.87
88.815
88.932
88.877
88.822
88.939
88.884
88.829
88.946
88.891
88.836
88.952
88.898
88.843
88.959
88.904
88.85
88.966
88.911
88.856
88.973
88.918
88.863
88.808
88.925
88.87
88.815
88.932
88.877
88.822
88.939
88.884
88.829
88.946
88.891
88.836
88.952
88.898
88.843
88.959
88.904
88.85
88.966
88.911
88.856
88.973
88.918
88.863
88.808
88.925
88.87
88.815
88.932
88.877
88.822
88.939
88.884
88.829
88.945
88.891
88.836
88.952
88.897
88.843
88.959
88.904
88.849
88.966
88.911
88.856
88.973
88.918
88.863
88.808
88.925
88.87
88.815
88.932
88.877
88.822
88.939
88.884
88.829
88.945
88.891
88.836
88.952
88.897
88.843
88.959
88.904
88.849
88.966
88.911
88.856
88.973
88.918
88.863
88.808
88.925
88.87
88.815
88.932
88.877
88.822
88.939
88.884
88.829
88.945
88.891
88.836
88.952
88.897
88.843
88.959
88.904
88.849
88.966
88.911
88.856
88.973
88.918
88.863
88.808
88.925
88.87
88.815
88.932
88.877
88.822
88.939
88.884
88.829
88.945
88.891
88.836
88.952
88.897
88.843
88.959
88.904
88.849
88.966
88.911
88.856
88.973
88.918
88.863
88.808
88.925
88.87
88.815
88.932
88.877
88.822
88.939
88.884
88.829
88.945
88.891
88.836
88.952
88.897
88.843
88.959
88.904
88.849
88.966
88.911
88.856
88.973
88.918
88.863
88.808
88.925
88.87
88.815
88.932
88.877
88.822
88.939
88.884
88.829
88.945
88.891
88.836
88.952
88.897
88.843
88.959
88.904
88.849
88.966
88.911
88.856
88.973
88.918
88.863
88.808
88.925
88.87
88.815
88.932
88.877
88.822
88.939
88.884
88.829
88.945
88.891
88.836
88.952
88.897
88.843
88.959
88.904
88.849
88.966
88.911
88.856
88.973
88.918
88.863
88.808
88.925
88.87
88.815
88.932
88.877
88.822
88.939
88.884
88.829
88.945
88.891
88.836
88.952
88.897
88.843
88.959
88.904
88.849
88.966
88.911
88.856
88.973
88.918
88.863
88.808
88.925
88.87
88.815
88.932
88.877
88.822
88.938
88.884
88.829
88.945
88.89
88.836
88.952
88.897
88.842
88.959
88.904
88.849
88.966
88.911
88.856
88.973
88.918
88.863
88.808
88.925
88.87
88.815
88.932
88.877
88.822
88.938
88.884
88.829
88.945
88.89
88.836
88.952
88.897
88.842
88.959
88.904
88.849
88.966
88.911
88.856
88.973
88.918
88.863
88.808
88.925
88.87
88.815
88.932
88.877
88.822
88.938
88.884
88.829
88.945
88.89
88.836
88.952
88.897
88.842
88.959
88.904
88.849
88.966
88.911
88.856
88.973
88.918
88.863
88.808
88.925
88.87
88.815
88.932
88.877
88.822
88.938
88.884
88.829
88.945
88.89
88.836
88.952
88.897
88.842
88.959
88.904
88.849
88.966
88.911
88.856
88.973
88.918
88.863
88.808
88.925
88.87
88.815
88.932
88.877
88.822
88.938
88.884
88.829
88.945
88.89
88.836
88.952
88.897
88.842
88.959
88.904
88.849
88.966
88.911
88.856
88.973
88.918
88.863
88.808
88.925
88.87
88.815
88.932
88.877
88.822
88.938
88.884
88.829
88.945
88.89
88.836
88.952
88.897
88.842
88.959
88.904
88.849
88.966
88.911
88.856
88.973
88.918
88.863
88.808
88.925
88.87
88.815
88.932
88.877
88.822
88.938
88.884
88.829
88.945
88.89
88.836
88.952
88.897
88.842
88.959
88.904
88.849
88.966
88.911
88.856
88.973
88.918
88.863
88.808
88.925
88.87
88.815
88.932
88.877
88.822
88.938
88.884
88.829
88.945
88.89
88.836
88.952
88.897
88.842
88.959
88.904
88.849
88.966
88.911
88.856
88.973
88.918
88.863
88.808
88.925
88.87
88.815
88.931
88.877
88.822
88.938
88.883
88.829
88.945
88.89
88.835
88.952
88.897
88.842
88.959
88.904
88.849
88.966
88.911
88.856
88.973
88.918
88.863
88.808
88.925
88.87
88.815
88.931
88.877
88.822
88.938
88.883
88.829
88.945
88.89
88.835
88.952
88.897
88.842
88.959
88.904
88.849
88.966
88.911
88.856
88.973
88.918
88.863
88.808
88.925
88.87
88.815
88.931
88.877
88.822
88.938
88.883
88.829
88.945
88.89
88.835
88.952
88.897
88.842
88.959
88.904
88.849
88.966
88.911
88.856
88.973
88.918
88.863
88.808
88.925
88.87
88.815
88.931
88.877
88.822
88.938
88.883
88.829
88.945
88.89
88.835
88.952
88.897
88.842
88.959
88.904
88.849
88.966
88.911
88.856
88.973
88.918
88.863
88.808
88.925
88.87
88.815
88.931
88.877
88.822
88.938
88.883
88.829
88.945
88.89
88.835
88.952
88.897
88.842
88.959
88.904
88.849
88.966
88.911
88.856
88.973
88.918
88.863
88.808
88.925
88.87
88.815
88.931
88.877
88.822
88.938
88.883
88.829
88.945
88.89
88.835
88.952
88.897
88.842
88.959
88.904
88.849
88.966
88.911
88.856
88.973
88.918
88.863
88.808
88.925
88.87
88.815
88.931
88.877
88.822
88.938
88.883
88.829
88.945
88.89
88.835
88.952
88.897
88.842
88.959
88.904
88.849
88.966
88.911
88.856
88.973
88.918
88.863
88.808
88.925
88.87
88.815
88.931
88.877
88.822
88.938
88.883
88.829
88.945
88.89
88.835
88.952
88.897
88.842
88.959
88.904
88.849
88.966
88.911
88.856
88.972
88.918
88.863
88.808
88.924
88.87
88.815
88.931
88.876
88.822
88.938
88.883
88.828
88.945
88.89
88.835
88.952
88.897
88.842
88.959
88.904
88.849
88.966
88.911
88.856
88.972
88.918
88.863
88.808
88.924
88.87
88.815
88.931
88.876
88.822
88.938
88.883
88.828
88.945
88.89
88.835
88.952
88.897
88.842
88.959
88.904
88.849
88.966
88.911
88.856
88.972
88.918
88.863
88.808
88.924
88.87
88.815
88.931
88.876
88.822
88.938
88.883
88.828
88.945
88.89
88.835
88.952
88.897
88.842
88.959
88.904
88.849
88.966
88.911
88.856
88.972
88.918
88.863
88.808
88.924
88.87
88.815
88.931
88.876
88.822
88.938
88.883
88.828
88.945
88.89
88.835
88.952
88.897
88.842
88.959
88.904
88.849
88.966
88.911
88.856
88.972
88.918
88.863
88.808
88.924
88.87
88.815
88.931
88.876
88.822
88.938
88.883
88.828
88.945
88.89
88.835
88.952
88.897
88.842
88.959
88.904
88.849
88.966
88.911
88.856
88.972
88.918
88.863
88.808
88.924
88.87
88.815
88.931
88.876
88.822
88.938
88.883
88.828
88.945
88.89
88.835
88.952
88.897
88.842
88.959
88.904
88.849
88.966
88.911
88.856
88.972
88.918
88.863
88.808
88.924
88.87
88.815
88.931
88.876
88.822
88.938
88.883
88.828
88.945
88.89
88.835
88.952
88.897
88.842
88.959
88.904
88.849
88.966
88.911
88.856
88.972
88.918
88.863
88.808
88.924
88.87
88.815
88.931
88.876
88.822
88.938
88.883
88.828
88.945
88.89
88.835
88.952
88.897
88.842
88.959
88.904
88.849
88.965
88.911
88.856
88.972
88.917
88.863
88.808
88.924
88.869
88.815
88.931
88.876
88.821
88.938
88.883
88.828
88.945
88.89
88.835
88.952
88.897
88.842
88.959
88.904
88.849
88.965
88.911
88.856
88.972
88.917
88.863
88.808
88.924
88.869
88.815
88.931
88.876
88.821
88.938
88.883
88.828
88.945
88.89
88.835
88.952
88.897
88.842
88.959
88.904
88.849
88.965
88.911
88.856
88.972
88.917
88.863
88.808
88.924
88.869
88.815
88.931
88.876
88.821
88.938
88.883
88.828
88.945
88.89
88.835
88.952
88.897
88.842
88.959
88.904
88.849
88.965
88.911
88.856
88.972
88.917
88.863
88.808
88.924
88.869
88.815
88.931
88.876
88.821
88.938
88.883
88.828
88.945
88.89
88.835
88.952
88.897
88.842
88.959
88.904
88.849
88.965
88.911
88.856
88.972
88.917
88.863
88.808
88.924
88.869
88.815
88.931
88.876
88.821
88.938
88.883
88.828
88.945
88.89
88.835
88.952
88.897
88.842
88.959
88.904
88.849
88.965
88.911
88.856
88.972
88.917
88.863
88.808
88.924
88.869
88.815
88.931
88.876
88.821
88.938
88.883
88.828
88.945
88.89
88.835
88.952
88.897
88.842
88.959
88.904
88.849
88.965
88.911
88.856
88.972
88.917
88.863
88.808
88.924
88.869
88.815
88.931
88.876
88.821
88.938
88.883
88.828
88.945
88.89
88.835
88.952
88.897
88.842
88.959
88.904
88.849
88.965
88.911
88.856
88.972
88.917
88.863
88.808
88.924
88.869
88.815
88.931
88.876
88.821
88.938
88.883
88.828
88.945
88.89
88.835
88.952
88.897
88.842
88.958
88.904
88.849
88.965
88.91
88.856
88.972
88.917
88.862
88.808
88.924
88.869
88.814
88.931
88.876
88.821
88.938
88.883
88.828
88.945
88.89
88.835
88.952
88.897
88.842
88.958
88.904
88.849
88.965
88.91
88.856
88.972
88.917
88.862
88.808
88.924
88.869
88.814
88.931
88.876
88.821
88.938
88.883
88.828
88.945
88.89
88.835
88.952
88.897
88.842
88.958
88.904
88.849
88.965
88.91
88.856
88.972
88.917
88.862
88.808
88.924
88.869
88.814
88.931
88.876
88.821
88.938
88.883
88.828
88.945
88.89
88.835
88.952
88.897
88.842
88.958
88.904
88.849
88.965
88.91
88.856
88.972
88.917
88.862
88.808
88.924
88.869
88.814
88.931
88.876
88.821
88.938
88.883
88.828
88.945
88.89
88.835
88.952
88.897
88.842
88.958
88.904
88.849
88.965
88.91
88.856
88.972
88.917
88.862
88.808
88.924
88.869
88.814
88.931
88.876
88.821
88.938
88.883
88.828
88.945
88.89
88.835
88.952
88.897
88.842
88.958
88.904
88.849
88.965
88.91
88.856
88.972
88.917
88.862
88.808
88.924
88.869
88.814
88.931
88.876
88.821
88.938
88.883
88.828
88.945
88.89
88.835
88.952
88.897
88.842
88.958
88.904
88.849
88.965
88.91
88.856
88.972
88.917
88.862
88.808
88.924
88.869
88.814
88.931
88.876
88.821
88.938
88.883
88.828
88.945
88.89
88.835
88.952
88.897
88.842
88.958
88.904
88.849
88.965
88.91
88.856
88.972
88.917
88.862
88.808
88.924
88.869
88.814
88.931
88.876
88.821
88.938
88.883
88.828
88.945
88.89
88.835
88.951
88.897
88.842
88.958
88.903
88.849
88.965
88.91
88.855
88.972
88.917
88.862
88.807
88.924
88.869
88.814
88.931
88.876
88.821
88.938
88.883
88.828
88.945
88.89
88.835
88.951
88.897
88.842
88.958
88.903
88.849
88.965
88.91
88.855
88.972
88.917
88.862
88.807
88.924
88.869
88.814
88.931
88.876
88.821
88.938
88.883
88.828
88.945
88.89
88.835
88.951
88.897
88.842
88.958
88.903
88.849
88.965
88.91
88.855
88.972
88.917
88.862
88.807
88.924
88.869
88.814
88.931
88.876
88.821
88.938
88.883
88.828
88.945
88.89
88.835
88.951
88.897
88.842
88.958
88.903
88.849
88.965
88.91
88.855
88.972
88.917
88.862
88.807
88.924
88.869
88.814
88.931
88.876
88.821
88.938
88.883
88.828
88.945
88.89
88.835
88.951
88.897
88.842
88.958
88.903
88.849
88.965
88.91
88.855
88.972
88.917
88.862
88.807
88.924
88.869
88.814
88.931
88.876
88.821
88.938
88.883
88.828
88.945
88.89
88.835
88.951
88.897
88.842
88.958
88.903
88.849
88.965
88.91
88.855
88.972
88.917
88.862
88.807
88.924
88.869
88.814
88.931
88.876
88.821
88.938
88.883
88.828
88.945
88.89
88.835
88.951
88.897
88.842
88.958
88.903
88.849
88.965
88.91
88.855
88.972
88.917
88.862
88.807
88.924
88.869
88.814
88.931
88.876
88.821
88.938
88.883
88.828
88.945
88.89
88.835
88.951
88.897
88.842
88.958
88.903
88.849
88.965
88.91
88.855
88.972
88.917
88.862
88.807
88.924
88.869
88.814
88.931
88.876
88.821
88.938
88.883
88.828
88.944
88.89
88.835
88.951
88.896
88.842
88.958
88.903
88.848
88.965
88.91
88.855
88.972
88.917
88.862
88.807
88.924
88.869
88.814
88.931
88.876
88.821
88.938
88.883
88.828
88.944
88.89
88.835
88.951
88.896
88.842
88.958
88.903
88.848
88.965
88.91
88.855
88.972
88.917
88.862
88.807
88.924
88.869
88.814
88.931
88.876
88.821
88.938
88.883
88.828
88.944
88.89
88.835
88.951
88.896
88.842
88.958
88.903
88.848
88.965
88.91
88.855
88.972
88.917
88.862
88.807
88.924
88.869
88.814
88.931
88.876
88.821
88.938
88.883
88.828
88.944
88.89
88.835
88.951
88.896
88.842
88.958
88.903
88.848
88.965
88.91
88.855
88.972
88.917
88.862
88.807
88.924
88.869
88.814
88.931
88.876
88.821
88.938
88.883
88.828
88.944
88.89
88.835
88.951
88.896
88.842
88.958
88.903
88.848
88.965
88.91
88.855
88.972
88.917
88.862
88.807
88.924
88.869
88.814
88.931
88.876
88.821
88.938
88.883
88.828
88.944
88.89
88.835
88.951
88.896
88.842
88.958
88.903
88.848
88.965
88.91
88.855
88.972
88.917
88.862
88.807
88.924
88.869
88.814
88.931
88.876
88.821
88.938
88.883
88.828
88.944
88.89
88.835
88.951
88.896
88.842
88.958
88.903
88.848
88.965
88.91
88.855
88.972
88.917
88.862
88.807
88.924
88.869
88.814
88.931
88.876
88.821
88.938
88.883
88.828
88.944
88.89
88.835
88.951
88.896
88.842
88.958
88.903
88.848
88.965
88.91
88.855
88.972
88.917
88.862
88.807
88.924
88.869
88.814
88.931
88.876
88.821
88.937
88.883
88.828
88.944
88.889
88.835
88.951
88.896
88.841
88.958
88.903
88.848
88.965
88.91
88.855
88.972
88.917
88.862
88.807
88.924
88.869
88.814
88.931
88.876
88.821
88.937
88.883
88.828
88.944
88.889
88.835
88.951
88.896
88.841
88.958
88.903
88.848
88.965
88.91
88.855
88.972
88.917
88.862
88.807
88.924
88.869
88.814
88.931
88.876
88.821
88.937
88.883
88.828
88.944
88.889
88.835
88.951
88.896
88.841
88.958
88.903
88.848
88.965
88.91
88.855
88.972
88.917
88.862
88.807
88.924
88.869
88.814
88.931
88.876
88.821
88.937
88.883
88.828
88.944
88.889
88.835
88.951
88.896
88.841
88.958
88.903
88.848
88.965
88.91
88.855
88.972
88.917
88.862
88.807
88.924
88.869
88.814
88.931
88.876
88.821
88.937
88.883
88.828
88.944
88.889
88.835
88.951
88.896
88.841
88.958
88.903
88.848
88.965
88.91
88.855
88.972
88.917
88.862
88.807
88.924
88.869
88.814
88.931
88.876
88.821
88.937
88.883
88.828
88.944
88.889
88.835
88.951
88.896
88.841
88.958
88.903
88.848
88.965
88.91
88.855
88.972
88.917
88.862
88.807
88.924
88.869
88.814
88.931
88.876
88.821
88.937
88.883
88.828
88.944
88.889
88.835
88.951
88.896
88.841
88.958
88.903
88.848
88.965
88.91
88.855
88.972
88.917
88.862
88.807
88.924
88.869
88.814
88.931
88.876
88.821
88.937
88.883
88.828
88.944
88.889
88.835
88.951
88.896
88.841
88.958
88.903
88.848
88.965
88.91
88.855
88.972
88.917
88.862
88.807
88.924
88.869
88.814
88.931
88.876
88.821
88.937
88.882
88.828
88.944
88.889
88.834
88.951
88.896
88.841
88.958
88.903
88.848
88.965
88.91
88.855
88.972
88.917
88.862
88.807
88.924
88.869
88.814
88.93
88.876
88.821
88.937
88.882
88.828
88.944
88.889
88.834
88.951
88.896
88.841
88.958
88.903
88.848
88.965
88.91
88.855
88.972
88.917
88.862
88.807
88.924
88.869
88.814
88.93
88.876
88.821
88.937
88.882
88.828
88.944
88.889
88.834
88.951
88.896
88.841
88.958
88.903
88.848
88.965
88.91
88.855
88.972
88.917
88.862
88.807
88.924
88.869
88.814
88.93
88.876
88.821
88.937
88.882
88.828
88.944
88.889
88.834
88.951
88.896
88.841
88.958
88.903
88.848
88.965
88.91
88.855
88.972
88.917
88.862
88.807
88.924
88.869
88.814
88.93
88.876
88.821
88.937
88.882
88.828
88.944
88.889
88.834
88.951
88.896
88.841
88.958
88.903
88.848
88.965
88.91
88.855
88.972
88.917
88.862
88.807
88.924
88.869
88.814
88.93
88.876
88.821
88.937
88.882
88.828
88.944
88.889
88.834
88.951
88.896
88.841
88.958
88.903
88.848
88.965
88.91
88.855
88.972
88.917
88.862
88.807
88.924
88.869
88.814
88.93
88.876
88.821
88.937
88.882
88.828
88.944
88.889
88.834
88.951
88.896
88.841
88.958
88.903
88.848
88.965
88.91
88.855
88.972
88.917
88.862
88.807
88.924
88.869
88.814
88.93
88.876
88.821
88.937
88.882
88.828
88.944
88.889
88.834
88.951
88.896
88.841
88.958
88.903
88.848
88.965
88.91
88.855
88.972
88.917
88.862
88.807
88.924
88.869
88.814
88.93
88.875
88.821
88.937
88.882
88.827
88.944
88.889
88.834
88.951
88.896
88.841
88.958
88.903
88.848
88.965
88.91
88.855
88.971
88.917
88.862
88.807
88.923
88.869
88.814
88.93
88.875
88.821
88.937
88.882
88.827
88.944
88.889
88.834
88.951
88.896
88.841
88.958
88.903
88.848
88.965
88.91
88.855
88.971
88.917
88.862
88.807
88.923
88.869
88.814
88.93
88.875
88.821
88.937
88.882
88.827
88.944
88.889
88.834
88.951
88.896
88.841
88.958
88.903
88.848
88.965
88.91
88.855
88.971
88.917
88.862
88.807
88.923
88.869
88.814
88.93
88.875
88.821
88.937
88.882
88.827
88.944
88.889
88.834
88.951
88.896
88.841
88.958
88.903
88.848
88.965
88.91
88.855
88.971
88.917
88.862
88.807
88.923
88.869
88.814
88.93
88.875
88.821
88.937
88.882
88.827
88.944
88.889
88.834
88.951
88.896
88.841
88.958
88.903
88.848
88.965
88.91
88.855
88.971
88.917
88.862
88.807
88.923
88.869
88.814
88.93
88.875
88.821
88.937
88.882
88.827
88.944
88.889
88.834
88.951
88.896
88.841
88.958
88.903
88.848
88.965
88.91
88.855
88.971
88.917
88.862
88.807
88.923
88.869
88.814
88.93
88.875
88.821
88.937
88.882
88.827
88.944
88.889
88.834
88.951
88.896
88.841
88.958
88.903
88.848
88.965
88.91
88.855
88.971
88.917
88.862
88.807
88.923
88.869
88.814
88.93
88.875
88.821
88.937
88.882
88.827
88.944
88.889
88.834
88.951
88.896
88.841
88.958
88.903
88.848
88.965
88.91
88.855
88.971
88.917
88.862
88.807
88.923
88.868
88.814
88.93
88.875
88.82
88.937
88.882
88.827
88.944
88.889
88.834
88.951
88.896
88.841
88.958
88.903
88.848
88.964
88.91
88.855
88.971
88.916
88.862
88.807
88.923
88.868
88.814
88.93
88.875
88.82
88.937
88.882
88.827
88.944
88.889
88.834
88.951
88.896
88.841
88.958
88.903
88.848
88.964
88.91
88.855
88.971
88.916
88.862
88.807
88.923
88.868
88.814
88.93
88.875
88.82
88.937
88.882
88.827
88.944
88.889
88.834
88.951
88.896
88.841
88.958
88.903
88.848
88.964
88.91
88.855
88.971
88.916
88.862
88.807
88.923
88.868
88.814
88.93
88.875
88.82
88.937
88.882
88.827
88.944
88.889
88.834
88.951
88.896
88.841
88.958
88.903
88.848
88.964
88.91
88.855
88.971
88.916
88.862
88.807
88.923
88.868
88.814
88.93
88.875
88.82
88.937
88.882
88.827
88.944
88.889
88.834
88.951
88.896
88.841
88.958
88.903
88.848
88.964
88.91
88.855
88.971
88.916
88.862
88.807
88.923
88.868
88.814
88.93
88.875
88.82
88.937
88.882
88.827
88.944
88.889
88.834
88.951
88.896
88.841
88.958
88.903
88.848
88.964
88.91
88.855
88.971
88.916
88.862
88.807
88.923
88.868
88.814
88.93
88.875
88.82
88.937
88.882
88.827
88.944
88.889
88.834
88.951
88.896
88.841
88.958
88.903
88.848
88.964
88.91
88.855
88.971
88.916
88.862
88.807
88.923
88.868
88.814
88.93
88.875
88.82
88.937
88.882
88.827
88.944
88.889
88.834
88.951
88.896
88.841
88.958
88.903
88.848
88.964
88.91
88.855
88.971
88.916
