26.44
28.44
29.756
28.844
29.475
27.191
28.679
31.025
26.618
31.304
33.728
31.255
32.427
28.772
28.077
31.974
33.462
30.836
30.438
32.365
35.184
29.471
30.445
32.229
38.448
29.65
29.081
31.426
31.542
37.659
33.741
30.575
28.016
27.435
29.609
38.249
39.154
37.213
31.844
29.903
40.477
32.365
33.728
36.939
32.084
37.686
36.946
36.719
30.665
43.638
33.298
31.014
36.102
34.847
40.45
30.623
29.016
30.365
41.54
31.532
34.971
26.673
29.259
32.194
43.433
36.349
33.209
29.897
44.01
27.442
28.728
30.556
44.187
41.561
37.049
29.016
39.222
30.304
39.339
29.815
35.855
34.086
29.016
33.346
31.748
27.44
35.636
27.44
34.724
37.412
29.986
36.274
38.619
32.221
38.166
36.649
34.511
41.314
29.304
30.728
32.687
27.706
36.061
34.121
42.637
32.639
33.728
36.013
40.587
32.646
43.391
48.137
31.282
28.728
35.341
38.886
36.603
34.148
35.728
31.31
33.236
35.728
47.238
31.558
34.669
41.471
28.022
30.274
33.99
50.05
33.709
46.996
39.654
29.627
36.857
42.459
30.747
33.092
34.409
46.697
26.152
36.699
34.84
33.901
37.961
37.391
45.394
37.282
35.513
30.42
35.286
35.06
31.016
35.005
33.922
37.81
31.755
41.471
39.531
50.105
44.564
36.109
28.961
32.626
35.657
36.287
31.592
35.033
40.806
31.666
40.011
36.356
43.844
45.675
38.934
36.137
30.253
29.44
39.284
33.572
31.708
37.46
31.016
33.977
30.44
33.407
39.181
36.383
38.132
40.957
30.728
37.131
34.139
41.19
36.507
43.823
38.454
37.199
34.916
42.747
36.521
43.666
41.039
42.527
42.301
39.992
52.189
47.849
37.306
27.556
47.622
31.444
42.596
40.141
37.001
47.403
37.234
37.35
31.592
42.953
47.183
52.168
35.643
31.884
53.588
37.933
28.789
45.593
38.338
36.74
28.44
46.114
37.145
40.077
39.833
38.406
48.123
39.325
29.728
34.985
46.758
38.304
26.556
39.503
28.844
40.991
45.908
38.139
41.379
30.673
44.255
29.324
39.572
31.326
38.146
31.786
37.919
48.15
37.81
37.755
31.365
29.537
41.471
42.274
28.844
38.105
49.707
35.766
49.597
43.677
41.657
31.794
37.145
29.339
44.118
37.856
42.558
38.235
40.58
37.954
42.699
31.304
44.015
51.503
39.277
36.844
30.728
48.308
29.246
52.71
35.341
30.304
38.016
41.629
30.075
42.603
50.948
53.122
29.016
47.753
40.326
39.243
41.931
45.99
42.335
46.223
52.854
29.734
36.685
27.844
35.773
38.29
43.549
36.123
38.982
30.016
38.756
47.615
31.304
38.303
43.734
47.794
43.796
29.598
52.998
29.543
52.429
41.403
33.728
57.291
50.036
40.724
42.04
43.357
42.102
46.333
44.735
39.653
34.738
39.14
29.653
41.656
30.913
41.602
29.201
41.375
31.546
38.749
28.919
46.58
29.893
42.925
30.695
48.185
47.273
27.844
38.303
29.44
49.563
41.965
38.653
40.655
31.304
44.715
42.431
35.691
36.836
40.724
39.298
28.249
57.414
43.816
35.362
29.132
42.85
40.395
39.997
38.742
35.773
29.249
50.29
48.006
51.208
43.096
27.728
42.356
31.789
39.215
64.189
36.132
42.363
31.963
49.336
47.91
40.141
52.772
41.746
29.016
38.776
39.922
43.124
47.526
47.3
51.874
28.789
53.362
27.363
51.25
34.337
41.423
31.196
37.94
46.114
28.653
54.287
47.375
55.035
53.78
30.07
46.182
43.213
36.368
48.472
39.16
41.163
49.165
29.427
46.024
43.912
45.572
49.631
42.376
38.036
39.539
38.667
52.498
46.1
34.88
45.874
38.619
29.961
45.25
34.192
44.338
45.311
44.742
31.304
48.63
48.575
43.549
31.304
41.266
32.42
42.925
43.337
45.613
38.872
29.016
45.332
53.848
28.728
41.622
28.844
49.796
55.227
28.844
42.315
30.556
39.003
28.444
42.205
44.036
51.352
42.726
29.906
42.5
56.331
30.728
35.016
47.362
31.249
47.478
30.016
50.166
29.537
46.854
39.771
28.482
46.573
28.084
29.42
44.29
37.422
48.863
50.866
42.582
35.728
51.784
44.358
44.763
43.618
31.337
40.477
29.739
46.765
43.11
43.304
57.627
41.458
41.403
43.748
44.207
27.44
55.467
58.326
31.304
42.328
28.728
44.674
58.333
46.621
47.595
41.883
47.828
52.916
50.461
52.463
44.008
41.382
28.728
50.756
44.358
31.077
58.875
45.791
44.022
35.016
49.624
29.016
41.17
52.429
52.888
44.948
29.016
47.293
44.667
28.994
38.304
52.84
31.391
43.014
30.137
41.588
31.282
47.876
26.152
29.341
52.107
52.566
44.111
45.599
44.344
44.29
50.063
51.723
51.668
45.613
50.015
43.96
40.82
46.422
42.082
38.598
44.543
40.888
27.44
40.834
46.436
54.61
41.012
42.5
45.188
30.304
41.704
50.907
52.738
28.789
49.426
31.317
44.914
28.844
46.059
29.989
42.575
39.02
43.549
31.422
48.294
37.016
42.925
26.332
42.527
50.358
45.675
42.66
43.22
26.44
46.765
36.036
38.824
29.124
39.627
31.983
39.057
41.745
42.376
26.152
38.893
41.409
51.126
33.728
44.728
44.331
45.476
39.592
47.595
51.654
57.085
44.687
40.175
43.549
31.304
42.98
27.306
51.154
42.699
45.558
42.932
42.534
29.44
57.051
42.253
51.798
45.743
33.844
56.488
48.548
34.016
43.864
46.038
31.825
44.612
29.016
52.614
52.559
51.133
29.304
60.85
43.823
31.592
52.854
45.085
26.44
31.44
56.002
31.592
57.147
64.806
45.723
27.44
62.639
52.813
26.44
43.672
26.44
53.56
29.734
52.991
31.565
43.679
52.71
26.501
47.169
31.132
43.686
45.86
48.376
46.607
44.324
42.897
52.785
43.131
54.047
52.278
29.139
45.023
43.254
43.028
44.173
46.861
68.92
53.608
46.868
51.099
53.444
56.475
45.105
28.304
58.593
46.881
51.969
31.249
56.543
44.831
29.44
45.291
55.179
48.095
53.869
39.304
53.643
52.559
45.99
34.016
53.649
56.166
49.768
49.885
30.016
57.201
30.673
55.604
28.218
45.777
48.98
47.896
44.756
29.728
53.444
36.44
31.558
57.16
44.532
50.077
58.422
44.139
27.44
52.484
50.372
48.088
37.556
48.719
28.93
44.55
44.667
51.126
54.671
30.556
29.537
42.788
59.361
31.825
55.192
56.166
53.711
30.482
54.513
30.598
65.087
50.118
27.789
49.206
29.792
47.78
29.394
48.239
61.899
52.587
46.36
31.844
53.677
35.572
48.479
53.053
30.194
43.741
27.44
52.429
51.345
37.758
55.748
28.618
47.464
48.609
29.132
51.64
32.174
50.728
44.845
49.247
31.016
46.449
59.595
49.425
28.741
57.256
44.173
48.575
49.892
47.094
62.811
54.356
55.329
61.275
45.62
62.365
45.853
48.541
61.686
54.774
61.233
39.304
55.693
57.867
52.84
31.077
46.785
43.537
60.959
29.499
30.091
52.676
29.077
51.078
40.165
48.28
51.825
27.556
67.713
30.728
54.287
36.158
58.347
33.728
51.435
53.608
54.068
58.813
31.427
47.958
29.486
52.36
31.66
52.305
50.708
52.71
32.016
47.684
61.172
31.728
59.745
38.873
47.348
27.332
50.207
29.42
64.038
29.365
64.669
52.443
52.216
62.79
54.678
31.016
52.909
30.446
54.397
35.728
46.971
55.659
29.304
39.728
51.489
50.749
31.906
50.694
50.468
30.728
48.356
27.152
57.901
48.417
36.44
48.534
30.556
66.136
29.304
61.624
40.482
52.827
51.915
58.888
31.556
51.805
51.407
56.495
48.726
61.871
29.701
48.788
54.904
53.992
29.016
48.966
64.511
29.304
67.713
59.43
34.077
49.604
28.879
51.949
56.18
34.084
53.211
31.629
54.184
30.203
54.129
50.132
50.248
30.44
54.308
54.767
53.341
50.372
62.488
56.262
52.95
31.016
56.152
62.44
38.016
48.842
29.961
60.273
31.62
52.161
46.278
47.08
28.016
30.906
50.625
54.171
27.446
26.618
60.973
51.832
29.304
49.206
31.831
53.437
28.304
49.268
54.356
29.016
67.158
31.875
36.016
57.503
30.728
47.505
43.31
71.279
29.198
59.224
56.255
51.914
59.745
52.319
53.293
29.304
49.638
52.154
55.357
59.245
26.268
57.99
60.335
50.68
53.54
52.97
63.373
34.077
52.861
29.565
57.092
52.58
30.844
52.353
30.728
31.818
50.413
31.31
52.244
51.503
50.934
29.728
52.593
59.567
62.426
53.629
53.402
55.405
59.293
48.438
51.126
48.671
53.416
56.447
31.844
51.421
55.652
52.34
32.016
53.656
29.046
62.001
53.032
31.304
49.892
49.322
54.753
26.501
53.327
52.929
55.274
57.277
50.365
49.624
27.268
54.026
31.156
55.857
48.088
36.132
53.176
28.728
54.321
59.066
53.869
55.014
28.763
28.728
73.302
32.101
52.161
52.621
51.88
54.054
64.456
55.144
57.146
41.341
54.863
62.18
60.582
31.961
52.127
27.796
53.101
33.728
52.874
36.244
68.591
52.079
58.196
34.132
61.912
39.392
59.457
64.717
51.805
54.321
30.262
62.324
52.326
52.442
52.388
54.39
38.016
51.421
52.566
55.425
31.673
47.999
50.344
61.604
28.249
53.663
30.422
62.522
30.882
53.039
31.451
51.27
27.453
53.958
51.503
33.906
59.334
27.679
28.027
52.765
29.167
52.024
61.569
58.6
51.517
39.368
49.576
52.95
28.974
63.695
61.754
29.741
53.985
55.13
39.598
51.818
65.306
59.08
60.225
52.113
32.218
54.458
50.118
59.492
56.008
29.077
51.668
37.251
66.87
31.592
56.015
50.303
53.848
54.822
54.596
50.255
53.629
64.202
53.176
53.636
66.609
54.897
43.592
57.071
29.016
62.673
63.647
26.268
53.821
54.966
28.304
29.132
60.054
26.275
55.885
30.44
60.287
31.592
61.089
55.377
54.808
31.016
53.039
56.07
64.586
53.389
60.877
28.489
64.422
53.053
57.626
70.257
29.728
61.631
29.673
60.033
52.607
52.724
31.084
27.789
55.926
29.658
55.185
59.073
51.133
58.964
35.728
31.016
63.194
61.94
35.728
33.734
66.17
54.973
31.592
56.975
59.32
58.534
59.78
28.016
55.439
59.498
59.272
31.427
60.417
55.905
57.393
56.824
57.798
77.972
60.088
60.89
53.121
27.44
57.866
56.612
26.44
57.585
57.53
27.44
30.728
55.933
26.387
55.364
56.166
59.368
55.542
74.516
63.489
37.44
56.749
73.494
64.868
59.841
81.044
61.446
32.016
69.448
57.222
58.367
55.912
61.172
30.789
58.888
31.934
61.233
35.994
59.978
29.425
57.009
56.269
55.185
33.728
57.53
53.018
58.963
60.109
61.082
53.313
58.23
59.375
71.149
33.728
56.179
59.553
31.592
60.355
33.937
54.129
28.016
58.017
57.105
59.107
68.31
59.341
31.42
62.886
56.831
29.844
57.462
26.501
59.978
28.161
64.381
29.016
58.84
70.271
27.673
62.845
66.39
28.728
76.278
68.509
64.339
64.799
64.23
28.967
63.832
58.806
60.294
29.42
61.096
37.016
65.327
64.415
60.074
58.991
60.136
27.728
67.624
60.026
33.728
62.543
65.231
65.862
55.178
29.016
61.809
70.154
61.357
30.728
36.44
55.645
61.761
57.935
35.844
68.509
56.625
65.656
60.458
56.975
34.194
70.12
60.979
57.667
62.927
29.556
64.243
60.76
63.277
33.728
62.193
67.453
36.961
64.998
71.629
29.537
58.202
61.747
28.57
64.264
32.286
68.323
28.974
64.669
32.348
60.157
29.036
57.016
26.556
63.99
67.192
31.255
59.594
70.854
29.016
61.713
60.801
62.118
40.365
31.016
64.634
33.189
62.179
60.753
62.927
31.365
65.101
66.76
29.475
62.077
61.85
57.338
61.226
31.255
64.6
31.44
61.459
63.119
57.578
63.009
67.754
28.673
68.728
61.645
39.728
63.99
63.078
60.623
28.851
62.454
40.844
28.53
66.856
63.887
59.546
27.158
74.406
43.537
63.722
38.016
41.596
60.582
63.613
34.077
64.072
29.556
62.131
64.991
61.165
58.71
27.728
29.132
72.712
67.171
75.174
62.776
62.035
64.895
60.897
31.592
61.871
63.702
65.533
59.306
29.201
59.251
26.44
60.739
69.427
63.544
65.889
65.32
28.016
65.951
63.839
32.003
60.87
31.091
69.558
27.728
64.531
66.362
61.336
29.365
79.967
67.741
64.086
51.284
60.259
27.743
66.205
36.603
60.493
30.719
67.466
71.697
31.482
65.128
35.198
68.845
74.275
67.535
37.365
59.937
34.42
64.339
64.97
68.858
29.67
72.746
64.806
34.996
75.208
59.896
59.498
26.508
70.072
67.103
39.728
64.477
30.016
31.592
72.136
28.31
65.91
63.626
39.557
64.6
61.459
63.119
62.207
28.728
61.981
59.183
62.214
31.42
59.587
29.137
65.19
59.649
26.152
68.68
71.197
27.152
63.085
66.115
30.304
67.775
60.006
63.379
66.753
70.47
64.072
75.674
68.762
77.793
26.152
31.598
58.71
66.712
74.2
62.659
61.405
67.007
62.495
66.554
31.304
59.642
28.844
65.416
58.847
61.535
77.594
65.025
64.113
28.132
63.544
28.077
76.346
31.451
61.72
75.208
39.422
63.667
59.327
38.701
75.901
64.36
70.134
32.304
62.022
27.277
61.967
61.226
26.446
64.943
74.831
29.482
62.262
65.121
70.895
76.84
65.642
31.592
73.13
61.761
60.163
66.451
62.454
29.543
27.673
65.656
64.744
69.318
70.634
31.139
71.265
72.582
68.584
31.44
68.186
31.385
26.803
74.131
27.558
71.677
40.018
66.822
65.395
30.728
59.683
29.427
61.514
30.194
71.574
63.976
71.121
60.266
68.783
36.728
62.385
33.93
64.387
63.304
86.221
29.556
64.566
68.454
68.399
29.016
67.487
27.761
69.146
29.42
73.548
71.779
29.132
72.41
61.727
28.132
28.844
69.9
34.934
31.532
66.588
26.152
63.791
66.479
73.452
69.798
72.828
67.974
36.262
66.033
70.092
29.016
63.695
29.132
66.04
32.506
61.871
78.787
73.761
64.106
27.851
61.137
63.996
78.684
68.001
68.118
71.32
68.522
70.696
67.898
67.5
31.728
66.074
33.728
74.591
66.822
32.42
70.024
31.44
63.626
68.2
29.42
72.602
63.976
30.728
69.75
79.466
42.537
67.583
66.328
30.249
63.359
68.618
64.106
33.844
73.137
80.796
28.844
66.684
27.418
71.601
69.318
47.641
74.406
65.265
31.482
66.924
67.041
75.043
72.931
72.876
72.822
28.796
67.795
34.227
65.855
34.592
65.971
79.116
37.44
67.233
68.207
79.123
27.385
70.326
34.016
75.585
32.075
75.016
31.849
77.875
67.706
70.566
31.495
34.961
73.254
28.391
76.627
69.03
63.318
67.548
29.679
66.979
66.41
67.384
76.758
69.503
33.961
70.476
77.793
49.763
67.624
31.708
38.394
86.083
63.057
29.304
71.745
69.119
29.132
74.892
75.523
68.783
35.728
28.556
76.442
70.387
27.741
81.818
67.363
28.787
71.766
70.854
44.88
67.884
67.144
31.44
76.689
76.12
29.016
67.494
71.724
75.955
66.815
72.417
71.162
36.901
71.622
30.556
75.681
35.728
29.44
72.369
29.556
75.228
31.084
74.488
79.919
68.55
36.44
68.495
74.611
30.44
29.844
80.042
40.499
73.816
29.44
72.732
37.158
74.049
28.304
69.023
76.168
76.799
28.016
69.544
71.889
31.022
72.348
30.93
68.179
29.503
69.153
71.67
73.843
28.961
68.988
72.362
29.708
73.336
80.138
28.728
72.198
71.286
69.174
77.004
68.207
66.266
69.126
71.985
77.93
31.646
65.018
39.992
67.878
73.48
79.254
29.304
81.427
69.544
65.032
82.463
33.728
69.551
67.439
76.298
29.016
77.443
27.152
73.788
69.448
29.016
69.564
71.052
76.483
29.016
75.057
37.189
81.516
77.176
74.721
31.365
74.838
78.383
35.961
69.242
29.016
77.416
71.361
70.278
75.708
84.225
28.016
46.304
69.427
76.401
69.489
77.834
29.016
69.722
73.61
81.441
72.643
68.645
68.248
39.728
71.279
78.424
71.169
39.304
68.2
74.145
69.461
28.728
74.378
72.095
37.304
66.554
71.299
73.301
29.194
78.047
31.71
26.152
72.335
38.17
70.051
66.396
34.249
78.684
31.451
69.715
66.06
28.016
29.961
69.605
72.293
31.734
78.582
28.016
74.412
74.529
69.331
72.533
76.764
32.592
26.618
82.71
31.016
71.855
84.657
65.745
70.49
71.807
29.016
80.323
71.525
69.585
80.33
70.332
69.077
84.108
29.679
36.244
70.853
30.789
74.056
70.058
67.26
29.44
78.348
69.379
67.267
71.155
29.077
80.015
35.728
72.417
31.016
73.391
38.016
77.45
76.195
68.255
47.708
68.371
28.865
65.059
38.238
77.519
88.092
29.386
71.237
68.611
67.871
90.959
70.161
75.935
29.132
69.537
72.911
34.194
73.37
70.744
29.132
72.232
27.728
75.605
69.722
31.592
72.41
71.669
31.44
68.872
31.042
68.645
75.448
67.164
65.738
31.556
63.112
67.685
76.373
72.204
30.016
70.607
65.752
77.697
72.842
75.187
37.159
74.961
30.673
66.163
39.262
63.537
69.139
72.856
78.972
67.089
70.463
71.093
73.096
29.022
70.812
72.643
29.77
76.703
27.658
70.819
69.05
75.681
32.304
64.14
31.763
68.2
30.508
68.316
77.004
76.607
70.895
70.325
69.071
79.987
69.132
68.906
27.268
66.623
66.568
74.741
66.972
28.077
78.575
32.132
70.977
29.506
67.322
37.077
71.039
69.269
76.415
37.077
73.445
75.448
67.679
65.395
76.997
29.556
67.514
67.116
31.016
65.519
75.578
82.552
26.44
77.183
28.442
72.499
70.901
74.275
31.482
75.077
31.44
72.623
67.425
31.489
70.113
73.829
70.175
70.634
65.436
72.067
81.098
65.957
30.844
73.103
75.448
75.05
79.624
75.969
73.685
71.916
68.776
66.149
31.592
70.895
29.651
71.011
74.385
74.33
28.728
28.31
75.304
80.906
72.794
68.625
31.728
72.341
72.458
80.46
68.748
76.408
29.132
73.439
29.132
67.727
77.443
30.728
68.817
71.848
68.021
68.652
28.728
82.483
34.016
82.257
30.018
69.859
72.547
79.007
29.304
74.837
38.103
66.382
90.499
72.959
29.016
74.104
31.475
82.62
31.934
69.537
78.739
70.97
73.829
78.232
82.12
36.016
70.236
66.924
70.984
71.786
77.045
74.419
31.139
69.393
70.881
29.425
74.94
68.885
78.259
31.304
74.261
29.543
71.806
73.466
72.211
36.734
69.585
27.33
76.901
82.675
27.673
76.963
31.715
76.051
32.86
70.168
78.513
30.07
82.401
80.632
44.941
69.948
80.865
71.724
75.098
68.014
70.874
69.962
72.65
77.224
74.597
71.971
31.592
79.288
26.268
71.518
31.844
81.407
31.446
71.58
27.277
71.525
84.842
72.616
29.44
71.361
29.385
75.592
71.422
77.71
69.427
27.844
73.658
79.603
32.365
39.889
73.205
69.036
78.067
71.841
36.016
29.016
78.129
73.445
76.819
75.736
85.109
79.054
72.314
81.173
77.347
31.42
82.435
34.965
29.016
70.38
80.268
26.33
80.213
74.844
77.532
70.62
75.365
34.077
77.196
92.399
28.844
36.44
74.172
76.689
72.691
82.065
79.096
29.304
75.784
77.272
76.702
28.728
28.132
75.105
31.587
75.05
29.646
76.538
73.397
74.2
77.23
72.376
69.921
27.618
72.094
78.04
72.499
84.787
83.189
31.022
77.649
31.016
78.622
33.728
75.825
92.57
30.44
77.258
71.032
75.948
74.35
82.181
31.653
76.298
74.7
72.931
80.762
70.936
85.281
81.283
73.514
31.42
86.659
76.147
29.022
81.064
78.78
78.897
29.304
96.67
77.93
83.532
74.563
76.222
88.339
74.398
78.972
77.203
31.365
84.005
85.15
34.592
73.953
73.898
35.728
83.272
82.36
78.533
86.707
29.304
78.938
75.797
31.016
82.085
81.345
36.844
84.547
76.264
84.437
33.906
72.725
82.956
77.244
79.932
72.849
82.222
85.082
46.592
81.256
31.646
76.401
27.728
95.203
31.825
27.625
94.805
91.15
78.41
28.66
82.298
31.728
83.957
83.217
79.219
80.707
78.595
29.686
76.826
76.257
83.23
31.886
77.176
33.889
76.778
82.38
29.728
78.382
31.558
30.44
86.899
41.104
35.87
79.644
29.391
76.675
80.392
78.28
27.728
73.939
34.941
85.713
80.172
79.603
77.662
79.665
79.61
30.304
86.584
84.472
79.445
31.556
87.105
77.278
82.709
82.654
28.728
76.257
29.358
86.145
29.132
30.563
88.318
81.578
82.38
29.249
75.982
27.651
79.528
38.225
28.304
79.644
33.884
80.618
93.592
77.937
29.673
80.453
27.389
82.113
50.992
85.829
76.517
30.016
83.834
28.844
36.646
79.493
80.981
27.44
78.184
82.072
77.731
85.048
87.393
77.738
81.112
78.142
74.83
29.673
26.213
74.09
78.321
83.58
81.982
86.385
81.358
79.075
76.792
81.365
78.91
76.798
29.728
74.515
34.13
79.432
84.177
84.122
79.953
39.016
89.498
29.018
75.043
34.62
78.417
77.676
76.935
90.595
93.797
80.199
30.741
29.728
80.316
86.604
30.728
86.035
76.551
78.039
83.813
78.273
30.201
81.303
76.62
77.594
93.996
74.055
78.801
32.016
80.46
30.674
77.834
83.779
89.038
34.249
79.555
35.051
77.786
30.906
76.017
73.219
32.304
75.735
77.909
80.083
29.016
86.714
83.059
83.861
85.521
40.304
86.494
81.639
78.499
38.42
102.101
31.82
89.875
29.022
87.077
80.508
78.739
78.855
74.515
27.728
78.917
82.291
82.922
81.324
74.755
31.906
78.3
39.222
81.674
81.105
34.139
82.593
84.766
29.906
76.826
37.249
87.228
76.202
80.09
36.906
80.206
73.637
82.668
27.728
82.785
83.415
88.332
29.556
82.791
92.165
30.44
96.225
85.37
81.543
34.794
77.546
79.205
39.201
82.065
28.016
80.467
31.592
79.041
28.091
29.822
75.729
29.596
78.588
74.762
76.078
85.452
78.711
90.485
80.487
72.89
28.679
77.292
33.967
78.437
43.513
77.011
81.07
73.473
81.475
78.677
29.556
82.394
76.853
79.198
29.304
82.401
87.831
28.728
84.862
36.741
29.701
73.493
80.295
31.304
82.812
83.443
77.902
86.933
30.899
41.029
84.135
31.825
79.281
81.111
92.714
36.196
77.573
84.375
94.263
81.351
74.268
77.985
29.139
91.13
33.884
92.789
29.372
74.391
85.137
77.196
36.44
77.827
77.258
77.717
27.728
80.919
34.304
78.465
79.095
84.183
31.708
91.5
80.645
83.847
30.194
81.05
31.563
89.052
79.569
76.771
77.916
78.033
26.152
86.549
95.409
85.582
86.042
27.782
91.13
34.756
81.818
43.444
76.963
29.504
76.908
87.139
81.427
74.858
30.44
31.016
84.403
79.548
83.436
30.728
83.038
75.441
75.557
75.674
27.44
28.728
81.619
28.07
77.964
82.023
34.915
78.369
84.999
36.016
75.516
82.833
79.006
79.123
29.44
81.982
41.053
78.156
30.44
83.073
88.161
38.016
80.22
76.908
78.91
79.027
39.844
32.592
83.601
87.66
74.405
28.728
83.779
81.153
79.041
95.614
87.674
26.385
85.047
78.135
34.592
81.509
87.283
29.255
83.971
29.029
86.83
31.032
82.318
30.805
77.978
89.751
80.611
87.413
76.901
40.106
80.275
29.251
85.706
28.682
73.994
32.055
35.734
82.51
31.486
83.655
31.946
78.286
74.46
31.482
78.519
85.15
30.44
78.238
82.812
81.214
78.245
80.419
74.021
85.109
34.592
84.369
89.457
86.316
31.31
28.016
83.004
44.627
86.206
27.906
76.38
80.439
77.47
85.301
80.96
79.02
42.592
86.337
88.167
28.42
74.912
30.139
80.343
83.203
31.961
95.662
31.734
74.522
78.752
30.734
86.412
31.592
74.871
81.674
81.447
83.621
86.995
79.226
39.844
88.257
79.116
76.832
81.063
83.408
77.182
83.299
76.73
30.44
31.016
82.16
29.246
75.248
76.394
89.196
82.455
32.065
30.728
82.915
29.61
91.088
94.119
29.304
79.836
29.077
84.238
29.537
81.098
29.482
83.443
77.902
29.132
83.504
31.477
76.764
28.543
89.909
31.44
80.254
82.256
39.365
79.287
89.518
88.435
29.913
79.98
79.239
76.442
76.044
90.389
75.248
27.453
85.479
82.853
31.324
82.97
30.592
74.172
36.556
85.774
77.834
26.57
82.579
78.752
74.583
78.814
78.074
76.819
76.421
31.077
30.42
79.795
27.965
76.654
85.514
44.42
81.173
87.975
77.978
80.837
85.239
87.07
83.415
95.189
27.501
31.016
81.248
81.365
76.682
87.77
34.53
92
80.46
78.691
46.304
77.264
29.449
78.238
31.084
84.183
84.643
77.045
27.556
78.876
74.535
74.48
29.44
90.026
26.152
89.799
37.244
27.844
89.059
30.704
87.804
81.063
87.18
73.925
30.592
78.499
82.901
84.218
80.563
29.728
30.592
76.222
34.13
77.882
83.141
79.829
28.501
74.803
28.961
78.862
75.207
83.21
80.069
82.757
100.188
31.653
73.904
37.084
76.25
89.738
29.022
76.14
27.152
78.314
40.42
37.04
90.944
31.842
85.404
85.863
73.98
27.728
87.639
26.301
90.327
92.501
79.246
77.306
90.451
86.11
30.734
79.027
80.515
78.06
80.919
52.834
77.093
76.181
86.069
79.671
86.474
76.99
34.906
76.592
76.195
89.34
73.856
91.287
84.032
97.349
76.894
87.639
83.813
28.906
82.215
38.451
83.875
76.106
76.222
31.592
77.71
91.712
31.304
86.172
80.288
89.662
30.304
31.016
85.493
78.924
77.669
79.843
30.844
77.902
77.676
81.05
78.08
80.597
82.085
79.459
80.432
88.435
76.208
34.728
81.468
29.556
77.47
30.858
80.501
75.989
73.705
29.508
85.136
83.539
76.798
80.515
28.844
83.031
33.932
79.719
39.016
84.122
31.246
91.095
82.64
78.985
84.074
80.076
89.107
78.252
81.797
81.056
31.44
81.687
34.128
79.918
38.53
77.292
81.18
29.304
83.011
46.049
30.132
74.041
85.472
80.446
31.592
82.105
78.279
39.967
76.853
75.427
79.486
80.974
78.348
29.728
92.007
35.844
88.524
78.183
30.577
78.128
32.886
95.388
31.653
76.647
29.541
84.135
32.572
26.44
82.709
31.489
77.854
40.348
35.728
76.942
28.807
89.402
43.667
79.061
30.734
88.263
77.58
80.439
31.255
80.556
86.501
28.31
80.275
78.505
81.536
77.881
76.284
40.42
81.372
91.088
81.433
80.693
78.581
76.812
81.728
33.844
79.102
86.59
78.307
76.537
34.592
78.025
76.599
80.144
31.31
80.775
78.663
76.551
29.304
30.708
84.211
27.363
85.527
82.729
80.446
74.391
84.622
29.831
82.681
34.748
73.541
27.961
81.715
28.592
85.603
79.205
31.598
77.093
96.067
74.755
80.528
36.97
78.931
82.133
75.392
82.537
83.854
28.844
84.828
29.989
81.344
32.677
88.832
30.304
78.663
32.003
72.608
75.125
83.47
83.415
79.246
88.277
28.985
80.508
79.081
84.341
31.825
82.229
77.888
28.556
85.033
29.016
78.979
72.924
74.926
84.3
29.42
88.702
84.361
79.335
76.537
78.025
30.139
82.771
77.573
30.304
79.404
80.035
76.894
92.611
84.67
99.358
26.385
76.503
79.02
28.506
88.736
31.708
36.016
74.453
40.728
83.827
77.429
78.917
34.844
85.548
88.921
39.077
85.438
86.583
29.728
77.785
88.188
80.59
29.728
79.164
83.223
31.02
89.511
30.44
80.199
85.459
76.489
76.606
89.065
78.725
80.899
27.782
76.729
78.389
79.02
31.592
77.079
86.453
28.44
86.912
30.537
81.715
29.482
83.888
81.433
78.293
86.809
77.669
29.016
88.071
77.045
38.016
89.161
40.875
84.992
81.509
78.711
79.513
82.03
37.304
80.432
29.413
78.149
39.987
28.016
81.865
28.961
81.982
29.42
80.556
29.88
90.272
27.425
78.903
86.563
78.965
75.824
89.484
78.972
82.174
33.851
27.844
82.291
77.779
48.572
78.752
38.403
80.069
77.443
80.816
32.715
80.761
74.021
28.646
77.566
74.082
27.728
76.942
78.087
78.889
35.229
83.977
28.831
77.751
74.61
29.016
86.384
37.44
79.301
50.413
77.703
29.101
83.477
77.422
81.139
83.141
77.943
77.888
29.07
81.091
77.264
80.124
28.844
88.64
82.928
27.44
73.959
50.168
76.818
78.478
82.537
81.625
76.77
33.058
79.116
77.689
76.777
85.465
78.382
80.384
30.365
89.929
31.818
76.674
80.391
74.679
31.673
78.91
79.712
34.022
79.829
90.574
83.49
77.778
78.409
76.64
29.365
74.357
28.844
78.245
74.247
85.849
76.023
43.016
78.882
75.913
79.63
83.004
29.42
77.806
78.608
80.953
35.728
89.641
28.016
82.215
83.36
86.22
76.908
30.44
85.424
29.084
77.141
82.572
27.44
89.545
80.748
85.15
76.695
31.482
29.44
78.183
47.899
81.214
29.556
76.702
80.59
36.963
77.964
29.022
91.452
39.596
76.997
29.427
76.942
81.001
81.632
76.092
89.237
86.782
75.756
37.508
76.729
73.417
80.905
73.308
85.424
28.42
77.826
83.429
83.202
76.462
80.521
39.249
75.838
27.44
37.651
78.012
77.1
76.016
75.79
31.077
78.821
84.08
88.825
74.37
77.573
27.152
36.44
83.346
79.863
76.722
79.925
82.441
89.244
80.96
86.048
94.05
86.796
27.268
79.884
85.486
73.602
74.233
76.578
85.781
84.697
85.842
88.702
82.133
90.649
77.566
34.016
78.54
30.016
78.485
76.544
83.689
28.077
76.263
79.808
76.496
76.613
76.386
79.246
80.562
92.679
84.396
87.426
83.943
28.304
79.26
72.176
76.921
26.556
29.132
77.038
29.077
31.016
75.097
84.471
78.416
75.447
28.304
79.164
77.052
78.197
86.885
83.23
81.632
72.492
82.894
31.029
78.382
29.089
82.098
75.015
30.304
76.846
81.248
79.308
37.91
77.024
31.016
78.169
84.286
27.556
27.44
75.831
76.805
78.293
27.152
76.866
86.069
78.814
91.273
38.304
77.333
81.735
83.394
79.054
45.456
73.17
77.573
82.146
28.07
77.463
84.094
72.382
28.44
88.613
82.044
84.732
85.877
29.132
79.822
39.728
83.881
76.798
78.8
81.831
72.862
29.016
28.016
79.15
28.789
75.666
31.763
85.554
77.1
77.902
77.161
75.564
73.623
73.225
29.077
77.799
29.708
83.23
80.432
91.52
78.265
84.21
77.813
78.958
87.132
29.304
78.848
78.45
91.767
27.748
84.684
78.972
79.088
38.016
86.233
74.521
81.495
76.126
32.592
94.757
87.33
28.646
83.676
89.449
32.119
39.304
83.394
90.54
75.913
31.955
86.144
29.157
79.918
76.091
35.846
29.304
81.522
83.353
30.961
75.927
82.215
29.934
82.331
84.162
77.936
73.595
80.226
26.44
76.743
86.117
29.42
76.462
84.121
73.952
39.728
78.354
77.785
77.045
84.361
74.192
98.48
77.511
74.713
28.618
81.344
29.249
82.489
32.451
36.765
78.149
29.016
78.608
80.096
86.384
82.901
31.304
26.44
87.474
29.191
27.756
81.419
78.279
74.281
32.016
74.398
31.789
80.343
78.917
76.805
37.556
88.407
80.809
83.497
81.557
78.759
74.59
30.304
76.935
80.651
29.201
79.568
81.056
76.887
88.489
34.31
81.577
31.341
90.094
74.439
82.613
77.929
28.728
90.046
76.619
80.165
81.995
35.963
78.341
79.143
78.231
89.49
77.778
89.038
32.304
83.84
78.299
80.473
82.99
76.078
27.728
83.051
28.728
78.368
31.016
76.256
26.556
74.658
84.546
91.691
30.673
31.365
79.979
80.61
40.365
80.727
78.786
88.674
38.132
79.191
75.022
37.422
82.51
30.304
29.31
78.683
79.314
90.574
86.576
29.728
90.293
31.592
74.638
80.583
86.357
78.587
31.592
81.104
76.763
76.709
74.939
84.656
85.801
33.844
78.375
87.577
29.482
76.894
29.084
74.953
31.501
77.127
78.101
31.734
87.989
82.962
34.708
83.593
82.338
80.569
29.44
76.743
27.728
31.016
74.288
36.501
96.176
28.046
83.435
86.295
74.583
88.585
36.446
78.93
90.533
38.016
94.249
31.103
77.566
74.597
81.056
88.715
79.746
82.606
84.265
27.44
77.01
29.137
74.213
45.88
80.329
80.274
31.022
76.448
73.136
35.853
77.538
77.141
75.543
79.774
31.132
83.147
84.464
88.523
76.469
88.242
86.302
82.133
39.728
81.049
79.794
86.425
39.132
73.856
80.487
84.032
29.728
85.863
37.387
87.351
31.304
80.096
30.077
80.898
79.129
79.074
76.962
85.479
29.304
78.91
77.655
29.501
80.171
84.745
77.319
88.235
29.016
36.44
81.152
39.304
84.526
26.33
33.763
85.499
36.904
80.645
35.134
81.275
87.735
78.937
74.425
34.592
85.513
79.115
35.728
84.718
83.463
82.894
39.016
78.039
31.589
86.898
79.815
29.304
80.274
31.306
80.048
82.907
31.365
78.567
83.312
96.629
80.459
76.976
76.921
85.438
31.44
28.372
75.954
31.249
82.414
28.741
79.959
31.258
76.304
80.02
80.651
80.768
32.646
78.827
46.653
72.944
39.913
83.861
28.728
77.463
32.273
81.865
85.753
73.355
78.958
85.417
88.277
83.079
88.681
78.683
30.728
81.543
86.116
92.233
28.728
84.635
37.416
82.009
29.653
80.24
74.699
31.77
91.959
26.268
76.818
84.649
88.194
34.091
77.511
79.17
43.592
80.658
77.175
28.961
79.006
77.065
74.61
91.355
31.413
77.415
36.686
27.385
94.331
30.974
86.219
77.079
84.224
73.883
30.016
76.4
29.132
78.574
36.673
80.404
37.44
79.835
87.666
28.913
77.154
76.928
86.302
76.818
30.906
74.878
30.679
80.48
87.111
31.598
40.989
74.37
26.734
82.201
87.118
81.748
80.151
88.153
83.812
90.615
91.074
34.139
77.819
36.016
43.17
82.393
29.743
86.624
74.74
81.886
28.561
83.374
81.09
32.016
73.15
27.332
92.98
87.44
77.271
28.42
75.844
96.532
76.078
87.166
40.937
85.396
81.742
30.728
74.315
84.203
78.663
79.122
44.941
81.982
29.972
76.098
83.415
31.592
75.131
34.475
75.762
36.992
72.45
82.852
77.14
31.42
84.8
28.794
26.44
77.031
82.633
84.121
82.009
29.304
76.468
72.642
74.816
28.967
72.361
85.678
81.851
80.254
29.016
35.728
75.913
78.601
27.44
80.432
87.234
75.179
27.556
26.673
84.724
31.958
83.641
29.504
77.072
78.046
90.162
80.507
28.016
87.138
41.091
76.455
80.343
31.304
81.145
89.147
79.321
86.638
76.297
78.299
31.825
82.702
27.789
74.247
74.192
31.249
80.823
39.937
73.911
85.342
86.144
77.346
81.748
79.808
34.482
80.782
77.984
88.043
74.788
31.139
82.448
31.598
101.936
78.395
83.998
34.016
79.657
38.246
28.139
80.974
82.119
80.35
77.552
40.016
82.811
76.242
74.13
84.19
30.598
79.163
77.566
80.939
77.627
29.734
80.487
79.06
84.148
85.636
81.81
74.212
83.586
78.903
83.476
83.936
29.304
82.167
78.855
85.828
80.802
86.062
31.016
94.235
29.844
83.209
37.42
77.84
29.556
76.414
29.501
75.844
80.247
28.844
78.478
29.728
96.594
86.425
76.77
73.458
74.089
34.763
76.263
85.636
78.382
80.041
77.243
39.844
82.846
81.419
87.879
29.016
76.167
79.369
77.6
86.116
84.347
78.978
85.78
30.501
86.411
77.785
77.387
29.42
80.247
77.62
77.565
78.025
31.304
79.17
29.706
87.858
78.032
80.72
26.44
73.293
31.132
80.781
84.669
77.415
29.304
75.303
77.133
76.393
31.831
27.44
92.281
79.883
77.6
84.916
75.433
93.378
75.495
82.297
29.327
90.642
31.016
75.844
74.418
28.022
80.535
84.423
89.168
79.856
28.317
29.653
83.572
81.46
84.32
74.322
27.583
84.553
35.728
95.127
81.015
31.139
74.617
82.276
31.543
80.507
77.367
29.363
81.94
74.343
29.454
72.745
83.147
77.435
29.44
78.923
31.589
78.697
31.534
86.699
46.908
80.473
81.789
80.877
76.023
83.339
31.592
77.456
79.629
77.86
34.592
83.977
77.922
80.61
83.812
74.329
83.874
74.391
27.556
81.364
26.301
76.509
31.475
83.14
77.771
29.53
78.916
89.661
37.477
79.664
37.08
79.095
82.297
37.556
81.556
77.387
79.047
82.077
83.051
36.016
73.739
26.361
79.856
73.629
85.746
91.52
76.379
27.906
34.88
92.61
74.898
27.44
72.615
29.673
77.017
80.562
82.05
80.281
76.969
77.6
80.116
75.09
27.44
81.892
28.07
80.466
76.125
34.225
76.928
78.416
80.418
77.449
76.194
78.539
88.941
26.556
84.429
26.673
81.975
77.12
78.265
79.067
31.249
93.069
31.708
79.472
29.082
88.16
77.648
82.907
76.681
28.728
80.055
41.016
79.657
74.288
32.304
76.804
83.949
34.941
78.752
76.64
85.156
77.387
81.275
26.577
86.535
96.423
29.365
90.025
34.708
30.304
89.284
79.629
28.207
74.603
84.148
75.008
78.724
83.812
77.757
76.503
82.619
80.507
27.213
73.595
78.683
82.743
77.545
45.944
85.89
27.546
82.407
89.38
74.068
34.139
77.099
30.556
76.701
78.189
76.935
75.68
83.168
30.537
78.656
85.801
79.746
26.152
83.977
28.44
80.665
78.381
36.728
79.698
85.3
34.304
77.017
80.905
79.479
91.595
78.512
76.914
86.116
79.204
28.304
74.692
31.016
84.58
79.04
76.928
78.073
81.789
74.706
89.394
80.425
29.728
30.427
74.541
34.132
79.629
31.334
76.832
39.016
80.548
26.44
40.846
76.379
29.477
83.867
35.728
40.051
82.269
84.615
81.131
84.162
39.728
89.936
80.967
91.197
78.8
30.304
86.802
83.319
45.962
77.949
83.037
28.906
75.611
31.251
85.499
78.93
79.561
87.735
92.823
78.196
29.537
85.513
81.172
81.632
75.748
29.016
85.293
75.638
79.184
34.708
84.1
81.988
31.989
83.99
31.934
81.193
31.317
75.481
28.187
77.312
82.571
28.728
81.83
32.958
77.49
77.949
44.304
84.923
29.677
79.554
73.842
80.473
40.084
75.961
89.963
28.016
80.137
75.796
80.198
87.686
79.746
30.44
73.862
73.808
29.304
86.781
30.618
76.612
81.872
85.76
93.762
85.821
74.624
81.426
78.457
89.202
83.661
73.835
28.132
32.365
81.323
29.567
80.925
85.499
76.016
30.077
83.675
84.134
78.937
80.768
78.827
26.213
91.972
40.387
89.003
30.389
82.091
28.792
31.194
87.179
90.381
83.469
80.157
77.874
30.365
88.79
29.146
78.793
27.385
83.195
32.473
77.826
27.728
80
82.516
88.976
32.003
83.949
79.609
77.84
29.016
80.528
89.216
73.732
87.906
80.651
81.11
74.541
73.972
26.844
82.66
31.372
79.52
29.26
28.304
84.093
29.205
80.61
86.555
85.814
41.537
77.017
81.933
31.763
77.25
92.966
31.077
77.312
35.137
30.789
81.542
27.882
92.63
31.598
86.918
26.268
27.258
80.864
76.523
37.475
92.754
35.02
77.956
31.022
74.473
81.104
28.53
84.649
80.651
82.653
80.027
76.544
76.66
81.405
79.293
87.638
74.212
79.472
31.304
86.445
81.933
89.764
31.42
78.738
74.74
84.114
33.728
81.83
85.718
31.31
76.064
90.923
31.715
80.24
76.585
82.53
89.675
80.363
76.708
78.539
80.541
35.339
79.629
35.113
78.374
79.005
27.556
74.665
27.187
77.524
31.304
74.212
33.844
82.043
74.445
77.819
94.907
82.681
32.708
79.369
34.728
88.228
88.173
79.204
79.664
74.98
85.04
45.634
76.413
28.95
30.734
78.758
26.737
77.161
83.106
28.728
79.451
78.539
76.941
78.086
28.77
81.117
31.016
76.262
81.008
76.324
79.355
27.152
78.1
30.653
80.274
90.676
27.152
86.507
36.365
29.016
82.166
37.304
29.646
79.883
77.085
79.259
74.918
83.778
88.352
74.582
77.785
79.273
80.761
77.792
79.28
26.158
73.567
50.137
36.086
76.77
36.203
76.029
27.556
74.774
81.748
80.15
30.844
75.124
27.611
90.669
39.844
72.957
77.874
79.705
29.132
73.478
32.163
85.424
29.022
80.74
28.796
35.022
78.285
74.116
86.061
82.235
81.151
82.64
88.242
26.385
29.016
78.415
77.675
78.82
83.565
81.796
87.57
73.972
80.089
74.377
29.132
89.922
81.638
87.241
85.643
29.304
74.959
76.619
47.284
78.107
31.501
81.481
74.74
92
29.016
103.259
80.061
89.949
34.844
86.123
74.239
31.304
84.642
27.152
82.53
37.304
74.932
82.249
87.337
79.053
77.97
89.401
77.689
81.062
78.779
83.353
36.44
28.728
76.783
77.586
26.152
86.959
27.152
87.419
31.016
82.05
30.556
40.904
80.452
85.711
28.844
81.199
76.859
77.833
33.728
83.606
83.551
74.068
31.592
82.07
86.13
40.016
80.246
29.016
74.191
78.251
51.398
78.882
74.713
81.858
77.517
76.091
29.508
72.607
39.739
75.981
29.57
82.269
28.475
35.001
75.871
27.906
77.188
85.019
79.307
78.909
79.026
29.31
83.599
27.82
90.059
77.833
77.435
75.837
72.868
85.156
83.73
37.44
74.761
78.477
29.146
86.994
78.196
28.674
85.684
84.772
34.132
79.574
90.662
29.981
77.75
76.667
27.44
79.698
29.099
75.529
77.702
85.19
45.113
80.164
76.509
79.197
27.44
78.457
80.459
85.547
80.178
27.44
80.98
77.325
79.327
78.073
83.675
78.306
28.844
83.394
83.167
32.044
75.741
30.728
78.086
76.489
29.598
78.491
43.601
82.036
30.517
80.438
29.605
76.612
28.225
74.329
86.959
44.194
77.133
80.164
28.42
79.938
75.254
77.599
79.259
85.89
36.016
83.435
27.44
83.209
96.182
77.956
84.244
83.503
36.368
86.363
81.337
29.708
79.739
81.57
29.556
85.629
77.517
35.728
74.548
26.587
29.728
89.579
74.953
43.249
74.898
32.051
77.757
29.075
79.417
33.991
76.447
37.016
79.307
35.075
78.566
92.397
73.828
76.173
39.818
79.375
33.763
77.263
76.694
30.304
76.297
78.47
28.961
73.444
82.132
83.791
73.794
29.44
26.268
89.167
79.684
28.961
75.343
29.592
86.26
34.016
77.977
32.589
78.95
30.734
75.638
26.394
83.812
29.249
77.757
39.016
86.274
76.619
31.365
81.707
80.623
30.653
73.54
77.257
78.573
43.334
82.804
27.679
85.835
28.996
82.866
32.027
90.182
31.972
80.699
37.746
73.615
29.805
78.189
31.653
29.242
79.163
45.13
88.194
41.818
75.796
27.728
31.477
78.655
30.758
76.543
86.431
26.152
83.977
78.093
80.61
34.708
77.64
76.728
75.988
76.104
82.393
26.782
75.995
80.226
76.399
74.287
30.489
83.147
82.578
78.751
85.382
76.413
101.558
83.846
81.563
79.794
42.996
79.224
79.341
79.458
29.42
81.117
82.091
73.293
30.304
77.695
83.126
79.128
36.482
73.074
34.016
79.362
76.392
85.252
79.54
46.365
85.314
86.802
76.632
77.606
78.237
31.304
80.582
78.299
76.872
29.304
78.532
83.62
75.851
78.882
30.304
74.712
74.486
77.86
83.976
91.293
84.21
79.869
37.132
79.814
31.44
87.302
81.419
35.798
78.278
84.223
75.94
28.728
43.016
76.056
35.418
77.887
84.175
78.635
29.556
90.58
28.815
78.182
31.675
80.356
28.844
86.987
30.44
81.618
78.134
79.451
29.273
27.974
83.853
33.961
84.655
31.304
76.715
26.508
78.888
79.691
92.493
75.638
84.155
80.671
85.245
82.447
39.834
80.85
77.88
80.226
29.187
84.456
76.344
82.461
30.679
72.978
28.053
77.551
75.954
82.07
40.304
79.787
89.16
84.82
79.965
80.082
75.741
77.572
40.728
77.174
28.187
85.176
79.293
26.152
84.21
31.187
78.84
84.443
85.416
81.762
84.621
77.538
76.454
75.542
75.487
80.747
29.036
92.692
78.751
75.782
86.527
83.387
82.989
34.592
30.44
85.334
27.337
78.251
29.339
91.396
31.341
78.312
29.401
81.686
82.66
80.205
29.304
86.15
74.781
36.016
77.64
78.786
28.191
77.188
77.99
31.653
88.735
28.855
30.44
98.109
79.026
93.885
82.002
27.728
81.432
82.235
41.016
88.351
29.303
76.982
79.499
31.077
78.587
80.418
30.728
80.02
29.365
87.851
33.768
83.51
89.798
84.943
28.132
86.26
35.844
75.919
77.75
88.152
85.869
73.643
75.988
78.676
29.365
78.278
81.48
31.446
74.74
73.142
79.602
31.132
76.29
77.778
27.391
85.608
77.325
75.213
83.215
30.734
77.503
86.534
31.016
78.422
32.504
77.682
45.306
95.284
79.8
85.917
76.091
73.807
29.42
81.295
79.869
77.928
79.588
82.276
91.821
28.844
88.338
36.704
83.654
30.649
78.456
76.859
85.547
88.235
78.066
89.154
32.886
87.042
78.244
82.132
82.591
29.304
80.994
26.673
38.249
77.682
27.565
81.055
32.139
79.286
38.016
77.003
76.605
81.693
31.537
30.708
79.752
80.555
79.3
82.502
35.798
80.733
84.107
31.132
29.673
78.223
88.454
81.371
77.716
81.261
80.006
75.837
79.211
77.099
31.427
87.501
78.017
77.62
83.222
29.44
77.167
31.442
84.998
31.558
79.286
34.932
36.016
83.688
92.719
31.618
87.522
83.181
84.155
31.304
76.9
83.702
30.44
29.016
78.676
76.735
78.909
29.44
81.083
80.856
84.059
31.016
31.877
84.689
39.365
79.149
78.065
86.753
84.127
76.529
31.537
85.56
81.048
90.936
29.42
83.853
37.937
95.284
81.172
77.517
38.115
75.919
90.436
75.638
75.755
77.243
74.445
85.704
73.992
79.937
34.728
86.054
82.399
81.316
82.118
80.349
84.237
76.639
30.618
86.013
43.684
83.901
26.44
31.972
80.76
30.842
79.505
30.787
76.708
27.563
80.253
34.31
86.712
85.972
102.888
76.433
29.022
85.807
26.152
74.781
28.844
78.326
30.365
81.7
89.359
81.076
27.44
89.078
79.252
42.592
79.711
84.799
78.916
97.032
76.92
89.208
80.582
27.44
79.327
44.389
78.587
85.046
31.31
84.477
79.279
30.653
74.253
29.016
76.941
90.257
74.088
29.44
77.633
27.67
85.464
31.708
82.667
76.955
82.385
79.588
80.219
74.849
36.44
92.966
29.246
77.825
77.428
74.63
75.089
29.304
78.806
81.494
26.152
77.839
34.016
83.613
31.218
84.758
78.36
79.505
27.673
90.251
28.818
88.481
76.941
73.457
27.556
91.917
29.216
85.176
77.407
31.592
34.906
80.267
29.651
78.155
36.844
73.985
74.102
82.79
81.878
29.618
78.566
31.963
77.311
38.08
77.085
79.087
31.592
29.556
79.889
77.263
77.38
77.496
85.156
83.044
29.44
76.475
82.077
41.456
75.508
80.596
84.827
29.304
88.715
75.46
77.805
30.728
78.264
29.844
78.209
77.64
80.157
76.845
30.501
28.728
84.504
26.213
84.278
102.223
78.168
77.942
77.373
90.175
36.556
83.092
76.008
86.411
83.27
37.022
84.587
28.93
75.96
29.046
85.677
35.849
101.908
29.556
97.053
80.027
87.515
77.86
80.205
77.921
40.077
77.524
27.728
84.497
74.328
29.961
83.531
77.133
86.678
42.917
78.737
76.283
79.142
74.63
28.851
83.318
31.368
79.835
85.78
86.753
79.156
30.961
76.529
75.96
82.077
73.108
81.281
31.44
78.312
29.673
35.728
76.2
31.249
29.728
83.688
40.816
78.319
27.728
30.989
80.15
80.095
28.016
27.501
76.783
30.875
81.185
27.906
74.445
81.933
35.229
92.507
28.598
93.309
87.083
35.728
74.513
26.44
78.401
81.089
84.292
29.146
87.151
30.084
85.382
29.686
80.87
78.244
28.42
80.246
81.22
28.728
87.165
80.253
82.941
74.657
36.132
79.06
29.906
80.719
29.851
76.378
32.196
78.895
39.856
80.554
74.5
76.502
29.304
76.276
27.534
81.878
80.794
74.225
31.489
80.685
83.544
85.546
74.863
81.665
80.068
84.127
86.472
31.708
82.132
29.082
79.334
29.541
37.016
84.936
36.103
81.453
80.369
28.844
79.8
76.317
77.29
51.168
80.321
80.095
43.016
29.304
84.326
77.242
77.188
87.076
82.735
34.077
86.966
30.728
91.711
86.856
74.801
83.661
28.728
77.092
91.265
82.468
43.955
79.327
29.5
78.758
27.731
78.189
80.362
73.622
85.91
89.969
27.44
84.257
87.802
76.605
76.55
86.438
86.04
76.728
90.73
31.42
90.504
34.622
76.906
28.567
83.709
29.37
76.282
87.885
77.716
52.168
75.261
77.777
73.094
37.016
78.182
28.732
85.841
28.677
75.844
37.708
79.389
40.225
77.105
76.022
73.91
76.941
77.057
80.431
29.906
85.69
29.728
84.436
80.952
77.297
29.844
30.44
78.271
26.613
81.645
50.901
87.076
31.132
73.649
76.852
77.825
89.428
78.744
87.946
35.844
72.463
76.865
78.353
75.213
72.586
40.029
76.303
29.304
84.648
75.679
75.453
76.426
40.132
79.8
31.708
84.202
81.405
78.778
86.095
82.44
84.271
77.53
31.728
78.161
72.621
76.166
29.016
27.556
78.34
75.885
75.316
76.289
31.556
26.268
79.32
29.728
73.951
85.382
82.241
29.132
76.015
39.728
85.389
87.562
83.736
84.196
26.44
84.998
72.943
79.231
78.662
73.121
79.066
39.844
87.926
79.985
78.388
43.304
77.818
88.735
82.68
83.482
73.828
36.57
77.716
89.832
79.32
29.763
86.637
28.016
79.039
76.756
76.529
81.96
83.105
27.44
75.85
77.853
30.844
92.541
82.029
79.231
80.376
36.016
85.464
80.438
73.011
28.132
77.757
31.563
82.845
30.42
31.508
75.761
77.078
77.023
78.511
31.961
79.313
29.506
85.601
76.461
74.863
30.653
33.967
74.294
76.81
78.984
30.304
31.44
74.986
74.246
37.825
79.677
75.336
83.51
40.844
74.883
78.429
78.374
76.947
71.407
28.132
29.166
74.438
87.24
76.214
71.53
32.722
85.018
31.962
90.792
87.994
80.397
26.44
79.485
72.744
31.016
76.975
78.463
79.608
28.556
84.182
80.013
75.158
76.131
79.162
72.25
72.367
80.883
72.086
72.545
74.376
75.178
76.838
81.24
29.728
26.44
72.957
80.787
31.44
81.933
31.42
76.049
80.794
77.825
82.399
31.592
74.115
85.546
78.291
30.899
77.379
84.353
75.213
30.016
75.672
77.503
79.677
73.45
27.673
79.91
29.332
75.569
78.6
33.728
82.317
28.482
87.747
76.035
76.495
79.354
85.985
78.559
33.728
73.704
31.273
86.163
37.046
77.023
43.677
93.425
29.394
84.799
37.396
79.43
76.975
30.728
28.016
89.777
75.837
73.21
79.67
28.482
77.729
78.189
93.905
28.728
74.822
92.938
77.798
86.314
83.002
28.728
83.805
29.701
81.521
81.466
28.728
28.077
79.011
72.099
31.715
83.873
28.231
74.904
83.592
76.337
29.961
80.054
76.742
79.944
80.061
82.063
81.322
82.81
26.268
77.098
30.016
75.672
29.304
80.931
81.905
76.365
75.281
29.446
81.226
73.457
77.174
77.633
29.304
38.365
76.893
29.077
80.781
80.897
83.071
74.102
77.647
29.556
76.563
90.566
36.728
85.025
29.301
83.77
35.728
38.846
82.515
37.42
72.861
28.965
88.749
78.408
30.084
76.639
29.249
79.67
32.451
84.415
78.531
84.134
79.45
85.053
85.512
29.132
77.743
37.477
80.088
40.508
26.152
81.919
76.378
85.066
29.249
79.354
29.022
73.985
82.845
30.673
78.504
90.621
73.766
76.282
93.199
30.961
81.315
81.089
83.091
29.304
76.694
27.734
81.61
43.42
76.413
28.965
83.558
27.196
74.417
31.825
80.191
85.45
27.44
84.881
76.769
76.714
85.917
94.262
30.906
81.007
29.994
84.723
28.016
32.818
80.554
82.385
76.845
93.247
29.728
89.935
80.623
77.825
46.304
80.685
31.849
84.915
79.032
76.406
87.151
78.01
78.47
26.152
74.643
80.931
75.048
77.393
74.595
77.626
81.171
95.174
31.44
76.433
80.493
86.609
90.84
82.385
29.304
81.13
29.44
91.018
78.621
79.423
78.168
82.227
31.592
76.687
78.689
89.091
77.894
77.667
29.249
86.698
27.822
88.358
74.246
28.077
88.762
81.165
83.853
30.728
27.913
78.998
31.873
85.8
29.075
77.688
82.09
31.44
78.607
92.952
31.304
79.526
86.671
84.559
90.847
78.792
85.766
28.967
77.482
75.884
27.268
79.087
82.975
74.348
80.979
78.01
37.992
81.212
36.016
86.643
79.388
30.728
77.962
80.993
74.081
76.769
77.743
75.802
80.033
81.864
73.752
83.126
89.928
83.359
86.732
28.016
74.163
77.708
80.568
74.342
80.458
92.061
40.016
78.12
29.653
76.522
35.427
85.553
91.498
29.489
86.643
88.817
84.134
76.193
82.31
80.883
79.628
36.022
83.688
30.44
76.776
83.235
88.152
77.811
88.899
28.728
76.33
30.216
85.361
84.106
78.737
90.854
85.999
29.077
77.544
88.803
90.463
30.44
73.608
31.44
73.724
31.385
85.67
29.728
76.529
27.444
87.446
31.846
80.876
31.62
84.593
29.337
80.767
31.51
77.455
78.6
37.482
79.745
83.462
77.75
80.952
82.268
79.642
29.42
26.44
76.844
31.422
79.018
89.763
82.851
31.132
74.568
39.304
27.82
76.57
78.744
77.66
78.12
79.951
39.016
76.982
36.218
77.784
81.158
73.731
90.819
80.993
29.132
77.51
77.969
86.486
39.728
80.774
31.101
74.89
79.978
74.78
43.132
80.897
80.499
83.187
28.728
85.018
31.427
78.963
31.543
77.366
79.025
77.256
80.63
28.789
76.803
28.304
29.249
76.748
32.28
81.836
82.467
88.927
74.643
43.194
31.016
76.646
77.619
77.05
74.938
78.826
76.2
91.745
31.44
80.719
29.016
79.121
78.552
26.556
76.44
73.642
29.473
75.816
39.875
75.761
91.306
29.44
79.766
74.568
29.728
83.256
84.058
75.775
81.891
88.351
76.982
80.355
30.016
75.158
81.617
28.728
27.958
72.305
31.758
75.164
79.738
76.083
80.828
89.516
84.319
81.35
29.016
28.187
82.838
31.875
77.983
84.956
37.501
84.044
35.789
85.19
29.246
73.135
89.023
79.025
27.871
78.97
80.458
82.803
28.016
84.291
82.008
73.553
79.327
27.152
76.7
73.731
37.618
76.934
84.25
75.967
79.34
31.619
80.828
30.844
80.774
29.249
79.519
77.578
89.523
76.268
31.556
34.728
74.156
86.273
91.018
87.878
82.166
80.739
78.456
74.115
81.26
77.606
31.708
79.094
28.016
89.324
36.44
79.841
43.201
80.986
28.844
83.674
77.619
29.132
83.393
86.595
76.255
31.563
74.143
29.279
76.488
86.033
33.844
84.435
85.238
27.152
80.897
30.44
79.128
39.728
83.359
77.989
28.728
82.392
80.965
80.911
81.884
86.972
29.077
81.946
78.977
34.592
78.065
81.953
85.327
81.329
86.588
77.105
78.25
83.509
77.626
80.143
81.116
78.661
85.292
80.609
31.304
81.24
77.756
84.044
78.847
28.844
81.535
31.532
81.48
43.134
78.339
27.651
80.341
31.71
79.087
87.603
39.016
74.005
39.989
84.236
73.553
87.727
80.3
29.132
87.96
26.268
29.077
78.476
88.707
80.767
27.44
76.426
39.304
80.485
78.202
88.776
76.207
30.851
78.552
77.125
31.077
81.699
31.708
75.473
80.561
33.728
75.535
31.958
75.48
31.218
83.311
28.934
77.599
81.315
81.775
78.805
81.665
77.324
28.728
79.498
31.244
84.415
86.76
75.733
72.764
31.592
72.195
80.883
28.844
86.314
31.704
74.602
30.106
79.004
74.664
30.728
87.809
76.44
71.928
82.501
81.075
71.763
31.844
74.451
35.113
77.139
82.056
37.501
74.629
77.146
80.177
40.163
76.693
32.222
82.124
35.425
78.641
29.37
81.672
75.788
28.844
83.619
29.646
27.728
72.25
74.938
31.44
84.655
89.914
76.488
29.728
26.152
75.919
39.958
27.982
75.349
84.723
79.011
32.082
88.042
43.684
81.473
28.556
85.018
34.88
80.335
76.337
36.673
93.768
27.703
83.599
84.229
35.728
87.946
83.948
83.036
73.039
76.584
80.129
31.673
82.303
76.248
81.336
75.109
28.653
76.426
72.6
87.288
30.728
82.09
80.321
80.437
78.497
28.537
77.756
30.539
73.073
29.304
78.161
75.706
92.108
77.482
32.058
89.77
82.858
80.575
79.491
28.961
84.579
36.963
76.124
83.955
84.415
72.703
78.991
76.536
31.304
79.052
89.969
81.857
27.446
84.373
31.334
79.861
32.137
76.035
39.453
88.495
29.113
76.44
32.829
72.956
75.987
79.532
38.132
89.592
28.991
79.423
35.844
77.653
37.44
88.57
31.042
27.44
87.144
32.701
74.403
35.218
74.348
34.306
27.728
84.579
29.965
74.067
79.841
76.186
30.016
73.903
88.762
82.193
77.167
84.826
85.285
74.773
40.077
80.719
31.279
74.492
31.132
93.295
81.411
84.442
27.728
36.016
86.101
78.161
39.77
78.62
76.337
76.11
31.372
27.44
73.827
78.401
99.26
36.016
29.501
85.834
28.249
29.132
89.551
78.696
76.241
85.1
76.474
78.648
78.421
86.424
74.712
81.343
40.427
79.059
29.42
79.176
80.835
27.728
90.895
86.04
80.67
84.044
73.532
31.592
77.42
31.537
90.394
28.225
28.789
76.968
30.57
87.713
84.058
80.574
85.491
78.75
80.753
78.469
27.789
80.814
28.42
82.988
78.819
88.707
86.252
78.654
82.371
79.573
85.518
86.149
84.037
74.725
36.704
74.842
29.304
78.73
91.018
29.016
85.306
84.394
79.71
90.113
74.115
83.146
87.72
28.304
85.265
26.534
80.753
28.537
84.641
27.625
31.304
79.957
83.16
29.077
76.933
83.221
76.309
77.969
77.057
75.802
82.776
82.378
84.552
28.537
80.382
28.016
82.728
31.304
78.387
85.189
81.02
29.016
84.908
38.218
77.653
39.534
80.684
39.308
82.515
73.546
35.728
80.862
30.304
89.55
29.304
73.381
78.812
81.5
78.874
35.844
72.99
29.446
77.393
29.049
76.824
76.769
83.4
79.745
29.304
76.09
75.864
75.466
80.382
79.642
77.873
78.332
29.194
88.906
78.051
85.025
82.056
88.858
29.016
81.26
31.728
26.851
84.291
31.158
43.082
77.55
27.084
92.924
74.698
79.1
78.531
31.304
86.19
29.537
81.164
31.025
87.109
32.17
83.454
84.771
30.022
85.573
29.282
77.633
34.132
79.121
90.894
77.811
79.813
31.304
72.901
78.161
27.44
75.02
84.051
88.796
29.728
75.198
28.844
77.544
29.475
72.346
31.592
79.662
82.522
76.467
77.098
74.472
85.56
30.31
74.705
40.708
75.85
26.33
27.152
85.738
69.74
74.485
74.945
85.518
39.728
76.892
34.187
88.666
73.011
76.042
74.101
85.018
29.389
30.592
83.42
34.653
79.937
31.42
73.539
74.17
28.728
77.715
70.803
27.556
84.291
28.187
82.179
74.753
80.355
29.016
73.786
79.045
39.844
74.876
28.132
71.907
74.766
79.512
79.628
89.688
75.404
89.235
30.016
73.752
76.611
29.44
80.67
77.873
26.556
75.932
29.077
82.906
72.565
30.592
87.253
28.728
72.456
83.886
33.728
77.489
81.72
89.036
29.556
77.838
87.726
32.42
77.043
84.874
85.505
77.221
31.077
83.166
83.112
73.971
28.961
78.716
29.077
77.976
74.492
40.31
86.609
80.04
29.304
78.442
27.618
73.587
28.728
78.161
80.506
81.822
30.728
78.51
27.152
84.97
28.317
74.115
78.346
73.834
80.979
78.353
79.841
29.858
83.043
74.417
76.247
29.194
76.364
86.938
29.242
80.026
77.742
80.087
27.152
79.69
40.982
82.549
83.18
31.825
76.097
30.016
81.699
74.101
86.046
77.591
78.222
27.33
80.053
85.827
82.001
38.016
78.174
31.304
74.177
76.179
78.181
81.212
76.7
74.245
31.304
74.019
73.964
29.304
88.824
83.454
85.799
28.728
88.83
39.304
77.804
27.268
78.949
26.789
86.437
77.982
32.543
76.213
85.415
85.189
96.106
97.765
29.132
79.367
36.792
77.255
41.365
77.029
84.174
39.304
83.948
77.207
73.895
81.212
79.614
84.702
80.019
27.782
84.935
74.081
77.797
76.885
31.084
31.734
77.002
32.194
90.49
34.882
80.835
80.609
76.611
26.44
82.385
31.132
96.044
76.446
29.016
90.449
29.475
84.737
29.016
80.739
31.704
82.227
30.601
86.286
77.317
83.262
87.322
74.753
81.555
26.44
76.529
81.102
73.847
30.365
78.25
37.679
92.081
28.708
50.482
75.911
27.453
27.97
88.714
30.486
85.745
36.31
79.518
28.027
79.635
86.951
74.897
31.379
74.499
83.701
75.246
76.391
75.137
75.253
73.141
77.372
75.26
80.005
39.434
77.722
79.381
73.841
78.757
75.617
43.605
84.476
86.993
28.728
77.166
30.216
84.654
85.285
31.708
89.002
83.804
29.372
79.978
80.951
73.011
76.385
73.415
29.016
88.103
86.334
37.016
40.146
76.337
77.653
90.284
85.601
79.717
85.834
74.636
28.728
77.667
86.526
39.763
78.414
74.759
77.276
81.507
75.109
84.14
77.571
84.202
29.501
85.861
31.332
74.492
81.98
35.728
93.411
31.558
83.756
29.961
78.901
76.103
75.706
29.016
76.165
77.482
97.313
75.486
75.26
28.132
86.519
35.963
76.865
78.353
84.983
73.957
73.217
75.562
79.107
85.738
26.152
27.556
83.454
28.154
79.628
43.598
76.83
37.029
79.175
27.268
89.578
26.152
75.637
76.782
85.642
79.587
75.418
28.44
82.734
85.594
76.11
30.728
75.37
88.858
85.203
85.662
29.016
90.75
80.41
83.955
76.357
73.559
85.847
83.564
30.728
77.166
80.883
78.599
28.537
79.745
26.425
82.09
28.427
74.492
90.723
79.697
79.642
74.958
27.152
77.818
29.84
82.391
76.679
79.196
79.141
77.2
29.44
74.746
31.27
87.891
81.15
102.867
76.926
37.44
77.043
77.159
40.016
90.99
74.821
75.28
28.53
78.14
77.399
36.728
75.287
78.147
77.578
28.482
79.237
77.468
74.499
77.53
85.875
77.934
27.728
75.822
81.424
31.592
83.084
76
31.825
75.774
75.548
77.036
74.41
84.64
82.528
96.017
80.533
26.391
73.107
75.452
73.854
76.199
90.03
28.537
81.061
77.749
77.694
79.696
80.327
90.901
36.042
74.046
26.152
76.391
36.211
89.365
37.44
84.339
88.398
79.429
98.917
76.919
74.636
79.21
27.152
72.469
38.24
76.528
29.132
80.245
28.906
78.133
74.992
78.538
76.768
76.371
30.537
76.316
31.708
74.89
71.749
90.723
37.016
34.255
79.525
86.842
77.187
81.075
34.708
79.477
29.339
31.218
90.394
29.284
74.396
32.315
71.77
29.689
76.686
48.32
84.003
32.836
76.234
87.664
77.495
84.812
72.757
73.731
75.219
73.278
79.909
74.711
31.016
92.142
29.132
80.944
81.575
35.915
29.365
81.178
26.44
80.437
34.016
79.354
31.44
72.442
34.985
85.415
29.273
80.903
76.563
85.422
85.367
75.884
77.029
38.016
71.488
28.844
74.862
32.561
74.293
29.592
81.781
88.069
84.243
82.302
84.304
73.107
40.728
27.44
81.452
79.683
37.213
88.028
28.961
76.316
79.518
28.304
75.863
78.208
35.844
85.868
84.956
79.415
29.016
82.96
77.077
87.822
86.224
77.084
29.537
74.458
77.831
29.016
79.662
31.875
81.836
29.42
78.01
74.698
38.537
27.44
78.757
42.812
85.902
27.556
82.247
29.715
85.45
78.709
74.197
78.942
83.859
86.375
74.663
31.44
77.18
39.613
86.896
81.527
29.304
76.844
31.306
78.846
29.016
76.906
37.189
85.765
32.163
74.567
35.97
39.994
79.312
31.972
32.396
84.4
34.056
79.374
31.258
90.291
31.889
85.95
91.381
77.44
74.471
33.728
81.274
31.825
77.79
74.992
84.709
92.197
78.428
33.728
87.116
26.44
86.89
102.092
80.437
29.537
77.125
29.653
78.613
92.272
29.201
74.732
30.139
89.763
76.851
27.152
27.844
76.282
41.675
80.684
76.515
74.231
85.491
90.407
76.467
86.012
80.471
31.016
78.702
76.933
79.792
91.052
76.083
80.828
35.174
75.802
28.831
85.69
85.12
80.951
83.296
76.384
77.187
81.418
89.763
77.365
84.167
88.912
78.057
90.86
87.034
75.493
88.81
79.326
77.728
87.788
78.133
29.016
85.621
34.091
74.252
85.854
85.628
77.516
79.004
76.206
81.294
50.695
79.696
32.469
78.784
31.214
82.672
29.617
84.332
78.963
86.794
82.281
26.152
74.341
77.886
80.917
41.249
93.205
31.605
75.15
29.493
79.209
81.726
36.44
85.443
29.304
85.388
27.534
89.447
78.078
84.023
29.249
31.016
72.311
39.994
82.199
31.886
72.716
28.913
77.804
29.886
81.52
43.067
81.294
76.611
89.241
33.728
87.129
76.617
30.556
76.391
75.136
91.196
28.734
73.827
31.016
75.315
82.288
81.205
79.95
83.495
89.097
39.134
80.3
77.159
27.446
93.733
74.821
80.252
81.054
40.844
76.885
29.132
78.373
82.432
26.789
72.263
75.123
30.899
84.325
35.13
80.841
36.961
37.44
75.815
27.306
82.275
89.077
34.653
86.108
29.627
80.224
77.941
80.972
80.231
29.715
89.433
31.032
87.321
76.467
29.55
41.77
75.726
39.61
35.372
86.643
78.873
78.819
77.392
28.728
81.966
41.016
80.197
80.656
83.001
31.016
77.289
30.537
29.304
73.635
36.851
84.723
89.125
78.956
76.672
39.789
84.16
79.648
30.446
78.393
28.728
84.51
79.484
79.943
78.174
29.537
83.262
39.728
75.836
84.524
73.669
90.928
79.216
27.501
80.019
80.821
72.709
28.844
87.74
30.728
75.171
91.401
32.77
86.889
77.235
31.132
104.608
72.668
28.44
75.356
34.213
75.987
31.587
75.075
75.02
76.336
37.194
81.253
82.398
38.249
79.257
72.517
29.016
81.376
26.577
75.15
80.924
76.926
79.957
28.44
92.416
27.152
76.247
78.935
28.016
81.28
29.722
75.225
29.667
81.342
29.612
77.173
82.089
74.663
83.18
31.777
92.382
80.841
26.44
27.152
83.015
26.385
82.446
75.02
43.592
78.908
32.222
76.453
36.532
81.369
39.728
26.191
77.372
31.444
76.288
43.046
77.776
76.007
79.895
36.31
40.844
79.155
82.528
73.559
39.646
78.819
31.304
82.535
31.42
91.052
77.454
89.399
94.83
77.975
82.206
80.951
97.868
77.241
85.929
88.789
79.648
29.132
36.016
84.908
33.877
79.881
28.016
93.198
77.372
77.145
78.119
80.636
28.844
83.667
31.728
77.097
28.084
88.014
78.702
82.59
75.335
84.88
41.022
76.083
85.628
78.373
91.518
83.406
32.249
83.18
79.868
79.47
86.444
78.846
81.877
30.728
76.679
29.42
79.196
82.227
79.086
30.304
27.152
78.517
27.268
86.005
29.785
78.921
29.901
88.467
31.934
78.297
79.1
76.645
78.304
89.221
29.249
76.652
39.822
91.683
81.17
29.304
76.658
86.375
89.92
43.304
90.723
29.077
87.582
84.784
34.734
88.672
77.132
76.734
81.136
80.224
91.312
30.556
81.486
79.888
78.976
81.15
32.358
90.352
79.154
28.991
80.985
77.33
76.761
85.449
83.337
86.882
78.085
30.673
27.268
94.316
77.975
83.063
27.556
78.38
76.439
77.927
80.615
32.194
79.874
82.562
31.708
78.05
86.567
34.016
27.728
76.398
30.93
77.2
31.904
80.745
28.844
85.833
74.636
30.844
79.038
49.996
74.526
74.642
82.302
38.077
80.361
77.735
77.337
84.654
80.485
30.44
74.43
39.734
81.404
76.892
29.427
78.722
39.913
76.782
27.858
82.898
80.272
82.103
81.362
31.482
86.108
76.281
36.728
77.769
26.268
78.4
31.091
76.631
86.862
75.836
29.304
90.352
76.754
29.475
76.528
27.534
87.616
30.673
29.022
85.504
28.967
73.449
36.446
29.427
76.309
89.625
80.142
75.973
79.175
77.063
85.237
76.61
78.956
79.929
82.789
86.848
77.708
37.016
78.167
78.112
29.07
85.772
90.86
76.405
75.664
79.038
30.961
78.126
86.3
30.304
86.759
37.789
88.418
82.192
75.452
78.14
85.285
73.573
76.432
71.92
74.951
74.896
72.613
27.556
81.644
79.36
77.077
86.793
31.31
80.567
29.027
72.284
81.486
88.802
28.44
74.519
34.385
82.521
83.838
80.354
79.785
37.132
82.302
72.818
87.506
71.852
76.254
84.085
28.728
81.63
28.501
80.204
80.834
43.365
76.151
75.582
72.098
75.472
26.611
79.874
81.705
80.622
75.424
76.569
26.556
89.543
35.728
78.86
86.348
73.264
89.324
26.44
29.016
83.954
30.499
76.014
74.93
31.304
31.673
84.99
37.016
83.564
33.875
73.566
27.82
77.625
27.765
78.599
80.43
85.689
31.592
86.663
80.951
81.41
85.127
80.958
74.56
83.591
78.222
39.728
79.367
34.53
89.941
36.656
31.218
78.914
94.631
79.148
79.093
31.365
75.781
77.783
27.618
82.871
34.934
89.845
26.479
77.961
38.132
76.878
85.737
76.082
80.999
94.144
86.032
30.673
80.834
41.077
81.294
77.296
85.984
28.728
76.843
29.53
87.589
79.477
28.906
78.908
37.31
78.167
31.304
80.512
28.851
93.486
30.44
38.225
99.26
28.55
74.347
31.934
77.207
31.022
78.695
31.139
95.269
30.372
74.128
77.502
29.728
77.961
31.901
83.049
79.737
40.016
80.368
78.256
87.801
82.089
83.749
83.008
29.365
77.639
27.789
76.898
79.929
86.732
82.219
77.365
29.016
74.053
27.246
82.226
42.708
83.2
79.545
33.728
100.576
95.55
73.552
76.583
78.071
95.159
28.194
75.904
29.016
74.478
79.566
31.304
78.139
81.856
30.44
82.83
29.016
91.518
88.034
78.894
81.753
91.47
31.708
81.986
28.739
74.217
30.592
83.934
81.136
79.881
26.44
74.855
84.914
31.194
31.501
74.917
27.71
29.561
74.519
29.365
77.378
84.523
90.983
76.014
90.016
83.447
27.44
80.478
74.08
78.654
78.77
38.304
77.173
83.289
34.016
82.377
27.618
74.437
77.81
88.213
81.301
74.389
31.304
48.243
77.934
41.502
79.593
86.567
83.255
86.629
75.945
26.44
29.365
78.462
79.778
78.352
88.754
76.528
75.616
76.075
80.306
84.537
88.082
74.485
81.115
80.718
79.291
85.922
77.982
40.016
85.984
83.529
79.017
34.728
78.448
28.673
77.193
36.44
83.138
39.132
81.369
86.971
28.967
85.717
37.313
74.519
84.407
82.638
95.611
79.271
86.759
78.133
78.935
86.08
77.625
29.304
78.085
28.249
77.001
27.44
86.718
30.556
80.32
86.437
76.782
86.498
74.272
73.531
74.162
39.539
75.822
29.541
88.967
31.886
77.426
28.746
80.629
81.088
28.132
77.09
72.75
82.123
78.297
72.928
77.502
31.592
86.533
72.935
30.734
75.451
85.511
82.199
78.03
75.061
77.406
77.008
31.77
75.067
31.029
78.955
29.774
89.358
77.817
84.448
74.622
80.224
29.653
91.312
77.2
30.42
27.501
76.117
32.589
84.805
27.563
73.607
85.723
27.789
76.069
29.187
79.442
78.187
29.132
77.618
30.016
92.306
82.309
86.197
31.016
86.827
30.728
77.858
29.728
75.575
34.88
89.063
83.522
83.467
74.155
31.734
80.615
96.331
26.501
79.477
29.44
76.679
30.44
82.967
83.598
88.857
76.288
73.147
79.778
78.866
28.304
75.554
37.556
78.928
35.101
77.159
85.504
74.135
77.68
34.358
79.511
35.332
81.513
80.773
27.673
79.861
27.275
89.577
31.677
76.322
34.365
78.153
84.441
79.929
81.074
31.016
74.676
87.307
29.016
83.31
27.418
79.655
30.106
79.6
84.859
82.062
73.435
93.438
30.242
83.269
82.528
75.273
81.732
78.249
78.88
28.317
89.968
29.789
75.342
81.458
31.838
78.146
73.12
87.294
82.267
77.584
75.643
81.931
31.886
81.019
80.107
83.31
73.826
78.571
34.304
77.316
79.319
34.194
89.035
78.695
86.868
90.071
81.273
77.447
93.849
89.337
73.682
78.256
77.344
76.432
80.663
77.179
83.296
41.653
85.47
79.415
86.388
79.134
81.307
89.138
76.74
74.286
89.488
85.662
76.35
73.723
81.554
76.871
80.759
80.361
84.249
80.766
84.996
76.37
87.63
83.118
79.977
79.408
76.953
87.698
79.072
80.217
87.534
76.507
79.024
80.683
81.143
74.916
83.776
83.892
86.923
83.268
83.899
88.13
86.361
80.82
83.337
83.796
79.627
78.03
77.46
82.72
77.008
75.067
82.727
83.529
74.56
78.791
77.879
77.138
90.283
81.657
88.802
84.119
84.921
80.238
85.84
77.899
77.673
79.161
76.706
74.937
83.454
74.999
88.658
77.975
86.834
86.951
91.01
76.898
77.872
83.646
75.705
80.793
75.081
79.655
74.971
80.402
72.804
77.378
85.038
80.011
83.214
84.016
76.418
77.735
88.651
82.596
89.913
79.744
76.432
82.72
79.408
77.467
87.527
77.186
74.217
86.334
77.364
76.967
76.055
78.4
78.859
74.347
77.721
76.123
78.64
75.671
82.473
82.247
82.878
78.194
84.825
86.142
76.83
83.289
79.12
75.979
75.582
85.984
92.443
78.331
74.676
82.507
87.252
82.74
77.543
90.516
85.662
87.15
85.038
80.697
85.442
84.359
81.904
86.82
80.08
83.625
81.17
82.487
80.032
83.234
83.694
81.067
81.527
82.5
83.817
