26.44
28.504
28.658
29.213
30.168
27.789
29.01
30.898
27
28.768
29.101
30.189
33.77
31.943
29.709
29.597
32.952
33.64
33.661
27.637
34.616
32.591
29.57
26.658
28.813
31.368
33.925
32.04
36.589
34.344
29.165
37.053
39.016
32.541
27.728
31.704
35.762
29.917
31.672
33.56
37.314
36.002
33.973
30.957
39.912
28.333
35.821
40.109
37.864
37.618
31.325
42.44
40.994
34.749
35.682
36.237
28.728
39.725
33.613
28.728
34.301
31.549
37.656
30.834
29.703
35.944
34.391
31.965
36.144
30.146
42.653
27.501
32.141
29.522
33.896
31.543
43.784
32.365
38.205
33.426
28.325
29.314
38.936
42.69
36.178
31
34.888
26.68
37.576
31.592
38.13
29.48
41.885
36.706
29.016
33.528
38.082
28.053
36.37
40.392
29.277
35.613
37.965
44.168
34.037
36.056
30.501
32.21
43.698
46.386
38.408
38.341
41.762
41.784
26.306
36.872
37.293
31.986
34.914
36.136
45.224
27.194
45.778
38.016
50.066
47.954
39.842
33.464
30.016
37.352
32.314
35.64
34.469
33.661
42.216
36.237
41.992
36.546
44.701
43.122
39.304
37.01
36.365
43.186
50.808
42.029
46.317
39.728
36.205
31.325
38.226
50.781
51.736
32.146
34.957
36.712
38.333
42.354
39.576
34.88
30.749
38.53
29.834
44.685
31.594
43.906
43.261
29.749
39.816
47.037
48.258
36.413
41.634
34.728
45.256
31.592
36.082
47.81
43.432
44.253
39.741
40.562
38.317
42.072
31.112
48.36
40.381
34.968
51.869
44.016
50.424
39.245
31.618
41.666
26.44
46.354
45.842
31.901
46.664
30.192
40.285
28.882
42.573
38.237
43.928
29.991
35.122
46.482
38.546
27.946
45.437
35.367
43.058
28.792
41.346
34.546
40.568
42.322
47.677
47.032
42.253
48.274
50.829
47.117
43.805
49.293
46.648
31.44
42.669
31.058
31.874
40.024
29.634
57.245
32.055
46.466
50.088
29.016
52.509
31.304
51.464
28.792
41.218
38.279
45.64
31.234
49.128
45.816
27.525
45.304
30.346
44.258
29.17
47.88
44.168
29.17
45.789
44.61
48.098
47.053
42.408
29.016
50.162
46.45
56.738
49.16
54.114
47.736
33.728
28.17
53.224
45.645
45.4
46.754
45.442
46.53
50.418
43.613
43.906
29.234
45.928
36.456
48.349
31.304
63.17
32.391
47.325
61.613
46.968
41.698
50.589
28.92
49.01
45.208
59.432
30.829
56.386
29.65
47.474
47.629
30.97
48.584
41.304
52.072
57.426
40.037
55.181
29.346
49.869
56.69
28.17
45.778
48.733
60.621
31.594
50.776
31.482
52.397
46.152
35.344
49.373
49.394
29.41
64.882
56.237
46.258
51.746
45.901
27.749
50.056
55.41
52.098
48.12
29.016
30.749
58.674
55.362
29.594
58.584
27.616
61.405
51.693
54.248
48.269
52.424
51.378
62.333
28.234
50.754
36.058
46.109
46.093
69.464
28.458
51.352
52.173
52.328
50.616
49.837
62.125
46.013
27.749
49.368
49.922
29.032
55.544
29.989
52.098
51.053
31.613
49.741
61.096
31.749
59.65
52.738
63.293
58.514
34.768
50.802
60.957
34.944
63.245
50.866
31.013
29.016
51.288
28.904
50.509
29.458
60.664
31.346
48.418
29.368
54.44
38.455
54.194
52.749
39.501
58.237
50.792
62.813
60.034
28.272
64.589
28.058
50.344
27.648
59.565
30.202
53.853
29.957
52.674
32.112
60.296
27.466
64.317
59.005
64.36
32.165
53.848
31.538
67.069
36.226
54.024
60.712
54.333
27.749
52.888
61.042
64.664
71.218
63.64
54.461
49.949
31.037
29.44
58.637
43.461
58.792
54.946
28.728
62.168
31.282
70.189
65.01
59.165
39.728
54.92
60.674
29.789
64.162
51.65
29.032
59.138
36.117
54.093
54.648
31.901
52.002
55.49
31.389
64.178
30.21
59.4
29.832
64.488
30.269
57.176
54.93
29.512
59.085
65.24
66.328
66.082
36.968
55.837
62.125
81.08
63.501
60.456
61.01
28.728
60.498
59.053
54.141
68.029
64.05
65.672
30.781
56.226
59.848
59.069
65.624
31.802
67.378
28.09
61.8
60.088
58.909
31.325
36.792
73.597
31.48
26.413
59.885
32.701
31.368
77.373
43.922
65.128
47.005
55.949
31.458
70.237
28.946
59.192
29.101
68.28
56.701
57.256
72.077
26.194
68.632
63.586
59.741
34.97
78.696
41.391
58.317
66.605
70.626
65.714
59.336
69.224
62.712
73.133
71.554
31.032
58.509
65.597
34.101
71.218
70.04
70.994
75.016
29.368
74.77
29.522
66.925
64.68
62.034
68.589
31.325
62.077
65.698
30.768
27.306
65.586
40.927
64.008
31.615
64.829
32.57
36.17
69.65
63.272
64.36
72.248
41.178
60.936
69.757
69.378
29.749
70.866
62.888
39.504
74.109
65.464
29.256
68.818
65.373
68.594
67.282
66.504
74.792
70.946
65.634
72.856
70.477
67.165
81.853
73.741
63.229
35.728
71.384
31.17
66.205
32.661
63.16
78.514
66.936
27.728
63.49
65.912
30.016
81.133
67.688
71.309
39.791
65.33
69.752
65.773
40.746
77.528
28.458
66.216
36.213
67.57
70.925
28.728
75.48
76.301
70.989
65.677
66.498
29.728
66.653
32.48
65.741
28.016
71.362
68.184
67.538
30.634
66.226
28.058
68.914
29.837
66.536
36.749
34.746
64.824
41.301
64.978
74.466
68.888
28.72
27.328
69.309
65.064
65.085
76.706
68.861
30.304
70.082
28.501
68.37
67.592
29.08
67.213
31.234
65.768
76.989
29.144
75.81
66.232
73.72
37.17
81.208
31.88
78.029
31.768
66.85
38.989
72.205
68.626
83.714
71.202
87.49
29.368
69.645
29.522
77.133
29.277
73.688
37.565
72.376
74.53
29.325
78.685
32.016
78.44
76.461
83.149
87.57
72.125
82.413
83.634
77.656
76.477
26.306
70.632
87.853
70.141
31.986
75.496
70.85
30.728
76.205
83.426
29.17
81.714
29.192
30.728
77.602
32.013
75.757
31.634
74.445
74.333
35.21
31.013
81.954
26.173
72.376
28.327
79.064
87.485
83.773
72.594
71.549
34.728
71.437
74.525
73.08
31.592
80.568
31.613
30.594
81.122
35.901
79.277
32.056
72.365
31.544
80.52
30.989
70.408
79.496
30.728
31.592
79.25
86.472
74.626
28.213
29.325
75.314
35.834
32.282
80.536
28.522
76.024
30.41
74.445
31.837
75.933
75.288
29.016
79.842
73.464
75.218
74.84
29.461
77.128
26.237
40.815
76.882
73.837
32.058
73.725
36.079
78.146
76.701
31.952
77.256
85.81
40.882
75.298
29.437
89.053
31.368
83.474
31.522
79.496
37.143
79.517
28.645
29.698
84.872
31.453
89.826
29.624
77.714
85.869
74.29
29.821
84.845
85.933
87.954
90.109
91.064
32.41
86.818
26.306
76.173
31.304
86.194
28.213
27.858
76.482
78.904
32.266
86.925
78.146
34.16
81.368
29.458
78.056
27.346
85.41
39.234
83.298
42.88
83.453
29.701
82.408
31.989
77.629
85.65
81.938
31.45
79.026
89.048
78.402
75.49
76.445
79
83.288
77.176
87.73
34.96
80.552
28.501
80.306
79.261
43.768
75.016
28.728
80.637
31.549
77.592
31.437
75.613
77.768
84.722
79.01
29.304
88.232
34.458
90.52
85.474
91.629
37.76
46.901
83.65
81.405
29.17
77.693
83.181
82.002
36.058
82.157
77.912
77.933
35.904
90.621
78.642
76.53
82.285
31.901
89.24
87.661
79.816
77.57
81.458
31.749
74.813
29.237
86.834
78.189
28.634
94.344
35.322
28.728
81.432
30.882
80.786
30.103
81.741
31.058
90.029
80.05
45.722
74.472
79.16
34.234
74.514
80.536
31.746
27.069
77.624
78.978
28.026
81.533
29.117
80.221
82.376
30.44
78.93
41.256
36.461
73.752
31.944
88.04
78.061
90.616
29.016
77.304
78.125
46.613
81.213
73.368
28.304
84.589
40.677
78.877
36.432
77.299
76.787
85.474
28.728
80.962
50.215
76.984
28.192
74.472
31.592
80.626
83.848
85.736
86.69
80.845
90.2
81.155
77.843
87.597
29.298
78.952
79.107
40.522
80.195
28.81
76.749
80.504
82.525
37.325
77.48
38.279
81.901
88.189
77.411
29.594
78.365
29.122
79.453
76.275
29.792
81.896
34.802
76.317
28.424
80.739
29.053
30.845
89.426
33.77
28.101
87.981
74.669
79.224
76.979
36.511
75
28.016
79.821
74.776
86.931
82.285
84.307
31.08
83.128
31.901
90.616
86.371
76.925
80.413
29.749
81.635
86.989
83.944
26.44
91.832
30.727
79.187
36.925
75.075
84.163
86.851
30.728
74.739
78.76
80.781
27.216
78.536
80.157
77.245
31.728
87.8
91.821
34.346
78.643
79.864
80.419
31.48
27.349
77.373
38.17
31.048
74.195
30.304
88.349
85.437
74.792
74.013
82.968
29.882
78.456
78.877
31.44
83.565
31.461
74.92
83.341
31.501
81.496
80.851
85.805
86.893
28.562
89.581
86.936
80.557
74.979
88.867
75.021
79.843
31.629
75.464
29.037
79.352
81.907
84.995
74.483
81.171
77.059
29.08
88.28
86.701
30.44
29.122
83.389
81.011
34.898
31.368
77.165
31.122
84.12
76.808
75.096
43.874
74.584
31.127
79.272
27.616
83.693
86.915
77.469
79.357
26.306
73.912
32.058
31.08
82.2
31.413
77.021
78.643
85.464
31.165
75.885
79.64
31.592
85.928
81.283
90.237
78.525
35.728
84.413
39.349
79.635
31.104
80.323
84.477
81.832
82.787
36.058
79.875
29.917
80.029
39.037
78.317
26.594
41.325
77.005
76.627
30.136
78.115
38.69
78.136
31.44
80.691
29.728
89.912
30.149
74.2
33.103
76.755
31.525
80.643
76.397
86.952
89.507
30.866
83.795
81.949
77.171
80.925
31.389
80.547
30.746
76.435
76.856
86.477
83.832
80.653
78.141
27.792
77.096
40.304
85.784
29.57
86.205
80.493
77.981
78.803
31.368
78.424
77.245
81.133
78.221
79.443
29.325
83.331
74.952
31.922
77.507
80.461
82.883
29.346
74.637
31.592
77.059
88.28
29.837
77.768
28.629
29.458
77.389
31.079
80.211
28.938
30.434
78.232
28.056
77.053
79.341
85.096
80.851
40.592
93.539
77.827
30.728
84.381
29.245
82.136
29.933
76.557
84.312
39.346
78.867
90.755
82.776
77.864
77.619
31
78.973
88.461
31.842
78.749
74.104
81.059
91.747
37.501
80.968
74.723
88.611
82.099
31.08
75.053
30.016
86.941
31.304
27.882
79.896
75.784
81.405
27.594
80.227
79.848
32.989
89.736
84.557
31.789
86.312
31.944
80.2
29.832
78.888
29.586
80.909
80.131
43.656
84.152
30.077
86.307
26.44
31.965
83.128
88.216
84.104
75.059
39.77
76.413
83.768
80.056
27.968
31.954
76.877
80.232
74.92
81.341
31.789
80.429
31.277
81.117
80.472
31.57
79.427
92.915
80.936
36.501
77.491
26.152
85.779
84.333
26.44
80.221
81.043
81.064
26.637
80.419
80.573
78.861
31.48
81.549
91.437
37.421
80.925
30.957
78.813
36.712
84.301
80.189
28.277
74.744
87.699
37.016
81.853
27.68
29.837
91.208
77.629
78.051
37.037
78.472
34.258
82.093
35.48
90.781
29.92
74.536
27.842
81.624
88.579
83.8
78.888
79.043
84.131
82.285
78.973
82.328
34.882
79.016
77.571
80.525
29.013
74.813
85.901
28.44
78.589
33.127
84.211
35.282
86.365
35.17
84.12
32.525
27.728
94.408
31.746
80.829
29.368
87.117
29.789
77.805
74.893
75.048
88.403
88.291
85.912
28.17
83
80.621
29.44
80.376
74.931
89.219
87.507
31.325
91.928
31.48
87.283
30.192
78.771
39.946
81.459
36.101
98.28
86.835
37.08
79.389
78.744
29.746
26.344
76.899
78.253
29.037
81.341
78.563
26.44
79.917
43.248
75.005
83.96
73.581
88.403
31.304
85.091
29.074
83.912
84.733
35.77
77.688
84.643
78.931
42.874
78.685
29.461
81.373
76.728
41.077
78.883
97.704
76.659
32.613
80.547
29.568
77.635
28.656
82.189
29.877
80.744
34.831
91.432
39.786
87.32
81.875
86.429
43.368
27.594
76.717
40.015
76.605
81.827
83.181
94.936
80.824
77.112
79.8
82.355
84.109
83.464
28.792
80.419
82.573
40.237
39.365
84.728
31.386
88.749
33.082
85.437
78.659
30.458
91.08
79.368
92.323
74.344
78.765
34.016
78.387
28.848
46.613
97.075
30.101
89.896
74.584
85.539
79.027
29.202
85.981
90.136
28.749
93.091
83.645
27.461
34.282
80.867
38.57
84.755
85.976
78.264
29.016
88.819
36.725
89.507
27.546
81.528
83.683
92.371
34.41
81.459
85.48
77.768
37.858
81.123
46.146
77.811
30.568
83.699
31.592
98.12
77.475
28.037
31.469
82.829
30.725
29.224
77.384
30.578
85.005
30.362
29.666
81.96
29.154
87.848
81.336
33.834
89.491
77.779
28.704
81.133
78.755
37.016
77.309
73.864
82.819
30.504
85.373
30.925
31.77
77.795
27.525
78.483
73.571
29.213
78.125
29.101
77.48
43.789
90.301
27.152
85.789
77.544
79.832
31.325
78.653
26.482
82.408
95.896
78.317
38.565
80.872
83.293
77.848
91.069
83.757
27.882
98.312
92.733
29.594
78.355
37.215
78.509
31.37
80.397
80.952
77.773
31.592
82.461
40.016
29.48
77.416
92.637
29.016
79.325
79.08
82.435
78.989
79.544
31.016
77.565
27.837
38.522
82.52
88.808
26.44
79.896
30.861
74.317
76.739
83.56
31.458
83.581
85.069
77.091
80.979
30.728
93.667
76.888
82.243
79.064
79.219
30.904
90.973
27.592
92.328
31.88
42.21
77.949
76.637
36.037
89.192
74.68
94.835
27.096
83.389
29.68
76.344
31.213
80.099
31.44
94.387
28.928
81.741
90.429
31.768
79.384
36.189
82.339
30.344
79.427
81.581
78.669
86.957
87.112
31.415
77.933
29.704
82.888
86.509
76.931
28.661
87.752
30.397
91.107
78.995
31.624
79.15
32.445
27.778
76.638
26.466
74.259
33.728
79.747
34.682
77.768
45.498
76.856
31.52
84.077
29.408
79.699
31.962
79.32
92.275
28.944
80.296
80.451
86.605
83.293
75.048
84.803
76.691
30.637
79.112
43.17
78.2
35.882
79.555
73.843
81.198
31.728
78.152
74.574
39.938
78.195
76.216
78.104
78.526
80.814
27.898
76.835
81.523
83.278
31.927
81.699
31.986
79.054
31.44
78.942
85.763
82.584
76.739
38.104
92.893
80.648
31.834
80.136
26.68
30.256
78.024
29.61
90.046
30.314
82.067
35.37
28.469
74.755
78.91
101.597
79.086
89.107
29.122
80.995
87.55
31.346
37.008
92.904
38.167
84.926
27.789
79.614
88.168
87.39
84.478
78.632
79.32
77.608
81.363
34.058
26.194
81.118
27.549
31.016
79.406
84.627
81.848
77.07
78.158
42.098
75.112
78.867
80.222
81.176
31.592
79.331
30.946
93.086
81.907
86.195
86.35
81.438
81.859
81.88
29.608
92.968
80.056
78.611
77.966
29.426
81.054
32.114
76.942
28.802
35.882
91.496
31.44
76.718
76.739
42.168
81.96
31.789
77.848
29.81
85.87
31.965
77.224
29.186
81.912
37.741
80.2
40.562
77.422
28.85
91.31
79.198
74.819
92.04
34.005
78.195
28.346
33.36
75.283
28.501
29.514
80.371
77.326
77.347
35.962
92.435
91.39
81.144
76.899
29.991
83.454
34.546
74.675
29.101
81.63
27.789
76.984
31.44
93.539
86.094
84.248
31.458
28.501
77.603
39.613
91.358
88.846
83
86.088
82.776
80.531
27.77
76.819
33.728
90.974
28.949
79.395
92.35
92.371
40.213
81.326
32.232
80.947
84.168
84.19
38.213
77.411
30.234
89.166
30.122
77.854
31.08
86.675
32.629
77.363
84.318
34.122
80.606
30.616
31.344
74.494
81.848
31.77
28.058
74.536
99.624
80.312
83.667
29.48
82.355
83.176
87.864
31.304
81.219
74.04
79.928
38.482
80.083
30.37
91.304
89.192
28.882
78.414
89.635
88.99
82.344
82.499
83.854
84.408
27.296
83.63
27.749
29.458
86.851
31.103
38.146
77.406
31.901
79.027
29.922
88.515
37.543
78.536
83.358
76.446
28.904
84.067
79.022
27.461
79.176
81.198
85.352
35.856
82.307
80.995
31.304
78.35
75.171
33.728
90.259
76.947
93.902
31.277
80.723
37.277
74.211
81.166
79.054
76.808
29.213
75.096
78.718
29.122
81.006
90.094
31.434
83.048
84.803
82.824
79.512
84.6
96.488
76.643
34.192
91.864
78.686
87.64
27.44
81.262
31.594
81.15
29.482
84.504
79.059
29.186
94.814
34.141
83.368
74.59
84.078
78.232
39.144
78.654
80.142
81.096
77.384
29.565
30.901
77.006
28.656
39.016
84.627
26.44
74.782
28.594
86.803
84.424
77.779
86.867
29.81
79.155
29.432
80.643
31.32
77.198
29.877
74.952
28.832
84.307
90.328
31.656
88.483
34.743
83.171
39.882
83.726
45.941
92.68
43.368
83.102
39.656
76.99
27.882
77.011
29.016
81.032
77.32
83.075
77.23
80.051
86.072
86.227
29.44
86.248
85.47
28.325
81.758
31.44
28.016
77.512
32.661
83.267
29.616
80.888
32.037
30.346
77.71
82.798
92.419
27.594
77.64
34.682
78.995
29.237
92.216
32.058
87.171
91.459
28.234
78.28
30.922
27.482
76.702
29.237
78.59
89.144
87.032
76.92
26.504
77.742
84.296
86.851
29.17
89.272
78.094
76.915
87.87
27.834
87.491
80.712
77.134
28.037
92.222
33.728
87.443
77.064
92.819
44.325
87.374
27.68
91.528
79.816
77.838
82.792
31.677
77.214
79.635
82.19
89.144
79.166
86.787
33.728
90.408
77.763
73.651
76.206
37.44
75.96
37.213
81.048
30.568
79.47
29.256
34.904
85.758
32.258
85.512
86.6
39.749
77.955
87.043
34.437
75.464
74.819
74.574
34.901
82.995
79.55
77.438
83.459
32.016
77.614
42.97
28.325
77.235
27.792
82.056
82.478
83.432
85.72
27.461
77.475
78.83
31.44
27.904
74.984
35.194
83.672
39.17
82.494
77.448
74.403
36.16
27.44
80.424
29.461
77.779
37.882
92.734
31.103
76.355
86.643
74.531
83.219
86.707
26.173
87.928
77.816
30.77
28.728
81.571
27.992
37.458
98.526
31.08
81.08
28.301
38.368
77.368
37.346
82.323
39.613
87.544
82.366
77.187
29.101
84.542
31.922
82.83
26.477
31.943
78.984
37.298
79.006
92.494
35.434
79.982
84.003
73.891
96.046
31.277
74.2
27.432
36.016
84.222
76.91
39.458
88.264
28.613
90.952
89.107
31.256
77.262
29.213
84.883
86.904
32.805
90.392
30.592
74.68
31.304
81.768
28.325
83.923
30.613
74.744
74.632
77.72
82.542
44.253
83.763
74.718
81.539
31.101
74.894
29.656
83.848
83.203
80.291
80.846
30.256
74.467
32.077
94.488
81.043
29.058
81.864
28.946
80.286
29.768
78.574
35.77
31.349
76.995
76.216
36.016
77.304
37.503
87.059
74.28
87.502
86.59
82.478
27.194
80.632
35.728
32.015
87.187
29.57
79.742
78.43
38.346
79.518
79.139
29.44
28.458
88.36
81.715
34.882
82.403
77.758
79.246
28.44
75
77.688
28.482
75.043
77.731
35.728
87.219
88.974
77.128
29.749
86.75
89.171
74.259
31.882
88.68
31.325
85.902
32.413
79.256
27.994
31.768
95.544
30.415
76.632
80.787
89.742
76.696
79.251
34.725
83.939
31.832
84.627
33.056
91.315
86.67
88.424
29.277
37.082
84.579
33.965
41.592
77.134
31.053
80.355
78.11
77.598
29.92
30.728
82.952
84.974
77.662
28.133
91.816
32.12
79.571
26.706
80.392
30.592
83.88
81.502
73.79
78.611
32.789
77.032
31.477
75.72
37.44
28.458
80.942
78.83
79.651
78.739
80.76
81.315
29.728
77.07
35.215
80.691
78.179
77.8
85.555
87.443
83.598
91.219
31.746
84.04
82.462
31.592
86.083
36.44
31.613
82.638
37.634
80.792
32.722
88.547
80.302
29.629
79.123
34.717
78.078
74.766
79.054
84.008
29.44
77.363
86.184
85.406
79.161
92.782
33.77
81.87
30.749
81.224
79.113
81
30.258
83.555
29.613
80.11
30.434
78.265
77.886
30.058
30.728
89.24
32.349
90.462
74.35
30.458
80.105
84.259
84.28
26.37
32.103
82.435
74.99
27.328
79.678
29.882
78.633
35.37
76.921
91.475
38.525
79.363
89.784
32.304
75.139
28.725
89.16
76.915
82.937
84.958
27.962
79.379
30.65
40.093
89.8
37.848
85.955
31.53
77.71
79.465
30.186
79.086
29.541
86.841
29.696
82.062
40.65
83.55
30.138
28.421
83.705
41.626
38.175
79.326
40.181
78.414
92.702
79.79
29.77
77.011
85.966
92.787
28.058
81.075
74.83
81.118
75.006
27.525
88.094
48.213
77.849
31.773
77.737
87.625
29.432
92.979
79.534
77.555
31.994
82.377
35.082
27.989
79.331
39.77
81.753
29.525
86.441
77.529
29.325
96.35
31.746
83.705
28.44
85.993
26.173
78.281
78.835
77.257
26.152
76.878
26.173
76.766
77.721
78.542
80.963
86.718
30.592
81.673
81.027
80.382
82.67
29.44
79.225
86.713
87.134
82.489
87.043
75.198
32.101
82.819
74.441
78.729
43.746
86.083
76.771
78.926
84.814
81.102
36.765
80.99
29.853
26.461
74.611
31.741
79.033
74.787
30.544
86.009
92.163
91.785
80.339
86.494
31.834
83.315
29.456
78.27
81.358
81.513
80.601
31.304
83.289
31.058
86.777
35.037
76.931
86.819
87.241
77.395
88.617
83.438
77.059
85.614
82.702
77.523
29.946
83.811
80.499
91.054
79.209
82.697
37.17
80.985
75.273
45.146
28.837
79.161
30.991
78.382
33.728
85.07
34.682
90.291
76.979
78.734
36.767
29.576
74.355
87.577
84.665
92.953
33.226
92.707
34.581
30.461
76.729
30.202
83.017
84.905
77.859
45.456
89.081
34.682
79.369
26.152
32.037
79.123
83.545
28.389
29.058
75.166
77.587
82.275
28.016
74.83
36.57
79.785
81.273
30.501
31.744
78.761
82.915
91.47
78.158
40.592
89.113
32.213
90.334
74.489
34.944
81.177
83.998
80.819
80.441
27.989
43.874
81.262
80.617
77.971
87.859
82.014
31.81
82.569
28.304
78.59
41.888
76.745
35.728
32.042
81.299
29.797
27.186
87.054
76.542
32.325
78.697
31.17
79.251
76.606
37.256
79.161
35.277
86.782
31.965
77.337
29.186
85.491
34.274
76.579
91.134
30.586
84.355
84.51
83.865
78.953
84.574
79.795
32.832
78.217
30.453
77.838
78.926
87.747
34.634
78.969
80.857
78.478
77.299
78.254
82.142
29.616
77.897
92.318
78.606
79.294
77.182
81.337
40.765
74.825
30.296
79.246
30.45
84.867
84.222
28.482
89.577
29.581
74.798
32.802
84.419
28.458
74.841
78.862
26.504
81.817
80.505
85.193
82.014
76.969
80.99
38.378
77.011
41.016
86.499
81.587
29.728
83.609
37.615
79.097
34.57
81.251
74.739
26.706
80.227
86.115
28.213
82.537
79.225
29.037
81.513
78.867
81.155
29.368
83.577
40.568
80.931
81.486
31.656
79.907
76.729
79.683
29.256
75.438
79.593
82.547
29.72
77.635
31.325
82.457
81.011
78.766
31.922
28.325
92.521
28.61
88.409
28.016
86.83
30.703
81.385
77.539
77.427
30.44
88.915
34.994
78.137
28.877
84.025
81.513
80.734
89.022
31.346
76.777
41.501
85.998
41.592
79.086
44.279
82.307
28.368
32.568
84.462
79.55
27.728
74.638
79.459
40.768
80.547
82.835
75.257
28.749
76.878
33.97
76.766
85.321
37.44
83.075
76.83
81.251
31.304
77.539
30.634
81.561
85.449
31.458
80.403
79.625
80.313
77.534
28.882
77.555
79.443
78.265
37.874
74.286
29.016
78.174
77.529
80.083
80.238
32.17
87.859
36.325
83.747
34.746
88.969
27.834
87.257
30.122
82.078
79.966
80.921
81.609
36.192
86.297
37.413
78.585
28.882
86.473
29.304
35.728
80.627
41.346
88.382
47.429
79.337
79.358
32.746
83.113
77.267
29.458
78.622
77.577
78.398
36.037
27.322
82.419
77.507
27.498
80.195
29.386
78.617
85.971
29.501
73.193
82.014
80.302
82.99
91.011
36.92
76.233
28.882
80.121
76.409
74.03
79.651
78.873
31.496
85.161
26.44
32.984
84.782
78.803
87.491
30.44
77.379
85.401
34.677
83.822
81.043
36.037
28.904
81.865
81.353
36.08
85.374
27.525
85.129
31.792
83.55
90.638
50.941
31.032
81.326
82.414
77.902
85.923
86.878
75.966
80.121
83.475
90.697
83.785
76.873
79.827
85.182
78.937
80.158
79.113
76.867
83.155
28.458
78.377
80.131
82.819
31.592
78.574
75.129
82.617
75.571
85.059
78.281
84.969
35.728
95.923
28.728
81.945
74.766
79.321
80.942
27.701
78.963
35.056
79.118
29.192
89.806
27.898
78.227
28.453
75.049
31.696
81.87
35.037
78.425
28.125
80.446
89.401
79.555
80.51
30.565
29.016
87.998
31.17
74.686
82.841
82.062
80.617
79.305
26.152
91.326
27.306
79.481
27.728
80.302
78.857
43.432
79.011
77.833
30.946
77.454
90.809
80.563
74.985
79.806
78.227
31.016
76.915
29.57
74.003
30.728
84.291
90.846
78.867
27.749
82.089
81.977
27.173
82.931
29.727
77.753
78.841
76.995
32.89
78.35
29.178
87.571
77.726
31.016
84.814
79.102
78.857
84.345
81.699
82.121
27.616
76.809
77.23
76.985
77.939
85.827
26.152
86.515
77.47
31.48
80.958
81.646
31.613
78.867
30.613
96.622
51.298
81.443
31.592
95.465
80.419
29.629
36.17
74.174
78.862
77.017
74.771
30.658
78.793
32.413
74.414
92.702
77.657
29.4
89.678
31.554
95.166
29.042
81.854
81.209
83.63
79.118
39.522
90.606
27.544
84.227
78.249
77.737
44.141
30.541
81.358
77.646
55.365
77.267
77.422
80.377
29.304
79.731
28.925
86.153
82.441
31.016
76.329
34.698
75.15
29.653
79.038
29.304
77.993
77.614
81.635
31.058
77.257
31.613
79.545
27.808
81.833
77.188
29.968
28.517
84.809
26.152
79.364
74.718
33.728
90.339
81.294
26.616
29.693
74.649
84.537
28.813
80.958
34.834
80.846
88.067
77.422
31.304
80.244
79.198
28.792
76.82
92.841
31.49
80.996
77.55
81.038
39.65
75.46
91.747
77.902
40.058
83.924
27.413
77.545
29.434
77.7
30.48
82.388
84.542
74.964
29.304
77.252
83.673
73.961
81.982
77.737
29.016
81.492
39.437
89.113
75.268
31.016
79.822
37.703
80.51
34.791
95.731
38.546
91.486
30.034
79.508
32.322
83.396
29.81
73.817
42.898
81.038
31.32
76.526
53.207
76.948
79.902
31.592
81.257
40.279
84.212
30.722
81.566
75.054
27.152
78.942
79.364
75.652
78.206
79.961
78.116
77.337
31.016
82.158
76.98
32.215
83.268
41.97
78.356
27.992
31.594
77.444
83.998
80.286
85.774
36.016
83.662
29.458
86.617
76.772
90.526
86.948
36.879
80.302
77.257
78.478
28.925
74.766
74.788
47.034
77.076
81.63
31.634
85.518
26.152
81.94
31.17
86.628
31.325
78.382
75.87
40.258
75.758
79.513
26.328
43.768
89.401
85.022
88.777
30.68
33.965
78.398
26.568
31.325
83.886
30.722
77.241
35.386
75.662
31.834
84.884
77.572
85.593
32.498
78.414
79.369
26.706
81.924
75.945
29.016
82.1
75.588
78.142
43.898
78.164
31.786
83.518
81.54
80.628
88.116
83.337
37.079
90.025
28.368
89.113
39.728
91.001
76.622
32.127
86.91
29.616
88.798
32.437
92.953
35.258
81.508
29.146
78.196
31.834
92.484
82.238
33.728
81.46
82.414
82.969
29.016
96.59
34.304
83.412
79.7
39.789
78.921
28.192
79.342
30.746
77.897
80.185
31.389
84.206
35.01
40.301
86.094
81.316
35.602
79.47
43.946
28.824
80.692
28.445
78.846
79.001
84.489
80.244
36.919
77.732
27.925
30.141
79.486
36.213
84.841
79.262
31.922
83.684
28.21
73.172
86.526
85.614
76.702
86.457
74.078
27.461
76.766
78.921
78.542
79.364
77.252
28.501
81.273
29.17
30.813
86.361
34.925
82.516
36.413
78.27
31.304
86.158
29.725
79.246
37.213
84.201
79.156
31.546
77.044
92.932
85.486
85.374
102.729
31.544
84.75
28.365
77.572
74.793
31.594
85.214
26.152
88.036
83.657
29.954
84.212
29.842
77.166
88.921
79.209
79.63
76.052
87.94
33.013
73.961
39.304
78.382
28.925
76.804
81.758
91.38
30.749
79.134
74.489
30.592
32.058
84.377
29.146
83.065
28.304
74.82
37.765
40.191
78.308
29.656
30.458
77.529
27.277
85.284
28.728
74.638
77.46
31.57
80.414
78.169
29.304
79.39
34.391
79.012
74.9
86.921
83.876
28.304
77.097
80.718
77.14
29.546
79.161
77.449
29.08
83.737
74.692
31.728
74.446
31.482
83.934
83.156
31.57
89.177
81.332
77.62
77.374
79.929
85.55
80.772
78.926
76.281
29.016
74.702
81.257
75.678
26.482
40.202
80.766
77.588
29.677
76.676
94.164
77.652
79.406
83.161
27.77
78.916
76.67
80.158
29.616
79.113
74.468
29.213
80.222
83.844
49.066
82.265
28.304
75.886
79.641
33.029
78.729
86.75
81.305
30.48
79.193
81.348
90.036
81.79
83.278
74.633
79.188
76.676
74.03
84.052
89.273
31.058
34.415
85.561
44.037
89.449
31.792
80.137
29.28
82.025
81.513
77.668
30.832
76.756
88.777
29.122
79.465
43.677
89.22
29.565
82.841
99.796
75.95
34.016
84.638
78.126
28.304
76.281
27.125
75.502
78.324
74.478
79.166
30.44
81.721
96.942
28.594
78.43
29.682
81.918
31.837
88.873
87.961
30.946
79.182
76.137
82.425
38.325
81.246
80.201
27.44
30.461
79.022
29.461
87.31
82.532
28.728
78.02
80.308
77.396
74.884
77.172
79.86
94.014
29.77
89.502
29.125
84.724
32.213
77.412
33.301
86.633
31.056
82.121
29.768
79.342
31.255
91.497
76.852
29.44
77.006
37.413
80.894
80.382
34.074
80.27
27.296
79.092
31.85
78.313
30.938
73.801
35.36
73.422
31.248
84.91
40.335
86.398
30.49
93.62
33.045
77.374
29.685
77.396
78.084
79.038
80.66
28.304
86.414
26.725
94.169
29.68
74.724
84.745
33.904
81.3
95.588
28.032
87.742
81.097
90.052
27.306
88.873
78.094
40.325
77.049
84.804
75.092
78.846
75.401
77.822
77.71
75.198
74.82
31.784
85.641
43.538
83.529
26.152
91.684
81.972
85.593
29.058
74.548
30.013
78.169
30.77
79.257
74.478
37.594
84.1
38.232
80.254
77.209
82.297
81.385
78.34
90.094
46.343
86.916
91.737
81.492
79.38
78.201
77.689
27.925
78.644
86.665
86.02
74.574
31.304
79.396
96.617
35.925
82.905
82.526
84.014
31.746
79.502
84.457
27.152
30.44
87.545
47.21
76.633
90.254
80.676
75.23
30.304
74.985
28.186
81.673
28.904
97.028
77.449
81.737
77.092
76.58
29.81
77.401
34.098
86.089
79.044
83.998
75.086
77.108
31.389
81.262
84.884
86.505
29.389
83.193
38.21
80.814
29.834
79.236
34.922
88.99
40.01
77.145
36.965
80.766
27.44
77.854
90.809
78.964
83.385
27.44
84.873
31.346
79.561
80.916
31.016
81.604
86.292
34.213
74.58
77.934
83.689
29.213
87.044
31.501
74.532
29.656
81.22
85.774
86.729
29.016
79.417
31.703
77.838
27.194
85.193
77.481
81.369
31.594
76.457
89.945
38.234
74.233
27.44
80.388
89.076
28.813
81.23
31.901
84.852
89.14
74.894
29.058
83.716
74.937
80.958
79.38
86.201
86.756
31.298
89.31
86.132
32.09
78.953
30.901
27.194
74.575
36.415
84.596
74.617
91.838
26.44
85.06
82.281
30.896
75.236
81.124
37.053
86.078
79.566
30.544
83.321
76.809
26.152
78.564
30.839
83.252
31.794
77.14
29.016
80.494
83.182
79.87
86.692
27.744
88.313
35.098
91.401
79.289
77.311
28.016
86.665
81.353
32.896
78.041
77.129
87.684
29.037
27.984
86.105
29.458
78.66
87.614
37.629
78.969
74.457
81.412
77.433
91.454
76.943
91.63
76.985
84.207
90.894
73.983
32.002
74.137
86.692
77.513
85.801
30.346
31.501
81.956
31.037
78.644
77.465
84.287
29.122
82.441
37.677
74.729
28.144
77.951
31.231
34.634
82.772
74.26
28.474
79.215
78.836
31.592
76.857
28.013
82.479
29.768
26.616
77.833
28.456
84.388
27.44
82.143
76.031
29.728
84.052
31.082
78.34
29.904
85.961
85.716
82.137
88.559
77.513
43.778
92.601
26.152
77.556
35.056
81.044
32.944
76.932
35.098
31.544
73.887
29.52
79.908
76.596
89.017
81.039
31.501
92.26
82.015
33.941
78.836
32.096
79.257
39.717
82.345
35.072
89.567
40.826
74.788
78.943
30.192
76.964
26.746
80.452
39.789
77.407
87.828
88.516
31.853
84.404
26.941
84.825
88.713
92.068
26.237
82.089
34.925
77.444
30.44
92.532
27.637
82.153
30.458
84.841
84.463
27.898
82.484
31.386
84.905
82.393
78.148
30.437
74.703
36.677
79.391
29.496
86.079
81.567
28.749
78.521
81.343
31.165
91.097
73.919
30.138
76.207
79.295
34.592
79.983
27.28
81.737
39.728
74.292
27.152
78.713
28.325
89.401
29.037
94.623
31.816
82.244
77.732
31.768
80.287
27.749
86.841
77.129
76.617
79.039
81.193
80.148
81.503
90.991
79.279
86.233
84.255
29.565
86.676
78.964
81.519
29.762
77.54
84.628
37.17
78.249
77.204
87.625
79.38
28.325
78.201
26.746
80.756
30.501
79.444
82.532
76.687
84.308
27.44
78.729
30.304
31.626
89.017
78.505
29.17
81.06
90.548
82.703
92.457
84.345
27.44
80.9
78.521
26.152
34.069
86.943
37.106
27.461
77.897
87.119
84.073
31.637
85.828
27.68
81.449
31.325
88.537
79.092
78.58
83.268
82.356
78.644
80.265
79.887
81.775
81.263
28.882
77.951
82.772
80.393
29.346
82.015
43.232
80.436
46.88
75.257
80.879
78.1
28.32
79.188
40.874
75.209
29.696
84.164
31.583
74.985
29.872
35.989
74.74
43.346
78.361
79.583
77.471
35.904
78.025
37.81
79.247
29.565
84.601
28.101
31.874
91.156
89.977
28.544
29.746
79.732
78.02
82.041
77.129
91.151
77.039
78.26
82.548
33.904
90.436
31.08
80.591
84.612
29.565
76.633
80.121
87.209
28.026
88.831
79.252
79.273
80.361
30.514
79.183
29.469
85.071
81.492
32.296
79.913
81.401
76.889
31.613
79.044
27.768
87.465
28.682
32.855
76.553
28.877
31.016
74.975
27.432
84.063
30.653
92.484
29.074
79.172
28.429
80.393
30.93
78.548
82.303
77.791
74.479
82.9
88.255
91.876
78.964
28.016
44.41
76.985
30.303
32.165
78.207
88.895
84.383
86.004
38.016
27.904
79.759
41.103
28.458
85.913
77.535
74.489
29.616
89.977
31.053
80.932
28.141
80.953
30.925
76.975
79.396
82.484
94.239
90.527
86.548
78.569
79.124
77.812
86.367
31.728
79.588
91.076
28.834
75.097
84.052
29.144
76.74
36.898
82.628
30.386
77.716
31.474
31.016
81.471
77.359
29.517
91.247
27.405
79.268
29.826
91.956
85.977
27.722
86.532
81.087
31.44
83.641
29.594
85.929
32.949
50.834
74.751
39.016
84.239
29.17
86.527
31.304
78.815
84.703
84.457
27.637
78.879
29.501
95.967
39.728
80.388
42.768
97.609
80.431
79.385
29.482
75.54
31.77
84.761
91.583
77.737
29.48
80.025
26.37
87.38
77.935
28.728
80.489
77.444
83.065
78.553
30.482
82.308
81.263
78.484
77.039
74.66
27.152
83.215
77.769
29.304
76.724
88.479
31.656
88.1
31.304
89.855
89.476
39.41
87.497
83.652
79.273
76.895
91.849
77.337
81.892
74.847
83.801
27.44
86.489
29.994
74.511
41.349
82.265
31.903
27.728
76.953
37.791
90.441
41.413
80.196
28.736
77.017
30.357
79.972
26.778
83.86
84.015
81.236
79.524
82.879
29.037
77.167
73.855
77.076
84.431
78.585
80.34
29.016
82.495
31.17
51.037
81.316
80.537
82.825
26.941
30.882
83.513
77.801
39.458
77.556
83.711
76.799
31.058
76.287
41.079
78.841
30.301
79.796
30.056
28.448
78.484
41.81
31.402
80.772
29.965
88.793
29.453
76.415
81.103
76.324
32.008
86.479
37.093
83.833
29.384
85.055
51.253
82.276
78.697
26.77
34.168
86.852
81.673
90.895
87.849
80.671
78.559
88.847
77.401
74.623
76.777
77.999
86.553
31.304
77.908
84.596
27.44
79.284
26.525
92.372
31.346
29.896
80.527
29.117
79.615
34.016
78.969
95.657
82.612
90.767
32.008
81.855
77.743
29.501
36.594
80.564
29.122
31.938
78.452
77.407
76.895
43.701
74.649
31.456
77.604
29.61
76.425
29.098
86.847
79.668
28.304
77.956
37.258
87.311
34.517
103.065
34.005
75.087
86.708
80.463
29.48
77.284
31.501
83.705
28.637
86.393
34.258
78.548
31.479
38.016
79.903
30.837
91.257
78.745
75.033
27.461
85.055
84.809
29.48
81.764
78.452
76.34
88.228
41.274
79.849
28.325
80.404
41.016
81.225
79.513
90.735
87.289
26.152
76.777
79.332
79.487
88.041
88.863
79.151
77.305
87.06
87.881
74.169
28.762
86.857
84.612
28.658
83.567
35.08
74.121
81.476
31.594
85.231
35.215
81.119
32.037
91.673
30.637
78.761
26.525
29.304
81.849
88.404
30.053
76.692
32.074
81.513
27.696
83.268
32.117
79.289
30.138
90.911
74.932
83.62
40.103
84.041
31.858
87.929
86.884
28.568
81.039
27.256
86.527
49.591
77.748
31.08
81.503
32.301
78.724
35.122
78.879
90.1
40.032
29.728
77.988
26.32
81.343
31.81
80.831
40.765
78.052
37.256
80.473
79.961
29.44
90.249
37.727
77.737
40.949
80.025
29.325
88.18
78.735
38.346
102.489
38.234
85.844
77.332
26.504
92.82
27.592
81.375
88.863
85.417
79.172
85.193
31.613
77.882
81.103
31.97
83.257
84.079
39.768
92.1
76.255
76.81
46.746
86.831
80.719
30.525
78.34
31.746
27.152
76.495
29.637
77.716
81.604
36.426
86.025
32.234
86.047
29.189
81.002
80.756
27.77
81.978
83.999
79.22
86.308
26.461
81.93
83.818
38.527
82.639
79.194
77.082
27.77
86.436
29.258
78.724
29.279
30.48
84.879
77.434
76.922
31.458
79.61
77.631
39.437
74.186
27.152
79.807
27.173
83.962
79.183
78.804
75.759
83.247
37.525
84.068
88.09
27.44
79.844
79.599
74.82
39.949
90.975
31.25
82.463
88.884
81.306
89.06
30.594
84.148
27.44
81.236
86.591
29.304
81.279
29.325
74.767
28.834
77.855
92.676
27.749
98.564
37.503
91.386
78.074
30.656
41.25
84.095
83.05
82.404
91.626
29.44
82.714
29.061
96.068
74.49
31.208
81.178
29.496
80.532
30.346
75.087
87.108
86.33
27.728
84.084
36.68
77.839
81.46
75.215
28.482
76.97
29.57
78.858
32.658
74.879
77.567
83.855
77.876
78.298
36.016
89.652
43.125
26.306
77.407
26.328
84.762
43.472
78.25
28.826
26.37
74.938
33.781
78.426
39.213
78.314
74.868
27.728
99.423
80.511
78.266
77.62
30.768
85.508
29.037
75.53
27.725
77.684
82.506
86.794
73.882
28.44
78.57
29.325
76.858
32.546
76.212
29.016
83.3
87.988
39.41
78.143
101.364
83.919
76.874
83.695
40.192
85.716
28.213
80.671
27.525
28.101
78.826
31.016
31.056
83.78
29.058
38.41
78.735
82.756
78.111
31.325
28.192
76.932
31.08
85.487
29.901
77.242
39.255
83.396
44.21
83.818
27.832
85.572
34.786
79.06
84.282
36.749
77.236
87.658
82.212
80.634
29.432
85.455
29.186
74.676
78.431
29.629
77.786
30.453
80.874
29.408
85.695
28.896
83.316
30.25
89.071
28.005
84.959
44.693
77.114
31.381
27.664
84.602
29.802
28.485
96.223
37.69
80.778
42.111
77.999
75.354
93.375
75.396
78.618
32.333
36.17
87.172
40.887
80.527
40.775
79.082
31.73
82.036
94.191
79.812
27.328
76.634
39.749
79.322
79.21
80.431
28.882
90.452
28.368
81.14
79.695
27.882
79.183
40.728
81.738
77.759
45.034
78.714
80.735
78.49
74.511
30.925
81.066
84.687
77.775
86.73
81.284
29.501
85.306
84.527
75.082
27.562
80.036
35.503
94.724
94.479
76.767
91.988
31.858
79.076
31.149
93.764
86.852
37.792
74.874
31.594
81.295
34.282
80.783
28.704
77.071
28.016
32.192
80.826
26.658
77.114
30.679
82.068
26.834
80.49
43.789
77.578
28.744
77.732
81.487
29.594
77.108
86.33
77.951
83.306
87.327
29.016
47.466
90.682
26.688
86.57
83.524
82.746
89.3
74.522
31.256
86.143
78.031
81.919
34.88
77.274
27.749
77.295
29.48
77.716
77.738
81.492
78.98
80.068
76.49
31.749
86.111
30.592
81.332
29.728
74.82
89.242
26.44
83.663
77.151
83.572
27.616
29.44
86.927
29.461
88.815
78.57
86.458
30.898
79.012
44.786
79.967
29.608
77.188
29.17
91.61
74.831
34.08
76.719
83.674
34.389
28.037
77.428
27.037
77.45
39.728
80.671
28.768
88.292
34.656
79.647
27.792
78.202
76.756
37.17
75.978
31.037
74.132
31.965
88.02
76.442
76.863
86.351
31.368
86.372
29.298
26.722
74.527
28.52
86.815
82.703
35.056
80.724
29.877
80.746
38.165
78.367
82.788
76.81
74.831
29.17
86.852
39.925
79.407
30.984
78.095
78.916
81.071
29.277
79.359
81.114
29.586
86.468
32.016
78.623
29.104
81.178
83.732
28.813
74.554
89.375
84.463
85.951
77.172
74.794
32.032
80.415
28.853
86.303
80.458
34.682
76.612
79.7
30.114
76.922
79.876
29.728
76.964
81.252
86.207
32.626
83.695
75.716
81.338
77.759
30.04
73.514
29.261
83.935
76.89
78.644
76.132
37.074
95.754
30.437
81.375
77.263
40.016
79.418
29.965
74.772
29.016
84.127
79.082
83.37
74.991
80.079
80.767
87.322
73.876
73.764
74.186
30.466
86.207
78.762
27.994
78.383
27.77
76.404
81.492
82.714
77.668
36.037
81.956
29.437
76.911
39.592
73.599
31.08
89.487
84.575
76.196
73.018
77.172
80.527
29.741
77.882
39.896
80.036
80.858
88.212
32.098
75.434
28.389
81.055
31.632
29.346
84.676
26.986
75.764
30.85
76.319
78.607
78.762
28.192
77.316
29.989
83.338
29.61
83.226
81.514
30.453
82.868
30.016
82.223
37.903
77.844
28.749
89.999
28.77
78.554
27.592
75.508
76.596
87.684
82.106
82.127
32.261
81.615
77.37
30.77
82.724
27.568
78.479
86.634
80.122
29.234
42.994
78.943
30.144
80.031
78.452
79.94
86.628
31.944
88.516
29.832
74.804
77.226
79.514
78.468
86.623
30.65
79.578
38.341
74.532
86.154
79.108
30.279
81.396
26.28
78.618
29.597
96.506
73.727
28.77
77.082
29.592
86.436
29.48
84.324
29.901
79.679
40.055
74.367
74.255
29.304
76.81
86.698
29.08
78.052
86.474
74.362
27.44
73.85
90.138
80.159
30.81
78.18
31.613
30.165
78.602
38.053
79.423
83.311
31.44
30.749
77.199
83.62
37.658
74.708
37.68
86.996
78.484
37.007
83.306
29.728
76.527
29.616
83.348
77.636
86.991
79.146
77.834
86.922
31.144
91.343
80.564
79.786
85.407
97.295
74.783
88.671
78.026
78.847
29.304
80.868
85.423
29.304
86.644
32.258
78.799
27.44
79.22
77.775
74.063
83.551
36.637
73.972
86.527
86.948
85.103
32.037
89.391
29.016
92.746
28.549
77.3
29.016
80.388
83.876
38.17
81.631
80.719
30.192
85.14
37.016
79.162
83.183
82.004
37.549
78.026
79.38
74.468
86.89
91.178
27.728
29.658
88.666
78.154
86.442
97.663
32.125
37.146
89.018
28.368
80.372
32.117
84.66
31.072
86.948
77.37
29.016
76.325
84.879
80.1
74.389
87.076
78.964
28.016
78.586
80.074
80.095
79.983
31.304
84.004
83.359
29.991
79.514
82.068
29.896
77.957
31.384
78.778
91.732
86.287
79.242
27.866
80.463
36.325
93.418
87.972
32.458
79.594
36.125
78.949
76.97
91.658
74.879
74.901
29.437
74.922
31.533
84.01
30.754
74.565
90.586
29.48
30.304
80.207
31.367
81.962
30.189
79.717
29.677
80.271
35.165
83.359
29.408
78.581
81.402
83.423
26.44
81.045
31.394
77.999
37.703
28.215
85.487
34.125
80.175
47.346
77.263
39.767
77.685
81.706
74.261
31.016
79.215
31.703
74.703
29.325
88.725
91.679
84.101
87.322
84.41
79.498
87.253
29.368
87.007
77.562
36.44
81.85
77.071
84.559
31.594
27.946
78.314
29.482
85.402
29.237
79.823
34.058
73.978
31.546
76.133
29.034
78.554
39.322
89.909
36.01
76.73
31.765
84.085
31.12
79.173
37.541
79.861
74.549
26.44
74.437
77.658
80.079
31.698
90.234
29.016
83.989
80.41
87.231
80.586
87.141
93.295
78.917
76.405
85.093
78.847
30.44
74.735
31.522
88.757
80.911
37.44
90.266
27.792
82.021
77.509
77.263
77.818
81.573
82.394
29.037
76.949
87.37
36.728
92.058
28.082
74.746
29.437
43.016
82.234
32.258
36.904
77.322
80.543
76.698
80.586
78.074
27.669
77.429
38.223
84.383
30.112
83.871
28.266
83.493
29.888
85.514
87.402
34.613
74.09
38.367
88.911
81.866
74.287
81.909
76.863
79.951
81.573
29.346
77.594
30.44
78.549
82.703
80.725
75.413
75.167
46.677
78.389
79.343
39.52
77.765
28.501
83.653
74.607
77.162
31.058
78.783
39.346
80.938
34.968
78.959
29.44
82.314
27.461
85.935
31.629
80.89
39.117
90.111
32.072
85.066
29.693
80.821
30.648
79.242
85.53
29.058
79.951
80.373
78.127
83.082
85.903
83.925
80.213
73.834
35.456
80.389
52.277
77.61
43.631
78.965
76.986
27.882
84.207
82.762
77.583
39.613
89.471
74.693
39.922
77.247
90.202
85.157
77.311
76.799
78.421
83.375
85.13
80.351
86.906
29.768
83.594
32.592
84.015
81.103
74.591
27.44
86.613
82.101
80.655
83.077
30.432
79.765
47.482
90.586
77.807
29.293
85.562
40.114
81.583
32.402
78.405
33.09
83.493
35.645
79.114
28.066
81.535
32.354
78.09
29.176
81.311
37.997
81.066
39.085
79.754
78.042
34.565
74.863
31.653
82.618
87.706
35.728
77.727
34.682
90.682
80.17
29.458
74.191
85.679
76.767
31.725
81.589
81.477
31.77
82.565
31.392
26.306
82.719
28.749
28.594
78.341
29.48
31.015
77.429
81.85
31.77
74.538
43.791
87.626
34.213
77.781
89.402
28.058
79.29
31.746
82.645
80.666
28.658
76.687
28.037
27.48
73.375
78.33
28.482
72.885
86.639
85.461
28.68
75.882
80.17
75.925
34.346
77.013
30.504
31.656
77.834
35.991
89.722
86.143
74.965
80.986
27.37
85.007
80.762
76.65
76.538
31.989
81.093
30.922
75.514
79.002
77.423
30.44
82.511
78.399
88.954
34.122
27.904
86.042
74.463
31.592
76.085
43.479
91.173
87.594
89.349
31.594
82.437
81.125
83.679
31.389
74.101
29.01
82.522
31.832
78.81
35.719
88.031
32.808
28.176
76.986
32.296
79.007
27.917
74.095
31.938
80.783
29.96
78.805
31.208
76.426
28.037
78.447
29.08
82.202
27.594
76.89
80.778
79.333
78.021
89.775
92.863
83.551
82.106
75.194
29.634
75.082
31.922
86.703
27.544
85.791
27.698
88.879
37.319
30.44
78.501
27.546
83.722
74.943
83.098
30.728
77.919
80.874
28.701
79.562
74.25
31.341
74.671
37.666
84.426
28.354
90.314
86.469
78.09
77.711
31.616
81.999
77.354
27.728
79.509
28.549
79.397
30.44
82.218
30.994
79.173
85.727
83.615
29.208
76.437
74.591
36.586
29.384
76.079
27.672
79.034
73.322
75.877
77.898
81.119
29.282
80.741
75.829
81.85
76.138
85.759
81.247
91.935
30.325
29.277
89.957
102.778
93.199
31.522
30.925
80.421
86.575
26.189
80.597
89.285
36.41
78.773
27.568
79.727
84.149
26.152
84.57
29.482
79.525
33.903
78.079
84.101
28.325
80.655
28.213
75.743
83.898
74.319
28.613
81.007
80.362
78.383
38.192
77.738
31.813
82.026
31.834
87.647
29.856
90.735
79.29
82.511
30.922
88.933
26.677
86.154
74.575
87.663
29.304
79.551
90.106
80.794
85.215
30.882
77.77
76.725
89.146
79.301
77.055
29.925
81.21
82.298
74.453
80.341
29.677
86.629
52.034
79.983
34.322
82.138
74.293
28.613
79.781
74.735
79.29
86.511
91.199
35.077
91.354
41.656
89.642
30.077
83.397
36.325
29.032
78.085
30.12
36.589
90.773
30.674
78.927
35.629
74.682
30.85
84.17
30.738
36.941
84.725
32.76
90.746
28.914
85.967
76.922
81.743
26.546
29.213
81.898
29.901
76.853
83.141
27.306
86.495
84.517
81.871
91.893
77.247
43.304
79.269
31.522
77.957
87.178
80.266
31.853
86.287
27.44
74.975
34.256
31.194
81.93
80.618
78.906
39.437
77.461
28.304
76.549
84.97
79.258
28.594
82.213
31.832
78.767
82.122
82.01
28.749
77.631
77.786
91.274
91.162
31.304
81.583
29.992
78.538
26.594
29.213
87.493
86.981
26.77
77.669
31.749
77.423
77.178
83.733
82.954
39.634
78.975
29.594
82.063
40.815
78.085
42.57
78.106
32.191
81.061
28.17
30.88
90.549
30.234
81.77
89.791
74.879
30.653
29.192
83.167
29.213
97.055
28.968
74.677
27.792
77.231
30.479
78.453
27.434
86.741
28.522
81.295
28.925
77.317
82.005
30.037
86.826
46.88
81.514
40.368
29.301
86.869
31.458
80.49
34.279
83.711
89.599
78.687
76.975
74.863
78.618
74.639
28.936
79.727
78.682
74.17
28.792
82.458
29.213
85.279
32.034
78.367
32.055
74.122
27.944
77.343
30.098
35.728
78.831
40.144
74.586
78.741
82.095
76.783
86.405
34.538
86.426
79.114
29.728
82.469
31.17
82.49
27.325
93.311
80.933
83.754
74.442
76.73
74.085
29.304
79.039
30.728
31.458
92.394
88.149
38.65
88.037
32.405
81.258
82.346
30.458
92.367
75.056
92.543
86.565
90.319
37.282
77.941
41.592
81.162
77.584
31.594
28.72
80.005
34.415
82.426
76.714
36.213
77.802
27.968
79.824
31.058
87.578
28.146
84.4
29.384
80.154
82.976
28.893
74.997
77.018
79.44
30.16
79.061
80.282
77.77
79.258
91.546
30.8
74.901
87.189
37.368
80.677
30.989
76.832
30.077
77.52
83.808
81.962
35.834
77.45
32.285
31.456
85.472
80.56
79.514
91.535
77.424
74.645
77.866
77.088
78.042
29.437
77.397
29.058
80.752
87.973
79.461
77.749
43.016
82.037
30.144
81.792
31.898
87.813
29.938
93.701
30.626
78.122
82.01
28.728
93.498
84.453
31.629
97.541
76.629
29.461
36.234
85.984
78.405
77.093
79.514
82.469
27.882
81.424
35.77
79.045
76.666
93.221
30.44
83.242
30.594
32.213
78.997
31.968
81.018
28.544
73.84
82.261
32.485
83.749
80.037
86.058
80.88
31.458
80.634
35.728
30.013
80.789
26.466
74.81
77.365
32.192
78.053
82.208
75.696
92.25
28.432
75.472
85.36
80.448
27.37
80.602
87.424
80.112
80
84.021
76.709
79.264
32.149
27.653
74.618
29.77
91.44
31.658
74.528
89.216
78.57
83.792
81.413
76.368
28.037
74.789
30.496
85.877
26.68
78.832
28.904
30.567
86.586
31.325
27.922
79.274
80.229
88.25
80.005
89.893
82.848
77.269
79.29
79.178
80.8
86.821
26.306
80.842
30.727
74.73
88.085
81.573
79.061
28.882
81.616
78.437
81.392
79.28
38.304
75.034
28.634
90.122
79.21
27.216
80.965
27.637
90.586
77.674
86.496
81.05
31.703
78.138
76.693
80.581
81.002
74.89
76.778
43.016
90
76.688
29.616
74.442
79.53
27.658
79.952
43.527
31.546
81.84
31.167
77.994
31.855
86.416
37.61
78.17
31.44
72.725
75.546
76.768
77.856
27.258
88.544
79.365
29.016
79.92
77.008
78.629
85.317
86.138
86.693
84.981
88.469
35.882
75.69
42.768
81.045
30.432
29.856
75.733
80.954
34.88
30.17
83.509
28.768
83.264
40.256
79.552
32.144
31.434
85.973
29.098
86.528
32.394
73.216
78.304
88.325
81.68
32.234
36.44
78.368
30.461
28.44
79.056
81.744
33.728
79.898
31.122
81.52
27.152
79.141
30.058
81.429
90.117
84.138
26.525
81.226
28.279
78.448
81.669
45.034
74.49
79.045
80.266
31.304
81.888
31.991
86.709
27.746
82.197
34.567
88.352
32.322
78.24
73.861
79.882
31.501
89.77
33.122
79.792
76.346
86.501
33.728
79.322
78.944
77.365
31.856
80.453
37.61
73.941
30.728
85.962
30.749
31.613
74.117
82.805
87.226
33.728
80.848
79.936
30.746
29.613
87.157
29.368
86.378
38.989
87.066
36.325
82.154
86.309
29.08
27.77
91.664
30.458
30.728
74.085
36.346
40.082
82.64
29.037
86.928
80.682
84.97
29.213
86.725
78.88
76.768
31.789
29.304
81.856
93.077
77.498
78.853
100.874
28.41
84.762
31.256
91.45
74.272
86.693
86.314
83.402
79.424
84.645
31.44
85.066
78.554
79.909
26.44
81.797
88.752
39.719
78.64
29.741
85.328
29.229
74.416
79.104
32.874
82.858
77.946
34.882
93.834
31.746
85.056
81.877
37.594
87.498
27.637
74.586
29.234
81.541
29.656
79.162
94.917
28.522
78.938
33.728
79.493
75.248
90.202
34.88
78.09
29.296
85.312
84.533
34.746
86.154
87.376
83.797
35.728
74.085
82.773
31.965
79.861
79.616
30.816
84.304
76.725
40.728
91.946
36.618
78.101
81.189
74.81
26.152
78.432
29.906
76.853
37.527
81.141
34.882
91.829
44.103
81.984
76.672
85.493
82.181
32.04
81.669
35.661
81.29
28.346
76.912
39.882
37.034
86.666
27.856
26.656
81.088
30.277
31.21
77.642
32.831
82.597
32.37
86.218
77.573
79.061
76.816
48.97
85.37
31.282
29.392
80.725
29.546
79.28
30.482
31.701
79.034
31.437
29.322
77.189
41.991
32.144
75.744
40.431
79.098
33.92
75.786
29.749
87.808
88.362
31.44
80.917
86.672
81.76
36.41
78.981
84.336
81.29
75.578
83.866
74.554
40.037
74.309
83.397
32.17
79.552
29.392
79.573
43.946
79.061
77.616
27.152
82.57
29.839
79.392
35.061
87.013
79.168
78.789
29.458
89.477
83.765
36.213
85.653
36.877
80.341
29.944
27.989
82.896
31.592
95.184
81.738
29.208
76.693
84.581
29.346
90.069
30.034
84.357
77.178
79.866
29.736
77.488
31.757
73.242
80.064
34.608
76.885
40.229
83.04
28.728
83.728
40.082
78.682
38.637
88.57
30.925
80.592
28.549
35.346
81.146
82.501
82.522
26.44
73.877
31.794
78.565
26.616
33.088
76.053
83.141
28.968
74.362
27.44
28.989
83.85
32.21
84.272
31.298
76.293
79.648
73.402
31.341
83.157
78.512
76.533
34.17
30.637
80.821
83.642
86.997
29.016
79.018
31.658
90.506
75.061
92.949
77.904
78.858
27.216
78.746
38.48
83.301
80.656
85.877
29.037
75.898
73.653
88.874
39.728
38.192
75.962
31.482
80.65
75.738
27.706
78.426
39.461
76.848
32.815
74.602
29.016
85.824
37.616
81.978
82.933
90.821
33.413
78.709
80.464
87.952
82.773
41.304
78.794
86.282
90.837
76.992
81.546
79.301
39.725
88.256
90.01
30.44
80.965
29.17
86.72
80.874
26.701
80.229
29.016
77.317
86.405
28.882
36.016
91.36
41.437
79.781
82.069
87.69
81.845
28.57
77.2
79.354
89.909
75.664
81.018
27.349
79.706
33.858
92.128
77.349
78.704
29.17
27.112
87.658
29.133
40.346
78.48
29.568
81.701
33.056
78.922
28.544
84.144
80.698
74.453
40.48
79.541
84.096
74.784
34.592
82.538
86.426
76.848
29.016
28.016
82.202
77.557
86.645
29.213
28.432
84.666
39.304
31.653
74.421
78.842
76.73
77.552
78.506
29.744
86.261
88.816
33.282
27.749
94.304
87.925
36.917
76.213
31.165
76.901
78.922
85.61
30.893
28.749
77.232
43.17
80.32
27.725
81.274
82.762
85.85
78.939
27.674
32.016
78.16
32.17
86.181
80.736
76.891
75.845
37.703
78.533
31.44
85.221
42.527
76.443
86.864
83.552
34.346
77.707
80.528
84.949
27.946
79.371
89.125
75.147
91.968
79.456
29.634
88.544
29.656
88.165
90.986
77.541
77.963
79.984
33.728
86.938
31.616
76.56
76.448
78.869
31.304
74.091
29.437
76.912
79.333
31.432
74.688
82.443
81.664
74.485
29.813
92.373
80.928
29.856
30.522
80.816
35.743
78.837
31.898
78.592
31.52
26.706
92.346
79.035
38.016
83.856
29.237
83.744
78.299
36.461
84.187
39.815
85.541
27.57
29.016
76.629
80.251
83.339
79.493
29.44
76.581
90.203
29.037
83.024
78.779
78.667
76.688
80.709
82.997
31.44
76.619
43.594
30.592
76.773
37.082
87.061
77.883
76.437
77.259
27.749
88.747
83.568
27.904
81.456
81.877
31.17
85.365
76.587
31.522
90.075
77.429
31.725
84.784
77.472
78.96
26.173
79.648
29.48
86.069
76.891
86.779
31.856
76.8
31.077
78.955
35.098
81.643
29.12
28.058
84.997
27.274
36.479
80.085
31.429
31.701
74.107
40.117
26.389
77.728
40.805
76.549
36.959
77.637
35.648
78.725
29.669
89.547
26.616
30.757
101.301
76.789
44.458
74.944
39.728
89.099
80.72
28.882
78.875
29.97
27.768
74.496
86.784
83.605
31.616
78.027
79.248
34.592
83.536
80.624
42.965
77.045
27.749
90.533
78.555
40.368
83.643
31.189
74.197
32.01
86.619
27.898
78.373
79.195
84.816
91.637
28.728
81.259
82.88
30.658
86.901
82.656
78.411
28.122
101.099
28.544
78.853
80.475
78.896
30.058
86.517
31.146
31.016
81.472
81.493
79.648
31.594
77.536
31.216
88.224
30.437
30.72
75.045
84.4
42.613
78.555
30.501
75.643
46.368
86.597
83.419
79.173
86.795
28.968
26.616
83.349
27.306
83.371
82.992
78.613
78.635
81.056
82.677
29.016
27.44
83.365
87.92
31.458
89.941
29.749
74.763
31.501
29.104
78.784
76.672
89.493
79.515
79.403
34.144
75.424
29.365
83.045
34.586
79.2
78.288
30.368
97.909
78.197
82.885
31.616
83.44
86.128
87.883
31.746
76.304
29.48
82.325
30.034
83.947
30.877
78.235
79.856
78.411
74.299
90.053
27.306
79.541
83.029
27.482
79.451
82.272
89.227
34.122
76.848
31.744
78.203
79.424
77.045
87.333
47.744
82.955
27.898
87.776
85.931
79.285
80.373
29.346
76.928
41.634
82.683
78.971
84.192
94.613
29.728
74.635
36.44
81.723
83.077
85.365
91.12
85.008
77.296
31.32
79.451
43.016
95.472
89.227
36.698
31.192
83.648
29.48
77.003
37.901
79.691
29.301
29.789
81.845
32.744
89.733
31.298
76.688
29.853
76.843
77.664
29.41
93.152
82.507
84.928
77.883
29.629
77.771
76.725
38.17
90.213
76.768
29.448
80.123
91.477
76.565
79.253
94.741
38.613
84.896
80.917
76.672
76.027
28.432
29.634
79.915
31.655
84.869
34.477
89.424
79.579
82.4
89.488
80.843
39.17
92.331
76.885
30.546
31.944
79.573
28.234
29.032
77.861
90.816
27.328
78.837
74.725
81.147
77.968
29.016
89.989
30.634
29.57
75.744
29.058
75.899
28.946
79.92
80.608
29.77
87.429
92.117
79.339
90.16
33.882
80.315
75.003
85.424
86.379
83.6
76.955
29.749
86.443
28.325
81.664
34.749
78.619
73.707
88.928
45.498
88.416
76.571
31.48
75.659
28.474
29.41
73.413
78.635
26.381
87.589
28.269
28.005
76.544
26.173
28.962
79.232
78.853
26.152
82.875
33.728
78.096
75.184
79.205
84.16
80.715
85.803
83.957
31.325
28.906
77.712
49.613
82.533
79.088
31.088
83.376
80.997
80.085
78.907
77.861
77.349
74.704
76.859
75.013
81.835
34.304
80.789
30.674
80.811
91.232
31.498
91.787
80.208
83.963
90.517
88.939
78.693
80.581
33.898
79.803
78.091
86.645
85.067
84.155
78.843
81.931
81.019
103.707
80.795
82.816
77.237
42.093
96.725
76.347
79.835
41.944
84.656
78.277
82.565
81.787
80.741
39.016
74.496
82.384
76.539
74.827
78.048
84.736
78.491
79.045
88.133
79.088
77.643
78.864
85.285
78.773
82.261
74.416
79.237
86.859
82.347
78.235
79.989
77.211
91.232
79.52
82.475
83.829
81.051
77.739
84.293
87.381
77.269
77.024
77.045
84.4
76.955
88.843
74.997
93.685
79.44
81.461
80.816
83.904
81.659
83.147
85.968
85.456
87.611
80.432
77.787
79.541
74.629
83.584
79.472
79.493
85.915
74.469
81.824
89.845
81.067
74.155
105.909
77.931
74.219
89.973
79.328
82.416
77.504
82.725
87.147
75.035
79.323
83.611
78.165
82.853
79.008
79.696
84.651
77.739
78.427
78.048
77.803
77.291
81.579
90.533
83.621
74.709
83.131
74.752
76.24
82.128
86.949
76.704
74.325
82.48
79.835
88.656
78.811
82.565
93.253
77.408
82.096
77.717
78.405
84.56
79.915
80.869
80.357
75.979
77.6
78.955
85.909
91.264
94.885
77.173
88.261
92.016
95.771
76.592
81.68
80.501
77.189
91.611
84.699
85.787
83.675
77.829
81.051
90.672
78.16
83.248
81.803
78.091
79.979
83.867
87.888
83.776
85.531
80.219
83.04
85.728
91.349
83.771
89.659
81.28
88.101
81.056
88.811
82.565
84.853
84.075
82.763
90.517
86.139
87.627
89.781
86.336
90.224
87.312
