25.152
26.152
26.32
26.32
26.368
26.536
26.584
27.352
25.152
27.04
27.568
27.496
27.664
27.832
28
28.168
26.2
28.336
28.504
28.672
25.32
28.84
28.048
29.296
29.464
26.488
28.552
26.536
29.92
30.088
28.816
26.56
30.424
25.992
30.592
29.08
26.328
31.048
29.176
26.304
27.16
31.384
31.552
31.6
26.568
31.648
29.536
26.904
32.104
29.992
32.44
32.608
27.712
30.496
27.024
27.88
33.064
27.192
28.048
30.832
27.856
33.52
27.528
31.288
33.856
27.264
34.024
34.192
34
32.128
26.256
34.336
26.304
28
34.504
32.392
26.64
34.96
32.728
35.416
35.224
27.072
27.808
33.352
27
35.56
28.144
35.128
35.176
26.784
35.344
35.392
26.52
35.44
35.128
35.296
34.264
35.752
26.16
27.376
35.56
34.888
27.112
36.016
36.184
26.712
34.912
35.92
36.088
26.856
34.696
27.024
27.76
36.544
27.688
36.712
36.88
27.048
34.528
27.952
37.096
28.12
37.264
27.312
37.432
27.48
35.32
37.888
27.576
38.056
27.744
38.104
26.592
28.648
38.272
26.76
35.44
38.608
26.736
35.896
26.664
39.064
26.352
27.568
39.232
35.8
39.688
26.256
39.856
27.16
36.064
27.328
40.312
40.48
27.064
36.088
27.232
40.816
27.4
40.264
27.568
40.432
36.4
27.048
27.904
40.768
27.216
36.856
27.88
41.224
37.312
27.24
41.56
41.728
26.856
41.896
41.824
41.992
42.16
26.688
42.208
27.712
42.376
26.904
27.52
42.544
27.072
38.032
27
27.736
42.88
38.488
26.976
43.336
43.384
43.432
43.6
43.768
43.816
43.984
26.952
27.928
44.032
27.976
44.2
28.024
44.368
44.416
28.12
44.104
28.288
44.152
44.2
27.408
44.368
27.576
28.312
44.176
28.48
44.344
44.272
44.44
27.288
28.384
38.248
28.072
44.776
28.24
44.704
38.872
28.336
44.8
27.768
44.968
44.896
28.104
45.064
28.272
39.352
28.936
45.52
39.568
45.976
29.2
46.144
40.072
29.536
46.6
29.704
46.768
29.136
29.752
39.496
29.184
29.8
47.224
29.968
47.392
47.56
47.728
47.656
47.824
29.352
30.088
47.992
30.016
47.92
29.448
40.408
29.616
48.376
30.52
48.424
40.672
48.88
40.768
30.832
49.336
40.864
49.792
30.976
49.84
31.144
50.008
50.176
50.104
50.272
30.72
50.32
41.848
50.776
42.184
51.232
31.2
50.56
31.368
32.104
50.728
31.416
50.896
50.704
50.752
50.92
50.968
32.392
50.896
31.584
32.56
51.064
42.472
51.52
42.928
51.976
32.8
43.144
32.472
52.432
32.52
33.136
52.6
33.304
52.648
52.816
52.984
53.152
32.16
44.2
32.944
53.368
32.992
53.536
53.704
32.832
33.328
53.632
32.76
33.496
53.44
53.608
32.496
53.536
53.704
33.808
44.992
54.16
45.448
54.376
54.544
33.432
54.712
34.096
45.88
34.264
55.048
33.576
55.216
33.624
55.384
55.312
55.36
46.648
34.672
55.696
55.864
34.272
35.008
47.032
34.32
55.84
34.488
47.488
56.176
34.824
56.344
56.512
48.16
35.328
56.728
48.616
57.184
35.352
48.832
57.4
36.544
49.288
57.856
49.624
36.688
58.312
36.736
49.96
58.648
36.592
58.816
36.64
50.344
59.272
50.8
36.544
59.728
36.712
59.656
36.88
51.424
59.992
59.8
36.528
59.968
37.192
59.536
37.36
51.904
59.992
37.696
59.68
37.008
37.504
59.728
36.936
52.216
36.744
59.824
52.672
36.6
60.16
60.328
36.936
37.432
53.056
60.784
37.768
60.952
53.56
61.168
37.912
61.216
36.984
61.384
36.672
37.648
61.072
37.816
61.24
54.568
36.936
61.456
37.84
54.064
37.888
61.672
61.84
38.104
61.768
37.296
61.456
37.344
61.624
61.552
55.12
61.888
37.176
38.392
61.936
61.984
61.672
61.84
37.728
55.408
38.512
62.056
38.56
55.864
62.392
56.08
39.064
62.728
38.376
39.112
56.536
38.544
39.28
63.184
63.112
63.28
63.208
57.136
63.664
57.592
39.24
63.88
63.448
40.072
63.376
39.504
63.544
39.552
40.288
58.312
40.456
64
64.168
58.816
39.864
64.624
40.528
59.152
40.08
40.696
65.08
65.248
40.176
40.912
65.416
40.344
65.464
39.672
41.008
59.992
65.8
40.008
65.248
60.616
40.84
65.704
40.152
61.072
40.936
66.04
66.088
39.936
61.696
40.72
66.544
66.712
66.88
40.488
62.008
40.536
41.272
66.976
40.704
67.144
66.712
62.32
67.168
41.752
67.336
67.144
62.872
41.896
67.48
41.568
63.328
41.736
67.576
67.624
67.552
66.76
42.904
63.328
43.072
67.096
63.784
67.552
41.76
64.24
68.008
42.592
67.816
42.024
67.864
42.928
68.032
42.856
68.2
68.248
41.376
65.176
41.544
42.76
68.584
42.328
65.632
68.68
68.848
42.712
69.016
42.024
69.184
41.952
69.352
42
69.16
42.168
69.328
69.496
42.504
66.184
69.112
42.48
43.336
69.28
66.208
69.736
69.424
43.408
69.592
43.08
69.64
69.808
69.976
70.024
43.152
70.192
44.296
70.36
66.808
70.816
67.264
70.672
44.536
67.48
43.608
71.128
71.296
43.704
44.8
71.344
71.512
44.776
67.72
43.248
71.848
43.416
44.272
68.176
72.304
72.472
68.44
43.608
72.568
44.752
72.736
44.44
72.904
73.072
69.28
73.288
44.016
73.336
44.064
44.68
73.264
44.112
73.192
44.28
69.88
73.648
73.696
73.744
70.672
45
45.496
74.08
70.768
44.856
45.832
74.416
45.024
71.224
74.872
71.68
45.408
75.328
72.016
46.24
75.544
45.192
75.712
45
46.456
75.88
75.688
75.376
45.144
75.304
45.312
46.048
75.472
73.12
45.648
75.448
45.816
75.616
46.48
75.784
46.152
75.592
75.4
46.984
75.328
46.536
75.376
46.104
47.32
75.304
47.368
75.472
75.64
75.448
47.272
75.376
47.32
75.544
47.488
73.792
46.2
47.656
75.64
75.808
47.512
75.976
73.864
76.432
47.536
76.6
74.368
77.056
77.224
74.992
47.776
77.32
45.768
77.488
45.816
47.272
77.416
47.2
77.464
77.632
45.48
75.76
46.624
78.088
75.856
78.544
46.648
78.712
46.816
76.48
46.504
78.928
45.936
76.936
45.744
78.904
46.888
77.392
79.24
46.008
79.168
46.792
79.096
46.344
79.264
46.272
79.432
78.04
78.808
78.496
46.704
79.264
78.592
47.536
79.72
78.808
80.176
47.424
48.04
80.104
48.208
80.272
48.376
80.44
80.488
80.656
47.56
79.024
47.112
80.992
81.16
47.328
47.944
80.968
81.136
47.664
48.16
81.064
81.232
47.4
48.496
79.6
47.208
81.688
48.472
79.816
47.424
82.144
47.472
80.152
82.6
82.528
82.696
48.52
82.864
83.032
83.2
83.248
48.832
80.896
48.144
49
83.224
49.168
83.392
49.096
83.44
48.288
81.448
49.072
83.656
49.12
81.904
84.112
82.36
48.648
49.624
84.448
84.136
49.6
82.984
48.912
84.592
49.08
84.76
49.864
83.128
49.296
84.976
85.144
50.248
83.632
84.88
49.008
50.224
83.968
49.912
85.216
49.224
85.384
84.472
49.44
50.056
85.84
84.928
50.272
86.176
49.224
86.104
50.608
86.032
49.32
85.96
49.488
86.008
86.176
84.904
86.632
50.416
86.56
50.584
86.728
50.392
85.336
50.56
87.064
50.728
87.232
87.4
49.368
87.568
49.296
85.816
50.56
88.024
49.512
86.032
88.24
50.464
86.368
88.696
88.864
86.752
88.84
89.008
89.176
50.32
89.344
89.152
49.936
87.64
48.888
89.608
49.792
89.656
88.144
89.992
49.936
90.16
49.488
89.968
49.536
88.576
49.704
90.304
49.632
90.112
49.8
89.8
89.248
90.256
90.424
50.112
90.472
50.896
90.28
89.608
90.496
50.424
90.544
51.328
90.712
51.376
90.88
89.728
51.592
91.216
51.76
91.384
51.432
51.928
91.432
91.6
50.808
52.264
91.768
91.816
91.864
91.912
91.12
91.048
91.216
50.904
51.76
91.384
51.688
91.552
51.24
91.72
51.408
91.648
91.456
51.264
91.624
91.792
91.96
92.128
52.432
91.576
92.464
51.192
52.168
92.632
51.36
52.216
91.96
93.088
92.296
51.744
93.544
92.632
51.84
52.576
93.64
52.008
92.968
52.792
94.096
94.144
92.872
94.48
52.608
53.224
94.528
94.456
53.44
94.624
94.792
94.96
52.728
92.248
95.416
53.92
95.584
95.632
95.68
53.344
95.848
53.512
92.776
96.184
53.728
93.232
96.64
96.808
53.016
96.976
53.68
97.144
53.352
97.192
93.76
97.528
97.696
54.52
94.264
54.072
98.152
54.12
98.2
54.288
98.368
94.696
98.824
54.192
95.032
55.096
99.28
55.024
98.968
54.576
99.136
95.824
54.672
55.528
99.592
54.48
99.76
54.648
99.808
99.616
54.984
99.664
96.472
100.12
100.288
55.792
96.136
100.624
55.512
56.128
96.592
55.56
56.176
100.84
56.344
100.648
100.816
100.864
55.872
100.912
56.656
100.24
56.208
56.704
100.288
100.456
56.424
57.04
100.624
56.592
100.672
56.16
57.376
97.48
101.128
101.296
56.304
101.464
56.232
57.208
101.632
56.4
97.96
56.568
102.088
98.296
102.544
98.632
57.736
102.88
57.904
102.568
58.072
102.256
57.88
102.424
57.928
102.592
56.64
57.736
102.64
102.808
57.832
102.856
103.024
56.952
57.808
99.712
57.12
57.976
103.48
103.408
100.096
103.744
103.792
103.84
58.024
100.648
104.176
58.24
104.224
58.288
103.912
57.36
58.216
104.08
104.128
104.176
104.344
104.392
57.6
58.336
101.2
58.504
104.368
104.536
57.744
104.584
104.632
58.576
104.56
58.008
104.608
58.672
104.416
58.344
101.704
104.752
104.92
58.728
101.968
105.256
58.464
59.68
105.424
105.592
105.76
105.688
59.392
105.856
57.144
105.904
58.288
105.832
57
57.976
102.4
105.928
57.952
102.616
106.384
56.712
58.048
102.952
106.84
107.008
107.056
107.224
107.272
57.496
107.32
103.288
56.992
107.536
103.504
55.752
57.208
107.992
56.896
103.96
108.208
104.416
56.92
108.664
55.872
104.272
56.776
109.12
56.704
108.928
104.656
57.04
109.384
57.088
109.552
57.016
104.32
57.184
110.008
57.112
110.056
104.704
110.512
57.016
110.56
56.328
110.488
105.256
56.664
110.944
105.712
57.496
111.4
106.168
111.736
111.904
56.592
111.832
57.256
111.88
57.424
112.048
112.096
56.424
57.52
106.744
57.568
112.552
112.36
56.568
107.248
57.592
112.816
57.64
112.984
56.712
107.752
113.44
57.664
113.608
113.656
113.704
57.568
113.752
57.736
113.92
56.688
57.904
114.088
58.072
108.976
56.904
114.544
114.712
57.24
114.76
108.928
57.336
115.216
57.504
115.384
109.192
115.72
109.528
57.216
58.192
116.056
58.36
109.864
58.048
116.392
116.44
116.128
110.056
57.984
58.48
116.464
58.648
116.392
57.84
110.68
58.008
116.848
58.176
116.776
116.944
111.112
58.44
117.16
59.344
117.088
58.176
59.272
117.016
58.344
111.664
58.272
59.488
117.352
58.44
116.68
58.488
116.848
58.656
111.736
117.304
117.472
117.64
59.824
112.288
59.872
118.096
60.04
118.264
59.848
118.312
60.016
118.36
118.528
118.576
59.92
113.104
59.848
118.912
118.96
58.728
113.608
119.416
58.824
59.56
119.464
58.872
119.632
58.92
59.656
114.04
119.968
58.896
114.496
119.824
114.952
120.28
120.448
120.496
60.4
115.264
59.952
120.712
60.12
120.76
59.928
60.784
120.928
115.336
60.264
121.384
60.312
121.552
61.096
115.84
121.888
116.296
60.504
122.224
116.632
60.84
122.56
122.728
116.776
122.824
122.752
62.176
117.4
123.088
123.016
61.824
122.944
62.608
118.072
62.04
62.776
123.04
62.208
118.528
62.376
123.496
62.544
118.984
123.952
123.64
123.808
123.976
63.16
124.024
62.352
124.072
124.24
63.304
119.728
62.496
124.696
62.064
63.4
124.864
63.328
125.032
120.16
62.328
125.248
63.112
125.176
125.104
62.592
125.152
120.76
125.608
125.776
63.76
125.944
121.192
64.096
125.68
63.048
64.264
125.368
125.296
62.664
64.24
125.464
62.352
125.632
64.216
125.68
62.568
122.128
62.736
126.136
63.52
125.824
62.472
125.872
126.04
62.568
125.968
126.136
63.64
126.304
125.992
62.76
63.496
126.16
62.808
126.328
126.136
123.064
126.232
126.28
64.144
126.328
64.312
126.376
63.864
125.944
64.648
125.872
126.04
126.208
64.792
126.376
126.544
64.768
126.592
124
64.488
126.928
64.656
65.152
126.976
127.024
64.992
127.192
126.64
64.848
124.168
127.096
65.68
127.264
64.872
127.312
124.96
65.208
65.704
127.648
124.816
66.04
128.104
128.272
66.256
125.32
128.488
65.872
128.656
66.04
128.704
66.208
128.872
66.376
125.8
66.304
129.328
66.472
126.136
66.64
129.424
66.192
129.592
66.856
126.28
130.048
129.736
129.904
66.792
126.832
67.456
130.36
67.008
130.528
127.096
130.984
130.912
67.68
130.84
68.344
130.888
68.512
127.816
131.344
68.728
131.392
128.44
131.728
68.992
131.776
68.92
129.064
132.112
69.256
132.28
69.424
132.448
129.616
69.144
69.76
132.544
69.928
132.712
69.976
132.64
129.568
69.696
70.312
133.096
69.864
133.264
133.072
133.24
132.568
70.072
132.616
69.744
132.664
69.912
70.408
128.632
133.12
129.088
133.576
71.08
133.744
70.392
71.248
128.752
70.56
134.08
129.088
134.536
134.584
128.992
71.16
134.92
71.944
135.088
71.992
128.896
135.544
135.712
71.536
135.88
71.584
128.728
70.896
71.752
136.336
70.824
136.504
71.728
136.672
129.28
137.128
71.992
137.296
137.464
72.328
137.512
72.496
137.68
137.848
138.016
73
137.944
138.112
129.64
73.024
138.568
72.832
129.856
72.144
73
138.904
71.112
73.048
138.952
130.48
139.048
71.616
130.936
139.504
131.032
139.96
72.048
140.128
72.832
140.296
72.264
72.88
140.464
72.072
131.992
71.88
73.216
140.92
131.728
72.096
141.256
72.264
132.184
73.048
141.592
141.64
141.808
73.312
141.976
142.144
73.528
142.192
72.48
132.28
72.168
73.624
142.648
73.792
142.696
142.864
143.032
143.2
73.144
132.808
71.736
143.656
73
143.704
143.632
133.48
72.048
144.088
144.256
72.88
144.424
144.472
73.096
144.64
133.648
72.216
73.192
145.096
73.24
145.264
73.408
134.032
145.36
72.288
73.264
145.528
134.536
72.624
145.864
146.032
72.96
135.04
72.888
146.368
73.056
73.792
146.536
73.224
146.344
73.392
146.392
73.44
146.56
146.488
146.656
73.344
135.424
74.368
146.992
74.416
135.76
147.448
74.016
147.616
74.064
74.68
147.664
73.992
74.848
136.432
74.16
148.12
147.808
74.376
136.696
148.264
74.712
148.432
148
148.168
74.856
148.336
75.76
148.504
75.072
75.688
148.672
148.84
75.408
148.768
75.576
148.936
76.24
149.104
148.912
149.08
76.744
149.128
149.176
149.344
149.512
149.68
149.488
77.152
138.016
76.104
77.32
149.824
76.032
77.008
138.232
150.28
150.328
150.496
77.2
138.784
150.712
138.76
76.368
77.464
150.928
76.416
139.216
76.464
77.2
151.384
76.632
151.552
151.72
151.408
151.576
77.32
151.744
77.368
151.912
139.72
152.248
152.416
139.984
152.632
77.776
140.44
77.944
152.728
152.776
141.064
76.872
78.088
152.992
141.4
78.064
153.448
153.616
153.784
153.712
77.656
153.88
77.088
154.048
154.216
77.184
77.92
154.024
142.432
78.016
154.36
142.888
77.616
154.336
143.104
77.352
154.792
154.96
143.608
77.856
155.296
78.52
154.984
78.192
78.688
144.232
155.44
79.024
155.368
144.856
79.36
155.704
79.528
145.312
156.16
79.248
79.864
145.768
79.912
156.616
80.08
156.784
156.712
79.08
79.936
156.88
79.248
79.984
146.248
157.096
156.904
156.832
79.68
157
80.464
157.168
80.016
146.656
157.384
80.848
157.552
79.68
147.28
80.824
158.008
80.872
147.616
158.344
158.512
158.44
158.608
81.352
158.536
80.664
158.704
80.832
158.872
80.88
81.616
159.04
147.808
159.256
159.424
81.928
148.312
159.88
148.648
82.192
160.336
160.264
160.432
149.32
82.128
160.648
160.696
160.624
150.112
161.08
161.248
160.816
82.704
83.44
160.504
160.672
160.84
160.648
83.872
160.696
83.92
160.624
84.088
149.272
83.28
161.08
84.184
161.128
83.496
160.336
160.504
84.328
160.432
83.04
149.8
84.664
160.768
83.992
150.136
160.624
160.792
160.96
150.808
161.416
84.28
161.584
83.472
161.752
83.64
84.256
151.6
161.848
161.896
152.224
162.352
83.52
162.4
85.024
162.448
84.952
152.416
162.784
162.952
84.36
152.8
85.024
163.168
153.256
84.864
163.624
85.528
163.792
153.88
85.368
164.248
86.032
164.416
85.464
86.2
164.464
85.512
154.672
86.536
164.68
164.608
85.896
164.656
86.56
164.104
86.728
154.792
164.56
164.728
164.776
87.16
164.944
165.112
87.016
165.04
86.088
155.368
87.112
165.496
86.064
165.664
86.232
165.832
87.136
166
86.208
166.168
166.216
86.184
166.384
166.552
86.4
87.016
156.4
167.008
166.936
157.024
86.472
87.448
167.152
86.64
167.32
157.648
86.856
167.776
87.024
158.104
87.688
168.232
168.4
86.808
158.488
86.856
168.496
168.664
158.992
169
169.168
87.112
159.616
87.16
169.504
86.712
87.328
169.552
86.76
87.496
169.48
168.808
168.856
160.624
87.808
169.312
161.08
87.288
87.784
169.648
87.456
169.816
88.12
169.864
161.392
170.2
88.008
169.408
88.056
88.792
169.576
162.184
170.032
170.2
88.248
88.984
170.128
170.296
89.2
170.464
88.752
170.512
88.8
163.24
170.488
163.696
170.824
170.992
90.136
171.16
89.328
171.328
163.696
90.16
171.664
171.832
88.92
90.256
164.32
89.824
171.808
171.976
171.784
90.088
171.232
89.776
171.4
165.328
171.496
90.04
165.544
171.232
89.896
171.04
171.208
166.336
89.784
171.544
166.672
172
171.328
171.136
91
170.824
91.048
166.672
90.48
171.28
90.648
171.448
91.312
171.616
171.784
167.272
172.24
90.888
91.504
172.408
90.696
91.672
172.576
91.84
171.784
171.832
167.92
91.864
172.288
171.976
91.96
171.904
92.128
168.712
91.936
172.12
169.168
91.432
172.576
90.984
91.6
172.744
91.032
91.648
169.672
91.2
173.2
169.888
91.536
173.656
91.704
173.824
173.992
174.04
91.608
174.088
170.176
92.68
174.304
91.632
174.352
92.656
174.52
92.584
169.768
174.736
92.8
170.224
175.192
91.92
92.536
174.4
91.848
92.704
170.848
91.896
92.752
174.736
92.064
174.904
174.952
92.28
175
175.168
92.616
93.112
175.336
175.264
92.472
175.312
92.64
175.48
91.848
93.424
175.408
175.576
175.744
171.712
176.2
176.368
172.216
176.824
92.472
176.992
92.4
93.136
177.16
93.304
177.328
177.496
172.024
93.448
177.352
93.376
177.4
92.688
93.544
172.408
177.496
92.904
177.544
172.672
178
178.168
93.456
94.072
172.696
93.624
94.24
178.504
172.912
93.72
178.96
93.768
179.128
179.056
178.984
173.392
94.936
179.32
179.248
95.032
179.296
179.224
179.392
94.936
179.56
173.608
180.016
95.2
174.064
95.368
180.352
94.32
180.52
95.464
174.688
180.976
94.224
181.144
95.488
181.192
95.176
181.36
94.488
181.408
94.296
181.456
181.504
181.672
181.84
94.368
95.344
181.768
95.392
181.936
95.32
182.104
94.272
176.032
95.056
182.56
94.368
95.224
182.728
94.536
182.656
94.704
182.824
182.872
182.8
182.848
177.016
96.04
183.304
183.232
95.76
177.64
95.928
183.448
183.616
95.904
183.784
183.832
96.12
183.88
178.288
96.952
184.336
184.504
96.072
184.672
184
96.288
97.264
184.168
183.856
97.12
179.464
96.312
184.192
97.456
179.68
184.648
180.136
96.744
184.984
96.552
97.528
180.472
97.696
185.32
96.768
180.928
96.936
185.776
97.104
97.6
185.344
185.392
96.96
185.56
97.128
181.168
98.032
185.776
185.464
185.512
185.68
98.344
181.768
185.896
97.344
98.2
182.104
97.512
185.632
98.416
185.68
182.488
186.136
98.56
186.064
185.992
97.92
185.92
98.944
186.088
98.992
186.256
98.184
186.424
98.352
99.088
186.472
99.016
182.56
98.688
186.808
98.616
182.776
187.144
183.112
187.6
99.544
183.568
99.096
99.712
187.696
99.264
99.88
184.024
99.312
188.032
99.36
188.08
188.128
184.816
188.584
185.272
99.72
100.696
189.04
189.208
100.792
185.296
189.424
100.152
100.768
189.472
189.4
100.248
185.608
189.856
101.08
185.464
100.512
190.312
101.416
190.48
100.728
185.848
190.816
101.064
186.184
191.152
101.896
191.32
101.448
191.368
101.616
191.536
191.584
101.352
187.072
101.52
191.2
101.688
102.544
187.408
191.656
101.784
187.864
101.952
192.112
102.856
192.16
188.128
192.616
103.12
192.664
102.792
103.288
192.712
103.456
192.88
103.008
193.048
192.976
103.84
193.144
193.312
104.176
193.48
104.344
189.568
193.936
103.584
193.984
194.032
103.44
104.416
194.08
193.888
194.056
193.864
104.488
190.192
194.08
104.584
194.128
194.296
190.864
104.728
194.632
103.68
104.776
194.8
191.368
104.992
195.256
194.224
103.512
104.848
194.032
194.2
103.488
104.344
194.368
194.536
194.584
191.872
103.56
194.92
104.824
192.328
195.256
103.464
192.784
195.352
103.56
104.416
195.28
103.488
193.408
195.376
103.344
193.744
103.272
195.832
104.296
196
196.048
196.096
102.984
104.2
196.264
196.432
103.32
104.056
194.56
103.488
196.168
104.152
195.016
103.704
196.504
196.552
104.536
195.4
196.768
195.736
197.104
105.088
196.192
105.256
197.2
104.328
105.424
196.648
105.592
197.656
104.544
105.4
196.984
197.872
197.44
197.968
197.776
105.76
197.944
105.448
198.112
105.616
198.28
104.808
198.328
105.472
198.736
104.784
198.664
198.712
199.12
198.808
105.096
199.456
106
199.024
199.072
199
105.904
199.168
105.456
106.072
199.216
200.344
199.312
199.48
200.848
106.056
199.936
200.104
106.032
200.272
200.44
106.248
200.608
106.176
200.656
200.584
200.992
201.04
107.104
201.208
106.296
201.256
106.464
106.96
201.664
106.632
107.128
201.712
201.76
202.168
106.896
201.976
202.384
107.728
202.432
202.6
106.608
107.944
202.648
107.632
202.816
106.584
107.8
202.744
202.552
203.2
203.008
106.176
203.656
106.104
107.32
203.344
107.368
203.512
203.68
203.848
106.416
107.272
203.776
106.464
107.08
204.304
106.512
107.248
204.232
106.44
203.2
106.608
203.368
106.776
204.856
106.944
203.704
203.752
107.16
203.56
205.648
107.136
107.992
204.016
203.824
108.208
203.992
107.64
204.16
204.208
108.472
204.256
107.784
204.424
108.688
204.352
108.856
204.52
107.808
204.568
204.616
207.064
204.952
108.856
207.52
107.448
108.904
205.408
107.616
205.336
107.784
207.784
107.712
205.672
107.88
205.84
108.048
208.048
206.176
107.904
206.344
208.432
108
108.976
206.8
206.608
206.656
206.704
109.168
206.872
208.96
107.568
109.264
207.208
108.832
207.256
108.4
207.184
206.992
209.32
207.448
109.072
207.616
108.144
207.784
108.928
209.632
208.12
108.648
209.968
109.312
208.576
208.504
108.912
208.552
208.72
109.984
208.888
209.056
109.72
210.544
209.512
210.76
110.224
209.968
109.536
210.136
210.304
110.488
210.352
109.56
210.76
110.584
210.688
210.496
210.424
210.472
211.24
210.688
210.856
111.28
211.024
111.448
210.232
211.96
111.784
210.568
111.952
210.616
112.12
212.224
112.288
211.072
211
111.288
112.264
211.048
111.456
112.192
210.736
213.184
210.712
210.76
111.288
213.808
211.216
112.36
211.384
211.312
112.336
211.48
112.144
214.288
111.576
112.312
211.816
111.744
112.36
211.984
112.408
212.152
111.84
214.84
212.608
215.296
213.064
113.008
212.992
213.16
112.368
215.968
112.296
113.152
213.376
112.464
113.2
213.544
216.592
214
216.928
113.016
214.456
113.8
214.384
113.112
113.848
214.432
113.04
214.48
214.528
113.256
216.856
214.984
114.208
215.152
214.96
114.424
214.648
217.096
114.16
214.864
217.432
214.96
215.128
217.816
113.664
215.224
114.448
215.272
114.616
218.08
113.808
215.728
113.856
114.712
218.536
114.64
216.184
218.872
216.28
114.528
115.024
219.328
216.616
114.264
115.36
219.784
114.432
217.072
115.456
217.24
220.288
217.336
115.48
217.504
115.648
217.432
115.576
220.96
115.744
217.888
221.416
218.344
115.152
218.272
218.44
115.984
218.608
222.016
219.064
116.368
219.232
219.4
219.568
115.656
116.392
219.496
116.32
219.304
218.752
222.64
115.728
219.208
115.776
116.992
219.376
219.424
115.512
219.592
223
219.928
219.976
220.144
220.192
116.056
223
114.408
115.984
220.408
220.576
115.36
220.744
220.912
114
115.216
223.84
114.168
115.024
221.368
221.176
221.104
224.632
114.12
221.56
115.144
221.608
114.336
115.312
221.536
221.224
221.392
114.24
221.56
221.608
224.416
114.264
221.824
221.992
115.336
222.16
222.328
222.496
222.664
115.648
222.832
114.12
223
115.264
222.808
113.976
115.192
222.976
113.904
225.784
114.928
223.312
223.36
223.528
223.696
114.504
115.24
223.384
114.672
115.168
223.552
115.336
225.64
223.888
114.936
226.096
224.224
114.672
115.888
226.312
224.68
115.008
115.504
226.648
224.656
115.224
115.84
226.744
225.112
225.28
225.328
116.392
224.896
116.44
224.824
115.872
224.872
116.04
224.92
116.088
116.704
224.848
227.776
225.304
228.232
117.136
225.52
116.568
225.688
117.232
228.376
116.664
117.4
226.144
226.312
117
117.496
226.24
117.048
226.288
229.336
117.144
226.504
226.312
226.48
229.888
118.192
226.816
117.504
226.984
118.288
227.032
118.336
227.2
230.368
118.056
118.672
227.416
227.584
118.888
230.512
228.04
118.008
230.968
228.496
228.544
231.352
228.88
231.808
119.152
229.336
229.144
118.152
119.368
229.312
118.08
232.48
229.768
229.816
118.224
232.624
119.128
230.152
119.056
230.2
118.008
230.368
230.416
118.104
230.464
232.672
230.92
118.488
233.128
118.656
119.272
231.376
231.544
118.992
231.472
231.52
119.328
119.824
231.688
119.496
231.016
119.064
120.16
230.584
119.232
230.752
230.8
230.848
119.616
233.296
230.944
120.448
231.112
231.16
120.784
231.208
120.096
120.952
234.256
120.144
121
231.664
231.832
234.88
232.168
121.192
235.216
121.36
232.264
120.912
235.672
121.08
121.696
232.72
236.128
233.176
121.464
233.224
122.248
233.272
122.416
236.68
233.368
122.632
233.416
122.064
122.8
233.584
122.112
122.968
233.752
237.4
122.328
234.088
237.616
123.28
234.064
234.232
122.64
234.28
234.448
234.376
234.304
237.952
122.52
234.76
122.568
234.928
238.336
122.664
235.264
235.312
123.616
235.24
122.808
235.408
122.736
235.336
122.904
235.384
235.192
122.52
235.24
235.408
235.336
122.064
235.504
235.072
122.16
239.44
235.528
122.992
235.576
239.704
122.592
236.032
123.376
235.72
240.088
122.376
235.936
235.984
235.792
122.64
235.96
235.888
122.856
240.736
236.344
123.688
241.192
236.68
123.288
124.024
236.488
123.456
124.192
236.536
123.624
124.36
236.704
236.512
123.84
236.68
123.768
236.608
236.296
242.224
236.272
123.36
236.44
123.408
236.488
123.576
124.192
236.656
236.824
123.912
236.512
124.08
243.04
124.744
236.968
124.416
236.296
235.744
125.248
235.912
236.08
243.808
124.896
236.536
125.064
125.56
236.704
244.192
125.16
236.8
125.328
236.968
126.112
237.016
125.064
237.184
244.792
126.376
237.52
245.248
237.856
238.024
125.472
126.328
237.832
238
238.168
245.776
126.64
238.384
125.952
126.568
238.312
126.616
246.28
126.784
238.648
238.816
126.384
238.984
126.552
127.168
239.152
247.12
239.368
247.576
127.104
239.704
239.872
240.04
240.208
128.032
240.376
240.544
128.248
240.472
127.08
240.64
128.344
240.688
240.496
127.464
240.664
240.832
241
249.208
241.456
128.184
241.384
241.432
241.6
241.768
241.816
129.04
250.384
242.032
128.4
250.84
128.448
129.304
242.488
250.696
128.544
242.824
242.992
129.376
243.04
251.248
128.616
129.712
243.496
243.664
128.712
243.712
251.44
129.784
244.048
244.216
252.064
129.688
244.552
129.496
252.16
128.688
129.544
245.008
245.056
245.224
252.832
245.56
129.408
130.024
245.728
129.456
245.776
245.944
129.552
253.072
245.92
129.528
245.728
245.296
130.72
252.904
245.752
245.92
253.408
130.552
246.256
246.424
130.888
253.432
129.84
131.056
246.64
129.528
131.224
246.568
129.576
253.936
246.904
129.312
247.072
247.24
130.384
254.248
247.696
130.48
247.624
247.792
129.84
130.696
247.84
130.624
248.008
130.792
247.816
130.224
247.984
254.032
131.056
248.32
248.248
130.296
131.272
248.176
130.464
131.32
248.344
131.248
248.392
248.56
248.728
131.272
248.656
131.32
255.064
131.488
248.512
131.176
255.4
130.984
248.728
248.776
130.96
248.944
128.352
131.128
249.112
128.52
131.176
249.04
128.688
129.184
248.968
249.136
256.264
128.832
249.472
249.64
256.768
249.976
250.144
129.192
250.312
250.48
256.888
250.096
130.24
250.264
129.792
257.272
129.96
130.576
250.48
129.768
250.528
129.816
257.656
129.744
250.984
251.152
129.96
258.16
251.608
130.056
130.912
251.536
258.664
251.992
252.16
131.224
252.208
252.376
131.56
258.904
129.552
252.832
259.36
129.648
130.984
253.048
253.216
130.48
259.984
129.552
253.672
130.696
260.44
129.648
130.624
254.128
260.776
254.584
129.672
261.232
130.696
254.8
129.888
130.624
254.848
261.376
130.84
255.304
130.152
255.472
130.816
261.88
130.984
255.808
130.296
255.976
130.464
255.904
130.632
131.128
256.072
261.88
130.608
256.528
256.336
130.704
131.44
256.384
256.432
130.92
131.536
256.6
256.288
130.776
131.872
263.176
256.504
256.552
256.72
256.408
131.872
256.336
131.56
256.504
131.608
256.312
263.08
256.768
131.872
256.936
131.544
132.04
263.104
132.208
257.392
132.376
257.44
257.488
131.736
132.712
257.536
257.704
132.688
257.752
132.12
257.92
132.904
258.088
132.216
132.952
258.136
258.304
133.048
258.472
258.28
258.448
258.256
133.48
258.424
133.048
258.472
132.6
133.216
258.64
132.648
133.384
258.688
132.816
258.736
264.544
133.032
258.832
259
132.888
259.048
133.056
259.216
133.104
259.384
259.552
265.48
133.008
260.008
134.272
265.936
132.864
260.344
132.912
260.512
133.08
133.936
260.68
133.248
260.848
133.416
265.936
261.304
266.032
133.8
261.16
134.584
261.208
133.656
261.376
133.704
261.544
133.872
261.472
134.04
260.92
261.088
261.136
134.064
261.304
134.848
266.632
134.896
261.76
261.448
134.752
261.376
134.8
267.304
134.472
261.712
135.136
261.76
261.808
261.856
134.664
262.024
135.568
266.992
135.736
262.36
267.448
134.616
261.496
135.4
261.544
267.952
262
135.784
262.048
268.216
136
262.504
262.552
262.6
135.288
268.888
262.816
136.12
262.864
269.512
263.32
135.168
263.368
136.672
263.536
135.384
136.84
263.584
135.432
269.872
135.48
136.216
264.04
270.328
135.816
264.376
264.424
270.832
264.88
135.888
271.288
136.672
265.336
136.72
265.264
265.312
265.12
136.864
271.768
134.976
136.792
265.456
136.12
265.144
136.168
272.032
265.6
135.664
272.488
135.832
266.056
136
272.944
266.392
273.4
136.024
266.608
266.776
266.464
136.048
274.192
266.68
136.264
266.848
266.776
135.264
266.944
136.168
266.872
135.6
275.2
135.408
267.088
135.336
136.432
267.256
267.424
275.392
135.72
267.88
267.928
267.976
275.944
268.432
276.16
137.224
268.768
268.816
137.32
268.624
268.792
136.32
137.416
268.72
136.488
268.768
268.816
268.984
136.872
268.912
137.656
268.48
137.824
276.808
268.936
268.984
137.728
269.152
277.48
269.608
136.176
277.936
269.824
269.752
269.92
269.848
269.896
136.584
137.32
269.944
136.752
137.368
278.512
270.16
136.848
270.328
136.776
270.256
136.584
137.92
270.184
279.112
270.52
136.128
270.688
270.856
270.784
136.152
270.952
136.2
270.52
279.568
270.976
271.144
279.832
271.6
136.728
137.584
280.168
136.896
137.632
272.056
137.68
280.504
272.272
280.96
272.608
137.376
281.416
137.544
273.064
138.208
273.232
273.28
137.688
273.448
138.472
273.496
138.52
273.544
138.192
273.592
138.856
273.76
139.024
273.928
282.376
138.76
274.384
138.568
274.552
274.72
138.424
274.768
274.936
138.024
274.984
138.808
275.152
275.32
275.488
138.832
275.656
283.264
139.168
276.112
283.6
276.448
283.936
276.904
139.048
284.392
277.24
138.528
139.264
277.288
138.576
277.456
284.824
277.912
138.36
277.96
139.384
285.328
139.312
278.416
285.424
278.872
139.576
278.92
139.624
278.968
138.216
139.672
285.976
279.424
138.192
139.408
279.352
138.24
286.6
138.408
279.688
138.456
279.856
286.624
138.552
280.072
280.24
138.648
139.384
280.408
138.576
286.936
280.624
280.552
287.2
281.008
287.536
139.6
281.344
139.288
281.512
138.48
281.68
286.648
138.696
281.896
282.064
138.672
282.112
282.28
139.504
282.328
138.576
286.576
139.6
282.424
138.912
282.592
138.96
282.76
139.744
287.008
283.096
283.264
139.272
140.008
283.432
283.48
287.368
138.936
283.936
140.32
283.984
139.768
287.872
284.44
140.104
288.088
140.272
284.776
284.944
139.392
288.352
285.4
285.448
285.496
139.824
140.44
288.544
139.752
285.952
139.56
289
286.048
286.216
289.264
286.192
140.656
286.12
140.208
286.168
140.376
286.336
141.04
286.504
139.992
286.672
139.8
286.84
141.424
289.168
286.816
286.624
139.992
286.672
140.04
140.776
286.84
286.408
286.456
140.304
290.104
141.208
286.672
140.4
286.84
286.648
286.816
286.504
141.448
286.432
286.6
290.728
286.936
141.52
286.984
140.952
287.152
141.856
287.08
291.328
287.176
142
291.784
142.168
287.032
141.6
287.2
142.264
287.368
142.432
287.416
287.584
142.768
287.752
141.96
142.816
292.84
142.008
288.088
288.256
288.424
288.112
142.816
288.16
288.208
142.416
293.656
142.584
288.664
288.832
288.88
294.328
143.016
143.752
289.336
143.8
289.384
143.848
289.552
294.52
144.184
289.888
143.736
144.352
289.936
290.104
144.688
290.032
290.2
142.968
295.408
143.136
144.712
290.656
144.04
290.584
290.752
296.2
144.304
291.208
296.656
143.304
291.424
296.752
143.52
291.88
291.808
143.616
144.472
296.656
291.304
144.688
297.112
143.64
291.76
291.928
297.736
292.384
144.192
292.552
298.12
292.768
144.576
298.216
292.624
144.792
145.408
292.672
292.72
144.288
145.744
292.768
144.456
292.816
144.144
292.384
298.312
292.36
144.408
298.768
144.456
292.336
292.504
144.672
299.032
292.72
144.888
145.504
292.648
145.056
292.456
145.84
299.464
144.912
292.912
293.08
293.008
293.176
146.08
293.104
293.272
146.416
293.44
145.968
293.608
293.776
293.944
300.712
147.016
294.04
294.088
147.352
294.136
146.784
147.52
294.064
147.688
294.232
146.88
294.28
301.768
147.096
147.712
294.616
294.784
147.192
148.048
294.712
294.88
147.288
295.048
302.536
147.624
148.24
295.504
295.552
147.96
303.16
296.008
148.176
295.936
148.224
296.104
148.392
296.272
296.32
148.608
296.488
148.296
296.656
148.464
296.824
296.992
304.48
297.328
148.776
149.392
297.496
149.56
297.424
297.232
297.28
149.584
305.368
149.752
297.736
305.824
149.232
149.968
298.192
305.92
298.648
298.696
150.4
306.304
150.448
299.032
149.88
150.616
306.76
299.128
150.832
306.496
299.584
150.808
306.952
150.12
150.856
299.92
299.488
150.096
299.656
299.464
150.312
299.392
307.72
299.848
307.936
300.184
300.352
151.696
300.4
150.768
151.864
300.568
150.696
308.056
150.504
151.84
301.024
150.672
301.192
308.44
301.648
308.536
151.344
302.104
151.272
152.008
302.152
151.2
302.08
301.168
151.176
308.536
151.224
301.624
151.272
301.792
151.44
309.16
151.608
301.768
151.656
301.816
309.184
151.872
302.032
152.04
309.52
302.368
152.376
302.536
310.024
153.208
302.992
152.4
310.48
303.448
151.776
303.496
303.544
152.112
303.352
152.28
303.4
152.944
303.568
303.496
152.544
303.664
303.712
152.64
303.4
311.728
152.856
303.736
303.544
153.192
153.688
303.232
312.04
154.024
303.688
311.776
153.744
303.904
303.832
304
304.048
304.096
304.264
153.672
304.432
304.6
304.408
304.216
154.72
313.504
304.312
155.056
313.96
154.488
304.768
155.272
304.936
155.32
314.224
305.392
155.536
305.2
154.368
305.368
154.416
305.296
154.584
305.464
154.752
305.392
154.8
305.44
154.848
305.608
314.896
305.584
154.992
315.232
155.16
156.016
306.04
155.944
306.208
315.856
306.544
155.592
316.192
155.76
156.256
307
155.568
156.424
306.928
155.496
307.096
307.144
155.592
307.312
307.48
156.544
307.408
317.056
307.864
308.032
156.736
317.44
156.184
308.368
155.496
308.416
308.344
156.328
318.112
308.8
155.928
156.664
318.568
156.832
308.776
319.024
308.992
156.12
156.736
309.04
156.288
309.088
156.456
319.576
309.304
156.672
309.472
320.08
157.624
309.928
309.976
157.72
320.344
157.392
310.192
310.36
320.488
310.816
157.584
320.944
158.488
310.672
158.536
310.72
321.448
157.776
311.176
157.704
158.56
321.904
158.728
311.632
158.04
322.24
312.088
322.696
312.544
312.592
322.84
157.488
313.048
313.216
157.704
323.464
313.672
158.656
323.68
314.008
158.872
314.056
324.064
158.112
158.968
314.512
159.136
314.68
314.728
314.896
157.944
159.28
314.704
314.752
158.16
158.776
325
315.208
325.096
158.424
315.424
158.592
159.328
315.472
158.76
315.28
158.328
315.328
158.376
325.216
315.664
315.832
315.88
315.808
159.096
159.592
325.576
159.76
316.264
159.928
326.032
159.24
316.72
159.408
160.024
316.768
326.416
316.984
317.152
160.096
327.04
160.144
317.608
159.336
160.312
327.376
159.384
318.064
318.112
159.72
318.28
159.528
327.928
318.736
318.784
159.912
318.832
160.576
319
328.288
319.216
328.744
160.272
161.008
319.552
319.72
161.344
329.008
320.176
320.344
159.792
161.248
320.512
320.68
161.464
329.848
321.136
159.864
321.304
160.032
160.648
321.472
160.696
321.64
321.808
321.976
159.744
160.96
322.144
159.792
329.512
161.056
322.6
322.768
322.936
160.96
323.104
161.008
323.272
161.176
330.04
160.128
161.344
323.128
161.512
323.296
323.344
323.392
161.176
323.56
160.128
161.344
323.608
160.056
323.776
160.224
323.464
160.392
323.152
323.08
160.488
323.248
160.656
323.416
323.464
160.872
330.472
323.8
323.968
323.896
161.064
323.944
323.992
323.68
161.568
323.848
323.896
329.584
324.352
162.736
329.8
162.288
162.904
324.808
163.072
324.976
162.624
163.12
330.064
162.792
325.432
163.456
330.28
325.768
330.736
326.224
331.192
163.32
326.56
326.728
163.656
326.896
331.864
163.512
327.352
327.52
164.344
332.488
163.776
327.856
328.024
327.952
328
164.944
328.168
164.992
328.216
163.704
164.56
328.384
163.872
164.728
328.312
163.56
333.04
163.608
328.768
328.816
328.864
333.712
164.656
329.32
164.464
329.368
334.096
164.68
329.584
164.848
333.952
163.8
329.92
165.184
330.088
164.872
329.896
164.184
329.944
163.992
330.112
164.04
329.8
164.088
329.968
164.256
330.136
164.184
333.904
330.352
330.52
330.328
330.376
165.28
330.544
330.712
165.256
330.76
330.808
164.016
165.232
330.856
164.064
330.904
334.672
331.36
163.488
331.528
163.416
331.696
164.8
331.744
331.792
331.72
164.584
331.168
331.336
331.504
164.968
331.432
163.92
164.416
331.36
335.488
164.136
331.576
331.744
164.112
335.872
331.84
164.448
332.008
331.936
165.28
332.104
335.992
164.64
165.616
332.56
336.448
165.592
333.016
164.904
333.184
165.688
332.992
165.12
332.92
165.288
332.728
166.072
332.656
332.824
165.672
337.432
165.84
333.28
333.448
165.936
333.376
166.104
333.304
166.888
333.472
166.44
333.52
333.688
167.272
333.856
338.584
166.872
167.608
334.192
338.8
167.208
167.704
334.648
334.696
168.04
334.864
334.912
334.48
339.208
167.016
168.232
334.696
167.184
334.864
335.032
335.2
340.048
168.232
335.416
168.4
335.224
340.552
168.736
335.68
167.328
168.544
335.848
167.496
168.352
335.896
335.824
335.992
166.8
340.84
167.824
336.448
336.616
166.944
336.664
336.232
167.776
336.28
336.208
336.376
167.304
336.424
167.472
167.968
336.592
341.56
337.048
337.216
341.704
168.808
337.552
168.36
337.6
169.024
337.288
337.216
168.264
337.264
337.432
168.6
169.216
337.6
337.768
169.432
337.816
168.864
337.504
169.032
169.768
342.472
169.816
337.6
337.768
343.096
168.264
338.224
168.432
338.392
168.36
169.216
343.6
338.848
168.216
339.016
339.184
169.048
339.232
343.72
169.264
339.448
169.192
339.496
169.36
344.104
339.592
168.36
169.696
339.64
339.808
169.192
344.896
340.264
168.672
340.312
169.456
345.4
169.504
340.528
345.736
169.72
340.984
168.912
169.648
345.712
169.696
341.32
346.048
341.656
170.08
341.824
169.752
170.248
341.872
346.84
169.848
342.328
347.176
170.8
342.784
342.952
169.92
170.776
343.12
170.704
343.288
343.456
343.504
343.552
171.256
343.72
170.568
171.424
347.608
171.472
344.176
344.224
348.112
171.24
344.68
171.408
171.904
344.848
345.016
344.824
348.352
172.336
345.16
171.288
345.328
345.496
171.504
172.6
345.424
345.592
171.84
345.52
171.768
345.688
345.736
172.104
345.664
347.872
172.2
346.12
347.968
173.032
346.576
171.984
346.504
173.368
348.352
346.96
172.488
348.808
172.656
347.296
347.344
349.072
347.44
172.728
347.608
173.872
349.336
172.824
348.064
349.792
173.776
348.4
348.568
350.056
173.92
348.784
173.472
174.088
348.352
173.52
348.52
173.568
174.424
348.448
173.376
348.616
348.424
350.632
348.88
173.568
174.544
350.968
173.736
174.232
349.216
174.4
349.384
351.592
349.84
173.928
352.048
349.816
174.144
349.864
174.312
352.432
174.976
350.32
174.408
350.488
352.816
350.944
350.872
174.72
175.576
353.44
351.328
175.912
353.656
175.104
351.784
351.952
352.12
352.288
174.696
176.152
352.456
352.624
175.648
353.992
174.6
353.08
175.384
352.768
353.536
353.104
175.768
353.992
175.936
353.56
176.104
354.448
174.696
176.152
354.016
176.2
354.904
174.912
354.232
355.24
354.688
175.176
354.736
175.96
355.504
355.072
355.72
176.104
355.288
176.272
355.096
175.464
176.32
355.264
356.272
175.68
176.296
355.6
175.728
355.768
175.896
355.816
175.944
355.984
175.992
356.152
176.16
356.08
356.248
176.376
356.776
356.704
176.472
177.328
356.272
357.16
357.328
356.896
177.144
177.64
357.784
177.808
357.232
177.976
358.24
358.408
178.072
358.216
178.24
357.424
177.928
358.552
357.88
359.008
178.072
359.176
178.24
359.224
177.552
359.272
178.216
359.08
177.888
178.384
359.128
177.816
358.456
177.984
178.72
359.464
178.152
358.912
178.32
359.68
178.488
359.368
360.136
360.304
178.872
359.752
359.92
178.848
179.824
359.968
179.016
359.536
179.064
359.704
359.872
360.04
360.208
180.232
360.256
360.424
179.712
180.328
359.872
180.496
360.88
180.544
360.928
360.496
180.76
361.384
180.688
360.832
361.84
362.008
180.832
361.456
180.144
180.76
362.104
361.912
181.096
361.96
361.768
362.416
362.584
181.048
362.392
181.096
362.44
362.848
181.312
362.896
180.744
181.48
362.824
180.912
181.528
363.352
181.696
363.28
363.808
363.736
182.08
363.424
180.912
364.192
182.176
364.36
181.008
363.688
181.176
364.816
182.08
364.144
365.032
181.68
365.08
181.728
182.344
365.248
365.056
365.104
181.272
365.272
182.656
364.6
365.728
365.776
365.944
365.992
364.96
366.208
182.256
366.256
183.04
366.304
183.088
365.032
366.64
366.808
183.352
366.856
367.024
182.832
183.448
367.192
367.24
367.408
183.096
365.416
183.76
367.864
183.928
367.792
367.96
183.048
365.728
184.192
368.416
182.784
184.24
366.064
368.752
182.64
183.736
368.68
368.728
182.856
183.592
366.256
369.184
366.472
369.4
183.048
366.808
182.976
369.856
183.144
369.784
183.312
367.192
183.36
370.24
370.288
370.456
370.504
184.528
370.552
184.08
367.6
184.128
184.744
370.888
371.056
371.224
371.392
185.176
371.32
184.864
371.488
368.416
371.824
184.648
368.872
183.24
372.16
183.168
372.208
372.136
372.304
372.472
184.216
372.4
372.568
368.896
184.48
372.904
182.592
183.928
369.112
373.24
183.784
369.448
183.096
373.696
183.76
369.904
182.952
373.792
373.84
183.168
184.024
373.648
183.216
370.576
184.12
374.104
370.912
374.44
184.024
374.488
184.072
374.656
374.824
184.048
371.032
375.28
375.448
183.712
371.656
182.904
375.904
371.992
183
375.88
182.928
376.048
376.216
182.904
376.264
376.432
376.48
183.288
376.288
183.456
372.376
183.504
184.24
376.504
183.432
376.432
372.64
376.888
183.816
376.936
183.864
184.48
377.104
184.648
377.272
373.24
377.608
185.032
377.776
184.224
184.96
373.744
377.872
184.44
377.56
377.608
374.056
378.064
184.872
374.152
184.92
378.52
185.824
374.608
184.176
378.976
379.144
185.848
375.112
379.48
184.248
379.648
185.032
375.616
185.08
380.104
184.512
380.032
185.416
380.2
380.368
184.896
376.336
380.584
380.632
380.56
185.824
380.608
185.752
380.536
184.824
185.56
380.704
377.152
185.16
381.04
377.368
185.136
381.376
185.304
381.424
185.472
186.208
381.592
381.76
377.848
381.976
378.064
186.808
382.072
378.52
382.408
186.952
378.976
382.744
382.552
382.72
187.264
382.408
382.456
186.88
382.504
185.952
382.672
186.976
382.6
186.168
382.648
186.336
380.536
383.104
383.272
383.2
186.528
187.504
380.848
383.656
186.864
383.104
383.152
187.08
382.6
382.648
382.816
187.224
381.064
188.128
383.272
188.296
381.4
383.488
188.392
381.496
383.944
187.752
188.368
381.952
384.4
188.584
384.568
188.256
384.736
188.184
188.92
384.904
187.872
385.072
385.12
382.168
188.256
385.576
188.424
382.504
188.352
385.552
385.6
188.688
383.008
386.056
188.424
383.464
386.512
188.64
189.376
383.92
188.808
386.728
188.616
386.896
384.424
387.352
189
387.28
387.208
189.216
387.376
189.264
387.424
189.432
190.048
385.312
189.36
387.88
189.168
388.048
388.096
189.384
388.024
385.072
388
385.288
387.976
388.024
388.072
190.336
388.24
190.504
388.408
388.576
190.72
388.744
190.392
388.912
386.2
191.224
389.128
389.296
190.824
191.32
389.464
386.872
190.44
191.656
389.92
389.848
190.656
387.496
390.304
387.952
190.44
390.52
388.288
390.856
190.704
390.664
190.752
191.608
390.592
190.92
191.776
388.96
391.048
391.216
391.264
191.472
390.712
389.92
191.448
390.928
390.376
191.064
390.544
191.232
390.592
192.016
390.76
390.568
390.616
191.544
192.4
390.784
390.952
192.376
391
391.048
391.096
192.76
390.904
192.928
390.832
192.48
193.096
391.72
391.048
192.816
390.976
392.224
391.432
391.6
391.768
391.696
392.944
392.152
392.08
193.008
392.008
392.176
392.344
392.272
193.56
194.056
393.4
193.728
194.224
392.248
193.896
392.416
193.824
392.344
392.272
393.88
392.488
193.776
392.536
195.16
394.504
193.632
194.848
392.992
394.96
193.608
194.944
393.328
193.776
393.376
194.68
393.304
393.352
393.52
194.704
395.608
393.976
393.784
195.208
393.712
195.256
393.4
194.328
393.568
194.496
396.136
195.28
394.024
194.712
396.592
394.36
394.528
396.736
194.904
394.864
195.688
395.032
195.12
397.36
395.368
194.736
395.536
194.904
397.864
395.992
194.76
398.2
395.728
395.896
194.544
395.944
195.808
398.992
396.4
396.448
195.216
396.616
195.88
396.784
195.552
396.712
396.76
399.088
396.856
396.784
399.712
396.76
195.528
196.864
396.688
195.576
196.792
396.856
397.024
399.832
397.24
196.384
397.408
196.432
397.576
196.6
397.744
195.432
397.912
195.48
196.336
398.08
195.648
196.384
398.248
400.936
398.704
195.552
398.392
196.816
398.56
196.744
398.368
398.416
196.6
401.824
196.768
398.752
402.28
398.368
196.792
398.416
402.544
398.752
196.56
197.296
398.92
196.728
398.968
196.296
399.016
196.464
399.184
402.472
399.64
402.928
197.512
399.856
197.68
400.024
403.432
400.36
197.944
400.048
400.096
198.04
400.024
197.848
399.952
400.12
198.184
404.488
400.576
404.944
197.712
198.568
401.032
198.496
405.4
401.488
197.736
401.416
197.904
198.76
405.784
401.872
406
402.208
197.016
406.336
402.304
198.088
406.432
402.64
197.824
406.888
197.992
402.856
403.024
197.472
403.072
407.32
197.808
198.304
403.288
403.456
407.944
197.712
403.312
403.48
403.648
403.696
403.864
198.928
408.712
198.12
198.856
404.2
199.024
408.568
199.072
404.536
409.024
198.192
404.752
198.12
404.92
198.288
404.968
405.016
405.184
405.352
198.36
405.52
199.384
405.688
405.856
405.904
199.408
405.952
409.96
198.768
199.504
406.288
405.976
406.144
199.032
406.072
199.2
199.816
406.24
199.984
406.408
406.216
199.104
405.904
200.368
405.952
200.056
410.92
405.808
200.272
411.136
199.224
406.144
199.392
406.192
406.24
410.968
406.576
411.304
200.008
406.912
407.08
407.008
407.056
200.08
407.224
198.912
412.072
406.96
199.128
199.744
407.128
199.056
407.296
199.96
412.504
407.752
412.96
200.224
408.208
199.056
408.256
199.224
200.08
408.424
199.888
408.472
199.32
408.64
408.808
200.392
408.976
199.224
414.064
200.488
409.432
200.536
414.52
409.888
414.976
410.104
410.032
415.48
200.584
410.368
200.752
410.296
200.8
410.344
200.848
410.512
200.896
415.96
200.448
201.064
410.728
201.232
410.896
411.064
411.232
411.4
200.328
416.488
411.856
200.184
411.904
417.112
201.496
412
417.568
199.896
412.096
418.024
412.552
417.88
200.944
412.648
199.656
200.992
418.096
200.8
413.104
200.608
413.272
413.44
200.088
413.608
200.992
413.656
201.04
418.264
413.872
200.4
413.56
413.728
200.376
201.232
418.816
414.064
200.352
201.208
413.872
414.04
201.184
418.648
414.496
200.664
201.28
414.664
414.712
201.496
419.32
414.808
201.592
414.976
415.024
419.992
415.48
201.904
415.528
202.072
415.336
201.76
415.504
415.672
201.856
415.72
420.328
202.192
415.816
415.984
202.168
415.672
202.096
415.84
415.888
201.712
416.056
421.144
416.512
201.856
416.32
200.328
201.664
416.368
201.112
416.536
201.28
416.704
199.992
416.872
200.04
201.376
421.84
417.328
200.256
422.056
417.784
201.088
417.952
418
422.488
418.456
201.144
418.504
418.672
201
418.72
201.168
422.968
418.816
201.504
418.984
423.352
202.336
419.32
419.488
423.976
201.984
419.704
202.768
419.872
202.816
420.04
424.168
420.496
202.84
420.544
202.152
203.008
424.792
201.96
420.76
202.008
420.448
420.616
424.384
421.072
203.176
421.12
203.344
421.288
203.032
421.456
203.2
421.504
202.272
203.368
421.432
201.72
203.296
424.84
201.888
421.888
422.056
201.864
422.104
422.272
203.056
422.44
202.368
422.368
422.536
203.2
422.224
422.392
203.536
425.56
203.584
422.488
203.752
422.536
203.92
422.464
422.632
204.256
425.68
204.424
422.968
204.592
425.776
204.76
422.584
204.072
421.912
204.736
421.96
204.408
204.904
422.128
422.176
426.664
422.152
204.24
422.32
422.488
204.576
427.216
422.944
205.408
422.872
427.6
423.088
428.056
423.304
428.272
204.6
205.336
423.64
205.504
423.808
204.936
205.432
428.776
424.264
429.232
424.72
205.368
206.104
424.888
205.296
206.272
424.816
424.984
205.032
425.032
424.96
205.008
425.128
425.296
205.344
205.96
425.464
205.392
425.512
206.176
431.08
425.848
204.936
431.536
204.744
426.184
431.872
205.08
426.64
205.248
432.088
205.416
427.096
205.344
432.424
427.432
205.32
427
205.368
433.048
206.272
427.456
205.704
427.624
427.792
427.84
433.408
206.872
428.296
433.864
428.632
428.44
206.808
428.608
428.776
207.64
428.824
428.872
434.08
208.144
429.088
207.696
429.256
207.624
429.184
207.672
208.528
429.352
207.84
429.28
429.448
207.696
429.616
434.224
429.952
430
430.168
208.312
435.016
430.504
207.432
208.408
430.672
207.6
208.336
430.72
430.888
207.936
435.136
431.224
435.592
431.68
208.128
209.104
431.728
208.176
431.776
208.96
431.944
432.112
432.16
209.344
432.328
436.216
209.68
432.664
432.832
208.936
436.6
433.288
433.456
436.744
209.368
433.792
433.96
209.584
436.888
209.752
433.936
209.8
437.104
209.968
434.272
209.4
210.136
434.44
209.568
210.184
434.608
209.736
210.352
437.176
435.064
435.232
435.4
209.808
210.544
435.088
209.496
210.712
435.016
210.64
437.344
209.832
435.472
209.76
437.8
210.664
435.808
435.376
435.544
209.592
210.688
437.752
209.76
210.496
436
210.424
438.208
436.336
436.384
210.928
438.712
210
436.72
209.928
211.144
436.528
210.096
439.096
436.504
436.432
436.48
210.048
210.544
435.928
436.096
210.88
440.104
436.072
209.88
211.216
436.24
436.288
210.712
436.456
440.344
211.048
436.672
210.72
436.84
210.888
436.888
437.056
437.224
210.912
441.352
211.08
437.68
210.888
211.864
441.808
437.776
437.464
210.432
437.632
211.816
437.8
437.848
438.016
438.184
211.048
438.232
210
210.736
438.4
210.904
443.248
209.256
210.952
438.856
438.664
208.992
438.832
439
209.824
439.168
209.256
443.896
210.16
439.624
210.328
444.112
440.08
440.248
209.616
210.592
444.496
209.784
210.76
440.584
209.952
210.688
444.472
441.04
210.168
441.088
210.336
441.136
211.12
441.304
210.552
441.472
445.48
441.568
441.736
211.48
441.784
210.312
211.288
441.952
445.36
210.168
211.384
441.568
210.336
441.256
211.36
441.424
210.432
441.472
445.24
441.928
441.976
210.264
211.6
445.384
211.768
441.952
211.696
442
441.928
210.456
445.936
442.264
446.152
442.72
442.888
211.792
446.776
210.984
443.344
443.512
443.56
447.568
444.016
212.2
444.184
211.032
212.008
448.072
210.84
212.056
444.64
211.984
444.808
448.696
211.344
445.144
212.008
445.072
212.176
449.08
445.528
211.656
212.512
445.576
212.68
445.744
211.872
445.912
446.08
211.968
212.704
446.008
446.056
446.224
445.912
450.16
212.584
446.368
212.752
450.016
446.824
212.488
446.992
212.656
447.16
447.208
212.256
212.872
447.376
212.92
447.304
447.352
447.4
212.688
447.328
213.472
447.376
450.184
447.832
447.88
213.168
450.208
213.832
448.216
214
447.544
447.592
450.64
212.928
214.504
447.928
448.096
448.144
212.952
448.312
214.096
448.36
213.168
447.928
213.336
447.976
213.504
451.264
213.312
448.432
213.48
447.76
447.928
213.816
447.976
452.224
214.032
448.192
452.68
214.368
214.864
448.528
448.696
215.2
448.864
449.032
215.416
449.08
214.848
448.768
215.512
453.136
215.68
449.224
449.032
453.76
449.488
215.512
449.296
214.584
449.344
449.512
215.416
454.36
214.968
449.968
450.136
454.984
450.592
216.136
450.04
215.448
216.304
455.608
450.376
450.424
450.592
450.76
456.208
216.592
451.096
456.664
216.312
216.928
451.432
217.096
451.48
451.648
456.736
217.48
451.504
217.528
451.552
457.36
217.744
451.888
217.552
451.936
452.104
217.408
457.912
217.576
452.56
452.488
452.656
452.824
452.992
458.68
217.128
452.968
217.792
453.016
217.224
217.96
458.704
453.472
217.44
459.16
453.928
453.736
217.944
453.424
217.872
459.952
218.04
218.776
453.88
218.208
453.568
460.336
454.024
454.192
219.376
454.24
218.568
454.048
460.456
219.64
454.384
454.552
454.72
218.448
461.248
218.496
219.712
455.176
455.344
455.392
455.56
455.608
219.216
455.656
219.384
219.88
455.824
220.048
455.992
456.16
456.088
219.096
455.776
219.88
462.064
456.112
218.76
462.16
220.264
456.448
218.976
462.616
456.784
219.928
456.952
219.24
457.12
220.024
457.288
218.856
457.456
218.904
463.624
457.912
218.88
457.84
218.928
457.888
464.176
458.104
458.152
219.48
458.32
464.488
458.536
219.744
464.944
458.872
459.04
219.888
459.088
219.936
220.672
465.016
219.864
459.304
459.232
459.16
459.208
220.056
465.136
220.224
220.84
459.304
220.152
220.888
459.352
459.52
458.968
219.456
459.136
459.064
459.232
466.12
220.624
459.688
220.672
459.856
466.024
220.032
221.008
459.952
221.056
460.12
220.128
460.288
466.576
220.104
460.504
460.552
460.72
460.288
220.656
460.456
221.32
466.984
221.488
460.072
460.12
220.968
221.704
460.288
467.536
460.744
221.112
460.552
221.04
460.36
222.064
460.528
460.456
460.384
460.432
221.776
460.6
221.944
460.528
221.376
468.616
221.544
460.864
222.328
461.032
221.52
461.08
461.248
222.472
461.056
221.304
461.104
221.352
461.272
222.136
461.44
461.488
469.696
221.664
222.52
461.944
221.712
222.688
470.152
222.616
462.16
462.088
462.016
220.944
470.464
222.088
462.232
462.04
220.968
462.208
221.136
221.872
462.136
221.8
462.304
462.472
221.4
462.64
222.304
462.688
462.616
221.544
462.784
462.352
221.76
222.376
472.12
221.688
462.688
221.736
222.592
462.856
221.904
462.904
222.072
472.432
463.36
222.408
463.408
463.576
221.904
223.24
463.744
463.912
223.216
473.44
464.128
222.592
463.936
463.864
222.928
463.672
222.976
463.84
223.144
463.888
222.832
464.056
222.52
474.184
222.688
464.032
222.856
474.52
222.784
464.368
222.096
222.712
464.536
221.904
464.344
222.928
474.832
464.8
464.728
222.832
464.776
222.88
475.144
222.312
465.232
475.36
465.688
465.736
222.624
223.48
465.904
476.032
466.36
466.528
223.056
223.792
466.576
223.84
466.624
223.392
466.792
223.56
466.96
223.728
467.008
467.056
477.064
467.272
224.656
467.2
223.848
224.704
477.208
224.016
467.656
467.824
224.352
467.752
467.92
467.728
224.256
467.656
224.424
478.144
467.632
467.68
467.728
467.896
224.064
225.52
478.504
468.352
468.52
478.648
225.232
468.856
478.984
224.472
469.312
224.16
225.376
479.44
469.768
479.896
470.104
225.328
480.232
225.376
470.56
470.728
470.536
224.664
225.88
470.464
225.808
481.072
470.92
471.088
225.592
481.216
224.784
225.4
471.544
225.568
471.712
225
225.736
481.84
472.168
225.952
482.296
225.264
472.624
225.432
226.168
472.792
225.48
226.336
472.84
473.008
473.056
482.824
473.392
225.72
473.56
473.368
225.936
226.792
473.536
226.104
473.704
226.768
473.872
474.04
226.368
474.208
226.536
482.776
474.544
474.712
483.28
227.704
475.048
227.256
227.872
483.736
228.04
475.504
227.592
228.088
483.832
475.84
227.688
228.424
476.008
476.176
228.024
228.76
475.864
228.192
476.032
228.36
228.856
476.08
476.248
228.456
484.816
476.464
229.288
476.512
485.44
229.384
476.848
228.096
477.016
228.144
477.184
229.048
477.232
477.28
485.488
229.312
477.736
229.36
485.584
478.072
228.72
229.456
478
229.624
486.208
228.936
478.336
228.984
486.544
229.032
229.768
478.792
487
479.248
479.416
230.2
479.584
230.248
479.752
486.4
229.968
230.584
479.968
486.856
230.92
480.424
480.472
230.896
480.64
486.688
229.776
231.232
480.736
229.944
230.92
480.904
480.952
481.12
487.048
230.992
481.336
481.504
481.672
481.48
230.808
231.544
481.408
230.976
231.712
481.456
231.64
481.624
231.192
481.672
481.48
232.144
487.408
231.576
481.696
232.24
481.864
487.912
482.2
232.744
488.248
232.912
482.416
233.08
482.464
233.248
488.152
232.8
233.296
482.56
232.848
233.464
488.368
233.016
233.632
482.776
488.584
483.112
483.16
233.568
489.208
233.736
234.352
483.616
234.4
483.664
233.712
483.832
233.76
489.52
234.664
484.288
233.736
484.456
489.784
233.472
234.928
484.912
233.64
485.08
234.304
485.248
233.856
485.296
234.024
485.464
485.512
234.36
485.68
234.408
485.728
485.536
485.704
485.392
235.456
485.44
235.264
491.008
235.192
485.896
234.144
491.464
486.232
486.4
234.408
491.848
235.312
486.736
235.24
486.904
492.472
487.36
235.384
492.808
487.456
487.624
235.648
487.432
487.48
487.648
235.296
486.976
492.544
235.512
487.432
487.6
235.608
236.344
487.528
487.456
236.56
487.624
493.072
487.96
236.344
488.128
236.392
493.696
236.44
488.584
235.888
494.152
236.056
489.04
489.208
235.296
489.256
235.344
489.184
489.352
235.56
494.32
235.248
489.688
494.776
490.144
490.192
236.416
495.16
235.368
490.528
489.976
236.44
490.144
235.272
490.312
235.44
490.48
490.288
496.096
234.624
490.504
234.792
236.248
490.432
236.296
496.72
490.888
497.176
491.104
491.272
497.44
236.344
491.728
497.776
235.48
491.824
234.912
235.648
498.232
234.84
235.696
491.68
234.888
235.744
491.848
498.016
235.104
492.184
235.272
492.352
498.52
492.808
492.976
235.944
498.664
236.608
493.312
493
236.328
499.048
237.112
493.456
493.264
236.712
493.432
236.76
237.496
493.6
500.008
494.056
500.464
236.232
237.568
494.392
236.16
237.376
494.32
500.608
236.376
494.536
236.544
494.704
237.208
501.112
236.76
495.16
495.208
495.016
494.944
494.872
238.096
495.04
501.688
237.096
237.832
495.376
237.144
237.88
495.544
238.048
502.312
496
495.928
237.576
495.976
237.744
238.48
496.144
503.152
238.08
496.6
496.528
496.696
496.744
503.272
496.96
237.768
503.728
239.032
496.696
496.864
496.552
238.936
496.6
238.504
504.448
497.056
237.864
497.224
497.392
239.056
497.56
504.808
239.032
497.776
497.584
239.248
497.752
497.92
239.224
505.168
498.376
239.2
505.624
498.832
499
498.808
239.152
498.976
238.104
499.024
498.592
238.936
498.64
238.608
498.808
239.272
506.416
239.44
499.264
499.192
237.96
506.56
238.008
239.464
499.648
239.032
507.016
238.224
500.104
238.152
507.232
237.96
239.176
500.56
500.728
500.776
507.784
238.768
500.752
238.936
500.92
238.984
508.408
238.176
239.152
508.576
500.584
500.272
500.44
509.008
239.512
500.536
239.56
500.704
509.392
500.92
238.728
239.584
509.128
501.136
509.344
509.512
239.16
501.04
239.328
239.824
500.488
239.376
500.656
500.464
500.632
500.8
509.608
239.736
240.712
509.776
240.4
509.944
501.112
509.8
240.904
501.448
240.952
501.616
240.144
240.88
501.664
240.928
501.712
501.88
510.088
241.072
501.976
240.264
241
501.664
241.168
510.112
240.36
501.76
240.528
501.808
241.312
501.976
239.904
510.784
239.952
510.832
240.12
241.336
501.88
511.168
502.096
511.144
240.072
511.312
240.736
511.12
240.904
511.168
240.576
511.096
511.264
511.312
240.84
511.48
241.624
502.648
241.672
502.696
502.864
511.912
240.96
503.08
241.744
503.008
241.792
503.176
241.344
503.344
241.152
242.128
512.512
241.32
242.176
503.68
503.008
241.176
503.176
502.984
241.392
242.128
503.032
503.2
241.008
503.248
503.416
503.464
241.512
512.392
242.176
512.56
241.848
242.344
503.848
241.416
503.896
512.824
512.872
504.28
241.128
504.208
242.272
504.376
242.32
513.184
240.912
504.712
242.056
513.16
241.008
504.808
513.376
241.104
504.904
241.152
513.592
240.96
504.88
513.208
241.056
505.096
505.264
241.392
513.472
505.12
241.608
242.224
505.168
241.776
513.496
242.56
505.504
513.232
505.12
241.968
513.568
242.992
505.216
242.064
242.92
513.904
242.232
505.552
242.4
514
514.168
514.336
242.544
505.504
505.432
242.64
514.24
505.648
243.712
505.816
243.144
505.984
505.552
243.24
243.976
505.6
513.688
505.816
505.744
243.672
505.792
505.84
244.504
506.008
243.936
505.816
244.6
505.984
244.032
506.152
244.08
506.32
506.368
244.416
514.456
514.504
506.872
244.56
514.48
514.648
245.392
507.376
244.824
514.984
244.992
245.728
515.032
507.64
507.808
507.976
507.904
245.968
508.072
245.896
508
245.328
515.368
245.992
515.536
507.664
245.712
515.632
246.496
508
245.448
508.048
515.536
246.28
508.144
515.872
246.616
516.04
246.048
246.784
508.048
246.952
508.096
246.384
247
516.064
246.552
508.312
246.72
247.216
508.48
516.328
508.696
246.984
508.624
247.768
516.592
516.28
508.888
246.336
509.056
246.504
247.96
508.984
247.408
509.032
515.44
515.608
247.672
515.656
509.104
247.888
509.032
516.16
247.248
247.864
509.008
247.296
248.032
516.376
248.08
516.544
509.392
247.44
516.28
247.008
509.488
248.272
509.656
247.224
509.824
509.992
248.056
509.8
516.808
516.856
516.904
247.512
510.112
248.536
510.28
248.584
510.448
247.776
516.856
510.304
516.712
510.64
248.464
510.808
516.856
247.824
511.024
248.728
517.192
517.24
511.528
248.752
511.696
248.8
511.624
248.352
248.968
511.552
511.48
248.568
511.648
511.576
248.904
249.52
511.744
511.792
249.736
517.36
249.288
517.528
249.336
517.696
512.344
512.032
249.72
518.08
249.768
512.128
250.672
517.576
517.744
517.912
250.2
250.936
512.68
250.368
250.864
517.048
517.216
512.824
512.872
512.68
251.344
512.728
512.776
512.584
517.672
250.32
251.656
512.56
512.728
512.896
513.064
250.152
513.232
249.72
251.656
513.4
249.408
513.568
249.336
513.136
513.304
517.672
517.84
517.888
517.936
250.72
514.024
514.192
250.2
250.936
514
250.368
250.984
514.168
250.416
514.336
250.344
514.504
250.512
514.552
250.68
518.8
514.648
519.136
250.704
518.344
251.728
518.512
518.68
515.368
251.752
515.416
515.224
251.112
251.968
518.392
518.56
251.944
518.728
515.536
252.28
515.344
515.512
515.68
251.208
252.544
515.608
515.776
252.04
518.344
515.872
252.376
516.04
515.968
518.776
518.584
516.112
253.096
516.28
253.144
516.208
253.192
516.016
253.36
516.184
516.352
252
253.336
516.52
518.968
516.736
516.424
516.592
252.36
253.336
519.04
519.208
519.256
252.624
516.904
252.672
253.528
517.072
253.576
517.12
252.168
519.208
517.456
253.72
519.544
517.672
253.336
519.64
517.888
253.072
517.816
519.544
518.152
252.72
253.576
519.16
252.768
519.208
518.536
253.104
518.704
518.872
253.936
519.04
518.968
253.416
519.016
518.824
253.512
519.232
519.28
519.448
519.616
254.44
518.944
254.488
519.112
519.28
519.448
519.616
253.944
254.8
519.424
254.968
519.352
519.76
253.128
519.328
254.632
519.256
253.344
519.304
520.072
520.24
519.568
253.552
519.736
253.48
519.424
253.648
520.192
252.72
519.64
253.384
519.688
253.552
520.696
520.624
252.432
253.888
520.072
253.576
519.88
252.648
253.624
520.048
520.216
252.864
520.384
520.192
253.2
253.816
520.36
253.128
520.288
253.176
254.032
520.456
520.984
520.672
520.84
521.008
521.176
521.344
520.552
253.936
521.32
521.488
253.176
521.656
521.224
254.008
520.432
520.48
521.608
253.536
520.216
253.464
520.384
253.512
520.552
253.68
520.72
522.328
521.056
520.864
520.672
254.656
522.76
253.968
254.704
521.008
522.376
254.184
254.92
522.544
254.352
522.712
255.016
521.32
521.488
254.016
521.656
254.92
522.784
254.848
522.952
522.88
253.728
254.944
522.688
521.176
253.824
521.344
521.392
253.8
254.896
521.56
523.288
521.896
522.064
254.728
521.992
254.896
523.72
254.944
522.208
254.992
522.016
523.384
254.232
254.968
522.112
254.16
255.016
522.28
255.064
522.328
522.496
522.664
254.608
522.832
254.776
523.96
523.888
523.216
523.384
523.432
254.76
523.12
523.168
523.336
523.384
523.432
255.496
522.76
255.664
522.808
524.056
255.76
522.064
255.688
522.232
254.64
524.56
524.728
255.472
524.896
524.944
255.072
524.992
255.12
255.856
522.64
255.288
522.808
525.496
255.264
523.144
255.432
525.712
255
525.88
523.288
523.456
523.504
255.312
523.672
254.88
523.72
526.528
254.856
523.216
525.664
255.688
523.552
526
523.648
523.336
254.904
255.88
525.784
523.672
523.84
526.288
255.952
524.176
256
524.224
255.672
256.168
526.792
255.36
524.56
524.608
524.536
524.464
527.032
256.216
524.08
526.648
255.096
256.072
523.816
254.784
256.12
526.504
256.048
526.672
526.72
255.168
524.248
255.832
526.936
256
524.344
524.512
256.216
524.68
256.384
524.488
256.312
524.656
524.704
524.872
256.08
256.576
524.92
256.744
525.088
525.256
525.304
256.152
256.768
525.472
525.04
256.984
525.088
256.536
525.256
525.424
256.752
525.592
525.52
257.584
525.688
525.616
255.744
257.44
525.784
525.952
526.12
526.288
528.616
256.104
526.024
256.768
528.352
526.36
526.528
256.056
526.696
526.864
257.008
528.232
526
256.488
257.224
526.168
526.336
528.064
526.312
256.56
257.176
526.48
256.728
257.224
526.648
257.392
528.736
528.904
529.072
256.8
527.08
527.248
256.896
257.872
529.576
527.464
527.632
527.68
527.728
257.256
527.896
257.424
529.024
258.328
528.232
529
528.448
528.616
258.76
528.784
258.688
528.952
528.88
527.968
258.712
528.976
258.88
529.144
258.552
259.048
529.312
529.48
529.648
529.816
258.984
527.944
259.032
530.032
530.2
530.248
259.416
530.416
259.584
530.584
260.248
530.752
530.92
530.608
260.632
530.776
260.56
528.904
260.232
530.632
260.28
260.896
530.68
261.064
530.848
528.856
530.464
260.592
530.392
261.376
530.56
261.544
530.608
530.776
528.904
261.928
530.992
262.096
531.04
531.088
261.336
531.256
262.48
531.304
261.672
262.528
528.592
528.76
262.504
528.928
531.616
262.84
529.144
531.472
263.176
529.24
263.344
529.408
263.512
529.336
263.68
532.024
263.848
529.552
264.016
532.36
532.408
264.352
532.576
532.744
532.552
532.36
532.528
532.456
532.624
532.552
532.48
530.128
532.816
532.864
532.912
530.32
533.128
529.936
533.344
533.512
530.44
533.128
533.176
530.344
533.152
533.32
530.608
533.416
530.824
533.752
531.04
534.088
531.016
531.184
534.112
534.28
534.448
531.856
534.304
531.352
531.4
533.968
534.136
531.784
533.632
531.64
533.968
534.136
534.304
534.472
534.64
532.168
534.736
534.544
534.712
534.88
535.048
534.976
532.864
534.952
535.12
534.808
533.296
532.864
534.712
533.08
532.768
534.616
534.784
533.272
533.44
535.288
535.216
535.264
533.632
533.8
535.768
534.136
533.944
535.312
534.28
535.168
535.336
534.664
535.072
534.88
534.808
535.216
535.024
535.192
534.88
535.408
535.576
535.144
535.192
535.36
535.288
535.336
535.264
535.792
535.96
536.008
535.576
535.984
535.912
535.48
536.128
535.096
535.264
535.312
535.48
535.528
535.696
537.064
537.232
535.84
535.888
537.016
537.064
536.272
537.16
535.768
535.936
537.184
537.232
536.44
536.608
536.656
536.584
537.352
536.68
537.568
537.016
537.184
537.232
537.4
537.328
537.376
537.424
537.592
537.52
537.448
537.856
537.904
537.472
538.12
538.168
537.616
537.664
537.832
538.36
538.168
538.336
538.144
538.312
538.24
538.288
538.336
538.504
538.192
538.72
538.888
538.816
538.624
538.792
538.36
538.528
539.176
539.344
539.272
538.36
539.608
539.776
538.744
540.112
538.6
539.848
538.456
539.944
538.672
540.16
540.208
540.256
540.424
539.392
539.44
540.208
539.656
540.184
540.112
540.28
539.728
540.376
540.544
539.632
539.68
540.808
540.976
541.144
540.952
540.88
539.968
540.976
541.024
541.072
541.24
541.288
541.456
541.624
541.792
539.44
541.528
539.776
541.744
541.792
541.84
542.008
542.176
542.344
539.752
542.68
539.968
543.016
542.824
542.992
543.16
543.328
543.376
543.544
543.592
543.76
543.448
543.616
543.544
543.592
540.28
543.688
543.616
543.784
543.832
543.4
543.568
543.736
543.784
543.952
540.4
544.288
544.336
544.504
544.672
544.84
540.328
540.496
540.664
544.912
545.08
540.928
541.096
545.464
545.632
545.44
541.408
545.656
541.744
545.752
545.68
545.848
546.016
546.064
542.392
542.44
546.328
546.496
542.704
546.232
542.92
542.728
546.136
545.584
543.112
545.8
542.728
542.656
545.944
545.632
542.92
543.088
546.016
543.064
545.872
546.04
546.088
546.256
543.064
543.232
546.64
546.808
543.256
547.024
546.712
546.88
547.048
546.976
547.144
547.192
547.36
547.528
547.696
547.624
547.312
547.48
544.048
544.216
544.144
547.912
547.96
548.128
548.176
548.344
544.552
544.72
548.248
548.056
548.224
548.152
548.2
548.128
548.296
548.224
548.392
548.44
548.248
548.416
547.744
547.312
547.48
547.048
547.216
547.144
546.832
546.64
547.528
547.576
547.744
547.912
547.96
547.048
548.176
548.224
547.312
548.08
548.248
548.056
548.224
548.272
548.2
548.248
547.936
547.744
548.272
547.96
547.768
547.936
548.584
548.272
548.32
548.488
548.536
548.704
548.632
548.68
548.848
549.016
548.104
548.152
547.48
547.168
546.856
546.664
546.832
546.88
549.928
546.856
547.024
547.192
547.24
547.408
547.576
547.744
547.912
547.72
547.288
547.336
551.704
547.552
547.72
547.768
547.936
547.984
548.152
548.32
548.368
548.296
548.464
548.392
548.56
552.208
548.536
548.704
552.712
548.8
548.488
548.536
548.704
548.512
552.52
552.568
552.736
548.704
548.872
549.04
549.208
552.976
549.184
552.952
553
549.568
553.336
553.504
553.552
553.48
553.648
550.216
550.264
550.312
550.24
550.168
553.696
550.384
550.552
550.72
550.648
550.816
553.744
553.552
553.6
553.648
551.176
551.224
554.032
551.56
551.608
551.536
553.864
553.912
551.92
551.968
553.936
553.744
552.472
552.64
552.808
552.976
552.904
552.592
553.36
553.528
553.696
553.144
553.552
553.48
553.648
553.816
553.984
553.912
553.96
553.888
553.456
554.104
554.152
553.96
553.048
554.296
553.144
553.312
554.8
553.528
553.696
555.184
553.912
554.08
554.128
554.296
554.824
554.512
554.56
554.368
553.936
554.104
555.112
554.44
555.448
554.656
555.784
554.632
554.44
554.488
554.176
554.344
555.832
554.56
556.048
554.656
554.704
556.432
555.04
556.408
556.456
556.624
555.352
556.12
555.688
555.856
555.664
556.192
556.36
556.408
555.856
555.784
555.952
556.6
555.928
556.576
556.264
556.912
556.24
556.768
556.936
556.744
556.792
556.84
556.288
557.056
557.224
557.392
557.56
556.888
557.296
557.224
557.392
557.44
557.608
557.776
557.944
558.112
558.16
558.328
558.376
558.304
558.352
556.84
556.528
558.736
556.864
558.952
559.12
557.248
557.176
559.024
557.152
557.2
559.528
557.416
559.144
557.512
559.36
559.528
559.576
558.064
559.672
559.6
558.088
559.456
559.264
559.432
559.6
559.768
558.616
559.504
559.672
559.72
559.648
558.736
559.864
559.912
560.08
560.008
560.056
560.104
560.152
560.08
558.328
560.416
560.464
560.632
558.76
558.928
561.136
561.184
561.112
561.28
559.168
559.096
561.664
561.832
561.28
561.328
561.256
561.424
561.592
561.64
561.808
561.736
559.864
561.472
559.84
561.808
561.736
561.904
562.072
560.2
562.048
562.096
560.104
562.312
562.48
562.648
562.816
559.264
562.432
559.48
562.768
559.696
562.864
563.032
563.2
559.648
563.416
563.464
563.632
563.8
563.848
564.016
560.464
564.232
564.4
564.568
560.416
564.544
564.472
564.64
560.968
561.016
564.904
565.072
565
561.328
564.856
564.664
561.712
564.88
561.808
561.856
565.144
564.832
564.88
562.288
564.856
562.504
564.712
564.76
562.768
564.856
563.104
564.832
564.64
564.688
563.296
564.424
564.592
563.56
564.568
564.616
563.584
564.592
563.68
564.808
564.976
564.184
565.072
564.64
564.688
564.856
565.024
565.192
565.36
564.928
564.976
564.544
564.472
564.52
564.568
565.456
564.784
565.552
565.12
565.288
565.456
565.624
565.672
565.36
565.528
565.576
565.624
565.792
565.72
565.648
565.576
565.984
565.912
565.84
566.008
566.176
566.344
565.912
566.08
566.248
566.296
566.464
566.512
566.08
566.128
566.776
566.824
566.032
566.08
567.088
566.416
567.304
567.352
567.16
567.328
566.656
566.704
567.592
567.4
567.208
566.776
566.824
567.592
567.76
566.608
566.776
568.024
566.512
566.68
566.728
566.656
566.824
568.552
566.92
567.088
568.936
567.304
568.912
569.08
569.008
567.496
568.984
568.672
567.88
569.008
568.216
569.104
568.432
568.6
568.768
568.936
568.024
568.192
569.32
568.408
569.536
569.704
568.672
569.44
569.488
569.416
569.344
569.392
569.56
569.368
569.056
569.584
569.752
569.44
569.608
569.536
569.704
569.872
569.56
569.968
569.896
569.824
569.392
570.16
570.328
570.496
570.064
570.112
570.28
570.448
569.896
569.944
570.112
570.16
570.928
570.256
570.904
571.072
570.76
570.688
570.736
570.784
570.952
571
570.928
570.976
571.024
571.072
571.12
571.288
571.456
570.784
571.792
570.76
570.928
572.056
571.144
571.072
572.44
572.128
572.176
572.344
571.672
571.84
571.768
572.176
571.864
572.272
572.2
572.368
572.176
572.104
572.152
572.56
572.368
572.296
572.704
572.632
571.84
572.968
571.696
573.184
573.352
573.52
573.688
571.336
573.904
574.072
574.12
574.048
574.216
574.384
574.552
571
574.888
575.056
575.224
575.272
575.44
575.248
575.416
571.504
571.432
571.24
571.288
575.776
571.624
571.672
571.6
576.208
576.376
571.864
571.912
572.08
572.248
576.376
576.424
576.472
576.64
572.128
576.856
577.024
572.272
577.24
577.408
577.456
577.264
577.312
577.48
577.528
577.696
577.504
572.152
572.2
577.648
577.696
577.864
572.512
577.84
578.008
578.056
578.104
578.152
572.32
578.128
577.936
578.104
578.272
578.44
578.608
578.656
572.464
572.632
572.56
572.608
572.776
572.944
573.112
579.52
573.328
579.496
579.664
573.352
579.76
579.928
573.376
573.304
580.072
580.12
573.208
580.336
573.424
580.432
580.48
580.408
573.736
580.624
580.792
580.96
573.688
573.856
573.904
581.152
581.32
581.368
580.936
573.424
573.352
581.32
573.448
573.496
581.464
581.512
581.68
581.608
573.856
574.024
581.992
582.16
574.048
582.256
573.904
582.112
582.04
582.208
582.256
582.184
582.352
582.52
582.688
582.856
582.664
582.712
574
574.168
583.096
583.264
574.432
583.6
583.648
574.336
583.984
583.912
574.84
575.008
584.176
584.224
584.272
584.32
574.768
574.936
584.584
574.312
574.36
584.488
574.456
584.584
574.432
574.36
585.088
585.016
585.184
574.792
574.96
585.568
585.616
585.784
585.832
585.88
586.048
575.416
575.344
586.432
586.24
575.368
586.336
575.584
575.512
575.68
586.168
586.336
586.504
576.112
586.12
586.168
576.136
576.184
586.432
586.6
586.648
576.736
576.904
586.912
577.24
577.168
577.336
587.584
587.752
577.72
587.968
588.016
588.064
588.232
588.04
578.248
588.376
588.424
588.592
588.52
578.728
588.376
588.424
588.592
579.28
588.928
588.976
579.664
579.832
588.76
588.808
588.976
589.024
589.072
589
580.528
588.976
589.144
588.832
589
589.048
589.216
581.704
589.312
588.64
588.808
588.616
588.544
588.352
588.4
588.568
588.136
588.184
588.352
588.16
587.848
587.656
587.704
587.872
588.04
