26.152
26.306
26.461
26.616
26.77
26.925
27.08
27.234
27.389
27.544
27.698
27.853
28.008
28.162
28.317
28.472
28.626
28.781
28.936
29.09
29.245
29.4
29.554
29.709
29.864
30.018
30.173
30.328
30.482
30.637
30.792
30.946
31.101
31.256
31.41
31.565
31.72
31.874
32.029
32.184
32.338
32.493
32.648
32.802
32.957
33.112
33.266
33.421
33.576
33.73
33.885
34.04
34.194
34.349
34.504
34.658
34.813
34.968
35.122
35.277
35.432
35.586
35.741
35.896
36.05
36.205
36.36
36.514
36.669
36.824
36.978
37.133
37.288
37.442
37.597
37.752
37.906
38.061
38.216
38.37
38.525
38.68
38.834
38.989
39.144
39.298
39.453
39.608
39.762
39.917
40.072
40.226
40.381
40.536
40.69
40.845
41
41.154
41.309
41.464
41.618
41.773
41.928
42.082
42.237
42.392
42.546
42.701
42.856
43.01
43.165
43.32
43.474
43.629
43.784
43.938
44.093
44.248
44.402
44.557
44.712
44.866
45.021
45.176
45.33
45.485
45.64
45.794
45.949
46.104
46.258
46.413
46.568
46.722
46.877
47.032
47.186
47.341
47.496
47.65
47.805
47.96
48.114
48.269
48.424
48.578
48.733
48.888
49.042
49.197
49.352
49.506
49.661
49.816
49.97
50.125
50.28
50.434
50.589
50.744
50.898
51.053
51.208
51.362
51.517
51.672
51.826
51.981
52.136
52.29
52.445
52.6
52.754
52.909
53.064
53.218
53.373
53.528
53.682
53.837
53.992
54.146
54.301
54.456
54.61
54.765
54.92
55.074
55.229
55.384
55.538
55.693
55.848
56.002
56.157
56.312
56.466
56.621
56.776
56.93
57.085
57.24
57.394
57.549
57.704
57.858
58.013
58.168
58.322
58.477
58.632
58.786
58.941
59.096
59.25
59.405
59.56
59.714
59.869
60.024
60.178
60.333
60.488
60.642
60.797
60.952
61.106
61.261
61.416
61.57
61.725
61.88
62.034
62.189
62.344
62.498
62.653
62.808
62.962
63.117
63.272
63.426
63.581
63.736
63.89
64.045
64.2
64.354
64.509
64.664
64.818
64.973
65.128
65.282
65.437
65.592
65.746
65.901
66.056
66.21
66.365
66.52
66.674
66.829
66.984
67.138
67.293
67.448
67.602
67.757
67.912
68.066
68.221
68.376
68.53
68.685
68.84
68.994
69.149
69.304
69.458
69.613
69.768
69.922
70.077
70.232
70.386
70.541
70.696
70.85
71.005
71.16
71.314
71.469
71.624
71.778
71.933
72.088
72.242
72.397
72.552
72.706
72.861
73.016
73.17
73.325
73.48
73.634
73.789
73.944
74.098
74.253
74.408
74.429
74.45
74.472
74.493
74.514
74.402
74.424
74.445
74.466
74.488
74.509
74.53
74.418
74.44
74.461
74.482
74.504
74.525
74.413
74.434
74.456
74.477
74.498
74.52
74.408
74.429
74.45
74.472
74.493
74.514
74.402
74.424
74.445
74.466
74.488
74.509
74.53
74.418
74.44
74.461
74.482
74.504
74.525
74.413
74.434
74.456
74.477
74.498
74.52
74.408
74.429
74.45
74.472
74.493
74.514
74.402
74.424
74.445
74.466
74.488
74.509
74.53
74.418
74.44
74.461
74.482
74.504
74.525
74.413
74.434
74.456
74.477
74.498
74.52
74.408
74.429
74.45
74.472
74.493
74.514
74.402
74.424
74.445
74.466
74.488
74.509
74.53
74.418
74.44
74.461
74.482
74.504
74.525
74.413
74.434
74.456
74.477
74.498
74.52
74.408
74.429
74.45
74.472
74.493
74.514
74.402
74.424
74.445
74.466
74.488
74.509
74.53
74.418
74.44
74.461
74.482
74.504
74.525
74.413
74.434
74.456
74.477
74.498
74.52
74.408
74.429
74.45
74.472
74.493
74.514
74.402
74.424
74.445
74.466
74.488
74.509
74.53
74.418
74.44
74.461
74.482
74.504
74.525
74.413
74.434
74.456
74.477
74.498
74.52
74.408
74.429
74.45
74.472
74.493
74.514
74.402
74.424
74.445
74.466
74.488
74.509
74.53
74.418
74.44
74.461
74.482
74.504
74.525
74.413
74.434
74.456
74.477
74.498
74.52
74.408
74.429
74.45
74.472
74.493
74.514
74.402
74.424
74.445
74.466
74.488
74.509
74.53
74.418
74.44
74.461
74.482
74.504
74.525
74.413
74.434
74.456
74.477
74.498
74.52
74.408
74.429
74.45
74.472
74.493
74.514
74.402
74.424
74.445
74.466
74.488
74.509
74.53
74.418
74.44
74.461
74.482
74.504
74.525
74.413
74.434
74.456
74.477
74.498
74.52
74.408
74.429
74.45
74.472
74.493
74.514
74.402
74.424
74.445
74.466
74.488
74.509
74.53
74.418
74.44
74.461
74.482
74.504
74.525
74.413
74.434
74.456
74.477
74.498
74.52
74.408
74.429
74.45
74.472
74.493
74.514
74.402
74.424
74.445
74.466
74.488
74.509
74.53
74.418
74.44
74.461
74.482
74.504
74.525
74.413
74.434
74.456
74.477
74.498
74.52
74.408
74.429
74.45
74.472
74.493
74.514
74.402
74.424
74.445
74.466
74.488
74.509
74.53
74.418
74.44
74.461
74.482
74.504
74.525
74.413
74.434
74.456
74.477
74.498
74.52
74.408
74.429
74.45
74.472
74.493
74.514
74.402
74.424
74.445
74.466
74.488
74.509
74.53
74.418
74.44
74.461
74.482
74.504
74.525
74.413
74.435
74.456
74.477
74.499
74.52
74.408
74.429
74.451
74.472
74.493
74.515
74.403
74.424
74.445
74.467
74.488
74.509
74.531
74.419
74.44
74.461
74.483
74.504
74.525
74.413
74.435
74.456
74.477
74.499
74.52
74.408
74.429
74.451
74.472
74.493
74.515
74.403
74.424
74.445
74.467
74.488
74.509
74.531
74.419
74.44
74.461
74.483
74.504
74.525
74.413
74.435
74.456
74.477
74.499
74.52
74.408
74.429
74.451
74.472
74.493
74.515
74.403
74.424
74.445
74.467
74.488
74.509
74.531
74.419
74.44
74.461
74.483
74.504
74.525
74.413
74.435
74.456
74.477
74.499
74.52
74.408
74.429
74.451
74.472
74.493
74.515
74.403
74.424
74.445
74.467
74.488
74.509
74.531
74.419
74.44
74.461
74.483
74.504
74.525
74.413
74.435
74.456
74.477
74.499
74.52
74.408
74.429
74.451
74.472
74.493
74.515
74.403
74.424
74.445
74.467
74.488
74.509
74.531
74.419
74.44
74.461
74.483
74.504
74.525
74.413
74.435
74.456
74.477
74.499
74.52
74.408
74.429
74.451
74.472
74.493
74.515
74.403
74.424
74.445
74.467
74.488
74.509
74.531
74.419
74.44
74.461
74.483
74.504
74.525
74.413
74.435
74.456
74.477
74.499
74.52
74.408
74.429
74.451
74.472
74.493
74.515
74.403
74.424
74.445
74.467
74.488
74.509
74.531
74.419
74.44
74.461
74.483
74.504
74.525
74.413
74.435
74.456
74.477
74.499
74.52
74.408
74.429
74.451
74.472
74.493
74.515
74.403
74.424
74.445
74.467
74.488
74.509
74.531
74.419
74.44
74.461
74.483
74.504
74.525
74.413
74.435
74.456
74.477
74.499
74.52
74.408
74.429
74.451
74.472
74.493
74.515
74.403
74.424
74.445
74.467
74.488
74.509
74.531
74.419
74.44
74.461
74.483
74.504
74.525
74.413
74.435
74.456
74.477
74.499
74.52
74.408
74.429
74.451
74.472
74.493
74.515
74.403
74.424
74.445
74.467
74.488
74.509
74.531
74.419
74.44
74.461
74.483
74.504
74.525
74.413
74.435
74.456
74.477
74.499
74.52
74.408
74.429
74.451
74.472
74.493
74.515
74.403
74.424
74.445
74.467
74.488
74.509
74.531
74.419
74.44
74.461
74.483
74.504
74.525
74.413
74.435
74.456
74.477
74.499
74.52
74.408
74.429
74.451
74.472
74.493
74.515
74.403
74.424
74.445
74.467
74.488
74.509
74.531
74.419
74.44
74.461
74.483
74.504
74.525
74.413
74.435
74.456
74.477
74.499
74.52
74.408
74.429
74.451
74.472
74.493
74.515
74.403
74.424
74.445
74.467
74.488
74.509
74.531
74.419
74.44
74.461
74.483
74.504
74.525
74.413
74.435
74.456
74.477
74.499
74.52
74.408
74.429
74.451
74.472
74.493
74.515
74.403
74.424
74.445
74.467
74.488
74.509
74.531
74.419
74.44
74.461
74.483
74.504
74.525
74.413
74.435
74.456
74.477
74.499
74.52
74.408
74.429
74.451
74.472
74.493
74.515
74.403
74.424
74.445
74.467
74.488
74.509
74.531
74.419
74.44
74.461
74.483
74.504
74.525
74.413
74.435
74.456
74.477
74.499
74.52
74.408
74.429
74.451
74.472
74.493
74.515
74.403
74.424
74.445
74.467
74.488
74.509
74.531
74.419
74.44
74.461
74.483
74.504
74.525
74.413
74.435
74.456
74.477
74.499
74.52
74.408
74.429
74.451
74.472
74.493
74.515
74.403
74.424
74.445
74.467
74.488
74.509
74.531
74.419
74.44
74.461
74.483
74.504
74.525
74.413
74.435
74.456
74.477
74.499
74.52
74.408
74.429
74.451
74.472
74.493
74.515
74.403
74.424
74.445
74.467
74.488
74.509
74.531
74.419
74.44
74.461
74.483
74.504
74.525
74.413
74.435
74.456
74.477
74.499
74.52
74.408
74.429
74.451
74.472
74.493
74.515
74.403
74.424
74.446
74.467
74.488
74.51
74.531
74.419
74.44
74.462
74.483
74.504
74.526
74.414
74.435
74.456
74.478
74.499
74.52
74.408
74.43
74.451
74.472
74.494
74.515
74.403
74.424
74.446
74.467
74.488
74.51
74.531
74.419
74.44
74.462
74.483
74.504
74.526
74.414
74.435
74.456
74.478
74.499
74.52
74.408
74.43
74.451
74.472
74.494
74.515
74.403
74.424
74.446
74.467
74.488
74.51
74.531
74.419
74.44
74.462
74.483
74.504
74.526
74.414
74.435
74.456
74.478
74.499
74.52
74.408
74.43
74.451
74.472
74.494
74.515
74.403
74.424
74.446
74.467
74.488
74.51
74.531
74.419
74.44
74.462
74.483
74.504
74.526
74.414
74.435
74.456
74.478
74.499
74.52
74.408
74.43
74.451
74.472
74.494
74.515
74.403
74.424
74.446
74.467
74.488
74.51
74.531
74.419
74.44
74.462
74.483
74.504
74.526
74.414
74.435
74.456
74.478
74.499
74.52
74.408
74.43
74.451
74.472
74.494
74.515
74.403
74.424
74.446
74.467
74.488
74.51
74.531
74.419
74.44
74.462
74.483
74.504
74.526
74.414
74.435
74.456
74.478
74.499
74.52
74.408
74.43
74.451
74.472
74.494
74.515
74.403
74.424
74.446
74.467
74.488
74.51
74.531
74.419
74.44
74.462
74.483
74.504
74.526
74.414
74.435
74.456
74.478
74.499
74.52
74.408
74.43
74.451
74.472
74.494
74.515
74.403
74.424
74.446
74.467
74.488
74.51
74.531
74.419
74.44
74.462
74.483
74.504
74.526
74.414
74.435
74.456
74.478
74.499
74.52
74.408
74.43
74.451
74.472
74.494
74.515
74.403
74.424
74.446
74.467
74.488
74.51
74.531
74.419
74.44
74.462
74.483
74.504
74.526
74.414
74.435
74.456
74.478
74.499
74.52
74.408
74.43
74.451
74.472
74.494
74.515
74.403
74.424
74.446
74.467
74.488
74.51
74.531
74.419
74.44
74.462
74.483
74.504
74.526
74.414
74.435
74.456
74.478
74.499
74.52
74.408
74.43
74.451
74.472
74.494
74.515
74.403
74.424
74.446
74.467
74.488
74.51
74.531
74.419
74.44
74.462
74.483
74.504
74.526
74.414
74.435
74.456
74.478
74.499
74.52
74.408
74.43
74.451
74.472
74.494
74.515
74.403
74.424
74.446
74.467
74.488
74.51
74.531
74.419
74.44
74.462
74.483
74.504
74.526
74.414
74.435
74.456
74.478
74.499
74.52
74.408
74.43
74.451
74.472
74.494
74.515
74.403
74.424
74.446
74.467
74.488
74.51
74.531
74.419
74.44
74.462
74.483
74.504
74.526
74.414
74.435
74.456
74.478
74.499
74.52
74.408
74.43
74.451
74.472
74.494
74.515
74.403
74.424
74.446
74.467
74.488
74.51
74.531
74.419
74.44
74.462
74.483
74.504
74.526
74.414
74.435
74.456
74.478
74.499
74.52
74.408
74.43
74.451
74.472
74.494
74.515
74.403
74.424
74.446
74.467
74.488
74.51
74.531
74.419
74.44
74.462
74.483
74.504
74.526
74.414
74.435
74.456
74.478
74.499
74.52
74.408
74.43
74.451
74.472
74.494
74.515
74.403
74.424
74.446
74.467
74.488
74.51
74.531
74.419
74.44
74.462
74.483
74.504
74.526
74.414
74.435
74.456
74.478
74.499
74.52
74.408
74.43
74.451
74.472
74.494
74.515
74.403
74.424
74.446
74.467
74.488
74.51
74.531
74.419
74.44
74.462
74.483
74.504
74.526
74.414
74.435
74.456
74.478
74.499
74.52
74.408
74.43
74.451
74.472
74.494
74.515
74.403
74.424
74.446
74.467
74.488
74.51
74.531
74.419
74.44
74.462
74.483
74.504
74.526
74.414
74.435
74.456
74.478
74.499
74.52
74.408
74.43
74.451
74.472
74.494
74.515
74.403
74.424
74.446
74.467
74.488
74.51
74.531
74.419
74.44
74.462
74.483
74.504
74.526
74.414
74.435
74.457
74.478
74.499
74.521
74.409
74.43
74.451
74.473
74.494
74.515
74.403
74.425
74.446
74.467
74.489
74.51
74.531
74.419
74.441
74.462
74.483
74.505
74.526
74.414
74.435
74.457
74.478
74.499
74.521
74.409
74.43
74.451
74.473
74.494
74.515
74.403
74.425
74.446
74.467
74.489
74.51
74.531
74.419
74.441
74.462
74.483
74.505
74.526
74.414
74.435
74.457
74.478
74.499
74.521
74.409
74.43
74.451
74.473
74.494
74.515
74.403
74.425
74.446
74.467
74.489
74.51
74.531
74.419
74.441
74.462
74.483
74.505
74.526
74.414
74.435
74.457
74.478
74.499
74.521
74.409
74.43
74.451
74.473
74.494
74.515
74.403
74.425
74.446
74.467
74.489
74.51
74.531
74.419
74.441
74.462
74.483
74.505
74.526
74.414
74.435
74.457
74.478
74.499
74.521
74.409
74.43
74.451
74.473
74.494
74.515
74.403
74.425
74.446
74.467
74.489
74.51
74.531
74.419
74.441
74.462
74.483
74.505
74.526
74.414
74.435
74.457
74.478
74.499
74.521
74.409
74.43
74.451
74.473
74.494
74.515
74.403
74.425
74.446
74.467
74.489
74.51
74.531
74.419
74.441
74.462
74.483
74.505
74.526
74.414
74.435
74.457
74.478
74.499
74.521
74.409
74.43
74.451
74.473
74.494
74.515
74.403
74.425
74.446
74.467
74.489
74.51
74.531
74.419
74.441
74.462
74.483
74.505
74.526
74.414
74.435
74.457
74.478
74.499
74.521
74.409
74.43
74.451
74.473
74.494
74.515
74.403
74.425
74.446
74.467
74.489
74.51
74.531
74.419
74.441
74.462
74.483
74.505
74.526
74.414
74.435
74.457
74.478
74.499
74.521
74.409
74.43
74.451
74.473
74.494
74.515
74.403
74.425
74.446
74.467
74.489
74.51
74.531
74.419
74.441
74.462
74.483
74.505
74.526
74.414
74.435
74.457
74.478
74.499
74.521
74.409
74.43
74.451
74.473
74.494
74.515
74.403
74.425
74.446
74.467
74.489
74.51
74.531
74.419
74.441
74.462
74.483
74.505
74.526
74.414
74.435
74.457
74.478
74.499
74.521
74.409
74.43
74.451
74.473
74.494
74.515
74.403
74.425
74.446
74.467
74.489
74.51
74.531
74.419
74.441
74.462
74.483
74.505
74.526
74.414
74.435
74.457
74.478
74.499
74.521
74.409
74.43
74.451
74.473
74.494
74.515
74.403
74.425
74.446
74.467
74.489
74.51
74.531
74.419
74.441
74.462
74.483
74.505
74.526
74.414
74.435
74.457
74.478
74.499
74.521
74.409
74.43
74.451
74.473
74.494
74.515
74.403
74.425
74.446
74.467
74.489
74.51
74.531
74.419
74.441
74.462
74.483
74.505
74.526
74.414
74.435
74.457
74.478
74.499
74.521
74.409
74.43
74.451
74.473
74.494
74.515
74.403
74.425
74.446
74.467
74.489
74.51
74.531
74.419
74.441
74.462
74.483
74.505
74.526
74.414
74.435
74.457
74.478
74.499
74.521
74.409
74.43
74.451
74.473
74.494
74.515
74.403
74.425
74.446
74.467
74.489
74.51
74.531
74.419
74.441
74.462
74.483
74.505
74.526
74.414
74.435
74.457
74.478
74.499
74.521
74.409
74.43
74.451
74.473
74.494
74.515
74.403
74.425
74.446
74.467
74.489
74.51
74.531
74.419
74.441
74.462
74.483
74.505
74.526
74.414
74.435
74.457
74.478
74.499
74.521
74.409
74.43
74.451
74.473
74.494
74.515
74.403
74.425
74.446
74.467
74.489
74.51
74.531
74.419
74.441
74.462
74.483
74.505
74.526
74.414
74.435
74.457
74.478
74.499
74.521
74.409
74.43
74.451
74.473
74.494
74.515
74.403
74.425
74.446
74.467
74.489
74.51
74.531
74.419
74.441
74.462
74.483
74.505
74.526
74.414
74.435
74.457
74.478
74.499
74.521
74.409
74.43
74.451
74.473
74.494
74.515
74.403
74.425
74.446
74.468
74.489
74.51
74.532
74.42
74.441
74.462
74.484
74.505
74.526
74.414
74.436
74.457
74.478
74.5
74.521
74.409
74.43
74.452
74.473
74.494
74.516
74.404
74.425
74.446
74.468
74.489
74.51
74.532
74.42
74.441
74.462
74.484
74.505
74.526
74.414
74.436
74.457
74.478
74.5
74.521
74.409
74.43
74.452
74.473
74.494
74.516
74.404
74.425
74.446
74.468
74.489
74.51
74.532
74.42
74.441
74.462
74.484
74.505
74.526
74.414
74.436
74.457
74.478
74.5
74.521
74.409
74.43
74.452
74.473
74.494
74.516
74.404
74.425
74.446
74.468
74.489
74.51
74.532
74.42
74.441
74.462
74.484
74.505
74.526
74.414
74.436
74.457
74.478
74.5
74.521
74.409
74.43
74.452
74.473
74.494
74.516
74.404
74.425
74.446
74.468
74.489
74.51
74.532
74.42
74.441
74.462
74.484
74.505
74.526
74.414
74.436
74.457
74.478
74.5
74.521
74.409
74.43
74.452
74.473
74.494
74.516
74.404
74.425
74.446
74.468
74.489
74.51
74.532
74.42
74.441
74.462
74.484
74.505
74.526
74.414
74.436
74.457
74.478
74.5
74.521
74.409
74.43
74.452
74.473
74.494
74.516
74.404
74.425
74.446
74.468
74.489
74.51
74.532
74.42
74.441
74.462
74.484
74.505
74.526
74.414
74.436
74.457
74.478
74.5
74.521
74.409
74.43
74.452
74.473
74.494
74.516
74.404
74.425
74.446
74.468
74.489
74.51
74.532
74.42
74.441
74.462
74.484
74.505
74.526
74.414
74.436
74.457
74.478
74.5
74.521
74.409
74.43
74.452
74.473
74.494
74.516
74.404
74.425
74.446
74.468
74.489
74.51
74.532
74.42
74.441
74.462
74.484
74.505
74.526
74.414
74.436
74.457
74.478
74.5
74.521
74.409
74.43
74.452
74.473
74.494
74.516
74.404
74.425
74.446
74.468
74.489
74.51
74.532
74.42
74.441
74.462
74.484
74.505
74.526
74.414
74.436
74.457
74.478
74.5
74.521
74.409
74.43
74.452
74.473
74.494
74.516
74.404
74.425
74.446
74.468
74.489
74.51
74.532
74.42
74.441
74.462
74.484
74.505
74.526
74.414
74.436
74.457
74.478
74.5
74.521
74.409
74.43
74.452
74.473
74.494
74.516
74.404
74.425
74.446
74.468
74.489
74.51
74.532
74.42
74.441
74.462
74.484
74.505
74.526
74.414
74.436
74.457
74.478
74.5
74.521
74.409
74.43
74.452
74.473
74.494
74.516
74.404
74.425
74.446
74.468
74.489
74.51
74.532
74.42
74.441
74.462
74.484
74.505
74.526
74.414
74.436
74.457
74.478
74.5
74.521
74.409
74.43
74.452
74.473
74.494
74.516
74.404
74.425
74.446
74.468
74.489
74.51
74.532
74.42
74.441
74.462
74.484
74.505
74.526
74.414
74.436
74.457
74.478
74.5
74.521
74.409
74.43
74.452
74.473
74.494
74.516
74.404
74.425
74.446
74.468
74.489
74.51
74.532
74.42
74.441
74.462
74.484
74.505
74.526
74.414
74.436
74.457
74.478
74.5
74.521
74.409
74.43
74.452
74.473
74.494
74.516
74.404
74.425
74.446
74.468
74.489
74.51
74.532
74.42
74.441
74.462
74.484
74.505
74.526
74.414
74.436
74.457
74.478
74.5
74.521
74.409
74.43
74.452
74.473
74.494
74.516
74.404
74.425
74.446
74.468
74.489
74.51
74.532
74.42
74.441
74.462
74.484
74.505
74.526
74.414
74.436
74.457
74.478
74.5
74.521
74.409
74.43
74.452
74.473
74.494
74.516
74.404
74.425
74.446
74.468
74.489
74.51
74.532
74.42
74.441
74.462
74.484
74.505
74.526
74.414
74.436
74.457
74.478
74.5
74.521
74.409
74.43
74.452
74.473
74.494
74.516
74.404
74.425
74.446
74.468
74.489
74.51
74.532
74.42
74.441
74.462
74.484
74.505
74.526
74.414
74.436
74.457
74.479
74.5
74.521
74.409
74.431
74.452
74.473
74.495
74.516
74.404
74.425
74.447
74.468
74.489
74.511
74.532
74.42
74.441
74.463
74.484
74.505
74.527
74.415
74.436
74.457
74.479
74.5
74.521
74.409
74.431
74.452
74.473
74.495
74.516
74.404
74.425
74.447
74.468
74.489
74.511
74.532
74.42
74.441
74.463
74.484
74.505
74.527
74.415
74.436
74.457
74.479
74.5
74.521
74.409
74.431
74.452
74.473
74.495
74.516
74.404
74.425
74.447
74.468
74.489
74.511
74.532
74.42
74.441
74.463
74.484
74.505
74.527
74.415
74.436
74.457
74.479
74.5
74.521
74.409
74.431
74.452
74.473
74.495
74.516
74.404
74.425
74.447
74.468
74.489
74.511
74.532
74.42
74.441
74.463
74.484
74.505
74.527
74.415
74.436
74.457
74.479
74.5
74.521
74.409
74.431
74.452
74.473
74.495
74.516
74.404
74.425
74.447
74.468
74.489
74.511
74.532
74.42
74.441
74.463
74.484
74.505
74.527
74.415
74.436
74.457
74.479
74.5
74.521
74.409
74.431
74.452
74.473
74.495
74.516
74.404
74.425
74.447
74.468
74.489
74.511
74.532
74.42
74.441
74.463
74.484
74.505
74.527
74.415
74.436
74.457
74.479
74.5
74.521
74.409
74.431
74.452
74.473
74.495
74.516
74.404
74.425
74.447
74.468
74.489
74.511
74.532
74.42
74.441
74.463
74.484
74.505
74.527
74.415
74.436
74.457
74.479
74.5
74.521
74.409
74.431
74.452
74.473
74.495
74.516
74.404
74.425
74.447
74.468
74.489
74.511
74.532
74.42
74.441
74.463
74.484
74.505
74.527
74.415
74.436
74.457
74.479
74.5
74.521
74.409
74.431
74.452
74.473
74.495
74.516
74.404
74.425
74.447
74.468
74.489
74.511
74.532
74.42
74.441
74.463
74.484
74.505
74.527
74.415
74.436
74.457
74.479
74.5
74.521
74.409
74.431
74.452
74.473
74.495
74.516
74.404
74.425
74.447
74.468
74.489
74.511
74.532
74.42
74.441
74.463
74.484
74.505
74.527
74.415
74.436
74.457
74.479
74.5
74.521
74.409
74.431
74.452
74.473
74.495
74.516
74.404
74.425
74.447
74.468
74.489
74.511
74.532
74.42
74.441
74.463
74.484
74.505
74.527
74.415
74.436
74.457
74.479
74.5
74.521
74.409
74.431
74.452
74.473
74.495
74.516
74.404
74.425
74.447
74.468
74.489
74.511
74.532
74.42
74.441
74.463
74.484
74.505
74.527
74.415
74.436
74.457
74.479
74.5
74.521
74.409
74.431
74.452
74.473
74.495
74.516
74.404
74.425
74.447
74.468
74.489
74.511
74.532
74.42
74.441
74.463
74.484
74.505
74.527
74.415
74.436
74.457
74.479
74.5
74.521
74.409
74.431
74.452
74.473
74.495
74.516
74.404
74.425
74.447
74.468
74.489
74.511
74.532
74.42
74.441
74.463
74.484
74.505
74.527
74.415
74.436
74.457
74.479
74.5
74.521
74.409
74.431
74.452
74.473
74.495
74.516
74.404
74.425
74.447
74.468
74.489
74.511
74.532
74.42
74.441
74.463
74.484
74.505
74.527
74.415
74.436
74.457
74.479
74.5
74.521
74.409
74.431
74.452
74.473
74.495
74.516
74.404
74.425
74.447
74.468
74.489
74.511
74.532
74.42
74.441
74.463
74.484
74.505
74.527
74.415
74.436
74.457
74.479
74.5
74.521
74.409
74.431
74.452
74.473
74.495
74.516
74.404
74.425
74.447
74.468
74.489
74.511
74.532
74.42
74.441
74.463
74.484
74.505
74.527
74.415
74.436
74.457
74.479
74.5
74.521
74.409
74.431
74.452
74.473
74.495
74.516
74.404
74.425
74.447
74.468
74.489
74.511
74.532
74.42
74.441
74.463
74.484
74.505
74.527
74.415
74.436
74.457
74.479
74.5
74.521
74.409
74.431
74.452
74.473
74.495
74.516
74.404
74.425
74.447
74.468
74.49
74.511
74.532
74.42
74.442
74.463
74.484
74.506
74.527
74.415
74.436
74.458
74.479
74.5
74.522
74.41
74.431
74.452
74.474
74.495
74.516
74.404
74.426
74.447
74.468
74.49
74.511
74.532
74.42
74.442
74.463
74.484
74.506
74.527
74.415
74.436
74.458
74.479
74.5
74.522
74.41
74.431
74.452
74.474
74.495
74.516
74.404
74.426
74.447
74.468
74.49
74.511
74.532
74.42
74.442
74.463
74.484
74.506
74.527
74.415
74.436
74.458
74.479
74.5
74.522
74.41
74.431
74.452
74.474
74.495
74.516
74.404
74.426
74.447
74.468
74.49
74.511
74.532
74.42
74.442
74.463
74.484
74.506
74.527
74.415
74.436
74.458
74.479
74.5
74.522
74.41
74.431
74.452
74.474
74.495
74.516
74.404
74.426
74.447
74.468
74.49
74.511
74.532
74.42
74.442
74.463
74.484
74.506
74.527
74.415
74.436
74.458
74.479
74.5
74.522
74.41
74.431
74.452
74.474
74.495
74.516
74.404
74.426
74.447
74.468
74.49
74.511
74.532
74.42
74.442
74.463
74.484
74.506
74.527
74.415
74.436
74.458
74.479
74.5
74.522
74.41
74.431
74.452
74.474
74.495
74.516
74.404
74.426
74.447
74.468
74.49
74.511
74.532
74.42
74.442
74.463
74.484
74.506
74.527
74.415
74.436
74.458
74.479
74.5
74.522
74.41
74.431
74.452
74.474
74.495
74.516
74.404
74.426
74.447
74.468
74.49
74.511
74.532
74.42
74.442
74.463
74.484
74.506
74.527
74.415
74.436
74.458
74.479
74.5
74.522
74.41
74.431
74.452
74.474
74.495
74.516
74.404
74.426
74.447
74.468
74.49
74.511
74.532
74.42
74.442
74.463
74.484
74.506
74.527
74.415
74.436
74.458
74.479
74.5
74.522
74.41
74.431
74.452
74.474
74.495
74.516
74.404
74.426
74.447
74.468
74.49
74.511
74.532
74.42
74.442
74.463
74.484
74.506
74.527
74.415
74.436
74.458
74.479
74.5
74.522
74.41
74.431
74.452
74.474
74.495
74.516
74.404
74.426
74.447
74.468
74.49
74.511
74.532
74.42
74.442
74.463
74.484
74.506
74.527
74.415
74.436
74.458
74.479
74.5
74.522
74.41
74.431
74.452
74.474
74.495
74.516
74.404
74.426
74.447
74.468
74.49
74.511
74.532
74.42
74.442
74.463
74.484
74.506
74.527
74.415
74.436
74.458
74.479
74.5
74.522
74.41
74.431
74.452
74.474
74.495
74.516
74.404
74.426
74.447
74.468
74.49
74.511
74.532
74.42
74.442
74.463
74.484
74.506
74.527
74.415
74.436
74.458
74.479
74.5
74.522
74.41
74.431
74.452
74.474
74.495
74.516
74.404
74.426
74.447
74.468
74.49
74.511
74.532
74.42
74.442
74.463
74.484
74.506
74.527
74.415
74.436
74.458
74.479
74.5
74.522
74.41
74.431
74.452
74.474
74.495
74.516
74.404
74.426
74.447
74.468
74.49
74.511
74.532
74.42
74.442
74.463
74.484
74.506
74.527
74.415
74.436
74.458
74.479
74.5
74.522
74.41
74.431
74.452
74.474
74.495
74.516
74.404
74.426
74.447
74.468
74.49
74.511
74.532
74.42
74.442
74.463
74.484
74.506
74.527
74.415
74.436
74.458
74.479
74.5
74.522
74.41
74.431
74.452
74.474
74.495
74.516
74.404
74.426
74.447
74.468
74.49
74.511
74.532
74.42
74.442
74.463
74.484
74.506
74.527
74.415
74.436
74.458
74.479
74.5
74.522
74.41
74.431
74.452
74.474
74.495
74.516
74.404
74.426
74.447
74.468
74.49
74.511
74.532
74.42
74.442
74.463
74.484
74.506
74.527
74.415
74.436
74.458
74.479
74.5
74.522
74.41
74.431
74.452
74.474
74.495
74.516
74.404
74.426
74.447
74.468
74.49
74.511
74.532
74.42
74.442
74.463
74.484
74.506
74.527
74.415
74.436
74.458
74.479
74.501
74.522
74.41
74.431
74.453
74.474
74.495
74.517
74.405
74.426
74.447
74.469
74.49
74.511
74.533
74.421
74.442
74.463
74.485
74.506
74.527
74.415
74.437
74.458
74.479
74.501
74.522
74.41
74.431
74.453
74.474
74.495
74.517
74.405
74.426
74.447
74.469
74.49
74.511
74.533
74.421
74.442
74.463
74.485
74.506
74.527
74.415
74.437
74.458
74.479
74.501
74.522
74.41
74.431
74.453
74.474
74.495
74.517
74.405
74.426
74.447
74.469
74.49
74.511
74.533
74.421
74.442
74.463
74.485
74.506
74.527
74.415
74.437
74.458
74.479
74.501
74.522
74.41
74.431
74.453
74.474
74.495
74.517
74.405
74.426
74.447
74.469
74.49
74.511
74.533
74.421
74.442
74.463
74.485
74.506
74.527
74.415
74.437
74.458
74.479
74.501
74.522
74.41
74.431
74.453
74.474
74.495
74.517
74.405
74.426
74.447
74.469
74.49
74.511
74.533
74.421
74.442
74.463
74.485
74.506
74.527
74.415
74.437
74.458
74.479
74.501
74.522
74.41
74.431
74.453
74.474
74.495
74.517
74.405
74.426
74.447
74.469
74.49
74.511
74.533
74.421
74.442
74.463
74.485
74.506
74.527
74.415
74.437
74.458
74.479
74.501
74.522
74.41
74.431
74.453
74.474
74.495
74.517
74.405
74.426
74.447
74.469
74.49
74.511
74.533
74.421
74.442
74.463
74.485
74.506
74.527
74.415
74.437
74.458
74.479
74.501
74.522
74.41
74.431
74.453
74.474
74.495
74.517
74.405
74.426
74.447
74.469
74.49
74.511
74.533
74.421
74.442
74.463
74.485
74.506
74.527
74.415
74.437
74.458
74.479
74.501
74.522
74.41
74.431
74.453
74.474
74.495
74.517
74.405
74.426
74.447
74.469
74.49
74.511
74.533
74.421
74.442
74.463
74.485
74.506
74.527
74.415
74.437
74.458
74.479
74.501
74.522
74.41
74.431
74.453
74.474
74.495
74.517
74.405
74.426
74.447
74.469
74.49
74.511
74.533
74.421
74.442
74.463
74.485
74.506
74.527
74.415
74.437
74.458
74.479
74.501
74.522
74.41
74.431
74.453
74.474
74.495
74.517
74.405
74.426
74.447
74.469
74.49
74.511
74.533
74.421
74.442
74.463
74.485
74.506
74.527
74.415
74.437
74.458
74.479
74.501
74.522
74.41
74.431
74.453
74.474
74.495
74.517
74.405
74.426
74.447
74.469
74.49
74.511
74.533
74.421
74.442
74.463
74.485
74.506
74.527
74.415
74.437
74.458
74.479
74.501
74.522
74.41
74.431
74.453
74.474
74.495
74.517
74.405
74.426
74.447
74.469
74.49
74.511
74.533
74.421
74.442
74.463
74.485
74.506
74.527
74.415
74.437
74.458
74.479
74.501
74.522
74.41
74.431
74.453
74.474
74.495
74.517
74.405
74.426
74.447
74.469
74.49
74.511
74.533
74.421
74.442
74.463
74.485
74.506
74.527
74.415
74.437
74.458
74.479
74.501
74.522
74.41
74.431
74.453
74.474
74.495
74.517
74.405
74.426
74.447
74.469
74.49
74.511
74.533
74.421
74.442
74.463
74.485
74.506
74.527
74.415
74.437
74.458
74.479
74.501
74.522
74.41
74.431
74.453
74.474
74.495
74.517
74.405
74.426
74.447
74.469
74.49
74.511
74.533
74.421
74.442
74.463
74.485
74.506
74.527
74.415
74.437
74.458
74.479
74.501
74.522
74.41
74.431
74.453
74.474
74.495
74.517
74.405
74.426
74.447
74.469
74.49
74.511
74.533
74.421
74.442
74.463
74.485
74.506
74.527
74.415
74.437
74.458
74.479
74.501
74.522
74.41
74.431
74.453
74.474
74.495
74.517
74.405
74.426
74.447
74.469
74.49
74.511
74.533
74.421
74.442
74.463
74.485
74.506
74.527
74.415
74.437
74.458
74.479
74.501
74.522
74.41
74.431
74.453
74.474
74.495
74.517
74.405
74.426
74.447
74.469
74.49
74.512
74.533
74.421
74.442
74.464
74.485
74.506
74.528
74.416
74.437
74.458
74.48
74.501
74.522
74.41
74.432
74.453
74.474
74.496
74.517
74.405
74.426
74.448
74.469
74.49
74.512
74.533
74.421
74.442
74.464
74.485
74.506
74.528
74.416
74.437
74.458
74.48
74.501
74.522
74.41
74.432
74.453
74.474
74.496
74.517
74.405
74.426
74.448
74.469
74.49
74.512
74.533
74.421
74.442
74.464
74.485
74.506
74.528
74.416
74.437
74.458
74.48
74.501
74.522
74.41
74.432
74.453
74.474
74.496
74.517
74.405
74.426
74.448
74.469
74.49
74.512
74.533
74.421
74.442
74.464
74.485
74.506
74.528
74.416
74.437
74.458
74.48
74.501
74.522
74.41
74.432
74.453
74.474
74.496
74.517
74.405
74.426
74.448
74.469
74.49
74.512
74.533
74.421
74.442
74.464
74.485
74.506
74.528
74.416
74.437
74.458
74.48
74.501
74.522
74.41
74.432
74.453
74.474
74.496
74.517
74.405
74.426
74.448
74.469
74.49
74.512
74.533
74.421
74.442
74.464
74.485
74.506
74.528
74.416
74.437
74.458
74.48
74.501
74.522
74.41
74.432
74.453
74.474
74.496
74.517
74.405
74.426
74.448
74.469
74.49
74.512
74.533
74.421
74.442
74.464
74.485
74.506
74.528
74.416
74.437
74.458
74.48
74.501
74.522
74.41
74.432
74.453
74.474
74.496
74.517
74.405
74.426
74.448
74.469
74.49
74.512
74.533
74.421
74.442
74.464
74.485
74.506
74.528
74.416
74.437
74.458
74.48
74.501
74.522
74.41
74.432
74.453
74.474
74.496
74.517
74.405
74.426
74.448
74.469
74.49
74.512
74.533
74.421
74.442
74.464
74.485
74.506
74.528
74.416
74.437
74.458
74.48
74.501
74.522
74.41
74.432
74.453
74.474
74.496
74.517
74.405
74.426
74.448
74.469
74.49
74.512
74.533
74.421
74.442
74.464
74.485
74.506
74.528
74.416
74.437
74.458
74.48
74.501
74.522
74.41
74.432
74.453
74.474
74.496
74.517
74.405
74.426
74.448
74.469
74.49
74.512
74.533
74.421
74.442
74.464
74.485
74.506
74.528
74.416
74.437
74.458
74.48
74.501
74.522
74.41
74.432
74.453
74.474
74.496
74.517
74.405
74.426
74.448
74.469
74.49
74.512
74.533
74.421
74.442
74.464
74.485
74.506
74.528
74.416
74.437
74.458
74.48
74.501
74.522
74.41
74.432
74.453
74.474
74.496
74.517
74.405
74.426
74.448
74.469
74.49
74.512
74.533
74.421
74.442
74.464
74.485
74.506
74.528
74.416
74.437
74.458
74.48
74.501
74.522
74.41
74.432
74.453
74.474
74.496
74.517
74.405
74.426
74.448
74.469
74.49
74.512
74.533
74.421
74.442
74.464
74.485
74.506
74.528
74.416
74.437
74.458
74.48
74.501
74.522
74.41
74.432
74.453
74.474
74.496
74.517
74.405
74.426
74.448
74.469
74.49
74.512
74.533
74.421
74.442
74.464
74.485
74.506
74.528
74.416
74.437
74.458
74.48
74.501
74.522
74.41
74.432
74.453
74.474
74.496
74.517
74.405
74.426
74.448
74.469
74.49
74.512
74.533
74.421
74.442
74.464
74.485
74.506
74.528
74.416
74.437
74.458
74.48
74.501
74.522
74.41
74.432
74.453
74.474
74.496
74.517
74.405
74.426
74.448
74.469
74.49
74.512
74.533
74.421
74.442
74.464
74.485
74.506
74.528
74.416
74.437
74.458
74.48
74.501
74.522
74.41
74.432
74.453
74.474
74.496
74.517
74.405
74.426
74.448
74.469
74.49
74.512
74.533
74.421
74.442
74.464
74.485
74.506
74.528
74.416
74.437
74.458
74.48
74.501
74.522
74.41
74.432
74.453
74.474
74.496
74.517
74.405
74.426
74.448
74.469
74.49
74.512
74.533
74.421
74.442
74.464
74.485
74.506
74.528
74.416
74.437
74.458
74.48
74.501
74.523
74.411
74.432
74.453
74.475
74.496
74.517
74.405
74.427
74.448
74.469
74.491
74.512
74.533
74.421
74.443
74.464
74.485
74.507
74.528
74.416
74.437
74.459
74.48
74.501
74.523
74.411
74.432
74.453
74.475
74.496
74.517
74.405
74.427
74.448
74.469
74.491
74.512
74.533
74.421
74.443
74.464
74.485
74.507
74.528
74.416
74.437
74.459
74.48
74.501
74.523
74.411
74.432
74.453
74.475
74.496
74.517
74.405
74.427
74.448
74.469
74.491
74.512
74.533
74.421
74.443
74.464
74.485
74.507
74.528
74.416
74.437
74.459
74.48
74.501
74.523
74.411
74.432
74.453
74.475
74.496
74.517
74.405
74.427
74.448
74.469
74.491
74.512
74.533
74.421
74.443
74.464
74.485
74.507
74.528
74.416
74.437
74.459
74.48
74.501
74.523
74.411
74.432
74.453
74.475
74.496
74.517
74.405
74.427
74.448
74.469
74.491
74.512
74.533
74.421
74.443
74.464
74.485
74.507
74.528
74.416
74.437
74.459
74.48
74.501
74.523
74.411
74.432
74.453
74.475
74.496
74.517
74.405
74.427
74.448
74.469
74.491
74.512
74.533
74.421
74.443
74.464
74.485
74.507
74.528
74.416
74.437
74.459
74.48
74.501
74.523
74.411
74.432
74.453
74.475
74.496
74.517
74.405
74.427
74.448
74.469
74.491
74.512
74.533
74.421
74.443
74.464
74.485
74.507
74.528
74.416
74.437
74.459
74.48
74.501
74.523
74.411
74.432
74.453
74.475
74.496
74.517
74.405
74.427
74.448
74.469
74.491
74.512
74.533
74.421
74.443
74.464
74.485
74.507
74.528
74.416
74.437
74.459
74.48
74.501
74.523
74.411
74.432
74.453
74.475
74.496
74.517
74.405
74.427
74.448
74.469
74.491
74.512
74.533
74.421
74.443
74.464
74.485
74.507
74.528
74.416
74.437
74.459
74.48
74.501
74.523
74.411
74.432
74.453
74.475
74.496
74.517
74.405
74.427
74.448
74.469
74.491
74.512
74.533
74.421
74.443
74.464
74.485
74.507
74.528
74.416
74.437
74.459
74.48
74.501
74.523
74.411
74.432
74.453
74.475
74.496
74.517
74.405
74.427
74.448
74.469
74.491
74.512
74.533
74.421
74.443
74.464
74.485
74.507
74.528
74.416
74.437
74.459
74.48
74.501
74.523
74.411
74.432
74.453
74.475
74.496
74.517
74.405
74.427
74.448
74.469
74.491
74.512
74.533
74.421
74.443
74.464
74.485
74.507
74.528
74.416
74.437
74.459
74.48
74.501
74.523
74.411
74.432
74.453
74.475
74.496
74.517
74.405
74.427
74.448
74.469
74.491
74.512
74.533
74.421
74.443
74.464
74.485
74.507
74.528
74.416
74.437
74.459
74.48
74.501
74.523
74.411
74.432
74.453
74.475
74.496
74.517
74.405
74.427
74.448
74.469
74.491
74.512
74.533
74.421
74.443
74.464
74.485
74.507
74.528
74.416
74.437
74.459
74.48
74.501
74.523
74.411
74.432
74.453
74.475
74.496
74.517
74.405
74.427
74.448
74.469
74.491
74.512
74.533
74.421
74.443
74.464
74.485
74.507
74.528
74.416
74.437
74.459
74.48
74.501
74.523
74.411
74.432
74.453
74.475
74.496
74.517
74.405
74.427
74.448
74.469
74.491
74.512
74.533
74.421
74.443
74.464
74.485
74.507
74.528
74.416
74.437
74.459
74.48
74.501
74.523
74.411
74.432
74.453
74.475
74.496
74.517
74.405
74.427
74.448
74.469
74.491
74.512
74.533
74.421
74.443
74.464
74.485
74.507
74.528
74.416
74.437
74.459
74.48
74.501
74.523
74.411
74.432
74.453
74.475
74.496
74.517
74.405
74.427
74.448
74.469
74.491
74.512
74.533
74.421
74.443
74.464
74.485
74.507
74.528
74.416
74.437
74.459
74.48
74.501
74.523
74.411
74.432
74.453
74.475
74.496
74.517
74.405
74.427
74.448
74.469
74.491
