26.152
26.24
26.328
26.416
26.504
26.592
26.68
26.768
26.856
26.944
27.032
27.12
27.208
27.296
27.384
27.472
27.56
27.648
27.736
27.824
27.912
28
28.088
28.176
28.264
28.352
28.44
28.528
28.616
28.704
28.792
28.88
28.968
29.056
29.144
29.232
29.32
29.408
29.496
29.584
29.672
29.76
29.848
29.936
30.024
30.112
30.2
30.288
30.376
30.464
30.552
30.64
30.728
30.816
30.904
30.992
31.08
31.168
31.256
31.344
31.432
31.52
31.608
31.696
31.784
31.872
31.96
32.048
32.136
32.224
32.312
32.4
32.488
32.576
32.664
32.752
32.84
32.928
33.016
33.104
33.192
33.28
33.368
33.456
33.544
33.632
33.72
33.808
33.896
33.984
34.072
34.16
34.248
34.336
34.424
34.512
34.6
34.688
34.776
34.864
34.952
35.04
35.128
35.216
35.304
35.392
35.48
35.568
35.656
35.744
35.832
35.92
36.008
36.096
36.184
36.272
36.36
36.448
36.536
36.624
36.712
36.8
36.888
36.976
37.064
37.152
37.24
37.328
37.416
37.504
37.592
37.68
37.768
37.856
37.944
38.032
38.12
38.208
38.296
38.384
38.472
38.56
38.648
38.736
38.824
38.912
39
39.088
39.176
39.264
39.352
39.44
39.528
39.616
39.704
39.792
39.88
39.968
40.056
40.144
40.232
40.32
40.408
40.496
40.584
40.672
40.76
40.848
40.936
41.024
41.112
41.2
41.288
41.376
41.464
41.552
41.64
41.728
41.816
41.904
41.992
42.08
42.168
42.256
42.344
42.432
42.52
42.608
42.696
42.784
42.872
42.96
43.048
43.136
43.224
43.312
43.4
43.488
43.576
43.664
43.752
43.84
43.928
44.016
44.104
44.192
44.28
44.368
44.456
44.544
44.632
44.72
44.808
44.896
44.984
45.072
45.16
45.248
45.336
45.424
45.512
45.6
45.688
45.776
45.864
45.952
46.04
46.128
46.216
46.304
46.392
46.48
46.568
46.656
46.744
46.832
46.92
47.008
47.096
47.184
47.272
47.36
47.448
47.536
47.624
47.712
47.8
47.888
47.976
48.064
48.152
48.24
48.328
48.416
48.504
48.592
48.68
48.768
48.856
48.944
49.032
49.12
49.208
49.296
49.384
49.472
49.56
49.648
49.736
49.824
49.912
50
50.088
50.176
50.264
50.352
50.44
50.528
50.616
50.704
50.792
50.88
50.968
51.056
51.144
51.232
51.32
51.408
51.496
51.584
51.672
51.76
51.848
51.936
52.024
52.112
52.2
52.288
52.376
52.464
52.552
52.64
52.728
52.816
52.904
52.992
53.08
53.168
53.256
53.344
53.432
53.52
53.608
53.696
53.784
53.872
53.96
54.048
54.136
54.224
54.312
54.4
54.488
54.576
54.664
54.752
54.84
54.928
55.016
55.104
55.192
55.28
55.368
55.456
55.544
55.632
55.72
55.808
55.896
55.984
56.072
56.16
56.248
56.336
56.424
56.512
56.6
56.688
56.776
56.864
56.952
57.04
57.128
57.216
57.304
57.392
57.48
57.568
57.656
57.744
57.832
57.92
58.008
58.096
58.184
58.272
58.36
58.448
58.536
58.624
58.712
58.8
58.888
58.976
59.064
59.152
59.24
59.328
59.416
59.504
59.592
59.68
59.768
59.856
59.944
60.032
60.12
60.208
60.296
60.384
60.472
60.56
60.648
60.736
60.824
60.912
61
61.088
61.176
61.264
61.352
61.44
61.528
61.616
61.704
61.792
61.88
61.968
62.056
62.144
62.232
62.32
62.408
62.496
62.584
62.672
62.76
62.848
62.936
63.024
63.112
63.2
63.288
63.376
63.464
63.552
63.64
63.728
63.816
63.904
63.992
64.08
64.168
64.256
64.344
64.432
64.52
64.608
64.696
64.784
64.872
64.96
65.048
65.136
65.224
65.312
65.4
65.488
65.576
65.664
65.752
65.84
65.928
66.016
66.104
66.192
66.28
66.368
66.456
66.544
66.632
66.72
66.808
66.896
66.984
67.072
67.16
67.248
67.336
67.424
67.512
67.6
67.688
67.776
67.864
67.952
68.04
68.128
68.216
68.304
68.392
68.48
68.568
68.656
68.744
68.832
68.92
69.008
69.096
69.184
69.272
69.36
69.448
69.536
69.624
69.712
69.8
69.888
69.976
70.064
70.152
70.24
70.328
70.416
70.504
70.592
70.68
70.768
70.856
70.944
71.032
71.12
71.208
71.296
71.384
71.472
71.56
71.648
71.736
71.824
71.912
72
72.088
72.176
72.264
72.352
72.44
72.528
72.616
72.704
72.792
72.88
72.968
73.056
73.144
73.232
73.32
73.408
73.496
73.584
73.672
73.76
73.848
73.936
74.024
74.112
74.2
74.288
74.376
74.464
74.552
74.64
74.728
74.816
74.904
74.992
75.08
75.168
75.256
75.344
75.432
75.52
75.608
75.696
75.784
75.872
75.96
76.048
76.136
76.224
76.312
76.4
76.488
76.576
76.664
76.752
76.84
76.928
77.016
77.104
77.192
77.28
77.368
77.456
77.544
77.632
77.72
77.808
77.896
77.984
78.072
78.16
78.248
78.336
78.424
78.512
78.6
78.688
78.776
78.864
78.952
79.04
79.128
79.216
79.304
79.392
79.48
79.568
79.656
79.744
79.832
79.92
80.008
80.096
80.184
80.272
80.36
80.448
80.536
80.624
80.712
80.8
80.888
80.976
81.064
81.152
81.24
81.328
81.416
81.504
81.592
81.68
81.768
81.856
81.944
82.032
82.12
82.208
82.296
82.384
82.472
82.56
82.648
82.736
82.824
82.912
83
83.088
83.176
83.264
83.352
83.44
83.528
83.616
83.704
83.792
83.88
83.968
84.056
84.144
84.232
84.32
84.408
84.496
84.584
84.672
84.76
84.848
84.936
85.024
85.112
85.2
85.288
85.376
85.464
85.552
85.64
85.728
85.816
85.904
85.992
86.08
86.168
86.256
86.344
86.432
86.52
86.608
86.696
86.784
86.872
86.96
87.048
87.136
87.224
87.312
87.4
87.488
87.576
87.664
87.752
87.84
87.928
88.016
88.104
88.192
88.28
88.368
88.456
88.544
88.632
88.72
88.808
88.896
88.984
89.072
89.16
89.248
89.336
89.424
89.512
89.6
89.688
89.776
89.864
89.952
90.04
90.128
90.216
90.304
90.392
90.48
90.568
90.656
90.744
90.832
90.92
91.008
91.096
91.184
91.272
91.36
91.448
91.536
91.624
91.712
91.8
91.888
91.976
92.064
92.152
92.24
92.328
92.416
92.504
92.592
92.68
92.768
92.856
92.944
93.032
93.12
93.208
93.296
93.384
93.472
93.56
93.648
93.736
93.824
93.912
94
94.088
94.176
94.264
94.352
94.44
94.528
94.616
94.704
94.792
94.88
94.968
95.056
95.144
95.232
95.32
95.408
95.496
95.584
95.672
95.76
95.848
95.936
96.024
96.112
96.2
96.288
96.376
96.464
96.552
96.64
96.728
96.816
96.904
96.992
97.08
97.168
97.256
97.344
97.432
97.52
97.608
97.696
97.784
97.872
97.96
98.048
98.136
98.224
98.312
98.4
98.488
98.576
98.664
98.752
98.84
98.928
99.016
99.104
99.192
99.28
99.368
99.456
99.544
99.632
99.72
99.808
99.896
99.984
100.072
100.16
100.248
100.336
100.424
100.512
100.6
100.688
100.776
100.864
100.952
101.04
101.128
101.216
101.304
101.392
101.48
101.568
101.656
101.744
101.832
101.92
102.008
102.096
102.184
102.272
102.36
102.448
102.536
102.624
102.712
102.8
102.888
102.976
103.064
103.152
103.24
103.328
103.416
103.504
103.592
103.68
103.768
103.856
103.944
104.032
104.12
104.208
104.296
104.384
104.472
104.56
104.648
104.736
104.824
104.912
105
105.088
105.176
105.264
105.352
105.44
105.528
105.616
105.704
105.792
105.88
105.968
106.056
106.144
106.232
106.32
106.408
106.496
106.584
106.672
106.76
106.848
106.936
107.024
107.112
107.2
107.288
107.376
107.464
107.552
107.64
107.728
107.816
107.904
107.992
108.08
108.168
108.256
108.344
108.432
108.52
108.608
108.696
108.784
108.872
108.96
109.048
109.136
109.224
109.312
109.4
109.488
109.576
109.664
109.752
109.84
109.928
110.016
110.104
110.192
110.28
110.368
110.456
110.544
110.632
110.72
110.808
110.896
110.984
111.072
111.16
111.248
111.336
111.424
111.512
111.6
111.688
111.776
111.864
111.952
112.04
112.128
112.216
112.304
112.392
112.48
112.568
112.656
112.744
112.832
112.92
113.008
113.096
113.184
113.272
113.36
113.448
113.536
113.624
113.712
113.8
113.888
113.976
114.064
114.152
114.24
114.328
114.416
114.504
114.592
114.68
114.768
114.856
114.944
115.032
115.12
115.208
115.296
115.384
115.472
115.56
115.648
115.736
115.824
115.912
116
116.088
116.176
116.264
116.352
116.44
116.528
116.616
116.704
116.792
116.88
116.968
117.056
117.144
117.232
117.32
117.408
117.496
117.584
117.672
117.76
117.848
117.936
118.024
118.112
118.2
118.288
118.376
118.464
118.552
118.64
118.728
118.816
118.904
118.992
119.08
119.168
119.256
119.344
119.432
119.52
119.608
119.696
119.784
119.872
119.96
120.048
120.136
120.224
120.312
120.4
120.488
120.576
120.664
120.752
120.84
120.928
121.016
121.104
121.192
121.28
121.368
121.456
121.544
121.632
121.72
121.808
121.896
121.984
122.072
122.16
122.248
122.336
122.424
122.512
122.6
122.688
122.776
122.864
122.952
123.04
123.128
123.216
123.304
123.392
123.48
123.568
123.656
123.744
123.832
123.92
124.008
124.096
124.184
124.272
124.36
124.448
124.536
124.624
124.712
124.8
124.888
124.976
125.064
125.152
125.24
125.328
125.416
125.504
125.592
125.68
125.768
125.856
125.944
126.032
126.12
126.208
126.296
126.384
126.472
126.56
126.648
126.736
126.824
126.912
127
127.088
127.176
127.264
127.352
127.44
127.528
127.616
127.704
127.792
127.88
127.968
128.056
128.144
128.232
128.32
128.408
128.496
128.584
128.672
128.76
128.848
128.936
129.024
129.112
129.2
129.288
129.376
129.464
129.552
129.64
129.728
129.816
129.904
129.992
130.08
130.168
130.256
130.344
130.432
130.52
130.608
130.696
130.784
130.872
130.96
131.048
131.136
131.224
131.312
131.4
131.488
131.576
131.664
131.752
131.84
131.928
132.016
132.104
132.192
132.28
132.368
132.456
132.544
132.632
132.72
132.808
132.896
132.984
133.072
133.16
133.248
133.336
133.424
133.512
133.6
133.688
133.776
133.864
133.952
134.04
134.128
134.216
134.304
134.392
134.48
134.568
134.656
134.744
134.832
134.92
135.008
135.096
135.184
135.272
135.36
135.448
135.536
135.624
135.712
135.8
135.888
135.976
136.064
136.152
136.24
136.328
136.416
136.504
136.592
136.68
136.768
136.856
136.944
137.032
137.12
137.208
137.296
137.384
137.472
137.56
137.648
137.736
137.824
137.912
138
138.088
138.176
138.264
138.352
138.44
138.528
138.616
138.704
138.792
138.88
138.968
139.056
139.144
139.232
139.32
139.408
139.496
139.584
139.672
139.76
139.848
139.936
140.024
140.112
140.2
140.288
140.376
140.464
140.552
140.64
140.728
140.816
140.904
140.992
141.08
141.168
141.256
141.344
141.432
141.52
141.608
141.696
141.784
141.872
141.96
142.048
142.136
142.224
142.312
142.4
142.488
142.576
142.664
142.752
142.84
142.928
143.016
143.104
143.192
143.28
143.368
143.456
143.544
143.632
143.72
143.808
143.896
143.984
144.072
144.16
144.248
144.336
144.424
144.512
144.6
144.688
144.776
144.864
144.952
145.04
145.128
145.216
145.304
145.392
145.48
145.568
145.656
145.744
145.832
145.92
146.008
146.096
146.184
146.272
146.36
146.448
146.536
146.624
146.712
146.8
146.888
146.976
147.064
147.152
147.24
147.328
147.416
147.504
147.592
147.68
147.768
147.856
147.944
148.032
148.12
148.208
148.296
148.384
148.472
148.56
148.648
148.736
148.824
148.912
149
149.088
149.176
149.264
149.352
149.44
149.528
149.616
149.704
149.792
149.88
149.968
150.056
150.144
150.232
150.32
150.408
150.496
150.584
150.672
150.76
150.848
150.936
151.024
151.112
151.2
151.288
151.376
151.464
151.552
151.64
151.728
151.816
151.904
151.992
152.08
152.168
152.256
152.344
152.432
152.52
152.608
152.696
152.784
152.872
152.96
153.048
153.136
153.224
153.312
153.4
153.488
153.576
153.664
153.752
153.84
153.928
154.016
154.104
154.192
154.28
154.368
154.456
154.544
154.632
154.72
154.808
154.896
154.984
155.072
155.16
155.248
155.336
155.424
155.512
155.6
155.688
155.776
155.864
155.952
156.04
156.128
156.216
156.304
156.392
156.48
156.568
156.656
156.744
156.832
156.92
157.008
157.096
157.184
157.272
157.36
157.448
157.536
157.624
157.712
157.8
157.888
157.976
158.064
158.152
158.24
158.328
158.416
158.504
158.592
158.68
158.768
158.856
158.944
159.032
159.12
159.208
159.296
159.384
159.472
159.56
159.648
159.736
159.824
159.912
160
160.088
160.176
160.264
160.352
160.44
160.528
160.616
160.704
160.792
160.88
160.968
161.056
161.144
161.232
161.32
161.408
161.496
161.584
161.672
161.76
161.848
161.936
162.024
162.112
162.2
162.288
162.376
162.464
162.552
162.64
162.728
162.816
162.904
162.992
163.08
163.168
163.256
163.344
163.432
163.52
163.608
163.696
163.784
163.872
163.96
164.048
164.136
164.224
164.312
164.4
164.488
164.576
164.664
164.752
164.84
164.928
165.016
165.104
165.192
165.28
165.368
165.456
165.544
165.632
165.72
165.808
165.896
165.984
166.072
166.16
166.248
166.336
166.424
166.512
166.6
166.688
166.776
166.864
166.952
167.04
167.128
167.216
167.304
167.392
167.48
167.568
167.656
167.744
167.832
167.92
168.008
168.096
168.184
168.272
168.36
168.448
168.536
168.624
168.712
168.8
168.888
168.976
169.064
169.152
169.24
169.328
169.416
169.504
169.592
169.68
169.768
169.856
169.944
170.032
170.12
170.208
170.296
170.384
170.472
170.56
170.648
170.736
170.824
170.912
171
171.088
171.176
171.264
171.352
171.44
171.528
171.616
171.704
171.792
171.88
171.968
172.056
172.144
172.232
172.32
172.408
172.496
172.584
172.672
172.76
172.848
172.936
173.024
173.112
173.2
173.288
173.376
173.464
173.552
173.64
173.728
173.816
173.904
173.992
174.08
174.168
174.256
174.344
174.432
174.52
174.608
174.696
174.784
174.872
174.96
175.048
175.136
175.224
175.312
175.4
175.488
175.576
175.664
175.752
175.84
175.928
176.016
176.104
176.192
176.28
176.368
176.456
176.544
176.632
176.72
176.808
176.896
176.984
177.072
177.16
177.248
177.336
177.424
177.512
177.6
177.688
177.776
177.864
177.952
178.04
178.128
178.216
178.304
178.392
178.48
178.568
178.656
178.744
178.832
178.92
179.008
179.096
179.184
179.272
179.36
179.448
179.536
179.624
179.712
179.8
179.888
179.976
180.064
180.152
180.24
180.328
180.416
180.504
180.592
180.68
180.768
180.856
180.944
181.032
181.12
181.208
181.296
181.384
181.472
181.56
181.648
181.736
181.824
181.912
182
182.088
182.176
182.264
182.352
182.44
182.528
182.616
182.704
182.792
182.88
182.968
183.056
183.144
183.232
183.32
183.408
183.496
183.584
183.672
183.76
183.848
183.936
184.024
184.112
184.2
184.288
184.376
184.464
184.552
184.64
184.728
184.816
184.904
184.992
185.08
185.168
185.256
185.344
185.432
185.52
185.608
185.696
185.784
185.872
185.96
186.048
186.136
186.224
186.312
186.4
186.488
186.576
186.664
186.752
186.84
186.928
187.016
187.104
187.192
187.28
187.368
187.456
187.544
187.632
187.72
187.808
187.896
187.984
188.072
188.16
188.248
188.336
188.424
188.512
188.6
188.688
188.776
188.864
188.952
189.04
189.128
189.216
189.304
189.392
189.48
189.568
189.656
189.744
189.832
189.92
190.008
190.096
190.184
190.272
190.36
190.448
190.536
190.624
190.712
190.8
190.888
190.976
191.064
191.152
191.24
191.328
191.416
191.504
191.592
191.68
191.768
191.856
191.944
192.032
192.12
192.208
192.296
192.384
192.472
192.56
192.648
192.736
192.824
192.912
193
193.088
193.176
193.264
193.352
193.44
193.528
193.616
193.704
193.792
193.88
193.968
194.056
194.144
194.232
194.32
194.408
194.496
194.584
194.672
194.76
194.848
194.936
195.024
195.112
195.2
195.288
195.376
195.464
195.552
195.64
195.728
195.816
195.904
195.992
196.08
196.168
196.256
196.344
196.432
196.52
196.608
196.696
196.784
196.872
196.96
197.048
197.136
197.224
197.312
197.4
197.488
197.576
197.664
197.752
197.84
197.928
198.016
198.104
198.192
198.28
198.368
198.456
198.544
198.632
198.72
198.808
198.896
198.984
199.072
199.16
199.248
199.336
199.424
199.512
199.6
199.688
199.776
199.864
199.952
200.04
200.128
200.216
200.304
200.392
200.48
200.568
200.656
200.744
200.832
200.92
201.008
201.096
201.184
201.272
201.36
201.448
201.536
201.624
201.712
201.8
201.888
201.976
202.064
202.152
202.24
202.328
202.416
202.504
202.592
202.68
202.768
202.856
202.944
203.032
203.12
203.208
203.296
203.384
203.472
203.56
203.648
203.736
203.824
203.912
204
204.088
204.176
204.264
204.352
204.44
204.528
204.616
204.704
204.792
204.88
204.968
205.056
205.144
205.232
205.32
205.408
205.496
205.584
205.672
205.76
205.848
205.936
206.024
206.112
206.2
206.288
206.376
206.464
206.552
206.64
206.728
206.816
206.904
206.992
207.08
207.168
207.256
207.344
207.432
207.52
207.608
207.696
207.784
207.872
207.96
208.048
208.136
208.224
208.312
208.4
208.488
208.576
208.664
208.752
208.84
208.928
209.016
209.104
209.192
209.28
209.368
209.456
209.544
209.632
209.72
209.808
209.896
209.984
210.072
210.16
210.248
210.336
210.424
210.512
210.6
210.688
210.776
210.864
210.952
211.04
211.128
211.216
211.304
211.392
211.48
211.568
211.656
211.744
211.832
211.92
212.008
212.096
212.184
212.272
212.36
212.448
212.536
212.624
212.712
212.8
212.888
212.976
213.064
213.152
213.24
213.328
213.416
213.504
213.592
213.68
213.768
213.856
213.944
214.032
214.12
214.208
214.296
214.384
214.472
214.56
214.648
214.736
214.824
214.912
215
215.088
215.176
215.264
215.352
215.44
215.528
215.616
215.704
215.792
215.88
215.968
216.056
216.144
216.232
216.32
216.408
216.496
216.584
216.672
216.76
216.848
216.936
217.024
217.112
217.2
217.288
217.376
217.464
217.552
217.64
217.728
217.816
217.904
217.992
218.08
218.168
218.256
218.344
218.432
218.52
218.608
218.696
218.784
218.872
218.96
219.048
219.136
219.224
219.312
219.4
219.488
219.576
219.664
219.752
219.84
219.928
220.016
220.104
220.192
220.28
220.368
220.456
220.544
220.632
220.72
220.808
220.896
220.984
221.072
221.16
221.248
221.336
221.424
221.512
221.6
221.688
221.776
221.864
221.952
222.04
222.128
222.216
222.304
222.392
222.48
222.568
222.656
222.744
222.832
222.92
223.008
223.096
223.184
223.272
223.36
223.448
223.536
223.624
223.712
223.8
223.888
223.976
224.064
224.152
224.24
224.328
224.416
224.504
224.592
224.68
224.768
224.856
224.944
225.032
225.12
225.208
225.296
225.384
225.472
225.56
225.648
225.736
225.824
225.912
226
226.088
226.176
226.264
226.352
226.44
226.528
226.616
226.704
226.792
226.88
226.968
227.056
227.144
227.232
227.32
227.408
227.496
227.584
227.672
227.76
227.848
227.936
228.024
228.112
228.2
228.288
228.376
228.464
228.552
228.64
228.728
228.816
228.904
228.992
229.08
229.168
229.256
229.344
229.432
229.52
229.608
229.696
229.784
229.872
229.96
230.048
230.136
230.224
230.312
230.4
230.488
230.576
230.664
230.752
230.84
230.928
231.016
231.104
231.192
231.28
231.368
231.456
231.544
231.632
231.72
231.808
231.896
231.984
232.072
232.16
232.248
232.336
232.424
232.512
232.6
232.688
232.776
232.864
232.952
233.04
233.128
233.216
233.304
233.392
233.48
233.568
233.656
233.744
233.832
233.92
234.008
234.096
234.184
234.272
234.36
234.448
234.536
234.624
234.712
234.8
234.888
234.976
235.064
235.152
235.24
235.328
235.416
235.504
235.592
235.68
235.768
235.856
235.944
236.032
236.12
236.208
236.296
236.384
236.472
236.56
236.648
236.736
236.824
236.912
237
237.088
237.176
237.264
237.352
237.44
237.528
237.616
237.704
237.792
237.88
237.968
238.056
238.144
238.232
238.32
238.408
238.496
238.584
238.672
238.76
238.848
238.936
239.024
239.112
239.2
239.288
239.376
239.464
239.552
239.64
239.728
239.816
239.904
239.992
240.08
240.168
240.256
240.344
240.432
240.52
240.608
240.696
240.784
240.872
240.96
241.048
241.136
241.224
241.312
241.4
241.488
241.576
241.664
241.752
241.84
241.928
242.016
242.104
242.192
242.28
242.368
242.456
242.544
242.632
242.72
242.808
242.896
242.984
243.072
243.16
243.248
243.336
243.424
243.512
243.6
243.688
243.776
243.864
243.952
244.04
244.128
244.216
244.304
244.392
244.48
244.568
244.656
244.744
244.832
244.92
245.008
245.096
245.184
245.272
245.36
245.448
245.536
245.624
245.712
245.8
245.888
245.976
246.064
246.152
246.24
246.328
246.416
246.504
246.592
246.68
246.768
246.856
246.944
247.032
247.12
247.208
247.296
247.384
247.472
247.56
247.648
247.736
247.824
247.912
248
248.088
248.176
248.264
248.352
248.44
248.528
248.616
248.704
248.792
248.88
248.968
249.056
249.144
249.232
249.32
249.408
249.496
249.584
249.672
249.76
249.848
249.936
250.024
250.112
250.2
250.288
250.376
250.464
250.552
250.64
250.728
250.816
250.904
250.992
251.08
251.168
251.256
251.344
251.432
251.52
251.608
251.696
251.784
251.872
251.96
252.048
252.136
252.224
252.312
252.4
252.488
252.576
252.664
252.752
252.84
252.928
253.016
253.104
253.192
253.28
253.368
253.456
253.544
253.632
253.72
253.808
253.896
253.984
254.072
254.16
254.248
254.336
254.424
254.512
254.6
254.688
254.776
254.864
254.952
255.04
255.128
255.216
255.304
255.392
255.48
255.568
255.656
255.744
255.832
255.92
256.008
256.096
256.184
256.272
256.36
256.448
256.536
256.624
256.712
256.8
256.888
256.976
257.064
257.152
257.24
257.328
257.416
257.504
257.592
257.68
257.768
257.856
257.944
258.032
258.12
258.208
258.296
258.384
258.472
258.56
258.648
258.736
258.824
258.912
259
259.088
259.176
259.264
259.352
259.44
259.528
259.616
259.704
259.792
259.88
259.968
260.056
260.144
260.232
260.32
260.408
260.496
260.584
260.672
260.76
260.848
260.936
261.024
261.112
261.2
261.288
261.376
261.464
261.552
261.64
261.728
261.816
261.904
261.992
262.08
262.168
262.256
262.344
262.432
262.52
262.608
262.696
262.784
262.872
262.96
263.048
263.136
263.224
263.312
263.4
263.488
263.576
263.664
263.752
263.84
263.928
264.016
264.104
264.192
264.28
264.368
264.456
264.544
264.632
264.72
264.808
264.896
264.984
265.072
265.16
265.248
265.336
265.424
265.512
265.6
265.688
265.776
265.864
265.952
266.04
266.128
266.216
266.304
266.392
266.48
266.568
266.656
266.744
266.832
266.92
267.008
267.096
267.184
267.272
267.36
267.448
267.536
267.624
267.712
267.8
267.888
267.976
268.064
268.152
268.24
268.328
268.416
268.504
268.592
268.68
268.768
268.856
268.944
269.032
269.12
269.208
269.296
269.384
269.472
269.56
269.648
269.736
269.824
269.912
270
270.088
270.176
270.264
270.352
270.44
270.528
270.616
270.704
270.792
270.88
270.968
271.056
271.144
271.232
271.32
271.408
271.496
271.584
271.672
271.76
271.848
271.936
272.024
272.112
272.2
272.288
272.376
272.464
272.552
272.64
272.728
272.816
272.904
272.992
273.08
273.168
273.256
273.344
273.432
273.52
273.608
273.696
273.784
273.872
273.96
274.048
274.136
274.224
274.312
274.4
274.488
274.576
274.664
274.752
274.84
274.928
275.016
275.104
275.192
275.28
275.368
275.456
275.544
275.632
275.72
275.808
275.896
275.984
276.072
276.16
276.248
276.336
276.424
276.512
276.6
276.688
276.776
276.864
276.952
277.04
277.128
277.216
277.304
277.392
277.48
277.568
277.656
277.744
277.832
277.92
278.008
278.096
278.184
278.272
278.36
278.448
278.536
278.624
278.712
278.8
278.888
278.976
279.064
279.152
279.24
279.328
279.416
279.504
279.592
279.68
279.768
279.856
279.944
280.032
280.12
280.208
280.296
280.384
280.472
280.56
280.648
280.736
280.824
280.912
281
281.088
281.176
281.264
281.352
281.44
281.528
281.616
281.704
281.792
281.88
281.968
282.056
282.144
282.232
282.32
282.408
282.496
282.584
282.672
282.76
282.848
282.936
283.024
283.112
283.2
283.288
283.376
283.464
283.552
283.64
283.728
283.816
283.904
283.992
284.08
284.168
284.256
284.344
284.432
284.52
284.608
284.696
284.784
284.872
284.96
285.048
285.136
285.224
285.312
285.4
285.488
285.576
285.664
285.752
285.84
285.928
286.016
286.104
286.192
286.28
286.368
286.456
286.544
286.632
286.72
286.808
286.896
286.984
287.072
287.16
287.248
287.336
287.424
287.512
287.6
287.688
287.776
287.864
287.952
288.04
288.128
288.216
288.304
288.392
288.48
288.568
288.656
288.744
288.832
288.92
289.008
289.096
289.184
289.272
289.36
289.448
289.536
289.624
289.712
289.8
289.888
289.976
290.064
290.152
290.24
290.328
290.416
290.504
290.592
290.68
290.768
290.856
290.944
291.032
291.12
291.208
291.296
291.384
291.472
291.56
291.648
291.736
291.824
291.912
292
292.088
292.176
292.264
292.352
292.44
292.528
292.616
292.704
292.792
292.88
292.968
293.056
293.144
293.232
293.32
293.408
293.496
293.584
293.672
293.76
293.848
293.936
294.024
294.112
294.2
294.288
294.376
294.464
294.552
294.64
294.728
294.816
294.904
294.992
295.08
295.168
295.256
295.344
295.432
295.52
295.608
295.696
295.784
295.872
295.96
296.048
296.136
296.224
296.312
296.4
296.488
296.576
296.664
296.752
296.84
296.928
297.016
297.104
297.192
297.28
297.368
297.456
297.544
297.632
297.72
297.808
297.896
297.984
298.072
298.16
298.248
298.336
298.424
298.512
298.6
298.688
298.776
298.864
298.952
299.04
299.128
299.216
299.304
299.392
299.48
299.568
299.656
299.744
299.832
299.92
300.008
300.096
300.184
300.272
300.36
300.448
300.536
300.624
300.712
300.8
300.888
300.976
301.064
301.152
301.24
301.328
301.416
301.504
301.592
301.68
301.768
301.856
301.944
302.032
302.12
302.208
302.296
302.384
302.472
302.56
302.648
302.736
302.824
302.912
303
303.088
303.176
303.264
303.352
303.44
303.528
303.616
303.704
303.792
303.88
303.968
304.056
304.144
304.232
304.32
304.408
304.496
304.584
304.672
304.76
304.848
304.936
305.024
305.112
305.2
305.288
305.376
305.464
305.552
305.64
305.728
305.816
305.904
305.992
306.08
306.168
306.256
306.344
306.432
306.52
306.608
306.696
306.784
306.872
306.96
307.048
307.136
307.224
307.312
307.4
307.488
307.576
307.664
307.752
307.84
307.928
308.016
308.104
308.192
308.28
308.368
308.456
308.544
308.632
308.72
308.808
308.896
308.984
309.072
309.16
309.248
309.336
309.424
309.512
309.6
309.688
309.776
309.864
309.952
310.04
310.128
310.216
310.304
310.392
310.48
310.568
310.656
310.744
310.832
310.92
311.008
311.096
311.184
311.272
311.36
311.448
311.536
311.624
311.712
311.8
311.888
311.976
312.064
312.152
312.24
312.328
312.416
312.504
312.592
312.68
312.768
312.856
312.944
313.032
313.12
313.208
313.296
313.384
313.472
313.56
313.648
313.736
313.824
313.912
314
314.088
314.176
314.264
314.352
314.44
314.528
314.616
314.704
314.792
314.88
314.968
315.056
315.144
315.232
315.32
315.408
315.496
315.584
315.672
315.76
315.848
315.936
316.024
316.112
316.2
316.288
316.376
316.464
316.552
316.64
316.728
316.816
316.904
316.992
317.08
317.168
317.256
317.344
317.432
317.52
317.608
317.696
317.784
317.872
317.96
318.048
318.136
318.224
318.312
318.4
318.488
318.576
318.664
318.752
318.84
318.928
319.016
319.104
319.192
319.28
319.368
319.456
319.544
319.632
319.72
319.808
319.896
319.984
320.072
320.16
320.248
320.336
320.424
320.512
320.6
320.688
320.776
320.864
320.952
321.04
321.128
321.216
321.304
321.392
321.48
321.568
321.656
321.744
321.832
321.92
322.008
322.096
322.184
322.272
322.36
322.448
322.536
322.624
322.712
322.8
322.888
322.976
323.064
323.152
323.24
323.328
323.416
323.504
323.592
323.68
323.768
323.856
323.944
324.032
324.12
324.208
324.296
324.384
324.472
324.56
324.648
324.736
324.824
324.912
325
325.088
325.176
325.264
325.352
325.44
325.528
325.616
325.704
325.792
325.88
325.968
326.056
326.144
326.232
326.32
326.408
326.496
326.584
326.672
326.76
326.848
326.936
327.024
327.112
327.2
327.288
327.376
327.464
327.552
327.64
327.728
327.816
327.904
327.992
328.08
328.168
328.256
328.344
328.432
328.52
328.608
328.696
328.784
328.872
328.96
329.048
329.136
329.224
329.312
329.4
329.488
329.576
329.664
329.752
329.84
329.928
330.016
330.104
330.192
330.28
330.368
330.456
330.544
330.632
330.72
330.808
330.896
330.984
331.072
331.16
331.248
331.336
331.424
331.512
331.6
331.688
331.776
331.864
331.952
332.04
332.128
332.216
332.304
332.392
332.48
332.568
332.656
332.744
332.832
332.92
333.008
333.096
333.184
333.272
333.36
333.448
333.536
333.624
333.712
333.8
333.888
333.976
334.064
334.152
334.24
334.328
334.416
334.504
334.592
334.68
334.768
334.856
334.944
335.032
335.12
335.208
335.296
335.384
335.472
335.56
335.648
335.736
335.824
335.912
336
336.088
336.176
336.264
336.352
336.44
336.528
336.616
336.704
336.792
336.88
336.968
337.056
337.144
337.232
337.32
337.408
337.496
337.584
337.672
337.76
337.848
337.936
338.024
338.112
338.2
338.288
338.376
338.464
338.552
338.64
338.728
338.816
338.904
338.992
339.08
339.168
339.256
339.344
339.432
339.52
339.608
339.696
339.784
339.872
339.96
340.048
340.136
340.224
340.312
340.4
340.488
340.576
340.664
340.752
340.84
340.928
341.016
341.104
341.192
341.28
341.368
341.456
341.544
341.632
341.72
341.808
341.896
341.984
342.072
342.16
342.248
342.336
342.424
342.512
342.6
342.688
342.776
342.864
342.752
342.84
342.928
342.816
342.904
342.792
342.88
342.768
342.856
342.944
342.832
342.92
342.808
342.896
342.784
342.872
342.76
342.848
342.936
342.824
342.912
342.8
342.888
342.776
342.864
342.752
342.84
342.928
342.816
342.904
342.792
342.88
342.768
342.856
342.944
342.832
342.92
342.808
342.896
342.784
342.872
342.76
342.848
342.936
342.824
342.912
342.8
342.888
342.776
342.864
342.752
342.84
342.928
342.816
342.904
342.792
342.88
342.768
342.856
342.944
342.832
342.92
342.808
342.896
342.784
342.872
342.76
342.848
342.936
342.824
342.912
342.8
342.888
342.776
342.864
342.752
342.84
342.928
342.816
342.904
342.792
342.88
342.768
342.856
342.944
342.832
342.92
342.808
342.896
342.784
342.872
342.76
342.848
342.936
342.824
342.912
342.8
342.888
342.776
342.864
342.752
342.84
342.928
342.816
342.904
342.792
342.88
342.768
342.856
342.944
342.832
342.92
342.808
342.896
342.784
342.872
342.76
342.848
342.936
342.824
342.912
342.8
342.888
342.776
342.864
342.752
342.84
342.928
342.816
342.904
342.792
342.88
342.768
342.856
342.944
342.832
342.92
342.808
342.896
342.784
342.872
342.76
342.848
342.936
342.824
342.912
342.8
342.888
342.776
342.864
342.752
342.84
342.928
342.816
342.904
342.792
342.88
342.768
342.856
342.944
342.832
342.92
342.808
342.896
342.784
342.872
342.76
342.848
342.936
342.824
342.912
342.8
342.888
342.776
342.864
342.752
342.84
342.928
342.816
342.904
342.792
342.88
342.768
342.856
342.944
342.832
342.92
342.808
342.896
342.784
342.872
342.76
342.848
342.936
342.824
342.912
342.8
342.888
342.776
342.864
342.752
342.84
342.928
342.816
342.904
342.792
342.88
342.768
342.856
342.944
342.832
342.92
342.808
342.896
342.784
342.872
342.76
342.848
342.936
342.824
342.912
342.8
342.888
342.776
342.864
342.752
342.84
342.928
342.816
342.904
342.792
342.88
342.768
342.856
342.944
342.832
342.92
342.808
342.896
342.784
342.872
342.76
342.848
342.936
342.824
342.912
342.8
342.888
342.776
342.864
342.752
342.84
342.928
342.816
342.904
342.792
342.88
342.768
342.856
342.944
342.832
342.92
342.808
342.896
342.784
342.872
342.76
342.848
342.936
342.824
342.912
342.8
342.888
342.776
342.864
342.752
342.84
342.928
342.816
342.904
342.792
342.88
342.768
342.856
342.944
342.832
342.92
342.808
342.896
342.784
342.872
342.76
342.848
342.936
342.824
342.912
342.8
342.888
342.776
342.864
342.752
342.84
342.928
342.816
342.904
342.792
342.88
342.768
342.856
342.944
342.832
342.92
342.808
342.896
342.784
342.872
342.76
342.848
342.936
342.824
342.912
342.8
342.888
342.776
342.864
342.752
342.84
342.928
342.816
342.904
342.792
342.88
342.768
342.856
342.944
342.832
342.92
342.808
342.896
342.784
342.872
342.76
342.848
342.936
342.824
342.912
342.8
342.888
342.776
342.864
342.752
342.84
342.928
342.816
342.904
342.792
342.88
342.768
342.856
342.944
342.832
342.92
342.808
342.896
342.784
342.872
342.76
342.848
342.936
342.824
342.912
342.8
342.888
342.776
342.864
342.752
342.84
342.928
342.816
342.904
342.792
342.88
342.768
342.856
342.944
342.832
342.92
342.808
342.896
342.784
342.872
342.76
342.848
342.936
342.824
342.912
342.8
342.888
342.776
342.864
342.752
342.84
342.928
342.816
342.904
342.792
342.88
342.768
342.856
342.944
342.832
342.92
342.808
342.896
342.784
342.872
342.76
342.848
342.936
342.824
342.912
342.8
342.888
342.776
342.864
342.752
342.84
342.928
342.816
342.904
342.792
342.88
342.768
342.856
342.944
342.832
342.92
342.808
342.896
342.784
342.872
342.76
342.848
342.936
342.824
342.912
342.8
342.888
342.776
342.864
342.752
342.84
342.928
342.816
342.904
342.792
342.88
342.768
342.856
342.944
342.832
342.92
342.808
342.896
342.784
342.872
342.76
342.848
342.936
342.824
342.912
342.8
342.888
342.776
342.864
342.752
342.84
342.928
342.816
342.904
342.792
342.88
342.768
342.856
342.944
342.832
342.92
342.808
342.896
342.784
342.872
342.76
342.848
342.936
342.824
342.912
342.8
342.888
342.776
342.864
342.752
342.84
342.928
342.816
342.904
342.792
342.88
342.768
342.856
342.944
342.832
342.92
342.808
342.896
342.784
342.872
342.76
342.848
342.936
342.824
342.912
342.8
342.888
342.776
342.864
342.752
342.84
342.928
342.816
342.904
342.792
342.88
342.768
342.856
342.944
342.832
342.92
342.808
342.896
342.784
342.872
342.76
342.848
342.936
342.824
342.912
342.8
342.888
342.776
342.864
342.752
342.84
342.928
342.816
342.904
342.792
342.88
342.768
342.856
342.944
342.832
342.92
342.808
342.896
342.784
342.872
342.76
342.848
342.936
342.824
342.912
342.8
342.888
342.776
342.864
342.752
342.84
342.928
342.816
342.904
342.792
342.88
342.768
342.856
342.944
342.832
342.92
342.808
342.896
342.784
342.872
342.76
342.848
342.936
342.824
342.912
342.8
342.888
342.776
342.864
342.752
342.84
342.928
342.816
342.904
342.792
342.88
342.768
342.856
342.944
342.832
342.92
342.808
342.896
342.784
342.872
342.76
342.848
342.936
342.824
342.912
342.8
342.888
342.776
342.864
342.752
342.84
342.928
342.816
342.904
342.792
342.88
342.768
342.856
342.944
342.832
342.92
342.808
342.896
342.784
342.872
342.76
342.848
342.936
342.824
342.912
342.8
342.888
342.776
342.864
342.752
342.84
342.928
342.816
342.904
342.792
342.88
342.768
342.856
342.944
342.832
342.92
342.808
342.896
342.784
342.872
342.76
342.848
342.936
342.824
342.912
342.8
342.888
342.776
342.864
342.752
342.84
342.928
342.816
342.904
342.792
342.88
342.768
342.856
342.944
342.832
342.92
342.808
342.896
342.784
342.872
342.76
342.848
342.936
342.824
342.912
342.8
342.888
342.776
342.864
342.752
342.84
342.928
342.816
342.904
342.792
342.88
342.768
342.856
342.944
342.832
342.92
342.808
342.896
342.784
342.872
342.76
342.848
342.936
342.824
342.912
342.8
342.888
342.776
342.864
342.752
342.84
342.928
342.816
342.904
342.792
342.88
342.768
342.856
342.944
342.832
342.92
342.808
342.896
342.784
342.872
342.76
342.848
342.936
342.824
342.912
342.8
342.888
342.776
342.864
342.752
342.84
342.928
342.816
342.904
342.792
342.88
342.768
342.856
342.944
342.832
342.92
342.808
342.896
342.784
342.872
342.76
342.848
342.936
342.824
342.912
342.8
342.888
342.776
342.864
342.752
342.84
342.928
342.816
342.904
342.792
342.88
342.768
342.856
342.944
342.832
342.92
342.808
342.896
342.784
342.872
342.76
342.848
342.936
342.824
342.912
342.8
342.888
342.776
342.864
342.752
342.84
342.928
342.816
342.904
342.792
342.88
342.768
342.856
342.944
342.832
342.92
342.808
342.896
342.784
342.872
342.76
342.848
342.936
342.824
342.912
342.8
342.888
342.776
342.864
342.752
342.84
342.928
342.816
342.904
342.792
342.88
342.768
342.856
342.944
342.832
342.92
342.808
342.896
342.784
342.872
342.76
342.848
342.936
342.824
342.912
342.8
342.888
342.776
342.864
342.752
342.84
342.928
342.816
342.904
342.792
342.88
342.768
342.856
342.944
342.832
342.92
342.808
342.896
342.784
342.872
342.76
342.848
342.936
342.824
342.912
342.8
342.888
342.776
342.864
342.752
342.84
342.928
342.816
342.904
342.792
342.88
342.768
342.856
342.944
342.832
342.92
342.808
342.896
342.784
342.872
342.76
342.848
342.936
342.824
342.912
342.8
342.888
342.776
342.864
342.752
342.84
342.928
342.816
342.904
342.792
342.88
342.768
342.856
342.944
342.832
342.92
342.808
342.896
342.784
342.872
342.76
342.848
342.936
342.824
342.912
342.8
342.888
342.776
342.864
342.752
342.84
342.928
342.816
342.904
342.792
342.88
342.768
342.856
342.944
342.832
342.92
342.808
342.896
342.784
342.872
342.76
342.848
342.936
342.824
342.912
342.8
342.888
342.776
342.864
342.752
342.84
342.928
342.816
342.904
342.792
342.88
342.768
342.856
342.944
342.832
342.92
342.808
342.896
342.784
342.872
342.76
342.848
342.936
342.824
342.912
342.8
342.888
342.776
342.864
342.752
342.84
342.928
342.816
342.904
342.792
342.88
342.768
342.856
342.944
342.832
342.92
342.808
342.896
342.784
342.872
342.76
342.848
342.936
342.824
342.912
342.8
342.888
342.776
342.864
342.752
342.84
342.928
342.816
342.904
342.792
342.88
342.768
342.856
342.944
342.832
342.92
342.808
342.896
342.784
342.872
342.76
342.848
342.936
342.824
342.912
342.8
342.888
342.776
342.864
342.752
342.84
342.928
342.816
342.904
342.792
342.88
342.768
342.856
342.944
342.832
342.92
342.808
342.896
342.784
342.872
342.76
342.848
342.936
342.824
342.912
342.8
342.888
342.776
342.864
342.752
342.84
342.928
342.816
342.904
342.792
342.88
342.768
342.856
342.944
342.832
342.92
342.808
342.896
342.784
342.872
342.76
342.848
342.936
342.824
342.912
342.8
342.888
342.776
342.864
342.752
342.84
342.928
342.816
342.904
342.792
342.88
342.768
342.856
342.944
342.832
342.92
342.808
342.896
342.784
342.872
342.76
342.848
342.936
342.824
342.912
342.8
342.888
342.776
342.864
342.752
342.84
342.928
342.816
342.904
342.792
342.88
342.768
342.856
342.944
342.832
342.92
342.808
342.896
342.784
342.872
342.76
342.848
342.936
342.824
342.912
342.8
342.888
342.776
342.864
342.752
342.84
342.928
342.816
342.904
342.792
342.88
342.768
342.856
342.944
342.832
342.92
342.808
342.896
342.784
342.872
342.76
342.848
342.936
342.824
342.912
342.8
342.888
342.776
342.864
342.752
342.84
342.928
342.816
342.904
342.792
342.88
342.768
342.856
342.944
342.832
342.92
342.808
342.896
342.784
342.872
342.76
342.848
342.936
342.824
342.912
342.8
342.888
342.776
342.864
342.752
342.84
342.928
342.816
342.904
342.792
342.88
342.768
342.856
342.944
342.832
342.92
342.808
342.896
342.784
342.872
342.76
342.848
342.936
342.824
342.912
342.8
342.888
342.776
342.864
342.752
342.84
342.928
342.816
342.904
342.792
342.88
342.768
342.856
342.944
342.832
342.92
342.808
342.896
342.784
342.872
342.76
342.848
342.936
342.824
342.912
342.8
342.888
342.776
342.864
342.752
342.84
342.928
342.816
342.904
342.792
342.88
342.768
342.856
342.944
342.832
342.92
342.808
342.896
342.784
342.872
342.76
342.848
342.936
342.824
342.912
342.8
342.888
342.776
342.864
342.752
342.84
342.928
342.816
342.904
342.792
342.88
342.768
342.856
342.944
342.832
342.92
342.808
342.896
342.784
342.872
342.76
342.848
342.936
342.824
342.912
342.8
342.888
342.776
342.864
342.752
342.84
342.928
342.816
342.904
342.792
342.88
342.768
342.856
342.944
342.832
342.92
342.808
342.896
342.784
342.872
342.76
342.848
342.936
342.824
342.912
342.8
342.888
342.776
342.864
342.752
342.84
342.928
342.816
342.904
342.792
342.88
342.768
342.856
342.944
342.832
342.92
342.808
342.896
342.784
342.872
342.76
342.848
342.936
342.824
342.912
342.8
342.888
342.776
342.864
342.752
342.84
342.928
342.816
342.904
342.792
342.88
342.768
342.856
342.944
342.832
342.92
342.808
342.896
342.784
342.872
342.76
342.848
342.936
342.824
342.912
342.8
342.888
342.776
342.864
342.752
342.84
342.928
342.816
342.904
342.792
342.88
342.768
342.856
342.944
342.832
342.92
342.808
342.896
342.784
342.872
342.76
342.848
342.936
342.824
342.912
342.8
342.888
342.776
342.864
342.752
342.84
342.928
342.816
342.904
342.792
342.88
342.768
342.856
342.944
342.832
342.92
342.808
342.896
342.784
342.872
342.76
342.848
342.936
342.824
342.912
342.8
342.888
342.776
342.864
342.752
342.84
342.928
342.816
342.904
342.792
342.88
342.768
342.856
342.944
342.832
342.92
342.808
342.896
342.784
342.872
342.76
342.848
342.936
342.824
342.912
342.8
342.888
342.776
342.864
342.752
342.84
342.928
342.816
342.904
342.792
342.88
342.768
342.856
342.944
342.832
342.92
342.808
342.896
342.784
342.872
342.76
342.848
342.936
342.824
342.912
342.8
342.888
342.776
342.864
342.752
342.84
342.928
342.816
342.904
342.792
342.88
342.768
342.856
342.944
342.832
342.92
342.808
342.896
342.784
342.872
342.76
342.848
342.936
342.824
342.912
342.8
342.888
342.776
342.864
342.752
342.84
342.928
342.816
342.904
342.792
342.88
342.768
342.856
342.944
342.832
342.92
342.808
342.896
342.784
342.872
342.76
342.848
342.936
342.824
342.912
342.8
342.888
342.776
342.864
342.752
342.84
342.928
342.816
342.904
342.792
342.88
342.768
342.856
342.944
342.832
342.92
342.808
342.896
342.784
342.872
342.76
342.848
342.936
342.824
342.912
342.8
342.888
342.776
342.864
342.752
342.84
342.928
342.816
342.904
342.792
342.88
342.768
342.856
342.944
342.832
342.92
342.808
342.896
342.784
342.872
342.76
342.848
342.936
342.824
342.912
342.8
342.888
342.776
342.864
342.752
342.84
342.928
342.816
342.904
342.792
342.88
342.768
342.856
342.944
342.832
342.92
342.808
342.896
342.784
342.872
342.76
342.848
342.936
342.824
342.912
342.8
342.888
342.776
342.864
342.752
342.84
342.928
342.816
342.904
342.792
342.88
342.768
342.856
342.944
342.832
342.92
342.808
342.896
342.784
342.872
342.76
342.848
342.936
342.824
342.912
342.8
342.888
342.776
342.864
342.752
342.84
342.928
342.816
342.904
342.792
342.88
342.768
342.856
342.944
342.832
342.92
342.808
342.896
342.784
342.872
342.76
342.848
342.936
342.824
342.912
342.8
342.888
342.776
342.864
342.752
342.84
342.928
342.816
342.904
342.792
342.88
342.768
342.856
342.944
342.832
342.92
342.808
342.896
342.784
342.872
342.76
342.848
342.936
342.824
342.912
342.8
342.888
342.776
342.864
342.752
342.84
342.928
342.816
342.904
342.792
342.88
342.768
342.856
342.944
342.832
342.92
342.808
342.896
342.784
342.872
342.76
342.848
342.936
342.824
342.912
342.8
342.888
342.776
342.864
342.752
342.84
342.928
342.816
342.904
342.792
342.88
342.768
342.856
342.944
342.832
342.92
342.808
342.896
342.784
342.872
342.76
342.848
342.936
342.824
342.912
342.8
342.888
342.776
342.864
342.752
342.84
342.928
342.816
342.904
342.792
342.88
342.768
342.856
342.944
342.832
342.92
342.808
342.896
342.784
342.872
342.76
342.848
342.936
342.824
342.912
342.8
342.888
342.776
342.864
342.752
342.84
342.928
342.816
342.904
342.792
342.88
342.768
342.856
342.944
342.832
342.92
342.808
342.896
342.784
342.872
342.76
342.848
342.936
342.824
342.912
342.8
342.888
342.776
342.864
342.752
342.84
342.928
342.816
342.904
342.792
342.88
342.768
342.856
342.944
342.832
342.92
342.808
342.896
342.784
342.872
342.76
342.848
342.936
342.824
342.912
342.8
342.888
342.776
342.864
342.752
342.84
342.928
342.816
342.904
342.792
342.88
342.768
342.856
342.944
342.832
342.92
342.808
342.896
342.784
342.872
342.76
342.848
342.936
342.824
342.912
342.8
342.888
342.776
342.864
342.752
342.84
342.928
342.816
342.904
342.792
342.88
342.768
342.856
342.944
342.832
342.92
342.808
342.896
342.784
342.872
342.76
342.848
342.936
342.824
342.912
342.8
342.888
342.776
342.864
342.752
342.84
342.928
342.816
342.904
342.792
342.88
342.768
342.856
342.944
342.832
342.92
342.808
342.896
342.784
342.872
342.76
342.848
342.936
342.824
342.912
342.8
342.888
342.776
342.864
342.752
342.84
342.928
342.816
342.904
342.792
342.88
342.768
342.856
342.944
342.832
342.92
342.808
342.896
342.784
342.872
342.76
342.848
342.936
342.824
342.912
342.8
342.888
342.776
342.864
342.752
342.84
342.928
342.816
342.904
342.792
342.88
342.768
342.856
342.944
342.832
342.92
342.808
342.896
342.784
342.872
342.76
342.848
342.936
342.824
342.912
342.8
342.888
342.776
342.864
342.752
342.84
342.928
342.816
342.904
342.792
342.88
342.768
342.856
342.944
342.832
342.92
342.808
342.896
342.784
342.872
342.76
342.848
342.936
342.824
342.912
342.8
342.888
342.776
342.864
342.752
342.84
342.928
342.816
342.904
342.792
342.88
342.768
342.856
342.944
342.832
342.92
342.808
342.896
342.784
342.872
342.76
342.848
342.936
342.824
342.912
342.8
342.888
342.776
342.864
342.752
342.84
342.928
342.816
342.904
342.792
342.88
342.768
342.856
342.944
342.832
342.92
342.808
342.896
342.784
342.872
342.76
342.848
342.936
342.824
342.912
342.8
342.888
342.776
342.864
342.752
342.84
342.928
342.816
342.904
342.792
342.88
342.768
342.856
342.944
342.832
342.92
342.808
342.896
342.784
342.872
342.76
342.848
342.936
342.824
342.912
342.8
342.888
342.776
342.864
342.752
342.84
342.928
342.816
342.904
342.792
342.88
342.768
342.856
342.944
342.832
342.92
342.808
342.896
342.784
342.872
342.76
342.848
342.936
342.824
342.912
342.8
342.888
342.776
342.864
342.752
342.84
342.928
342.816
342.904
342.792
342.88
342.768
342.856
342.944
342.832
342.92
342.808
342.896
342.784
342.872
342.76
342.848
342.936
342.824
342.912
342.8
342.888
342.776
342.864
342.752
342.84
342.928
342.816
342.904
342.792
342.88
342.768
342.856
342.944
342.832
342.92
342.808
342.896
342.784
342.872
342.76
342.848
342.936
342.824
342.912
342.8
342.888
342.776
342.864
342.752
342.84
342.928
342.816
342.904
342.792
342.88
342.768
342.856
342.944
342.832
342.92
342.808
342.896
342.784
342.872
342.76
342.848
342.936
342.824
342.912
342.8
342.888
342.776
342.864
342.752
342.84
342.928
342.816
342.904
342.792
342.88
342.768
342.856
342.944
342.832
342.92
342.808
342.896
342.784
342.872
342.76
342.848
342.936
342.824
342.912
342.8
342.888
342.776
342.864
342.752
342.84
342.928
342.816
342.904
342.792
342.88
342.768
342.856
342.944
342.832
342.92
342.808
342.896
342.784
342.872
342.76
342.848
342.936
342.824
342.912
342.8
342.888
342.776
342.864
342.752
342.84
342.928
342.816
342.904
342.792
342.88
342.768
342.856
342.944
342.832
342.92
342.808
342.896
342.784
342.872
342.76
342.848
342.936
342.824
342.912
342.8
342.888
342.776
342.864
342.752
342.84
342.928
342.816
342.904
342.792
342.88
342.768
342.856
342.944
342.832
342.92
342.808
342.896
342.784
342.872
342.76
342.848
342.936
342.824
342.912
342.8
342.888
342.776
342.864
342.752
342.84
342.928
342.816
342.904
342.792
342.88
342.768
342.856
342.944
342.832
342.92
342.808
342.896
342.784
342.872
342.76
342.848
342.936
342.824
342.912
342.8
342.888
342.776
342.864
342.752
342.84
342.928
342.816
342.904
342.792
342.88
342.768
342.856
342.944
342.832
342.92
342.808
342.896
342.784
342.872
342.76
342.848
342.936
342.824
342.912
342.8
342.888
342.776
342.864
342.752
342.84
342.928
342.816
342.904
342.792
342.88
342.768
342.856
342.944
342.832
342.92
342.808
342.896
342.784
342.872
342.76
342.848
342.936
342.824
342.912
342.8
342.888
342.776
342.864
342.752
342.84
342.928
342.816
342.904
342.792
342.88
342.768
342.856
342.944
342.832
342.92
342.808
342.896
342.784
342.872
342.76
342.848
342.936
342.824
342.912
342.8
342.888
342.776
342.864
342.752
342.84
342.928
342.816
342.904
342.792
342.88
342.768
342.856
342.944
342.832
342.92
342.808
342.896
342.784
342.872
342.76
342.848
342.936
342.824
342.912
342.8
342.888
342.776
342.864
342.752
342.84
342.928
342.816
342.904
342.792
342.88
342.768
342.856
342.944
342.832
342.92
342.808
342.896
342.784
342.872
342.76
342.848
342.936
342.824
342.912
342.8
342.888
342.776
342.864
342.752
342.84
342.928
342.816
342.904
342.792
342.88
342.768
342.856
342.944
342.832
342.92
342.808
342.896
342.784
342.872
342.76
342.848
342.936
342.824
342.912
342.8
342.888
342.776
342.864
342.752
342.84
342.928
342.816
342.904
342.792
342.88
342.768
342.856
342.944
342.832
342.92
342.808
342.896
342.784
342.872
342.76
342.848
342.936
342.824
342.912
342.8
342.888
342.776
342.864
342.752
342.84
342.928
342.816
342.904
342.792
342.88
342.768
342.856
342.944
342.832
342.92
342.808
342.896
342.784
342.872
342.76
342.848
342.936
342.824
342.912
342.8
342.888
342.776
342.864
342.752
342.84
342.928
342.816
342.904
342.792
342.88
342.768
342.856
342.944
342.832
342.92
342.808
342.896
342.784
342.872
342.76
342.848
342.936
342.824
342.912
342.8
342.888
342.776
342.864
342.752
342.84
342.928
342.816
342.904
342.792
342.88
342.768
342.856
342.944
342.832
342.92
342.808
342.896
342.784
342.872
342.76
342.848
342.936
342.824
342.912
342.8
342.888
342.776
342.864
342.752
342.84
342.928
342.816
342.904
342.792
342.88
342.768
342.856
342.944
342.832
342.92
342.808
342.896
342.784
342.872
342.76
342.848
342.936
342.824
342.912
342.8
342.888
342.776
342.864
342.752
342.84
342.928
342.816
342.904
342.792
342.88
342.768
342.856
342.944
342.832
342.92
342.808
342.896
342.784
342.872
342.76
342.848
342.936
342.824
342.912
342.8
342.888
342.776
342.864
342.752
342.84
342.928
342.816
342.904
342.792
342.88
342.768
342.856
342.944
342.832
342.92
342.808
342.896
342.784
342.872
342.76
342.848
342.936
342.824
342.912
342.8
342.888
342.776
342.864
342.752
342.84
342.928
342.816
342.904
342.792
342.88
342.768
342.856
342.944
342.832
342.92
342.808
342.896
342.784
342.872
342.76
342.848
342.936
342.824
342.912
342.8
342.888
342.776
342.864
342.752
342.84
342.928
342.816
342.904
342.792
342.88
342.768
342.856
342.944
342.832
342.92
342.808
342.896
342.784
342.872
342.76
342.848
342.936
342.824
342.912
342.8
342.888
342.776
342.864
342.752
342.84
342.928
342.816
342.904
342.792
342.88
342.768
342.856
342.944
342.832
342.92
342.808
342.896
342.784
342.872
342.76
342.848
342.936
342.824
342.912
342.8
342.888
342.776
342.864
342.752
342.84
342.928
342.816
342.904
342.792
342.88
342.768
342.856
342.944
342.832
342.92
342.808
342.896
342.784
342.872
342.76
342.848
342.936
342.824
342.912
342.8
342.888
342.776
342.864
342.752
342.84
342.928
342.816
342.904
342.792
342.88
342.768
342.856
342.944
342.832
342.92
342.808
342.896
342.784
342.872
342.76
342.848
342.936
342.824
342.912
342.8
342.888
342.776
342.864
342.752
342.84
342.928
342.816
342.904
342.792
342.88
342.768
342.856
342.944
342.832
342.92
342.808
342.896
342.784
342.872
342.76
342.848
342.936
342.824
342.912
342.8
342.888
342.776
342.864
342.752
342.84
342.928
342.816
342.904
342.792
342.88
342.768
342.856
342.944
342.832
342.92
342.808
342.896
342.784
342.872
342.76
342.848
342.936
342.824
342.912
342.8
342.888
342.776
342.864
342.752
342.84
342.928
342.816
342.904
342.792
342.88
342.768
342.856
342.944
342.832
342.92
342.808
342.896
342.784
342.872
342.76
342.848
342.936
342.824
342.912
342.8
342.888
342.776
342.864
342.752
342.84
342.928
342.816
342.904
342.792
342.88
342.768
342.856
342.944
342.832
342.92
342.808
342.896
342.784
342.872
342.76
342.848
342.936
342.824
342.912
342.8
342.888
342.776
342.864
342.752
342.84
342.928
342.816
342.904
342.792
342.88
342.768
342.856
342.944
342.832
342.92
342.808
342.896
342.784
342.872
342.76
342.848
342.936
342.824
342.912
342.8
342.888
342.776
342.864
342.752
342.84
342.928
342.816
342.904
342.792
342.88
342.768
342.856
342.944
342.832
342.92
342.808
342.896
342.784
342.872
342.76
342.848
342.936
342.824
342.912
342.8
342.888
342.776
342.864
342.752
342.84
342.928
342.816
342.904
342.792
342.88
342.768
342.856
342.944
342.832
342.92
342.808
342.896
342.784
342.872
342.76
342.848
342.936
342.824
342.912
342.8
342.888
342.776
342.864
342.752
342.84
342.928
342.816
342.904
342.792
342.88
342.768
342.856
342.944
342.832
342.92
342.808
342.896
342.784
342.872
342.76
342.848
342.936
342.824
342.912
342.8
342.888
342.776
342.864
342.752
342.84
342.928
342.816
342.904
342.792
342.88
342.768
342.856
342.944
342.832
342.92
342.808
342.896
342.784
342.872
342.76
342.848
342.936
342.824
342.912
342.8
342.888
342.776
342.864
342.752
342.84
342.928
342.816
342.904
342.792
342.88
342.768
342.856
342.944
342.832
342.92
342.808
342.896
342.784
342.872
342.76
342.848
342.936
342.824
342.912
342.8
342.888
342.776
342.864
342.752
342.84
342.928
342.816
342.904
342.792
342.88
342.768
342.856
342.944
342.832
342.92
342.808
342.896
342.784
342.872
342.76
342.848
342.936
342.824
342.912
342.8
342.888
342.776
342.864
342.752
342.84
342.928
342.816
342.904
342.792
342.88
342.768
342.856
342.944
342.832
342.92
342.808
342.896
342.784
342.872
342.76
342.848
342.936
342.824
342.912
342.8
342.888
342.776
342.864
342.752
342.84
342.928
342.816
342.904
342.792
342.88
342.768
342.856
342.944
342.832
342.92
342.808
342.896
342.784
342.872
342.76
342.848
342.936
342.824
342.912
342.8
342.888
342.776
342.864
342.752
342.84
342.928
342.816
342.904
342.792
342.88
342.768
342.856
342.944
342.832
342.92
342.808
342.896
342.784
342.872
342.76
342.848
342.936
342.824
342.912
342.8
342.888
342.776
342.864
342.752
342.84
342.928
342.816
342.904
342.792
342.88
342.768
342.856
342.944
342.832
342.92
342.808
342.896
342.784
342.872
342.76
342.848
342.936
342.824
342.912
342.8
342.888
342.776
342.864
342.752
342.84
342.928
342.816
342.904
342.792
342.88
342.768
342.856
342.944
342.832
342.92
342.808
342.896
342.784
342.872
342.76
342.848
342.936
342.824
342.912
342.8
342.888
342.776
342.864
342.752
342.84
342.928
342.816
342.904
342.792
342.88
342.768
342.856
342.944
342.832
342.92
342.808
342.896
342.784
342.872
342.76
342.848
342.936
342.824
342.912
342.8
342.888
342.776
342.864
342.752
342.84
342.928
342.816
342.904
342.792
342.88
342.768
342.856
342.944
342.832
342.92
342.808
342.896
342.784
342.872
342.76
342.848
342.936
342.824
342.912
342.8
342.888
342.776
342.864
342.752
342.84
342.928
342.816
342.904
342.792
342.88
342.768
342.856
342.944
342.832
342.92
342.808
342.896
342.784
342.872
342.76
342.848
342.936
342.824
342.912
342.8
342.888
342.776
342.864
342.752
342.84
342.928
342.816
342.904
342.792
342.88
342.768
342.856
342.944
342.832
342.92
342.808
342.896
342.784
342.872
342.76
342.848
342.936
342.824
342.912
342.8
342.888
342.776
342.864
342.752
342.84
342.928
342.816
342.904
342.792
342.88
342.768
342.856
342.944
342.832
342.92
342.808
342.896
342.784
342.872
342.76
342.848
342.936
342.824
342.912
342.8
342.888
342.776
342.864
342.752
342.84
342.928
342.816
342.904
342.792
342.88
342.768
342.856
342.944
342.832
342.92
342.808
342.896
342.784
342.872
342.76
342.848
342.936
342.824
342.912
342.8
342.888
342.776
342.864
342.752
342.84
342.928
342.816
342.904
342.792
342.88
342.768
342.856
342.944
342.832
342.92
342.808
342.896
342.784
342.872
342.76
342.848
342.936
342.824
342.912
342.8
342.888
342.776
342.864
342.752
342.84
342.928
342.816
342.904
342.792
342.88
342.768
342.856
342.944
342.832
342.92
342.808
342.896
342.784
342.872
342.76
342.848
342.936
342.824
342.912
342.8
342.888
342.776
342.864
342.752
342.84
342.928
342.816
342.904
342.792
342.88
342.768
342.856
342.944
342.832
342.92
342.808
342.896
342.784
342.872
342.76
342.848
342.936
342.824
342.912
342.8
342.888
342.776
342.864
342.752
342.84
342.928
342.816
342.904
342.792
342.88
342.768
342.856
342.944
342.832
342.92
342.808
342.896
342.784
342.872
342.76
342.848
342.936
342.824
342.912
342.8
342.888
342.776
342.864
342.752
342.84
342.928
342.816
342.904
342.792
342.88
342.768
342.856
342.944
342.832
342.92
342.808
342.896
342.784
342.872
342.76
342.848
342.936
342.824
342.912
342.8
342.888
342.776
342.864
342.752
342.84
342.928
342.816
342.904
342.792
342.88
342.768
342.856
342.944
342.832
342.92
342.808
342.896
342.784
342.872
342.76
342.848
342.936
342.824
342.912
342.8
342.888
342.776
342.864
342.752
342.84
342.928
342.816
342.904
342.792
342.88
342.768
342.856
342.944
342.832
342.92
342.808
342.896
342.784
342.872
342.76
342.848
342.936
342.824
342.912
342.8
342.888
342.776
342.864
342.752
342.84
342.928
342.816
342.904
342.792
342.88
342.768
342.856
342.944
342.832
342.92
342.808
342.896
342.784
342.872
342.76
342.848
342.936
342.824
342.912
342.8
342.888
342.776
342.864
342.752
342.84
342.928
342.816
342.904
342.792
342.88
342.768
342.856
342.944
342.832
342.92
342.808
342.896
342.784
342.872
342.76
342.848
342.936
342.824
342.912
342.8
342.888
342.776
342.864
342.752
342.84
342.928
342.816
342.904
342.792
342.88
342.768
342.856
342.944
342.832
342.92
342.808
342.896
342.784
342.872
342.76
342.848
342.936
342.824
342.912
342.8
342.888
342.776
342.864
342.752
342.84
342.928
342.816
342.904
342.792
342.88
342.768
342.856
342.944
342.832
342.92
342.808
342.896
342.784
342.872
342.76
342.848
342.936
342.824
342.912
342.8
342.888
342.776
342.864
342.752
342.84
342.928
342.816
342.904
342.792
342.88
342.768
342.856
342.944
342.832
342.92
342.808
342.896
342.784
342.872
342.76
342.848
342.936
342.824
342.912
342.8
342.888
342.776
342.864
342.752
342.84
342.928
342.816
342.904
342.792
342.88
342.768
342.856
342.944
342.832
342.92
342.808
342.896
342.784
342.872
342.76
342.848
342.936
342.824
342.912
342.8
342.888
342.776
342.864
342.752
342.84
342.928
342.816
342.904
342.792
342.88
342.768
342.856
342.944
342.832
342.92
342.808
342.896
342.784
342.872
342.76
342.848
342.936
342.824
342.912
342.8
342.888
342.776
342.864
342.752
342.84
342.928
342.816
342.904
342.792
342.88
342.768
342.856
342.944
342.832
342.92
342.808
342.896
342.784
342.872
342.76
342.848
342.936
342.824
342.912
342.8
342.888
342.776
342.864
342.752
342.84
342.928
342.816
342.904
342.792
342.88
342.768
342.856
342.944
342.832
342.92
342.808
342.896
342.784
342.872
342.76
342.848
342.936
342.824
342.912
342.8
342.888
342.776
342.864
342.752
342.84
342.928
342.816
342.904
342.792
342.88
342.768
342.856
342.944
342.832
342.92
342.808
342.896
342.784
342.872
342.76
342.848
342.936
342.824
342.912
342.8
342.888
342.776
342.864
342.752
342.84
342.928
342.816
342.904
342.792
342.88
342.768
342.856
342.944
342.832
342.92
342.808
342.896
342.784
342.872
342.76
342.848
342.936
342.824
342.912
342.8
342.888
342.776
342.864
342.752
342.84
342.928
342.816
342.904
342.792
342.88
342.768
342.856
342.944
342.832
342.92
342.808
342.896
342.784
342.872
342.76
342.848
342.936
342.824
342.912
342.8
342.888
342.776
342.864
342.752
342.84
342.928
342.816
342.904
342.792
342.88
342.768
342.856
342.944
342.832
342.92
342.808
342.896
342.784
342.872
342.76
342.848
342.936
342.824
342.912
342.8
342.888
342.776
342.864
342.752
342.84
342.928
342.816
342.904
342.792
342.88
342.768
342.856
342.944
342.832
342.92
342.808
342.896
342.784
342.872
342.76
342.848
342.936
342.824
342.912
342.8
342.888
342.776
342.864
342.752
342.84
342.928
342.816
342.904
342.792
342.88
342.768
342.856
342.944
342.832
342.92
342.808
342.896
342.784
342.872
342.76
342.848
342.936
342.824
342.912
342.8
342.888
342.776
342.864
342.752
342.84
342.928
342.816
342.904
342.792
342.88
342.768
342.856
342.944
342.832
342.92
342.808
342.896
342.784
342.872
342.76
342.848
342.936
342.824
342.912
342.8
342.888
342.776
342.864
342.752
342.84
342.928
342.816
342.904
342.792
342.88
342.768
342.856
342.944
342.832
342.92
342.808
342.896
342.784
342.872
342.76
342.848
342.936
342.824
342.912
342.8
342.888
342.776
342.864
342.752
342.84
342.928
342.816
342.904
342.792
342.88
342.768
342.856
342.944
342.832
342.92
342.808
342.896
342.784
342.872
342.76
342.848
342.936
342.824
342.912
342.8
342.888
342.776
342.864
342.752
342.84
342.928
342.816
342.904
342.792
342.88
342.768
342.856
342.944
342.832
342.92
342.808
342.896
342.784
342.872
342.76
342.848
342.936
342.824
342.912
342.8
342.888
342.776
342.864
342.752
342.84
342.928
342.816
342.904
342.792
342.88
342.768
342.856
342.944
342.832
342.92
342.808
342.896
342.784
342.872
342.76
342.848
342.936
342.824
342.912
342.8
342.888
342.776
342.864
342.752
342.84
342.928
342.816
342.904
342.792
342.88
342.768
342.856
342.944
342.832
342.92
342.808
342.896
342.784
342.872
342.76
342.848
342.936
342.824
342.912
342.8
342.888
342.776
342.864
342.752
342.84
342.928
342.816
342.904
342.792
342.88
342.768
342.856
342.944
342.832
342.92
342.808
342.896
342.784
342.872
342.76
342.848
342.936
342.824
342.912
342.8
342.888
342.776
342.864
342.752
342.84
342.928
342.816
342.904
342.792
342.88
342.768
342.856
342.944
342.832
342.92
342.808
342.896
342.784
342.872
342.76
342.848
342.936
342.824
342.912
342.8
342.888
342.776
342.864
342.752
342.84
342.928
342.816
342.904
342.792
342.88
342.768
342.856
342.944
342.832
342.92
342.808
342.896
342.784
342.872
342.76
342.848
342.936
342.824
342.912
342.8
342.888
342.776
342.864
342.752
342.84
342.928
342.816
342.904
342.792
342.88
342.768
342.856
342.944
342.832
342.92
342.808
342.896
342.784
342.872
342.76
342.848
342.936
342.824
342.912
342.8
342.888
342.776
342.864
342.752
342.84
342.928
342.816
342.904
342.792
342.88
342.768
342.856
342.944
342.832
342.92
342.808
342.896
342.784
342.872
342.76
342.848
342.936
342.824
342.912
342.8
342.888
342.776
342.864
342.752
342.84
342.928
342.816
342.904
342.792
342.88
342.768
342.856
342.944
342.832
342.92
342.808
342.896
342.784
342.872
342.76
342.848
342.936
342.824
342.912
342.8
342.888
342.776
342.864
342.752
342.84
342.928
342.816
342.904
342.792
342.88
342.768
342.856
342.944
342.832
342.92
342.808
342.896
342.784
342.872
342.76
342.848
342.936
342.824
342.912
342.8
342.888
342.776
342.864
342.752
342.84
342.928
342.816
342.904
342.792
342.88
342.768
342.856
342.944
342.832
342.92
342.808
342.896
342.784
342.872
342.76
342.848
342.936
342.824
342.912
342.8
342.888
342.776
342.864
342.752
342.84
342.928
342.816
342.904
342.792
342.88
342.768
342.856
342.944
342.832
342.92
342.808
342.896
342.784
342.872
342.76
342.848
342.936
342.824
342.912
342.8
342.888
342.776
342.864
342.752
342.84
342.928
342.816
342.904
342.792
342.88
342.768
342.856
342.944
342.832
342.92
342.808
342.896
342.784
342.872
342.76
342.848
342.936
342.824
342.912
342.8
342.888
342.776
342.864
342.752
342.84
342.928
342.816
342.904
342.792
342.88
342.768
342.856
342.944
342.832
342.92
342.808
342.896
342.784
342.872
342.76
342.848
342.936
342.824
342.912
342.8
342.888
342.776
342.864
342.752
342.84
342.928
342.816
342.904
342.792
342.88
342.768
342.856
342.944
342.832
342.92
342.808
342.896
342.784
342.872
342.76
342.848
342.936
342.824
342.912
342.8
342.888
342.776
342.864
342.752
342.84
342.928
342.816
342.904
342.792
342.88
342.768
342.856
342.944
342.832
342.92
342.808
342.896
342.784
342.872
342.76
342.848
342.936
342.824
342.912
342.8
342.888
342.776
342.864
342.752
342.84
342.928
342.816
342.904
342.792
342.88
342.768
342.856
342.944
342.832
342.92
342.808
342.896
342.784
342.872
342.76
342.848
342.936
342.824
342.912
342.8
342.888
342.776
342.864
342.752
342.84
342.928
342.816
342.904
342.792
342.88
342.768
342.856
342.944
342.832
342.92
342.808
342.896
342.784
342.872
342.76
342.848
342.936
342.824
342.912
342.8
342.888
342.776
342.864
342.752
342.84
342.928
342.816
342.904
342.792
342.88
342.768
342.856
342.944
342.832
342.92
342.808
342.896
342.784
342.872
342.76
342.848
342.936
342.824
342.912
342.8
342.888
342.776
342.864
342.752
342.84
342.928
342.816
342.904
342.792
342.88
342.768
342.856
342.944
342.832
342.92
342.808
342.896
342.784
342.872
342.76
342.848
342.936
342.824
342.912
342.8
342.888
342.776
342.864
342.752
342.84
342.928
342.816
342.904
342.792
342.88
342.768
342.856
342.944
342.832
342.92
342.808
342.896
342.784
342.872
342.76
342.848
342.936
342.824
342.912
342.8
342.888
342.776
342.864
342.752
342.84
342.928
342.816
342.904
342.792
342.88
342.768
342.856
342.944
342.832
342.92
342.808
342.896
342.784
342.872
342.76
342.848
342.936
342.824
342.912
342.8
342.888
342.776
342.864
342.752
342.84
342.928
342.816
342.904
342.792
342.88
342.768
342.856
342.944
342.832
342.92
342.808
342.896
342.784
342.872
342.76
342.848
342.936
342.824
342.912
342.8
342.888
342.776
342.864
342.752
342.84
342.928
342.816
342.904
342.792
342.88
342.768
342.856
342.944
342.832
342.92
342.808
342.896
342.784
342.872
342.76
342.848
342.936
