23.457
24.686
23.686
26.686
25.457
24.8
21.572
25.915
24.8
20.686
24.8
23.795
20.457
20.457
27.029
24.915
26.457
20.457
20.457
23.572
26.915
22.572
20.457
23.686
24.926
25.572
20.686
23.686
25.915
25.686
24.8
23.686
20.686
25.457
24.572
25.8
21.343
21.457
26.029
25.915
24.8
22.572
21.457
24.343
23.572
21.457
24.686
22.572
24.8
20.457
23.915
24.343
22.572
25.686
24.457
23.915
24.343
21.572
26.686
24.572
21.457
23.8
23.686
24.457
21.457
24.457
23.572
21.572
22.686
23.686
22.572
20.457
25.686
20.686
24.686
27.029
23.572
21.572
23.572
26.457
23.457
20.686
22.457
25.686
20.457
24.457
23.686
21.572
21.457
23.915
24.686
22.8
24.572
22.572
22.457
24.915
20.566
25.029
24.8
22.572
21.572
20.457
23.457
20.457
24.686
23.457
26.029
26.915
25.8
24.686
26.686
25.8
24.686
23.915
27.029
22.572
24.8
22.572
22.572
20.457
24.686
20.457
24.343
25.572
24.686
25.462
23.686
24.915
22.343
26.915
21.457
24.686
20.457
25.457
24.572
21.457
24.343
21.572
24.686
23.686
22.457
23.572
20.457
24.8
24.572
24.8
22.572
24.457
21.572
23.686
26.686
24.686
24.572
23.566
24.343
23.686
24.457
23.572
22.572
26.029
21.572
20.457
20.457
22.686
21.572
20.686
24.795
20.457
24.686
20.686
24.457
20.457
24.686
24.8
22.572
20.457
24.457
24.572
24.686
23.686
23.457
24.686
23.8
23.686
26.686
21.343
25.915
24.802
20.457
22.343
24.8
23.686
24.572
21.343
23.686
24.572
24.572
20.457
23.915
24.572
23.566
23.572
20.457
24.457
26.8
24.686
21.44
20.457
25.8
24.572
24.457
22.343
21.343
24.572
22.572
24.915
24.457
22.572
24.457
23.686
20.457
25.686
21.343
20.457
25.915
25.686
22.572
23.572
25.029
24.572
25.686
24.8
25.572
24.566
23.686
23.686
22.457
21.457
24.457
22.457
22.572
24.915
21.572
26.8
23.457
21.343
27.029
24.572
24.686
20.457
24.343
23.691
23.457
26.457
23.686
24.915
20.686
23.686
22.572
20.457
23.572
20.457
25.029
22.572
24.8
20.457
22.686
23.686
24.686
24.686
20.457
23.8
27.029
24.8
21.457
23.572
20.457
24.8
21.457
24.572
26.915
23.572
21.8
24.457
21.8
25.915
22.572
20.457
23.915
24.572
23.572
22.572
22.457
22.457
20.457
26.8
25.8
25.8
23.915
23.457
22.457
21.457
25.572
23.572
21.572
23.572
22.572
20.686
26.915
24.457
23.686
21.572
23.686
23.915
21.8
21.457
25.029
24.8
24.686
21.44
23.686
22.572
20.457
26.8
23.686
24.572
22.457
25.572
24.686
24.8
23.686
23.686
23.457
23.457
22.572
25.8
25.457
24.452
23.457
23.686
21.572
24.686
24.457
22.343
21.343
26.572
26.8
25.686
24.572
24.8
24.343
23.572
20.457
24.572
24.686
21.457
22.343
25.572
21.343
21.572
24.572
26.8
20.457
26.915
25.686
22.343
27.029
25.144
22.572
25.686
22.572
22.572
26.029
21.572
22.572
26.8
25.577
23.686
20.457
21.8
24.572
20.457
23.915
23.686
21.343
25.915
24.572
23.686
22.572
21.572
23.686
22.457
27.144
21.572
20.686
26.915
23.572
25.915
20.457
23.686
24.572
20.457
25.8
25.457
24.8
21.572
23.8
20.457
23.572
23.572
24.8
21.572
24.686
21.572
24.8
20.457
20.457
26.915
24.457
23.686
22.572
20.457
25.8
23.457
23.457
23.686
21.457
27.029
24.8
23.572
22.572
22.457
24.8
21.457
20.457
25.915
24.8
23.795
21.8
20.457
24.572
24.686
21.343
23.572
21.343
24.817
21.572
23.686
22.686
22.457
21.572
24.686
25.915
20.457
23.457
22.343
25.8
23.915
22.343
21.343
26.029
21.572
21.457
20.457
26.686
23.8
22.457
23.686
22.343
26.915
23.8
24.572
21.457
25.686
24.8
20.457
23.909
24.572
26.915
21.572
24.572
22.572
24.686
23.457
22.572
25.457
26.692
23.686
21.457
24.343
21.457
24.8
24.8
23.572
23.686
20.457
24.686
23.8
20.457
21.8
20.457
22.572
24.691
20.686
20.457
20.457
25.915
20.457
25.572
25.8
23.686
21.343
20.457
26.686
23.457
23.572
24.8
22.8
21.572
20.686
26.8
22.343
25.457
20.457
24.572
23.566
20.457
24.686
20.457
24.572
25.686
25.572
23.457
22.457
20.457
22.8
20.457
24.343
24.572
24.686
22.572
20.457
21.457
20.457
25.457
23.572
26.686
22.457
23.915
27.029
23.686
23.572
24.457
23.572
24.8
24.572
24.457
21.572
26.457
25.457
22.572
21.572
24.457
21.572
20.457
24.572
21.457
24.343
21.343
20.457
24.686
21.343
22.572
20.457
23.457
22.572
21.457
26.915
25.915
24.8
20.457
20.457
25.915
24.915
24.8
24.686
24.8
23.572
24.806
20.457
25.457
24.572
24.572
24.8
20.457
25.915
24.909
23.8
21.572
20.457
24.572
22.572
23.572
21.8
25.915
24.686
24.457
24.915
22.572
23.915
26.915
26.915
22.572
24.8
21.343
22.572
25.029
22.343
21.343
20.686
23.686
20.457
20.686
24.8
24.572
23.462
22.457
21.8
22.343
21.457
26.686
20.457
24.572
23.457
22.572
25.915
22.572
23.8
27.029
25.8
22.572
25.572
24.572
21.572
25.572
24.8
24.572
24.686
21.343
22.572
25.8
20.457
25.8
23.686
22.572
24.572
20.457
25.029
25.457
24.452
22.343
25.8
24.686
23.686
22.343
24.686
26.686
21.572
24.457
21.457
23.8
24.8
24.686
21.572
24.343
26.457
22.572
24.572
21.343
23.686
22.572
22.572
22.457
22.572
21.343
26.686
23.915
22.572
21.343
24.343
26.915
22.572
25.8
22.457
25.686
25.572
23.8
23.915
24.686
23.686
21.457
22.457
26.457
21.457
20.457
24.572
23.686
21.566
24.8
21.457
23.915
21.457
27.144
24.572
24.686
22.572
20.457
24.457
22.572
23.457
21.457
20.457
23.915
21.343
20.457
26.572
20.457
26.686
20.457
25.8
24.795
23.915
21.572
23.572
21.572
26.686
24.572
23.686
21.457
21.343
20.457
24.457
20.457
23.812
26.457
23.8
25.8
24.457
26.915
24.92
26.8
23.686
21.572
26.572
20.457
23.915
26.686
20.457
24.343
22.457
21.457
24.915
21.572
23.686
20.457
25.915
23.686
20.566
23.457
26.915
24.8
21.572
23.915
24.457
23.915
25.572
25.8
23.675
25.572
23.457
26.686
23.686
25.029
20.686
26.457
23.686
24.457
20.457
23.686
21.572
20.457
24.8
23.457
23.686
24.915
23.457
23.8
22.572
25.572
24.572
23.686
24.686
25.915
24.457
26.915
24.789
23.915
23.457
25.686
23.572
22.457
23.572
20.457
25.686
24.8
24.572
25.686
24.457
23.457
24.572
21.457
21.457
25.8
25.686
20.457
24.572
23.572
22.572
23.457
23.572
22.572
25.8
24.572
22.457
24.343
22.686
22.572
21.572
21.572
20.457
24.8
23.457
24.692
25.915
23.686
22.572
20.457
23.457
23.572
23.686
22.572
23.572
24.806
21.343
23.686
26.457
20.457
25.572
23.686
26.572
25.8
23.915
25.572
24.343
25.686
21.572
24.572
25.686
24.572
24.457
23.686
20.457
24.343
24.572
20.457
25.686
23.577
20.686
22.686
27.029
21.572
24.686
24.915
23.686
23.686
23.572
21.343
22.572
20.457
26.457
20.457
23.8
20.457
21.343
23.697
20.457
24.8
21.8
21.457
25.572
24.915
20.457
20.457
24.686
24.457
26.915
22.572
21.572
24.686
24.572
22.457
24.343
20.457
24.686
25.8
24.8
20.457
24.343
25.915
22.343
26.915
23.686
21.572
20.457
25.572
23.686
20.457
22.457
25.686
21.457
21.457
25.915
23.686
22.572
26.029
21.572
25.686
25.686
22.572
24.457
22.343
26.457
23.457
23.572
21.572
24.572
21.343
20.457
20.457
24.8
21.572
21.343
25.915
23.572
25.686
23.686
25.457
21.343
24.915
24.572
21.572
27.029
25.686
23.686
24.915
23.572
20.457
24.686
21.343
27.04
24.343
22.572
20.457
24.8
25.8
24.8
21.572
23.686
22.572
20.457
23.8
21.457
23.686
21.572
23.686
23.457
21.457
26.8
23.572
22.572
22.572
24.8
22.572
24.8
22.572
20.457
24.686
23.572
26.8
24.572
