23.457
24.686
23.686
24.8
21.572
28.915
25.915
24.915
20.686
24.8
23.795
32.572
20.457
20.457
26.144
20.457
20.457
23.572
30.029
26.784
22.572
33.029
23.686
24.926
20.457
23.686
25.572
22.572
21.572
26.572
23.915
23.686
25.572
24.572
23.686
28.144
21.572
21.457
24.572
27.8
22.572
29.915
24.429
24.686
23.572
21.457
22.572
20.686
24.8
24.343
31.144
23.572
22.572
23.457
21.572
24.343
27.029
23.686
21.457
32.686
24.8
31.572
23.686
24.457
23.572
25.8
24.8
23.686
25.8
22.572
22.572
31.572
21.572
21.457
20.686
28.8
23.572
23.572
23.457
24.686
20.686
22.457
21.343
20.457
30.686
23.686
20.686
28.8
24.8
21.457
27.915
25.8
25.915
23.572
24.915
22.457
25.029
24.8
23.795
21.572
23.915
20.457
23.457
20.457
24.686
23.457
23.686
23.457
26.029
24.686
22.8
26.686
24.686
23.915
26.8
22.572
25.029
24.572
25.8
20.457
25.686
20.457
24.915
28.572
21.572
24.686
30.029
22.343
26.915
21.457
26.915
21.343
20.457
32.577
21.457
24.343
23.8
29.457
23.686
22.457
24.686
23.686
23.457
20.457
24.572
25.8
20.457
24.457
24.8
23.572
24.8
23.566
30.258
22.572
24.343
20.686
20.457
24.915
20.457
31.772
24.915
21.572
31.915
31.572
25.686
24.686
21.572
23.8
23.572
24.457
22.572
20.457
24.8
21.343
24.8
23.572
23.8
21.457
21.8
25.8
23.457
28.029
21.572
20.457
23.686
22.343
21.572
20.457
21.343
20.457
23.457
23.686
21.572
21.343
23.686
31.8
22.457
23.686
21.572
28.572
31.8
21.457
23.8
31.915
23.572
30.686
21.343
20.457
28.915
24.572
24.457
22.343
21.343
22.572
27.572
21.457
24.572
27.144
20.457
24.915
25.686
30.572
24.457
24.457
23.572
22.572
29.457
21.572
24.915
24.915
24.572
25.806
23.686
28.915
23.686
29.029
22.457
23.8
27.457
24.686
23.915
26.915
20.457
23.457
24.8
32.686
21.343
27.686
27.686
24.44
22.343
24.686
28.92
23.686
23.8
21.572
20.457
23.572
30.8
30.029
20.457
24.8
30.144
20.457
27.686
25.8
21.457
24.8
30.144
22.572
20.457
20.457
24.686
24.8
21.457
21.572
31.029
20.457
24.686
20.457
24.572
20.457
20.457
24.457
27.8
24.8
23.915
28.8
22.572
24.915
24.915
22.457
22.686
20.457
26.8
20.457
31.686
25.686
24.909
22.457
27.686
23.686
24.915
25.686
24.686
23.572
22.572
30.572
20.457
24.457
20.457
23.915
22.572
26.8
22.572
24.8
20.457
24.686
20.457
26.572
27.806
26.8
24.915
21.572
27.457
23.457
22.457
25.915
20.457
23.686
20.457
22.343
24.457
27.8
25.686
26.915
24.343
23.457
23.457
23.8
21.572
21.457
29.457
24.686
23.457
21.343
23.457
24.457
24.686
21.572
30.029
23.686
23.572
21.457
24.915
22.457
31.457
26.686
24.572
24.572
20.457
27.8
24.8
22.686
32.88
25.8
22.572
25.686
22.572
25.686
28.144
20.457
27.029
25.915
20.457
26.8
23.915
26.691
20.686
23.686
20.457
24.8
20.457
30.915
24.572
32.029
28.686
22.572
24.915
21.8
23.457
22.457
30.572
22.457
30.915
23.572
25.8
20.457
24.915
23.8
22.572
25.8
24.572
23.686
22.68
23.8
20.457
24.572
20.457
31.686
20.686
24.343
21.457
24.572
21.572
30.686
23.915
24.572
23.686
20.457
25.8
20.457
23.915
23.457
21.457
21.457
20.457
25.686
26.686
25.8
23.572
25.686
20.457
25.029
31.029
30.686
25.686
24.572
21.8
24.572
21.343
23.572
21.343
30.686
27.686
22.572
31.572
22.726
23.686
23.686
21.572
28.572
25.457
22.686
25.686
21.572
24.457
23.457
21.572
23.457
21.343
20.457
21.457
21.343
24.8
22.572
21.343
31.15
21.457
27.8
21.457
24.572
24.572
21.457
25.8
25.8
21.8
21.343
24.8
21.572
27.8
23.686
23.686
21.572
21.457
20.457
24.343
22.457
20.457
26.686
31.686
23.686
22.68
21.457
20.457
25.909
23.457
26.915
21.8
20.457
25.029
20.686
24.915
20.457
20.457
25.686
31.691
20.457
25.572
26.8
21.343
20.457
26.686
31.144
30.686
21.84
27.8
25.8
22.343
25.457
21.343
23.572
30.8
20.457
23.457
23.8
33.029
23.686
22.572
21.572
24.572
22.343
22.457
21.457
27.029
23.686
24.572
23.686
20.457
22.457
26.915
31.572
24.8
29.915
23.572
27.686
23.686
22.572
20.457
26.686
21.343
25.572
21.572
27.8
24.572
22.457
27.915
26.457
24.8
24.572
21.572
24.8
24.343
31.572
24.8
21.457
21.457
26.029
21.343
24.457
23.686
23.457
31.457
22.572
27.029
22.572
25.915
24.572
24.8
21.572
20.457
23.915
24.572
20.457
30.686
28.915
24.686
21.343
24.457
25.692
20.457
28.8
31.572
22.572
21.575
23.915
27.8
21.343
21.572
20.457
30.8
20.457
24.686
23.68
27.686
24.572
23.686
24.915
21.8
21.8
25.686
23.915
31.869
22.572
21.343
23.686
22.343
21.343
27.029
20.795
23.686
25.029
22.572
23.915
22.348
22.457
20.457
28.8
20.457
29.029
24.572
26.915
22.572
27.686
22.572
22.572
22.572
30.572
23.915
22.572
25.572
21.572
20.457
25.8
30.8
24.686
23.8
21.343
22.572
31.029
25.8
26.915
23.8
25.029
23.457
22.457
25.686
24.8
20.457
22.572
22.343
21.457
22.572
21.572
22.343
31.457
20.457
26.686
24.572
21.572
25.029
24.8
22.572
20.457
24.572
28.572
27.457
21.343
27.915
25.8
23.686
27.686
22.572
20.457
23.915
27.686
24.572
22.572
21.343
29.457
22.457
23.457
23.457
25.8
23.686
31.457
23.686
26.572
26.915
22.457
21.343
26.572
23.686
23.686
25.915
22.572
32.915
23.8
23.8
29.686
26.915
24.572
21.457
24.8
23.686
20.457
31.915
24.457
20.457
23.686
21.457
21.572
22.8
20.457
20.457
24.572
30.572
22.572
22.572
20.457
28.915
25.8
20.457
20.457
23.8
20.457
27.686
24.572
23.457
22.572
20.457
24.572
21.572
21.457
25.8
22.572
28.384
30.8
22.577
20.457
29.029
25.8
24.8
31.686
21.8
20.457
25.029
21.457
24.915
31.686
25.686
21.572
24.572
31.572
20.457
26.8
23.572
25.572
21.572
23.68
22.572
24.457
22.572
29.8
24.8
22.572
22.343
21.457
23.457
21.572
30.029
26.915
22.572
21.343
23.686
27.8
20.457
24.915
26.915
22.343
24.8
29.024
24.915
28.572
22.457
23.915
25.8
28.029
24.457
22.572
24.8
24.8
24.457
28.029
22.572
21.572
28.915
20.457
25.686
23.572
29.029
23.8
22.343
20.457
24.915
21.343
25.686
21.343
28.029
21.457
24.915
22.572
25.686
20.457
30.572
20.457
27.686
27.029
25.8
23.686
22.457
24.343
24.343
22.686
30.686
22.572
21.572
20.457
20.457
27.8
25.8
21.572
23.572
21.572
20.566
28.029
23.572
23.572
20.457
23.686
30.572
20.686
24.915
22.343
24.8
22.343
24.572
20.457
22.572
25.8
27.8
26.029
22.343
27.572
26.8
21.343
24.572
23.686
20.457
22.457
28.572
21.572
21.572
21.572
20.457
23.691
22.572
21.457
24.686
31.457
23.8
21.8
23.8
21.457
26.572
24.572
23.686
20.457
29.915
20.457
21.572
20.457
24.8
29.8
20.457
24.457
26.915
23.669
21.457
25.915
21.572
21.343
25.686
24.8
20.457
23.572
23.572
21.572
24.343
21.572
32.258
25.8
27.8
31.8
24.343
32.572
20.457
24.8
23.8
23.686
28.915
31.915
24.457
22.572
22.457
23.8
21.572
21.457
20.457
20.457
31.8
30.8
22.572
24.915
25.572
23.457
32.258
25.686
22.572
22.343
24.686
26.457
23.457
20.457
23.572
21.572
25.686
21.572
24.572
23.686
21.572
27.8
21.343
24.8
23.572
24.8
23.795
21.343
24.915
23.915
25.686
21.457
20.457
24.8
28.915
20.457
25.8
24.686
21.343
31.8
22.572
22.572
31.457
22.572
26.915
24.686
30.8
23.8
21.457
30.686
26.915
23.8
25.029
24.8
23.572
25.915
22.572
23.8
25.686
21.572
21.457
20.457
24.8
23.686
20.457
20.457
25.686
25.686
31.8
27.8
