23.457
24.686
23.686
26.686
25.457
24.8
21.572
25.915
24.8
20.686
24.8
23.795
20.457
20.457
26.144
24.915
20.457
27.572
20.457
23.572
26.686
22.572
20.457
24.926
23.686
25.572
20.686
23.686
21.572
26.572
25.8
22.457
23.686
24.572
23.686
28.029
21.572
21.457
24.457
26.915
27.8
22.572
24.343
24.686
23.572
21.457
22.572
20.686
27.915
24.8
24.343
23.686
22.572
25.457
24.457
23.457
21.572
24.343
27.029
23.686
21.457
21.343
24.8
24.457
26.812
23.572
22.686
25.915
24.8
22.572
20.457
22.572
26.8
25.686
20.686
24.686
23.572
23.572
23.457
24.8
27.572
22.457
25.686
20.457
23.915
24.457
23.686
21.572
20.686
21.457
24.686
22.8
24.572
25.8
22.555
21.572
25.029
28.144
23.795
20.457
23.457
24.8
20.457
27.029
23.457
27.029
22.8
23.686
21.572
23.457
26.686
26.029
21.8
24.572
26.915
22.572
22.572
26.915
20.457
24.686
20.457
25.8
27.457
25.572
24.686
21.8
25.577
24.686
21.572
22.343
26.8
21.343
20.457
25.572
21.457
27.686
21.457
24.343
23.686
20.457
22.457
24.8
21.572
20.457
22.572
24.572
22.572
24.457
26.686
24.8
26.029
24.686
24.572
23.566
24.343
23.686
23.686
24.457
23.572
20.457
23.8
25.8
23.572
22.686
21.68
20.686
21.572
24.686
21.343
23.572
20.457
24.686
23.8
21.343
24.8
20.457
27.029
24.572
24.686
23.8
21.457
23.457
24.686
23.457
23.8
21.343
24.686
20.457
22.343
26.915
24.8
21.572
23.686
21.343
24.572
25.915
24.572
20.457
23.915
24.572
23.566
21.457
20.457
25.8
24.457
21.343
22.8
27.8
21.343
23.686
24.457
21.343
24.572
23.457
22.572
24.8
21.457
24.457
24.457
23.8
25.457
23.686
20.457
25.915
24.457
20.457
24.572
22.572
21.572
23.572
25.686
24.572
25.915
23.915
27.8
23.686
25.457
27.457
23.686
27.8
26.795
23.572
21.572
27.029
24.915
23.457
24.572
24.457
25.915
21.572
24.343
22.343
20.457
26.92
22.572
26.457
20.457
23.915
20.457
23.915
23.686
20.457
22.572
24.915
20.457
26.915
25.915
21.457
22.8
26.915
20.457
24.8
23.795
21.457
23.572
27.8
23.457
24.915
25.029
23.686
23.572
27.8
24.572
21.8
25.915
22.572
24.915
22.572
20.457
24.572
23.572
23.686
22.457
26.915
22.686
20.457
25.572
20.457
24.795
23.457
22.457
22.8
27.686
23.572
20.686
25.686
24.686
22.572
24.572
24.8
23.686
20.686
24.8
26.915
24.8
23.686
21.56
25.8
23.686
23.686
23.686
20.457
23.572
25.8
27.457
24.572
22.457
24.8
21.572
20.457
24.686
27.8
24.457
23.457
22.572
22.457
25.686
24.343
23.457
23.686
21.572
25.8
24.572
23.686
22.343
21.343
25.915
26.8
24.572
24.8
21.572
24.343
23.686
21.572
23.572
23.8
25.572
23.457
22.457
21.343
22.572
24.686
20.457
27.8
25.8
25.686
22.343
25.144
25.686
25.8
23.572
22.572
21.572
23.8
27.8
24.904
23.572
24.915
20.457
24.572
22.572
25.029
20.457
21.572
26.029
25.915
24.572
22.457
23.686
21.572
23.686
22.457
27.8
25.915
22.8
25.915
24.8
24.686
27.686
23.572
22.572
21.572
26.915
20.686
24.457
20.457
20.457
26.915
24.686
24.8
21.572
24.343
22.572
21.572
23.8
21.572
26.686
21.343
22.572
20.457
22.572
20.457
20.457
24.457
21.457
21.457
25.8
20.457
24.686
28.029
23.664
24.457
23.572
25.686
24.8
20.457
25.686
23.572
25.915
21.572
20.457
24.572
24.8
26.686
24.572
24.572
24.686
22.686
21.457
23.686
26.029
25.457
22.686
25.8
21.572
25.8
21.572
24.457
21.572
22.343
21.343
21.8
21.572
20.686
27.921
21.343
27.686
25.8
24.457
21.572
23.686
21.457
22.572
25.915
23.686
24.686
21.572
24.572
21.343
20.457
24.8
23.686
21.457
24.572
24.572
26.926
22.343
20.457
24.343
21.572
26.8
23.686
24.795
20.457
23.932
26.915
23.457
24.686
20.457
21.577
24.686
20.457
22.572
20.686
20.457
25.686
23.572
20.457
25.572
23.686
26.8
21.343
26.686
23.457
24.8
21.457
23.572
22.457
28.029
22.343
25.8
21.343
24.817
23.572
20.457
23.457
20.457
24.686
21.572
20.457
24.572
25.686
20.457
22.572
25.457
27.8
21.457
24.343
22.572
20.457
22.457
24.8
27.8
20.457
22.457
20.457
24.686
20.457
26.686
22.457
25.8
23.572
21.572
24.572
23.457
26.915
21.343
27.686
26.457
25.457
24.8
21.572
20.457
24.343
26.029
24.686
21.457
24.343
21.343
24.572
25.806
23.686
21.457
20.457
23.457
21.457
21.572
28.029
20.686
24.572
27.8
21.572
20.457
25.915
23.8
21.572
20.457
21.343
23.915
25.8
25.457
21.572
20.457
24.572
23.8
23.572
25.8
21.572
24.8
20.457
24.457
20.457
21.8
26.8
24.686
24.572
28.046
23.686
24.915
22.572
23.8
28.144
22.572
24.8
21.343
22.343
27.029
27.029
24.572
23.915
22.68
25.915
23.8
23.686
22.348
22.457
20.457
25.686
27.686
25.572
24.686
20.457
24.572
23.457
22.572
20.457
22.572
26.915
21.572
27.686
24.8
20.457
25.457
21.572
27.686
26.686
24.8
23.686
23.686
21.343
20.457
21.8
25.8
27.686
22.572
21.8
25.8
20.457
22.572
25.457
24.452
22.343
21.457
23.572
22.343
21.343
24.572
21.572
26.686
21.457
23.915
22.572
24.8
20.457
21.457
26.457
24.686
27.457
21.343
23.686
22.572
23.686
21.343
23.686
25.457
23.915
27.686
21.343
24.8
24.343
27.915
22.343
26.686
26.8
25.8
23.8
21.457
23.8
21.457
22.457
27.029
21.457
20.457
21.457
20.457
27.572
24.457
24.915
25.8
21.572
26.8
24.686
21.457
26.572
24.572
22.572
20.457
24.572
22.572
21.572
23.457
21.457
21.457
20.457
21.343
20.457
20.457
22.572
26.686
22.457
22.572
20.457
21.572
23.915
27.686
26.572
24.572
23.686
22.572
20.457
25.8
24.572
24.8
27.8
23.686
26.04
22.572
27.8
21.457
25.686
20.686
28.029
24.806
20.457
24.8
21.572
21.457
24.343
21.572
27.915
21.457
25.457
25.686
20.457
23.915
25.686
23.572
26.915
25.686
21.343
23.68
24.915
23.915
22.572
24.686
21.457
23.915
25.572
25.572
23.457
23.457
23.915
27.572
24.572
28.046
25.915
20.457
23.915
23.686
22.572
21.572
20.457
24.8
24.457
27.915
25.915
24.915
23.457
25.686
22.572
25.8
21.343
22.572
27.686
25.915
23.572
22.572
23.915
23.572
23.8
26.686
22.343
23.572
22.572
21.572
24.572
21.343
21.343
23.457
28.029
21.457
21.457
25.8
25.686
23.572
27.686
23.457
22.572
26.915
25.8
23.572
24.915
24.343
24.343
21.572
21.572
26.8
25.686
20.457
21.8
25.8
24.572
23.457
24.692
23.686
20.457
23.686
20.457
25.8
24.8
22.572
20.686
24.915
22.343
24.8
24.457
23.686
21.457
20.686
23.686
20.457
25.915
23.8
22.343
27.572
21.343
26.457
24.8
27.686
23.686
25.457
21.572
24.457
21.572
24.343
23.691
21.572
23.572
21.572
20.686
21.572
25.915
21.457
24.915
25.915
24.457
23.572
20.457
20.457
26.915
27.8
22.343
24.686
21.343
24.8
23.686
23.686
21.8
21.457
24.686
22.572
21.343
23.915
20.457
24.572
23.686
24.8
21.572
24.686
24.686
25.457
24.452
23.686
24.457
23.8
26.686
20.457
24.343
20.457
22.343
24.8
27.8
21.572
21.572
26.686
24.8
22.457
25.686
21.457
23.915
21.572
20.457
22.572
25.915
22.572
21.572
25.457
25.915
22.572
24.686
20.457
23.457
27.8
23.457
20.457
21.572
24.572
20.457
24.572
24.686
23.686
24.572
24.457
23.572
24.572
24.8
23.8
21.343
24.915
23.8
25.915
20.686
21.457
24.8
21.457
20.457
28.029
20.457
24.686
24.343
21.572
24.572
20.457
27.686
24.686
22.572
26.915
20.686
22.572
24.686
21.8
21.457
21.572
23.686
20.457
26.8
24.572
23.572
22.572
24.8
24.686
23.686
24.915
20.457
23.457
25.686
27.144
23.686
25.686
27.8
