23.457
24.686
23.686
26.686
25.457
24.8
21.572
25.915
24.8
20.686
24.8
23.795
20.457
20.457
26.144
24.915
26.457
20.457
23.686
20.457
23.572
22.572
23.686
24.926
20.457
23.686
25.572
22.572
26.572
23.915
26.029
25.572
25.8
21.572
24.572
25.8
23.686
24.572
24.457
23.915
24.686
22.572
21.566
24.343
22.572
22.572
21.566
20.457
22.572
23.572
22.457
24.343
23.686
22.572
22.572
25.572
23.686
24.343
22.572
24.457
22.8
24.686
23.686
24.572
21.457
24.686
23.572
21.8
23.686
25.686
20.457
25.686
21.457
20.686
26.029
25.8
20.457
24.915
26.457
24.8
22.457
24.8
21.343
25.686
23.8
20.457
20.457
23.686
21.572
21.457
23.8
21.457
24.572
23.686
24.915
20.566
25.029
25.572
24.8
22.572
20.457
23.457
24.8
21.572
23.686
23.457
22.8
23.686
21.572
25.686
22.8
22.457
26.686
24.8
23.915
24.686
21.572
24.8
23.915
20.457
24.343
25.8
20.457
24.915
22.462
25.572
24.686
24.686
23.686
23.457
22.343
21.457
20.457
25.572
24.566
24.343
24.686
23.8
23.686
20.457
22.457
24.8
21.572
20.457
22.572
24.572
20.457
24.457
23.915
25.686
24.8
24.8
24.572
23.566
22.572
24.343
23.686
23.457
20.457
23.572
20.457
23.572
20.457
22.686
21.572
23.457
20.457
23.686
21.343
24.686
20.686
24.686
20.686
23.572
21.343
24.915
26.029
25.686
24.686
23.686
23.457
24.686
20.457
23.457
22.343
25.915
20.457
24.686
20.457
24.572
21.572
25.8
23.686
21.8
21.343
24.572
21.8
21.572
24.572
20.457
23.457
21.457
20.457
22.457
21.457
26.8
25.686
21.343
20.457
24.572
21.343
25.572
24.572
22.572
25.8
22.572
24.457
24.457
22.457
20.457
23.915
25.8
24.572
21.343
20.457
24.572
22.572
21.572
22.572
24.572
25.686
24.8
22.572
25.572
24.572
23.686
21.457
24.572
21.457
25.572
24.686
23.915
23.686
23.686
23.457
24.692
21.8
21.343
24.572
22.577
24.343
23.686
22.343
22.572
26.457
23.686
20.686
22.572
24.686
21.572
24.8
21.457
23.915
24.915
20.457
21.8
25.915
25.686
22.572
25.686
24.686
23.8
23.572
24.8
21.457
23.572
23.686
25.8
24.8
24.572
23.572
20.457
25.915
20.457
24.572
25.915
22.572
22.572
20.457
24.572
22.68
22.457
23.692
26.029
22.686
21.8
25.572
24.572
23.686
23.457
21.457
25.572
24.686
23.572
25.572
24.686
23.68
22.572
20.457
22.572
24.457
20.457
23.686
20.457
23.572
21.8
24.686
20.457
23.686
24.686
23.686
22.572
24.572
20.457
23.686
24.572
21.457
21.457
24.457
21.8
23.686
23.457
25.8
21.457
23.686
22.572
24.343
25.577
23.457
22.343
23.686
21.457
24.457
23.457
23.457
23.457
25.915
24.572
20.686
24.8
24.686
24.343
21.572
24.686
24.8
23.8
25.572
23.457
23.8
21.572
24.572
24.457
20.457
23.92
25.8
25.915
23.686
25.144
22.572
22.572
25.686
22.572
23.915
22.572
21.572
20.686
21.572
25.691
23.572
20.457
24.686
22.572
23.686
21.572
23.686
20.457
25.686
24.572
23.572
24.572
25.915
27.144
21.457
25.029
20.457
25.686
24.915
23.686
21.343
21.8
21.572
25.572
20.686
24.686
23.686
20.457
20.686
24.686
23.572
23.457
22.572
21.572
20.457
20.457
23.915
25.915
22.572
21.343
24.686
24.572
21.457
24.572
23.8
20.457
23.572
21.572
24.572
23.572
21.343
20.457
21.457
25.686
21.457
20.457
25.915
23.686
25.686
23.572
22.572
24.686
20.457
24.343
25.8
21.457
24.572
24.8
20.457
23.572
25.8
20.457
23.686
21.457
24.915
21.457
24.8
22.457
23.686
21.572
26.029
26.572
24.446
25.686
21.572
25.8
22.572
25.915
22.457
24.686
24.343
25.457
24.572
24.572
23.572
22.566
26.8
24.572
23.686
22.572
21.8
24.795
22.572
23.572
23.572
20.457
25.457
24.457
23.686
22.343
24.686
24.572
25.806
23.68
23.686
23.457
21.343
24.343
22.572
20.457
22.572
21.572
20.457
21.572
20.566
24.343
25.806
20.457
23.686
24.572
21.572
20.457
24.572
24.572
20.457
23.457
23.686
25.686
25.8
21.572
24.343
25.686
24.457
22.457
23.572
21.457
24.457
22.572
21.8
23.457
21.457
20.457
21.572
24.686
20.457
23.686
20.457
24.686
23.686
23.457
20.457
20.457
25.686
24.8
22.572
22.8
22.457
21.572
24.686
22.572
23.457
27.144
24.915
21.669
24.572
23.686
21.457
23.572
21.343
24.572
25.457
24.572
21.457
24.572
21.343
24.802
22.572
21.8
24.343
22.343
21.343
23.686
21.343
24.8
24.8
23.686
21.457
24.686
23.686
22.572
24.915
24.686
25.915
20.457
25.686
24.8
24.8
20.686
23.572
22.457
24.812
21.572
21.343
20.457
20.457
24.343
21.572
25.686
20.457
23.686
25.915
23.686
21.572
25.457
20.457
25.8
22.572
26.029
23.572
20.457
25.572
20.457
25.8
23.686
23.915
23.572
25.926
24.92
24.686
24.8
22.457
24.8
20.457
21.8
20.457
25.572
21.462
24.8
23.457
25.686
21.457
24.343
25.686
25.572
24.915
20.457
25.686
23.795
25.029
20.457
25.915
24.686
22.572
21.572
25.029
20.457
24.572
21.572
20.686
25.8
25.8
22.572
24.686
23.686
22.68
21.8
24.572
20.457
24.686
21.572
24.343
22.343
21.572
25.686
22.343
24.686
21.572
23.686
20.457
22.343
22.343
20.457
26.8
21.572
25.572
23.572
25.686
21.457
24.572
25.572
23.572
25.8
23.8
26.572
24.457
23.686
23.915
21.457
24.343
20.457
24.686
25.457
22.343
23.8
22.572
24.343
21.343
23.686
22.572
26.457
23.686
22.572
23.686
23.572
21.457
21.343
26.457
26.029
24.572
24.686
24.686
23.686
21.457
25.8
22.572
21.572
25.8
21.457
20.457
24.572
22.343
23.686
23.686
20.457
23.686
26.029
23.8
21.572
25.915
23.457
21.457
25.686
20.457
24.8
24.915
23.686
25.915
21.572
23.8
26.572
23.457
22.343
25.686
22.457
21.572
22.343
25.686
21.457
23.686
22.572
22.572
24.686
24.577
26.457
25.8
24.686
23.686
22.343
23.8
20.457
20.457
23.572
23.686
25.572
21.572
23.686
21.572
25.8
20.686
22.457
21.457
25.8
21.457
24.8
20.457
24.343
25.572
23.686
20.457
25.8
24.686
23.686
25.915
25.457
24.915
23.915
23.572
25.686
23.572
23.686
21.572
23.457
20.686
24.686
24.572
23.686
21.572
21.457
24.572
25.915
20.686
24.8
21.572
24.686
24.343
24.915
21.343
22.572
25.8
25.572
20.457
24.8
20.457
24.8
24.343
23.8
25.686
22.572
25.457
25.686
25.686
24.915
25.686
24.572
24.686
23.686
20.457
26.8
25.795
24.8
24.686
23.572
21.457
24.572
24.686
23.457
26.572
24.457
21.457
23.8
25.572
24.572
21.572
20.457
25.8
24.8
20.457
24.8
23.8
22.572
21.572
21.457
20.457
20.457
22.572
20.457
21.457
24.686
24.343
25.8
23.572
21.572
26.686
22.572
21.457
26.024
23.686
25.686
20.457
24.457
24.457
20.457
25.915
21.343
24.343
26.686
21.577
21.572
25.457
23.8
22.572
23.8
21.8
23.8
25.686
22.572
24.915
25.572
22.343
25.915
22.572
23.904
21.8
24.572
23.572
22.343
24.686
20.457
25.686
20.457
25.029
24.457
21.8
25.8
24.686
21.572
24.572
23.457
25.457
23.686
23.686
24.572
23.457
21.343
26.029
21.457
25.8
22.572
20.686
22.457
21.457
25.915
23.686
25.457
21.572
21.572
24.572
20.686
24.686
20.457
23.8
20.457
26.457
23.686
24.915
21.8
25.686
24.8
25.919
24.572
24.343
25.8
24.812
20.457
24.572
24.457
25.692
25.457
25.029
24.8
24.572
22.572
24.8
24.572
22.572
23.915
21.572
23.8
21.343
23.697
21.343
25.915
22.572
20.457
23.457
24.457
27.144
24.572
24.457
21.343
20.457
23.915
20.457
25.686
21.457
21.457
26.457
21.572
24.8
23.686
21.343
23.457
21.572
23.915
21.572
20.457
24.686
20.457
20.457
23.686
20.457
24.572
24.686
24.686
25.686
24.915
23.686
22.572
25.8
21.343
24.572
26.572
