23.457
24.686
23.686
25.457
24.8
21.572
28.915
25.915
24.915
20.686
24.8
23.795
20.457
20.457
26.144
20.457
20.457
23.572
30.686
30.029
26.784
22.572
20.457
24.926
23.686
25.572
20.686
23.686
21.572
26.572
25.8
22.457
23.686
24.572
23.686
28.144
21.572
21.457
24.457
27.8
22.572
29.915
24.429
23.572
21.457
22.572
20.686
27.915
27.915
20.457
24.343
28.029
22.572
25.457
24.457
23.457
24.343
27.144
21.572
24.686
23.686
21.457
23.686
24.457
24.457
23.572
24.8
23.686
27.8
25.8
22.572
21.572
21.457
20.686
25.8
28.8
20.457
23.572
23.457
24.686
20.686
22.457
20.457
30.686
24.457
20.686
28.8
21.572
26.029
21.457
30.029
25.8
22.572
25.915
23.572
21.572
25.029
25.572
23.795
24.8
20.457
27.144
24.686
23.686
23.457
22.8
21.572
30.686
23.457
25.915
26.686
26.029
21.8
24.572
26.915
26.915
22.572
24.915
24.686
21.8
29.029
20.457
23.572
28.572
26.915
25.462
24.686
24.686
22.343
21.457
24.686
21.343
20.457
25.572
30.686
21.457
24.343
23.686
23.686
20.457
22.457
24.686
20.457
24.572
21.343
24.915
20.457
29.8
26.915
23.572
24.8
28.144
24.572
22.572
24.343
24.686
22.572
24.457
20.457
21.8
23.8
20.457
30.68
21.572
20.686
25.686
24.686
20.457
24.686
24.457
21.8
24.572
24.915
21.343
23.572
21.572
29.686
25.686
21.457
28.029
24.915
20.457
27.686
22.343
24.686
20.457
20.457
30.652
24.572
23.457
23.686
30.8
21.343
23.686
24.572
21.8
28.572
24.572
20.457
22.457
21.457
20.457
24.572
21.457
30.8
21.343
30.686
21.343
28.915
23.686
24.457
22.343
21.343
21.343
27.572
21.457
27.686
24.457
27.029
22.572
20.457
25.572
20.457
24.457
27.915
24.572
22.572
21.8
21.343
27.915
28.572
28.029
26.029
23.904
23.686
21.457
29.915
22.457
25.686
20.686
27.457
24.686
21.572
27.029
24.915
20.457
23.457
21.343
24.343
27.817
24.92
22.343
20.686
27.029
23.686
23.686
21.572
20.457
30.8
25.915
22.572
20.457
20.457
26.915
30.8
25.915
21.457
29.029
24.8
20.457
26.915
20.457
21.457
29.029
28.029
20.457
28.029
24.8
24.686
24.572
23.8
23.572
20.457
20.457
24.457
22.572
23.915
28.8
24.572
22.572
24.915
24.915
22.457
23.692
22.686
20.457
20.457
25.572
24.795
23.457
22.457
20.457
22.572
30.915
25.686
23.572
21.343
24.8
22.572
20.457
23.915
23.686
26.686
25.8
24.8
24.686
24.686
23.8
27.686
23.686
22.572
26.915
23.669
27.457
23.915
22.457
25.915
20.457
25.8
25.915
23.686
23.572
22.343
24.457
24.915
25.8
25.457
24.452
23.457
21.457
23.457
21.572
21.457
24.8
23.457
23.457
21.572
24.457
24.457
29.8
24.343
23.8
21.8
24.572
23.572
21.457
25.572
22.457
21.343
26.686
24.572
24.572
24.8
25.8
23.572
22.572
25.686
22.572
29.686
28.258
20.457
28.029
27.029
20.457
23.462
21.572
29.915
25.915
29.8
24.915
20.457
23.915
24.8
21.572
30.029
24.572
23.572
22.572
30.029
22.572
21.8
22.457
24.8
27.8
22.457
23.572
23.686
20.457
23.8
29.029
21.343
22.572
25.8
23.686
23.572
21.572
20.457
23.915
28.572
20.457
21.572
24.343
22.572
30.8
21.343
23.8
25.8
21.457
23.8
21.572
23.686
20.457
25.686
23.572
21.457
23.457
20.457
24.686
21.572
27.686
20.457
24.8
27.029
24.686
20.457
28.8
25.686
24.572
21.8
24.572
24.572
21.343
21.343
30.686
27.8
22.572
24.686
21.457
30.686
23.457
25.686
21.343
29.686
30.029
25.686
23.457
25.915
21.572
24.686
20.457
25.686
24.572
21.572
24.686
21.343
22.572
29.297
24.686
21.457
24.457
21.457
24.572
26.686
22.572
21.572
21.8
24.686
25.915
28.8
21.572
24.457
23.686
21.572
23.686
21.457
24.572
20.457
24.343
22.457
20.457
23.686
22.68
29.686
21.457
20.457
23.932
26.024
21.8
24.8
20.457
24.691
24.8
20.457
30.652
20.457
23.572
29.686
25.572
23.8
26.8
21.343
20.457
26.686
20.686
29.144
30.686
27.8
22.343
25.8
23.686
27.686
25.686
23.686
21.8
24.572
23.566
23.8
23.686
22.572
24.572
24.457
22.343
22.457
21.457
20.457
26.915
24.343
23.686
27.8
21.457
23.686
21.8
25.457
27.915
20.457
30.029
23.572
22.572
20.457
22.457
29.029
21.343
23.572
24.8
24.572
24.8
25.457
30.144
24.8
24.457
24.8
21.572
20.457
29.686
24.343
25.8
21.457
21.457
24.343
21.343
23.572
22.572
24.457
23.457
21.8
22.572
21.572
24.686
28.915
24.572
21.572
20.457
21.572
20.457
28.8
20.686
27.915
30.8
22.457
21.343
21.572
24.572
20.457
29.686
24.686
22.572
21.572
23.572
21.572
20.457
24.572
25.8
24.686
23.572
25.915
24.8
24.572
25.029
21.8
28.029
25.8
25.029
23.915
22.572
23.686
22.343
20.686
27.144
24.572
23.686
22.68
21.675
30.572
23.686
22.348
22.457
20.457
28.8
23.8
27.686
25.572
20.457
24.572
23.457
22.572
22.572
20.457
26.029
24.915
21.572
24.8
25.686
20.457
24.8
21.572
24.8
22.572
23.8
29.915
21.343
20.457
21.8
25.8
25.915
23.457
22.572
21.8
20.457
22.572
25.457
24.452
22.343
21.457
23.572
22.343
24.572
21.572
26.686
24.457
21.457
23.8
24.8
21.572
26.572
22.572
21.566
24.572
28.572
27.457
21.343
22.572
22.572
22.572
20.457
25.457
23.686
28.8
24.572
22.572
21.343
24.343
22.343
23.686
22.686
23.457
23.572
23.8
26.572
26.8
22.457
23.686
26.572
26.457
24.572
23.572
24.8
28.8
23.795
24.915
21.572
29.686
27.795
27.029
24.457
21.457
21.343
23.8
23.686
20.457
21.457
21.457
21.572
21.343
20.457
30.144
20.457
30.686
26.686
24.915
20.457
23.914
20.457
22.457
20.457
29.029
30.8
24.572
23.686
21.572
25.572
24.457
21.572
26.572
22.572
26.457
26.155
23.457
22.577
21.457
27.8
29.144
26.915
20.457
24.572
24.8
20.457
24.343
22.572
29.029
21.457
24.8
25.572
21.572
24.8
20.457
26.572
23.686
25.572
22.343
20.686
23.68
24.915
24.457
24.686
26.686
25.572
20.457
23.457
30.8
29.029
26.8
21.457
26.8
23.686
20.686
24.457
29.8
23.686
26.029
21.572
29.029
24.664
23.686
26.029
22.457
24.8
21.572
24.915
28.029
23.572
21.457
23.686
23.686
22.572
27.029
20.457
30.029
25.686
30.572
26.686
22.343
23.572
25.8
23.915
21.572
24.572
24.572
21.343
20.686
24.457
21.457
25.686
24.8
30.572
23.572
23.8
27.686
22.572
25.686
23.686
24.343
22.457
24.343
27.029
30.686
22.572
20.457
25.8
20.457
23.686
25.8
21.572
20.457
25.686
23.457
24.8
23.572
23.686
23.572
27.8
24.8
24.915
24.024
22.343
21.343
24.8
22.343
23.686
20.457
22.572
24.915
27.686
23.457
27.572
26.8
24.572
22.457
24.457
25.915
21.572
29.915
23.572
21.572
20.462
24.343
20.457
24.572
23.572
21.457
23.915
21.572
23.686
21.56
30.8
24.572
23.572
22.572
26.572
21.572
20.457
21.572
20.457
26.457
20.457
21.343
20.457
26.915
21.8
25.686
22.572
25.8
20.457
24.572
21.8
24.457
30.144
24.8
24.8
23.457
22.457
24.8
22.457
24.343
22.572
25.686
24.8
20.457
22.572
24.343
20.457
22.343
29.144
24.572
24.457
22.572
23.8
20.457
22.457
23.915
20.457
23.8
20.457
23.686
28.8
24.8
23.457
25.686
22.343
23.686
20.457
29.457
25.686
27.572
23.457
21.572
21.343
23.686
25.686
21.572
20.457
23.686
21.572
20.566
24.572
24.572
24.686
23.8
20.457
21.343
25.8
21.572
22.572
21.457
28.8
28.686
23.686
24.915
21.572
24.686
24.343
24.457
20.686
20.457
24.686
27.029
24.915
22.572
21.572
22.572
23.915
21.457
21.572
26.915
25.909
20.686
23.686
22.572
23.8
20.457
29.8
22.572
24.686
29.915
22.572
25.8
20.457
24.572
23.572
24.572
28.144
