21.572
23.457
23.572
22.457
23.686
21.572
21.572
22.806
21.572
20.457
21.8
23.8
23.686
20.457
23.457
23.8
22.457
23.686
23.572
22.572
21.572
22.572
20.457
23.812
22.8
21.457
23.686
23.572
22.572
20.457
23.457
20.457
22.457
21.572
24.8
23.686
22.572
23.686
20.457
24.572
24.457
23.8
21.457
20.457
24.343
23.686
21.572
21.457
22.572
21.8
23.572
20.457
22.457
24.343
21.343
22.572
21.572
22.343
21.572
23.457
21.572
21.457
23.572
23.915
22.457
24.572
23.572
21.8
23.8
22.572
22.572
20.457
24.8
23.686
23.686
23.686
23.8
23.8
20.457
23.8
23.686
22.343
20.457
24.572
23.686
21.457
20.457
21.8
24.457
23.915
23.572
20.457
23.572
24.572
20.457
23.686
23.915
20.686
22.457
22.686
21.572
20.56
21.572
20.566
21.8
23.686
23.457
23.686
21.572
23.8
23.8
22.457
23.686
23.915
23.457
22.572
21.572
21.572
22.8
21.343
24.343
23.915
21.572
20.457
23.572
23.92
22.572
21.572
24.343
21.457
22.343
22.457
21.457
21.343
21.8
24.343
24.572
23.686
20.457
23.686
23.572
22.572
21.572
23.572
22.572
24.572
21.343
20.457
23.8
23.572
21.572
20.457
23.457
21.457
20.457
20.457
20.457
22.572
24.457
20.686
22.343
20.457
20.686
23.572
23.686
23.572
22.457
21.457
20.686
24.457
22.457
23.8
21.572
24.572
22.572
22.572
21.8
21.343
21.8
21.343
21.457
24.8
21.572
23.686
22.572
21.572
22.686
20.56
20.686
23.457
21.572
23.457
23.915
20.686
22.572
23.8
20.457
20.457
23.457
23.457
23.457
22.572
23.572
23.686
22.457
24.8
20.457
21.8
23.8
22.343
21.343
23.686
21.572
24.457
24.572
23.686
22.572
21.343
23.686
20.457
24.457
23.686
20.457
24.457
22.457
24.812
24.457
23.686
22.8
20.457
23.686
23.572
21.343
24.817
24.8
23.8
21.572
21.457
24.457
24.343
21.8
23.572
21.457
23.686
22.572
21.8
23.686
21.8
24.8
22.348
24.572
21.572
23.686
21.343
21.572
24.343
21.457
20.457
23.457
21.572
22.572
21.572
20.457
22.572
22.572
22.686
23.686
21.572
23.686
22.8
22.572
23.8
21.566
21.572
23.915
23.8
23.572
21.572
21.8
24.457
21.457
21.457
24.572
23.457
24.572
23.686
22.68
21.8
20.457
20.457
23.686
23.572
22.572
21.572
23.926
24.572
22.572
20.457
24.343
22.686
20.56
23.572
23.8
23.572
22.572
21.8
21.457
24.8
22.686
21.68
21.572
23.686
22.572
21.8
21.572
20.457
20.457
22.572
21.457
23.686
22.572
21.343
20.457
23.915
22.572
21.572
21.343
24.572
23.8
21.675
21.457
23.8
21.572
23.457
20.457
22.457
22.577
21.343
21.457
24.572
23.457
21.343
23.8
21.457
24.343
22.343
22.343
24.572
22.457
22.457
21.572
22.343
20.457
23.572
21.572
23.572
22.572
21.457
21.572
22.457
22.343
24.8
23.572
22.572
22.686
23.92
23.457
21.343
23.8
21.572
20.457
24.8
23.795
23.686
21.577
23.686
21.572
20.457
23.686
22.68
21.572
23.8
22.686
23.686
21.572
20.686
24.8
21.572
24.457
22.572
22.457
21.572
24.572
22.457
21.572
24.457
23.572
21.572
23.457
21.457
22.572
21.566
21.457
24.8
23.915
22.457
20.457
22.572
21.572
23.686
23.572
23.915
23.686
21.572
20.457
23.686
22.457
23.686
21.572
23.8
23.686
22.572
24.343
21.457
21.343
23.686
21.8
23.8
21.457
24.457
22.572
20.457
24.8
23.572
21.8
21.572
20.457
24.8
23.8
23.8
21.572
24.572
23.915
21.8
23.457
24.8
21.343
23.572
24.8
22.686
20.457
21.8
24.572
21.457
22.572
21.572
24.457
23.915
23.572
22.343
20.457
21.8
24.343
22.457
20.457
22.457
24.8
22.572
21.457
20.457
23.572
23.572
22.457
22.343
21.343
22.572
21.457
22.686
24.572
23.8
21.343
23.686
20.457
24.457
20.686
21.457
24.572
20.457
22.457
23.686
22.572
23.457
23.457
20.457
22.572
23.915
22.572
23.8
22.572
22.572
21.566
21.572
20.457
20.457
23.457
22.343
21.8
21.572
20.457
20.686
23.457
23.686
22.8
20.457
24.8
24.572
23.572
21.572
23.457
21.457
24.572
24.457
24.572
23.457
23.8
23.686
21.572
23.457
21.8
21.572
21.572
23.686
20.457
21.8
20.457
24.8
21.343
24.343
23.457
21.572
21.8
24.343
21.572
21.572
24.572
23.686
21.572
23.457
21.457
23.686
23.457
22.572
21.572
24.8
21.457
20.457
24.343
20.686
23.572
24.572
22.572
21.572
24.572
22.457
20.457
23.686
22.806
24.457
21.343
20.686
24.457
22.572
21.343
21.457
20.457
23.686
24.457
23.457
23.572
23.686
22.572
23.686
21.56
23.686
20.457
24.572
23.686
20.457
24.572
21.572
23.457
21.572
21.8
21.8
24.457
21.343
20.457
24.457
24.343
21.572
20.566
23.457
20.457
21.8
23.457
22.572
20.457
23.686
21.572
21.457
21.572
23.572
21.572
24.343
23.686
20.457
20.457
24.457
20.457
23.572
23.686
23.686
21.343
23.686
20.457
24.457
24.462
22.572
21.572
20.457
23.686
22.343
24.572
24.457
23.572
24.8
20.457
24.343
23.686
20.457
20.457
24.8
21.8
21.572
20.457
23.572
23.572
22.457
23.686
22.572
21.8
21.572
21.572
21.457
23.8
22.572
21.457
21.343
23.686
20.457
20.457
22.457
23.915
22.572
21.572
23.457
23.8
23.572
21.8
24.457
23.686
20.457
21.572
24.572
22.572
24.572
20.686
23.686
23.686
22.457
23.686
22.343
23.915
23.8
23.686
21.457
23.572
20.457
23.686
22.572
22.572
24.457
23.686
21.457
21.457
24.343
23.457
21.457
24.457
22.457
21.572
21.572
22.572
23.686
22.68
22.457
21.457
21.457
24.457
22.572
20.686
24.457
23.915
21.457
23.686
21.457
23.8
23.8
22.572
20.457
22.457
22.572
22.8
22.343
21.572
22.572
21.572
20.457
23.686
20.457
23.686
22.457
24.8
21.457
23.8
22.686
20.457
23.686
21.572
24.572
23.8
23.686
21.457
23.686
23.572
21.457
20.457
24.343
22.343
24.457
23.691
22.572
22.457
21.457
22.572
21.572
24.572
21.457
23.686
21.572
21.457
23.457
23.572
22.68
21.572
23.926
21.8
21.572
23.457
22.457
21.572
23.457
22.572
21.572
21.457
20.457
21.343
23.686
21.457
23.686
23.572
20.457
24.457
23.8
21.343
24.8
23.686
21.572
22.806
21.572
22.457
21.572
22.572
21.566
20.457
23.686
21.457
21.457
20.686
23.572
22.572
20.457
24.572
21.343
23.572
22.343
23.572
22.457
21.572
21.457
22.572
21.343
24.8
23.686
20.457
20.457
23.686
22.457
23.686
23.686
23.686
22.572
24.572
21.343
22.572
24.817
20.457
24.572
22.572
24.343
24.8
23.686
23.8
22.572
24.572
20.457
23.915
20.457
23.932
22.572
22.457
21.457
20.457
24.343
24.572
23.572
21.457
23.457
21.457
23.686
20.457
23.572
24.8
21.343
23.686
20.457
23.686
20.457
20.457
22.572
21.572
21.572
23.795
21.572
21.343
24.457
22.572
20.457
22.572
22.572
22.572
24.572
22.457
23.8
24.457
23.457
24.806
23.457
21.572
23.457
22.457
21.572
21.572
21.572
23.572
22.572
20.457
23.915
21.8
21.8
23.8
21.8
21.457
23.572
22.457
24.343
21.572
23.572
20.457
21.8
23.686
21.343
20.457
23.572
21.572
21.572
21.457
20.457
21.572
21.8
21.572
20.566
22.457
20.457
20.457
23.915
20.686
23.686
23.457
22.343
21.457
24.457
23.8
23.457
23.457
22.457
24.572
21.8
23.572
21.572
21.343
22.572
24.572
21.572
21.8
21.572
21.572
21.572
20.457
22.572
23.457
24.8
21.572
23.915
22.572
21.572
24.572
24.572
21.343
24.457
24.343
23.686
21.572
20.686
23.686
21.457
23.572
24.8
21.572
22.572
22.572
21.457
22.457
23.686
22.8
20.457
24.343
24.457
23.572
21.572
24.572
22.457
21.572
20.457
24.8
23.686
20.457
23.572
21.572
20.457
23.457
21.343
21.572
20.457
21.457
21.8
20.457
22.572
20.686
23.8
23.572
21.457
23.686
21.572
23.686
24.8
21.572
23.926
21.343
23.697
