23.457
24.686
23.686
25.457
24.8
21.572
28.915
25.915
24.915
20.686
24.8
23.795
20.457
20.457
26.144
20.457
20.457
23.572
30.686
30.029
26.784
22.572
20.457
24.926
23.686
25.572
20.686
23.686
21.572
26.572
25.8
22.457
23.686
24.572
23.686
28.144
21.572
21.457
24.457
27.8
22.572
29.915
23.572
21.457
22.572
20.686
27.915
31.457
27.915
20.457
24.343
27.915
22.572
25.457
24.457
23.457
27.029
21.572
24.686
23.686
21.457
21.343
31.457
24.457
26.915
23.572
22.686
24.8
27.8
22.572
21.572
26.8
25.686
21.457
20.686
25.8
23.572
23.572
23.457
24.8
22.457
25.686
20.457
23.915
30.686
24.457
20.686
26.915
26.029
24.686
21.457
25.8
22.572
23.572
22.457
29.144
24.915
24.8
23.795
20.457
23.457
24.8
20.457
27.144
24.686
23.457
22.8
21.572
23.457
25.915
26.686
26.029
21.8
24.572
26.915
26.915
22.572
24.915
24.686
21.8
29.029
20.457
23.572
28.572
26.915
25.462
24.686
24.686
22.343
21.457
24.686
21.343
20.457
25.572
30.686
21.457
24.343
23.686
23.686
20.457
22.457
24.686
20.457
24.572
21.343
24.915
20.457
29.8
26.915
23.572
24.8
28.144
24.572
22.572
24.343
24.686
22.572
24.457
20.457
21.8
23.8
20.457
30.68
21.572
20.686
25.686
24.686
20.457
24.686
24.457
21.8
24.572
24.915
21.343
23.572
21.572
29.686
25.686
21.457
28.029
24.915
20.457
27.686
22.343
24.686
20.457
20.457
30.652
24.572
23.457
23.686
30.915
21.343
23.686
24.572
21.8
28.572
24.572
20.457
22.457
21.457
20.457
24.572
21.457
30.8
21.343
30.686
21.343
28.915
23.686
24.457
22.343
21.343
21.343
27.572
21.457
27.686
24.457
27.029
22.572
20.457
25.572
20.457
24.457
24.572
28.029
22.572
21.8
21.343
27.915
28.572
28.029
26.029
23.904
23.686
21.457
29.915
22.457
25.686
20.686
27.457
24.686
21.572
27.029
24.915
20.457
23.457
21.343
27.8
24.92
26.572
22.343
20.686
26.915
23.686
23.686
21.572
20.457
30.8
25.915
22.572
20.457
20.457
26.915
30.8
25.915
21.457
29.029
24.8
20.457
27.029
21.457
23.572
28.915
28.029
20.457
27.915
24.8
24.686
24.572
21.343
23.8
20.457
20.457
22.572
29.686
23.915
28.8
24.572
22.572
24.915
24.915
22.457
22.457
20.457
26.8
20.457
25.8
24.795
23.457
22.457
20.457
22.572
30.915
25.686
24.686
23.572
22.572
24.457
23.686
20.457
23.686
23.686
25.029
20.457
24.686
28.8
23.686
27.686
20.457
27.915
22.572
26.915
27.457
23.8
22.457
20.457
25.8
29.029
25.8
23.686
23.686
22.343
24.457
22.457
24.915
25.8
24.343
21.457
23.457
21.457
24.686
24.572
23.457
30.572
23.457
21.572
24.457
26.8
24.457
21.572
21.8
23.572
21.457
25.572
22.457
31.457
30.8
26.686
24.572
24.8
25.8
23.686
25.915
30.572
23.457
30.915
22.572
22.572
28.144
20.457
28.029
20.686
27.029
20.457
23.462
26.8
30.029
20.686
24.686
24.915
24.8
23.572
21.343
20.457
30.029
24.686
22.572
22.572
21.572
31.029
22.457
22.457
24.8
31.029
23.572
25.8
23.686
20.457
23.686
21.343
22.572
25.8
24.572
23.686
23.572
21.572
20.457
23.915
20.457
22.572
21.566
24.686
30.8
21.343
23.8
23.915
31.457
23.686
21.572
23.686
20.457
23.457
23.686
21.457
20.457
25.915
29.686
27.686
20.457
26.915
24.686
22.572
28.915
24.686
20.457
28.915
24.572
23.572
24.572
24.8
25.029
21.343
27.8
22.572
24.686
22.686
23.686
30.686
22.457
23.686
30.572
21.343
22.686
26.686
25.686
21.572
23.457
21.572
23.457
21.343
20.457
21.457
24.572
29.264
22.572
21.343
24.457
27.8
23.457
24.686
21.457
24.572
21.457
21.572
21.8
24.572
21.343
29.029
28.8
25.915
21.457
24.572
26.926
26.686
24.572
20.457
23.457
22.457
20.457
22.572
21.566
31.457
26.915
20.457
23.457
21.8
27.029
25.915
21.8
20.457
22.572
24.577
20.457
23.572
23.686
29.686
25.572
23.686
26.8
20.457
26.686
24.686
20.686
24.572
22.457
30.686
27.8
25.8
20.686
22.343
26.029
25.915
21.8
24.572
21.572
23.686
22.572
24.572
30.686
24.457
22.343
21.457
20.457
27.029
24.343
24.572
23.686
29.457
20.457
22.457
21.457
20.457
25.029
30.915
30.144
23.572
22.572
28.915
23.686
23.572
21.572
24.457
21.572
29.457
21.572
21.343
27.686
30.029
25.572
22.572
21.572
20.457
29.686
26.572
21.457
26.686
21.457
24.343
21.343
20.457
22.572
23.457
21.8
22.572
25.8
30.572
24.572
24.8
27.686
23.572
20.457
25.915
24.8
20.457
24.8
24.8
22.572
24.457
21.343
21.343
21.572
20.457
24.686
29.457
22.572
23.915
21.572
23.915
20.457
24.457
24.915
20.457
24.686
23.68
21.343
24.686
23.686
24.915
23.457
24.8
22.572
24.915
23.686
27.144
22.343
20.686
24.572
26.915
20.795
24.572
21.572
24.915
22.348
24.8
20.457
25.457
21.457
28.8
23.686
20.457
28.915
24.572
23.457
22.572
23.686
20.457
24.915
24.915
25.457
20.457
25.8
30.686
23.915
21.457
28.8
24.686
28.8
21.343
24.915
23.915
23.686
20.457
24.8
23.457
22.572
24.915
20.457
22.572
25.457
24.452
22.343
21.457
24.8
22.343
21.343
20.457
24.572
21.572
21.457
20.457
31.029
23.686
27.915
22.572
21.566
28.572
27.457
21.343
22.572
22.572
28.572
22.572
20.457
25.572
23.686
27.686
24.457
22.572
24.343
24.457
23.686
23.457
22.343
25.8
23.686
26.572
28.915
27.029
26.572
26.457
21.457
24.572
25.8
23.686
23.572
30.686
23.795
25.8
23.915
23.686
21.572
25.915
21.457
24.572
21.457
24.457
22.572
21.572
21.457
20.457
23.8
29.915
20.457
24.457
30.686
23.915
22.572
23.795
20.457
23.572
29.8
21.457
20.457
20.457
26.686
20.457
24.572
22.572
20.457
25.572
24.572
23.686
24.926
28.029
24.686
29.8
22.572
22.577
25.8
20.457
24.686
30.144
24.8
23.915
20.457
22.572
24.8
21.457
29.915
25.572
21.572
31.457
24.8
23.686
25.572
23.686
21.572
23.457
29.915
21.343
23.795
23.915
22.572
24.8
22.572
22.343
23.686
23.457
26.572
31.144
21.343
24.8
23.686
20.686
28.029
30.915
20.457
23.572
24.8
21.8
29.144
30.915
21.572
22.572
22.457
21.572
27.144
29.686
23.572
24.915
22.572
26.029
22.457
24.457
24.8
23.457
31.029
25.686
23.572
22.343
23.572
23.8
27.915
21.343
24.572
23.8
21.343
27.915
23.457
23.686
22.572
21.457
25.686
20.457
27.686
23.457
27.029
25.686
23.686
23.572
21.457
24.343
25.915
24.343
22.572
20.457
25.8
23.915
23.572
21.572
29.686
20.457
24.572
23.457
24.915
20.457
23.572
25.8
23.572
20.686
25.8
24.915
22.343
21.343
23.457
23.8
20.457
22.572
30.8
25.915
25.803
22.343
27.572
26.915
24.572
23.686
20.457
28.572
24.572
25.686
21.572
24.572
20.462
24.572
22.572
21.572
20.686
24.915
31.457
21.572
21.457
26.572
22.457
26.915
21.457
24.572
20.457
21.572
28.144
23.8
21.572
26.457
22.343
20.457
24.457
23.572
21.457
28.029
25.686
21.343
20.457
25.686
24.8
21.8
21.572
28.572
24.915
24.686
24.669
24.343
25.686
22.572
23.8
21.8
25.686
20.457
25.915
20.457
22.343
24.8
26.572
24.572
24.457
23.686
21.572
20.457
24.8
21.457
25.686
23.8
23.572
24.8
22.572
22.457
28.8
24.572
23.457
20.686
23.457
22.343
20.457
27.572
23.457
21.572
24.8
21.572
24.572
28.915
26.029
25.029
24.572
21.343
24.686
23.686
20.686
24.572
20.457
24.915
21.343
24.572
23.457
21.457
25.686
20.457
23.8
24.8
30.686
22.572
21.572
20.686
22.572
31.457
21.572
23.915
31.029
30.572
23.915
22.572
20.457
21.457
24.8
21.572
20.457
27.686
24.686
22.572
23.8
21.457
20.457
29.8
24.8
24.686
22.572
24.8
24.572
23.686
23.686
25.686
24.572
