23.457
24.686
23.686
25.457
24.8
21.572
28.915
25.915
24.915
20.686
24.8
23.795
20.457
20.457
26.144
20.457
20.457
23.572
30.686
30.029
26.784
22.572
20.457
24.926
23.686
25.572
20.686
23.686
21.572
26.572
25.8
22.457
23.686
23.686
28.144
21.572
21.457
24.457
27.8
22.572
31.8
29.915
24.686
23.572
21.457
22.572
20.686
31.457
27.915
24.343
28.029
22.572
25.457
24.457
23.915
23.457
29.686
21.572
24.572
21.457
23.915
23.686
24.457
31.457
24.457
23.572
24.8
23.686
27.8
25.8
22.572
21.572
25.686
21.457
25.8
23.8
23.572
23.572
23.457
24.686
20.686
22.457
21.343
20.457
30.686
20.686
28.8
26.029
24.572
21.457
30.144
25.8
22.572
21.8
23.572
29.029
25.686
24.8
23.795
23.915
20.457
23.457
24.8
20.457
24.686
23.457
22.8
23.457
25.915
24.8
23.8
26.686
25.8
24.686
27.029
25.8
24.915
24.8
20.457
21.8
25.686
20.457
32.029
28.572
25.462
24.686
24.686
23.686
30.029
22.343
21.457
24.572
21.343
20.457
25.686
24.343
23.686
23.8
21.572
23.686
22.457
23.572
23.457
20.457
24.572
20.457
24.572
24.8
21.572
28.915
23.572
30.258
22.572
24.343
20.686
24.686
20.457
21.8
24.915
30.68
31.915
23.572
21.572
31.686
25.686
24.686
20.457
23.8
21.343
24.572
22.572
24.686
23.572
21.343
25.029
23.572
23.8
21.457
21.8
25.8
23.457
28.029
20.457
23.686
24.572
22.343
21.572
20.457
21.343
20.457
23.457
23.686
21.343
23.686
21.8
21.572
20.457
28.572
30.915
22.457
21.457
31.8
21.457
21.343
23.686
30.686
28.915
24.457
31.686
24.457
22.343
21.343
21.343
29.686
27.572
21.343
23.915
21.457
27.029
22.572
20.457
25.686
25.686
24.457
23.686
25.686
24.915
24.915
30.572
22.8
20.686
24.457
23.686
30.915
31.915
31.144
22.457
25.686
20.686
27.457
26.572
24.686
27.144
20.457
24.8
21.343
24.572
22.577
32.029
30.686
22.343
23.686
25.915
31.572
23.686
20.457
31.029
24.8
23.8
31.8
22.572
20.457
30.8
20.457
23.915
28.915
25.686
23.686
22.8
20.457
20.457
25.8
24.801
27.8
21.457
20.457
27.915
24.457
24.686
24.572
21.343
23.686
20.457
22.572
22.572
24.915
29.686
27.8
21.8
24.572
22.572
24.915
22.457
20.457
25.686
26.92
20.457
24.457
25.915
23.457
21.457
20.457
30.915
24.8
22.572
23.915
29.8
22.572
28.8
24.572
20.457
23.686
23.686
23.686
24.915
23.686
20.457
23.8
23.8
28.915
20.457
20.457
26.8
24.8
21.572
27.457
20.457
23.686
20.457
30.144
26.8
23.686
22.343
21.457
24.8
22.457
25.686
24.343
23.457
21.457
23.457
21.457
24.457
23.457
21.343
23.457
31.8
24.686
24.8
21.572
29.8
24.343
23.8
21.572
22.343
25.572
29.029
23.572
27.686
24.572
27.686
24.915
22.686
23.92
23.572
28.572
22.343
24.572
22.572
28.029
25.915
22.457
24.915
20.457
26.915
24.8
24.806
21.572
23.915
21.572
20.686
26.915
20.457
26.915
24.457
28.686
24.915
21.572
29.686
23.686
31.8
27.8
22.457
21.457
24.915
25.457
21.457
20.457
26.029
22.572
25.8
30.029
24.457
23.686
21.572
21.572
28.572
23.686
20.457
23.8
30.8
22.572
20.457
24.686
21.343
25.915
23.8
31.457
23.8
21.572
20.457
23.457
28.144
23.778
24.457
21.457
20.457
20.457
25.8
20.686
26.686
23.572
25.686
22.572
20.686
24.686
24.572
31.572
20.457
24.457
27.915
21.343
28.915
21.572
24.457
22.572
29.029
22.572
30.686
25.8
22.457
23.686
23.457
21.343
21.572
23.457
25.915
21.572
28.915
22.343
21.343
21.572
21.457
21.457
27.921
21.343
23.915
24.457
23.457
25.8
31.686
22.84
24.572
22.572
21.566
25.8
20.457
24.572
21.343
24.457
21.8
23.686
24.572
26.8
20.457
20.457
23.572
27.686
30.8
23.686
22.68
29.915
21.457
31.572
24.795
20.457
23.932
23.457
20.457
21.8
21.577
21.572
20.457
23.686
23.686
29.144
20.457
29.686
25.572
26.8
21.343
26.686
23.457
20.686
21.457
30.8
26.915
20.457
22.457
27.8
25.686
21.343
23.697
20.457
23.915
21.8
23.686
20.457
30.572
24.572
22.343
22.457
21.457
30.029
23.572
32.029
20.457
24.343
24.572
23.686
23.572
26.029
23.686
20.457
24.8
29.457
22.572
20.457
26.686
22.457
27.915
23.572
24.572
24.8
24.572
23.457
21.572
30.029
25.686
24.457
21.572
20.457
24.343
26.915
24.8
32.029
21.457
21.457
24.572
23.686
22.572
24.572
20.457
31.572
24.915
20.686
24.572
27.144
30.572
24.686
20.457
21.572
24.8
20.457
30.686
24.572
31.029
22.457
24.8
21.343
20.457
25.8
24.572
21.572
21.572
20.457
24.686
21.343
20.457
23.686
20.457
30.686
21.84
27.686
24.915
20.457
30.8
24.457
23.686
28.144
23.915
22.572
23.8
23.686
22.68
24.572
20.457
31.92
24.457
26.8
22.572
23.686
23.8
24.572
23.462
22.457
30.8
22.343
24.686
23.8
27.686
24.572
23.457
22.572
22.572
22.572
20.457
26.029
24.915
24.915
20.457
25.457
24.8
26.029
25.572
23.686
22.572
27.8
21.343
23.915
24.8
21.8
23.686
31.686
23.457
25.686
24.8
22.572
21.572
25.457
22.343
23.686
23.572
22.343
31.457
20.457
26.686
24.572
22.572
21.572
22.572
20.457
31.8
32.029
21.457
28.572
27.457
21.343
28.572
27.915
23.686
26.915
22.572
20.457
25.572
23.572
27.686
24.457
22.572
21.343
24.343
22.457
23.457
23.457
23.686
23.686
26.572
22.457
27.144
31.915
26.572
23.572
23.686
30.686
26.915
30.686
25.8
21.457
24.915
30.572
23.8
21.572
21.457
24.457
21.457
29.029
20.457
24.572
20.457
23.686
23.686
21.343
24.686
23.8
20.457
20.457
30.572
26.686
23.572
24.8
22.575
20.457
20.457
20.457
20.457
27.8
25.915
21.572
22.572
20.457
20.457
24.572
31.686
27.572
24.686
23.686
26.04
22.577
28.144
25.915
20.457
27.8
24.686
20.457
24.8
23.915
21.457
21.457
20.457
23.457
23.572
31.572
20.486
20.457
32.029
29.8
29.457
22.343
26.686
24.686
23.68
22.572
24.457
24.8
23.8
22.343
23.686
25.572
23.8
26.915
21.343
24.817
23.686
24.915
20.686
30.686
29.915
23.572
28.915
22.343
24.8
21.8
29.144
20.686
23.457
27.029
32.029
25.572
24.457
22.572
24.8
25.915
24.915
24.457
22.572
29.029
20.457
21.457
20.457
24.572
29.915
22.343
30.144
20.457
24.915
25.686
22.572
24.572
21.457
30.144
25.686
20.457
30.572
22.572
24.915
30.572
22.572
20.457
27.8
23.457
23.686
22.457
24.343
23.8
20.457
25.8
24.915
20.457
23.915
25.8
31.572
24.8
23.572
21.572
27.915
23.572
20.457
23.686
20.457
22.572
30.572
20.686
22.343
21.343
30.8
23.457
23.686
20.457
28.8
22.572
25.915
22.343
26.915
25.686
21.8
27.572
21.343
24.572
28.572
23.686
25.572
21.572
24.686
21.572
20.566
22.572
21.457
25.029
24.686
31.457
22.572
21.572
21.457
21.457
30.8
24.572
23.686
20.457
27.029
21.572
23.8
26.457
22.343
23.8
21.572
21.343
20.457
23.572
22.8
21.457
22.572
20.457
24.572
27.686
24.572
24.915
22.457
24.8
28.915
24.343
22.572
31.915
21.8
23.56
30.8
27.915
21.572
20.457
24.8
23.686
21.572
28.915
22.572
20.457
31.457
24.915
21.457
25.572
21.572
21.457
31.572
27.915
23.572
22.572
31.029
24.572
24.572
23.457
23.915
26.457
20.457
31.8
25.8
23.686
21.572
24.572
21.572
24.457
30.686
23.915
23.686
20.457
24.8
21.572
24.572
23.8
21.343
31.686
26.915
23.686
27.915
23.8
20.457
22.812
28.686
20.457
24.686
21.343
24.343
31.686
29.029
22.572
20.457
24.8
22.572
24.8
22.572
24.686
26.029
21.572
23.8
21.457
20.457
25.8
24.8
20.686
21.457
24.686
22.572
21.572
28.915
24.8
21.572
25.029
24.8
20.457
23.572
26.8
31.8
27.8
