23.457
23.457
23.572
25.572
27.04
24.915
21.572
24.8
24.915
20.686
24.686
23.686
23.8
20.457
20.457
26.457
20.457
20.457
27.258
23.572
25.457
20.457
25.8
24.926
21.457
20.457
23.686
25.572
20.457
23.686
25.8
22.457
22.572
23.457
25.8
23.8
24.686
21.457
25.686
24.572
21.343
24.8
22.572
21.457
23.686
22.572
21.566
20.457
22.572
25.8
22.457
24.343
23.686
24.457
25.8
23.686
23.457
20.686
24.457
25.572
21.343
24.8
25.8
21.457
24.457
26.812
23.572
21.8
25.8
22.572
25.8
22.572
21.572
25.686
21.457
20.686
20.457
23.572
24.457
21.572
24.686
22.457
22.572
25.686
20.457
24.572
23.686
20.686
24.686
21.572
20.457
24.686
21.8
26.686
23.572
27.029
22.686
24.8
23.572
22.572
24.8
20.457
23.457
24.572
23.457
25.029
21.572
23.686
21.572
26.029
23.572
26.686
23.457
21.8
26.686
21.572
27.144
25.8
24.915
20.457
22.572
24.343
25.8
20.457
26.915
25.462
24.686
21.572
24.686
22.343
24.692
21.457
21.343
20.457
25.457
24.457
23.8
20.457
23.686
23.686
22.457
21.343
23.572
22.572
24.572
21.343
20.457
25.029
20.457
23.915
25.8
24.686
24.686
23.795
24.343
24.572
23.572
25.915
20.457
25.8
23.572
20.457
24.686
22.457
23.8
22.343
20.686
22.572
21.343
21.343
24.686
21.572
23.8
24.572
23.572
21.572
24.686
21.572
20.457
25.686
23.8
21.457
23.8
20.457
24.8
21.572
21.343
20.457
26.686
25.915
23.686
22.572
21.572
21.572
21.572
21.343
21.572
24.8
24.572
23.457
23.686
23.572
21.457
20.457
23.457
26.8
21.343
22.572
24.457
23.572
22.343
24.686
24.572
22.572
21.8
24.572
21.343
23.457
21.457
23.572
21.572
25.457
25.686
24.915
20.457
24.572
23.572
25.8
23.572
24.572
25.686
26.686
24.572
21.343
23.686
26.8
23.572
20.457
24.457
22.457
23.8
22.572
20.457
21.8
24.686
27.029
24.572
20.462
24.8
24.572
24.343
22.572
20.457
25.686
23.915
22.572
26.686
22.572
21.8
23.572
21.572
21.572
20.457
24.915
20.457
24.8
24.915
20.457
24.8
25.686
26.572
23.572
25.915
21.457
25.8
23.686
22.343
23.686
22.572
21.457
23.572
25.915
24.572
21.8
21.8
25.915
26.915
22.572
25.8
24.572
23.572
22.457
23.692
24.915
20.457
24.457
22.572
25.8
24.686
23.457
22.572
22.457
23.572
20.457
23.572
20.686
20.457
24.8
23.686
23.686
22.572
22.572
23.572
25.915
23.686
20.457
25.8
24.8
23.8
21.343
26.572
21.572
26.915
23.915
21.8
22.457
25.915
21.457
24.457
22.572
23.686
22.343
20.457
23.915
21.343
25.572
25.686
25.686
23.457
24.686
21.457
23.457
25.8
21.343
25.686
21.572
22.457
22.457
25.932
23.457
23.457
20.457
23.457
24.692
24.686
21.457
23.572
21.343
23.572
20.457
25.686
20.457
25.572
20.457
25.8
22.343
27.029
27.029
25.915
23.686
23.686
27.144
24.686
21.572
23.915
25.915
21.572
24.577
20.457
23.686
23.8
23.686
23.686
20.457
21.343
24.8
26.686
23.457
20.457
21.8
23.457
26.915
22.457
27.144
20.457
23.572
20.457
23.572
23.686
22.572
24.572
21.343
21.572
25.8
21.457
24.572
24.686
23.68
24.572
21.343
24.8
23.795
20.457
23.915
23.457
20.457
23.686
21.572
21.343
21.457
23.686
22.572
21.572
23.457
23.8
24.457
21.457
24.8
22.572
26.029
20.457
21.343
23.686
20.457
20.457
23.572
25.915
21.572
25.8
24.457
25.686
24.8
24.8
23.915
21.572
20.457
24.457
20.457
25.572
23.915
24.686
22.457
21.572
24.457
22.572
22.457
20.457
22.572
26.686
24.572
25.8
21.457
20.457
25.457
24.915
24.686
22.572
21.343
23.8
22.457
26.686
23.457
21.457
25.915
24.8
22.572
21.343
20.457
23.909
24.572
20.457
22.457
22.572
25.572
21.343
25.457
21.572
26.029
25.572
21.572
21.572
24.686
24.686
23.572
23.686
20.457
24.686
20.457
21.8
26.029
21.577
22.686
20.566
20.457
25.915
24.8
23.457
22.8
21.572
23.457
25.8
21.457
25.686
20.457
20.686
25.572
22.457
25.686
23.572
22.572
24.572
21.343
20.686
23.457
24.8
20.457
23.686
21.457
21.572
20.457
25.686
22.343
21.343
25.457
20.457
23.457
21.572
21.457
20.457
24.8
22.572
21.343
20.457
23.8
24.686
25.915
20.457
23.686
26.686
24.572
26.915
20.457
24.915
24.572
23.572
22.343
25.686
24.572
24.572
23.686
24.457
23.572
21.572
20.457
24.343
21.572
21.457
21.457
24.343
21.343
20.457
21.343
23.686
23.457
23.686
24.8
23.8
24.8
25.915
20.457
24.572
26.915
25.8
24.8
21.572
23.572
25.686
24.572
21.343
24.572
20.457
24.572
20.457
24.343
22.686
20.457
23.572
23.8
20.457
25.457
24.8
24.915
22.572
20.457
25.029
23.8
20.457
24.457
24.915
22.572
25.572
23.915
21.8
23.572
26.915
23.686
20.686
24.457
20.457
24.572
24.572
20.457
20.686
23.572
26.686
25.457
26.92
24.8
24.8
24.343
22.572
24.572
25.8
21.572
23.686
22.572
21.572
22.572
26.915
21.572
21.457
24.915
21.572
20.457
21.8
26.457
23.572
22.572
22.572
21.457
20.457
25.915
21.572
20.457
25.457
23.457
21.572
25.915
23.915
25.686
24.572
23.457
22.572
21.572
24.8
22.343
20.457
26.686
22.572
24.572
21.457
20.457
23.8
24.457
26.457
23.572
25.686
24.686
23.686
24.915
22.343
24.8
21.572
26.457
24.686
21.343
23.686
21.457
21.343
24.572
22.572
20.457
22.457
22.343
26.915
22.572
22.457
21.457
21.457
26.915
21.457
21.343
23.686
20.457
26.457
20.457
22.572
21.457
23.572
21.457
26.8
21.457
20.457
25.8
25.686
24.8
22.343
21.457
24.8
21.572
21.457
25.029
23.8
24.686
21.572
24.343
24.572
22.572
21.566
26.915
23.669
20.457
20.457
23.915
26.686
20.457
22.572
26.572
22.343
22.457
20.457
22.343
20.457
24.457
22.572
24.686
26.155
23.457
26.915
23.806
26.029
22.572
24.915
20.457
24.343
20.457
25.686
25.572
24.686
24.8
23.572
21.457
20.457
26.457
24.457
20.457
24.8
23.686
20.457
20.457
24.686
23.8
20.457
23.457
20.457
24.8
21.457
25.572
24.8
23.457
21.572
26.686
23.572
21.343
22.572
26.457
20.457
23.915
26.915
25.8
22.572
24.572
24.8
23.686
26.686
22.457
24.8
24.572
26.915
24.8
24.8
24.909
25.915
24.572
25.8
23.915
20.457
23.915
24.686
21.457
20.457
24.572
22.343
23.572
25.686
25.686
24.457
25.686
23.457
21.457
23.457
21.457
25.686
23.572
22.572
24.572
23.686
22.572
23.686
23.572
23.457
21.343
23.686
22.343
20.457
25.8
23.572
22.555
24.909
20.457
23.572
20.457
24.572
23.457
24.8
22.572
20.457
20.457
25.8
23.8
22.572
21.343
24.915
25.8
24.915
23.457
21.457
20.457
23.686
25.686
25.8
25.803
23.686
21.572
25.572
24.343
21.572
25.686
24.457
21.343
24.572
23.572
20.457
21.572
20.566
24.572
22.572
21.8
23.572
22.457
27.029
23.686
22.686
23.686
23.8
23.457
22.457
26.915
21.572
24.8
23.686
21.572
26.457
21.343
21.572
21.457
20.457
24.8
20.457
20.457
24.686
24.686
22.457
23.686
21.572
20.457
21.8
20.795
25.915
22.457
24.343
24.343
23.8
22.457
21.8
24.8
24.457
25.686
24.915
24.915
24.686
23.572
20.457
22.343
24.686
21.572
23.8
25.8
22.457
25.686
22.572
23.686
22.572
26.686
23.686
21.572
24.572
24.572
22.446
24.343
23.686
24.457
23.686
20.457
24.8
25.915
21.572
21.572
24.457
25.686
20.457
21.343
24.8
23.572
23.457
20.686
23.457
23.686
21.572
24.572
23.457
22.343
20.457
24.572
24.8
20.457
23.457
24.915
21.572
24.572
20.457
24.572
23.686
22.572
20.457
27.029
20.457
24.8
23.915
23.457
24.686
22.572
23.8
20.457
26.572
21.343
25.915
20.457
24.915
23.909
23.686
21.572
23.8
23.686
22.572
24.457
23.572
23.572
25.686
24.572
