23.457
24.686
23.686
26.686
22.8
25.686
24.686
20.457
24.8
24.8
20.686
24.8
20.457
20.457
26.144
24.915
20.457
27.572
20.457
23.572
26.686
22.572
20.457
23.686
24.926
20.457
25.572
22.572
21.572
26.572
23.915
23.686
25.572
24.572
23.686
28.144
21.572
21.457
24.572
26.915
27.8
22.572
24.343
24.686
23.572
21.457
22.572
27.915
23.915
22.457
24.343
28.029
23.664
22.572
24.457
23.457
21.572
24.343
27.144
23.686
21.457
24.686
21.343
23.686
24.457
23.572
25.915
24.8
23.686
25.8
22.572
20.457
22.572
25.686
24.686
23.8
23.572
23.686
23.457
24.686
20.686
27.572
22.457
21.343
20.457
23.686
21.572
20.686
28.8
21.457
24.8
24.572
21.8
25.915
22.555
20.566
29.029
28.144
24.898
21.572
20.457
23.457
20.457
28.915
23.457
27.029
23.686
23.457
26.029
24.686
22.8
26.686
24.572
26.915
22.572
22.572
21.572
25.029
26.915
20.457
20.457
25.686
22.462
28.572
25.572
27.915
24.915
22.343
21.457
27.915
24.686
26.915
22.457
20.457
24.457
21.457
21.457
24.343
23.686
22.457
24.8
21.572
23.572
20.457
24.572
21.343
24.8
22.572
21.572
23.686
25.8
24.686
24.572
23.566
24.343
20.686
24.686
24.457
26.915
20.457
24.8
20.457
21.68
27.915
25.8
21.572
20.566
24.686
23.8
24.457
24.572
23.8
20.686
23.686
21.343
23.686
20.457
24.572
24.457
23.8
23.686
23.457
21.572
23.8
21.572
27.686
21.343
20.457
26.686
22.343
26.029
23.686
21.8
21.572
21.343
21.572
28.572
24.572
23.457
23.686
21.457
20.457
28.572
25.8
24.572
21.457
21.343
29.144
24.457
23.572
22.343
21.343
24.8
24.572
22.572
21.343
21.343
21.457
22.572
28.915
21.572
25.686
24.572
24.457
24.457
23.686
25.8
23.572
24.8
24.572
22.8
20.457
25.686
24.457
28.029
23.8
22.457
23.8
25.457
27.457
22.572
25.029
26.8
23.457
24.8
21.343
28.915
24.686
20.457
24.343
27.817
20.457
20.686
28.034
25.8
24.915
20.457
28.572
20.457
23.8
25.915
23.572
20.457
20.457
25.8
24.915
25.686
21.457
22.572
25.915
28.144
23.686
21.457
23.572
27.915
20.457
21.8
27.915
23.457
20.457
24.572
24.686
21.8
24.457
22.572
20.457
23.915
28.8
26.915
24.572
23.572
24.915
22.457
20.457
25.572
26.806
20.457
24.457
25.8
23.457
21.457
20.457
27.686
25.915
21.572
21.343
22.572
23.915
28.915
23.572
23.686
21.8
20.457
22.572
26.915
22.572
24.8
24.686
23.686
26.572
26.8
23.686
25.686
27.457
21.457
23.8
20.457
24.457
27.8
23.686
21.572
23.686
22.343
22.572
27.8
25.686
25.457
24.452
23.457
21.457
23.457
21.572
24.457
23.572
23.457
23.686
21.572
24.457
26.8
24.457
21.572
24.343
23.686
20.457
22.572
22.343
23.572
25.572
24.572
24.572
27.8
24.572
20.457
26.915
22.343
25.8
27.149
27.029
22.664
25.915
23.686
27.8
20.686
26.029
23.462
25.8
23.572
20.457
27.8
25.029
20.457
28.572
21.343
20.457
27.144
29.029
24.664
28.686
23.686
27.029
22.457
27.8
22.457
21.457
25.029
26.686
21.457
21.8
20.457
23.686
22.572
24.457
28.029
22.572
24.572
22.572
23.8
21.572
24.572
23.572
20.457
20.686
24.343
21.457
20.457
24.572
23.915
24.457
21.572
24.8
24.8
21.572
20.457
25.8
21.457
23.457
20.457
20.457
24.686
26.686
23.572
25.686
23.572
25.686
22.572
24.915
20.457
23.572
20.457
24.572
28.8
24.457
21.343
23.915
24.457
27.686
22.572
26.915
25.909
21.572
28.572
25.686
27.915
21.572
20.457
24.572
23.457
25.806
28.8
23.457
21.572
24.457
21.572
29.036
21.343
25.915
22.572
24.686
21.44
21.457
21.457
26.686
25.915
22.572
21.457
25.8
21.572
20.457
24.457
27.915
24.8
23.686
23.686
21.572
21.457
24.457
24.343
23.457
20.457
23.686
26.8
23.686
22.572
21.566
20.457
23.932
23.457
25.915
21.577
20.457
25.029
24.8
22.572
20.457
20.457
23.686
25.686
20.457
25.572
26.8
21.343
20.457
26.686
23.457
26.915
20.686
21.457
24.8
22.8
22.457
22.343
21.343
24.915
23.572
20.457
23.457
23.686
26.029
24.572
24.572
22.343
24.686
21.457
20.457
28.8
25.457
24.343
24.572
23.686
20.457
22.457
27.029
25.915
20.457
24.8
23.572
27.8
22.572
26.686
22.457
21.343
23.686
21.572
21.572
27.8
24.915
21.572
21.343
27.8
26.457
25.457
22.572
24.343
25.8
24.8
21.457
21.457
24.343
21.343
25.915
20.457
21.343
20.457
23.457
24.8
22.572
27.144
23.686
24.572
24.8
21.572
23.572
20.457
20.457
28.915
24.686
27.8
22.572
24.457
22.457
21.452
21.343
21.572
20.457
20.686
21.572
28.029
21.343
25.8
20.457
22.572
24.8
20.457
24.686
23.68
24.686
24.457
23.686
21.8
23.457
28.144
23.915
22.572
24.8
21.343
22.572
26.029
20.457
20.686
24.572
23.8
26.915
24.8
24.8
24.572
23.462
22.457
22.343
24.686
26.686
24.572
23.457
22.572
27.8
22.572
24.8
22.572
21.572
23.572
24.8
23.457
22.572
25.686
20.457
23.915
25.572
24.8
23.686
21.343
24.8
21.572
25.8
28.029
24.8
22.572
24.8
22.457
20.457
22.572
26.029
24.343
22.343
21.457
23.686
21.572
22.343
21.343
20.457
20.457
27.8
20.457
21.457
25.8
20.457
22.572
28.572
27.457
21.343
23.8
23.686
28.572
22.457
20.686
22.572
20.457
28.8
27.686
24.457
22.572
21.343
24.343
22.572
23.457
23.457
22.457
21.457
25.915
21.457
23.686
27.915
21.343
20.457
26.457
21.457
26.572
25.8
23.686
23.909
27.686
26.915
26.029
24.457
21.457
24.686
27.8
21.8
24.457
27.686
23.457
24.915
21.457
20.457
23.915
23.8
21.343
21.572
20.457
22.572
21.566
26.686
20.457
23.686
20.457
22.457
20.457
26.686
24.572
23.686
21.343
24.457
23.686
23.8
21.572
23.812
27.572
24.8
23.457
22.572
26.572
22.577
29.144
24.686
22.572
21.8
25.572
20.457
24.8
21.457
24.343
22.457
25.915
20.457
23.457
24.8
23.686
27.8
22.343
23.686
21.572
26.686
21.343
23.795
23.915
24.686
23.8
22.572
23.572
28.8
26.686
23.457
21.8
25.572
23.686
26.457
24.8
24.572
23.8
22.572
23.572
21.8
27.144
24.8
23.686
26.686
26.915
24.686
23.686
20.686
25.778
25.8
25.915
23.686
27.8
24.572
23.686
27.8
23.572
22.572
20.457
22.457
25.686
23.686
23.8
21.572
26.686
24.572
24.572
23.566
28.915
24.572
23.686
21.457
21.457
22.572
24.572
28.8
22.572
23.915
20.457
23.457
23.572
23.686
24.343
22.572
24.343
20.457
23.572
23.457
25.8
23.572
24.572
23.457
24.692
28.144
23.686
22.572
20.457
23.572
25.572
23.915
21.572
23.915
23.572
22.572
22.343
21.343
22.343
23.686
20.457
23.686
22.572
24.915
23.8
27.686
24.572
20.457
26.8
28.572
24.572
26.029
25.457
21.572
24.686
24.343
24.572
23.577
21.8
23.572
21.572
20.686
22.457
24.8
23.686
23.686
27.915
24.572
22.572
20.457
24.686
21.572
21.572
20.457
26.457
20.457
22.343
24.457
23.686
21.8
22.8
25.8
22.572
20.457
23.932
24.572
21.572
24.572
22.572
24.915
22.457
24.572
21.457
24.343
20.457
28.572
23.915
25.8
24.343
22.343
24.686
23.915
28.915
23.686
20.686
24.572
20.457
20.457
27.915
21.457
20.457
27.686
25.56
21.457
20.457
23.8
28.8
25.686
24.572
20.686
23.457
25.8
26.457
23.457
23.572
21.572
21.572
27.915
21.343
25.915
21.572
23.915
23.686
21.572
20.566
24.572
21.343
21.572
20.686
20.457
24.572
27.029
24.457
23.457
23.572
22.572
22.572
21.572
28.686
23.572
20.457
21.343
24.343
21.572
23.686
23.686
22.572
26.915
25.029
22.572
20.457
24.686
22.572
23.8
20.457
24.8
21.572
27.8
25.915
21.457
23.915
24.8
24.8
25.8
24.686
23.686
22.572
20.457
24.686
23.686
24.572
28.029
