23.457
24.686
23.686
24.8
21.572
28.915
25.915
24.915
20.686
24.8
23.795
32.572
20.457
20.457
26.144
20.457
20.457
23.572
30.029
22.572
23.686
24.926
35.144
20.457
23.686
25.572
20.686
21.572
37.029
25.686
23.686
25.686
24.572
33.8
21.343
28.144
21.572
21.457
27.8
22.572
29.915
24.429
24.686
23.572
21.457
34.029
22.572
24.8
23.915
24.343
31.029
23.572
22.572
25.457
24.457
23.915
23.457
24.343
21.572
24.686
23.686
21.457
21.343
26.8
23.572
22.686
25.8
24.8
23.686
22.572
22.572
21.572
21.457
34.8
28.915
23.915
23.572
21.572
23.572
23.457
20.686
22.457
25.686
20.457
30.686
23.686
24.8
23.915
24.686
21.457
30.572
25.8
21.8
23.572
24.915
20.566
29.144
25.686
24.8
21.572
23.915
23.457
20.457
24.686
23.686
23.686
21.572
23.457
25.915
30.572
23.8
26.686
25.915
24.572
22.572
24.915
21.572
26.915
22.572
21.8
20.457
28.915
23.572
28.572
25.462
21.572
24.686
30.144
22.343
26.915
21.457
22.457
20.457
24.457
21.457
24.343
33.029
23.686
23.686
22.457
24.8
23.572
23.457
20.457
24.572
21.343
25.8
20.457
24.915
21.572
23.572
30.258
22.572
24.343
20.686
24.686
21.8
24.8
20.457
31.8
23.572
33.909
20.686
31.686
25.686
24.686
24.686
24.686
23.68
24.572
22.572
20.457
21.8
24.572
21.343
23.572
23.915
21.457
21.8
25.8
27.915
23.457
21.572
20.457
23.8
22.343
20.457
21.343
20.457
23.457
21.572
23.686
21.343
23.686
31.8
20.457
24.572
22.457
30.915
21.572
21.457
21.457
23.572
21.343
34.915
20.457
28.915
35.144
24.572
36.686
24.457
22.343
21.343
22.572
21.457
24.572
26.915
20.457
24.915
25.686
20.457
25.686
30.572
24.457
37.915
24.457
21.8
25.686
21.343
20.457
28.572
26.029
23.915
29.029
30.8
22.457
23.686
35.029
25.686
27.457
24.686
23.915
21.572
20.457
24.457
27.686
24.44
34.029
22.343
24.686
20.686
28.92
23.686
38.029
36.686
21.572
20.457
30.8
30.029
20.457
24.8
29.915
20.457
30.686
21.8
27.686
25.8
21.457
30.144
22.572
20.457
23.572
24.8
21.457
31.029
27.8
20.457
24.686
20.457
24.572
21.343
20.457
20.457
27.915
31.915
24.915
23.915
28.8
24.572
22.572
25.029
24.915
22.457
20.457
26.8
25.795
20.457
25.8
24.909
22.457
27.686
23.686
24.915
21.572
23.572
21.343
22.572
30.686
28.8
20.457
23.572
23.686
22.572
21.8
22.572
30.915
24.686
23.572
20.457
27.686
26.8
24.8
21.572
27.457
23.457
22.457
25.915
20.457
23.686
36.915
23.686
22.343
25.915
22.572
26.915
23.457
21.572
23.686
25.8
21.457
34.8
24.8
23.457
32.572
23.457
24.457
26.8
20.686
24.457
37.572
21.8
23.572
24.8
28.572
21.457
25.572
23.457
22.457
31.572
21.343
24.572
20.457
28.572
28.915
28.029
22.572
25.8
22.572
25.686
20.457
32.915
27.029
26.029
26.8
23.686
35.372
23.572
20.686
24.572
23.686
24.915
29.806
20.457
20.457
24.8
24.457
28.686
31.144
22.572
26.915
27.8
25.8
22.457
25.029
22.572
21.457
23.572
25.8
21.572
29.8
24.8
24.572
35.8
23.686
22.68
21.675
21.572
20.457
35.144
23.572
20.457
21.572
20.686
24.343
21.572
23.8
21.572
21.343
23.686
20.457
25.8
23.915
25.686
23.686
21.457
23.457
20.457
25.8
24.686
23.572
21.8
23.572
25.686
32.915
20.457
25.686
24.572
23.572
21.8
24.572
24.457
21.343
36.915
21.572
27.686
24.572
22.572
22.686
30.686
25.915
25.915
25.686
24.68
21.343
22.686
25.686
21.572
21.572
26.686
23.457
21.343
20.457
21.457
21.572
21.457
21.343
22.572
21.343
33.379
24.686
21.457
24.686
24.572
22.572
21.566
21.8
21.343
29.029
26.686
23.686
23.686
21.457
27.8
31.8
24.572
24.343
22.457
20.457
23.686
31.686
27.8
23.686
22.68
21.457
20.457
23.932
21.577
24.8
20.457
24.8
22.572
20.686
20.457
30.686
35.024
25.915
23.686
20.457
26.8
21.343
20.457
26.686
20.686
29.147
21.457
35.915
30.572
28.029
22.343
24.8
23.572
20.457
24.457
20.457
23.8
31.686
32.915
21.572
24.572
30.572
22.343
26.915
21.457
25.457
23.686
21.457
24.343
31.144
24.572
22.457
27.029
23.686
26.029
23.686
24.915
23.572
23.686
22.572
20.457
26.686
25.457
24.572
24.8
24.457
31.029
21.343
27.8
26.457
25.572
24.8
24.343
24.572
35.029
23.686
21.457
29.029
21.457
21.343
20.457
30.8
24.572
23.457
31.457
24.8
22.572
21.457
27.029
26.029
21.572
20.686
24.572
21.572
20.457
21.572
20.457
23.915
21.572
21.343
25.572
35.915
21.572
20.457
24.572
22.572
28.029
33.915
20.457
24.686
27.915
25.8
23.686
20.457
30.915
30.572
24.686
24.457
27.932
23.686
24.915
21.8
23.457
21.8
22.572
26.915
21.343
23.686
22.343
20.686
27.144
24.457
21.572
24.8
24.024
22.348
24.915
20.457
25.686
28.8
23.686
26.686
23.8
20.457
24.572
22.572
22.572
21.572
23.572
24.8
22.572
30.686
22.572
21.572
20.457
25.686
24.686
23.686
32.572
24.8
31.029
24.572
26.926
23.8
23.457
28.915
24.915
20.457
22.572
24.343
27.915
32.029
22.343
21.457
22.572
22.343
20.457
26.686
24.572
35.886
24.8
22.572
21.572
22.572
20.457
31.8
24.572
23.8
28.572
27.457
24.572
25.8
23.686
22.572
21.343
20.457
23.915
27.686
33.686
22.572
21.343
29.457
22.457
23.457
21.457
23.457
31.572
23.8
22.457
27.144
31.915
26.572
20.457
26.572
23.572
25.8
33.686
24.8
24.8
33.915
30.572
21.343
24.686
23.8
21.572
27.064
21.457
23.686
20.457
24.457
20.457
21.457
26.029
24.686
20.457
20.457
24.457
22.572
20.457
28.915
36.686
25.8
21.457
20.457
20.457
35.029
29.029
24.572
23.572
21.343
22.572
20.457
24.457
33.915
21.572
21.457
21.457
27.572
22.572
29.269
22.577
25.8
21.572
20.686
20.457
25.915
32.144
20.457
25.915
24.8
24.8
21.457
21.572
24.686
20.457
20.457
34.686
25.572
21.572
23.457
20.686
29.915
34.572
21.343
23.68
21.572
22.572
22.572
22.343
21.457
23.686
28.8
23.457
21.572
22.572
21.343
25.915
23.8
20.457
31.029
23.686
21.572
22.343
21.8
30.144
21.572
24.8
21.572
30.029
24.915
25.457
23.572
23.915
28.915
24.572
25.8
22.572
20.457
30.144
21.457
24.8
29.029
22.343
28.029
20.457
21.343
25.686
21.343
28.8
28.029
22.572
21.457
36.8
25.715
20.457
24.915
30.572
24.572
22.572
24.915
23.457
23.686
22.457
23.686
24.343
22.572
25.915
20.457
23.457
25.8
23.915
31.572
21.606
20.457
25.686
23.457
23.572
29.686
23.572
24.806
20.457
23.572
24.8
23.915
22.343
24.8
30.686
22.343
24.457
23.8
20.457
25.8
24.8
22.343
27.572
21.343
27.029
20.457
28.572
25.915
27.8
24.686
21.572
24.343
37.144
24.8
20.457
23.577
21.572
24.8
32.686
23.686
23.686
23.686
21.56
24.8
21.572
21.457
23.686
20.457
20.457
21.572
21.572
20.457
27.572
34.029
20.457
24.457
26.812
23.572
21.457
26.029
22.572
21.343
25.686
20.457
24.8
23.572
23.572
21.572
28.144
25.686
23.8
21.572
25.8
31.686
31.572
23.915
23.686
23.572
24.457
24.686
22.572
31.572
21.572
35.144
36.029
20.457
23.915
25.457
23.686
30.8
38.029
22.572
23.572
22.572
22.457
30.029
23.457
25.686
22.343
24.8
26.457
24.8
23.457
20.457
23.572
21.572
21.572
24.572
21.572
30.144
23.686
21.343
30.8
24.572
23.572
21.572
22.572
23.915
21.572
21.572
22.572
21.457
25.686
32.029
24.686
23.686
20.457
21.343
24.8
22.572
37.8
24.8
23.572
24.8
31.457
22.572
21.572
24.686
20.686
25.915
21.457
25.8
24.686
25.915
23.686
32.029
25.686
21.457
20.457
24.8
29.686
24.8
29.029
23.686
25.686
24.68
23.675
23.686
24.572
39.029
