20.686
22.572
20.686
22.572
21.572
22.8
22.572
21.572
20.686
20.457
20.686
22.457
20.457
22.8
22.572
21.457
22.572
20.457
22.8
22.572
22.572
21.457
20.457
22.572
20.457
22.572
22.572
20.457
22.572
20.457
22.572
21.572
22.572
22.572
21.572
21.343
21.343
21.343
21.8
21.572
21.457
21.572
21.572
20.566
20.686
21.343
22.572
21.457
20.686
20.686
21.457
20.457
20.457
22.572
21.572
20.686
22.686
22.572
22.457
21.572
21.572
20.457
21.8
21.8
22.572
21.572
21.457
21.343
21.572
21.457
20.686
22.572
20.686
21.343
22.572
20.457
20.457
20.686
21.8
20.457
22.572
20.457
22.572
21.343
21.457
21.572
22.457
21.457
22.8
21.572
20.457
22.572
20.457
22.572
21.572
20.457
21.343
21.572
21.572
21.457
20.457
20.686
22.572
21.8
20.795
21.572
20.686
22.572
21.572
20.457
21.8
22.457
22.572
21.572
22.572
21.566
22.572
21.343
22.572
20.457
20.457
21.572
20.457
22.343
20.462
22.572
21.572
20.457
21.8
20.795
20.457
22.457
21.8
20.457
22.457
22.457
21.343
22.572
21.343
22.457
21.343
22.572
22.572
22.572
22.572
21.457
22.572
21.572
21.572
21.457
21.572
21.343
20.457
20.457
21.457
22.572
20.686
22.572
20.457
21.8
21.572
20.457
22.457
20.457
21.572
21.457
20.457
20.686
20.686
22.457
21.572
21.343
20.457
21.8
20.457
22.572
21.572
21.572
20.686
22.572
21.343
21.572
20.686
21.343
20.686
22.572
21.8
21.572
21.457
22.343
20.457
22.457
22.572
21.8
21.343
20.457
22.457
21.457
21.572
21.343
20.457
20.686
21.8
21.343
20.686
21.343
22.572
21.343
22.577
21.343
20.457
22.457
21.572
20.457
22.343
20.457
22.572
21.572
21.343
21.8
21.457
20.457
22.8
21.572
22.457
22.572
21.572
21.343
21.343
21.343
20.457
22.457
22.572
21.572
20.686
22.8
21.572
21.343
21.343
22.572
20.686
22.8
21.8
21.572
22.572
21.457
21.8
21.457
21.572
20.566
21.577
20.686
21.572
22.572
22.343
21.343
21.572
21.8
21.572
21.572
20.457
22.572
20.686
22.572
22.572
21.566
20.686
21.8
21.572
20.457
20.457
20.457
21.343
22.686
21.8
20.686
22.572
22.572
20.686
22.572
20.457
21.572
21.457
22.572
21.572
21.572
21.572
20.457
22.572
21.343
21.572
21.572
21.572
20.457
21.572
21.457
22.572
22.572
22.572
20.457
21.8
22.572
21.572
21.343
21.457
21.8
20.795
20.686
22.572
22.343
22.572
21.572
20.566
20.457
21.572
21.343
21.572
20.566
20.457
20.457
21.572
22.572
20.457
22.457
22.572
20.457
22.572
22.8
22.572
22.572
22.343
21.8
20.457
22.457
21.343
21.457
21.457
21.8
22.572
22.572
22.343
21.572
21.457
21.457
21.457
21.572
20.457
21.343
22.457
21.572
21.572
21.457
21.572
21.343
21.572
21.572
21.343
21.457
20.457
21.572
20.457
20.457
22.8
21.457
21.457
21.343
22.572
21.572
21.457
21.8
22.572
22.457
22.572
21.572
21.457
21.806
21.343
22.686
22.572
22.572
21.572
22.572
22.572
21.8
20.795
20.457
20.457
22.572
21.572
20.566
20.457
22.8
20.686
22.343
21.572
21.572
21.572
21.572
22.572
21.572
20.566
21.343
22.686
21.68
21.572
20.686
20.457
20.686
22.572
21.457
21.572
20.566
22.572
21.572
20.566
21.572
21.8
20.795
20.457
21.572
20.457
21.572
21.572
20.686
20.457
20.457
20.686
22.572
21.343
20.686
22.572
20.457
22.457
21.343
22.457
21.8
21.572
21.457
21.572
22.572
21.572
20.686
20.457
21.572
22.457
21.457
21.572
22.572
20.457
22.457
21.572
21.572
21.572
21.8
21.343
20.686
21.572
22.343
20.686
22.572
22.572
21.457
21.457
21.572
21.343
21.572
22.572
21.572
20.457
22.457
21.343
22.572
21.572
21.572
20.686
21.457
21.457
21.343
22.572
21.572
22.457
21.572
20.457
22.8
21.343
20.457
21.457
21.457
21.8
21.572
21.343
20.457
20.457
21.8
20.686
22.572
22.572
22.457
21.457
21.572
21.577
20.457
22.572
21.457
22.572
22.572
21.8
22.572
21.457
22.572
21.572
20.457
20.457
20.457
22.343
21.572
20.686
20.686
21.572
20.686
22.572
21.572
21.572
20.457
20.457
20.457
20.686
20.457
21.572
21.572
20.457
22.343
21.457
20.457
20.457
20.457
21.572
20.457
21.572
21.572
20.457
22.572
21.343
22.572
21.572
20.457
22.343
21.572
21.343
20.457
20.457
21.572
21.572
20.457
22.572
20.457
21.572
20.566
22.572
21.343
22.572
21.457
21.8
21.343
22.577
21.572
21.457
20.457
22.572
22.572
21.572
21.572
20.566
21.343
20.457
20.457
21.457
20.686
20.457
20.457
22.572
21.8
20.795
21.8
21.572
21.8
21.572
20.686
22.457
20.457
22.572
21.457
21.457
21.343
21.572
21.343
20.457
22.572
20.686
20.457
22.572
20.457
22.457
21.452
21.572
21.343
22.343
20.457
21.8
21.572
22.572
21.572
20.457
22.572
20.457
20.457
20.457
21.572
21.572
22.806
21.572
21.8
20.686
22.572
21.572
20.457
22.806
20.457
22.572
21.572
22.572
21.457
21.572
21.572
22.572
21.572
20.457
20.457
20.686
21.8
22.457
20.457
22.572
20.457
22.343
22.457
21.457
21.343
20.686
20.457
21.8
21.572
22.572
20.457
21.8
22.572
21.572
22.457
21.457
22.572
21.343
22.572
22.572
22.572
22.572
22.8
22.572
20.457
22.343
21.343
22.572
21.566
20.56
22.343
21.8
20.457
22.572
22.457
22.572
21.8
21.343
21.572
22.8
22.457
20.457
22.8
21.8
21.572
20.457
22.572
21.343
22.343
21.572
22.572
21.566
22.572
20.686
22.343
21.457
21.343
21.572
20.457
21.572
20.566
22.572
22.457
21.572
21.343
22.572
21.457
21.343
21.457
21.8
22.8
22.572
21.572
21.572
21.457
21.457
21.572
21.572
21.572
22.572
22.572
22.572
22.572
21.566
22.572
20.457
21.8
20.686
22.572
20.457
21.572
20.457
22.457
22.572
21.572
22.8
21.457
21.572
21.572
20.457
20.457
21.457
21.457
21.572
22.457
21.457
22.686
20.462
21.572
20.457
20.686
22.343
21.457
21.343
20.457
21.343
21.457
22.572
21.566
22.572
21.457
21.343
21.572
20.457
22.572
20.457
21.457
21.343
21.457
20.686
22.572
20.686
22.343
21.8
21.457
22.343
21.457
21.343
21.457
21.8
21.457
20.457
20.457
20.686
22.572
20.457
21.572
20.457
22.343
20.457
22.457
22.572
21.572
21.572
21.343
21.8
21.343
21.572
22.457
20.686
22.572
20.686
21.457
20.457
20.457
22.572
22.572
21.572
21.572
21.457
20.457
22.572
21.572
21.572
21.457
22.8
21.457
21.343
22.572
22.572
21.572
20.457
20.457
21.572
21.343
22.572
21.566
21.343
20.457
22.457
22.457
21.572
22.572
21.8
21.343
20.686
21.343
21.572
22.572
21.572
21.457
20.457
20.457
22.457
20.686
22.572
20.457
22.572
21.572
20.686
20.686
21.343
22.572
20.457
22.572
20.686
21.343
21.572
20.566
21.457
20.686
21.572
20.566
20.457
21.572
20.566
20.457
20.686
20.457
21.572
20.457
22.457
22.577
20.457
22.572
22.572
21.343
22.572
21.572
21.572
21.8
21.572
21.343
22.572
21.572
21.8
21.343
20.457
22.572
21.457
22.572
22.572
22.343
22.686
22.572
22.572
20.457
22.457
21.457
22.572
22.572
22.457
21.457
20.457
20.686
21.572
22.457
21.572
21.572
21.572
21.343
21.572
22.572
21.572
21.572
21.572
20.686
20.457
20.457
21.457
20.457
22.572
22.572
22.572
21.572
21.572
22.572
22.457
21.572
20.457
21.8
21.572
21.572
20.686
22.457
22.343
21.572
21.8
22.572
21.8
21.572
22.572
21.572
20.566
22.92
21.457
21.343
20.457
20.686
22.572
21.572
21.457
21.572
21.343
21.343
21.572
21.572
20.457
21.572
20.566
22.572
21.572
22.343
21.572
21.343
20.457
21.572
21.343
22.572
21.343
20.457
21.572
20.457
20.457
21.8
21.572
20.457
20.457
21.572
21.572
20.457
20.457
20.457
22.572
20.457
21.572
22.572
21.572
21.343
21.8
20.457
22.572
21.343
20.457
22.572
20.457
22.572
