10.343
10.343
10.343
10.343
8.228
8.228
12.457
11.457
10.343
8.228
10.343
10.343
8.228
9.343
9.343
8.228
13.457
8.228
10.343
10.343
10.343
10.343
9.343
12.457
10.343
8.228
27.572
12.572
8.228
10.457
8.228
8.228
15.572
10.343
9.343
8.228
8.228
30.915
13.457
10.343
9.343
13.457
10.343
8.228
8.228
11.457
8.228
10.343
8.228
10.343
8.228
10.343
9.343
8.228
8.228
8.228
10.343
8.228
26.572
8.228
10.343
15.572
30.915
10.343
27.686
15.572
10.343
8.228
10.343
8.228
27.572
12.457
10.343
8.228
8.228
8.228
28.8
8.228
15.572
12.457
9.343
8.228
26.572
10.457
10.343
8.228
8.228
28.572
12.572
8.228
15.572
10.343
10.343
9.343
8.228
10.343
13.457
8.228
10.343
8.228
27.686
10.343
8.228
28.8
10.457
9.452
13.457
15.572
10.343
27.686
10.457
9.452
8.228
10.343
8.228
10.343
9.343
8.228
26.457
8.228
8.228
12.572
8.228
8.233
8.228
27.572
12.572
11.566
9.343
8.228
10.343
8.228
8.228
10.343
26.572
8.228
11.457
8.228
8.228
8.228
28.572
10.343
8.228
10.343
27.686
10.343
13.457
13.457
10.457
8.228
9.452
9.343
27.572
10.343
27.686
10.343
10.343
10.343
8.228
11.457
10.343
26.572
8.228
11.457
9.343
8.228
12.572
26.457
10.343
8.228
27.457
10.343
8.228
27.572
13.457
8.228
8.228
8.228
8.228
11.457
10.343
9.343
8.228
28.8
8.228
8.228
9.343
10.343
9.343
8.228
12.572
10.343
27.572
10.457
10.343
8.228
10.343
9.343
13.457
9.343
27.572
8.228
10.343
8.228
10.343
28.8
10.343
8.228
27.572
26.457
10.343
8.228
8.228
10.457
8.228
10.343
10.343
8.228
10.343
28.686
10.343
9.343
9.343
9.343
27.572
12.572
10.457
10.343
9.343
9.343
9.343
8.228
12.457
27.457
9.343
10.343
11.457
10.343
27.572
26.572
10.343
8.228
10.343
13.457
10.343
8.228
8.228
8.228
12.457
8.233
8.228
9.343
11.457
8.228
10.343
8.228
10.343
10.343
10.457
8.228
15.572
8.228
10.343
9.343
8.228
30.8
10.343
8.228
13.457
11.457
10.343
8.228
10.457
9.343
8.228
27.572
10.343
27.686
8.228
10.457
8.228
8.228
8.228
8.228
8.228
8.228
8.228
13.457
8.228
9.343
8.228
8.228
26.457
10.343
8.228
10.343
10.343
8.228
10.343
8.228
10.343
10.343
10.343
9.343
9.343
8.228
10.343
13.457
8.228
10.343
9.343
13.457
8.228
10.343
10.343
9.343
8.228
10.343
10.343
9.343
8.228
26.572
8.228
10.343
8.228
8.228
13.457
10.343
9.343
8.228
27.457
13.457
11.457
8.228
8.228
8.228
9.343
26.572
10.343
10.343
10.343
10.343
9.343
8.228
8.228
10.343
10.343
10.343
10.343
9.343
8.228
8.228
10.343
9.343
10.343
10.343
10.343
10.457
11.457
10.343
9.343
9.343
8.228
10.343
8.228
10.343
8.228
8.228
8.228
11.457
27.572
9.343
8.228
10.343
8.233
10.457
10.343
8.228
10.343
8.228
15.572
11.457
10.343
8.228
27.572
8.228
9.343
9.343
8.228
26.457
26.572
10.343
9.343
10.343
10.343
10.343
10.343
27.572
10.343
10.343
8.228
10.343
8.228
9.343
8.228
8.228
30.8
10.343
9.343
15.572
8.228
8.228
11.457
8.228
8.228
13.457
13.457
10.343
12.457
10.343
9.343
9.343
26.572
10.457
10.343
8.228
10.343
10.457
10.343
10.343
9.343
27.572
10.343
8.228
11.457
9.343
8.228
28.8
10.343
8.228
10.343
8.228
26.457
13.457
10.343
8.228
10.343
8.228
8.228
27.686
10.343
8.228
10.343
8.228
13.457
10.343
8.228
10.343
8.228
27.686
10.343
8.228
13.457
10.457
10.343
9.343
8.228
12.457
10.343
10.343
9.343
9.343
8.228
10.343
8.228
9.343
8.228
15.572
8.228
27.457
8.228
10.343
9.343
8.228
26.457
8.228
28.686
8.228
10.343
8.228
27.686
13.457
10.343
26.572
15.572
8.233
30.8
26.457
27.686
10.343
10.343
10.457
8.228
26.457
12.457
10.343
8.228
8.228
8.228
8.228
12.572
10.343
27.457
9.343
27.572
10.343
10.343
8.228
11.457
10.343
27.572
9.343
8.228
26.457
8.228
13.457
10.343
8.228
8.228
11.457
10.343
8.228
8.228
15.572
8.228
8.228
10.343
9.343
15.572
8.228
8.228
11.457
8.228
10.343
10.343
9.343
11.457
10.343
10.343
8.228
9.343
12.572
26.457
10.343
8.228
10.343
8.228
11.457
8.228
11.457
10.343
9.343
8.228
9.343
8.228
10.343
8.228
8.228
9.343
8.228
10.343
10.343
10.343
10.343
10.343
10.343
27.572
10.343
9.343
13.457
10.343
9.343
8.228
8.228
26.572
15.572
8.228
8.228
12.457
9.343
8.228
13.457
9.343
28.686
9.343
8.228
10.343
27.572
12.572
8.228
10.457
8.228
10.343
10.343
10.343
8.228
8.228
10.343
27.457
10.343
11.457
10.343
10.343
10.343
13.457
10.457
10.343
9.343
9.343
26.572
8.228
10.343
13.457
10.457
8.228
10.347
9.343
10.343
9.343
8.228
26.457
9.343
8.228
11.457
9.343
15.572
8.228
11.457
10.343
8.228
10.343
8.228
27.572
8.228
26.457
8.228
12.572
8.228
13.457
10.343
10.343
8.228
28.8
27.686
10.343
8.228
8.228
8.228
10.343
10.343
10.457
10.343
9.343
8.228
8.228
8.228
27.686
27.572
8.228
10.343
12.572
8.228
11.457
8.228
11.457
11.457
8.228
10.343
8.228
27.572
10.343
8.228
10.343
8.228
8.228
13.457
8.228
26.457
10.343
27.572
10.457
8.228
11.457
10.343
9.343
15.572
8.228
13.457
8.228
10.343
8.228
10.343
10.343
8.228
27.686
8.228
9.343
13.457
10.343
8.228
10.343
8.228
8.228
27.686
10.343
10.343
9.343
8.228
9.343
8.228
9.343
8.228
8.228
26.572
11.457
11.457
10.457
10.343
10.343
9.343
10.343
9.343
8.228
26.572
12.572
27.686
10.343
8.228
10.343
28.686
8.228
10.343
10.343
9.343
8.228
8.228
27.572
10.343
9.343
8.233
8.228
10.343
9.343
8.228
10.457
8.228
8.228
10.343
12.457
11.457
11.457
10.343
8.228
10.457
28.686
8.228
10.343
8.228
10.343
8.228
8.228
10.343
13.457
10.343
10.343
8.228
11.457
8.228
10.343
8.228
10.457
15.572
8.228
8.228
10.457
8.228
13.457
15.572
9.343
10.457
8.228
8.228
8.228
8.228
8.228
27.457
9.343
9.343
8.228
8.228
28.915
8.228
10.343
8.228
8.228
11.457
8.228
27.572
13.457
8.228
8.228
10.343
9.343
13.457
10.343
9.343
12.457
11.457
10.343
9.343
27.457
10.343
9.343
10.343
10.343
13.457
8.228
8.228
8.228
13.457
9.343
8.228
8.228
10.343
9.343
8.228
8.228
10.343
8.228
26.457
13.457
8.228
10.343
9.343
8.228
8.228
8.228
30.8
11.457
8.228
10.343
13.457
10.343
10.343
10.343
9.343
13.457
10.457
8.228
8.228
13.457
8.228
12.572
10.343
8.228
27.572
10.343
10.343
9.343
9.343
11.457
8.228
10.343
9.343
9.343
8.233
10.343
9.343
8.228
12.572
10.457
8.228
8.228
13.457
12.457
8.228
8.228
13.457
9.343
10.343
9.343
8.228
10.343
10.343
10.343
11.457
10.343
8.228
10.343
8.228
8.228
10.343
27.572
10.343
10.343
9.343
26.572
10.457
8.228
10.343
9.343
15.572
10.343
10.457
8.228
10.343
26.572
9.343
8.228
10.343
30.915
10.343
8.228
10.343
8.228
26.572
13.457
10.457
8.228
9.452
26.457
10.343
26.457
11.457
10.343
8.228
8.228
11.457
9.343
9.343
8.228
10.343
8.228
10.343
26.457
10.343
9.343
10.343
9.343
10.343
10.343
8.228
10.343
8.228
8.228
9.343
11.457
8.228
10.343
8.228
10.343
10.343
10.343
9.343
10.343
9.343
8.228
8.228
13.457
8.228
10.457
10.343
8.228
10.343
10.343
10.343
10.343
8.228
10.343
9.343
13.457
8.228
30.8
11.457
8.228
26.457
8.228
9.343
8.228
27.572
12.457
8.228
9.343
8.228
8.228
10.343
29.686
28.8
31.029
26.572
