10.343
13.343
10.343
13.343
10.343
8.228
8.228
12.457
10.343
9.343
10.343
8.228
10.343
9.343
8.228
13.457
9.343
10.343
10.343
8.228
11.457
13.343
10.343
26.457
10.343
13.343
9.343
12.457
9.343
8.228
8.228
13.343
10.343
9.343
8.228
26.457
8.228
10.343
9.343
19.572
13.457
11.457
10.343
9.343
12.457
8.228
8.228
19.572
16.457
8.228
13.343
9.343
8.228
13.343
8.228
8.228
10.343
8.228
27.572
8.228
27.572
8.228
13.343
16.457
10.343
10.343
8.228
27.457
20.686
13.343
9.343
8.228
26.457
38.915
13.343
13.343
8.228
10.343
8.228
13.343
23.686
10.36
26.457
13.457
10.343
8.228
8.228
27.572
13.343
8.228
15.572
10.343
8.228
10.343
10.343
9.343
8.228
13.343
11.457
21.8
8.228
31.8
12.457
8.228
28.572
13.343
10.343
8.228
8.228
13.457
13.343
8.228
10.343
33.572
8.228
19.572
26.572
10.343
9.343
11.457
10.343
8.228
16.457
8.228
10.347
10.343
27.572
8.228
13.343
8.228
13.457
9.343
10.343
9.343
8.228
16.457
8.228
13.343
26.572
10.343
8.228
8.228
8.228
13.343
37.8
13.343
10.343
8.228
33.572
10.343
8.228
13.343
8.228
27.572
10.343
8.228
9.343
8.228
33.572
13.343
8.228
13.343
10.457
8.228
9.452
18.457
16.457
13.343
27.457
10.343
9.343
27.457
9.343
13.343
8.228
8.228
10.343
13.343
8.228
38.8
8.228
12.457
10.343
8.228
19.572
31.686
8.228
8.228
9.343
8.228
13.343
13.343
62.915
10.343
10.343
10.343
8.228
8.228
13.343
33.572
9.343
27.686
13.343
8.228
8.228
26.572
8.228
13.343
8.228
27.457
11.457
27.457
11.457
8.228
8.228
8.228
8.228
10.343
27.686
9.343
9.343
8.228
18.457
10.343
27.457
10.343
10.343
8.228
10.343
8.228
23.686
16.457
9.343
8.228
27.457
13.343
10.343
10.343
13.343
10.343
8.228
27.572
10.343
10.343
8.228
33.572
10.343
8.228
8.233
13.343
20.572
8.228
8.228
10.343
8.228
13.343
8.228
13.343
12.457
11.457
9.343
13.343
9.343
8.228
10.343
28.686
12.457
9.343
10.343
10.343
13.343
8.228
8.228
13.343
10.343
13.343
8.228
27.686
27.457
8.228
8.228
13.343
8.228
8.228
13.457
8.228
8.228
8.228
10.343
8.228
8.228
8.228
26.457
10.343
8.228
10.457
8.228
8.228
9.343
13.343
10.343
13.343
10.343
8.228
8.228
13.343
10.457
9.452
16.457
11.457
9.343
8.228
8.228
8.228
13.343
12.457
8.228
10.343
8.228
9.343
16.457
8.228
13.343
8.228
27.686
11.457
9.343
8.228
10.343
8.228
8.228
8.228
27.457
9.343
8.228
13.343
9.343
8.228
16.457
26.457
10.343
13.343
10.343
8.228
10.457
8.228
13.343
8.228
10.457
8.228
12.457
8.228
8.228
8.228
8.228
13.343
10.343
10.343
9.343
10.343
8.228
8.228
12.457
13.343
10.343
9.343
8.228
8.228
13.343
8.228
27.457
8.228
13.343
9.347
8.228
21.8
8.228
8.228
13.457
8.228
10.343
10.343
8.228
27.457
8.228
8.228
13.457
20.572
10.457
9.452
27.572
8.228
8.228
19.572
13.343
33.572
12.572
10.343
27.457
10.343
8.228
13.343
8.228
11.457
8.228
27.686
10.343
10.343
10.343
10.343
8.228
8.228
13.457
9.343
8.228
16.457
13.343
8.228
10.343
8.228
13.343
10.343
9.343
9.343
27.457
8.228
18.457
8.228
13.343
8.228
15.572
10.343
10.343
15.572
9.343
8.228
13.343
34.686
8.228
10.343
8.228
13.343
10.343
26.457
10.343
9.343
8.228
8.228
8.228
39.915
26.457
15.572
8.228
13.457
9.343
13.343
13.343
8.228
11.457
8.228
26.457
10.343
10.343
8.228
10.343
16.457
8.228
10.343
9.343
13.343
8.228
10.343
9.343
8.228
13.343
8.228
10.343
9.343
9.343
13.343
8.228
27.572
8.228
8.228
10.343
8.228
26.457
27.686
10.343
10.343
9.343
8.228
10.343
27.457
26.457
10.347
27.686
13.343
10.343
26.572
28.686
11.457
10.343
8.228
8.228
12.457
8.228
28.686
8.228
8.228
9.343
8.228
8.228
26.457
13.457
12.572
10.343
9.343
8.228
33.572
8.228
26.457
13.343
8.228
20.572
26.457
9.343
8.228
13.457
9.343
10.343
8.228
13.343
10.343
8.228
9.343
10.457
8.228
10.343
13.343
8.228
8.228
11.457
10.343
8.228
10.343
13.343
12.457
10.343
10.343
9.343
8.228
13.343
10.343
28.572
11.457
10.343
8.228
18.457
10.343
13.343
8.228
10.343
8.228
13.343
8.228
10.343
10.343
8.228
10.343
8.228
21.8
8.228
8.228
12.457
10.343
13.343
8.228
8.228
27.572
13.343
9.343
8.228
13.343
10.343
10.343
27.457
8.228
8.228
8.228
13.343
10.343
8.228
8.228
27.457
10.343
10.343
21.686
8.228
11.457
10.343
8.228
8.228
13.343
9.343
13.343
13.343
27.457
38.921
11.457
10.457
10.343
8.228
8.228
10.343
13.343
10.343
9.343
8.228
11.457
8.228
26.457
8.233
8.228
13.343
10.343
8.228
10.343
19.572
8.228
9.343
27.457
8.228
10.343
8.228
16.457
13.343
8.228
13.457
27.686
13.343
8.228
16.457
13.343
10.343
13.457
8.228
10.343
28.572
8.228
13.343
19.572
8.228
27.457
13.343
8.228
31.8
13.343
10.343
13.343
9.343
11.457
8.228
8.228
9.343
13.343
8.228
10.457
8.228
26.457
31.572
13.343
13.343
10.343
8.228
12.572
9.343
19.572
26.457
16.457
10.343
13.343
10.343
9.343
8.228
23.686
8.228
18.457
13.343
27.572
8.228
19.572
13.343
10.343
13.343
8.228
33.572
10.343
13.343
8.228
13.343
10.457
13.343
10.343
10.457
8.228
27.457
13.343
10.457
8.228
10.343
9.343
8.228
8.228
13.343
26.457
8.228
8.228
13.343
9.343
8.228
13.343
10.343
10.457
10.343
26.457
10.343
10.457
8.228
11.457
8.228
18.457
26.457
10.343
22.8
26.457
13.343
8.228
13.343
12.457
19.572
18.566
8.228
33.572
13.343
10.343
9.343
13.343
8.228
9.343
8.228
9.343
8.228
19.572
8.228
33.572
10.457
8.228
10.457
8.228
13.343
10.343
13.343
8.228
10.343
27.576
9.343
13.343
8.228
8.228
8.228
13.343
8.228
8.228
10.343
8.228
9.343
18.457
13.343
12.457
10.343
10.457
8.228
13.343
8.228
10.343
8.228
19.572
8.228
10.457
8.228
8.228
10.343
9.343
8.228
8.228
10.343
8.228
9.343
26.457
8.228
10.343
8.228
8.228
36.8
8.228
13.343
8.228
19.572
27.457
8.228
10.343
10.343
9.343
16.457
10.343
10.343
13.457
13.343
8.228
27.457
13.343
8.228
13.343
8.228
13.343
13.343
8.228
8.228
16.457
10.457
8.228
10.343
8.228
10.343
8.228
20.686
8.228
8.228
13.343
8.228
8.228
13.343
8.228
13.457
11.457
8.228
27.572
9.343
8.228
33.572
8.228
13.343
8.228
10.343
9.343
13.343
10.343
9.343
8.228
13.343
13.343
10.343
8.228
13.343
11.457
8.228
27.457
13.457
10.343
8.228
11.457
8.228
8.233
13.343
9.343
8.228
8.228
8.228
16.457
10.343
8.228
10.343
9.343
9.343
8.228
10.343
13.343
10.343
21.686
10.457
8.228
8.228
10.343
8.228
13.343
13.343
12.457
10.343
8.228
13.343
10.343
13.343
10.343
8.228
21.783
8.228
16.457
33.572
13.343
8.228
28.572
10.343
8.228
10.343
10.457
18.457
9.343
26.457
8.228
26.457
13.343
9.343
10.457
13.343
10.457
8.228
27.572
13.343
13.457
8.228
18.457
10.343
27.686
26.457
12.457
8.228
11.457
10.343
8.228
13.343
9.343
8.228
10.343
8.228
10.343
26.457
13.343
10.343
8.228
13.343
13.343
10.343
13.343
10.343
9.343
8.228
13.343
8.228
12.457
10.343
9.343
10.343
13.343
10.343
9.343
13.343
9.343
8.228
9.343
8.228
8.228
21.686
18.457
13.343
13.343
10.343
13.457
10.343
8.228
8.228
26.457
15.572
10.343
8.228
13.457
8.228
16.457
8.228
13.457
8.228
27.572
33.572
8.228
8.228
28.572
23.686
26.457
31.572
27.457
