10.343
10.343
10.343
10.343
8.228
8.228
12.457
11.457
10.343
8.228
10.343
10.343
8.228
9.343
9.343
8.228
13.457
8.228
10.343
10.343
10.343
10.343
9.343
12.457
10.343
8.228
28.686
12.572
8.228
10.457
8.228
8.228
15.572
10.457
8.228
8.228
13.457
9.343
13.457
10.457
9.452
10.343
8.228
35.915
8.228
11.457
8.228
10.343
8.228
10.343
8.228
10.343
8.228
8.228
13.457
8.228
10.343
8.228
26.572
11.457
8.228
10.457
15.572
10.343
10.343
8.228
35.915
10.343
32.8
8.228
12.457
10.343
8.228
8.228
32.686
8.228
8.228
15.572
12.457
8.228
32.8
10.343
13.457
28.8
10.343
8.228
8.228
12.457
8.228
15.572
30.8
10.343
10.343
9.343
8.228
10.343
13.457
8.228
10.343
8.228
28.8
10.343
8.228
28.8
10.457
9.452
13.457
15.572
10.343
10.343
8.228
10.343
13.457
8.228
10.343
9.343
8.228
26.457
8.228
38.029
8.228
12.572
8.228
8.233
8.228
27.686
12.457
11.457
9.343
8.228
10.343
8.228
8.228
10.343
26.572
8.228
11.457
8.228
8.228
8.228
10.343
8.228
30.8
10.343
10.343
31.8
13.457
13.457
10.343
9.343
8.228
9.343
10.343
27.686
10.457
10.343
35.8
10.343
10.343
9.343
10.343
10.343
27.686
9.343
10.343
10.343
9.343
8.228
10.343
8.228
27.572
10.343
8.228
8.228
31.686
8.228
10.343
9.343
9.343
35.915
8.228
10.343
8.228
28.8
8.228
9.343
9.343
8.228
10.343
10.343
12.457
10.343
9.343
27.686
8.228
10.343
8.228
9.343
8.228
8.228
15.572
8.228
8.228
12.457
28.915
33.572
10.343
8.228
26.457
27.686
10.343
8.228
10.343
8.228
8.228
12.457
10.343
26.457
11.457
10.343
9.343
9.343
10.343
8.228
27.572
11.457
10.457
9.343
12.572
10.343
9.343
9.343
8.228
9.343
10.343
11.457
10.343
8.228
27.572
26.572
10.343
8.228
10.343
37.915
8.228
10.343
8.228
12.572
8.228
9.347
9.343
8.228
10.343
8.228
10.343
12.457
10.343
8.228
10.343
13.457
10.343
8.228
8.228
11.457
8.228
8.228
33.8
10.457
10.343
8.228
8.228
15.572
11.457
8.228
8.228
10.343
8.228
8.228
8.228
30.8
32.686
9.343
8.228
8.228
8.228
8.228
8.228
9.343
8.228
8.228
8.228
8.228
10.343
8.228
8.228
10.343
8.228
10.343
8.228
35.8
11.457
10.343
9.343
8.228
11.457
8.228
10.343
9.343
8.228
13.457
8.228
10.343
8.228
11.457
10.343
10.343
9.343
8.228
8.228
10.343
8.228
10.343
8.228
9.343
8.228
31.8
13.457
9.343
8.228
11.457
10.343
8.228
8.228
8.228
8.228
13.457
10.343
35.8
11.457
10.343
8.228
10.343
31.8
8.228
10.343
10.457
8.228
9.452
12.457
8.228
9.343
8.228
8.228
12.572
10.343
11.457
10.343
9.343
10.343
10.343
9.343
8.228
8.228
10.343
8.228
10.343
9.343
8.228
11.457
27.457
10.457
8.228
8.228
10.457
10.462
8.228
9.343
8.228
10.343
10.343
15.572
10.343
9.343
27.572
9.343
9.343
8.228
8.228
8.228
26.572
10.343
8.228
10.343
10.343
10.343
34.8
27.572
10.343
8.228
12.572
10.343
10.457
8.228
28.686
10.343
9.343
8.228
13.457
8.228
11.457
8.228
8.228
8.228
15.572
13.457
10.343
10.457
10.343
9.343
11.457
8.228
10.457
8.228
26.572
10.343
10.343
10.457
10.343
8.228
10.343
27.457
13.457
11.457
10.343
9.343
8.228
8.228
8.228
12.457
8.228
26.457
13.457
34.8
8.228
10.343
8.228
10.343
9.343
8.228
26.572
10.343
8.228
13.457
10.343
8.228
10.343
8.228
11.457
26.572
8.228
13.457
9.343
8.228
12.457
8.228
12.457
10.343
10.457
9.343
8.228
8.228
10.343
15.572
9.343
10.343
9.343
8.228
10.343
8.228
27.457
8.228
8.228
13.457
10.343
9.343
8.228
31.686
8.228
30.8
8.228
12.572
8.228
26.572
10.343
8.233
28.686
26.572
28.572
8.228
12.457
10.343
37.029
12.457
26.457
8.228
10.457
8.228
10.343
10.343
10.343
9.343
9.343
8.228
27.457
27.572
10.343
11.457
10.343
9.343
26.457
8.228
15.572
10.343
8.228
13.457
9.343
28.572
10.343
10.343
8.228
10.343
8.228
13.457
9.343
8.228
10.343
10.343
9.343
9.343
8.228
10.343
8.228
9.343
10.343
9.343
12.572
10.343
8.228
12.572
10.343
9.343
8.228
10.343
8.228
28.686
11.457
8.228
11.457
10.343
8.228
11.457
8.228
13.457
10.343
8.228
8.228
8.228
8.228
10.343
13.457
10.343
10.343
8.228
10.343
11.457
12.572
9.343
10.343
13.457
8.228
10.343
8.228
13.457
33.686
10.343
8.228
8.228
11.457
30.8
10.457
9.452
9.343
8.228
8.228
28.572
8.228
10.343
8.228
27.572
12.457
8.228
8.228
10.343
10.343
10.343
10.457
27.572
11.457
10.343
10.457
10.343
10.457
9.452
13.457
10.343
9.343
10.343
8.228
8.228
8.228
13.457
10.343
9.343
30.915
10.347
9.343
8.228
8.228
11.457
10.343
13.457
10.343
9.343
9.343
8.228
33.686
8.228
10.343
10.343
9.343
8.228
27.572
12.572
8.228
10.343
8.228
26.457
9.343
8.228
10.343
10.343
8.228
28.8
27.686
10.343
8.228
10.343
8.228
12.572
10.343
9.343
8.228
8.228
8.228
9.343
26.457
27.686
10.457
10.343
8.228
13.457
15.572
10.343
8.228
11.457
8.228
15.572
10.343
8.228
10.343
8.228
8.228
30.686
10.343
8.228
8.228
26.457
10.457
9.343
10.343
9.343
8.228
15.572
11.457
10.343
8.228
8.228
35.915
8.228
12.572
10.343
9.343
8.228
9.343
8.228
10.457
8.228
8.228
10.343
8.228
8.228
8.228
38.029
10.343
28.8
10.343
9.343
9.343
8.228
8.228
9.343
8.228
26.572
11.457
10.343
11.457
10.457
10.343
9.343
10.457
10.343
8.228
8.228
11.457
27.686
27.572
10.343
8.228
28.8
11.457
8.228
10.343
8.228
8.228
12.457
8.228
13.457
10.343
9.347
8.228
10.343
8.228
8.228
10.457
8.228
37.915
12.572
11.457
10.343
8.228
26.572
15.572
13.457
10.343
8.228
10.343
9.343
8.228
8.228
10.343
10.343
8.228
10.343
10.343
9.343
8.228
10.343
9.343
12.572
11.457
8.228
13.457
10.343
8.228
10.457
9.343
8.228
10.343
8.228
8.228
8.228
8.228
9.343
9.343
8.228
8.228
27.572
8.228
8.228
9.343
8.228
31.915
10.343
8.228
8.228
10.343
27.686
9.343
8.228
8.228
13.457
13.457
11.457
10.343
10.343
9.343
11.457
10.343
10.343
27.572
8.228
8.228
11.457
13.457
10.343
10.343
9.343
8.228
8.228
8.228
8.228
13.457
8.228
10.343
8.228
8.228
13.457
8.228
10.343
8.228
10.343
8.228
13.457
9.343
8.228
30.686
8.228
30.8
11.457
8.228
8.228
11.457
8.228
12.457
8.228
11.457
10.343
8.228
10.457
8.228
10.343
10.457
8.228
8.228
11.457
8.228
10.343
30.686
13.457
11.457
8.228
9.343
8.228
13.457
12.457
8.233
10.343
9.343
12.572
8.228
10.457
8.228
10.343
13.457
9.343
8.228
13.457
10.343
8.228
8.228
10.343
8.228
13.457
10.343
10.343
10.343
10.343
8.228
10.343
9.343
8.228
27.572
12.572
10.343
10.343
9.343
8.228
27.686
8.228
12.572
10.343
8.228
8.228
11.457
10.343
26.572
10.343
9.343
8.228
27.686
10.343
8.228
10.343
8.228
11.457
10.457
26.572
8.228
9.343
8.228
27.572
10.343
26.457
11.457
10.343
9.343
8.228
8.228
8.228
8.228
15.572
8.228
11.457
26.457
8.228
10.343
8.228
10.343
15.572
10.343
10.343
9.343
8.228
11.457
8.228
8.228
10.343
8.228
11.457
8.228
11.457
10.343
10.343
9.343
8.228
10.343
8.228
10.343
8.228
8.228
8.228
10.343
10.343
9.343
10.343
10.343
9.343
12.457
9.343
26.572
8.228
10.343
10.343
9.343
26.457
10.343
8.228
10.343
9.343
8.228
8.228
8.228
8.228
33.572
10.343
11.457
28.8
32.686
31.029
27.686
