22.343
23.686
27.686
25.572
22.572
21.457
31.686
23.686
22.572
26.572
29.686
28.8
24.435
26.572
22.457
23.692
20.457
23.697
26.457
22.343
24.343
32.269
31.457
23.457
23.457
24.686
27.457
27.457
21.343
27.457
28.572
25.457
24.343
28.8
26.686
24.343
26.686
24.457
31.457
24.343
23.686
22.572
24.572
23.572
42.572
23.457
26.457
24.343
23.457
22.457
21.457
21.343
24.343
21.343
29.457
20.457
24.343
43.572
22.457
22.343
21.343
26.572
43.457
23.572
22.572
30.572
23.572
26.457
25.8
21.457
24.343
22.343
27.572
21.343
22.572
30.686
21.343
21.457
22.343
33.686
31.457
22.572
20.457
28.686
23.457
24.692
21.343
28.572
23.572
28.572
24.457
21.572
24.572
24.343
24.343
22.457
21.457
28.572
30.572
30.915
23.686
22.577
20.457
29.686
27.457
24.457
31.457
22.566
26.457
35.686
24.686
22.343
24.686
23.8
23.457
22.343
21.343
21.343
25.692
20.457
24.457
22.577
32.572
23.457
21.343
24.343
31.457
22.612
26.572
43.457
23.457
21.457
24.343
28.572
22.457
22.572
26.686
23.572
31.686
43.572
21.343
24.343
26.686
23.457
28.572
20.457
21.343
28.572
27.686
21.343
26.457
28.572
22.457
23.457
20.457
43.457
23.686
21.457
29.686
28.572
38.915
21.343
24.343
23.457
31.457
27.457
20.457
22.343
27.686
26.68
23.572
22.572
22.343
20.457
22.343
24.572
22.572
24.343
22.343
25.686
21.343
43.457
20.457
28.572
24.343
22.572
30.572
22.572
27.457
24.343
21.572
32.572
20.457
43.572
24.8
24.457
29.686
43.457
24.457
23.572
31.457
20.457
24.457
22.343
31.8
28.572
27.457
22.343
42.572
20.457
24.343
31.457
23.686
27.572
21.343
24.457
21.343
24.343
27.686
24.572
24.457
22.343
21.572
23.686
22.572
31.457
22.457
31.457
27.457
26.686
21.343
27.572
27.686
26.8
22.572
22.572
27.457
26.572
21.343
26.572
33.572
21.572
22.457
25.572
22.343
21.343
29.8
22.343
22.348
21.343
22.343
26.812
32.8
24.343
22.572
21.343
26.686
22.572
22.572
28.686
28.8
23.457
29.457
27.457
22.457
21.572
26.572
24.457
28.926
22.343
21.457
26.686
22.343
23.686
30.8
25.686
27.8
23.8
20.555
23.457
43.457
21.343
29.686
23.457
25.572
24.343
23.457
22.457
25.572
21.343
21.457
23.457
20.457
31.457
24.343
43.457
21.343
23.686
21.457
28.686
27.457
24.343
22.686
22.343
42.686
28.572
22.343
25.8
21.343
43.457
23.686
29.8
24.686
30.926
27.8
23.457
21.343
25.457
21.457
22.572
30.8
22.343
29.457
22.457
27.686
24.343
27.457
26.457
42.686
21.343
43.457
25.457
27.457
24.572
21.572
27.686
24.457
22.343
32.686
20.457
24.343
43.457
24.343
22.572
22.343
43.457
23.457
28.572
22.457
27.686
22.457
22.572
27.457
28.8
43.457
32.8
28.572
22.457
26.572
22.457
21.343
28.572
23.572
28.686
28.572
23.572
26.686
22.343
21.572
21.457
27.457
21.457
27.457
24.457
32.8
24.457
22.572
27.577
25.457
22.572
25.572
23.572
21.343
26.686
24.343
24.343
22.572
21.457
31.457
23.572
21.457
28.572
24.572
43.457
22.572
27.686
21.343
22.572
20.457
25.572
24.572
21.457
43.457
22.572
26.686
22.343
22.457
24.343
23.457
24.343
23.572
31.572
43.457
21.457
22.572
22.343
21.457
29.686
28.572
20.457
22.572
20.457
22.686
27.572
22.343
21.457
21.572
22.457
22.572
24.343
43.457
21.343
31.8
28.686
27.457
30.686
25.457
23.686
29.917
24.457
22.343
27.686
23.572
31.457
22.572
20.457
28.572
27.457
22.343
24.343
25.686
43.8
23.572
21.343
31.537
27.457
23.572
23.457
27.686
22.343
22.572
22.343
43.457
24.572
23.457
22.457
24.457
24.457
22.343
43.457
21.343
24.686
21.343
27.686
31.457
21.457
31.457
43.457
24.343
22.343
30.8
24.343
28.572
24.572
23.566
22.572
21.343
22.572
22.343
23.577
22.343
21.343
22.343
24.457
22.686
27.686
21.343
23.457
22.343
21.343
26.806
20.457
31.457
25.686
22.343
28.686
21.343
43.457
22.457
21.343
29.686
26.457
22.457
21.343
25.686
20.457
21.343
21.343
22.572
21.343
22.572
31.457
20.457
24.572
21.343
20.457
31.457
22.343
22.343
31.8
27.457
22.343
25.457
28.572
23.686
23.457
22.572
28.8
23.572
22.457
29.457
22.572
20.457
27.572
22.572
29.686
23.572
20.457
28.572
27.566
24.343
22.343
24.343
27.686
23.457
20.457
20.457
24.343
20.457
22.343
20.457
28.572
28.572
43.457
21.343
22.572
21.457
22.572
24.926
22.686
26.572
25.572
20.457
28.572
27.686
23.457
22.343
28.8
28.8
25.457
43.457
25.457
21.343
24.457
22.343
26.457
23.457
23.572
21.457
31.572
25.572
24.457
20.457
24.457
22.343
26.572
23.572
23.457
21.457
24.457
23.457
22.457
28.572
22.572
27.457
23.572
24.457
31.8
24.343
22.343
29.686
26.457
43.457
42.572
22.457
21.343
29.686
22.343
22.343
22.343
22.572
30.915
22.457
29.686
27.457
24.572
22.457
30.691
26.686
43.457
27.457
24.457
23.457
22.457
27.686
43.457
20.457
23.572
25.572
22.457
31.457
27.457
22.343
21.343
22.686
26.572
28.686
24.343
30.8
25.572
21.457
27.457
26.457
22.572
28.572
26.572
24.572
26.686
22.343
24.343
23.457
23.686
23.457
28.572
43.572
43.572
22.457
28.686
36.572
26.457
21.343
30.686
28.572
25.572
23.457
23.457
22.343
21.343
20.457
27.457
22.572
22.572
22.343
23.457
21.343
22.572
30.686
26.457
27.457
23.457
22.343
22.457
28.686
22.457
22.457
25.457
22.343
22.457
21.572
31.457
24.686
24.343
24.686
23.572
21.457
23.572
22.343
20.457
22.343
24.343
21.457
29.686
23.457
33.8
23.572
20.457
26.572
24.343
30.572
24.572
22.572
31.572
22.566
24.686
24.457
21.457
26.686
21.343
29.686
22.572
27.457
26.572
24.457
22.343
21.457
22.457
24.457
23.572
21.457
25.686
21.343
31.537
27.457
21.572
42.572
27.572
27.457
22.572
25.572
24.457
22.457
21.343
27.691
24.457
21.343
21.457
24.686
26.572
22.343
24.686
21.343
21.457
20.457
24.343
29.686
27.457
23.686
22.68
26.686
21.343
25.572
23.457
31.572
24.343
23.572
28.572
20.457
23.572
21.457
20.457
27.457
26.572
22.457
32.686
28.572
21.343
24.457
24.457
23.572
22.572
21.343
24.343
21.343
23.572
31.457
22.612
22.343
22.343
27.686
22.457
27.686
21.343
43.572
22.457
26.457
23.686
29.686
24.343
27.457
25.686
22.343
21.572
25.686
22.343
20.457
24.572
26.8
31.457
25.686
23.56
26.572
22.572
29.686
22.343
28.686
21.343
20.457
20.457
29.457
26.572
25.572
29.686
22.343
20.457
26.686
22.572
20.457
24.343
22.343
43.686
43.8
43.457
23.457
23.457
22.343
26.686
24.343
22.457
21.457
31.686
28.572
21.572
26.572
43.457
21.343
26.572
24.457
24.572
21.343
28.572
21.343
31.8
20.457
20.457
29.457
26.686
24.56
23.572
22.457
21.343
21.572
23.686
22.457
21.462
22.343
28.572
21.343
43.457
21.343
25.915
28.572
21.343
24.343
23.686
30.572
24.457
22.457
21.572
26.686
21.572
28.572
25.572
22.457
21.343
23.457
27.686
22.572
25.686
21.343
30.572
24.343
21.343
29.686
28.572
26.812
24.343
27.686
22.457
21.343
24.343
22.343
28.686
22.343
43.457
22.457
21.343
26.457
23.572
22.457
31.457
21.457
20.457
27.457
21.343
28.686
43.686
22.343
26.8
29.686
23.572
20.457
28.572
28.572
25.572
43.457
25.457
21.343
22.457
21.343
25.572
21.343
27.457
31.8
30.686
22.343
22.343
24.686
22.343
21.343
43.457
24.572
27.457
26.457
21.343
24.343
27.915
27.457
26.686
24.457
23.457
20.457
24.343
27.457
24.686
23.572
21.343
21.343
31.686
21.343
21.457
22.457
21.343
21.343
20.457
25.457
24.572
22.446
21.457
22.343
21.457
20.457
26.572
21.457
24.686
22.56
26.457
26.686
26.686
24.457
22.572
28.572
27.686
25.572
25.457
20.457
35.686
28.572
27.457
26.457
28.572
