22.343
23.686
27.686
25.572
22.572
21.457
31.686
23.686
22.572
29.686
28.8
26.572
24.343
22.457
23.692
33.686
20.457
31.457
26.457
22.343
24.343
32.269
26.812
23.457
23.457
24.686
27.457
27.457
28.572
25.457
34.572
24.343
25.686
26.686
24.343
26.686
24.457
24.457
24.343
23.686
22.572
24.572
23.572
42.572
23.457
43.572
26.457
23.457
22.457
21.457
21.343
24.343
43.457
21.343
31.457
20.457
24.343
23.457
22.457
22.343
21.343
36.572
26.572
43.457
22.572
24.686
24.686
23.68
27.572
26.457
24.343
22.343
28.572
21.343
22.572
30.686
24.457
22.343
31.457
22.572
26.572
33.686
22.343
21.572
20.457
24.686
21.343
28.572
29.686
20.457
24.457
24.572
24.343
22.457
21.457
28.572
30.572
47.8
24.343
28.572
21.343
23.686
32.915
28.572
21.572
27.457
25.692
23.572
22.566
26.457
22.343
24.686
24.343
43.457
23.8
23.457
22.343
22.577
21.343
21.343
24.457
20.457
21.343
24.343
22.577
21.457
21.343
24.343
22.572
37.686
23.457
21.457
24.343
22.457
22.572
31.686
24.686
21.457
24.343
34.572
21.343
42.572
33.8
23.457
22.343
20.457
21.343
33.8
27.686
21.343
26.457
22.343
31.8
20.457
23.686
21.457
29.686
28.686
35.686
43.457
28.572
24.457
23.457
20.457
22.343
27.686
26.68
22.457
31.457
22.572
22.343
20.457
22.343
31.457
43.457
24.572
22.572
22.343
22.572
24.457
23.457
47.686
31.457
24.457
21.572
24.343
31.457
22.572
22.572
27.457
20.457
34.572
32.572
21.343
20.457
28.572
21.343
25.915
23.572
26.686
23.457
31.457
20.457
24.343
22.343
25.572
43.457
22.343
42.572
20.457
22.572
21.343
24.457
21.343
22.572
31.457
21.343
24.343
34.686
24.572
22.343
22.572
46.572
24.686
22.457
21.457
26.686
28.572
21.343
23.686
21.457
35.915
22.572
27.457
43.457
21.343
33.572
23.572
21.572
43.457
28.572
27.686
22.457
25.572
22.343
21.343
22.343
22.348
21.343
46.686
30.8
22.343
26.812
21.572
24.457
22.572
29.686
23.457
29.457
24.343
21.343
28.8
21.572
43.457
28.926
22.343
21.457
28.686
22.686
26.686
45.8
33.686
22.343
30.8
25.686
46.8
22.343
20.457
24.915
24.343
22.343
46.572
25.572
22.343
24.343
35.915
35.915
24.343
25.572
23.572
21.343
23.572
21.457
20.457
24.343
22.572
28.572
31.457
21.457
28.686
24.457
43.572
22.343
27.457
24.343
22.686
22.686
24.686
22.343
20.457
24.457
24.686
30.926
28.8
26.686
35.686
22.343
21.343
21.457
22.572
30.8
23.457
22.572
22.457
32.572
24.343
27.457
26.457
36.652
21.343
22.572
26.457
43.457
25.457
27.457
21.343
21.572
24.343
22.343
20.457
43.457
30.8
24.343
22.343
43.457
23.457
31.457
28.572
29.686
22.457
27.686
22.457
22.572
28.8
21.457
32.8
22.457
22.457
21.343
34.572
33.686
28.686
24.686
22.457
34.8
20.457
21.457
21.457
28.572
27.566
21.343
33.8
32.8
34.572
22.572
25.457
24.452
25.572
47.686
21.343
26.686
34.691
24.343
29.686
24.343
22.572
21.457
43.572
23.572
21.457
28.572
22.572
27.686
21.343
22.572
42.686
20.457
43.457
25.572
24.572
21.457
31.457
21.457
26.686
43.457
22.343
24.457
22.343
22.572
43.686
28.686
23.572
22.572
22.343
31.457
28.572
20.457
22.572
20.457
28.572
22.686
28.572
27.572
23.457
21.457
20.457
43.457
22.457
26.686
23.686
24.343
43.457
21.343
24.686
30.686
25.457
24.452
21.343
22.572
29.917
34.572
23.457
22.457
29.686
22.572
28.572
21.572
27.457
22.343
47.8
24.572
24.343
23.572
21.343
31.537
22.343
24.686
27.686
22.343
22.572
22.343
21.343
43.457
25.686
22.457
21.343
43.457
24.343
24.343
22.343
23.572
21.343
21.343
47.686
21.457
43.457
22.343
33.686
31.915
28.669
42.572
24.572
23.566
22.572
22.572
31.457
24.457
22.343
23.577
31.457
22.343
21.343
21.343
22.343
22.686
27.686
21.343
31.537
22.343
21.343
26.806
20.457
31.457
28.686
23.457
28.8
21.343
29.686
26.457
24.572
22.457
20.457
24.457
42.572
21.343
24.343
21.343
22.572
22.572
24.572
20.457
43.572
26.686
44.686
23.52
22.343
31.8
28.572
22.343
25.457
28.572
25.686
20.457
43.457
43.572
22.457
28.8
22.572
20.457
29.686
27.572
43.572
24.343
22.572
27.686
36.572
24.572
20.457
24.343
22.343
22.343
42.572
29.8
20.457
34.572
20.457
34.572
26.572
31.457
20.457
22.343
20.457
28.572
22.572
24.343
21.457
24.457
22.572
21.457
26.572
25.572
20.457
32.04
23.686
22.572
43.457
27.686
23.457
22.343
25.457
21.343
24.457
22.343
26.457
23.572
32.572
21.457
21.343
24.457
44.915
22.343
30.572
23.572
28.572
23.457
22.343
21.343
43.572
21.457
23.457
26.572
33.8
22.457
22.572
44.686
22.457
21.343
27.457
31.8
24.343
22.343
29.686
26.457
43.457
22.457
21.343
24.343
28.572
24.343
22.343
22.343
25.8
22.343
23.686
23.572
27.457
30.8
24.572
22.457
25.572
30.691
27.457
24.343
22.343
22.457
22.457
29.686
22.457
22.457
21.457
26.686
28.572
22.343
21.343
32.686
22.686
22.457
28.8
21.343
21.457
43.572
24.457
31.457
22.572
27.572
25.572
34.572
25.686
28.572
23.457
23.457
34.572
22.572
22.343
24.457
22.343
28.572
28.686
36.572
22.343
27.572
28.686
24.457
23.457
22.343
21.343
20.457
43.457
32.686
24.457
23.686
22.572
22.343
21.343
22.572
28.572
26.457
22.457
27.457
23.457
22.343
22.457
46.572
23.572
22.343
23.572
22.457
21.572
23.572
31.457
23.572
23.572
22.343
24.686
22.572
26.572
22.343
44.572
23.457
21.457
26.572
32.686
23.457
23.572
21.572
24.343
43.457
24.572
23.686
23.572
21.343
22.566
21.457
43.457
26.686
23.457
42.686
28.572
24.457
43.572
22.572
26.572
24.457
22.572
21.343
24.343
22.457
22.457
28.572
22.572
21.343
20.457
27.572
22.457
27.457
22.572
28.572
46.572
25.572
22.457
21.343
27.691
21.343
24.686
26.572
23.572
31.572
46.572
21.343
28.572
21.457
28.572
27.686
24.44
21.572
27.457
23.686
22.68
26.686
21.343
23.457
26.686
23.457
31.572
23.572
20.457
26.457
23.572
21.457
27.457
26.572
21.572
22.457
28.572
21.343
24.457
24.457
22.457
24.457
22.572
24.343
21.343
43.457
22.457
21.343
22.572
24.572
23.457
22.343
31.457
25.686
22.457
22.457
22.572
26.457
29.686
24.343
25.686
22.343
21.572
24.343
25.686
22.343
20.457
24.572
35.686
24.572
23.457
22.572
43.572
31.915
24.572
28.572
24.343
22.343
22.572
21.566
29.8
28.8
20.457
20.457
31.8
24.457
24.457
22.343
20.457
34.572
26.686
24.343
22.343
23.686
21.572
22.343
22.343
26.686
22.457
21.457
20.457
30.572
28.572
21.457
26.572
43.457
21.343
31.537
24.572
21.343
43.686
21.343
20.457
33.8
20.457
29.457
24.457
27.8
35.686
23.572
22.457
31.457
24.457
22.572
22.457
21.462
43.572
28.686
26.572
23.457
26.572
21.343
25.915
24.457
21.343
24.343
22.572
20.457
30.572
24.457
22.457
28.572
25.572
24.686
22.457
22.572
26.686
23.457
24.343
22.572
21.343
30.572
21.343
29.686
32.8
22.457
21.343
34.572
22.343
28.686
43.572
22.343
31.457
22.457
21.343
31.686
31.457
43.457
26.457
23.572
22.457
45.926
45.686
23.572
21.343
31.457
28.572
22.343
20.457
27.686
26.8
43.457
35.8
21.572
28.572
24.343
28.572
25.572
25.457
26.686
24.457
21.343
46.572
22.457
21.343
25.572
21.343
27.457
21.572
22.343
23.457
22.343
24.572
24.457
27.457
21.572
26.457
21.343
24.343
27.915
21.343
27.457
22.343
20.457
24.686
23.572
21.343
31.686
21.343
24.457
22.457
21.343
21.343
20.457
26.572
25.566
24.572
22.446
22.343
21.457
20.457
26.572
43.457
46.572
24.686
22.56
20.457
27.686
26.457
33.686
28.572
26.686
24.457
21.457
27.686
25.457
20.457
28.8
23.457
35.686
27.572
34.572
44.686
