26.572
22.343
23.686
26.457
22.572
22.572
22.572
21.566
29.457
21.457
23.686
26.686
24.343
26.572
24.343
22.457
23.692
27.04
20.457
21.343
24.697
21.343
26.457
22.343
24.457
23.686
23.457
21.457
27.457
24.343
23.457
25.572
21.572
23.457
26.686
21.343
29.457
22.343
24.343
27.572
29.457
24.457
22.572
23.457
21.343
23.572
24.343
23.457
31.8
26.457
24.343
22.457
24.343
23.457
22.343
21.343
20.457
28.572
20.457
24.343
22.457
21.457
22.343
24.343
23.572
21.343
22.572
24.686
23.68
25.572
21.457
26.457
26.457
24.343
27.457
24.343
22.343
21.343
21.457
23.457
22.572
29.8
24.572
20.457
22.572
26.457
21.343
28.572
21.343
21.572
29.457
24.572
21.457
31.8
24.343
23.457
22.457
24.686
22.572
21.343
29.457
24.343
25.572
21.343
23.686
27.457
22.343
22.572
27.686
23.572
22.566
22.572
24.343
23.457
22.343
23.8
21.343
21.343
22.577
21.343
21.343
29.457
24.343
22.572
20.457
24.343
21.457
24.577
21.343
27.457
25.572
24.343
23.457
26.457
21.457
24.343
22.457
26.686
21.343
23.686
23.572
21.457
22.343
21.457
24.343
26.686
22.343
22.572
21.343
21.343
24.686
21.572
21.343
22.572
21.566
27.457
22.457
22.343
20.457
21.457
25.572
22.343
21.343
29.457
21.343
21.457
23.457
21.457
22.343
21.343
21.572
21.457
20.457
24.572
24.343
23.457
22.343
24.572
22.343
23.577
22.572
24.343
22.343
21.343
29.457
26.457
20.457
27.457
23.457
22.572
21.343
22.572
27.457
21.457
22.343
21.572
21.343
23.8
22.572
22.457
21.343
29.457
27.572
26.457
24.343
24.343
21.343
24.343
23.457
22.343
22.343
25.572
21.572
22.343
24.686
20.457
24.343
24.343
21.343
21.343
26.457
26.686
20.457
24.343
23.572
27.457
22.572
22.343
21.343
24.572
23.686
26.686
21.343
24.686
21.457
27.686
24.343
23.572
21.572
23.572
20.457
23.686
21.457
26.457
22.457
21.343
22.343
26.686
22.343
21.348
24.697
24.457
24.343
24.343
22.572
21.572
21.343
22.572
22.572
29.8
22.572
22.343
21.457
29.457
24.343
21.343
21.457
27.457
24.812
21.572
21.572
22.343
21.457
22.686
21.572
28.8
22.343
26.686
22.8
22.343
20.457
25.572
22.343
22.343
25.572
21.343
26.457
24.343
23.457
22.343
21.457
24.343
25.572
23.457
21.343
23.572
24.343
21.572
23.572
26.686
24.343
22.572
21.343
23.457
21.343
27.457
23.686
22.572
22.686
21.343
21.343
22.572
24.926
22.572
21.457
24.572
22.343
21.343
23.457
22.343
27.572
22.457
24.343
23.572
23.457
22.572
21.566
21.343
21.343
26.457
21.343
21.343
22.457
26.457
24.343
27.457
24.343
24.343
21.343
26.686
21.343
21.572
26.457
24.343
22.572
29.457
22.572
21.457
24.457
22.343
23.686
21.457
24.343
23.457
26.686
22.457
23.686
23.457
22.457
24.457
21.457
26.686
23.457
26.457
25.572
23.572
22.572
21.343
20.457
28.686
23.572
29.457
27.457
23.457
23.457
25.577
23.457
22.572
22.572
27.457
21.457
29.457
21.343
26.572
24.572
21.343
24.343
21.457
24.343
22.572
22.572
29.457
26.457
21.572
23.572
21.457
27.572
24.343
21.343
22.686
23.457
25.572
23.457
21.343
26.8
23.457
27.686
22.457
21.343
24.343
22.343
23.572
22.572
29.457
23.457
22.343
22.457
21.572
22.457
24.457
22.572
21.566
22.686
27.572
22.343
25.686
20.457
23.457
26.686
23.572
22.572
24.572
21.343
24.572
22.343
22.572
22.343
29.457
21.572
24.343
27.917
21.343
21.457
27.686
23.457
22.457
22.572
20.457
27.457
24.343
21.343
24.343
22.343
29.457
24.572
22.572
25.572
27.457
24.343
23.572
22.343
24.343
22.572
21.457
24.343
21.343
27.457
22.457
26.686
22.343
22.343
24.343
22.572
24.343
23.572
21.343
22.572
21.343
21.457
23.457
24.343
22.343
21.343
20.457
22.572
27.457
22.572
24.343
25.577
23.457
22.343
22.572
29.457
24.457
21.343
24.343
22.686
22.343
22.572
24.343
22.343
24.691
21.343
20.457
22.572
26.686
21.343
26.686
22.343
24.343
21.343
24.343
22.343
23.572
20.457
26.686
21.343
20.457
24.343
21.572
29.457
22.343
22.572
27.457
21.343
22.572
20.457
24.572
21.343
20.457
21.343
24.343
21.343
29.457
21.457
24.343
26.686
23.686
22.572
21.457
21.572
23.572
21.343
22.572
27.572
22.572
22.572
21.343
24.457
21.343
24.572
28.686
23.457
21.457
21.343
27.457
21.343
27.457
20.457
26.457
24.572
20.457
24.457
23.457
20.457
28.572
22.572
24.926
21.566
26.457
27.686
21.457
22.572
20.457
22.572
20.457
27.572
25.572
24.686
24.343
22.343
21.343
24.343
23.457
22.343
22.343
21.457
21.343
20.457
26.457
23.572
26.457
21.457
20.457
23.457
22.457
22.572
29.457
21.343
26.457
21.457
20.457
27.457
23.457
23.572
22.457
22.572
23.457
22.457
22.343
29.457
22.343
22.343
22.343
22.343
29.457
22.343
23.572
22.343
26.8
22.343
20.457
27.457
26.457
25.572
21.457
25.577
22.572
21.343
29.457
23.457
21.343
24.343
23.572
21.343
21.457
24.343
22.457
20.457
23.457
22.457
23.572
23.572
22.572
30.686
21.343
21.343
26.457
21.343
28.8
23.457
22.572
29.457
22.343
21.457
29.457
23.457
21.572
27.457
24.572
22.446
21.343
24.343
20.457
22.457
21.457
29.457
24.457
22.343
22.572
27.457
27.457
23.457
20.457
24.457
23.457
28.686
23.457
20.457
23.457
27.457
21.343
23.572
26.457
22.343
21.343
24.457
22.572
21.343
24.343
22.457
21.343
23.457
29.457
28.686
22.457
22.457
21.343
22.457
21.457
23.572
23.572
23.572
23.572
22.566
21.457
29.457
24.343
22.572
21.457
26.457
25.572
22.343
21.457
20.457
29.457
21.343
22.572
28.572
22.572
24.572
23.686
23.572
22.566
24.343
24.572
23.457
22.457
20.457
23.457
24.343
22.572
20.457
24.343
21.343
29.457
24.343
21.457
23.457
22.457
21.343
21.343
25.572
21.343
20.457
23.572
27.572
20.457
23.457
22.577
21.571
21.343
27.457
23.457
22.343
22.457
21.343
26.686
22.572
28.572
22.572
21.343
21.572
23.457
22.572
22.343
29.457
27.457
23.686
23.795
24.572
24.457
24.343
24.457
23.572
21.343
26.457
24.343
22.457
20.457
23.572
21.457
20.457
24.457
22.457
23.457
24.343
21.457
24.343
23.457
22.343
23.577
23.457
22.457
27.457
22.343
22.572
22.572
25.572
24.457
23.457
22.457
21.343
23.457
21.457
21.572
24.343
22.343
21.343
24.572
23.457
24.343
26.686
22.343
21.572
20.457
26.572
22.457
21.343
27.8
24.572
22.572
22.572
25.686
21.343
24.686
20.457
26.686
22.343
26.457
22.457
21.572
20.457
24.343
27.457
20.457
22.343
24.343
26.686
21.572
21.343
24.343
21.572
23.572
25.572
26.572
25.572
24.457
22.457
21.457
24.343
21.457
27.457
22.572
22.457
21.343
24.572
24.343
21.343
20.457
22.343
27.457
24.343
26.686
24.343
23.457
21.572
21.457
25.572
21.572
20.457
28.572
21.457
21.457
26.457
21.457
22.343
22.343
24.915
28.577
21.343
24.343
21.343
22.572
27.457
21.343
20.457
24.572
21.457
22.572
21.572
21.457
29.457
20.457
22.572
20.457
22.343
23.457
23.572
22.572
22.572
22.343
21.343
20.457
24.457
22.572
21.343
24.343
21.457
26.686
24.56
21.343
27.457
21.457
26.457
21.343
24.343
21.343
27.457
22.572
22.457
21.457
20.457
27.457
27.457
26.686
21.343
22.572
21.343
21.343
27.8
23.457
27.457
23.457
23.457
22.572
21.343
24.572
24.343
23.457
22.572
21.457
21.343
24.343
20.457
21.343
26.457
24.343
21.343
24.343
27.457
23.457
26.686
22.343
21.572
21.343
27.915
22.572
26.457
24.343
21.572
20.457
26.457
24.457
22.572
21.343
29.457
21.457
21.343
27.457
26.457
21.343
21.343
21.457
21.457
28.686
22.343
22.457
26.686
21.457
20.457
24.343
21.457
21.457
24.686
20.457
21.343
21.343
29.457
26.686
24.572
29.457
22.343
22.572
21.457
25.572
21.343
20.457
21.343
29.457
