22.343
23.686
27.686
25.572
22.572
21.457
31.686
23.686
22.572
29.686
28.8
26.572
24.343
22.457
23.692
33.686
20.457
31.457
26.457
22.343
24.343
32.269
26.812
23.457
23.457
24.686
27.457
27.457
28.572
25.457
34.572
24.343
25.686
26.686
24.343
26.686
24.457
24.457
24.343
23.686
22.572
24.572
23.572
42.572
23.457
43.572
26.457
23.457
22.457
21.457
21.343
24.343
43.457
21.343
31.457
20.457
24.343
23.457
22.457
21.457
34.572
22.343
21.343
43.457
23.572
23.572
26.457
25.8
29.686
21.457
26.457
24.343
22.343
22.572
30.686
21.343
21.457
24.457
22.343
33.686
31.457
22.572
22.343
21.572
20.457
24.686
21.343
21.343
20.457
33.686
24.343
34.8
27.686
23.457
24.343
22.457
21.457
28.572
25.8
47.8
24.343
28.572
21.343
23.686
21.572
29.686
27.457
25.692
23.572
22.566
26.457
22.343
24.686
24.343
23.8
23.457
22.343
22.577
21.343
24.457
20.457
24.457
24.343
24.457
32.572
21.486
21.343
27.691
22.572
30.572
23.457
24.343
31.457
22.457
22.572
26.686
23.572
31.686
21.457
21.343
24.343
33.686
23.457
22.343
33.8
21.343
30.572
46.572
29.686
26.457
24.457
26.686
22.343
23.572
31.8
20.457
28.572
26.8
21.343
26.572
34.8
50.572
23.457
31.457
22.572
21.566
20.457
22.343
24.343
31.457
23.572
22.343
20.457
35.686
22.343
24.572
22.572
29.686
22.343
24.457
24.343
23.457
21.343
31.457
20.457
22.572
22.572
27.457
21.572
32.572
31.457
20.457
24.8
24.457
21.343
30.572
29.686
44.8
23.572
23.457
31.457
20.457
46.572
24.343
24.457
22.343
33.8
43.457
22.343
22.572
21.572
21.343
27.572
21.343
21.343
24.343
24.572
22.343
29.686
21.572
24.343
46.572
23.686
43.457
28.8
22.457
21.457
21.343
43.572
23.686
21.457
22.572
35.686
22.572
27.457
43.457
21.343
33.572
23.572
40.029
24.686
22.457
25.572
22.343
21.343
25.686
33.686
22.343
22.348
21.343
46.686
22.343
26.812
22.572
21.343
26.686
22.572
27.686
23.457
21.457
24.343
21.343
28.8
27.457
22.457
21.572
34.572
43.457
28.926
22.343
21.457
22.686
26.686
45.8
22.343
30.8
23.8
20.555
28.8
28.8
29.686
23.457
28.572
24.457
31.457
22.457
24.343
25.572
21.343
23.572
32.686
24.343
23.457
20.457
24.343
35.686
28.572
21.343
23.686
22.572
22.343
43.457
22.686
23.457
22.686
24.686
34.572
23.457
23.686
20.457
24.457
30.926
24.343
27.8
29.8
47.8
21.343
25.457
21.457
43.457
22.572
30.8
22.343
28.572
22.572
24.343
22.457
34.572
24.343
27.457
26.457
22.572
27.572
25.457
24.457
24.572
21.572
24.457
22.343
20.457
34.572
21.457
22.343
43.457
23.457
22.572
29.686
22.457
22.457
22.572
28.8
43.457
28.572
43.457
43.457
25.572
22.457
21.343
34.572
28.572
23.572
28.572
23.572
34.8
22.343
21.457
27.457
21.457
21.343
51.915
27.457
26.686
21.343
32.8
24.343
22.572
47.8
25.572
23.572
21.343
29.686
24.343
45.8
34.691
32.572
24.343
24.343
22.572
31.8
23.572
21.457
28.572
24.572
31.457
22.572
27.686
24.343
21.343
22.572
33.686
20.457
21.457
26.686
22.343
24.457
27.686
23.572
32.686
31.686
22.343
24.343
24.343
23.572
27.686
22.572
21.457
23.457
28.572
22.572
20.457
28.572
23.572
22.686
27.572
22.343
20.457
22.572
22.457
26.686
23.686
24.343
43.457
24.457
24.686
22.572
30.686
22.572
35.8
21.457
24.457
34.572
22.457
31.457
22.572
27.457
24.343
24.343
22.343
35.686
25.686
24.343
23.572
21.343
44.572
28.572
49.031
23.572
33.8
23.457
22.343
24.343
29.686
22.343
24.572
22.457
29.686
43.457
24.457
24.343
24.343
22.343
23.572
24.457
22.343
33.686
30.8
24.343
28.572
24.572
23.566
43.572
21.343
31.457
22.343
23.577
27.686
49.686
27.686
22.343
21.343
24.343
40.8
22.343
24.457
21.343
23.457
22.343
50.686
29.8
21.343
34.8
20.457
31.457
25.686
22.343
28.686
27.686
22.457
33.92
26.457
24.572
22.457
21.343
24.457
20.457
24.343
21.343
24.457
22.572
21.343
22.572
20.457
24.572
20.457
31.457
24.457
43.572
22.343
22.343
31.8
22.343
28.572
25.686
20.457
35.686
22.457
22.572
22.572
30.8
30.572
29.686
24.343
36.572
23.572
27.457
44.572
20.457
27.457
24.343
24.343
23.457
27.686
22.343
21.457
33.8
34.8
20.457
20.457
24.343
20.457
22.343
20.457
46.686
29.686
22.572
24.343
24.457
22.572
21.457
22.686
28.8
25.572
22.572
20.457
32.04
22.572
28.572
27.686
22.343
25.457
21.343
24.457
23.457
27.572
23.457
22.457
32.572
23.572
31.572
22.572
20.457
24.457
22.343
42.572
22.457
31.572
28.572
22.343
21.457
21.457
24.457
22.343
22.457
22.572
22.572
21.343
31.8
24.343
22.343
26.457
43.457
22.457
21.343
24.343
28.572
22.343
35.8
49.686
23.457
31.457
22.572
28.572
46.572
30.926
22.457
29.686
22.457
25.572
27.457
24.343
23.457
22.457
31.686
27.686
22.457
20.457
37.806
22.457
22.457
21.457
28.572
23.686
46.572
21.343
32.686
22.686
22.457
28.572
21.457
24.457
43.572
24.457
27.457
31.457
26.457
26.572
23.686
26.686
25.686
23.457
22.343
21.457
22.572
29.457
22.343
24.457
22.343
28.686
23.572
26.457
21.343
23.457
46.572
23.457
22.343
21.343
23.572
22.572
32.686
22.572
25.572
22.343
34.572
50.572
22.686
22.457
28.572
27.572
27.457
22.343
22.457
22.457
25.457
23.572
30.572
22.457
21.572
23.572
28.572
24.343
23.572
22.343
24.686
43.572
22.572
20.457
22.343
28.572
24.343
21.457
23.457
36.915
23.457
33.8
23.572
50.572
21.572
24.343
28.572
24.572
22.572
31.572
23.572
21.343
23.68
21.457
26.686
23.457
21.343
29.686
27.457
24.457
22.343
21.457
22.457
24.457
22.457
33.686
22.572
21.343
34.897
31.652
21.572
27.572
22.457
26.572
22.572
24.457
22.577
34.572
21.343
34.572
21.343
28.686
24.686
26.572
22.343
22.572
23.572
31.572
28.572
21.457
20.457
24.343
24.457
23.686
23.795
27.8
22.343
25.572
24.457
23.457
31.572
23.572
21.457
26.457
23.572
21.572
23.457
21.457
20.457
31.457
46.572
22.457
21.343
24.457
34.572
24.457
22.457
25.572
22.572
22.457
21.343
22.572
22.343
22.343
22.457
27.686
22.572
29.686
24.457
22.572
26.457
43.457
28.686
43.457
43.572
22.343
21.572
28.572
24.343
22.343
28.8
20.457
28.8
31.457
24.572
21.457
26.8
22.572
22.572
30.8
30.572
22.343
22.572
21.343
20.457
20.457
31.8
29.457
24.457
31.457
28.572
36.915
21.572
26.686
22.572
22.343
43.686
26.686
22.343
25.572
35.686
22.343
21.457
22.457
20.457
30.572
28.572
21.457
43.457
21.343
31.457
28.572
43.457
24.572
21.343
43.686
21.343
31.8
20.457
20.457
29.457
26.686
24.56
23.572
22.457
21.343
31.537
23.686
21.462
23.572
28.686
22.343
28.572
47.686
21.343
23.457
25.915
28.572
21.343
24.457
50.686
24.343
22.572
20.457
24.457
22.457
21.572
20.457
28.572
25.572
22.457
22.572
21.343
23.457
23.457
24.343
22.572
25.686
21.343
27.686
24.44
21.343
23.697
22.457
21.343
24.343
22.343
22.343
31.457
22.457
21.343
35.8
24.343
26.457
46.572
24.686
21.457
23.572
45.686
21.343
28.686
43.686
23.457
22.343
20.457
29.686
20.457
43.457
24.343
28.572
25.572
33.915
25.457
26.686
21.343
46.572
22.457
21.343
25.572
21.343
42.686
27.457
21.572
30.686
22.343
22.343
21.343
28.572
24.572
27.457
20.457
21.343
24.343
27.915
21.343
24.572
22.343
32.686
20.457
34.572
23.572
21.343
21.343
21.343
21.457
31.457
21.343
31.8
23.572
21.343
20.457
25.457
24.572
22.446
22.343
20.457
21.457
46.572
28.572
26.572
24.686
22.56
20.457
33.686
26.457
28.572
27.8
24.457
21.457
25.572
23.686
25.457
20.457
33.686
27.457
26.457
28.572
46.8
