26.572
22.343
23.686
22.572
21.457
28.572
29.457
23.686
21.56
23.686
26.572
29.686
24.343
26.572
24.343
23.686
22.68
20.457
23.697
26.457
31.155
24.343
23.457
23.457
22.572
23.457
27.457
22.457
27.457
21.343
23.457
27.457
24.343
25.686
24.343
29.457
26.686
24.343
25.572
24.457
24.457
21.457
24.343
23.686
22.572
24.572
24.343
23.457
24.343
27.572
23.457
22.457
21.457
21.343
24.343
21.343
29.457
20.457
24.343
23.457
23.572
22.457
22.343
21.343
22.572
23.572
22.572
26.457
27.686
26.457
24.343
22.457
26.457
24.343
23.457
21.343
30.686
21.343
24.686
21.457
22.343
21.457
24.572
24.572
20.457
21.457
25.8
21.343
27.572
21.343
21.343
20.457
29.457
20.457
22.572
27.572
21.457
24.343
23.457
22.572
22.343
24.343
23.572
22.572
31.8
21.343
28.572
22.572
22.457
23.686
27.457
23.686
23.457
24.343
23.686
22.343
21.343
22.577
21.343
21.343
30.572
21.343
22.572
29.457
24.343
24.577
23.571
21.343
22.572
21.343
27.457
24.343
23.457
27.686
24.343
21.457
22.457
26.686
23.686
28.572
24.343
21.343
23.572
21.457
26.686
24.343
22.572
21.343
23.457
24.686
21.572
27.572
22.343
22.572
21.566
24.343
21.572
26.572
22.457
21.343
25.572
29.457
27.457
22.343
24.343
21.457
23.457
21.457
22.343
23.457
21.457
20.457
24.572
22.343
21.572
21.343
24.343
28.572
26.686
22.572
24.457
27.686
27.457
24.343
20.457
24.343
27.457
24.343
29.457
23.572
22.572
20.457
26.457
21.343
24.343
20.457
22.343
23.8
29.686
28.572
24.343
21.343
24.457
22.343
21.457
30.686
28.572
24.343
21.343
24.343
21.343
24.572
21.343
23.686
20.457
24.343
22.343
28.8
21.343
24.343
27.8
22.572
27.457
24.686
22.572
22.343
29.457
28.572
24.572
22.572
20.457
24.343
21.343
21.343
23.697
22.457
30.686
21.572
22.457
23.686
22.572
21.457
28.572
22.457
21.343
28.572
22.343
26.686
22.343
21.348
24.697
24.457
24.343
24.343
22.572
21.572
20.457
21.343
20.457
29.8
22.572
22.343
22.343
21.457
29.457
24.812
21.572
27.457
24.343
21.572
21.343
21.457
28.572
28.8
24.572
26.686
21.343
29.8
24.915
26.686
29.457
23.572
26.457
21.343
24.343
24.343
21.457
28.8
24.343
21.457
23.457
21.343
26.457
24.457
23.572
24.343
24.457
23.457
21.343
20.457
24.343
22.343
28.686
31.8
24.343
22.343
23.686
24.686
23.8
22.343
22.572
24.926
22.343
22.572
20.457
24.572
21.343
24.343
26.686
22.343
22.457
21.572
21.343
27.572
29.457
22.572
28.572
24.343
26.697
28.572
24.343
27.457
26.457
24.343
22.457
21.343
27.572
25.686
27.457
24.343
23.457
23.457
29.457
24.343
24.572
22.572
23.457
27.686
24.457
26.572
24.572
21.457
24.572
22.457
22.572
27.457
29.8
24.343
28.572
28.686
22.572
27.457
22.457
22.343
28.572
25.572
31.8
29.457
24.572
22.343
22.572
21.457
27.457
22.343
21.343
24.577
28.686
27.457
22.572
23.457
22.572
24.572
23.457
21.343
29.457
21.343
26.457
24.343
24.343
21.457
24.343
22.572
22.572
21.572
22.457
21.457
27.572
26.457
24.343
22.572
20.457
25.572
21.572
20.566
28.915
26.686
22.343
22.457
24.343
22.343
21.572
22.343
23.572
22.572
23.457
22.343
22.457
22.457
24.343
26.686
22.572
24.572
21.343
27.572
20.457
23.457
20.457
31.8
26.686
29.8
22.343
26.686
28.572
24.343
22.572
30.686
22.572
29.457
27.686
27.457
22.457
24.343
21.343
28.572
21.457
24.343
35.031
22.343
26.8
22.343
24.686
24.343
27.457
24.572
24.343
23.572
21.343
23.572
27.457
23.457
22.343
24.343
27.686
22.343
23.577
21.343
23.457
21.457
25.686
21.343
24.343
24.343
22.343
21.343
22.566
26.572
24.686
21.343
21.572
22.572
24.343
22.343
24.343
23.457
23.572
22.572
22.572
21.343
24.343
23.572
22.343
20.457
22.343
24.343
21.343
21.572
21.343
24.343
22.572
24.343
24.343
21.343
22.572
28.806
26.686
22.572
21.343
24.343
22.343
24.572
33.8
29.457
23.572
21.343
27.457
21.343
21.343
26.457
24.572
20.457
20.457
24.343
21.343
20.457
21.572
24.572
24.343
22.343
20.457
22.343
21.343
24.343
29.686
21.457
23.686
22.572
21.457
27.457
27.457
22.457
21.572
22.572
33.8
22.343
24.572
21.343
24.343
22.572
32.686
29.686
24.343
21.457
24.343
21.457
24.343
21.343
30.686
27.457
24.343
22.572
21.343
22.572
21.457
20.457
20.457
21.457
26.457
24.343
24.926
21.572
27.686
20.457
28.572
28.572
27.572
25.572
22.572
22.343
26.686
29.8
24.457
22.343
24.343
29.457
21.572
24.457
21.343
22.572
21.457
29.457
29.457
27.686
22.457
20.457
24.343
21.457
24.457
21.343
22.343
29.457
22.457
28.572
23.457
21.457
21.343
24.343
22.457
21.457
23.686
22.457
22.343
21.343
26.457
24.457
22.457
27.457
24.343
22.343
28.572
26.457
25.8
21.343
24.343
25.572
24.343
21.572
25.577
23.572
29.686
26.572
24.343
28.572
27.457
23.572
22.457
20.457
29.686
28.572
27.457
24.343
23.572
22.457
21.457
30.686
23.686
24.457
22.343
24.343
22.343
21.343
21.457
27.457
30.915
24.343
21.457
27.457
22.572
27.457
24.572
28.572
24.457
21.457
20.457
24.457
23.457
27.457
21.343
22.572
22.343
24.343
23.572
22.572
27.457
20.457
23.457
26.457
24.457
20.457
24.343
21.572
24.457
21.343
21.343
29.457
22.343
22.343
29.686
24.572
23.572
22.457
29.457
26.457
22.457
22.457
29.457
22.343
20.457
28.572
23.572
21.343
29.457
23.572
24.686
21.457
24.686
24.686
24.343
20.457
24.343
21.457
27.686
27.686
23.457
21.457
24.343
29.457
23.457
21.343
24.686
21.572
22.572
26.686
23.572
22.566
21.343
25.572
24.572
21.343
23.457
21.343
26.572
23.457
22.572
24.457
21.343
27.457
23.572
22.457
27.686
22.343
21.343
29.457
25.572
21.572
26.686
21.343
20.457
26.572
22.577
22.457
29.457
27.457
24.343
23.457
23.572
21.457
20.457
24.343
29.8
26.457
24.686
21.343
24.457
20.457
24.343
23.572
22.68
24.8
27.686
28.572
24.343
24.343
22.343
27.686
22.343
24.686
27.457
23.457
22.457
21.572
20.457
24.457
22.457
21.457
29.686
23.457
21.343
26.457
24.343
23.572
24.343
22.343
23.577
21.343
22.343
23.572
28.572
21.457
24.343
26.686
23.457
28.686
20.457
27.572
24.343
22.457
22.343
28.572
26.457
25.686
24.343
24.343
26.686
23.457
22.343
26.8
22.457
24.572
27.686
22.572
24.343
20.457
28.8
23.457
22.572
21.343
20.457
21.457
24.457
26.457
28.8
20.457
23.686
27.457
27.572
21.572
21.343
24.343
20.457
27.457
28.692
20.457
21.457
23.457
27.457
21.343
29.686
23.457
21.343
21.457
22.457
27.572
22.572
21.457
26.572
24.457
25.686
22.343
24.343
24.572
20.457
24.343
21.343
24.457
20.457
28.572
22.572
21.457
21.343
27.457
24.572
22.572
22.572
22.457
21.457
21.462
21.457
21.343
21.343
21.343
25.915
24.343
20.457
23.457
22.343
20.457
21.343
21.457
20.457
23.457
22.572
29.457
23.572
23.457
23.457
26.572
23.572
21.343
26.457
23.572
29.457
21.343
20.457
28.686
24.343
22.572
21.343
22.343
27.457
21.343
27.457
21.343
26.572
24.446
21.457
21.343
33.8
22.343
21.343
27.457
27.457
23.572
23.572
21.457
23.572
22.343
24.686
30.8
21.343
20.457
24.343
26.8
26.457
24.343
23.457
24.343
27.686
26.686
21.343
24.343
27.457
20.457
23.457
27.686
28.572
26.457
24.457
21.343
27.457
24.572
24.343
30.572
21.572
29.526
20.457
24.343
26.915
21.343
27.457
22.343
28.572
24.343
20.457
27.457
23.572
22.343
21.343
29.686
23.572
22.457
21.343
20.457
29.457
29.457
24.343
24.572
23.457
21.457
22.343
22.457
21.572
20.457
27.457
21.457
20.457
24.343
24.343
27.915
24.343
22.572
24.343
28.686
22.572
27.686
24.343
22.343
22.572
26.572
28.572
29.457
