22.457
26.572
22.343
23.686
22.572
21.457
31.686
23.686
23.686
22.572
26.572
29.686
24.343
26.572
24.343
22.457
23.692
20.457
23.697
26.457
31.155
24.343
23.457
22.343
23.457
24.686
21.457
27.457
27.457
21.343
23.457
27.457
21.572
25.457
24.343
25.686
24.343
24.343
25.572
24.457
24.457
24.343
23.686
22.457
24.572
27.686
24.44
23.457
24.343
27.572
23.457
22.457
21.457
21.343
24.343
21.343
29.457
20.457
24.343
23.457
23.572
22.343
21.343
23.572
28.572
24.686
23.68
26.457
27.686
21.457
24.343
26.457
24.343
22.343
28.572
21.343
30.686
21.343
23.686
22.343
22.572
26.572
20.457
22.343
20.457
28.686
24.686
21.343
28.572
21.343
29.686
20.457
24.572
24.343
23.457
26.572
24.446
23.572
21.457
24.343
28.572
30.915
21.343
23.686
22.577
20.457
28.572
27.457
23.572
23.68
27.572
22.343
24.686
24.343
23.8
23.457
22.343
21.343
22.577
21.343
21.343
20.457
21.343
24.343
23.457
33.572
21.343
27.691
24.446
22.572
28.572
23.457
27.457
24.343
22.457
22.572
26.686
23.572
31.686
21.457
28.572
24.343
21.343
24.343
26.686
23.457
23.457
22.572
22.343
21.572
21.343
21.343
26.457
22.572
22.457
22.343
31.8
21.572
24.343
21.457
26.572
21.343
24.343
21.457
23.457
30.686
27.457
20.457
22.343
24.343
22.457
22.572
28.572
22.343
20.457
22.343
24.572
24.343
22.343
22.572
24.343
21.343
29.686
28.572
20.457
27.457
25.457
24.343
30.572
22.572
27.457
20.457
24.343
23.457
29.686
21.343
24.343
24.8
28.572
21.343
26.686
23.457
20.457
28.8
24.343
28.686
24.457
22.343
27.457
22.343
20.457
24.343
21.343
23.686
27.572
21.343
21.343
21.343
24.343
27.686
24.572
22.343
24.343
21.572
24.343
22.572
28.8
22.457
27.457
26.686
22.572
21.343
27.572
23.686
21.457
21.457
22.572
27.457
21.343
33.572
23.606
21.572
22.457
29.686
25.572
22.343
21.343
25.686
22.343
22.348
21.343
22.343
26.812
24.343
22.572
21.572
21.343
26.686
23.686
22.572
27.686
23.457
21.457
29.457
24.343
21.343
27.457
23.572
21.572
28.926
22.343
21.457
28.686
22.343
30.8
25.686
24.686
23.8
20.555
29.8
23.457
24.343
22.343
21.343
29.686
25.572
22.343
24.343
22.457
24.343
25.572
21.343
23.572
24.343
20.457
24.343
22.572
28.572
21.343
28.572
21.457
28.686
22.343
27.457
24.343
23.8
23.457
22.343
25.8
23.812
21.343
22.572
29.8
23.572
22.457
24.343
27.8
22.343
29.8
22.457
21.452
21.457
29.686
22.343
26.572
22.572
24.343
24.343
27.457
28.692
26.457
24.343
22.457
21.343
22.572
26.457
27.457
21.343
24.572
24.343
24.457
20.457
24.343
24.343
22.572
28.572
22.343
26.572
23.457
22.457
27.686
22.457
22.572
27.457
32.8
32.915
26.572
26.572
21.343
32.686
23.572
29.457
27.457
28.692
24.686
22.457
23.686
20.457
23.457
25.686
27.457
21.457
21.343
27.457
21.343
26.572
27.577
24.343
20.457
25.572
21.343
29.686
24.343
26.686
24.343
33.572
29.686
24.343
24.343
22.572
23.572
21.457
28.572
26.572
24.572
22.572
27.686
24.44
21.343
22.572
20.457
25.572
24.572
21.457
22.572
26.686
22.343
24.457
22.457
22.343
24.343
22.572
24.343
23.572
21.457
24.572
24.343
22.572
22.343
21.457
22.572
20.457
23.572
22.686
27.572
23.457
21.457
20.457
22.457
26.686
23.686
24.343
21.343
27.457
24.686
32.686
30.686
25.457
24.452
21.343
23.686
29.917
22.343
27.686
22.457
22.572
28.572
27.457
24.343
24.343
22.343
24.343
26.686
24.572
24.343
23.572
21.343
22.572
27.457
22.343
24.686
22.343
24.343
22.343
21.343
23.457
25.686
22.457
21.343
29.686
24.343
24.343
22.343
23.572
21.343
26.572
21.343
24.572
24.343
30.8
24.343
23.457
28.572
24.457
23.457
22.572
21.343
22.572
22.343
23.577
22.343
21.343
24.343
21.343
22.343
22.686
27.686
21.343
24.343
23.457
22.343
21.343
26.806
22.572
21.572
25.686
22.343
28.686
21.343
21.343
26.457
25.457
24.572
22.457
21.343
20.457
21.343
24.343
21.343
22.572
24.343
21.343
22.572
20.457
24.572
21.343
20.457
22.343
22.343
22.457
31.8
27.457
22.343
22.457
28.572
25.686
23.686
20.457
23.457
22.572
22.457
22.572
20.457
27.572
24.343
22.572
29.686
23.572
27.457
24.572
27.457
24.343
22.343
24.343
22.343
23.572
21.457
20.457
21.572
24.343
20.457
22.343
20.457
28.572
21.343
22.572
24.343
21.457
23.686
21.56
25.572
28.572
32.046
23.686
22.572
21.572
23.457
22.343
29.686
22.457
31.8
24.457
21.343
24.457
22.343
29.457
26.457
23.457
23.572
21.457
25.457
21.343
24.457
20.457
26.572
22.457
24.343
23.457
21.343
28.572
23.457
22.572
22.343
22.457
28.572
22.572
23.572
21.343
22.566
27.457
31.8
24.343
22.343
26.457
21.343
24.343
23.572
28.572
24.343
22.343
22.343
22.343
22.572
22.457
32.915
29.686
27.457
24.572
22.572
30.691
26.686
25.457
27.457
24.343
22.343
24.457
22.457
22.457
20.457
25.572
23.572
22.457
21.457
27.457
22.343
21.343
22.686
22.457
24.343
21.343
30.8
21.457
23.457
27.457
21.457
27.457
26.457
25.572
24.572
22.457
23.686
23.457
24.343
23.686
28.572
24.457
28.572
23.457
22.457
28.686
28.572
26.457
21.343
25.572
23.457
23.457
22.343
21.343
20.457
27.457
22.572
24.457
22.343
23.686
22.343
21.343
22.457
27.572
27.457
22.343
22.457
28.8
22.457
24.343
23.572
22.457
22.343
30.686
22.457
23.572
24.343
28.572
23.572
22.343
29.8
26.572
24.572
29.8
22.343
24.343
23.572
23.457
29.686
26.572
25.572
23.457
20.457
26.572
24.686
24.343
24.572
22.572
21.343
22.566
24.686
26.686
23.457
21.343
26.572
28.572
22.572
27.457
26.572
22.343
21.457
21.343
24.343
22.457
22.457
30.572
22.572
21.343
27.457
21.572
27.572
22.457
27.457
26.572
24.457
23.686
22.457
21.343
24.457
21.343
21.457
29.691
24.686
26.572
22.343
22.572
24.686
21.343
21.457
20.457
24.343
27.457
23.686
22.68
26.686
25.572
21.343
23.457
25.572
24.457
24.343
23.572
22.343
23.577
27.572
20.457
27.457
26.572
26.686
23.572
21.343
26.572
21.343
24.457
22.457
24.457
24.343
21.343
24.343
21.343
23.572
22.572
29.686
22.572
24.572
22.343
22.343
22.457
21.343
23.572
22.572
26.457
29.686
24.343
27.457
25.686
22.343
24.343
25.686
22.343
24.572
21.457
26.8
24.572
26.686
21.572
24.457
32.686
22.572
27.686
22.457
24.343
22.343
28.686
22.572
21.343
20.457
30.8
23.457
21.572
26.572
22.343
20.457
24.343
26.686
22.572
20.457
24.343
22.343
24.572
23.566
22.343
26.686
23.457
24.343
22.457
21.457
20.457
28.572
28.572
21.343
21.343
26.572
26.686
27.457
24.572
21.343
25.457
24.452
21.343
20.457
20.457
26.686
24.56
23.572
22.457
21.343
21.572
21.457
23.686
22.457
21.462
21.457
22.343
21.343
21.343
25.915
21.343
24.343
22.572
20.457
28.572
21.572
20.457
27.457
25.572
23.572
25.572
22.457
22.572
21.343
23.457
23.457
24.343
22.572
25.686
21.343
27.686
24.44
21.343
23.697
27.457
26.572
24.446
22.457
21.343
24.343
22.343
28.686
23.457
22.457
21.343
30.686
24.343
24.343
26.457
23.572
22.457
20.457
27.457
21.343
22.572
28.686
28.572
22.343
24.457
26.8
23.572
20.457
24.343
28.572
25.572
26.686
24.457
21.343
22.457
21.343
25.572
21.343
29.457
27.457
21.572
22.343
22.343
21.343
28.572
24.572
27.457
20.457
26.457
21.343
24.343
27.915
21.343
27.457
24.572
23.457
20.457
24.343
27.457
24.686
21.343
24.686
21.343
21.343
21.457
22.457
21.343
21.343
25.457
23.572
24.572
22.446
21.457
22.343
20.457
26.572
21.457
26.572
24.686
22.56
20.457
26.457
28.572
24.572
27.8
24.457
22.572
21.457
28.572
25.572
25.457
20.457
23.457
27.457
26.457
