22.343
22.572
26.572
24.446
22.343
21.457
22.572
21.566
21.457
21.572
22.572
21.457
23.457
24.343
22.343
23.572
22.572
22.343
27.04
22.572
22.343
24.697
22.343
22.343
21.343
21.343
22.572
21.343
23.457
22.457
21.343
23.457
22.343
21.572
24.343
26.686
24.343
21.343
24.343
25.572
22.343
21.457
24.343
24.686
23.457
22.572
21.343
24.343
24.343
22.343
24.343
23.457
22.457
21.457
24.343
22.343
21.343
21.457
20.457
24.343
22.457
22.457
24.343
22.572
24.343
22.343
23.577
22.572
22.572
21.343
24.343
25.572
22.343
21.343
22.457
24.343
22.343
24.697
21.457
24.343
21.343
21.457
20.457
24.572
22.343
22.572
20.457
24.343
22.343
24.343
25.572
21.343
20.457
25.572
22.572
21.566
21.343
21.457
20.457
24.686
23.457
22.343
24.343
22.572
24.343
22.343
23.577
22.343
21.572
23.572
22.566
21.343
24.686
22.686
24.343
22.343
22.343
24.343
23.572
24.343
22.343
20.457
24.343
24.343
22.577
21.571
24.343
22.572
22.343
22.343
21.343
23.572
21.343
21.343
21.457
21.457
26.572
24.686
22.457
23.572
24.343
22.457
24.572
21.343
20.457
24.343
22.572
24.343
21.343
22.572
20.457
22.343
21.343
24.343
22.572
21.566
21.343
21.457
22.343
20.457
23.572
22.457
21.343
21.343
22.343
23.457
21.457
21.343
21.572
21.457
24.343
28.572
22.343
20.457
24.572
24.343
22.343
24.572
22.572
22.343
22.343
23.572
24.343
22.343
24.343
22.343
22.343
24.343
22.572
24.343
23.572
21.343
22.572
21.343
22.572
25.572
22.343
21.343
24.8
22.675
21.343
22.457
25.572
21.343
21.343
24.343
21.457
24.343
21.343
24.343
25.572
22.572
24.343
21.343
20.457
24.572
24.343
21.343
24.343
22.343
24.572
22.446
22.343
21.343
20.457
23.572
21.457
22.343
24.572
22.572
25.572
24.343
23.457
21.343
22.572
21.343
22.572
21.457
21.572
22.457
23.572
22.572
21.566
24.343
22.457
22.343
21.343
26.686
24.343
21.348
21.343
24.697
22.343
21.343
22.572
20.457
24.686
22.572
22.343
21.343
20.457
20.457
22.343
22.343
21.343
21.457
21.457
24.812
21.572
24.343
21.572
22.343
26.686
23.457
22.686
21.343
22.572
24.343
26.686
21.343
24.343
23.8
22.343
22.572
21.343
26.572
24.446
22.343
22.343
23.457
21.457
21.457
24.343
21.343
22.343
21.457
22.343
22.343
21.457
24.572
23.457
21.343
21.343
21.457
24.343
22.343
21.343
24.343
23.572
22.572
22.572
24.686
22.572
24.343
24.686
21.572
24.343
23.572
21.343
24.572
22.343
21.343
24.343
21.343
20.457
23.572
21.343
22.343
22.572
22.343
23.577
21.343
22.343
24.343
22.343
21.457
24.343
24.343
22.343
22.343
21.343
25.572
22.343
22.343
21.343
24.343
22.686
22.457
22.572
22.343
22.457
24.343
23.572
22.572
21.457
24.343
25.572
21.457
22.572
21.457
22.686
22.343
22.343
22.457
21.343
25.572
23.457
23.572
23.572
22.566
20.457
24.343
22.343
24.343
22.462
21.457
24.572
21.343
24.343
25.572
24.343
22.572
24.343
23.457
22.572
24.572
22.446
21.343
26.572
24.446
22.343
22.343
24.343
22.457
22.457
22.572
22.572
21.457
25.572
22.343
22.572
21.572
21.343
21.457
23.572
20.457
24.686
23.457
23.457
22.343
24.343
22.457
21.343
24.343
22.572
20.457
24.343
23.572
22.457
24.343
22.572
21.457
24.343
22.572
25.572
21.343
25.572
24.572
23.686
21.457
21.572
24.572
21.457
21.572
21.343
25.572
22.343
20.457
25.572
24.343
21.343
20.457
20.457
24.343
26.8
21.343
22.572
24.343
22.343
21.457
22.343
23.577
21.343
22.572
24.343
24.343
22.343
24.572
22.446
22.572
23.572
24.343
23.572
21.343
21.343
24.343
21.343
22.572
20.457
21.457
25.572
24.343
22.343
24.343
22.343
21.572
21.343
21.457
21.457
22.343
21.457
24.343
21.343
23.572
22.343
21.343
21.343
20.457
23.572
23.572
24.343
22.343
23.577
22.343
21.343
21.343
22.572
24.343
21.343
22.686
20.457
22.348
22.343
22.572
22.343
21.343
24.572
21.457
22.572
26.686
22.343
22.343
24.343
22.343
24.572
24.343
23.572
20.457
24.343
21.343
24.343
22.343
20.457
24.343
22.572
22.343
22.572
22.572
20.457
24.572
22.446
21.343
21.343
21.572
21.343
24.343
21.343
24.343
22.457
21.457
26.686
21.457
23.572
23.572
21.457
25.572
20.457
24.343
21.343
23.572
21.343
28.572
22.457
22.343
22.343
21.343
20.457
25.572
21.343
22.572
24.343
21.343
22.572
22.343
21.457
24.572
21.572
20.457
21.343
24.343
21.457
21.457
22.572
26.572
23.572
21.457
26.572
24.572
20.457
22.572
21.572
25.572
21.343
21.343
21.343
26.572
22.343
21.343
21.343
24.343
24.343
22.343
21.457
21.343
21.343
21.457
28.572
25.572
22.343
22.572
22.457
21.457
24.343
22.343
21.343
23.572
21.343
23.457
21.572
22.457
21.457
20.457
24.343
21.457
22.343
22.343
22.343
21.343
24.343
22.343
22.457
24.343
24.343
22.348
24.343
25.572
21.343
22.572
24.572
21.343
20.457
24.572
20.457
23.572
23.572
22.343
24.343
22.457
22.343
24.343
22.343
22.572
22.457
22.457
22.343
21.457
21.457
22.457
22.572
22.457
22.343
22.343
22.343
24.697
22.343
21.343
22.457
21.343
24.343
22.343
20.457
22.572
23.457
22.343
21.343
25.572
21.343
24.343
22.457
23.457
22.457
21.343
22.343
24.343
22.343
21.457
21.343
24.686
21.343
24.343
21.343
24.572
24.343
22.343
23.457
22.572
26.572
22.343
21.343
21.343
24.343
21.343
23.572
21.343
22.572
22.343
21.457
21.343
21.457
24.343
22.457
21.457
24.343
23.572
21.343
23.572
23.572
23.572
23.572
21.343
22.566
21.457
23.572
22.343
21.572
24.343
22.457
22.572
22.457
24.343
21.343
20.457
23.572
24.806
23.572
22.566
22.457
21.343
24.343
20.457
23.572
26.686
23.572
21.343
21.457
24.343
22.343
22.572
22.343
22.343
21.457
21.343
21.457
24.686
22.572
24.343
25.572
21.457
24.343
24.343
22.686
24.348
22.457
22.457
22.343
20.457
24.343
23.457
22.343
22.572
20.457
24.343
21.457
24.343
22.343
21.343
24.343
22.572
24.572
22.572
21.572
24.343
23.457
22.343
24.572
21.343
21.343
24.343
21.457
21.343
22.572
24.343
22.457
22.343
21.457
21.457
23.457
22.457
21.343
21.343
21.343
21.343
23.572
22.457
21.343
24.343
22.343
23.572
24.343
23.572
22.457
21.343
24.572
22.343
21.457
20.457
20.457
24.343
22.457
24.343
22.343
24.343
24.572
24.343
26.686
24.343
22.343
24.343
21.572
24.572
22.572
21.457
22.343
20.457
26.686
23.572
23.572
22.572
22.343
21.343
20.457
24.343
22.457
22.343
21.572
20.457
24.343
21.343
24.343
26.686
21.572
24.572
24.343
22.343
22.572
23.457
25.572
23.457
22.343
22.343
25.572
21.457
24.343
22.457
21.457
20.457
22.457
24.572
24.343
22.343
24.343
22.343
24.572
20.457
24.343
21.343
24.343
21.343
23.572
25.572
22.457
24.572
21.572
20.457
24.343
21.462
21.457
21.457
21.343
26.572
24.343
25.915
22.343
21.343
24.343
22.572
24.343
22.572
24.343
22.343
21.457
20.457
23.457
22.572
22.457
23.457
22.343
22.343
28.572
23.572
22.572
22.572
22.343
28.572
20.457
24.343
22.572
24.343
21.343
21.343
21.343
21.457
24.343
26.686
21.343
24.343
22.343
21.343
21.457
22.343
22.343
22.343
22.572
24.343
21.457
21.457
20.457
26.686
21.343
22.572
24.343
22.343
24.343
26.686
22.343
20.457
26.572
21.343
26.572
24.572
21.343
20.457
24.343
21.343
22.457
21.343
21.343
20.457
22.343
22.343
21.343
21.343
24.343
21.343
24.572
21.343
21.343
21.343
22.572
20.457
26.8
22.343
22.343
22.343
22.572
24.343
22.572
21.572
21.343
21.457
24.343
24.343
21.457
21.343
24.343
20.457
24.343
23.572
24.572
22.446
22.457
22.343
21.457
21.572
23.572
21.457
24.686
21.343
20.457
24.343
21.343
21.343
26.686
25.572
22.343
23.577
22.572
21.457
21.343
21.343
