22.343
23.686
27.686
25.572
22.572
21.457
31.686
23.686
22.572
29.686
28.8
26.572
24.343
22.457
23.692
33.686
20.457
31.457
26.457
22.343
24.343
32.269
26.812
23.457
23.457
24.686
27.457
27.457
28.572
25.457
34.572
24.343
25.686
26.686
24.343
26.686
24.457
24.457
24.343
23.686
22.572
24.572
23.572
42.572
23.457
43.572
26.457
23.457
22.457
21.457
21.343
24.343
43.457
21.343
31.457
20.457
24.343
23.457
22.457
22.343
21.343
36.572
26.572
43.457
22.572
24.686
24.686
23.68
27.572
26.457
24.343
22.343
28.572
22.572
30.686
21.343
26.572
24.457
22.343
31.457
22.572
26.572
22.343
21.572
20.457
28.686
24.686
21.343
28.572
21.343
29.686
20.457
24.343
27.686
24.343
22.457
21.457
28.572
24.343
28.572
21.343
23.686
32.915
28.572
21.572
27.457
25.692
23.572
22.566
26.457
22.343
42.572
24.686
24.343
23.8
23.457
22.343
22.577
21.343
24.457
20.457
24.457
24.343
22.577
24.457
32.572
23.457
21.343
22.572
26.572
21.457
27.457
31.457
22.457
22.572
26.686
31.686
30.572
24.686
21.457
24.343
21.343
26.686
22.343
20.457
23.457
21.343
43.457
29.686
26.457
24.457
22.343
31.8
20.457
23.686
29.686
28.686
26.572
43.457
42.572
21.457
24.457
31.457
28.572
28.572
20.457
22.343
26.572
22.457
30.572
22.343
20.457
22.343
31.457
24.572
22.572
24.343
22.343
43.457
34.8
24.343
25.686
23.457
21.343
31.572
21.572
22.572
22.572
20.457
24.343
32.572
21.343
20.457
34.572
28.572
25.915
23.572
26.686
23.457
31.457
46.572
24.343
43.457
22.343
23.572
25.572
22.343
42.572
20.457
22.572
21.343
27.572
21.343
21.343
24.343
43.572
24.572
22.343
29.686
21.572
24.343
23.686
22.572
46.572
43.457
22.457
21.457
26.686
28.572
23.686
21.457
24.457
43.572
22.572
43.457
34.686
21.36
26.572
33.572
23.572
21.572
27.686
22.457
25.572
22.343
21.343
22.343
22.348
21.343
30.8
22.343
26.812
21.572
46.572
24.457
22.572
29.686
23.457
29.457
24.343
21.343
28.8
21.572
26.572
43.457
28.926
22.343
21.457
22.686
26.686
45.8
22.343
30.8
25.686
46.8
22.343
35.8
20.457
24.915
28.8
24.343
22.343
46.572
24.457
22.343
35.915
25.572
23.572
21.343
23.572
32.686
21.457
24.343
23.572
22.572
28.572
21.457
24.457
22.343
31.457
24.343
43.457
22.686
43.457
22.686
24.686
22.343
21.343
28.572
23.686
20.457
28.926
24.686
24.343
27.8
22.343
47.8
21.343
25.457
21.457
46.572
21.457
30.8
23.457
29.457
24.343
27.686
24.343
27.457
26.457
24.343
21.343
26.457
24.572
35.8
21.572
24.343
22.343
32.572
34.572
34.8
22.572
22.343
26.686
22.572
28.572
31.457
22.457
28.572
23.572
22.572
28.8
21.457
32.8
43.572
28.572
43.457
27.686
22.457
21.343
34.572
23.572
22.457
28.572
26.686
22.343
21.572
21.457
21.457
21.343
44.686
22.572
27.577
25.457
24.452
22.572
20.457
47.8
39.915
26.686
21.343
24.343
46.572
22.572
46.572
33.8
23.572
21.457
28.572
43.572
31.457
31.457
28.572
22.572
27.686
24.343
21.343
22.572
20.457
25.572
21.457
43.457
21.457
22.343
24.457
22.457
24.343
22.572
33.8
24.343
43.686
23.572
21.457
28.572
24.343
22.572
22.343
28.572
43.686
20.457
22.572
20.457
28.572
22.343
21.457
21.572
27.8
22.457
22.572
21.343
28.686
33.8
24.686
22.572
24.343
21.343
46.686
23.686
29.917
22.343
26.572
23.572
22.572
20.457
24.343
43.457
22.343
24.343
46.572
34.572
25.686
31.457
24.343
23.572
21.343
22.572
49.8
44.572
22.343
23.577
22.343
24.343
22.343
35.686
21.343
25.686
22.457
29.686
24.343
24.343
30.572
23.457
23.572
26.572
21.457
22.343
30.8
24.343
28.572
22.572
21.343
43.572
22.343
24.692
22.343
21.343
30.572
24.343
29.686
21.343
43.572
22.343
43.572
22.686
21.343
43.457
23.457
22.343
43.686
26.806
20.457
22.572
24.457
22.343
28.8
24.457
21.343
25.572
24.572
22.457
21.343
35.8
20.457
46.8
43.457
21.343
24.343
32.686
24.457
22.572
24.343
22.572
20.457
24.457
24.572
21.343
20.457
22.343
31.8
28.572
25.457
23.457
25.686
20.457
22.572
22.457
28.8
35.686
22.572
20.457
30.572
24.343
34.572
27.686
23.572
47.686
34.686
20.457
29.686
22.343
24.343
23.457
20.457
20.457
34.572
22.343
20.457
28.572
28.572
23.572
21.343
22.572
24.343
21.457
46.572
22.572
43.457
46.8
25.572
22.572
28.572
32.046
25.8
22.572
28.572
43.457
27.686
23.457
22.343
26.686
25.457
25.457
24.457
21.343
24.457
22.343
26.457
23.457
22.457
23.572
22.572
20.457
23.457
24.343
23.572
28.572
22.343
21.343
21.457
22.572
22.343
30.572
22.457
22.572
22.572
43.572
22.457
21.343
27.457
43.572
31.8
22.343
26.457
22.457
21.343
24.343
28.572
22.343
31.457
22.343
22.343
30.915
23.572
30.8
28.8
25.572
22.572
25.572
24.343
22.343
24.457
22.457
43.457
22.457
21.572
34.572
22.457
22.457
21.457
22.343
46.572
21.343
22.686
43.686
22.457
49.806
21.343
35.686
30.8
21.457
24.457
27.457
31.457
44.686
22.572
27.572
25.572
28.572
23.457
24.343
23.457
22.572
30.8
29.457
26.572
22.343
24.457
22.343
22.457
29.8
26.457
22.343
21.343
46.572
23.457
21.343
20.457
27.457
22.572
32.686
24.457
28.572
22.343
23.686
22.343
21.343
23.686
26.457
22.457
27.457
22.343
22.457
22.457
28.572
22.457
23.457
21.572
23.572
23.572
23.572
23.572
21.457
23.572
22.343
22.572
31.457
24.343
23.457
21.457
43.457
23.572
44.572
23.457
21.457
32.686
23.572
20.457
24.343
24.572
23.686
23.572
21.343
30.572
23.68
21.457
21.343
28.572
43.572
31.8
27.457
26.572
24.457
22.343
21.457
21.343
23.572
29.686
22.572
21.343
31.537
20.457
27.457
28.692
42.572
22.457
27.457
22.572
28.572
24.457
21.343
23.572
34.686
24.457
21.343
29.691
24.686
26.572
23.457
22.572
23.572
28.572
21.457
24.343
24.457
26.686
24.56
23.686
22.68
26.686
21.343
26.686
23.572
28.572
21.457
28.572
20.457
26.457
23.572
23.457
21.457
27.457
31.457
46.572
22.457
21.343
24.457
24.457
22.457
24.457
24.343
21.343
33.8
24.343
22.457
24.457
22.572
23.457
22.343
27.686
22.457
34.8
21.343
22.457
22.572
26.457
29.686
25.686
22.343
28.572
24.343
25.686
22.343
20.457
31.457
46.8
26.8
24.572
23.457
22.572
28.572
24.686
23.686
24.343
22.343
21.457
21.343
20.457
43.8
20.457
29.457
24.457
43.686
29.686
22.343
36.915
20.457
24.343
27.8
20.457
24.343
22.343
43.686
24.572
28.8
25.572
23.457
22.343
21.457
24.343
22.457
20.457
21.343
21.343
26.572
35.686
24.572
21.343
42.572
33.686
21.343
31.8
20.457
29.457
26.686
24.56
35.686
23.572
22.457
21.343
31.537
26.686
22.572
21.457
22.457
22.577
28.686
22.343
23.457
21.343
25.915
28.572
21.343
20.457
24.457
21.572
20.457
28.8
23.572
25.572
22.457
23.457
24.457
35.686
27.686
43.572
22.572
43.457
25.686
21.343
31.457
23.732
27.457
29.686
24.457
26.572
24.446
31.457
24.572
22.457
24.343
22.343
28.686
24.457
22.343
42.572
22.457
21.343
26.457
23.572
22.457
21.457
20.457
21.343
22.572
23.457
22.343
20.457
34.572
43.457
24.343
28.572
25.572
43.457
33.915
26.686
26.686
24.457
21.343
22.457
21.343
25.572
21.343
27.457
47.8
22.343
22.343
21.343
25.686
27.457
20.457
26.457
21.343
24.343
44.572
35.686
27.915
21.343
27.457
24.572
22.343
20.457
24.343
43.8
27.457
24.686
23.572
21.343
21.343
21.343
22.457
21.343
21.343
20.457
25.457
28.572
24.572
22.446
21.457
20.457
23.457
21.457
26.572
24.686
22.56
20.457
33.686
26.457
28.572
24.572
27.8
24.457
21.457
28.572
25.572
23.686
20.457
23.457
26.457
32.572
46.572
