22.343
23.686
27.686
25.572
22.572
21.457
31.686
23.686
22.572
26.572
29.686
28.8
24.435
26.572
22.457
23.692
20.457
23.697
26.457
22.343
24.343
32.269
31.457
23.457
23.457
24.686
27.457
27.457
21.343
27.457
28.572
25.457
24.343
28.8
26.686
24.343
26.686
24.457
31.457
24.343
23.686
22.572
24.572
23.572
42.572
23.457
26.457
24.343
23.457
22.457
21.457
21.343
24.343
21.343
29.457
20.457
24.343
43.572
22.457
22.343
21.343
26.572
43.457
23.572
22.572
30.572
23.572
26.457
25.8
21.457
24.343
22.343
27.572
21.343
22.572
30.686
21.343
21.457
22.343
33.686
31.457
22.572
20.457
28.686
23.457
24.692
21.343
28.572
23.572
28.572
24.457
21.572
24.572
24.343
24.343
22.457
21.457
28.572
30.572
30.915
23.686
22.577
20.457
29.686
27.457
24.457
31.457
22.566
26.457
35.686
24.686
22.343
24.686
23.8
23.457
22.343
21.343
21.343
25.692
20.457
24.457
22.577
32.572
23.457
21.343
24.343
31.457
22.612
26.572
43.457
23.457
21.457
24.343
28.572
22.457
22.572
26.686
23.572
31.686
43.572
21.343
24.343
26.686
23.457
28.572
20.457
21.343
28.572
27.686
21.343
26.457
28.572
22.457
31.8
23.457
20.457
43.457
23.686
21.457
29.686
28.572
21.343
24.343
21.457
23.457
31.457
27.457
22.343
26.572
22.457
22.572
22.343
20.457
26.686
22.343
24.572
22.572
24.343
22.343
25.686
23.457
21.343
43.457
20.457
28.572
24.343
22.572
27.457
23.686
20.457
24.343
32.572
20.457
43.572
24.8
24.457
29.686
43.457
22.457
24.457
26.686
23.457
31.457
20.457
25.572
27.457
22.343
42.572
20.457
24.343
31.457
22.572
28.572
27.572
21.343
24.457
21.343
22.572
24.343
24.572
24.457
22.343
24.343
21.572
22.572
28.8
22.457
31.457
21.457
27.457
26.686
27.572
23.686
21.457
24.457
22.572
27.457
33.572
23.572
21.572
28.572
27.686
22.457
25.572
22.343
21.343
22.343
22.348
30.8
22.343
24.457
26.812
24.343
22.572
21.343
26.686
43.572
22.572
22.572
28.686
22.343
28.8
21.457
29.457
21.343
27.457
21.572
23.572
21.572
28.926
21.457
23.457
22.343
30.8
27.8
22.343
23.8
28.8
21.572
24.343
43.457
30.8
22.343
21.343
30.8
25.572
22.343
24.343
24.343
25.572
23.572
23.457
20.457
26.572
30.686
22.572
21.343
31.457
21.457
28.686
22.343
27.457
22.686
22.686
24.686
22.343
23.812
43.572
21.343
28.572
23.686
43.457
24.343
27.8
22.343
29.8
21.343
25.457
43.457
21.457
30.8
23.457
26.572
22.572
29.457
24.343
23.572
27.457
26.457
24.343
42.686
21.343
22.572
26.457
25.457
27.457
24.572
21.572
24.343
24.457
22.343
24.343
21.457
24.343
22.343
26.686
43.457
27.686
22.457
22.457
30.572
29.686
27.457
28.8
21.457
32.8
28.572
22.457
26.572
28.8
22.457
21.343
23.572
28.686
22.457
28.572
26.686
20.457
21.457
27.457
28.572
27.566
32.8
27.686
24.457
22.572
27.577
25.457
22.572
25.572
21.343
24.343
26.686
31.457
24.343
24.343
22.572
43.572
23.572
21.457
28.572
24.572
28.572
22.572
27.686
24.343
21.343
22.572
42.686
20.457
25.572
24.572
21.457
21.457
43.457
26.686
22.343
24.457
22.457
22.343
22.572
24.343
24.686
21.457
31.457
22.572
22.343
28.572
20.457
22.572
20.457
31.457
28.572
27.572
22.343
21.457
20.457
27.8
23.572
22.572
24.343
21.343
28.686
33.8
27.457
22.572
30.686
25.457
24.452
22.572
21.457
29.917
31.8
22.457
23.686
20.457
28.572
27.566
24.343
24.343
22.343
24.572
21.343
22.572
24.686
27.457
31.457
22.343
23.577
43.572
22.343
24.343
22.343
24.572
23.457
21.343
24.457
23.572
29.686
24.343
22.343
43.457
21.343
24.686
21.343
27.686
31.457
24.343
22.343
30.8
26.572
24.446
24.572
22.572
21.343
22.572
22.343
23.577
35.686
22.343
21.343
30.572
21.343
22.343
22.686
27.686
21.343
31.537
23.457
22.343
26.806
20.457
22.572
24.457
25.686
22.343
28.686
21.343
22.457
21.343
26.457
22.457
21.343
25.686
20.457
43.457
21.343
21.343
22.572
24.343
21.343
22.572
31.457
20.457
24.572
20.457
24.457
22.343
23.457
31.8
27.457
22.343
25.457
28.572
23.686
22.572
28.8
23.572
29.457
22.572
22.572
20.457
27.572
24.343
22.572
28.686
23.572
20.457
28.572
27.566
24.343
22.343
27.686
22.343
42.572
21.457
20.457
20.457
24.343
31.457
20.457
20.457
23.457
28.572
21.343
22.572
24.343
21.457
22.572
21.457
21.457
22.686
30.04
25.572
22.572
20.457
22.572
27.686
22.343
25.457
25.457
24.457
21.343
30.572
24.457
26.457
23.457
23.572
21.457
25.572
28.572
20.457
22.343
22.457
24.343
28.572
23.457
22.343
21.457
24.457
23.457
26.572
22.457
43.572
21.343
27.457
43.572
31.8
28.8
22.343
29.686
28.686
26.457
22.457
24.343
28.572
24.457
22.343
22.343
22.343
31.457
22.572
22.457
32.915
29.686
27.457
24.572
43.457
22.457
25.572
22.572
30.691
27.457
22.343
24.457
23.572
23.572
21.572
25.572
22.457
22.457
21.457
27.457
22.343
21.343
22.686
28.8
21.343
43.457
25.572
24.457
27.457
31.457
26.572
22.572
28.572
27.572
25.572
24.572
22.343
28.572
21.457
23.457
22.572
29.457
22.343
25.572
23.457
31.457
26.457
22.343
21.343
25.572
28.686
23.457
22.343
21.343
34.915
20.457
27.457
22.572
24.457
22.343
23.686
22.343
21.343
23.686
26.457
22.457
27.457
23.457
22.457
22.457
28.572
25.457
22.343
23.572
22.457
21.572
23.572
31.457
24.343
23.572
23.572
21.457
23.572
23.457
24.343
23.457
23.572
23.457
29.686
32.686
23.457
28.572
23.572
20.457
24.343
28.572
24.572
22.572
31.572
23.572
21.343
22.566
26.686
26.572
29.686
24.457
27.457
26.572
24.457
21.457
23.457
24.343
22.457
22.457
29.686
22.572
21.457
27.457
21.572
42.572
27.572
24.457
22.457
27.457
24.457
22.577
22.457
21.343
28.8
24.457
21.343
43.572
24.686
26.572
22.343
22.572
26.572
23.572
20.457
24.343
22.572
24.457
27.457
24.457
23.686
26.686
23.795
22.343
21.343
25.572
23.457
24.343
24.686
21.457
20.457
26.457
22.343
24.686
21.457
27.457
21.572
22.457
21.343
24.457
22.457
24.457
21.343
24.343
21.343
23.572
27.686
31.457
22.612
22.343
27.686
23.457
22.457
27.686
22.572
21.343
43.572
22.457
22.572
26.457
27.457
25.686
21.572
24.343
25.686
22.343
20.457
31.457
28.572
24.572
23.457
31.686
28.572
22.572
33.915
27.686
24.343
22.343
28.686
22.572
21.566
31.686
20.457
20.457
24.457
24.457
22.343
34.572
26.686
22.572
20.457
24.343
22.343
26.686
43.8
24.572
31.457
22.343
25.572
22.343
21.457
30.572
28.572
23.572
21.572
26.572
21.343
24.457
28.572
24.572
21.343
28.572
21.343
20.457
33.8
20.457
26.686
24.56
43.457
23.572
22.457
21.343
21.572
34.572
22.572
21.462
21.457
22.343
28.572
21.343
28.686
43.457
23.457
25.915
21.343
24.457
24.343
22.572
20.457
21.572
20.457
25.572
23.572
28.572
25.572
22.457
24.457
23.457
24.343
22.572
29.686
22.572
25.686
30.572
21.343
21.343
23.697
28.572
24.343
27.686
22.457
24.343
22.343
28.686
24.457
22.457
21.343
24.343
31.686
28.572
43.457
26.457
23.572
22.457
21.457
20.457
27.457
21.343
31.457
28.686
22.343
20.457
26.8
29.686
20.457
28.572
24.343
28.572
25.572
25.457
24.457
21.343
22.457
25.572
21.343
27.457
21.572
31.8
22.343
22.343
28.572
24.572
24.457
27.457
20.457
26.457
21.343
24.343
27.915
21.343
27.457
24.572
43.572
23.526
20.457
24.343
27.457
24.686
23.572
21.343
21.343
21.343
21.457
21.343
23.572
20.457
25.457
24.457
24.572
22.446
22.343
20.457
26.572
21.457
28.572
24.686
22.56
20.457
28.572
27.572
28.572
26.686
24.457
22.572
28.572
27.686
25.572
25.457
20.457
28.572
27.457
26.457
30.572
