21.457
22.343
20.457
22.343
22.343
21.457
20.457
21.457
20.457
22.457
22.572
22.457
21.457
22.343
22.343
23.577
23.572
23.572
22.566
22.343
22.343
20.457
23.572
22.343
22.343
22.343
22.343
22.343
22.343
22.572
21.566
22.343
22.457
21.457
22.343
22.343
22.343
22.572
22.343
26.572
22.343
22.343
22.343
22.343
26.572
23.572
22.566
21.56
21.457
22.457
22.343
22.343
22.343
22.343
22.343
21.457
22.457
22.343
21.457
22.343
22.343
22.343
21.457
21.457
22.457
22.457
22.343
22.343
23.572
22.343
23.577
22.572
23.572
22.343
22.343
22.343
26.572
22.343
20.457
22.343
23.686
22.572
21.566
22.343
20.457
22.457
22.457
26.572
22.572
20.457
22.343
21.457
22.343
22.343
20.457
22.343
22.457
21.457
26.572
22.343
23.577
22.457
22.343
22.343
21.457
22.343
22.343
22.572
22.343
23.577
23.572
22.566
22.343
22.343
23.577
22.457
22.343
22.572
21.566
22.343
22.343
24.697
22.343
22.343
22.572
22.348
23.572
22.566
22.343
20.457
22.343
22.343
22.457
22.343
22.457
22.343
23.572
22.457
22.343
22.343
26.572
23.572
22.572
22.343
22.343
23.577
22.343
26.572
22.343
22.457
22.457
21.457
22.343
22.343
22.343
22.343
22.343
21.457
21.457
22.343
21.457
20.457
22.343
21.457
22.572
22.343
20.457
22.343
22.343
20.457
22.343
22.343
22.457
22.457
26.572
22.343
22.343
21.457
22.343
22.457
22.343
26.572
22.343
21.457
23.572
22.343
22.343
22.343
26.572
22.343
21.457
22.572
20.457
22.343
23.577
20.457
22.343
22.343
22.572
22.343
21.457
22.572
22.343
22.457
22.343
26.572
22.457
22.343
22.343
22.343
26.572
22.343
22.343
23.572
22.343
22.343
24.697
22.343
22.343
22.343
22.343
22.343
20.457
26.572
22.457
22.343
21.457
22.457
20.457
26.572
23.572
21.457
26.572
22.343
22.343
21.457
26.572
22.457
22.457
20.457
22.343
22.572
22.457
22.343
22.343
26.572
22.343
22.343
20.457
22.343
22.348
22.343
22.343
22.343
23.577
22.457
20.457
22.343
20.457
22.343
22.572
22.457
22.343
21.457
22.343
21.457
20.457
22.572
22.572
22.343
22.343
21.457
22.343
22.343
22.457
22.343
20.457
22.343
22.457
22.572
22.343
26.572
22.343
22.457
26.572
22.457
21.457
20.457
22.572
20.457
22.343
20.457
22.343
22.572
21.566
22.457
24.686
22.343
23.577
20.457
22.343
23.577
22.343
20.457
23.686
22.343
21.457
22.343
24.686
26.572
22.343
23.577
23.572
22.343
23.577
22.572
21.457
22.343
26.572
22.343
22.343
26.572
22.343
21.457
23.572
22.343
22.343
23.572
22.566
22.343
22.343
22.343
22.343
22.343
22.343
22.343
22.343
23.577
22.343
22.343
22.343
26.572
22.343
22.343
22.343
22.343
22.572
22.343
22.343
22.343
22.343
23.577
22.343
22.343
22.457
21.457
26.572
21.457
22.457
22.343
22.343
22.457
22.343
26.572
22.343
22.343
22.572
22.343
23.686
22.343
22.572
22.343
22.343
21.457
22.343
22.348
22.572
22.343
22.457
22.343
23.577
22.343
22.343
22.457
22.343
22.343
22.343
22.343
21.457
22.343
20.457
22.457
22.343
22.343
21.457
22.343
22.572
21.566
20.457
20.457
23.572
21.457
23.686
21.56
22.343
22.457
22.343
23.577
22.343
22.343
21.457
22.343
22.343
22.343
22.457
26.572
22.343
22.457
21.457
22.343
23.572
20.457
22.457
20.457
26.572
22.343
22.457
26.572
23.572
26.572
22.343
22.343
26.572
22.343
26.572
22.343
22.343
21.457
20.457
26.572
21.457
22.343
22.343
23.577
22.343
22.457
22.457
22.343
20.457
22.343
22.343
22.343
22.343
22.343
26.572
23.572
23.572
22.566
22.343
22.343
22.343
20.457
22.343
22.343
26.572
22.343
23.577
26.572
22.457
22.572
22.343
21.457
22.343
21.457
22.343
22.343
22.343
22.457
22.457
22.343
22.572
22.343
22.457
22.457
21.457
22.343
22.343
21.457
22.343
22.343
22.343
23.577
22.343
22.343
22.343
22.572
21.566
21.457
20.457
22.343
20.457
21.457
22.343
26.577
22.343
22.343
22.343
22.343
22.343
22.343
23.577
26.572
22.343
22.343
23.577
22.343
22.343
23.577
22.343
23.686
22.343
21.457
22.343
22.343
22.343
20.457
22.343
22.343
22.343
20.457
22.343
20.457
26.572
22.343
21.457
20.457
23.572
20.457
22.457
22.457
26.572
21.457
23.572
22.343
26.572
23.572
22.343
22.343
20.457
22.343
26.572
22.343
22.343
22.343
22.343
22.343
22.343
22.343
20.457
22.343
21.457
22.343
22.572
22.343
22.572
22.572
22.343
22.343
23.577
22.457
20.457
22.343
21.457
22.343
23.577
22.343
22.343
22.343
23.577
22.343
22.457
22.343
22.343
26.572
23.686
22.343
23.577
21.457
22.343
22.343
23.577
21.457
22.343
22.457
21.457
22.343
22.343
20.457
22.572
22.343
21.457
22.343
20.457
22.457
20.457
22.457
22.343
22.343
22.343
22.343
22.343
22.343
22.457
22.343
22.343
22.343
22.343
26.572
22.457
22.343
20.457
22.343
26.572
22.572
20.462
22.343
24.697
22.457
22.343
22.343
22.343
22.457
22.457
22.457
20.457
22.343
22.572
22.457
22.457
22.457
20.457
22.343
22.343
22.343
22.343
22.343
22.343
22.343
22.457
22.343
22.343
20.457
23.572
20.457
22.343
22.343
26.572
22.343
24.686
22.343
23.577
22.343
22.343
21.457
22.457
22.457
22.343
22.457
22.343
22.457
22.343
22.343
21.457
22.343
23.572
22.566
22.343
26.572
22.343
22.343
21.457
22.343
22.457
22.343
22.343
22.457
22.343
22.343
22.572
22.457
22.343
22.457
21.457
22.457
22.343
22.572
22.457
22.457
22.457
22.343
21.457
22.457
22.343
22.343
21.457
22.457
21.457
22.343
20.457
22.457
22.343
23.577
20.457
23.572
21.457
26.572
23.572
22.343
22.343
20.457
26.572
22.343
23.577
22.343
22.343
22.457
20.457
22.343
22.343
22.343
23.572
22.566
22.343
22.457
22.343
22.343
23.577
26.572
22.343
22.343
22.343
21.457
23.572
22.343
23.577
22.343
22.457
20.457
22.343
22.343
22.348
22.457
22.343
21.457
20.457
22.343
20.457
22.343
23.577
22.457
22.457
22.343
22.343
22.343
22.343
22.343
22.572
22.343
22.457
21.457
21.457
23.572
22.457
26.572
22.457
21.457
22.457
22.343
22.343
22.343
22.343
22.343
23.577
22.457
22.343
22.343
22.343
23.577
23.572
22.457
22.343
22.343
20.457
26.572
23.572
22.343
22.457
22.343
22.457
22.343
22.343
21.457
22.343
22.343
26.572
22.343
22.343
21.457
21.457
26.572
22.343
22.343
22.457
26.572
23.572
23.686
22.343
23.577
22.343
22.343
21.457
22.343
23.577
22.343
21.457
20.457
22.343
20.457
22.343
26.572
22.343
22.343
22.343
21.457
21.457
22.343
22.343
20.457
22.457
22.343
22.457
22.343
20.457
22.457
22.457
22.343
22.343
22.343
22.343
22.343
22.343
24.686
23.68
22.675
22.343
22.343
20.457
22.457
22.343
20.457
26.572
22.343
21.457
22.457
22.457
21.457
22.457
22.457
22.343
22.343
22.343
23.577
22.343
22.343
20.462
22.343
20.457
22.343
22.343
21.457
22.457
21.457
21.457
22.457
21.457
21.457
20.457
22.343
22.343
22.457
22.457
22.457
22.343
22.343
22.343
20.457
22.572
22.343
22.343
22.343
22.343
26.572
23.572
22.566
22.343
21.457
20.457
22.343
21.457
26.572
22.343
22.343
22.457
23.572
21.457
23.572
26.572
22.343
22.343
22.343
26.572
22.343
20.457
22.343
20.457
22.343
20.457
22.343
22.343
22.343
21.457
26.572
23.572
22.572
20.457
22.457
22.343
22.343
22.343
22.343
26.572
22.343
22.343
22.343
22.343
21.457
20.457
26.572
22.343
22.457
22.343
22.343
20.457
22.343
22.343
22.457
22.343
24.697
22.457
22.572
21.566
20.56
20.457
21.457
22.343
22.343
22.343
21.457
26.572
22.457
21.457
20.457
22.457
22.343
23.572
20.457
22.343
23.577
22.343
22.343
26.572
22.343
21.457
26.572
22.457
22.457
22.343
22.343
21.457
20.457
22.343
22.343
22.343
22.457
20.457
22.343
26.572
22.457
22.343
22.343
