24.44
24.44
24.578
25.866
24.554
26.004
24.956
25.98
26.118
26.106
25.646
26.382
25.784
26.52
26.658
25.76
26.796
25.448
25.436
27.06
25.712
25.988
31.076
26.862
31.728
31.502
27.216
26.84
27.702
31.592
32.766
27.518
28.104
27.656
28.242
27.632
28.668
27.77
31.728
27.896
28.932
28.022
33.246
29.172
28.862
33.798
29
29.586
29.724
33.026
37.512
29.414
31.728
31.866
30.504
30.266
30.404
30.84
34.878
30.83
37.866
37.268
31.106
30.494
35.13
30.032
29.57
34.208
38.394
37.196
29.822
29.96
34.898
31.272
30.674
37.142
38.574
33.312
31.064
32.1
35.702
32.088
32.076
31.478
32.214
33.102
32.628
36.98
37.568
37.554
32.892
37.556
38.88
32.42
39.156
38.108
33.894
32.846
33.432
38.97
31.922
32.868
39.11
39.386
33.972
33.51
39.662
33.408
40.296
33.188
38.426
34.062
34.338
40.778
41.364
34.166
34.752
41.79
32.928
34.58
35.466
38.168
40.256
42.492
38.594
35.73
35.432
35.27
33.366
40.508
33.204
42.342
36.408
36.26
42.098
42.834
40.886
37.122
38.624
42.96
33.648
43.238
37.812
36.764
37.8
43.802
42.738
37.19
38.378
43.164
38.516
42.704
37.892
37.73
38.466
42.668
38.006
38.894
38.432
45.32
32.004
38.682
38.82
42.71
39.246
38.048
39.384
39.086
43.722
39.81
45.95
47.286
31.824
46.226
40.512
37.376
40.5
46.664
40.352
40.926
37.19
46.778
41.202
40.43
40.568
32.256
40.706
42.294
42.132
41.132
41.97
48.008
41.696
48.582
43.758
37.016
42.822
42.81
43.698
43.236
48.938
32.874
43.076
50.112
37.364
43.95
49.652
50.388
37.79
32.826
43.178
44.664
43.166
49.604
44.64
43.592
51.078
37.472
42.506
44.444
49.832
51.018
44.72
45.306
50.258
31.944
37.946
32.01
45.26
46.434
38.09
46.422
43.178
51.96
46.166
38.054
52.236
46.526
52.35
46.652
47.688
46.79
47.676
47.216
52.752
47.78
32.256
52.268
52.794
48.206
52.842
45.03
53.12
45.732
53.684
49.47
53.51
45.996
32.484
48.836
50.472
53.924
49.86
49.986
45.45
50.838
44.99
45.876
32.964
45.416
56.352
50.804
51.69
33.528
50.48
57.066
45.818
33.654
52.542
45.494
51.63
51.182
32.868
33.006
51.158
32.994
38.096
57.882
56.984
38.222
52.308
46.46
57.698
52.572
58.124
32.532
32.67
53
53.358
47.346
53.276
47.7
53.402
47.676
53.966
54.552
47.054
54.828
38.204
33.666
60.954
47.906
61.23
55.082
48.768
38.27
56.256
61.208
55.796
62.232
48.434
48.572
56.21
56.198
49.136
62.772
62.474
56.612
63.176
38.864
38.876
49.938
57.914
58.326
49.502
39.29
58.752
58.028
64.89
33.9
49.88
39.392
59.604
58.43
50.318
59.28
58.706
50.444
65.856
39.482
59.672
39.86
66.696
59.798
33.384
59.936
60.972
51.674
61.11
60.362
65.75
65.888
51.776
61.064
33.072
61.71
66.428
61.616
62.34
32.928
62.33
62.766
38.642
67.992
51.494
52.98
67.37
63.006
62.994
67.646
63.27
62.51
63.696
52.148
68.336
63.522
63.224
63.66
63.788
63.926
54
64.938
64.902
64.29
63.392
69.978
53.78
64.716
64.404
70.092
31.728
65.106
37.142
65.094
70.43
32.082
64.62
71.508
54.86
64.746
64.148
55.584
55.136
65.022
64.574
65.01
65
65.426
55.214
72.75
71.552
65.84
56.826
55.616
66.242
66.966
32.184
73.872
73.968
55.97
67.806
74.394
67.346
68.232
67.484
68.37
68.496
37.43
67.868
67.706
57.81
37.394
68.898
74.732
75.786
74.87
32.106
37.808
56.096
68.85
68.534
75.722
38.21
67.898
56.636
76.124
32.31
56.912
68.9
76.688
69.326
37.514
68.558
69.594
56.246
58.032
76.184
69.72
69.858
69.11
69.098
37.586
57.81
69.662
56.75
33.33
69.788
77.724
57.762
70.214
33.6
70.352
70.49
78.264
70.916
77.804
33.834
71.192
78.666
78.368
72.194
71.582
58.218
79.07
33.438
72.296
58.926
79.772
58.896
73.722
38.87
58.998
72.8
74.136
72.788
74.562
74.7
73.778
33.096
74.204
74.784
74.342
74.928
58.28
33.066
38.918
39.056
75.344
38.132
33.612
38.054
59.994
75.992
58.334
76.62
76.472
76.898
38.42
77.012
76.85
59.288
60.324
77.126
78.162
77.114
59.54
77.828
77.666
59.942
35.022
78.942
60.044
39.332
78.77
79.506
78.908
79.334
61.458
79.76
79.748
80.174
39.962
34.218
60.74
34.308
40.34
34.05
33.888
34.164
63.462
64.002
35.898
36.036
39.59
36.174
63.578
39.866
63.158
63.572
37.956
65.238
63.59
42.014
65.43
42.428
64.616
42.854
39.114
39.102
39.378
66.072
43.37
65.702
66.714
44.438
66.776
44.714
44.804
67.292
40.59
68.036
68.76
68.45
45.71
69.29
40.896
71.004
69.782
70.818
45.992
46.232
41.016
46.196
69.338
69.74
71.304
70.82
72.006
70.472
46.508
46.646
71.576
43.644
72.128
72.692
47.78
47.918
74.382
44.22
74.808
44.892
44.73
49.16
49.148
76.464
76.43
44.724
77.258
77.982
49.856
78.236
78.822
45.96
49.808
50.06
79.352
46.764
50.15
47.034
79.718
46.998
51.644
47.706
47.658
52.538
52.814
52.802
47.85
53.054
53.042
47.58
46.92
53.276
47.436
49.734
53.414
50.286
54.23
49.752
54.332
50.016
54.608
54.884
55.55
49.134
55.028
49.926
54.782
54.908
50.418
54.398
50.934
55.568
55.82
50.184
48.9
55.58
47.94
48.066
48.108
48.384
48.522
53.402
53.006
53.12
53.534
50.46
54.464
50.598
54.74
51.012
51.15
51.564
55.118
55.394
55.622
52.044
52.584
52.722
53.4
57.104
53.538
53.616
57.458
53.742
57.596
58.148
53.82
54.198
54.012
58.916
59.306
58.982
59.246
54.648
59.54
59.042
59.306
59.444
55.704
59.834
56.67
60.212
56.946
57.084
60.338
60.476
60.59
60.728
60.866
60.854
61.406
61.544
61.82
58.404
62.096
62.51
58.17
57.786
63.728
63.212
57.522
63.842
63.668
58.14
57.918
57.582
63.488
57.96
63.842
63.98
58.416
58.392
58.758
63.212
61.242
61.794
64.736
63.288
68.84
68.978
64.488
69.38
64.866
64.854
64.974
65.718
70.022
65.694
70.136
65.07
70.538
71.09
64.692
70.496
64.818
70.202
70.37
65.592
70.448
70.112
70.25
70.352
65.574
70.106
66.216
70.52
70.634
67.308
71.252
67.95
67.938
67.926
71.63
71.768
68.19
72.734
72.848
69.558
69.474
69.612
68.628
74.426
74.456
74.72
69.642
69.546
69.072
68.088
74.792
75.146
73.652
70.224
73.628
73.904
71.466
72.156
72.522
73.488
73.626
74.178
77.582
78.086
78.362
80.084
74.124
79.88
73.59
73.704
73.842
73.98
79.772
73.77
79.424
78.614
74.124
74.076
79.244
79.37
74.742
79.31
74.922
79.502
75.186
74.844
79.688
79.502
79.628
79.754
79.88
75.102
74.958
74.886
75.024
74.73
80.06
74.934
74.736
74.724
75.09
79.994
80.132
80
74.172
74.286
74.238
74.79
79.646
79.448
74.784
79.94
79.754
74.802
74.79
74.928
75.042
80.06
74.832
75.042
80.162
74.748
80.078
80.084
80.048
73.632
73.824
73.53
73.668
79.022
73.794
78.836
74.622
74.898
78.752
78.89
75.174
75.09
75.132
75.072
75.21
75.174
75.15
74.952
74.94
74.994
74.376
79.73
74.604
72.972
72.936
79.79
73.074
79.766
73.35
79.754
78.782
78.572
73.332
73.596
78.5
79.292
74.052
73.794
79.148
73.908
73.662
79.316
79.568
78.944
79.022
74.634
79.088
79.328
80.018
80.132
74.58
73.572
74.178
79.232
74.316
74.856
79.136
74.874
79.868
80.006
80.132
80.12
73.53
73.668
73.806
73.608
79.952
73.902
78.884
78.548
79.052
73.836
73.374
79.178
79.154
73.776
74.052
79.784
79.772
78.65
79.202
74.586
74.424
74.562
79.118
75.192
79.484
75.144
75.072
79.976
75.204
74.958
74.784
75.036
74.952
75.066
80.108
75.156
74.994
75.12
74.784
75.18
75.084
79.928
74.988
79.874
80.012
80.138
74.172
74.952
75.192
74.58
79.622
79.286
74.784
79.688
74.622
74.364
74.88
79.934
79.838
75.21
79.928
80.006
74.79
80.12
75.054
75.042
75.018
80.066
75.15
79.91
79.94
80.168
74.28
74.772
79.076
74.724
74.862
75.138
74.964
74.64
74.934
74.922
79.79
75.072
75.21
79.73
79.844
74.256
74.448
74.136
79.904
79.958
74.094
79.598
74.22
79.364
75.15
79.568
79.37
79.922
74.796
74.772
75.036
74.952
74.94
74.058
73.86
74.136
74.4
74.538
74.214
74.34
79.97
74.292
73.884
73.71
73.428
73.392
73.62
74.022
74.076
74.328
79.046
79.298
71.97
72.246
72.222
79.226
72.462
72.876
73.002
78.794
72.918
73.056
73.47
74.298
78.416
78.08
78.068
79.85
74.562
79.394
73.866
79.52
79.874
72.336
79.328
72.576
78.47
78.608
78.746
72.456
78.398
77.9
73.236
73.2
78.104
77.492
77.906
77.834
72.684
78.266
78.404
78.368
73.668
78.89
75.012
79.166
74.988
79.118
75.09
78.944
79.76
80.024
80.138
75.21
75.012
75.126
75.066
75.03
80.162
74.886
73.926
80.072
74.196
79.328
79.868
75.108
75.21
75.198
75.15
74.838
74.964
75.168
74.982
73.698
74.916
75.168
74.982
78.962
74.496
79.514
74.886
74.238
75.066
75.168
75.006
79.91
75.132
74.658
79.712
79.802
79.94
74.238
74.376
74.766
79.934
79.4
73.938
73.926
73.968
74.106
80.036
74.508
74.784
75.186
79.532
79.52
74.856
74.508
79.976
74.91
75.048
75
75.138
74.964
75.102
79.658
80.06
79.982
75.114
75.066
75.156
74.982
74.958
74.934
74.538
74.676
75.09
75.168
73.674
74.202
74.856
78.71
79.364
79.502
74.124
73.338
79.592
73.476
79.472
79.46
74.22
78.89
73.038
78.992
79.106
72.54
72.78
79.034
72.306
72.582
72.42
78.35
78.488
72.048
71.874
71.502
77.732
72.042
77.684
77.06
72.486
72.75
72.738
77.168
77.258
77.522
77.09
73.416
77.72
73.542
73.956
74.094
78.248
74.196
74.184
73.548
73.938
73.956
74.094
74.232
79.112
73.896
78.95
79.088
79.214
78.59
73.062
73.614
74.304
79.196
73.932
74.208
78.212
74.46
79.58
75.114
79.568
74.94
79.082
74.904
75.042
74.868
75.072
74.262
74.1
73.656
79.574
73.296
73.422
73.374
78.08
78.008
77.96
78.176
74.31
74.88
75.144
79.85
79.976
74.148
73.962
74.1
74.226
80.03
74.214
74.19
74.016
74.256
74.244
73.932
79.262
79.418
79.556
79.358
79.472
75.006
80.024
79.676
79.814
75.186
79.988
79.826
74.598
79.802
79.19
74.862
79.166
74.7
79.304
74.952
79.394
79.358
74.82
74.958
74.946
75.06
80.054
74.616
75.132
74.958
75.21
80.114
75.036
79.766
74.994
75.162
74.928
75.054
75.042
75.168
74.844
74.736
74.862
74.964
74.952
74.928
75.18
79.334
75.144
74.946
74.634
74.91
74.802
73.968
73.344
73.734
78.608
74.73
79.952
79.79
79.88
74.442
79.346
75.072
79.802
79.904
75.156
75.132
75.096
74.76
73.602
78.614
74.136
74.274
75.192
79.838
80.114
75.054
73.962
74.214
80.132
73.842
73.83
74.07
74.208
79.106
79.232
79.22
74.568
74.082
80.036
80.138
73.086
74.424
74.25
79.154
73.68
73.818
80.06
72.87
73.338
79.094
78.122
74.784
78.764
79.04
75.138
78.968
75.102
79.106
75.09
79.244
79.52
75.204
79.658
75.156
74.688
74.364
74.478
74.754
74.256
74.232
80.138
75.048
75.036
74.85
79.904
74.628
79.796
79.934
75.084
79.778
74.85
74.742
74.772
74.838
79.892
80.156
75.042
75.168
74.982
79.886
74.796
74.934
74.922
74.61
74.748
75.162
75.126
74.628
80.132
80.108
75.156
75.096
80.09
73.962
74.178
78.776
79.19
75.102
80.156
75.078
75.018
74.046
74.322
74.538
80.18
80.168
74.952
75.09
75.132
79.886
75.108
79.712
75.138
75.066
74.484
74.724
80.084
79.976
75.138
79.892
80.018
74.94
74.616
75.132
75.084
75.21
75.174
80.042
74.928
75.066
75.03
75.084
75.198
75.126
74.79
74.778
75.192
74.634
75.024
75.162
73.506
73.086
79.04
73.5
72.204
79.298
72.762
72.75
72.402
77.906
77.894
72.054
72.306
77.96
78.098
77.924
72.072
77.228
72.612
77.48
77.456
73.266
72.492
77.498
77.636
77.774
72.948
72.786
77.906
72.456
78.56
73.008
73.284
78.038
73.56
73.962
74.328
77.882
72.57
79.364
79.49
73.776
77.732
72.63
71.856
78.248
72.132
78.386
72.408
78.8
78.926
72.936
73.35
74.304
74.544
74.532
78.362
74.946
75.072
79.73
74.844
74.832
74.262
73.506
80.174
73.5
78.446
74.406
74.208
73.686
79.718
73.554
73.506
74.058
74.322
78.752
74.724
79.016
75
75.102
79.622
74.796
80.15
74.718
74.694
74.634
75.15
79.994
79.808
75.168
75.156
75.144
74.658
79.958
73.056
72.744
72.732
72.72
73.11
78.614
72.648
72.486
78.74
72.474
72.426
71.88
71.91
77.402
76.904
77.306
72.468
72.696
77.714
72.474
77.528
77.516
77.48
72.69
77.744
72.792
73.206
73.32
73.938
74.178
78.872
79.202
79.658
74.844
80.024
80
75.072
80.114
79.802
74.988
80.168
80.144
75.18
75.168
74.97
75.072
74.628
74.904
75.156
74.832
74.97
75.036
74.964
80.132
73.818
73.656
73.758
73.446
73.434
73.572
73.44
73.428
72.504
78.908
72.768
72.756
72.732
78.26
73.596
78.5
73.734
78.164
73.998
74.136
78.14
74.274
73.962
74.238
74.364
74.19
78.608
79.16
74.124
74.262
79.316
74.4
78.206
78.458
75.156
79.652
79.766
80.168
74.208
74.676
80.18
74.814
79.358
75.156
79.586
79.928
79.916
75.114
74.778
75.042
74.73
74.418
74.496
80.15
80.126
79.832
79.97
74.694
79.562
78.764
75.174
75.162
75.15
75.102
75.066
75.144
74.922
74.58
74.718
74.994
75.108
75.192
74.91
75.174
74.778
75.06
75.054
75.006
79.952
75.162
74.364
74.628
80.132
79.976
79.79
75.192
74.484
74.25
79.646
73.68
79.214
74.136
79.34
79.466
74.238
74.364
78.944
79.07
74.754
74.442
79.046
79.172
79.148
79.946
79.784
79.772
74.556
74.694
79.79
79.88
74.964
80.12
75.03
74.556
74.67
74.634
80.078
74.91
75.036
75
74.94
75.078
75.048
80.102
75.174
74.928
80.084
74.706
74.55
74.688
74.352
79.586
79.724
75.096
75.15
74.382
79.718
