25.728
25.976
25.236
26.308
26.076
26.692
26.86
26.412
27.121
26.508
26.364
26.7
26.961
27.604
30.952
27.78
32.377
32.004
28.956
32.196
29.124
29.724
29.292
32.292
32.436
32.82
36.072
33.636
36.5
36.521
33.612
36.449
36.857
31.852
33.905
38.38
31.812
38.748
37.34
38.108
38.036
33.321
35.628
33.489
32.636
37.137
32.892
33.153
34.401
36.801
34.449
36.609
34.017
40.137
43.065
37.473
40.353
33.681
37.281
39.849
36.057
37.737
34.305
38.193
40.364
35.094
34.542
41.55
34.968
35.598
35.016
38.286
41.252
38.334
41.982
36.51
35.688
35.478
37.92
40.806
42.894
42.305
37.062
36.473
41.55
42.641
39.918
39.846
39.257
42.054
36.537
40.542
36.27
41.238
40.281
38.406
44.225
35.414
40.073
40.742
39.881
39.47
38.4
43.718
36.768
37.657
39.745
39.76
37.185
41.728
47.729
35.776
40.697
41.961
41.529
47.873
36.177
41.985
36.513
40.697
45.681
40.865
39.222
47.873
40.95
40.681
36.918
42.289
39.606
43.134
39.462
43.302
39.363
36.39
40.011
40.998
39.099
40.326
43.134
49.841
36.345
41.313
41.345
44.033
41.369
40.937
44.088
48.665
41.832
44.873
45.36
48.641
36.558
41.849
52.337
41.828
42.305
48.702
49.433
36.39
42.281
49.158
42.329
42.366
48.857
41.705
49.073
42.761
42.092
49.289
36.86
42.737
47.108
49.385
46.529
49.553
46.457
42.961
46.505
41.089
37.313
43.297
46.961
42.025
50.233
50.414
40.862
47.406
43.707
44.694
42.222
51.63
41.894
47.958
50.702
48.006
44.75
48.174
41.918
51.206
37.95
55.716
48.678
47.844
42.086
41.412
42.254
45.3
49.502
46.19
41.664
53.318
42.792
49.646
52.2
49.454
43.128
49.502
42.936
53.27
48.744
43.598
52.992
47.366
42.24
38.654
47.822
47.331
50.451
43.179
43.347
38.472
42.915
53.52
50.928
50.483
43.811
48.667
48.387
49.411
54.419
38.779
51.667
52.08
54.899
43.88
55.208
48.939
39.056
55.467
55.635
51.571
58.563
44.299
49.371
53.467
50.475
39.723
44.051
55.859
44.272
56.451
43.856
52.659
39.555
59.6
39.891
60.056
44.379
50.787
52.968
56.955
55.563
55.731
58.355
54.192
44.363
60.899
54.592
51.827
59.315
52.528
44.216
52.696
55.264
43.996
51.964
52.72
59.812
55.648
59.98
53.176
60.011
55.864
56.032
60.467
41.68
53.112
56.368
53.28
58.936
46.024
53.756
56.992
60.644
54.6
42.408
60.563
46.896
60.611
46.139
46.452
60.587
57.42
45.995
41.872
46.043
55.6
54.851
55.648
47.099
42.256
61.307
60.904
55.475
60.912
57.923
58.56
46.931
58.728
46.379
56.507
61.464
64.475
58.523
58.771
47.104
62.539
43.672
62.587
47.2
47.035
62.128
47.203
58.096
63.224
43.968
57.872
60.096
47.664
63.528
58.752
47.136
60.72
59.544
63.408
47.592
59.376
47.664
59.472
61.552
48.36
48.408
59.344
60.216
62.104
67.088
44.752
59.336
60.28
48.584
62.848
49.232
45.136
49.04
50.344
49.688
60.416
66.344
61.952
68.72
49.932
66.128
61.788
64.716
49.872
50.484
62.16
49.728
44.876
49.704
62.952
64.94
62.108
66.476
62.444
63.572
66.812
68.18
62.9
68.348
65.828
50.636
50.496
50.544
62.556
64.752
66.816
49.64
62.648
66.884
69.388
50.372
50.089
68.78
65.636
45.028
67.276
49.36
64.324
50.356
68.928
64.024
70.552
67.496
49.288
50.984
50.896
72.784
67.508
49.672
71.92
49.648
70.44
50.776
68.808
73.384
48.712
66.248
46.016
72.028
69.104
69.032
49.928
45.552
64.948
69.84
65.116
66.648
50.644
65.817
65.212
65.14
73.708
70.4
73.156
45.968
65.644
73.736
50.452
66.345
65.74
71.073
51.148
70.396
46.208
74.044
74.212
66.34
52.108
46.524
76.996
71.652
50.524
51.292
67.425
77.62
51.268
72.321
50.356
47.409
75.724
75.777
67.252
68.745
51.94
67.708
76.396
67.804
51.417
76.732
76.54
71.537
76.624
74.105
76.313
76.724
72.161
68.969
51.008
52.148
77.276
69.129
74.084
69.297
52.772
47.505
80.9
73.233
73.281
52.796
72.833
50.924
53.132
51.808
70.46
70.816
52.988
78.664
81.236
52.632
70.529
48.556
51.617
52.684
76.012
73.9
77.257
53.068
81.865
74.236
71.113
52.801
76.489
72.369
71.737
71.545
78.553
75.472
75.52
77.153
53.081
77.7
72.945
77.928
53.553
78.936
73.104
54.009
77.472
73.977
73.32
79.848
79.118
76.865
54.713
73.721
77.201
54.809
77.897
54.905
85.433
78.521
75.177
55.649
75.377
81.425
75.593
86.681
75.929
56.177
78.857
80.105
78.905
82.553
76.721
87.929
77.177
55.953
83.105
51.321
83.273
81.369
77.801
51.657
88.049
80.385
56.537
81.513
78.425
52.401
81.593
85.089
57.521
81.297
89.249
56.718
84.337
81.486
56.305
79.254
78.673
52.302
55.921
57.15
78.649
85.878
78.817
82.566
55.945
82.254
81.086
57.134
85.022
79.905
81.47
79.881
56.769
56.457
83.625
83.793
53.001
56.809
84.209
82.897
83.657
83.065
83.825
57.073
83.753
81.761
87.086
81.904
83.92
57.656
56.968
57.704
87.817
85.232
83.24
85.228
82.601
58.472
85.64
83.528
83.105
86.096
58.553
58.537
56.398
92.326
57.441
84.334
87.489
90.142
85.017
56.71
84.358
86.793
57.046
84.694
84.502
90.19
88.001
87.809
90.497
93.121
85.585
58.513
85.921
85.097
53.809
57.425
86.137
89.665
85.721
54.313
92.369
91.441
57.497
90.289
88.505
54.217
94.793
88.945
93.281
91.993
86.969
59.041
87.017
91.009
57.905
59.017
89.393
53.545
94.121
88.513
91.094
88.009
92.342
58.537
53.99
88.465
95.713
53.8
87.601
92.968
89.296
87.497
91.624
58.745
60.112
89.273
60.16
92.128
89.176
59.296
89.409
88.864
89.577
58.072
59.265
88.72
91.233
57.928
57.976
58.752
97.8
88.968
93.785
90.713
94.001
98.712
60.089
88.817
60.017
59.825
56.225
89.153
92.873
92.081
60.281
90.689
59.88
95.777
97.728
93.785
94.793
89.729
56.894
98.417
61.142
61.31
60.113
94.478
94.241
96.926
98.942
94.785
100.55
61.593
97.401
61.009
94.553
95.257
92.321
91.825
60.793
92.433
61.761
61.409
62.073
96.041
100.009
97.769
61.657
96.257
101.905
94.385
93.313
98.393
100.561
96.521
100.788
94.289
61.216
98.43
94.264
62.24
97.208
62.576
103.225
62.96
94.745
95.98
99.353
96.148
62.864
59.116
99.472
96.004
95.68
98.332
99.808
100.9
62.176
98.788
101.584
98.716
96.244
59.664
62.465
99.432
101.993
63.641
63.689
97.656
106.153
100.464
97.36
63.449
103.217
64.28
64.046
98.649
60.768
99.096
64.993
98.918
61.152
98.846
102.734
100.008
65.616
61.824
99.425
61.992
65.633
64.961
100.097
66.065
62.345
66.161
65.96
99.593
65.534
62.609
100.43
104.558
66.206
62.568
101.222
66.088
67.544
67.336
105.617
66.52
67.729
64.592
68.312
104.897
68.74
65.068
69.025
106.072
69.344
68.616
69.848
64.416
70.281
64.929
70.184
69.296
69.656
69.344
69.272
69.488
69.944
65.312
65.452
70.208
70.208
70.424
70.612
69.352
67.08
70.184
70.808
69.88
66.536
70.384
71
70.552
71.336
70.888
65.984
71.224
65.756
72.68
71.648
70.136
67.32
70.216
71.104
67.56
71.644
70.384
71.272
67.932
70.936
71.72
68.432
71.656
72.44
72.56
68.208
72.68
68.352
68.4
73.4
73.324
73.736
73.832
68.784
68.88
74.072
68.88
68.184
72.808
73.144
67.416
74.264
66.984
67.32
73.952
74.432
67.368
71.752
72.608
72.656
72.824
71.556
73.156
73.044
72.372
72.18
71.868
72.488
67.632
71.728
72.632
72.56
72.776
72.064
67.944
68.112
72.132
73.304
73.28
73.108
73.112
73.568
73.616
69.24
69.24
73.664
69.432
74.216
73.336
74.672
73.384
74.392
70.2
73.96
75.208
75.296
71.856
74.32
75.568
72.168
72.504
75.656
72.528
76.296
76.16
76.464
76.376
76.724
76.772
76.976
77.48
76.744
73.296
73.632
73.872
78.48
78.224
74.088
74.4
77.752
73.704
79.592
79.616
79.264
75.168
80.024
79.232
74.712
74.688
79.312
80.2
80.264
74.976
74.952
79.456
78.952
80.816
79.144
74.112
80.12
74.784
80.288
80.36
79.072
80.096
80.456
80.144
78.992
78.92
79.688
75.792
78.736
78.88
79.904
81.008
81.224
76.608
81.416
81.584
81.512
77.88
81.344
78.528
81.512
81.2
81.368
78.336
82.952
82.64
83.408
83.624
79.992
80.496
82.792
81
84.416
84.512
84.728
85.064
85.54
85.952
80.948
81.164
85.168
81.248
85
86.368
81.408
85.832
81.788
86
85.976
86.096
86.284
85.632
86.576
85.768
86.776
82.44
86.86
83.112
87.56
87.44
87.684
83.184
88.272
87.536
87.84
87.232
86.992
83.952
89.04
88.112
88.756
88.144
89.288
89.096
85.336
85.224
88.528
89.384
89.984
89.104
86.424
91.076
90.136
86.376
90.352
91.344
90.208
87.144
91.376
91.544
87.02
92.168
87.552
91.664
92.16
91.712
91
91.048
87.84
92.216
87.816
92.288
93.272
92.96
92.128
93.016
92.584
86.352
86.16
89.632
89.8
90.896
87.576
87.868
91.636
88.128
90.592
91.024
91.792
92.264
92.36
88.152
88.656
93.056
92.912
93.392
93.464
93.272
89.588
89.276
94.004
89.616
94.064
93.256
94.424
94.616
94.736
94.856
94.976
93.784
95.12
94.792
94.12
95.216
95.408
95.216
95.6
94.784
94.832
94.952
94.36
94.528
95.384
95.416
94.384
91.152
91.536
95.648
95.696
94.904
96.152
95.464
96.32
96.248
96.392
96.608
92.52
95.888
97.248
92.832
97.64
96.592
97.856
98.024
92.664
97.992
98.04
97.888
98.056
98.044
98.288
93.144
98.648
99.072
98.816
97.264
98.408
98.336
93.176
93.456
97.168
98.624
98.528
98.128
98.864
95.616
96.008
99.92
100.184
100.232
99.472
100.592
99.952
101.02
101.188
100.368
101.2
100.288
96.816
100.72
96.888
102.056
97.08
102.224
101.752
100.72
100.768
97.248
101.152
97.692
102.32
102.224
101.512
97.392
97.728
102.76
97.392
97.56
97.416
103.04
102.896
101.984
102.112
97.68
102.632
98.304
98.208
101.992
101.8
98.28
97.968
102.064
98.016
97.152
103.232
97.416
101.032
97.632
103.076
103.016
102.344
98.688
103.472
103.16
103.424
103.352
102.808
100.32
104.024
103.232
100.344
100.824
104.912
104.56
104.704
105.776
105.28
105.448
106.096
100.848
105.288
100.872
105.336
101.088
105.28
