25.728
25.962
25.06
26.172
25.834
26.503
26.658
26.143
26.905
26.186
25.962
26.271
26.518
27.228
30.882
27.311
32.361
31.908
28.394
31.967
28.548
29.188
28.703
32.01
28.9
36.016
29.54
36.418
36.398
36.286
37.711
36.708
34.85
30.596
36.037
38.639
37.57
34.815
37.74
34.695
35.012
36.316
37.692
32.213
33.18
38.901
33.202
34.001
35.623
36.022
38.444
36.043
33.266
32.257
40.207
43.478
37.366
39.654
36.938
32.476
40.959
33.433
37.148
37.721
33.073
33.702
36.428
38.123
41.345
34.299
40.322
38.721
34.67
39.358
37.944
38.446
34.365
35.401
42.622
38.541
35.444
34.696
40.665
38.984
35.886
39.005
35.908
43.396
36.217
39.469
35.972
40.126
39.778
43.828
36.649
40.242
40.004
36.425
47.218
43.38
37.906
35.268
40.328
39.022
38.216
36.11
40.532
41.886
39.651
40.841
35.673
34.596
45.922
36.75
34.638
36.926
40.12
40.368
37.291
45.856
45.713
40.41
36.032
40.04
40.853
37.394
46.216
48.362
41.304
39.05
41.325
36.804
40.692
37.623
45.647
37.235
39.79
38.347
49.599
40.102
40.02
40.268
42.168
46.156
39.51
40.998
43.686
40.504
47.174
39.196
34.398
41.35
40.701
44.572
47.522
40.86
40.214
34.261
46.902
48.149
46.924
41.637
40.545
45.362
47.366
41.117
40.188
43.364
47.409
41.252
40.497
43.807
41.398
33.962
41.02
43.716
40.908
43.871
52.662
46.826
41.084
48.438
39.709
40.993
34.797
48.881
39.982
53.337
48.958
41.923
35.411
38.336
45.832
39.69
45.72
41.445
40.275
54.4
42.696
40.421
46.184
41.909
35.485
54.73
35.64
39.152
40.328
42.506
35.816
39.194
46.386
39.882
43.34
49.637
46.828
39.258
55.413
47.709
50.368
40.237
43.456
40.944
47.077
50.832
44.565
39.253
48.104
47.963
47.717
35.739
52.027
48.448
51.517
35.669
46.091
51.693
48.512
41.467
56.762
36.288
46.709
52.004
42.064
50.085
36.107
45.088
53.195
57.109
40.653
52.808
49.792
40.829
46.531
50.499
49.587
47.208
35.629
57.357
46.464
54.362
41.184
53.709
51.738
49.234
46.96
35.648
54.44
52.202
57.928
41.424
46.616
36.378
40.904
52.533
40.125
58.947
40.115
58.669
51.429
51.224
51.584
55.912
51.842
48.6
48.93
55.968
40.162
48.757
47.65
51.978
49.2
56.781
37.488
52.003
37.509
52.597
49.037
52.709
57.458
41.664
57.002
37.818
60.09
50.32
52.378
53.808
57.466
42.362
40.954
42.25
57.242
54.272
50.064
38.16
54.581
41.938
57.16
54.226
53.714
54.781
50.802
53.869
60.69
53.89
37.429
54.466
54.405
43.154
51.842
37.986
58.397
52.407
52.562
41.565
43.186
55.48
58.808
62.296
38.421
43.418
56.042
55.439
42.597
39.152
53.46
56.773
42.948
54.261
42.17
56.949
43.391
42.86
53.812
42.367
56.914
42.522
57.602
63.476
39.49
54.298
39.424
42.986
57.258
54.074
64.095
63.85
44.119
43.871
58.14
54.959
61.064
57.743
55.485
44.306
58.207
55.559
44.628
64.913
59.583
44.535
39.737
62.023
45.359
62.177
57.38
59.535
65.624
45.515
57.003
55.924
59.584
44.479
62.16
59.381
44.64
63.594
44.949
56.855
59.54
61.01
64.151
45.164
44.572
39.586
60.94
39.895
57.141
63.62
45.162
57.775
39.396
64.567
39.418
44.055
62.052
57.41
44.74
44.098
65.162
43.29
62.516
44.645
58.804
58.266
62.692
65.621
62.847
43.909
65.135
68.197
59.285
63.529
68.952
62.516
59.506
66.159
64.314
59.676
44.612
59.431
39.433
67.052
61.055
43.473
44.809
70.561
64.297
42.675
61.519
58.83
67.54
43.918
64.228
59.006
67.983
59.161
38.815
44.382
67.737
64.817
67.758
67.779
60.089
58.867
59.844
64.622
69.465
59.31
39.22
44.131
60.521
68.819
60.543
44.332
42.754
44.619
65.708
64.385
72.53
61.207
43.218
64.828
61.106
43.258
44.213
62.009
39.764
39.489
70.26
39.07
44.015
61.849
62.004
71.279
61.167
44.521
43.343
69.023
71.444
61.723
44.799
74.945
66.42
39.775
75.183
66.729
44.537
44.884
70.559
72.372
75.78
63.327
69.135
66.752
42.889
45.04
45.311
66.794
39.349
75.64
70.061
43.416
44.276
69.321
40.031
44.452
40.473
64.854
43.408
64.156
63.911
44.786
64.065
68.141
41.229
64.508
44.663
72.017
64.972
71.908
72.327
71.951
71.703
69.502
78.713
72.548
65.9
66.703
72.681
66.302
72.99
73.145
66.899
72.676
46.654
41.897
73.742
46.452
73.897
76.844
67.651
67.539
72.627
80.649
47.337
73.225
75.246
68.734
48.355
75.977
69.22
82.398
72.012
69.619
74.3
76.707
72.455
76.329
42.209
70.083
49.038
41.61
70.526
41.632
77.081
72.853
75.502
47.298
77.123
42.213
71.545
73.7
71.699
75.322
77.934
42.41
83.955
73.764
48.91
41.786
78.398
41.807
72.553
78.707
47.759
48.729
71.78
72.483
72.238
47.368
48.793
72.189
76.681
79.235
71.832
72.47
47.824
75.474
83.362
80.029
72.45
46.069
76.472
48.306
73.128
76.349
76.231
76.633
84.252
73.988
77.076
73.761
46.849
80.823
80.204
73.713
77.335
74.959
48.54
80.705
47.301
48.644
74.789
81.408
81.14
48.896
75.984
78.805
48.029
74.984
48.717
45.805
78.472
85.693
79.431
75.448
76.652
47.202
82.69
46.312
78.007
82.561
46.989
79.944
82.505
76.978
80.466
47.341
80.621
83.976
45.648
77.197
83.802
83.485
76.89
77.506
87.578
81.394
77.175
81.549
45.996
80.417
78.02
46.305
81.241
47.26
81.263
85.548
43.551
78.369
84.905
88.524
85.06
81.212
82.241
79.729
46.455
42.15
82.171
78.897
80.193
47.052
48.214
47.3
80.235
85.457
80.678
47.993
79.081
78.969
83.049
81.391
48.671
47.812
80.159
79.7
47.455
43.015
86.985
43.116
46.644
83.375
84.863
87.337
81.284
46.825
48.905
47.513
81.686
83.668
84.641
47.556
47.996
90.911
43.895
47.465
84.849
48.287
80.737
47.775
44.092
88.996
49.017
80.523
84.639
92.793
80.699
48.815
85.254
80.783
87.953
80.804
90.159
80.713
48.847
85.268
81.401
86.356
48.369
81.711
81.323
89.961
89.079
81.583
87.151
85.305
81.591
83.06
49.212
89.748
48.7
87.769
49.655
82.724
82.476
90.897
49.145
49.721
90.899
45.209
83.723
93.572
50.412
90.415
84.321
89.103
84.475
48.724
50.497
90.479
84.918
84.633
49.321
49.209
90.964
49.652
85.007
84.895
84.863
85.622
93.643
95.359
91.593
85.535
94.148
95.957
88.969
85.978
92.191
92.133
91.812
86.154
94.633
92.121
46.943
50.194
90.031
50.852
92.66
47.14
86.815
51.028
98.036
50.916
87.257
90.537
50.479
87.737
96.377
51.134
94.07
88.489
51.98
51.598
89.467
93.486
88.841
88.995
47.467
51.55
52.954
94.105
47.909
93.993
48.064
100.681
92.752
94.302
98.066
100.99
93.154
52.425
93.237
101.513
52.734
90.39
51.822
52.584
98.22
48.379
52.023
90.133
96.844
53.088
94.576
90.864
91.018
52.261
95.706
103.082
96.041
95.129
90.481
49.151
54.185
103.704
95.673
91.192
53.961
91.233
54.116
53.255
95.604
95.225
52.709
97.38
97.535
50.089
103.954
53.843
95.464
93.618
93.447
93.849
93.601
100.156
94.292
96.18
54.468
53.687
54.564
96.911
51.199
100.153
97.508
95.127
100.596
105.948
96.217
100.369
51.972
100.391
99.879
49.748
54.833
49.74
54.855
55.761
100.532
100.153
49.938
55.241
101.263
96.866
96.217
96.488
100.639
50.556
95.993
100.425
99.335
97.087
102.423
100.997
97.685
100.129
98.369
103.54
100.628
98.679
50.034
55.337
99.121
54.159
98.969
55.402
98.476
56.098
99.742
101.74
55.306
53.994
100.649
54.205
53.712
103.2
55.091
100.327
51.109
54.258
51.461
101.5
55.103
101.943
55.7
55.284
55.439
55.786
55.624
55.512
50.096
103
106.221
56.539
55.976
50.693
50.336
104.305
55.613
55.501
104.208
54.968
54.941
55.343
103.361
54.915
54.05
51.746
55.976
51.647
56.173
56.195
51.804
56.349
56.801
105.221
51.356
56.842
105.53
56.333
51.287
51.309
55.994
57.215
56.037
56.973
57.127
51.291
51.506
55.506
49.655
49.676
56.536
55.757
56.979
49.628
48.983
56.611
56.653
48.541
49.056
56.144
48.667
54.74
48.773
54.854
53.504
54.328
54.771
54.035
54.477
49.165
54.333
53.019
53.907
54.083
53.211
54.477
54.179
54.2
52.827
48.869
53.912
49.509
52.885
53.04
53.195
49.328
54.216
49.077
54.931
49.752
54.701
54.765
54.842
49.877
54.627
53.733
50.885
55.043
53.893
55.384
51.539
55.491
55.378
51.779
55.533
55.955
56.131
55.349
56.304
56.792
56.813
57.032
56.048
57.139
57.224
52.907
52.928
56.693
57.592
57.539
57.16
52.987
57.8
57.955
58.264
53.352
56.304
58.307
57.325
52.464
52.539
52.693
58.451
58.472
58.776
58.445
56.917
58.141
57.763
51.363
57.891
57.645
56.578
58.181
57.933
52.602
57.821
57.978
56.037
53.066
56.995
57.149
56.165
57.011
57.144
57.269
58.301
58.115
58.557
58.653
56.891
58.333
58.376
58.685
58.819
58.325
58.656
58.811
59.632
59.789
56.027
60.581
56.336
59.088
59.776
59.931
59.499
59.789
60.16
60.963
55.942
61.779
56.096
56.118
62.376
60.795
56.264
56.419
56.666
61.816
56.533
61.325
61.48
60.32
57.072
61.627
61.56
56.8
61.738
60.853
62.077
61.029
62.008
56.923
62.811
61.6
62.243
61.464
62.027
62.182
62.792
57.99
58.032
62.366
62.696
58.315
62.739
63.134
63.544
63.096
63.736
59.275
59.227
64.152
64.174
59.64
59.568
64.414
64.323
64.654
59.76
63.67
59.915
64.891
64.134
59.755
64.979
65.166
65.187
64.718
65.027
60.475
60.23
65.851
65.443
65.816
64.845
65.992
65.978
64.608
65.699
57.894
61.659
57.958
61.814
62.856
63.496
63.427
62.267
62.598
62.907
63.728
63.371
63.526
63.856
59.099
63.376
63.152
59.782
64.87
60.224
64.926
64.469
64.856
63.851
59.792
64.696
65.155
64.262
65.598
64.416
65.638
65.395
65.438
65.326
65.512
65.534
59.934
60.027
66.048
64.496
59.712
66.134
63.456
65.747
63.902
63.963
64.899
60.427
65.448
60.747
65.435
60.923
60.774
65.862
66.016
65.63
65.539
64.779
61.254
66.179
66.088
61.443
66.478
65.856
66.678
65.632
66.854
66.52
61.104
66.472
66.648
66.003
66.824
67.022
66.376
61.158
67.262
67.509
65.611
66.835
66.723
65.248
62.035
66.691
62.518
65.174
65.35
62.624
62.779
66.8
66.792
66.835
63.245
63.4
63.288
62.971
67.784
67.222
67.91
67.264
68.378
68.096
63.462
68.918
68.539
69.227
63.533
67.467
69.646
67.934
68.488
68.974
69.107
69.059
69.123
69.264
63.819
68.83
69.707
68.07
67.91
69.134
68.574
68.728
67.55
69.171
67.784
67.344
66.832
62.864
62.816
67.072
67.227
63.008
62.667
62.688
67.907
62.576
68.062
67.992
68.014
68.456
68.499
61.259
68.445
68.333
65.286
66.131
61.776
61.974
65.963
61.504
66.584
66.76
65.888
61.787
67.275
66.579
67.43
66.734
66.23
66.92
67.635
63.078
67.203
63.142
67.04
67.862
67.886
63.136
67.435
67.478
63.643
68.566
63.264
67.275
67.942
69.075
67.734
67.888
67.574
62.672
67.659
62.646
62.801
68.856
69.032
68.03
68.291
68.424
63.851
63.606
68.398
68.299
69.523
68.075
69.297
64.435
68.049
64.747
68.662
70.017
64.891
69.979
69.067
64.822
70.333
65.174
70.529
70.542
69.27
70.361
69.307
69.393
70.217
69.766
70.587
70.742
65.974
70.23
69.985
69.627
70.873
66.23
70.867
71.31
71.198
70.593
71.529
65.91
70.987
72.19
70.363
72.121
66.257
71.849
71.07
71.091
71.422
70.377
71.445
71.283
66.955
71.502
71.523
71.145
71.197
66.817
71.219
66.305
72.043
71.446
66.771
72.67
66.673
72.553
72.729
72.217
71.923
71.945
70.939
67.723
70.801
72.025
72.158
71.265
72.048
66.939
71.659
72.617
72.883
72.166
73.121
71.675
73.145
66.499
71.718
72.985
70.912
71.849
67.185
70.529
72.417
72.038
71.126
72.214
66.646
66.577
71.633
72.302
72.321
72.704
70.891
71.046
66.545
67.299
72.613
71.95
67.089
72.014
72.035
67.369
72.457
72.078
71.185
71.339
67.505
71.291
72.222
72.755
68.625
72.883
72.638
72.393
69.131
73.419
73.411
72.633
73.651
73.765
68.523
73.982
74.355
74.51
68.87
68.969
72.721
74.078
73.875
74.206
73.961
74.115
74.291
69.297
72.753
69.451
74.179
73.136
73.291
73.446
74.147
68.998
74.169
73.894
68.993
69.014
74.537
74.67
73.625
68.691
68.897
74.889
73.195
69.227
72.971
74.238
73.457
73.158
72.987
69.483
69.857
69.745
74.579
74.694
70.251
74.862
74.75
70.638
75.102
75.545
74.23
70.899
74.385
70.966
75.787
75.057
75.913
76.089
74.929
70.561
76.105
76.59
74.475
76.478
74.785
74.694
71.963
74.907
71.873
71.894
76.849
72.337
71.355
76.702
77.033
77.054
71.857
77.534
76.041
76.195
72.401
76.526
76.187
77.278
76.262
77.385
77.483
76.705
77.526
77.315
76.881
72.609
77.963
72.694
77.782
77.937
77.641
77.662
76.369
72.043
72.086
77.051
77.854
77.206
77.137
77.158
78.115
78.334
77.585
73.483
77.446
78.803
77.225
72.955
77.977
73.094
73.713
78.934
73.489
78.336
77.424
72.929
78.246
78.201
78.265
78.515
73.769
77.686
77.708
78.91
79.086
73.201
78.054
79.145
79.497
79.652
78.916
79.246
77.217
78.484
78.26
78.702
77.164
73.062
79.084
73.238
78.297
77.292
73.276
77.934
78.068
78.265
78.532
78.42
78.667
78.372
78.494
78.457
78.233
77.721
78.676
73.036
72.678
72.926
76.956
72.947
73.102
77.132
78.398
78.02
73.137
77.241
78.217
72.444
78.414
71.884
78.361
76.689
78.734
70.806
71.004
77.508
77.825
70.739
75.748
75.236
76.19
75.073
70.726
70.545
76.446
75.084
70.716
76.172
71.068
74.945
70.753
76.508
71.276
75.609
76.009
75.918
70.566
76.468
76.377
70.961
76.036
75.03
75.052
76.558
70.769
75.58
76.489
76.644
76.553
75.393
76.484
76.66
75.721
74.737
75.961
75.87
69.942
75.556
75.71
75.353
74.708
74.196
75.595
75.75
74.076
70.63
75.318
74.934
70.209
76.201
74.774
74.95
74.94
74.982
76.382
75.092
75.758
71.113
71.134
76.137
76.27
76.334
76.932
71.404
71.425
71.889
76.681
76.702
72.036
75.924
75.873
76.494
72.876
73.03
77.662
76.748
78.057
74.129
78.684
74.438
77.628
74.46
78.481
78.473
78.649
78.27
78.958
79.134
79.289
78.262
78.593
73.958
74.156
78.883
80.036
73.75
79.721
79.876
78.849
74.166
79.94
79.161
78.289
80.158
78.62
75.137
74.822
79.27
74.977
78.758
79.579
79.116
80.206
80.244
79.617
79.793
80.729
80.614
79.99
80.948
80.788
81.188
76.276
80.964
80.606
79.825
76.385
81.022
80.705
81.529
77.201
80.745
80.9
81.364
76.924
76.854
76.742
81.398
82.486
81.441
77.094
82.084
82.238
82.878
81.228
82.052
77.212
82.734
82.377
78.049
82.574
77.673
83.038
82.281
82.324
82.654
77.526
82.985
83.006
82.113
83.334
77.676
83.564
77.74
82.953
77.67
82.793
78.065
77.975
82.612
83.062
82.654
82.809
82.718
82.804
82.553
83.439
83.593
83.729
83.995
83.143
83.988
79.793
83.58
84.935
84.689
80.631
83.596
84.897
85.108
83.927
85.263
80.705
84.766
86.06
85.823
80.961
85.599
86.449
85.105
86.196
85.148
85.303
86.372
81.537
86.943
81.815
85.137
85.292
86.361
85.447
82.764
86.777
83.404
86.996
87.151
87.503
87.545
86.897
87.719
83.905
84.067
88.228
88.671
88.825
88.799
89.108
89.241
89.172
88.51
89.489
90.425
90.756
86.561
90.983
91.137
90.06
90.033
85.02
85.196
90.652
84.951
90.673
91.625
91.785
85.591
92.292
85.38
91.465
91.62
84.071
89.548
90.703
83.26
89.979
90.747
90.902
83.457
90.249
88.763
90.785
83.319
88.932
88.393
82.713
82.734
89.289
82.91
89.055
89.364
87.649
89.14
88.761
87.449
82.721
82.54
82.428
87.084
87.905
87.127
86.707
81.868
86.862
86.519
87.673
82.988
83.265
87.465
87.929
88.084
86.636
88.1
87.319
83.188
88.543
88.697
87.783
88.425
87.308
84.273
87.527
88.615
87.969
88.772
88.188
89.3
89.673
85.695
90.116
88.535
89.871
90.025
85.473
89.255
89.865
85.137
90.492
90.697
89.836
90.793
85.244
85.769
85.558
90.719
90.852
90.607
90.937
89.492
90.447
90.623
90.665
91.151
85.265
88.913
89.089
90.044
90.356
90.244
89.671
90.687
90.492
86.412
89.335
86.588
89.182
91.07
86.689
91.135
89.884
86.647
90.721
91.657
87.556
90.695
91.807
90.913
90.823
86.497
86.652
86.961
92.42
92.596
93.286
86.999
91.388
92.345
91.567
92.788
87.036
92.271
91.359
92.713
91.804
87.292
91.169
86.887
92.388
92.655
91.649
91.425
91.377
87.564
87.207
91.329
86.716
92.553
93.004
86.492
91.633
92.703
86.375
92.479
92.788
92.804
90.311
91.225
90.684
91.796
91.015
91.036
90.791
90.967
91.945
86.705
92.516
91.935
86.807
86.961
91.999
92.02
91.148
90.924
92.527
87.553
92.233
91.876
91.404
91.601
87.698
91.223
87.852
87.874
92.377
92.687
92.863
92.217
93.322
93.343
93.119
93.161
93.409
87.777
91.378
92.999
91.42
93.29
93.042
88.244
88.263
92.73
91.951
92.794
93.06
93.124
93.034
93.231
88.452
88.391
93.583
88.434
93.727
93.86
94.17
92.572
88.402
93.482
93.708
93.919
94.004
93.57
90.119
94.007
94.308
94.639
94.146
95.082
95.236
95.546
94.498
94.716
91.95
95.85
95.759
92.343
95.247
96.223
96.378
93.066
92.892
96.78
96.639
93.532
97.103
97.084
96.94
93.548
97.294
98.511
97.484
97.639
93.938
98.863
97.815
99.082
99.167
99.476
99.919
99.828
99.338
98.868
99.002
95.474
99.332
99.487
99.642
99.796
99.225
95.511
100.058
95.842
100.564
99.916
100.092
100.114
100.868
100.644
100.082
101.303
101.05
101.226
101.076
98.828
100.074
99.914
99.135
100.244
99.887
95.047
100.282
99.524
99.588
100.228
99.378
100.466
99.554
99.708
99.479
100.415
100.17
100.57
95.463
95.484
100.972
100.676
95.927
99.559
100.914
101.068
100.511
99.825
100.124
101.238
100.193
99.074
99.932
100.087
100.908
99.996
100.391
100.604
94.775
101.292
94.53
101.446
101.423
94.687
101.028
94.167
100.404
99.556
99.887
100.02
99.036
99.727
99.722
99.343
99.252
94.924
100.111
100.02
100.196
99.818
100.22
100.036
99.543
100.346
100.655
100.028
96.215
96.37
100.226
101.423
101.658
95.516
95.692
100.434
96.332
96.53
96.839
99.495
100.412
97.058
100.938
101.775
97.351
101.362
101.735
101.89
101.871
101.759
102.484
101.058
100.722
101.207
101.362
102.05
101.671
98.236
101.714
102.066
99.095
99.447
99.236
103.124
99.745
103.58
99.634
103.511
104.554
103.642
104.713
99.644
104.068
104.991
103.964
104.986
105.14
100.716
104.834
100.466
105.524
99.794
105.94
99.5
104.823
104.375
104.13
100.028
105.751
100.247
103.81
103.986
100.637
100.967
105.492
104.871
105.551
105.079
105.671
106.263
